0.340983
0.541296
0.662
0.662
0.662
0.493578
0.408194
0.298446
0.662
0.662
0.279936
0.662
0.265586
0.157239
0.315544
0.246142
0.662
0.528499
0.40016
0.662
0.236218
0.459678
0.425442
0.662
0.250071
0.662
0.662
0.662
0.662
0.525841
0.662
0.662
0.0599007
0.15372
0.449365
0.662
0.0684938
0.327288
0.132727
0.511516
0.365449
0.225918
0.147887
0.401188
0.662
0.658247
0.234269
0.662
0.500216
0.564701
0.469573
0.286506
0.362929
0.0705433
0.662
0.662
0.0159199
0.662
0.662
0.0932672
0.594353
0.662
0.644353
0.198812
0.0165492
0.644267
0.18345
0.373554
0.662
0.217777
0.128789
0.647805
0.662
0.557669
0.419985
0.352157
0.662
0.353967
0.662
0.662
0.297493
0.112314
0.662
0.119229
0.662
0.662
0.168855
0.0458755
0.37707
0.662
0.662
0.63472
0.0290377
0.170797
0.183226
0.113879
0.215261
0.278168
0.662
0.204542
0.0923707
0.377781
0.662
0.662
0.297415
0.412195
0.330243
0.406913
0.0364035
0.170405
0.662
0.061471
0.218031
0.662
0.662
0.217947
0.0895972
0.388554
0.393362
0.278923
0.662
0.0914523
0.633699
0.406927
0.305661
0.225015
0.0351323
0.567628
0.0017548
0.662
0.445816
0.194282
0.662
0.657569
0.472813
0.165161
0.42879
0.662
0.662
0.109432
0.232692
0.662
0.305852
0.442346
0.662
0.197606
0.503672
0.286555
0.427307
0.456031
0.456876
0.236928
0.0980094
0.125495
0.0821189
0.662
0.117894
0.0964636
0.289819
0.481357
0.339538
0.163853
0.289272
0.662
0.206351
0.662
0.662
0.662
0.654752
0.20774
0.076237
0.662
0.662
