0.209084
0.469492
0.348769
0.662
0.553065
0.45594
0.0642566
0.165699
0.662
0.412405
0.0789181
0.267087
0.662
0.448224
0.396025
0.662
0.0973722
0.662
0.342205
0.50076
0.0658425
0.101504
0.662
0.634228
0.0476969
0.662
0.662
0.662
0.662
0.5538
0.0657604
0.435472
0.545853
0.228432
0.179329
0.24765
0.662
0.662
0.029516
0.143417
0.324571
0.662
0.662
0.170671
0.662
0.121709
0.662
0.314646
0.240078
0.224943
0.288508
0.28214
0.233467
0.662
0.662
0.662
0.316345
0.460964
0.38791
0.662
0.0253236
0.00329336
0.662
0.662
0.372181
0.356321
0.19271
0.497823
0.662
0.275682
0.134622
0.662
0.54913
0.426956
0.662
0.232902
0.0935803
0.551912
0.324646
0.367526
0.662
0.662
0.301033
0.272738
0.223114
0.662
0.338195
0.0735521
0.264014
0.300671
0.382223
0.360702
0.298941
0.662
0.45544
0.64061
0.37786
0.662
0.662
0.258095
0.662
0.268744
0.203186
0.0838988
0.662
0.662
0.391596
0.662
0.443465
0.283291
0.206953
0.241772
0.534337
0.662
0.419909
0.28722
0.662
0.662
0.662
0.319826
0.662
0.229197
0.205117
0.662
0.0954654
0.144446
0.662
0.633337
0.662
0.662
0.662
0.662
0.0719392
0.190774
0.662
0.662
0.662
0.0266064
0.323935
0.192113
0.662
0.353182
0.662
0.301811
0.207804
0.543421
0.00691286
0.459173
0.559688
0.447956
0.392269
0.0577253
0.186757
0.0858228
0.662
0.662
0.127283
0.539453
0.134607
0.327719
0.300473
0.662
0.427003
0.662
0.662
0.411659
0.56232
0.03729
0.541796
0.333933
0.197843
0.662
0.355176
0.452941
0.637674
0.59176
0.662
0.662
0.662
0.358553
0.422069
0.211509
0.662
0.662
0.566732
0.143745
0.153433
0.325955
0.170315
0.662
0.662
0.474346
0.195841
0.221289
0.461624
0.612552
0.175888
0.281564
0.525354
0.424509
0.0487534
0.531809
0.662
0.662
0.60397
0.658078
0.311848
0.662
0.662
0.0250903
0.0302145
0.470577
0.179516
0.348082
0.662
0.370982
0.0854479
0.410115
0.15328
0.350478
0.0336399
0.662
0.0623286
0.196866
0.232707
0.662
0.662
0.229786
0.345647
0.426895
0.222441
0.662
0.0279994
0.123371
0.662
0.445506
0.335621
0.404012
0.0194545
0.662
0.423387
0.109743
0.662
0.199945
0.532346
0.662
0.166555
0.186128
0.662
0.225373
0.326027
0.662
0.475084
0.662
0.662
0.220674
0.257653
0.0637977
0.662
0.662
0.417456
0.145864
0.637871
0.20677
0.240974
0.594859
0.189191
0.662
0.376829
0.662
0.662
0.250768
0.42899
0.577879
0.612106
0.662
0.293456
0.662
0.306855
0.208691
0.513259
0.227123
0.0148119
0.662
0.571652
0.662
0.185016
0.202927
0.662
0.662
0.662
0.626371
0.296286
0.365127
0.536428
0.662
0.545051
0.231369
0.662
0.662
0.22952
0.662
0.416069
0.183277
0.521665
0.295828
0.322267
0.0772105
0.662
0.391631
0.662
0.55488
0.649626
0.108614
0.662
0.339211
0.662
0.395949
0.662
0.662
0.662
0.662
0.393148
0.426463
0.284977
0.662
0.197993
0.455153
0.662
0.536928
0.194
0.00656552
0.662
0.603766
0.112615
0.662
0.662
0.277291
0.167206
0.662
0.282231
0.566383
0.497301
0.470931
0.0730845
0.662
0.366131
0.398957
0.0753697
0.662
0.662
0.306101
0.662
0.662
0.155186
0.662
0.647579
0.342194
0.605875
0.662
0.227968
0.244529
0.38432
0.662
0.662
0.662
0.144544
0.104119
0.147934
0.066569
0.310568
0.662
0.0139211
0.662
0.0242422
0.0498042
0.218441
0.411528
0.0387962
0.662
0.662
0.0525317
0.429868
0.662
0.362973
0.314226
0.662
0.2203
0.333167
0.662
0.199453
0.530874
0.662
0.44786
0.662
0.358212
0.0695179
0.662
0.499113
0.184589
0.357985
0.093395
0.575326
0.0327764
0.608004
0.599249
0.310918
0.062984
0.662
0.14477
0.662
0.662
0.662
0.465067
0.0705745
0.662
0.590419
0.662
0.662
0.662
0.121077
0.662
0.0532793
0.22309
0.662
0.254764
0.662
0.309204
0.373292
0.662
0.066793
0.662
0.169558
0.562503
0.149082
0.284441
0.662
0.662
0.662
0.662
0.662
0.662
0.662
0.451923
0.662
0.0347087
0.0887777
0.662
0.662
0.578192
0.662
0.306429
0.0330552
0.419849
0.662
0.662
0.591646
0.382316
0.662
0.662
0.662
0.662
0.0703437
0.440238
0.196907
0.153906
0.613365
0.510952
0.662
0.192571
0.186527
0.361155
0.662
0.201203
0.319607
0.662
0.477489
0.610569
0.069422
0.187897
0.397058
0.662
0.662
0.420679
0.221364
0.662
0.618941
0.0122905
0.662
0.662
0.662
0.662
0.129095
0.662
0.282459
0.662
0.238178
0.662
0.0906851
0.662
0.101035
0.573219
0.566003
0.662
0.662
0.454374
0.430474
0.236424
0.662
0.461449
0.495045
0.210168
0.427407
0.377051
0.662
0.115525
0.264223
0.662
0.662
0.662
0.220133
0.300081
0.113034
0.0112464
0.405452
0.662
0.662
0.662
0.192321
0.662
0.662
0.662
0.431139
0.128424
0.19754
0.25181
0.662
0.545536
0.387533
0.662
0.350378
0.312608
0.0867617
0.554225
0.221597
0.199086
0.662
0.662
0.525757
0.107053
0.267154
0.662
0.532616
0.182377
0.239876
0.326779
0.662
0.161297
0.384414
0.662
0.662
0.0445279
0.225623
0.591993
0.0894453
0.122442
0.35986
0.205512
0.126742
0.404743
0.33195
0.662
0.158498
0.662
0.287174
0.662
0.662
0.0155498
0.106344
0.167197
0.0737423
0.662
0.199081
0.662
0.356477
0.662
0.662
0.575109
0.662
0.0730964
0.662
0.662
0.226589
0.0235635
0.662
0.023454
0.662
0.39562
0.527031
0.662
0.474184
0.660092
0.330301
0.214136
0.120907
0.662
0.276051
0.631108
0.662
0.19442
0.055571
0.662
0.65195
0.211271
0.662
0.191631
0.662
0.461026
0.152844
0.0580746
0.662
0.498024
0.413526
0.0105041
0.236032
0.260138
0.108295
0.662
0.0392906
0.662
0.542877
0.405137
0.662
0.127405
0.662
0.662
0.373444
0.365575
0.662
0.539561
0.662
0.662
0.633391
0.297318
0.309131
0.662
0.336038
0.232784
0.219058
0.662
0.0101909
0.662
0.662
0.662
0.482144
0.662
0.346661
0.435276
0.662
0.662
0.662
0.0580301
0.318274
0.283242
0.662
0.347051
0.662
0.662
0.662
0.662
0.200323
0.119908
0.413852
0.103565
0.455852
0.662
0.164804
0.10734
0.0546353
0.107561
0.267585
0.662
0.296447
0.611619
0.662
0.231363
0.662
0.662
0.427126
0.662
0.662
0.184173
0.172537
0.27382
0.310668
0.168455
0.480114
0.662
0.241274
0.618594
0.250703
0.337881
0.142505
0.26604
0.662
0.187723
0.662
0.662
0.322462
0.39472
0.103254
0.592235
0.24036
0.208843
0.501929
0.662
0.367322
0.662
0.457088
0.662
0.441356
0.662
0.0498286
0.1064
0.662
0.662
0.459637
0.628256
0.662
0.40929
0.277857
0.277545
0.662
0.662
0.352243
0.662
0.310403
0.526986
0.0587966
0.379428
0.173128
0.662
0.321833
0.662
0.210242
0.353695
0.38124
0.416719
0.662
0.662
0.147189
0.271009
0.119448
0.662
0.164507
0.336019
0.473312
0.200839
0.58088
0.662
0.662
0.258538
0.662
0.662
0.0734416
0.166547
0.225049
0.662
0.0470298
0.0164273
0.662
0.662
0.662
0.561356
0.662
0.632044
0.162719
0.662
0.662
0.127535
0.662
0.174998
0.340779
0.197114
0.0395525
0.660451
0.437492
0.514774
0.662
0.662
0.296002
0.662
0.234219
0.662
0.150696
0.196952
0.662
0.350115
0.071755
0.192667
0.184748
0.662
0.662
0.662
0.662
0.344539
0.651955
0.318423
0.192193
0.275076
0.164594
0.662
0.662
0.0423207
0.0289928
0.662
0.662
0.576456
0.01093
0.649846
0.103754
0.451897
0.173661
0.348054
0.662
0.171961
0.662
0.662
0.265618
0.203359
0.178201
0.662
0.239423
0.433705
0.662
0.396305
0.248691
0.0568961
0.662
0.26262
0.350799
0.662
