0.507031
0.226479
0.239458
0.662
0.00492133
0.662
0.662
0.0880281
0.136539
0.378451
0.276157
0.662
0.662
0.658485
0.476329
0.342431
0.147704
0.437816
0.247769
0.235198
0.474634
0.662
0.662
0.00353889
0.662
0.189673
0.0958563
0.428209
0.247259
0.467926
0.153715
0.662
0.140427
0.151542
0.342134
0.662
0.412989
0.662
0.307507
0.077728
0.662
0.662
0.662
0.603455
0.662
0.662
0.418597
0.662
0.472814
0.22523
0.662
0.265397
0.662
0.662
0.662
0.258028
0.567686
0.465214
0.662
0.59975
0.611957
0.191095
0.662
0.436183
0.662
0.662
0.662
0.662
0.662
0.662
0.335718
0.662
0.0517363
0.00723768
0.465907
0.289225
0.00358033
0.253252
0.662
0.662
0.0396982
0.662
0.662
0.13848
0.167785
0.662
0.0658218
0.153017
0.662
0.325195
0.281607
0.652241
0.662
0.662
0.161943
0.444429
0.662
0.233307
0.213422
0.662
0.287184
0.414762
0.662
0.000933679
0.209335
0.662
0.205653
0.278042
0.662
0.452535
0.329516
0.662
0.662
0.299788
0.662
0.402797
0.319112
0.662
0.250644
0.383446
0.662
0.32345
0.662
0.662
0.652004
0.662
0.195605
0.662
0.662
0.00590166
0.31622
0.612619
0.405971
0.315145
0.662
0.0950432
0.153909
0.347841
0.20226
0.662
0.228698
0.571398
0.0613338
0.662
0.399038
0.197891
0.542148
0.461207
0.0294042
0.161356
0.114375
