0.587012
0.662
0.38716
0.33018
0.42672
0.662
0.662
0.340512
0.114704
0.320222
0.662
0.662
0.662
0.662
0.201686
0.212194
0.166836
0.167798
0.022348
0.239287
0.508803
0.308353
0.45127
0.190883
0.4219
0.361772
0.662
0.289393
0.0514326
0.662
0.509135
0.662
0.662
0.277476
0.662
0.662
0.586673
0.662
0.662
0.225032
0.428149
0.042696
0.445226
0.297121
0.0113548
0.300436
0.662
0.269488
0.662
0.413622
0.286387
0.662
0.361402
0.662
0.662
0.124154
0.300851
0.369632
0.662
0.662
0.0802737
0.468021
0.662
0.291487
0.662
0.316234
0.0836936
0.0451784
0.662
0.662
0.662
0.662
0.437732
0.280726
0.232696
0.662
0.662
0.626134
0.662
0.228895
0.100034
0.232789
0.662
0.0426836
0.178981
0.27742
0.277571
0.662
0.207431
0.104246
0.0833827
0.0333222
0.199195
0.0147433
0.290887
0.662
0.433118
0.222862
0.662
0.128717
0.449997
0.662
0.160581
0.662
0.179442
0.662
0.418057
0.662
0.28359
0.662
0.662
0.104471
0.0523908
0.166285
0.144566
0.662
0.236578
0.272831
0.115526
0.368207
0.662
0.662
0.156942
0.436646
0.272223
0.123454
0.0553644
0.662
0.182223
0.418714
0.662
0.185878
0.662
0.662
0.662
0.556139
0.662
0.572669
0.484646
0.224711
0.662
0.292255
0.662
0.662
5.79814e-06
0.662
0.226437
0.017697
0.659941
0.420224
0.404374
0.0510121
0.662
0.2642
0.124937
0.273613
0.662
0.662
0.662
0.0795937
0.444658
0.180947
0.250251
0.255032
0.180444
0.662
0.195978
0.309838
0.193482
0.0566629
0.662
0.662
0.33347
0.662
0.40956
0.347204
0.662
0.662
0.292046
0.424283
0.662
0.291563
0.662
0.628022
0.125069
0.633694
0.662
0.180881
0.662
0.662
0.469709
0.35677
0.662
0.662
0.23365
0.491501
0.471598
0.662
0.423702
0.662
0.662
0.373096
0.0823204
0.662
0.662
0.302731
0.267072
0.0543242
0.662
0.662
0.29017
0.662
0.0478918
0.0474175
0.476754
0.662
0.662
0.608835
0.136683
0.280195
0.00769979
0.333821
0.405394
0.662
0.662
0.424632
0.528412
0.0923217
0.504792
0.181274
0.45318
0.31692
0.315466
0.662
0.662
0.3105
0.0192833
0.0774928
0.662
0.163813
0.220059
0.121916
0.326537
0.0277876
0.528677
0.662
0.455223
0.0681768
0.449146
0.300559
0.115255
0.662
0.34661
0.552482
0.662
0.195682
0.486412
0.662
0.662
0.463779
0.173343
0.358191
0.662
0.0297639
0.45495
0.662
0.28465
0.177104
0.188599
0.662
0.327036
0.662
0.605651
0.662
0.519561
0.662
0.259033
0.193998
0.662
0.662
0.469867
0.137992
0.662
0.662
0.239479
0.662
0.455848
0.348809
0.662
0.542198
0.00837865
0.0444581
0.662
0.662
0.662
0.662
0.0523098
0.662
0.156903
0.613561
0.270714
0.197578
0.0562849
0.662
0.228514
0.365153
0.114187
0.662
0.320106
0.662
0.662
0.373776
0.0831757
0.633391
0.113662
0.662
0.662
0.202797
0.662
0.662
0.662
0.662
0.662
0.173025
0.662
0.460558
0.662
0.22258
0.259938
0.586747
0.662
0.249272
0.297418
0.290641
0.00578995
0.630736
0.662
0.447236
0.662
0.125957
0.649106
0.24939
0.662
0.662
0.186116
0.263615
0.156107
0.480933
0.648895
0.284119
0.18098
0.662
0.489234
0.372262
0.263041
0.662
0.662
0.662
0.662
0.662
0.166223
0.280938
0.553536
0.226636
0.662
0.262741
0.583378
0.662
0.271058
0.0503524
0.662
0.475105
0.662
0.477389
0.104562
0.662
0.662
0.087714
0.26447
0.467903
0.662
0.47642
0.19229
0.662
0.461542
0.662
0.21269
0.150086
0.662
0.662
0.32807
0.662
0.604114
0.662
0.583816
0.205877
0.344029
0.662
0.360236
0.415301
0.662
0.662
0.112535
0.662
0.662
0.252965
0.662
0.00393415
0.411294
0.662
0.662
0.47105
0.573112
0.662
0.370902
0.662
0.662
0.662
0.662
0.208376
0.662
0.253447
0.662
0.293407
0.227366
0.190641
0.662
0.662
0.17158
0.0301822
0.291764
0.662
0.338709
0.374102
0.662
0.267127
0.662
0.662
0.113457
0.363677
0.304292
0.662
0.0983786
0.363233
0.45297
0.662
0.662
0.207052
0.178728
0.404259
0.500718
0.662
0.495557
0.196968
0.185042
0.314281
0.446027
0.473697
0.241518
0.662
0.417927
0.292859
0.408436
0.527839
0.662
0.0617605
0.0864201
0.112897
0.284088
0.662
0.227243
0.205727
0.197373
0.185867
0.218486
0.662
0.662
0.20492
0.608011
0.121935
0.662
0.484253
0.382331
0.662
0.09624
0.347251
0.662
0.101456
0.662
0.159647
0.662
0.662
0.0761175
0.662
0.662
0.575457
0.380976
0.274536
0.662
0.662
0.216493
0.364092
0.194008
0.662
0.00232356
0.662
0.0869549
0.0415331
0.662
0.0680921
0.246685
0.662
0.333258
0.0333408
0.662
0.507554
0.19161
0.662
0.662
0.0699318
0.39888
0.63523
0.165662
0.446638
0.128396
0.00102197
0.662
0.0257394
0.662
0.662
0.0288442
0.274889
0.662
0.386032
0.380501
0.662
0.662
0.416766
0.432739
0.211711
0.245831
0.405378
0.36435
0.0277643
0.28187
0.662
0.131392
0.0795454
0.662
0.245811
0.662
0.390146
0.468273
0.506715
0.109488
0.662
0.179029
0.277537
0.579062
0.25508
0.662
0.662
0.578987
0.404424
0.1981
0.0618968
0.22568
0.205258
0.646264
0.662
0.385029
0.38469
0.662
0.662
0.662
0.662
0.662
0.0428615
0.271247
0.662
0.496781
0.662
0.469186
0.274864
0.075855
0.309688
0.445612
0.662
0.629706
0.662
0.120954
0.0467623
0.662
0.117385
0.436666
0.662
0.602467
0.196644
0.662
0.662
0.455572
0.662
0.334469
0.344819
0.267078
0.394198
0.662
0.402074
0.662
0.200661
0.662
0.329702
0.338272
0.662
0.291202
0.453773
0.393757
0.662
0.0334378
0.0587347
0.662
0.232985
0.0881901
0.662
0.662
0.662
0.238736
0.393873
0.662
0.662
0.662
0.303163
0.298255
0.662
0.33252
0.662
0.327586
0.662
0.215559
0.662
0.211118
0.517417
0.0417341
0.312377
0.291653
0.583896
0.429558
0.161063
0.387428
0.662
0.406255
0.313646
0.662
0.322761
0.552406
0.662
0.350117
0.0297402
0.315581
0.662
0.662
0.386965
0.662
0.124405
0.35845
0.662
0.572024
0.662
0.659618
0.395623
0.437829
0.662
0.223496
0.662
0.16439
0.596785
0.584354
0.489001
0.662
0.37451
0.522345
0.022044
0.662
0.0615358
0.351855
0.662
0.334854
0.168841
0.662
0.46709
0.456523
0.309886
0.453597
0.662
0.244674
0.662
0.261894
0.662
0.662
0.662
0.662
0.254965
0.00365358
0.662
0.662
0.371593
0.662
0.152138
0.21483
0.447658
0.662
0.104219
0.662
0.662
0.662
0.662
0.04394
0.662
0.539336
0.662
0.382884
0.202542
0.103611
0.256237
0.662
0.422501
0.662
0.557677
0.602339
0.327477
0.526037
0.221151
0.202837
0.130044
0.662
0.662
0.594948
0.254053
0.347462
0.023986
0.662
0.241939
0.205776
0.116177
0.356324
0.662
0.40226
0.656556
0.662
0.294252
0.662
0.0665741
0.662
0.662
0.662
0.281216
0.285492
0.517934
0.662
0.101363
0.322152
0.39552
0.221776
0.662
0.330364
0.662
0.245428
0.255777
0.32287
0.0970369
0.662
0.662
0.662
0.662
0.361854
0.302325
0.292348
0.662
0.0756399
0.413207
0.259123
0.25766
0.598086
0.180415
0.662
0.190709
0.547074
0.210357
0.662
0.29204
0.662
0.662
0.0381411
0.662
0.662
0.307162
0.662
0.175235
0.111479
0.343687
0.662
0.662
0.274188
0.662
0.59644
0.0420978
0.662
0.662
0.144047
0.217594
0.662
0.515189
0.552397
0.662
0.31298
0.284478
0.4668
0.662
0.428544
0.366895
0.268547
0.662
0.040593
0.546957
0.662
0.0571717
0.662
0.0781755
0.2202
0.378227
0.51782
0.662
0.662
0.662
0.662
0.662
0.420559
0.195165
0.662
0.662
0.217558
0.662
0.157162
0.0363178
0.460007
0.266269
0.662
0.662
0.400464
0.662
0.662
0.662
0.662
0.19434
0.209992
0.237275
0.662
0.662
0.473549
0.662
0.662
0.492355
0.402389
0.430857
0.456217
0.662
0.662
0.463865
0.480413
0.116428
0.648653
0.571913
0.436956
0.0490829
0.138002
0.19451
0.377456
0.455886
0.329977
0.310813
0.662
0.134499
0.49169
0.662
0.662
0.662
0.662
0.61629
0.662
0.662
0.393303
0.662
0.380796
0.662
0.139904
0.427697
0.662
0.662
0.242969
0.662
0.0873179
0.644162
0.662
0.461763
0.662
0.425069
0.458149
0.0458132
0.395713
0.662
0.662
0.0891319
0.404673
0.662
0.366471
0.225751
0.662
0.662
0.662
0.194082
0.662
0.348005
0.454455
0.347282
0.662
0.662
0.662
0.555764
0.415549
0.165476
0.502692
0.662
0.662
0.662
0.662
0.0377044
0.554335
0.662
0.662
0.0605507
0.662
0.662
0.319899
0.0447053
0.148698
0.422672
0.49917
0.662
0.0889978
0.516823
0.259812
0.662
0.662
0.279622
0.662
0.156958
0.237786
0.429386
0.662
0.239008
0.662
0.201167
0.662
0.567662
0.662
0.462405
0.276485
0.435267
0.270658
0.277068
0.305738
0.0784075
0.28392
0.420204
0.175701
0.0179896
0.135081
0.292574
0.662
0.140644
0.249081
0.179964
0.211773
0.290087
0.0375577
0.536011
0.662
0.324616
0.279432
0.454658
0.201461
0.662
0.284466
0.662
0.204504
0.662
0.0136206
0.662
0.427643
0.662
0.396078
0.136323
0.184391
0.158631
0.662
0.114816
0.662
0.662
0.662
0.662
0.0459863
0.0547022
0.662
0.662
0.662
0.307406
0.662
0.662
0.662
0.466703
0.407031
0.480531
0.131062
0.313112
0.662
0.478461
0.662
0.292304
0.365424
0.662
0.200888
0.404459
0.127576
0.0106952
0.173162
0.61218
0.115631
0.0374475
0.169215
0.662
0.393774
0.662
0.549824
0.617913
0.662
0.302476
0.488468
0.507593
0.342764
0.662
0.164887
0.350367
0.662
0.120377
0.662
0.662
0.189468
0.662
0.337924
0.420781
0.517193
0.662
0.662
0.148646
0.247772
0.161061
0.662
0.317303
0.15333
0.324431
0.474608
0.0932094
0.157447
0.16616
0.0671515
0.268658
0.662
0.662
0.662
0.0852526
0.662
0.662
0.662
0.662
0.640874
0.662
0.36805
0.475606
0.221124
0.136004
0.459288
0.270391
0.662
0.46522
0.662
0.662
0.385244
0.233456
0.662
0.209529
0.662
0.662
0.148602
0.275657
0.662
0.275427
0.322629
0.250284
0.394818
0.201999
0.662
0.389666
0.662
0.413637
0.167977
0.333472
0.330722
0.284518
0.00231543
0.629569
0.662
0.458612
0.662
0.136857
0.650258
0.407037
0.474336
0.655301
0.473286
0.520512
0.216031
0.662
0.0338498
0.179032
0.662
0.662
0.421934
0.283703
0.00843663
0.196677
0.662
0.662
0.179478
0.353861
0.181524
0.29044
0.662
0.467279
0.662
0.422414
0.662
0.662
0.396398
0.662
0.483535
0.662
0.377247
0.662
0.572199
0.0439918
0.662
0.0820915
0.306102
0.238501
0.430347
0.480954
0.172901
0.662
0.195318
0.662
0.288901
0.0194846
0.662
0.486484
0.662
0.193482
0.258047
0.445959
0.264873
0.492413
0.23153
0.00024941
0.445627
0.451855
0.193323
0.134664
0.194692
0.151056
0.0535063
0.662
0.424274
0.662
0.152018
0.144829
0.377063
0.662
0.662
0.446888
0.662
0.62739
0.662
0.662
0.0607033
0.465449
0.291183
0.662
0.427571
0.137932
0.662
0.546271
0.416181
0.191201
0.662
0.662
0.532854
0.632459
0.633049
0.432545
0.174279
0.22792
0.409766
0.662
0.0800317
0.377099
0.410977
0.400677
0.366586
0.319588
0.0940501
0.172929
0.662
0.662
0.662
0.161144
0.662
0.662
0.662
0.384461
0.662
0.130133
0.541673
0.0799908
0.150305
0.201503
0.662
0.208156
0.513544
0.662
0.566682
0.413953
0.662
0.451413
0.662
0.240311
0.235151
0.662
0.333921
0.470013
0.662
0.662
0.501421
0.258106
0.44459
0.662
0.293717
0.408402
0.219225
0.26843
0.662
0.662
0.3628
0.220605
0.615749
0.306404
0.12983
0.662
0.350947
0.268868
0.662
0.0871746
0.606389
0.36204
0.662
0.154979
0.407546
0.662
0.662
0.633694
0.40965
0.662
0.662
0.348405
0.662
0.0282101
0.662
0.166386
0.662
0.662
0.40225
0.47225
0.21526
0.492175
0.492672
0.477153
0.32171
0.266301
0.662
0.367673
0.152048
0.0368212
0.175435
0.662
0.662
0.662
0.662
0.662
0.559252
0.522605
0.510673
0.504898
0.662
0.662
0.548737
0.186724
0.662
0.470388
0.125514
0.377482
0.293618
0.0260148
0.246522
0.42797
0.130007
0.0683113
0.503562
0.267062
0.0079186
0.662
0.662
0.192836
0.198993
0.258298
0.140829
0.662
0.108903
0.662
0.662
0.662
0.103953
0.538851
0.283471
0.190196
0.450279
0.181435
0.662
0.662
0.490294
0.274248
0.192766
0.662
0.662
0.662
0.436869
0.662
0.24507
0.306689
0.451773
0.498214
0.662
0.225496
0.443681
0.662
0.576981
0.581985
0.662
0.662
0.0534234
0.662
0.201597
0.505527
0.20324
0.322782
0.662
0.662
0.662
0.185286
0.662
0.662
0.662
0.296669
0.268531
0.662
0.662
0.120975
0.362076
0.168483
0.662
0.662
0.219162
0.662
0.41422
0.1723
0.662
0.0732612
0.662
0.662
0.3516
0.19641
0.201059
0.374404
0.662
0.271521
0.0627277
0.348348
0.662
0.272129
0.662
0.0159881
0.0773725
0.222521
0.0349132
0.465093
0.662
0.662
0.34781
0.662
0.0874499
0.4757
0.662
0.398882
0.255046
0.0688728
0.380973
0.11307
0.577398
0.135217
0.576725
0.198776
0.662
0.662
0.454229
0.662
0.211906
0.662
0.662
0.377055
0.662
0.662
0.00421891
0.0816854
0.185409
0.448334
0.237531
0.0374973
0.662
0.433376
0.370518
0.241458
0.22242
0.662
0.4049
0.449189
0.455103
0.427433
0.662
0.662
0.662
0.662
0.0575312
0.0492861
0.534788
0.400494
0.377345
0.0812887
0.55282
0.520978
0.20602
0.323472
0.204529
0.662
0.523708
0.0533203
0.662
0.662
0.662
0.26378
0.435292
0.39609
0.241056
0.345384
0.662
0.662
0.25662
0.225673
0.301264
0.410228
0.127791
0.662
0.662
0.597208
0.436417
0.394969
0.454296
0.662
0.60621
0.557766
0.662
0.188712
0.662
0.178557
0.222486
0.123895
0.0409563
0.358219
0.662
0.442838
0.325274
0.0680657
0.390617
0.449103
0.0582684
0.662
0.498916
0.662
0.662
0.662
0.012947
0.662
0.146216
0.662
0.662
0.176105
0.202865
0.662
0.662
0.395479
0.0720725
0.028362
0.0202016
0.419451
0.494849
0.215108
0.151926
0.662
0.662
0.297634
0.0217324
0.662
0.396907
0.662
0.081197
0.632027
0.132185
0.662
0.48079
0.225695
0.0611076
0.452944
0.203292
0.662
0.323037
0.662
0.0944253
0.214912
0.662
0.247657
0.662
0.662
0.374367
0.438543
0.189406
0.120269
0.415059
0.365228
0.0320534
0.0103107
0.103297
0.656456
0.207106
0.662
0.662
0.662
0.662
0.332154
0.662
0.662
0.1653
0.237738
0.271679
0.147082
0.000972438
0.629789
0.343946
0.475134
0.25743
0.00378745
0.662
0.0848204
0.296487
0.53251
0.422408
0.410774
0.468834
0.662
0.0795582
0.662
0.662
0.288029
0.608552
0.441448
0.662
0.436412
0.652401
0.662
0.580255
0.662
0.357712
0.0095182
0.386018
0.662
0.23587
0.131403
0.451695
0.662
0.662
0.0130435
0.319182
0.148991
0.662
0.234931
0.583006
0.00894777
0.433553
0.317754
0.662
0.662
0.213141
0.662
0.170339
0.145188
0.662
0.409568
0.662
0.662
0.662
0.662
0.662
0.0316174
0.147355
0.104598
0.591433
0.662
0.0765478
0.185356
0.257788
0.662
0.129793
0.662
0.662
0.332004
0.277941
0.662
0.132283
0.446858
0.449125
0.662
0.394277
0.198203
0.662
0.662
0.662
0.190023
0.176993
0.190984
0.195543
0.11829
0.662
0.000576119
0.662
0.316247
0.0346421
0.662
0.074629
0.662
0.662
0.539563
0.114146
0.104405
0.662
0.107119
0.23114
0.141498
0.662
0.662
0.23819
0.351633
0.662
0.604018
0.179482
0.102757
0.219229
0.343818
0.25319
0.662
0.662
0.662
0.20331
0.168183
0.662
0.662
0.194058
0.35978
0.338856
0.165859
0.662
0.0823812
0.0215521
0.0629767
0.662
0.662
0.662
0.321583
0.662
0.662
0.662
0.406494
0.248599
0.662
0.110932
0.662
0.662
0.662
0.161769
0.662
0.411823
0.256804
0.662
0.46955
0.343439
0.472
0.662
0.459351
0.662
0.662
0.662
0.662
0.62333
0.0439433
0.662
0.580051
0.662
0.628486
0.662
0.662
0.662
0.393477
0.662
0.09841
0.420464
0.370061
0.129688
0.578965
0.662
0.607799
0.662
0.662
0.662
0.136682
0.23877
0.662
0.662
0.095784
0.662
0.203135
0.662
0.0141199
0.397677
0.182526
0.246198
0.0625263
0.207919
0.101535
0.662
0.153525
0.368271
0.328775
0.34986
0.211303
0.662
0.527743
0.662
0.0979161
0.662
0.191544
0.220343
3.63595e-05
0.385638
0.182617
0.340373
0.662
0.390965
0.662
0.0119173
0.00697695
0.662
0.638741
0.662
0.201359
0.162027
0.454582
0.575359
0.3045
0.662
0.534992
0.662
0.662
0.662
0.394036
0.443483
0.662
0.141039
9.04806e-05
0.466937
0.662
0.197265
0.486692
0.561176
0.662
0.189442
0.662
0.222314
0.420172
0.328109
0.522003
0.662
0.386233
0.351713
0.343881
0.225325
0.662
0.662
0.630148
0.662
0.0497284
0.365003
0.662
0.240526
0.662
0.189044
0.317766
0.392302
0.198271
0.662
0.0643424
0.108459
0.229635
0.662
0.662
0.406317
0.136252
0.24699
0.662
0.441517
0.37393
0.0939697
0.311561
0.446355
0.122269
0.662
0.662
0.0229168
0.662
0.0658772
0.616564
0.124441
0.186753
0.662
0.12486
0.250476
0.186565
0.662
0.21157
0.439963
0.662
0.322221
0.557099
0.121325
0.378725
0.362785
0.662
0.662
0.458333
0.303382
0.662
0.497563
0.0751747
0.662
0.380134
0.662
0.487739
0.662
0.33561
0.205451
0.662
0.29218
0.662
0.050571
0.0999263
0.406608
0.662
0.662
0.662
0.188513
0.662
0.662
0.102908
0.662
0.662
0.220777
0.173217
0.203447
0.662
0.0276142
0.386843
0.375628
0.353646
0.303567
0.662
0.662
0.207564
0.662
0.662
0.176502
0.410064
0.10406
0.276422
0.662
0.323025
0.628981
0.662
0.29302
0.662
0.14926
0.0673961
0.0319511
0.0852339
0.218457
0.662
0.464736
0.109897
0.662
0.409354
0.662
0.662
0.662
0.662
0.209493
0.662
0.113264
0.251712
0.623364
0.231243
0.662
0.153901
0.0709479
0.662
0.123886
0.336661
0.629408
0.484936
0.571767
0.042839
0.269136
0.0299506
0.443008
0.222417
0.199319
0.621179
0.492878
0.249724
0.181619
0.0194919
0.0842118
0.47936
0.662
0.284874
0.662
0.208548
0.15714
0.662
0.662
0.203186
0.662
0.425155
0.0955848
0.662
0.506094
0.57672
0.291067
0.0387431
0.629298
0.125211
0.662
0.662
0.662
0.662
0.0547051
0.233185
0.662
0.662
0.0984014
0.198825
0.662
0.260739
0.232535
0.248045
0.473061
0.662
0.662
0.459658
0.662
0.662
0.410019
0.662
0.0263784
0.454936
0.662
0.662
0.491797
0.631557
0.662
0.0752716
0.172368
0.662
0.626107
0.662
0.435924
0.662
0.402751
0.662
0.138678
0.184508
0.3409
0.449355
0.439488
0.00207702
0.662
0.662
0.662
0.480295
0.385907
0.208554
0.0134708
0.210364
0.107061
0.0550469
0.623652
0.662
0.662
0.184017
0.110885
0.0329051
0.296192
0.662
0.662
0.662
0.602001
0.453528
0.662
0.662
0.161335
0.662
0.662
0.662
0.0508831
0.0132809
0.610048
0.127345
0.662
0.116039
0.662
0.262177
0.419487
0.662
0.662
0.662
0.22731
0.662
0.203
0.662
0.0428685
0.550189
0.109112
0.131023
0.662
0.662
0.188727
0.468566
0.250929
0.140863
0.662
0.662
0.662
0.129746
0.662
0.185309
0.309133
0.46967
0.662
0.662
0.2811
0.662
0.109365
0.662
0.662
0.224958
0.662
0.662
0.132576
0.159117
0.0705366
0.629162
0.632035
0.411016
0.116896
0.662
0.232848
0.452271
0.377458
0.662
0.662
0.661169
0.391656
0.419933
0.307855
0.252251
0.662
0.172997
0.662
0.662
0.265682
0.251622
0.0323179
0.662
0.662
0.662
0.662
0.146386
0.35496
0.122067
0.211413
0.662
0.0418118
0.222111
0.160224
0.16475
0.261798
0.110501
0.264551
0.271632
0.656064
0.662
0.158061
0.528673
0.00338322
0.0200867
0.153155
0.137407
0.335281
0.0536181
0.592929
0.662
0.621918
0.0472022
0.490816
0.662
0.662
0.565794
0.662
0.615596
0.662
0.222895
0.30677
0.662
0.662
0.662
0.662
0.307793
0.201794
0.421387
0.159708
0.32293
0.482331
0.662
0.662
0.331346
0.662
0.349963
0.438105
0.119358
0.473224
0.0237175
0.309132
0.662
0.128338
0.662
0.662
0.28062
0.662
0.0634394
0.662
0.570998
0.662
0.471241
0.651297
0.662
0.662
0.391344
0.662
0.662
0.662
0.352648
0.449077
0.304323
0.257018
0.662
0.495169
0.662
0.554013
0.219253
0.402478
0.445502
0.662
0.662
0.662
0.662
0.541388
0.0930008
0.231087
0.201184
0.445337
0.206644
0.0314228
0.662
0.141114
0.396365
0.608576
0.150441
0.662
0.284924
0.489753
0.343572
0.662
0.662
0.662
0.296107
0.662
0.662
0.662
0.662
0.405995
0.288128
0.419541
0.00489283
0.162856
0.206935
0.025614
0.201222
0.662
0.0502465
0.401079
0.102127
0.117097
0.459235
0.469744
0.523495
0.470284
0.440999
0.662
0.367532
0.589495
0.60991
0.662
0.265113
0.0579556
0.662
0.424038
0.453986
0.0543231
0.662
0.035713
0.662
0.271859
0.662
0.662
0.212084
0.662
0.662
0.338483
0.453631
0.0558202
0.662
0.662
0.618969
0.204467
0.662
0.625674
0.181012
0.213901
0.662
0.350596
0.523652
0.662
0.139931
0.179431
0.662
0.401612
0.291283
0.62995
0.332219
0.662
0.471676
0.407042
0.0842182
0.128327
0.294094
0.662
0.0278604
0.662
0.133474
0.662
0.266196
0.30023
0.301023
0.662
0.662
0.462346
0.15541
0.662
0.662
0.662
0.416825
0.313619
0.201516
0.167163
0.306851
0.378398
0.418914
0.662
0.662
0.662
0.637872
0.662
0.0754382
0.563082
0.662
0.0560858
0.145228
0.662
0.508115
0.662
0.63043
0.662
0.284894
0.392519
0.0895922
0.167487
0.662
0.496538
0.366677
0.0956448
0.379486
0.624424
0.246684
0.331989
0.203339
0.0822823
0.425073
0.0398643
0.200157
0.662
0.478628
0.366835
0.367675
0.451929
0.662
0.662
0.281111
0.254494
0.133131
0.662
0.662
0.166663
0.26952
0.662
0.215391
0.662
0.338142
0.662
0.662
0.662
0.45947
0.326491
0.662
0.109219
0.0381487
0.293503
0.662
0.662
0.223063
0.174691
0.203146
0.373324
0.662
0.662
0.662
0.123746
0.127667
0.117299
0.263298
0.662
0.662
0.662
0.254249
0.51581
0.0563514
0.0909844
0.304572
0.662
0.63887
0.662
0.662
0.617076
0.381666
0.662
0.532901
0.497403
0.662
0.241741
0.315437
0.0403934
0.662
0.185772
0.215599
0.662
0.356421
0.306645
0.13769
0.145451
0.333747
0.662
0.662
0.152309
0.185538
0.282764
0.473235
0.199464
0.662
0.63033
0.201547
0.121694
0.662
0.413135
0.182334
0.662
0.662
0.189199
0.563488
0.412989
0.662
0.662
0.190962
0.662
0.139998
0.29468
0.424617
0.409619
0.0443497
0.662
0.309953
0.662
0.1247
0.106246
0.561437
0.405717
0.662
0.477863
0.662
0.227749
0.342849
0.662
0.439537
0.662
0.662
0.198088
0.473308
0.662
0.476616
0.248703
0.376461
0.574501
0.662
0.318679
0.662
0.195964
0.421097
0.395438
0.662
0.662
0.662
0.0491291
0.662
0.662
0.23105
0.150962
0.312985
0.186004
0.368092
0.33275
0.5074
0.662
0.662
0.242412
0.662
0.662
0.0721664
0.662
0.662
0.662
0.662
0.301996
0.231202
0.0297138
0.104393
0.404089
0.662
0.662
0.662
0.567407
0.401153
0.261573
0.662
0.662
0.181794
0.662
0.201763
0.609796
0.233322
0.115628
0.306953
0.32538
0.662
0.662
0.586118
0.662
0.450197
0.156099
0.662
0.431157
0.234302
0.623058
0.216244
0.662
0.662
0.125577
0.202808
0.518842
0.622401
0.662
0.436823
0.10182
0.53271
0.662
0.199775
0.431915
0.397504
0.20048
0.662
0.662
0.662
0.216883
0.0447992
0.187084
0.0978206
0.662
0.662
0.328175
0.662
0.387285
0.662
0.272613
0.662
0.662
0.662
0.662
0.662
0.662
0.210819
0.435823
0.662
0.662
0.662
0.662
0.185563
0.210739
0.293449
0.352554
0.047853
0.343368
0.662
0.142864
0.506367
0.252025
0.201349
0.0636755
0.410548
0.505235
0.662
0.662
0.662
0.24004
0.662
0.35177
0.236267
0.408168
0.351876
0.380595
0.240637
0.382028
0.403434
0.104509
0.662
0.101782
0.662
0.653967
0.662
0.662
0.487293
0.662
0.662
0.154619
0.41648
0.25103
0.323317
0.255295
0.209188
0.662
0.662
0.45689
0.330684
0.338333
0.207916
0.662
0.662
0.662
0.570383
0.336137
0.239537
0.0358554
0.598055
0.469945
0.509208
0.662
0.662
0.207592
0.662
0.179564
0.419769
0.662
0.425519
0.662
0.00213516
0.662
0.662
0.662
0.662
0.662
0.187821
0.0233293
0.43842
0.662
0.504808
0.146126
0.493779
0.662
0.440648
0.662
0.662
0.339732
0.276745
0.00696624
0.101987
0.130501
0.446213
0.592468
0.148753
0.662
0.62989
0.196852
0.662
0.662
0.662
0.148053
0.662
0.504578
0.592216
0.662
0.589043
0.662
0.662
0.662
0.380358
0.662
0.373879
0.662
0.455829
0.313852
0.247085
0.475473
0.251294
0.127921
0.662
0.662
0.466102
0.354364
0.662
0.224784
0.271089
0.0387216
0.662
0.0431935
0.662
0.040645
0.662
0.561422
0.179994
0.662
0.0198064
0.640539
0.662
0.662
0.662
0.15522
0.662
0.349077
0.320562
0.149759
0.662
0.662
0.662
0.662
0.349874
0.244885
0.429757
0.662
0.662
0.130631
0.662
0.662
0.229317
0.662
0.662
0.222986
0.16321
0.369855
0.073399
0.640985
0.662
0.129501
0.662
0.552323
0.349594
0.303634
0.00740425
0.662
0.662
0.662
0.201703
0.643476
0.43378
0.324007
0.438519
0.662
0.398897
0.662
0.217039
0.207696
0.344732
0.278822
0.662
0.431283
0.238272
0.440943
0.184042
0.111382
0.573001
0.370405
0.662
0.0755005
0.0910709
0.401265
0.662
0.662
0.323704
0.0824561
0.205887
0.662
0.662
0.619182
0.204145
0.662
0.206626
0.371613
0.177862
0.0270632
0.519586
0.495469
0.662
0.0534358
0.152739
0.662
0.395471
0.144204
0.662
0.662
0.103505
0.369766
0.210826
0.21606
0.498059
0.0914067
0.153961
0.662
0.383003
0.662
0.662
0.662
0.662
0.318882
0.435883
0.234595
0.662
0.341695
0.662
0.662
0.318325
0.156989
0.311392
0.394611
0.662
0.662
0.331334
0.142471
0.334959
0.662
0.662
0.0781327
0.0516423
0.662
0.261599
0.58073
0.662
0.662
0.662
0.348772
0.662
0.168604
0.662
0.662
0.426288
0.448684
0.322052
0.219393
0.662
0.662
0.405742
0.251945
0.662
0.428241
0.662
0.662
0.0577204
0.378268
0.346927
0.662
0.332639
0.662
0.662
0.316585
0.192883
0.387321
0.662
0.228822
0.662
0.463701
0.216978
0.11156
0.41778
0.662
0.662
0.662
0.662
0.162269
0.350377
0.108331
0.380162
0.662
0.662
0.662
0.148977
0.476663
0.662
0.361181
0.662
0.662
0.224426
0.252683
0.36082
0.503368
0.180075
0.662
0.0679946
0.662
0.457229
0.662
0.631868
0.662
0.463645
0.018232
0.662
0.662
0.198938
0.662
0.462862
0.301441
0.443033
0.545823
0.125599
0.662
0.0147488
0.226837
0.396153
0.539718
0.0237724
0.662
0.662
0.192474
0.0529813
0.662
0.662
0.348194
0.662
0.662
0.199076
0.123593
0.213638
0.120485
0.662
0.529842
0.232818
0.211522
0.662
0.662
0.208429
0.662
0.662
0.662
0.457474
0.662
0.662
0.331668
0.662
0.662
0.401394
0.662
0.220291
0.662
0.662
0.0749214
0.32364
0.334308
0.662
0.410809
0.223834
0.662
0.181833
0.662
0.662
0.662
0.662
0.132731
0.0358258
0.662
0.194297
0.360381
0.662
0.329363
0.0666153
0.160147
0.17068
0.662
0.132309
0.0848224
0.662
0.662
0.427099
0.646514
0.440934
0.398578
0.662
0.662
0.662
0.432301
0.170787
0.662
0.662
0.359966
0.662
0.44306
0.355382
0.325078
0.0633252
0.349905
0.662
0.238949
0.20038
0.338356
0.479611
0.200224
0.662
0.662
0.36279
0.662
0.662
0.662
0.3877
0.253632
0.00804231
0.662
0.474902
0.309517
0.389267
0.662
0.211163
0.318369
0.662
0.593573
0.517383
0.284611
0.662
0.662
0.662
0.662
0.662
0.466588
0.202328
0.0611209
0.207391
0.662
0.340946
0.662
0.19978
0.0506783
0.403461
0.255772
0.146201
0.662
0.269276
0.662
0.662
0.29075
0.27845
0.534183
0.516145
0.0876718
0.662
0.662
0.662
0.317059
0.423515
0.662
0.459437
0.662
0.662
0.494714
0.00208878
0.268776
0.0891034
0.565205
0.662
0.662
0.539773
0.467275
0.662
0.0932539
0.306788
0.662
0.662
0.662
0.496698
0.662
0.341902
0.639491
0.662
0.662
0.124819
0.297418
0.103178
0.662
0.272011
0.243283
0.264031
0.117307
0.112505
0.333953
0.603726
0.662
0.194583
0.0345764
0.0385802
0.28578
0.0358856
0.171501
0.434797
0.662
0.353153
0.662
0.662
0.662
0.413026
0.662
0.11602
0.129968
0.662
0.631831
0.385991
0.662
0.662
0.662
0.0339063
0.01136
0.662
0.662
0.466072
0.662
0.271723
0.317719
0.0626299
0.195632
0.662
0.0163943
0.662
0.662
0.270267
0.115321
0.662
0.210188
0.386986
0.392046
0.662
0.662
0.0988134
0.662
0.662
0.208777
0.452827
0.662
0.0900119
0.662
0.662
0.19224
0.255449
0.662
0.114195
0.116505
0.155312
0.30185
0.662
0.603871
0.229568
0.193673
0.662
0.200175
0.0913307
0.355501
0.150293
0.106812
0.338678
0.64638
0.662
0.662
0.368198
0.662
0.389026
0.662
0.213123
0.662
0.662
0.434605
0.202751
0.286264
0.00718898
0.662
0.662
0.228808
0.662
0.152145
0.662
0.178605
0.662
0.662
0.662
0.168281
0.22167
0.662
0.608353
0.068752
0.256903
0.662
0.138348
0.310762
0.404863
0.662
0.199535
0.313343
0.662
0.662
0.662
0.11635
0.662
0.0100434
0.384911
0.45969
0.182671
0.558543
0.662
0.223809
0.531851
0.127599
0.336221
0.39618
0.543818
0.495488
0.662
0.0742177
0.21557
0.662
0.175028
0.662
0.282912
0.262152
0.662
0.275477
0.317108
0.357442
0.315327
0.344273
0.0822207
0.184008
0.106506
0.16843
0.0560955
0.222803
0.468947
0.662
0.537598
0.662
0.115204
0.662
0.662
0.0843937
0.181821
0.662
0.543627
0.662
0.662
0.00361133
0.113143
0.662
0.290073
0.662
0.316538
0.287762
0.535317
0.662
0.662
0.2056
0.662
0.662
0.200661
0.13104
0.260598
0.233491
0.27129
0.343613
0.662
0.662
0.00630989
0.496584
0.577825
0.662
0.662
0.662
0.320165
0.662
0.170744
0.171849
0.340302
0.662
0.0369238
0.154328
0.662
0.399968
0.662
0.248569
0.662
0.662
0.0794793
0.662
0.240313
0.538201
0.413102
0.662
0.159036
0.320674
0.662
0.368909
0.265959
0.270984
0.662
0.115879
0.0383462
0.662
0.612465
0.662
0.628748
0.662
0.662
0.662
0.128715
0.662
0.3896
0.662
0.583147
0.662
0.341396
0.402248
0.662
0.198111
0.37878
0.406151
0.188632
0.479825
0.662
0.44676
0.662
0.662
0.662
0.0548994
0.11261
0.56068
0.451289
0.662
0.475949
0.662
0.662
0.360855
0.662
0.662
0.662
0.34358
0.24114
0.0291599
0.662
0.199805
0.127047
0.0850693
0.231437
0.398027
0.662
0.662
0.426297
0.0267306
0.208713
0.387755
0.662
0.240243
0.473629
0.662
0.662
0.662
0.662
0.62366
0.541001
0.662
0.662
0.256358
0.215632
0.145894
0.153289
0.662
0.204615
0.327984
0.433411
0.229199
0.662
0.318062
0.324691
0.283764
0.662
0.662
0.18794
0.662
0.26719
0.662
0.662
0.0913058
0.00148538
0.150552
0.0492053
0.0836748
0.255465
0.662
0.662
0.345047
0.662
0.662
0.201551
0.255513
0.662
0.0393913
0.440804
0.309506
0.437033
0.190652
0.20616
0.193404
0.182372
0.141538
0.371229
0.662
0.322199
0.221557
0.662
0.524187
0.662
0.344668
0.662
0.130657
0.27736
0.332449
0.662
0.608568
0.559295
0.33188
0.662
0.355667
0.042247
0.275431
0.123768
0.662
0.113014
0.0549671
0.137166
0.662
0.453763
0.662
0.662
0.539935
0.196431
0.662
0.662
0.462521
0.318602
0.0764845
0.314124
0.533046
0.662
0.182626
0.351809
0.347451
0.421721
0.164657
0.01923
0.331706
0.644932
0.00122894
0.383308
0.662
0.399016
0.662
0.662
0.662
0.662
0.662
0.443764
0.662
0.467117
0.349016
0.300363
0.161719
0.662
0.126756
0.662
0.662
0.662
0.442635
0.102617
0.662
0.662
0.221664
0.461666
0.413258
0.662
0.398286
0.662
0.19499
0.425945
0.662
0.662
0.662
0.0693624
0.291902
0.256851
0.395558
0.662
0.662
0.24532
0.140405
0.186603
0.662
0.161267
0.358856
0.120206
0.420082
0.221399
0.662
0.352716
0.662
0.662
0.662
0.662
0.0320105
0.454865
0.662
0.662
0.276871
0.399244
0.662
0.316408
0.422176
0.662
0.460676
0.662
0.662
0.251686
0.662
0.149996
0.662
0.662
0.662
0.132598
0.410458
0.151273
0.434551
0.662
0.378252
0.37624
0.662
0.223215
0.206637
0.582409
0.450285
0.303059
0.0415093
0.662
0.491243
0.662
0.662
0.25671
0.0431177
0.654645
0.0374782
0.191401
0.0336506
0.515072
0.0930141
0.662
0.510995
0.662
0.662
0.662
0.662
0.240028
0.662
0.662
0.557448
0.382043
0.518703
0.232484
0.321298
0.312784
0.21864
0.0828342
0.223944
0.042245
0.448712
0.662
0.238748
0.357344
0.408684
0.472466
0.184563
0.662
0.662
0.257187
0.219085
0.662
0.160135
0.289681
0.65637
0.662
0.569107
0.662
0.0439147
0.294899
0.295312
0.439166
0.662
0.218784
0.341654
0.584152
0.327503
0.662
0.021164
0.47628
0.662
0.273375
0.662
0.662
0.432795
0.662
0.271671
0.279473
0.319368
0.662
0.180593
0.192618
0.662
0.28262
0.662
0.254275
0.25751
0.577646
0.384879
0.662
0.371378
0.440392
0.662
0.102801
0.34243
0.288348
0.186777
0.662
0.662
0.662
0.476826
0.600784
0.253235
0.380005
0.445152
0.517527
0.662
0.153935
0.172496
0.342254
0.662
0.0643091
0.54278
0.662
0.186814
0.542302
0.400615
0.662
0.0481107
0.0221723
0.662
0.662
0.207269
0.522154
0.184705
0.454423
0.313114
0.55555
0.293603
0.319851
0.662
0.108606
0.662
0.662
0.305218
0.156648
0.205985
0.662
0.662
0.662
0.662
0.404592
0.396022
0.358443
0.18105
0.0187211
0.168934
0.507093
0.662
0.194387
0.0624742
0.662
0.111298
0.407682
0.623299
0.0379561
0.269931
0.662
0.637741
0.340489
0.0155683
0.662
0.429979
0.662
0.662
0.662
0.330504
0.161475
0.662
0.506043
0.226316
0.662
0.662
0.662
0.662
0.662
0.405784
0.527456
0.067002
0.341547
0.662
0.15475
0.0219056
0.50564
0.662
0.0235779
0.662
0.119029
0.556894
0.662
0.21697
0.341287
0.241464
0.390998
0.366962
0.408113
0.229004
0.662
0.313526
0.48888
0.422922
0.662
0.662
0.662
0.233289
0.300521
0.131603
0.105774
0.662
0.311246
0.662
0.662
0.662
0.423188
0.662
0.276291
0.236894
0.656912
0.662
0.298334
0.239522
0.437739
0.662
0.662
0.662
0.155108
0.483609
0.234833
0.22526
0.392381
0.235776
0.102961
0.261448
0.53862
0.324498
0.387996
0.417199
0.386022
0.30267
0.662
0.126002
0.212186
0.165926
0.288454
0.447743
0.240588
0.0595692
0.217941
0.362499
0.178833
0.662
0.0110353
0.123841
0.389221
0.022877
0.211105
0.332206
0.662
0.0253714
0.0303126
0.150461
0.200418
0.662
0.587975
0.0307632
