0.052441
0.662
0.208355
0.662
0.130807
0.241637
0.0681819
0.662
0.662
0.573721
0.662
0.662
0.662
0.124802
0.624599
0.392706
0.225451
0.305079
0.154744
0.440419
0.662
0.662
0.460631
0.078851
0.417363
0.662
0.662
0.662
0.662
0.213294
0.19613
0.662
0.253963
0.662
0.662
0.321514
0.662
0.185488
0.0787115
0.30905
0.662
0.658765
0.662
0.662
0.662
0.118792
0.450203
0.662
0.286601
0.467851
0.662
0.662
0.224839
0.662
0.128255
0.662
0.515217
0.570253
0.263815
0.19685
0.625071
0.152155
0.662
0.559873
0.204971
0.295582
0.662
0.523914
0.208617
0.165941
0.662
0.189572
0.662
0.229136
0.13918
0.662
0.662
0.662
0.103547
0.604025
0.294117
0.662
0.26709
0.17682
0.662
0.307693
0.662
0.487339
0.662
0.662
0.662
0.0390788
0.452844
0.486781
0.395935
0.662
0.662
0.662
0.429582
0.375468
0.0154551
0.137917
0.606233
0.662
0.662
0.00667666
0.662
0.662
0.662
0.185407
0.0757373
0.00340775
0.397862
0.327857
0.246486
0.470706
0.662
0.410003
0.308465
0.608447
0.539163
0.041728
0.516588
0.662
0.276014
0.00360765
0.662
0.662
0.215549
0.137856
0.662
0.627376
0.559259
0.662
0.662
0.153413
0.662
0.662
0.555628
0.0126602
0.662
0.662
0.184
0.381658
0.662
0.364429
0.662
0.662
0.219001
0.443833
0.662
0.372107
0.22154
0.662
0.662
0.0882059
0.367294
0.662
0.105824
0.0398029
0.268769
0.558251
0.662
0.662
0.368957
0.194689
0.662
0.662
0.662
0.148967
0.662
0.211653
0.631481
0.662
0.105016
0.220526
0.662
0.484602
0.15829
0.186819
0.587026
0.662
0.0667118
0.662
0.662
0.215721
0.206535
0.333819
0.501466
0.662
0.662
0.209184
0.336641
0.156235
0.371315
0.662
0.141445
0.457526
0.633253
0.129781
0.202726
0.436827
0.476302
0.662
0.379162
0.00999562
0.662
0.399096
0.662
0.222145
0.662
0.280566
0.426511
0.662
0.662
0.211026
0.662
0.607404
0.432949
0.128813
0.662
0.662
0.0238287
0.178018
0.662
0.409065
0.0861748
0.436831
0.662
0.123903
0.662
0.221911
0.0245719
0.662
0.249678
0.237189
0.662
0.123778
0.592436
0.0620111
0.199593
0.662
0.363375
0.662
0.662
0.408978
0.662
0.662
0.276048
0.226231
0.526664
0.467631
0.662
0.263532
0.571638
0.662
0.0842073
0.00842663
0.235876
0.315799
0.432074
0.662
0.662
0.069713
0.662
0.154275
0.352056
0.345927
0.362245
0.501961
0.662
0.662
0.475042
0.0496094
0.438832
0.662
0.142693
0.306493
0.318934
0.662
0.347484
0.662
0.662
0.662
0.662
0.199776
0.662
0.662
0.662
0.481222
0.558768
0.2478
0.165102
0.593357
0.184774
0.661381
0.0261956
0.148276
0.399939
0.56621
0.492963
0.662
0.662
0.228254
0.662
0.398484
0.662
0.32353
0.662
0.542427
0.0438845
0.251683
0.274128
0.152741
0.662
0.585831
0.662
0.209612
0.662
0.49868
0.188229
0.0956332
0.662
0.451311
0.662
0.3778
0.211368
0.662
0.662
0.662
0.662
0.461223
0.311644
0.4105
0.203464
0.662
0.319002
0.662
0.454941
0.662
0.136185
0.080835
0.662
0.495686
0.131872
0.662
0.363203
0.662
0.662
0.361757
0.0909195
0.288707
0.662
0.661877
0.0207352
0.167951
0.436949
0.662
0.662
0.203963
0.163392
0.250491
0.164818
0.211352
0.662
0.450552
0.221174
0.662
0.662
0.0921612
0.662
0.482436
0.0956262
0.662
0.0316918
0.662
0.118931
0.662
0.199441
0.537524
0.662
0.662
0.662
0.503877
0.662
0.662
0.0375195
0.0908085
0.192939
0.662
0.304525
0.28749
0.633917
0.564398
0.384715
0.530987
0.313255
0.662
0.638951
0.378537
0.425791
0.351908
0.197462
0.0817763
0.0205485
0.662
0.114741
0.372616
0.662
0.421984
0.662
0.168555
0.662
0.629455
0.662
0.507021
0.12716
0.525505
0.662
0.662
0.2398
0.662
0.662
0.0747838
0.602719
0.107014
0.662
0.273511
0.605278
0.662
0.662
0.31831
0.662
0.513247
0.378789
0.662
0.662
0.349152
0.662
0.0681497
0.0189083
0.662
0.312683
0.356162
0.242751
0.662
0.151808
0.662
0.121279
0.477803
0.0355996
0.142104
0.662
0.662
0.31354
0.20325
0.293094
0.662
0.529252
0.417277
0.384
0.326168
0.302691
0.662
0.448702
0.141148
0.662
0.649465
0.406533
0.662
0.614866
0.235009
0.16702
0.204329
0.662
0.38773
0.320082
0.293777
0.662
0.223782
0.42188
0.350747
0.218504
0.570048
0.224459
0.467266
0.135935
0.116068
0.662
0.662
0.662
0.662
0.662
0.0519145
0.590653
0.333725
0.0901399
0.0440216
0.367254
0.229372
0.53462
0.662
0.465556
0.662
0.662
0.173731
0.597388
0.232297
0.662
0.409302
0.313532
0.33188
0.375319
0.662
0.662
0.0468388
0.60548
0.662
0.104989
0.581004
0.130153
0.36089
0.662
0.662
0.662
0.662
0.454932
0.662
0.662
0.662
0.468607
0.368551
0.0423657
0.662
0.662
0.0333048
0.455289
0.24106
0.362896
0.591521
0.662
0.390045
0.229715
0.662
0.662
0.181259
0.206995
0.216841
0.0252268
0.662
0.133568
0.474734
0.662
0.662
0.0784869
0.177718
0.662
0.662
0.13933
0.495772
0.260844
0.662
0.134635
0.662
0.662
0.662
0.341453
0.47863
0.0564971
0.222449
0.598931
0.484742
0.518853
