0.662
0.657624
0.662
0.662
0.367254
0.501961
0.204971
0.432949
0.662
0.468607
0.662
0.662
0.0667118
0.662
0.570253
0.662
0.662
0.662
0.448702
0.539163
0.136185
0.662
0.0205485
0.376885
0.141445
0.662
0.425791
0.0440216
0.221174
0.250491
0.477803
0.662
0.33188
0.0438845
0.105016
0.662
0.662
0.662
0.662
0.152741
0.569905
0.662
0.602719
0.0787115
0.649465
0.350747
0.24106
0.662
0.222449
0.662
0.629455
0.662
0.662
0.30905
0.558768
0.390045
0.662
0.662
0.662
0.220526
0.436831
0.662
0.186819
0.662
0.0316918
0.392706
0.260261
0.107014
0.662
0.662
0.662
0.0423657
0.333819
0.129781
0.00296654
0.662
0.174636
0.465556
0.0681497
0.222145
0.381809
0.293763
0.662
0.662
0.662
0.662
0.203963
0.624599
0.168959
0.662
0.662
0.0681819
0.00842663
0.148276
0.573721
0.662
0.658765
0.204329
0.209612
0.662
0.60548
0.438832
0.199776
0.662
0.662
0.474734
0.347152
0.213714
0.141148
0.662
0.406533
0.662
0.237189
0.662
0.662
0.662
0.235009
0.662
0.320082
0.364429
0.662
0.454941
0.31354
0.608447
0.38773
0.4105
0.662
0.352056
0.0375195
0.313532
0.662
0.128813
0.118792
0.662
0.529252
0.306493
0.461223
0.368722
0.662
0.384715
0.662
0.228254
0.591521
0.662
0.211293
0.662
0.395935
0.2398
0.662
0.362071
0.0252268
0.662
0.15829
0.417277
0.662
0.347484
0.662
0.00360765
0.165102
0.363203
0.662
0.318738
0.662
0.662
0.571638
0.177718
0.662
0.349152
0.662
0.399096
0.662
0.662
0.476255
0.662
0.223782
0.2478
0.662
0.32353
0.052441
0.657836
0.662
0.490951
0.662
0.252598
0.662
0.662
0.42188
0.662
0.662
0.645516
0.662
0.286601
0.662
0.311644
0.199593
0.662
0.229372
0.662
0.662
0.174417
0.662
0.202726
0.229136
0.121279
0.0908085
0.515217
0.189249
0.069713
0.208151
0.662
0.662
0.13631
0.304525
0.585831
0.662
0.0747838
0.662
0.189572
0.662
0.662
0.268769
0.662
0.633917
0.662
0.604025
0.320848
0.662
0.662
0.137917
0.662
0.0398029
0.209184
0.143417
0.662
0.041728
0.517146
0.00999562
0.537524
0.163392
0.662
0.241637
0.662
0.440419
0.372616
0.232297
0.3778
0.662
0.219001
0.492573
0.662
0.0519145
0.408978
0.31982
0.662
0.662
0.10271
0.326168
0.142104
0.552265
0.662
0.662
0.12716
0.433982
0.199441
0.662
0.662
0.460631
0.593357
0.662
0.17682
0.192939
0.662
0.662
0.662
0.457526
0.662
0.295582
0.597388
0.662
0.662
0.627376
0.662
0.662
0.0245719
0.118931
0.0189083
0.662
0.625071
0.0367266
0.0784869
0.662
0.436827
0.206535
0.662
0.436949
0.662
0.662
0.662
0.481222
0.409302
0.598377
0.467266
0.0237051
0.662
0.215549
0.662
0.188229
0.0238287
0.638951
0.274128
0.662
0.0757373
0.467851
0.662
0.62823
0.587026
0.662
0.470706
0.451311
0.315799
0.13933
0.263815
0.662
0.336641
0.662
0.187393
0.18467
0.429582
0.215721
0.662
0.454932
0.16702
0.662
0.362245
0.559259
0.153413
0.555628
0.662
0.662
0.410003
0.662
0.637309
0.167951
0.662
0.661877
0.662
0.662
0.363375
0.662
0.662
0.662
0.662
0.570048
0.662
0.662
0.662
0.114741
0.399939
0.662
0.123903
0.662
0.242751
0.375468
0.260844
0.662
0.662
0.662
0.398484
0.662
0.662
0.184774
0.484742
0.283144
0.186409
0.318934
0.221911
0.450203
0.662
0.224839
0.0861748
0.484602
0.662
0.662
0.293094
0.662
0.662
0.662
0.631481
0.662
0.0901399
0.590653
0.525505
0.164818
0.185488
0.31831
0.475042
0.523914
0.124802
0.0564971
0.0842073
0.662
0.662
0.194689
0.0737163
0.662
0.213294
0.362896
0.421984
0.662
0.581004
0.123986
0.662
0.542427
0.211026
0.417363
0.662
0.662
0.492963
0.246486
0.168555
0.253963
0.662
0.555859
0.464095
0.662
0.130153
0.530987
0.165941
0.53462
0.662
0.249678
0.452844
0.662
0.0333048
0.662
0.0496094
0.00667666
0.432074
0.495686
0.356162
0.0956262
0.662
0.459739
0.235876
0.0468388
0.662
0.662
0.662
0.288707
0.0765824
0.378789
0.372107
