0.662
0.445816
0.662
0.26833
0.63472
0.304188
0.278168
0.662
0.217777
0.258822
0.234269
0.157239
0.662
0.662
0.662
0.102663
0.654752
0.662
0.388554
0.0821189
0.630619
0.163853
0.662
0.289272
0.393362
0.662
0.327288
0.662
0.662
0.197606
0.20774
0.353967
0.633699
0.557669
0.40016
0.0756142
0.662
0.644267
0.061471
0.662
0.38826
0.662
0.658247
0.662
0.286555
0.662
0.408194
0.419985
0.168855
0.132727
0.662
0.418195
0.263593
0.460428
0.662
0.662
0.44922
0.246142
0.0159199
0.0684938
0.657569
0.662
0.315544
0.452685
0.365449
0.662
0.331322
0.236928
0.279936
0.662
0.662
0.204542
0.183226
0.662
0.362929
0.0705433
0.225015
0.00809842
0.662
0.662
0.503672
0.662
0.662
0.0599007
0.662
0.662
0.0895972
0.525841
0.459678
0.167563
0.427307
0.0290377
0.425442
0.662
0.662
0.449365
0.406913
0.0964636
0.662
0.662
0.305661
0.330243
0.511516
0.352157
0.265508
0.662
0.662
0.541296
0.567628
0.119229
0.662
0.209489
0.165161
0.662
0.564701
0.401188
0.0980094
0.662
0.662
0.113879
0.662
0.662
0.662
0.297415
0.662
0.662
0.076237
0.42879
0.0364035
0.662
0.662
0.607748
0.128789
0.217947
0.472813
0.0351323
0.377781
0.232692
0.194282
0.0923707
0.594353
0.442346
0.662
0.198812
0.662
0.0458755
0.37707
0.250071
0.662
0.0256087
0.662
0.481357
0.0914523
0.662
0.662
0.469573
0.0932672
0.117894
0.236218
0.528499
0.662
0.298446
0.662
0.412195
0.145
0.373554
0.339538
0.265586
0.340983
0.662
0.662
0.215261
0.289819
0.644353
0.366571
0.218031
0.500216
0.662
0.456876
0.170405
0.206351
