0.261573
0.662
0.0363178
0.57297
0.251945
0.22568
0.662
0.00615011
0.269776
0.0495517
0.622809
0.15322
0.506367
0.662
0.541388
0.340373
0.662
0.662
0.435498
0.662
0.385029
0.154328
0.662
0.662
0.264031
0.159611
0.662
0.662
0.662
0.662
0.662
0.325343
0.662
0.275657
0.662
0.160581
0.398897
0.662
0.662
0.20616
0.341287
0.334959
0.205877
0.203071
0.662
0.318062
0.117864
0.449146
0.662
0.27129
0.662
0.662
0.458322
0.662
0.662
0.323704
0.146913
0.0516423
0.662
0.190023
0.203186
0.359939
0.166386
0.271859
0.240588
0.662
0.662
0.188035
0.662
0.196639
0.160916
0.310762
0.662
0.374367
0.223496
0.399968
0.495557
0.529098
0.0955848
0.309517
0.662
0.476754
0.479611
0.662
0.217941
0.662
0.0348346
0.662
0.662
0.662
0.662
0.152048
0.465449
0.197373
0.276291
0.662
0.662
0.662
0.662
0.245316
0.557766
0.662
0.576981
0.662
0.185042
0.59644
0.106812
0.43847
0.212084
0.662
0.0848224
0.597208
0.161335
0.271632
0.662
0.16439
0.233289
0.300521
0.629609
0.110885
0.168604
0.522345
0.201551
0.662
0.662
0.454582
0.503385
0.662
0.662
0.662
0.523708
0.266301
0.153289
0.662
0.312655
0.474902
0.327586
0.217468
0.409619
0.399244
0.662
0.638741
0.463784
0.623299
0.662
0.223944
0.126517
0.181166
0.246153
0.542198
0.349345
0.662
0.461784
0.110992
0.662
0.132185
0.56068
0.00520469
0.298255
0.199195
0.662
0.662
0.662
0.639491
0.158061
0.662
0.662
0.148602
0.572669
0.386032
0.662
0.166973
0.181274
0.00421891
0.0816854
0.662
0.662
0.104471
0.124981
0.389364
0.422176
0.662
0.662
0.207052
0.178728
0.0658772
0.270391
0.662
0.486484
0.215632
0.145894
0.662
0.662
0.256851
0.263771
0.492967
0.662
0.246198
0.090306
0.662
0.662
0.193482
0.0217324
0.662
0.662
0.592216
0.0284637
0.473061
0.247772
0.544198
0.655301
0.662
0.602835
0.195978
0.662
0.662
0.662
0.662
0.051817
0.190953
0.662
0.0677777
0.358838
0.662
0.662
0.662
0.662
0.662
0.662
0.497403
0.237738
0.557677
0.290887
0.49141
0.498214
0.101782
0.410774
0.53271
0.344732
0.662
0.662
0.410019
0.0832756
0.36827
0.000972438
0.0329976
0.662
0.0529813
0.662
0.458612
0.662
0.333747
0.662
0.236139
0.29044
0.291067
0.662
0.184008
0.662
0.662
0.662
0.262177
0.239008
0.21697
0.662
0.581985
0.662
0.662
0.662
0.226837
0.396153
0.0987288
0.216031
0.662
0.662
0.662
0.29017
0.245811
0.271521
0.0627277
0.355669
0.199836
0.20331
0.178981
0.628486
0.117329
0.506094
0.662
0.662
0.662
0.662
0.437732
0.662
0.662
0.0969159
0.484646
0.662
0.192074
0.0431177
0.109897
0.662
0.0408874
0.384037
0.289393
0.463245
0.662
0.379238
0.293407
0.662
0.662
0.199805
0.662
0.662
0.662
0.239522
0.0891795
0.27736
0.429746
0.662
0.249724
0.662
0.564274
0.662
0.662
0.662
0.329977
0.0308168
0.662
0.359539
0.662
0.466703
0.317766
0.392302
0.0560519
0.317303
0.599181
0.662
0.233014
0.32403
0.231202
0.662
0.662
0.199949
0.168565
0.662
0.453986
0.212125
0.45209
0.662
0.662
0.662
0.64332
0.662
0.251686
0.662
0.255649
0.0922421
0.384351
0.587012
0.662
0.0158307
0.213901
0.573001
0.662
0.662
0.662
0.138573
0.584152
0.662
0.662
0.573112
0.662
0.662
0.662
0.662
0.662
0.662
0.0487636
0.459658
0.662
0.465216
0.487293
0.257696
0.0183884
0.17068
0.662
0.0420978
0.313191
0.379691
0.191344
0.220813
0.348856
0.19164
0.662
0.504578
0.662
0.558543
0.161993
0.62366
0.268776
0.284611
0.583147
0.221776
0.662
0.040645
0.0369413
0.288901
0.515246
0.662
0.662
0.662
0.662
0.518703
0.0100434
0.106771
0.662
0.662
0.662
0.662
0.159036
0.246253
0.40225
0.662
0.11635
0.662
0.662
0.662
0.433411
0.306404
0.12983
0.659505
0.662
0.358065
0.225032
0.662
0.662
0.439963
0.58073
0.516823
0.639935
0.662
0.662
0.662
0.301921
0.239537
0.662
0.220291
0.662
0.662
0.662
0.475105
0.379703
0.0470081
0.396907
0.0580954
0.662
0.236267
0.613561
0.145843
0.0618968
0.168183
0.128717
0.662
0.662
0.662
0.662
0.662
0.662
0.221399
0.343135
0.0607033
0.00361133
0.662
0.328482
0.662
0.158126
0.30996
0.478326
0.662
0.662
0.662
0.662
0.240311
0.487797
0.302806
0.662
0.204894
0.662
0.091642
0.0573035
0.391079
0.569107
0.662
0.48079
0.254494
0.234463
0.338856
0.222803
0.662
0.0415093
0.391344
0.192766
0.0756399
0.303567
0.662
0.662
0.113702
0.662
0.127667
0.330364
0.421166
0.662
0.195657
0.181012
0.0119173
0.662
0.102961
0.112345
0.361854
0.0774928
0.662
0.102801
0.401153
0.662
0.182617
0.205291
0.445337
0.662
0.662
0.0721766
0.662
0.186814
0.662
0.662
0.662
0.662
0.2811
0.351468
0.662
0.246129
0.125599
0.191544
0.321246
0.0804488
0.199506
0.0136932
0.355231
0.0781755
0.662
0.484253
0.662
0.492051
0.662
0.164657
0.511395
0.137758
0.60991
0.662
0.496698
0.264873
0.0175168
0.662
0.662
0.535317
0.662
0.176105
0.161063
0.552482
0.662
0.349301
0.583378
0.662
0.169007
0.662
0.290319
0.355382
0.325078
0.662
0.534992
0.662
0.662
0.486692
0.350377
0.662
0.662
0.662
0.203748
0.12669
0.662
0.0687858
0.13104
0.217224
0.63339
0.662
0.3409
0.0424809
0.332154
0.135081
0.292574
0.662
0.662
0.662
0.460676
0.492878
0.454455
0.432545
0.653967
0.26378
0.139931
0.140863
0.662
0.662
0.390965
0.578009
0.662
0.35978
0.000616207
0.491763
0.279432
0.454658
0.198938
0.662
0.25682
0.662
0.343687
0.543942
0.323037
0.201516
0.167163
0.662
0.662
0.242969
0.662
0.662
0.206626
0.662
0.277068
0.662
0.662
0.312377
0.662
0.436522
0.448113
0.0411574
0.489753
0.0345764
0.0385802
0.662
0.204504
0.19978
0.461542
0.662
0.0370879
0.49169
0.662
0.662
0.438253
0.400464
0.662
0.427571
0.124154
0.662
0.503045
0.583006
0.274864
0.0316174
0.330684
0.662
0.662
0.123768
0.117053
0.541001
0.433333
0.322221
0.475473
0.662
0.109488
0.202865
0.363651
0.477153
0.662
0.662
0.495169
0.662
0.186753
0.385907
0.31298
0.249989
0.662
0.35177
0.205985
0.662
0.228895
0.182223
0.0683113
0.662
0.662
0.172412
0.662
0.211163
0.194583
0.446888
0.662
0.117493
0.662
0.632035
0.0871683
0.291202
0.0097958
0.0939697
0.662
0.329363
0.662
0.180728
0.0374973
0.132283
0.446858
0.662
0.346071
0.662
0.261798
0.110501
0.0800317
0.596785
0.508803
0.288029
0.608552
0.662
0.302731
0.210357
0.378398
0.662
0.0491613
0.368144
0.662
0.130133
0.662
0.662
0.148646
0.416181
0.662
0.0984014
0.0219056
0.217558
0.178882
0.125727
0.662
0.0384777
0.662
0.0599275
0.662
0.129196
0.352554
0.266196
0.0818004
0.293646
0.555764
0.662
0.224426
0.252683
0.424038
0.662
0.662
0.662
0.16226
0.0187211
0.129968
0.662
0.227243
0.662
0.239901
0.662
0.274375
0.662
0.0448155
0.662
0.662
0.662
0.662
0.662
0.0158701
0.47105
0.662
0.348772
0.662
0.662
0.454423
0.662
0.632459
0.662
0.510673
0.656556
0.467021
0.662
0.662
0.21417
0.662
0.598943
0.274776
0.662
0.0171974
0.114029
0.36427
0.662
0.204467
0.662
0.608353
0.662
0.202751
0.662
0.662
0.662
0.662
0.413102
0.662
0.186244
0.662
0.188712
0.216161
0.235776
0.550189
0.662
0.142471
0.334621
0.431283
0.662
0.662
0.179032
0.662
0.43378
0.662
0.662
0.166663
0.640539
0.662
0.0480619
0.662
0.142864
0.273931
0.355501
0.141538
0.331608
0.448712
0.662
0.251381
0.440999
0.662
0.237748
0.297121
0.457993
0.554335
0.132598
0.662
0.662
0.662
0.561437
0.662
0.377063
0.427697
0.662
0.662
0.662
0.344029
0.662
0.443764
0.386233
0.662
0.662
0.274248
0.662
0.662
0.662
0.662
0.662
0.662
0.662
0.626107
0.459351
0.117136
0.662
0.304589
0.662
0.338333
0.662
0.21305
0.419933
0.662
0.55282
0.137585
0.662
0.454936
0.187821
0.662
0.662
0.263298
0.0534358
0.152739
0.662
0.246522
0.662
0.457474
0.24699
0.662
0.662
0.662
0.662
0.662
0.662
0.662
0.294094
0.182232
0.212194
0.662
0.0548994
0.129501
0.218784
0.270714
0.338356
0.112666
0.396022
0.449189
0.16843
0.367673
0.662
0.466072
0.662
0.129282
0.448334
0.232197
0.662
0.392005
0.662
0.662
0.50477
0.552323
0.662
0.00208878
0.411822
0.662
0.662
0.662
0.0110353
0.0543231
0.295312
0.01638
0.402478
0.00338322
0.319368
0.629789
0.00407974
0.205776
0.662
0.662
0.662
0.247935
0.662
0.61218
0.630736
0.158631
0.662
0.577398
0.123895
0.662
0.662
0.219162
0.0408654
0.662
0.140368
0.198088
0.662
0.380501
0.410977
0.389666
0.644932
0.257187
0.370061
0.183866
0.107061
0.306102
0.238501
0.352716
0.662
0.662
0.406786
0.185867
0.218486
0.125577
0.662
0.126002
0.463779
0.173343
0.522605
0.539718
0.140405
0.662
0.662
0.159647
0.142554
0.662
0.62989
0.196852
0.200418
0.210289
0.241741
0.135217
0.576725
0.273613
0.19229
0.150081
0.662
0.662
0.185563
0.492388
0.662
0.662
0.0492053
0.662
0.662
0.152309
0.360254
0.662
0.543818
0.563082
0.516145
0.436646
0.662
0.152731
0.285055
0.0822823
0.567662
0.237819
0.662
0.662
0.44884
0.662
0.382054
0.599753
0.662
0.123886
0.125957
0.662
0.662
0.404374
0.662
0.131603
0.662
0.662
0.662
0.0205499
0.167204
0.159732
0.424583
0.431904
0.309886
0.662
0.144047
0.662
0.662
0.234833
0.662
0.00421857
0.208929
0.662
0.510791
0.102127
0.662
0.136683
0.662
0.260598
0.00921786
0.662
0.25743
0.271058
0.498434
0.247232
0.21343
0.439616
0.515094
0.211105
0.123007
0.456217
0.130007
0.662
0.200756
0.391656
0.221664
0.282912
0.20602
0.323472
0.662
0.428076
0.475134
0.370518
0.662
0.662
0.455886
0.450317
0.373096
0.351713
0.0828342
0.203135
0.527743
0.128715
0.565677
0.0340848
0.608011
0.0802737
0.662
0.662
0.662
0.662
0.492672
0.162856
0.662
0.369632
0.21707
0.662
0.25766
0.662
0.662
0.662
0.662
0.261894
0.375932
0.543627
0.395765
0.248569
0.200888
0.161761
0.662
0.662
0.348405
0.152138
0.662
0.081197
0.275431
0.662
0.585807
0.662
0.662
0.662
0.662
0.662
0.662
0.662
0.662
0.033672
0.207391
0.0514326
0.662
0.473629
0.662
0.215597
0.458695
0.0666153
0.392046
0.662
0.433376
0.662
0.267127
0.662
0.16321
0.662
0.662
0.259882
0.520197
0.0679894
0.0270865
0.101987
0.662
0.662
0.662
0.662
0.662
0.662
0.101299
0.63033
0.591433
0.586673
0.381666
0.553247
0.10259
0.662
0.236578
0.376461
0.131062
0.662
0.405784
0.229939
0.314568
0.0523908
0.662
0.662
0.662
0.248892
0.47225
0.662
0.662
0.360381
0.242412
0.113143
0.662
0.662
0.638907
0.496554
0.382884
0.662
0.662
0.662
0.662
0.144566
0.0930008
0.12774
0.662
0.185309
0.662
0.220119
0.662
0.662
0.662
0.662
0.345384
0.662
0.271078
0.623058
0.25508
0.429386
0.662
0.662
0.292988
0.191337
0.366677
0.0456105
0.26077
0.662
0.662
0.662
0.184705
0.662
0.662
0.0709479
0.662
0.662
0.140542
0.468183
0.15049
0.473472
0.662
0.377345
0.0812887
0.0935378
0.28578
0.656456
0.0682269
0.130657
0.296107
0.0401434
0.621179
0.662
0.285793
0.374359
0.662
0.265959
0.105774
0.0334378
0.662
0.392519
0.217594
0.398286
0.662
0.662
0.409354
0.662
0.662
0.662
0.662
0.662
0.489726
0.662
0.501421
0.662
0.349963
0.438105
0.662
0.662
3.63595e-05
0.662
0.270453
0.662
0.277978
0.662
0.159993
0.171911
0.215391
0.662
0.662
0.662
0.662
0.201184
0.505527
0.225397
0.662
0.453631
0.161769
0.662
0.662
0.506043
0.226316
0.211773
0.662
0.662
0.355484
0.662
0.662
0.377163
0.120206
0.584933
0.207916
0.122726
0.590573
0.662
0.223215
0.662
0.452242
0.254275
0.0348057
0.254139
0.662
0.662
0.453659
0.473697
0.662
0.258298
0.662
0.195318
0.529842
0.637741
0.340489
0.662
0.21801
0.275427
0.662
0.503368
0.0970369
0.429558
0.53862
0.395713
0.662
0.615596
0.133131
0.342832
0.662
0.662
0.662
0.222486
0.662
0.662
0.205887
0.662
0.0095182
0.0374782
0.168483
0.150962
0.662
0.193998
0.431871
0.430857
0.3628
0.662
0.124798
0.503562
0.341695
0.0145092
0.662
0.279952
0.532194
0.350117
0.100034
0.380973
0.557448
0.662
0.365889
0.662
0.662
0.405224
0.662
0.22167
0.332004
0.277941
0.0873179
0.151056
0.202797
0.360855
0.021164
0.145228
0.263615
0.662
0.662
0.201763
0.0824561
0.138002
0.0239943
0.662
0.359966
0.662
0.377482
0.662
0.662
0.409766
0.547556
0.424283
0.228378
0.662
0.0216614
0.662
0.267078
0.241518
0.216267
0.56829
0.360236
0.208777
0.662
0.476663
0.662
0.662
0.561422
0.0699318
0.412989
0.662
0.570998
0.0951955
0.662
0.23877
0.349594
0.310813
0.21606
0.475606
0.486412
0.0358554
0.662
0.267578
0.18794
0.0116047
0.313855
0.104509
0.662
0.0150023
0.208554
0.190962
0.222895
0.458149
0.319618
0.662
0.662
0.0426836
0.662
0.0297138
0.0439433
0.0403934
0.662
0.439162
0.662
0.662
0.190488
0.630148
0.662
0.662
0.350947
0.268868
0.432301
0.313526
0.633391
0.662
0.662
0.662
0.662
0.245428
0.662
0.662
0.317059
0.492175
0.333921
0.662
0.510995
0.662
0.662
0.662
0.662
0.662
0.425945
0.662
0.174279
0.662
0.428183
0.460123
0.194239
0.313343
0.401394
0.322199
0.221557
0.280195
0.662
0.18076
0.519586
0.662
0.662
0.124937
0.0333408
0.662
0.631868
0.0751747
0.221151
0.662
0.662
0.662
0.386843
0.398033
0.315466
0.316247
0.369766
0.210826
0.662
0.662
0.662
0.662
0.439488
0.608568
0.662
0.131403
0.253447
0.662
0.276422
0.662
0.139998
0.348753
0.29468
0.107235
0.662
0.517417
0.275512
0.189214
0.662
0.542302
0.330897
0.144829
0.662
0.662
0.243722
0.12733
0.662
0.123593
0.0988134
0.0283378
0.292006
0.662
0.0999263
0.406608
0.174005
0.138348
0.322629
0.662
0.156099
0.662
0.662
0.420172
0.662
0.662
0.228808
0.270777
0.347376
0.541466
0.586265
0.282703
0.344819
0.375628
0.353646
0.409119
0.522154
0.365432
0.0163943
0.662
0.0782859
0.290887
0.367698
0.662
0.158834
0.327036
0.433553
0.317754
0.662
0.468273
0.262741
0.662
0.11156
0.129688
0.320222
0.100556
0.450285
0.662
0.461739
0.662
0.662
0.17158
0.662
0.662
0.662
0.662
0.09841
0.283703
0.246962
0.123194
0.185286
0.199535
0.583816
0.281918
0.0895922
0.327503
0.662
0.134499
0.165476
0.221124
0.662
0.662
0.341547
0.662
0.662
0.662
0.615749
0.431915
0.426288
0.662
0.353153
0.662
0.182945
0.662
0.427433
0.662
0.662
0.246685
0.662
0.606389
0.662
0.662
0.352574
0.38874
0.309133
0.46967
0.662
0.239253
0.393873
0.662
0.662
0.662
0.644162
0.33188
0.0605507
0.662
0.662
0.662
0.517527
0.21526
0.662
0.565468
0.662
0.345047
0.662
0.39618
0.343946
0.662
0.629298
0.521922
0.0976649
0.468834
0.662
0.662
0.662
0.124564
0.272129
0.662
0.439537
0.303059
0.47642
0.413637
0.662
0.662
0.383308
0.662
0.662
0.421934
0.403313
0.662
0.403461
0.662
0.117385
0.662
0.662
0.498112
0.210188
0.662
0.203146
0.0913307
0.238257
0.662
0.298334
0.415301
0.38716
0.0439147
0.662
0.662
0.662
0.292046
0.662
0.116428
0.340249
0.446027
0.295359
0.146216
0.389221
0.422414
0.345502
0.528673
0.144821
0.0292474
0.462405
0.459235
0.192001
0.171501
0.293717
0.120975
0.234542
0.170744
0.181802
0.128327
0.151614
0.662
0.662
0.141114
0.662
0.384911
0.196968
0.467903
0.158044
0.359396
0.042247
0.662
0.662
0.662
0.301023
0.662
0.415549
0.662
0.337924
0.628748
0.115775
0.662
0.455848
0.662
0.662
0.527456
0.0268116
0.662
0.189468
0.430347
0.218908
0.410548
0.250284
0.662
0.227067
0.452271
0.377458
0.662
0.206637
0.104246
0.0276142
0.00231543
0.0978206
0.393303
0.237878
0.0134762
0.25751
0.4288
0.309953
0.662
0.494714
0.662
0.199076
0.2056
0.662
0.662
0.336221
0.344682
0.0799908
0.662
0.0383469
0.0462235
0.662
0.662
0.662
0.18921
0.662
0.415059
0.662
0.662
0.662
0.447658
0.23417
0.662
0.274188
0.662
0.155312
0.184563
0.249172
0.193594
0.0742177
0.662
0.377245
0.306645
0.662
0.662
0.290641
0.662
0.159708
0.279156
0.163679
0.662
0.662
0.662
0.446638
0.0246903
0.342849
0.662
0.662
0.662
0.341889
0.662
0.173162
0.19224
0.13448
0.370765
0.0843937
0.58714
0.662
0.662
0.648895
0.662
0.0956448
0.662
0.191201
0.172438
0.662
0.386018
0.662
0.520512
0.413622
0.662
0.662
0.662
0.602467
0.237444
0.289122
0.662
0.662
0.0106952
0.662
0.662
0.025614
9.04806e-05
0.662
0.662
0.0643424
0.662
0.466506
0.662
0.469709
0.662
0.662
0.446213
0.164887
0.480236
0.29075
0.662
0.426737
0.593687
0.662
0.411294
0.284622
0.0818429
0.227303
0.200224
0.071159
0.662
0.112199
0.662
0.662
0.461666
0.181619
0.662
0.662
0.33252
0.477863
0.111479
0.0320105
0.00697695
0.662
0.36915
0.123823
0.662
0.132309
0.276302
0.401032
0.405742
0.662
0.662
0.263256
0.662
0.190196
0.662
0.074629
0.330722
0.662
0.189406
0.126756
0.662
0.662
0.662
0.662
0.662
0.662
0.405394
0.662
0.395623
0.662
0.662
0.662
0.207184
0.388682
0.662
0.185878
0.34661
0.384079
0.269488
0.394969
0.186057
0.662
0.347874
0.662
0.443033
0.662
0.0387216
0.110008
0.128579
0.480295
0.281111
0.377099
0.185409
0.373776
0.122741
0.225673
0.301264
0.470013
0.662
0.411016
0.116896
0.662
0.425069
0.662
0.0550469
0.398027
0.637872
0.0279641
0.358709
0.662
0.146126
0.662
0.114816
0.662
0.662
0.416361
0.522003
0.200149
0.583896
0.128396
0.28262
0.445612
0.0764845
0.640638
0.662
0.662
0.40956
0.347204
0.662
0.662
0.374704
0.322052
0.421387
0.662
0.13731
0.36082
0.118194
0.662
0.209992
0.313619
0.534788
0.15541
0.348005
0.662
0.232818
0.51782
0.629569
0.47628
0.662
0.0681768
0.604018
0.453773
0.593573
0.662
0.662
0.331706
0.662
0.662
0.633694
0.662
0.662
0.138678
0.462346
0.231318
0.618969
0.17114
0.48006
0.662
0.189638
0.662
0.662
0.0428685
0.553536
0.561176
0.0944253
0.210739
0.274725
0.30677
0.179964
0.662
0.47936
0.366962
0.0478918
0.29218
0.404259
0.195682
0.248703
0.35677
0.160224
0.16475
0.662
0.622401
0.662
0.380134
0.306788
0.662
0.662
0.662
0.213141
0.662
0.229568
0.120951
0.662
0.662
0.662
0.0374475
0.662
0.662
0.662
0.662
0.662
0.662
0.662
0.459288
0.494849
0.662
0.188513
0.662
0.0338498
0.662
0.159333
0.0543242
0.107119
0.539336
0.25319
0.169765
0.662
0.185772
0.353861
0.380595
0.438659
0.3005
0.475743
5.79814e-06
0.127345
0.662
0.116039
0.0603534
0.19434
0.662
0.466102
0.347451
0.20048
0.284874
0.29487
0.662
0.662
0.464736
0.246684
0.457167
0.449997
0.346773
0.175235
0.385991
0.662
0.662
0.331334
0.662
0.662
0.662
0.0118604
0.230532
0.29204
0.519561
0.662
0.662
0.365153
0.662
0.462862
0.662
0.662
0.420781
0.517193
0.662
0.207269
0.437739
0.662
0.662
0.304323
0.662
0.0784075
0.662
0.434207
0.662
0.217411
0.662
0.35845
0.104219
0.61594
0.0732612
0.0914067
0.357442
0.220461
0.259123
0.662
0.207919
0.369855
0.63043
0.662
0.662
0.290087
0.662
0.451773
0.662
0.0355514
0.468601
0.609532
0.451413
0.411823
0.256804
0.49587
0.662
0.541555
0.321583
0.538201
0.427099
0.238994
0.662
0.662
0.130011
0.147082
0.208548
0.4219
0.153935
0.662
0.528677
0.586118
0.662
0.513544
0.104599
0.32742
0.662
0.268547
0.662
0.662
0.662
0.662
0.217039
0.207696
0.662
0.0315849
0.468566
0.662
0.264551
0.662
0.662
0.662
0.465993
0.658191
0.305738
0.473286
0.662
0.353409
0.391698
0.662
0.0147841
0.662
0.422922
0.662
0.662
0.324104
0.0558927
0.190084
0.322782
0.110932
0.662
0.569919
0.662
0.232848
0.662
0.492413
0.23153
0.0439918
0.351125
0.662
0.662
0.662
0.154428
0.662
0.102983
0.662
0.0633359
0.319899
0.662
0.261217
0.200157
0.0245983
0.496584
0.549907
0.324691
0.662
0.107791
0.154979
0.407546
0.36279
0.662
0.662
0.662
0.23056
0.662
0.220605
0.37624
0.592929
0.662
0.662
0.171849
0.208409
0.647952
0.0827312
0.0323179
0.240013
0.402034
0.404459
0.662
0.662
0.446355
0.0316592
0.662
0.228514
0.112897
0.188599
0.662
0.0963702
0.629162
0.387755
0.662
0.662
0.662
0.662
0.0649275
0.662
0.0200867
0.662
0.662
0.259226
0.0419985
0.662
0.184508
0.662
0.662
0.662
0.662
0.215108
0.182644
0.508115
0.662
0.487739
0.451695
0.662
0.662
0.332639
0.38598
0.447743
0.363233
0.662
0.662
0.216244
0.662
0.043259
0.201999
0.662
0.662
0.45495
0.0836936
0.160147
0.598055
0.447039
0.396078
0.136323
0.662
0.240028
0.662
0.33018
0.262938
0.662
0.454865
0.532901
0.14926
0.662
0.211303
0.662
0.662
0.662
0.662
0.313646
0.189999
0.276485
0.490816
0.402794
0.60621
0.20324
0.662
0.318882
0.662
0.662
0.39937
0.662
0.30023
0.331668
0.662
0.662
0.662
0.188726
0.336137
0.169245
0.662
0.401612
0.116479
0.662
0.128338
0.108246
0.203447
0.613012
0.196431
0.422408
0.662
0.112505
0.00615362
0.662
0.246619
0.662
0.00024941
0.445627
0.408113
0.349016
0.00232356
0.662
0.509208
0.662
0.311692
0.662
0.293853
0.662
0.222521
0.662
0.16075
0.662
0.502064
0.412049
0.136004
0.407037
0.270658
0.382028
0.633049
0.662
0.203
0.662
0.140644
0.141498
0.662
0.0257394
0.317719
0.305398
0.662
0.0229168
0.662
0.662
0.012947
0.204529
0.662
0.267985
0.662
0.662
0.419541
0.330997
0.302476
0.662
0.662
0.662
0.0547022
0.311023
0.662
0.662
0.307855
0.182334
0.662
0.475949
0.662
0.192883
0.089692
0.662
0.189235
0.662
0.662
0.323025
0.662
0.41787
0.662
0.583474
0.662
0.0935022
0.249272
0.189227
0.662
0.326491
0.378742
0.662
0.662
0.662
0.120809
0.662
0.32287
0.662
0.662
0.289681
0.662
0.662
0.662
0.380162
0.662
0.3896
0.662
0.0629767
0.474336
0.552406
0.662
0.662
0.662
0.410064
0.662
0.0474589
0.662
0.341902
0.662
0.662
0.185081
0.662
0.272831
0.662
0.662
0.260739
0.662
0.662
0.156903
0.0619951
0.0956953
0.179029
0.662
0.0709138
0.662
0.662
0.662
0.662
0.662
0.662
0.662
0.255465
0.662
0.662
0.186004
0.276795
0.0159881
0.26615
0.347462
0.159815
0.255449
0.261599
0.496538
0.127791
0.662
0.539935
0.662
0.662
0.662
0.0608667
0.0096117
0.662
0.662
0.440392
0.26843
0.327477
0.452827
0.347251
0.495469
0.0114556
0.121499
0.418714
0.343818
0.455572
0.662
0.44676
0.662
0.528412
0.219503
0.435292
0.329321
0.662
0.187995
0.662
0.00393415
0.662
0.272011
0.428241
0.662
0.662
0.662
0.662
0.662
0.662
0.576717
0.662
0.662
0.184017
0.662
0.47128
0.0307632
0.380005
0.320106
0.662
0.537598
0.0871746
0.21945
0.662
0.621918
0.662
0.662
0.169326
0.218457
0.662
0.662
0.662
0.662
0.183659
0.662
0.662
0.662
0.662
0.11829
0.114187
0.419487
0.662
0.372649
0.0130435
0.662
0.662
0.662
0.275477
0.662
0.469744
0.662
0.114195
0.662
0.662
0.0900119
0.662
0.609796
0.662
0.662
0.384879
0.338142
0.634166
0.662
0.662
0.662
0.140829
0.427643
0.662
0.355225
0.662
0.662
0.463645
0.460007
0.24532
0.662
0.16616
0.435883
0.662
0.662
0.0312295
0.617913
0.197265
0.662
0.335281
0.20038
0.539773
0.361781
0.662
0.654645
0.402248
0.263041
0.175701
0.0509835
0.662
0.662
0.662
0.00403628
0.533943
0.0842118
0.463701
0.565776
0.662
0.662
0.662
0.662
0.0458132
0.662
0.343613
0.236894
0.575457
0.380976
0.662
0.00795572
0.242713
0.296192
0.537092
0.544506
0.485916
0.253632
0.662
0.526037
0.662
0.27845
0.463359
0.0582684
0.416825
0.018232
0.267072
0.318602
0.439166
0.662
0.533046
0.512943
0.274536
0.662
0.545823
0.662
0.137844
0.662
0.662
0.223056
0.662
0.198003
0.117299
0.402074
0.101456
0.662
0.662
0.199775
0.589043
0.0823812
0.662
0.662
0.662
0.404089
0.229365
0.0720725
0.3516
0.662
0.662
0.470388
0.273279
0.118543
0.0835169
0.662
0.240445
0.292304
0.662
0.662
0.584354
0.662
0.45297
0.662
0.371593
0.410228
0.209389
0.563488
0.244674
0.662
0.662
0.344879
0.124405
0.0459863
0.318423
0.259938
0.211711
0.245831
0.401079
0.244885
0.662
0.662
0.413207
0.170174
0.662
0.662
0.662
0.431586
0.15475
0.0491291
0.193632
0.4757
0.350367
0.253238
0.156942
0.471598
0.180881
0.428544
0.366895
0.484936
0.662
0.662
0.662
0.408436
0.364092
0.662
0.662
0.2182
0.144204
0.420559
0.434994
0.11261
0.662
0.662
0.445226
0.662
0.211906
0.344273
0.308933
0.662
0.349874
0.244885
0.455103
0.662
0.437584
0.424617
0.662
0.395558
0.331894
0.304572
0.495443
0.193534
0.342254
0.186724
0.662
0.574501
0.378268
0.662
0.662
0.644144
0.498916
0.36204
0.62653
0.39449
0.662
0.212605
0.662
0.662
0.662
0.662
0.421097
0.297418
0.662
0.662
0.662
0.662
0.662
0.00740425
0.662
0.159117
0.662
0.495488
0.312985
0.662
0.24201
0.438039
0.662
0.662
0.223063
0.662
0.153525
0.401265
0.397569
0.662
0.284764
0.0369238
0.0913058
0.291563
0.662
0.125069
0.398788
0.0858998
0.662
0.662
0.416668
0.0258418
0.423188
0.662
0.554013
0.662
0.200175
0.662
0.162299
0.662
0.197578
0.156378
0.662
0.387321
0.21374
0.662
0.260787
0.662
0.600784
0.433608
0.468105
0.662
0.662
0.233322
0.387285
0.316611
0.662
0.480954
0.662
0.404969
0.202542
0.0563514
0.213032
0.594948
0.489234
0.662
0.0864201
0.662
0.662
0.662
0.662
0.0940501
0.172929
0.170787
0.662
0.662
0.41522
0.394198
0.254044
0.190883
0.362061
0.546271
0.34781
0.662
0.177104
0.28774
0.165662
0.0766524
0.514342
0.229105
0.662
0.326531
0.270984
0.0549671
0.662
0.387428
0.129793
0.662
0.333472
0.0288442
0.203987
0.18105
0.088209
0.662
0.662
0.194381
0.662
0.265682
0.200661
0.0615358
0.351855
0.434797
0.62995
0.132269
0.0571717
0.193588
0.631831
0.445089
0.374124
0.284119
0.662
0.108606
0.662
0.662
0.646893
0.404673
0.405014
0.662
0.662
0.662
0.294899
0.662
0.662
0.185399
0.0740163
0.629408
0.662
0.662
0.662
0.0147433
0.22518
0.662
0.649106
0.423515
0.232535
0.662
0.403981
0.662
0.612465
0.422795
0.662
0.43795
0.0874499
0.125514
0.662
0.440943
0.111382
0.662
0.592468
0.156107
0.51581
0.0303126
0.113662
0.250251
0.148977
0.303731
0.32364
0.394036
0.0393913
0.440804
0.490678
0.662
0.0886971
0.301996
0.224784
0.662
0.662
0.316585
0.0377044
0.662
0.19028
0.662
0.662
0.662
0.662
0.662
0.662
0.662
0.525863
0.365228
0.662
0.19161
0.201349
0.662
0.374404
0.662
0.215559
0.662
0.248045
0.397643
0.662
0.662
0.662
0.370902
0.662
0.00569639
0.199319
0.662
0.662
0.662
0.662
0.662
0.19451
0.377456
0.578965
0.662
0.662
0.662
0.346098
0.368207
0.662
0.336661
0.662
0.382331
0.494661
0.163272
0.63887
0.662
0.0320534
0.259812
0.358219
0.662
0.442838
0.0852339
0.449125
0.662
0.662
0.121935
0.467275
0.559295
0.148493
0.662
0.552397
0.662
0.422672
0.662
0.348194
0.422347
0.0357635
0.00718898
0.662
0.198825
0.180415
0.398578
0.662
0.662
0.0415331
0.113014
0.251712
0.662
0.186288
0.0595692
0.0547051
0.662
0.0676412
0.662
0.171568
0.662
0.662
0.42533
0.662
0.256775
0.662
0.256358
0.263812
0.556894
0.166223
0.280938
0.662
0.203292
0.432739
0.536011
0.0989041
0.628844
0.426055
0.348809
0.580255
0.323317
0.229317
0.00578995
0.000163173
0.662
0.662
0.662
0.300559
0.662
0.662
0.459437
0.342998
0.299366
0.662
0.662
0.404592
0.367532
0.0562849
0.183192
0.328644
0.0665741
0.342207
0.662
0.339732
0.159192
0.571767
0.042839
0.247943
0.343572
0.662
0.662
0.45689
0.662
0.662
0.662
0.219085
0.195964
0.443483
0.33409
0.317108
0.662
0.662
0.662
0.0173532
0.43842
0.662
0.662
0.220777
0.173217
0.236748
0.224565
0.662
0.378725
0.662
0.4607
0.662
0.250476
0.0492861
0.213638
0.531851
0.211118
0.662
0.559586
0.224958
0.662
0.527839
0.102908
0.28392
0.662
0.176502
0.662
0.662
0.136252
0.512488
0.608576
0.662
0.662
0.40965
0.662
0.46522
0.662
0.336431
0.12486
0.464627
0.293729
0.328775
0.41422
0.567298
0.662
0.662
0.662
0.449077
0.662
0.662
0.625674
0.662
0.277097
0.662
0.662
0.22526
0.476826
0.319851
0.130135
0.340835
0.298816
0.0489319
0.45969
0.662
0.311246
0.43692
0.149759
0.607799
0.662
0.322761
0.662
0.662
0.198203
0.241458
0.403434
0.241705
0.0137604
0.407682
0.11307
0.662
0.0890729
0.284874
0.662
0.662
0.23365
0.662
0.327351
0.662
0.554094
0.0448596
0.222417
0.567407
0.0833827
0.662
0.662
0.179564
0.405995
0.235151
0.0510121
0.662
0.185834
0.343881
0.662
0.275546
0.662
0.211522
0.300133
0.0760413
0.173037
0.127047
0.0296851
0.00858805
0.662
0.222111
0.662
0.288454
0.662
0.662
0.380796
0.662
0.115879
0.662
0.202808
0.662
0.466588
0.559252
0.0680657
0.662
0.662
0.662
0.662
0.662
0.112861
0.50372
0.172901
0.095784
0.662
0.662
0.15333
0.469945
0.201703
0.201597
0.662
0.410809
0.662
0.00319968
0.662
0.662
0.0174284
0.572024
0.448684
0.39552
0.579062
0.393774
0.662
0.504792
0.318679
0.662
0.501458
0.317544
0.662
0.662
0.419451
0.662
0.662
0.293503
0.394611
0.0830507
0.0579556
0.249081
0.445959
0.662
0.662
0.328175
0.521212
0.257788
0.318663
0.24394
0.101772
0.291283
0.198271
0.444658
0.356324
0.662
0.219266
0.4049
0.205451
0.662
0.341654
0.45127
0.662
0.662
0.662
0.407042
0.19473
0.315581
0.662
0.662
0.662
0.00102197
0.662
0.662
0.421721
0.428149
0.662
0.255295
0.662
0.662
0.102757
0.662
0.266147
0.37451
0.238949
0.422423
0.347634
0.555881
0.662
0.20492
0.662
0.624424
0.541673
0.0617605
0.471676
0.594332
0.406317
0.238974
0.662
0.161267
0.358856
0.437033
0.662
0.517934
0.291524
0.400494
0.113298
0.662
0.275302
0.293618
0.0260148
0.0322216
0.358191
0.0448603
0.662
0.366586
0.319588
0.451289
0.475388
0.662
0.47981
0.00553346
0.662
0.224711
0.602339
0.114146
0.0274456
0.0245649
0.24114
0.483296
0.662
0.0957896
0.201461
0.569267
0.662
0.662
0.662
0.192836
0.46955
0.119358
0.128405
0.214912
0.662
0.407031
0.662
0.408402
0.662
0.662
0.157162
0.3731
0.169514
0.268658
0.662
0.207468
0.21483
0.662
0.404424
0.662
0.662
0.301441
0.331346
0.662
0.656912
0.355166
0.386965
0.283384
0.662
0.121694
0.196677
0.441448
0.201359
0.290073
0.341396
0.336539
0.408684
0.662
0.190984
0.338483
0.662
0.662
0.225399
0.233456
0.662
0.308353
0.201222
0.662
0.18261
0.318325
0.251046
0.2301
