0.153017
0.48083
0.217121
0.662
0.567686
0.662
0.467926
0.195605
0.195522
0.662
0.197891
0.662
0.662
0.662
0.662
0.662
0.226479
0.0155991
0.662
0.662
0.153106
0.662
0.633694
0.662
0.00590166
0.0658218
0.476329
0.662
0.59975
0.662
0.662
0.662
0.662
0.507031
0.383446
0.465214
0.289225
0.662
0.662
0.151542
0.418597
0.239458
0.662
0.114375
0.342134
0.0430818
0.252894
0.378451
0.189673
0.191095
0.153909
0.228698
0.662
0.662
0.307507
0.250644
0.662
0.315145
0.431092
0.186414
0.278042
0.662
0.247769
0.662
0.658485
0.662
0.253252
0.213422
0.077728
0.578982
0.329516
0.299788
0.662
0.140427
0.405971
0.444429
0.569468
0.183947
0.240948
0.662
0.662
0.437816
0.342431
0.287184
0.0294042
0.662
0.00492133
0.136539
0.611957
0.461207
0.662
0.265397
0.662
0.347841
0.662
0.652004
0.662
0.474634
0.428209
0.662
0.662
0.662
0.662
0.557558
0.0958563
0.000933679
0.662
0.662
0.662
0.269093
0.662
0.247259
0.0880281
0.209335
0.662
0.153715
0.258028
0.662
0.161943
0.281607
0.317296
0.662
0.662
0.00723768
0.22523
0.121388
0.412989
0.662
0.662
0.580442
0.0613338
0.13848
0.31622
0.662
0.233307
0.325195
0.167785
0.465907
0.399038
0.662
0.436183
0.662
0.179549
0.00353889
0.662
0.603455
0.161356
0.0708325
0.662
0.662
0.32345
0.147704
0.662
0.452535
0.335718
0.135259
0.662
0.662
0.20226
