0.486919
0.460964
0.127405
0.662
0.612106
0.632044
0.662
0.43295
0.324279
0.662
0.64061
0.186527
0.662
0.662
0.310403
0.0766815
0.662
0.662
0.249056
0.662
0.662
0.662
0.662
0.662
0.662
0.0676465
0.556077
0.662
0.662
0.662
0.618594
0.191945
0.662
0.300671
0.662
0.662
0.373444
0.196907
0.662
0.200348
0.592708
0.336095
0.662
0.227123
0.662
0.39562
0.662
0.556225
0.537348
0.511428
0.424457
0.220826
0.621076
0.662
0.579351
0.662
0.045496
0.662
0.662
0.0105041
0.401297
0.103565
0.662
0.173997
0.551104
0.662
0.224943
0.662
0.365575
0.121077
0.142086
0.662
0.380432
0.662
0.662
0.662
0.0392936
0.462941
0.222609
0.285608
0.0770092
0.662
0.662
0.662
0.438338
0.662
0.137467
0.191878
0.662
0.662
0.662
0.662
0.318423
0.0195931
0.60978
0.662
0.553065
0.448393
0.662
0.662
0.208843
0.615532
0.348082
0.662
0.158498
0.346644
0.662
0.344539
0.662
0.662
0.220442
0.662
0.662
0.662
0.484927
0.662
0.109405
0.338635
0.405684
0.401038
0.280191
0.662
0.662
0.185774
0.118525
0.0277256
0.603132
0.0922443
0.662
0.182481
0.662
0.662
0.348054
0.372181
0.438773
0.199081
0.662
0.662
0.662
0.206343
0.662
0.32853
0.0272798
0.662
0.069422
0.229606
0.662
0.662
0.662
0.405137
0.329889
0.454322
0.153906
0.662
0.121709
0.662
0.54913
0.662
0.662
0.662
0.662
0.662
0.211558
0.662
0.102518
0.12706
0.114364
0.18616
0.561356
0.662
0.662
0.662
0.421555
0.0734416
0.631318
0.210277
0.0279994
0.662
0.662
0.662
0.545536
0.0801176
0.610569
0.0293042
0.63121
0.218441
0.662
0.662
0.203359
0.662
0.113034
0.260138
0.57266
0.662
0.167619
0.0858228
0.271742
0.662
0.451923
0.267461
0.387502
0.662
0.480114
0.426463
0.662
0.098953
0.0423182
0.353182
0.138747
0.0400082
0.662
0.662
0.104815
0.0803684
0.662
0.502689
0.662
0.662
0.662
0.0250903
0.383961
0.662
0.268744
0.393429
0.45544
0.662
0.662
0.456456
0.662
0.29415
0.210307
0.637871
0.417456
0.49311
0.662
0.40215
0.577879
0.233539
0.457051
0.144544
0.282231
0.566383
0.662
0.662
0.450548
0.197843
0.179948
0.584437
0.340786
0.662
0.270174
0.662
0.662
0.662
0.662
0.662
0.536428
0.129095
0.662
0.211509
0.662
0.662
0.208691
0.517327
0.130212
0.662
0.173128
0.662
0.190986
0.662
0.168501
0.45391
0.109743
0.145864
0.197114
0.218815
0.203394
0.310248
0.411659
0.662
0.626364
0.662
0.662
0.461026
0.24036
0.164079
0.662
0.192321
0.190774
0.662
0.429335
0.662
0.190127
0.198655
0.146326
0.422701
0.414245
0.184589
0.189191
0.0642566
0.38124
0.062984
0.662
0.662
0.662
0.66182
0.662
0.1614
0.662
0.0122905
0.251734
0.662
0.662
0.455153
0.405452
0.662
0.300473
0.662
0.198874
0.260997
0.662
0.662
0.428116
0.0148119
0.662
0.662
0.152844
0.0883972
0.56232
0.474184
0.260268
0.20775
0.662
0.662
0.118204
0.347767
0.122442
0.476124
0.662
0.517879
0.662
0.395949
0.297642
0.297221
0.619762
0.211913
0.662
0.0336359
0.135734
0.0177334
0.1064
0.259626
0.662
0.104119
0.52869
0.0513345
0.441356
0.342194
0.662
0.662
0.411528
0.446941
0.662
0.233255
0.298941
0.548554
0.203321
0.662
0.347615
0.0052155
0.629453
0.462764
0.662
0.0268494
0.288508
0.662
0.312729
0.662
0.316345
0.662
0.284441
0.662
0.119105
0.662
0.232784
0.662
0.60397
0.326779
0.17319
0.662
0.370982
0.326027
0.662
0.601146
0.662
0.144568
0.662
0.662
0.108295
0.252925
0.662
0.467632
0.599249
0.391127
0.662
0.662
0.31112
0.373331
0.188851
0.662
0.662
0.19442
0.662
0.662
0.566732
0.410115
0.2101
0.244934
0.165094
0.269959
0.147933
0.662
0.449695
0.662
0.58088
0.071755
0.287174
0.662
0.144989
0.662
0.376339
0.0824135
0.465067
0.155441
0.662
0.450064
0.662
0.11
0.662
0.662
0.662
0.265642
0.314598
0.44786
0.301579
0.19271
0.662
0.0838988
0.559245
0.0471956
0.211271
0.197993
0.653084
0.662
0.138813
0.662
0.120102
0.578192
0.662
0.420296
0.662
0.662
0.303602
0.54667
0.662
0.662
0.119448
0.662
0.304937
0.24927
0.0568915
0.412405
0.662
0.662
0.375093
0.178135
0.211704
0.120145
0.276051
0.319607
0.263545
0.000329304
0.126742
0.404743
0.27841
0.206756
0.662
0.662
0.54797
0.0235635
0.566638
0.077999
0.26213
0.156033
0.229197
0.662
0.301209
0.662
0.662
0.662
0.28214
0.662
0.311171
0.328861
0.491975
0.184748
0.0753697
0.662
0.662
0.488598
0.662
0.662
0.152106
0.240741
0.662
0.508781
0.209501
0.662
0.662
0.611619
0.662
0.662
0.150696
0.662
0.662
0.143417
0.413526
0.446715
0.377835
0.372422
0.662
0.662
0.0939993
0.662
0.574548
0.0799998
0.662
0.0423207
0.00473744
0.172476
0.360702
0.662
0.662
0.443465
0.662
0.413852
0.662
0.662
0.109888
0.477489
0.662
0.106622
0.0587966
0.662
0.367204
0.226822
0.386655
0.343084
0.662
0.238715
0.662
0.662
0.640641
0.283291
0.662
0.398434
0.242319
0.662
0.613365
0.363123
0.662
0.662
0.662
0.0164273
0.0583198
0.662
0.662
0.258095
0.575326
0.662
0.0886774
0.662
0.496078
0.366131
0.201034
0.185707
0.662
0.633694
0.518931
0.662
0.376829
0.35986
0.638838
0.207804
0.662
0.419909
0.260411
0.169239
0.662
0.148352
0.41857
0.379215
0.558226
0.662
0.438579
