0.662
0.659806
0.509134
0.366352
0.234877
0.269225
0.662
0.140214
0.346823
0.203359
0.662
0.0424311
0.538297
0.309204
0.260411
0.662
0.06856
0.0120029
0.193178
0.00346415
0.662
0.449179
0.219305
0.271547
0.374781
0.450139
0.203321
0.192571
0.662
0.662
0.662
0.662
0.0266064
0.662
0.0480587
0.272522
0.196952
0.662
0.521628
0.662
0.196588
0.0935803
0.662
0.627801
0.205474
0.662
0.0319807
0.634228
0.118884
0.662
0.0289928
0.662
0.128102
0.244567
0.45544
0.143528
0.143417
0.662
0.533857
0.662
0.223114
0.209967
0.662
0.388812
0.662
0.173451
0.662
0.10788
0.127283
0.435276
0.662
0.462929
0.662
0.334893
0.662
0.575109
0.662
0.0799225
0.662
0.662
0.662
0.662
0.662
0.0386326
0.236032
0.191442
0.662
0.662
0.396025
0.133422
0.662
0.662
0.310731
0.132877
0.185916
0.306429
0.420679
0.37803
0.662
0.114387
0.0836529
0.662
0.228842
0.0737212
0.662
0.662
0.662
0.662
0.55488
0.43967
0.140872
0.662
0.270954
0.157442
0.129095
0.350115
0.662
0.092742
0.184736
0.662
0.492083
0.462094
0.662
0.243292
0.0968491
0.662
0.662
0.662
0.262795
0.662
0.435472
0.0143492
0.662
0.662
0.268901
0.229858
0.662
0.390313
0.540462
0.286962
0.243973
0.662
0.662
0.235605
0.641447
0.446816
0.212943
0.657189
0.634746
0.0116814
0.631148
0.107053
0.543632
0.662
0.232101
0.662
0.365906
0.215863
0.210277
0.662
0.662
0.464574
0.662
0.165901
0.662
0.475084
0.296683
0.662
0.209564
0.350659
0.310248
0.393672
0.346784
0.662
0.273333
0.662
0.662
0.376147
0.0827334
0.662
0.662
0.332744
0.474996
0.662
0.436035
0.418121
0.662
0.0857286
0.173358
0.662
0.425169
0.662
0.33679
0.0347087
0.662
0.478861
0.0953028
0.573219
0.288984
0.125237
0.662
0.662
0.627623
0.662
0.437177
0.33922
0.366131
0.662
0.560993
0.662
0.313339
0.662
0.662
0.592235
0.0353698
0.295828
0.457703
0.143299
0.566701
0.392269
0.662
0.28505
0.0887777
0.0223984
0.662
0.662
0.662
0.620335
0.662
0.662
0.291783
0.344539
0.662
0.662
0.662
0.365387
0.662
0.43489
0.662
0.155186
0.331023
0.662
0.662
0.297645
0.22309
0.0263495
0.242215
0.662
0.239876
0.662
0.662
0.662
0.209078
0.0749754
0.662
0.098032
0.24327
0.155273
0.662
0.151156
0.358469
0.662
0.0463155
0.440238
0.355966
0.662
0.166789
0.0984517
0.00341223
0.200743
0.0336399
0.662
0.303768
0.35986
0.180018
0.662
0.662
0.662
0.0703437
0.333167
0.662
0.662
0.278398
0.662
0.348769
0.536928
0.662
0.662
0.214136
0.308816
0.39334
0.662
0.203351
0.379052
0.424199
0.662
0.662
0.284782
0.372563
0.567531
0.397103
0.222931
0.662
0.662
0.0970091
0.244617
0.440789
0.351118
0.662
0.662
0.0139211
0.328215
0.662
0.187247
0.17459
0.192667
0.263754
0.473149
0.343673
0.16811
0.405302
0.662
0.600366
0.177073
0.591993
0.199945
0.662
0.430474
0.241274
0.662
0.19271
0.662
0.65195
0.184589
0.662
0.457861
0.662
0.631108
0.0693277
0.662
0.404076
0.0514445
0.662
0.42645
0.29364
0.107916
0.453338
0.297318
0.293823
0.662
0.185016
0.0624925
0.662
0.377869
0.662
0.662
0.206381
0.0146366
0.133309
0.622723
0.246962
0.0546353
0.662
0.605875
0.566243
0.662
0.662
0.0987659
0.211739
0.285682
0.662
0.270144
0.662
0.662
0.662
0.251098
0.314646
0.57741
0.335026
0.0113733
0.637674
0.130763
0.121116
0.662
0.662
0.662
0.662
0.511714
0.662
0.662
0.406477
0.662
0.290243
0.44756
0.662
0.52937
0.220566
0.062984
0.662
0.662
0.662
0.644741
0.221574
0.220133
0.539453
0.233467
0.662
0.662
0.662
0.24518
0.257431
0.405137
0.000866247
0.662
0.662
0.0578937
0.547626
0.373331
0.220674
0.477489
0.140015
0.662
0.414382
0.325955
0.662
0.351137
0.0662168
0.559553
0.45594
0.34033
0.662
0.662
0.393514
0.4391
0.662
0.294486
0.199754
0.423822
0.368697
0.181108
0.662
0.662
0.413526
0.0990546
0.662
0.662
0.662
0.662
0.662
0.192113
0.662
0.560041
0.662
0.662
0.145864
0.662
0.662
0.662
0.662
0.662
0.662
0.215136
0.333933
0.114916
0.662
0.662
0.203865
0.579059
0.398957
0.207781
0.662
0.325336
0.662
0.444669
0.662
0.332707
0.662
0.0568961
0.422701
0.649986
0.526579
0.401003
0.089792
0.210242
0.288632
0.608004
0.662
0.448224
0.348082
0.541796
0.662
0.126089
0.32844
0.662
0.0599693
0.662
0.246731
0.662
0.262619
0.662
0.662
0.647579
0.662
0.471962
0.662
0.2106
0.329428
0.662
0.225373
0.470577
0.192499
0.110234
0.16147
0.382399
0.559149
0.221289
0.632826
0.199086
0.359778
0.00414422
0.662
0.513259
0.662
0.662
0.0903927
0.662
0.662
0.179516
0.662
0.460272
0.217542
0.662
0.295529
0.427634
0.357313
0.368723
0.262533
0.662
0.662
0.275682
0.394358
0.57362
0.662
0.662
0.509481
0.662
0.662
0.281365
0.662
0.251922
0.662
0.0445279
0.662
0.107561
0.0804311
0.0132252
0.27049
0.376829
0.469208
0.662
0.352243
0.211777
0.300479
0.00676456
0.461223
0.662
0.246922
0.662
0.662
0.312608
0.298941
0.137467
0.662
0.662
0.3413
0.614197
0.662
0.662
0.0935641
0.245115
0.59986
0.208691
0.232788
0.155635
0.520928
0.0572863
0.662
0.614377
0.326027
0.662
0.0689089
0.116672
0.024106
0.0455954
0.135699
0.662
0.211163
0.662
0.0818871
0.104149
0.339752
0.662
0.662
0.662
0.291736
0.481448
0.662
0.662
0.213736
0.0876387
0.590419
0.662
0.543421
0.306415
0.365653
0.440873
0.169786
0.339634
0.160834
0.0893724
0.662
0.464369
0.662
0.241692
0.206914
0.662
0.387533
0.662
0.414067
0.445384
0.324646
0.662
0.662
0.211509
0.0975543
0.662
0.296067
0.628108
0.662
0.475332
0.662
0.662
0.291447
0.662
0.662
0.103254
0.397661
0.626371
0.662
0.165699
0.0860352
0.662
0.461449
0.662
0.525226
0.197921
0.267585
0.662
0.296286
0.35818
0.201135
0.381786
0.662
0.662
0.662
0.0675613
0.662
0.526986
0.662
0.174998
0.120492
0.187206
0.531809
0.662
0.328832
0.662
0.0676665
0.301352
0.175111
0.215319
0.637871
0.0698959
0.291292
0.0423126
0.662
0.662
0.633391
0.19754
0.110253
0.542877
0.236161
0.506921
0.248691
0.662
0.662
0.662
0.0392805
0.0580301
0.662
0.535563
0.395215
0.293243
0.382254
0.28722
0.191456
0.008696
0.206953
0.662
0.662
0.215681
0.0795956
0.662
0.662
0.255253
0.17319
0.51205
0.662
0.493155
0.318274
0.152257
0.0658425
0.518393
0.631502
0.662
0.662
0.185253
0.551121
0.662
0.662
0.267087
0.403508
0.650102
0.662
0.101095
0.158832
0.134148
0.129515
0.485396
0.490985
0.258095
0.662
0.662
0.0919928
0.241772
0.662
0.217096
0.191487
0.662
0.18542
0.246
0.0253236
0.662
0.14411
0.0476969
0.00132735
0.662
0.109318
0.220317
0.309131
0.662
0.39562
0.383925
0.279937
0.157152
0.257999
0.347423
0.662
0.662
0.12918
0.313202
0.190657
0.662
0.662
0.662
0.662
0.0390367
0.662
0.662
0.662
0.196925
0.132117
0.434491
0.367204
0.551104
0.662
0.223051
0.149082
0.662
0.158498
0.391596
0.662
0.154317
0.111064
0.187416
0.233792
0.662
0.248681
0.662
0.391589
0.223625
0.612106
0.270084
0.536428
0.301342
0.40929
0.662
0.662
0.482144
0.0580746
0.57141
0.186426
0.662
0.18757
0.359537
0.376981
0.132364
0.198357
0.539982
0.662
0.662
0.0623286
0.153494
0.162965
0.520291
0.282459
0.090361
0.211271
0.662
0.257923
0.457567
0.0708436
0.376479
0.662
0.548225
0.169089
0.662
0.105808
0.127535
0.0213417
0.662
0.662
0.662
0.406055
0.413176
0.662
0.662
0.245895
0.439447
0.137774
0.662
0.649846
0.662
0.170671
0.662
0.662
0.358967
0.662
0.662
0.196866
0.345647
0.360061
0.662
0.662
0.066793
0.327574
0.406025
0.534337
0.264014
0.197114
0.662
0.662
0.322267
0.459637
0.357934
0.662
0.662
0.662
0.0495119
0.0517132
0.662
0.577287
0.662
0.655572
0.139132
0.562503
0.662
0.175888
0.304937
0.440124
0.662
0.662
0.545051
0.662
0.662
0.224728
0.662
0.662
0.0867617
0.662
0.612552
0.662
0.424404
0.183277
0.662
0.662
0.662
0.382726
0.29712
0.648047
0.0483476
0.327696
0.226983
0.466551
0.662
0.0330552
0.0870503
0.510011
0.171648
0.272531
0.16635
0.422069
0.57496
0.662
0.662
0.662
0.662
0.662
0.662
0.479911
0.106484
0.314691
0.662
0.662
0.662
0.352473
0.380563
0.448566
0.126725
0.366711
0.206122
0.622302
0.662
0.270305
0.363656
0.370999
0.33195
0.662
0.662
0.14477
0.498024
0.662
0.662
0.177057
0.662
0.626202
0.662
0.0633723
0.379428
0.662
0.447967
0.662
0.416183
0.662
0.475437
0.662
0.442299
0.26878
0.135827
0.402033
0.662
0.22878
0.662
0.410115
0.433004
0.496926
0.26262
0.662
0.662
0.662
0.662
0.662
0.0981747
0.643697
0.662
0.0872763
0.662
0.291592
0.662
0.662
0.662
0.662
0.185421
0.124413
0.133635
0.398744
0.662
0.662
0.662
0.381539
0.19281
0.3874
0.0443409
0.167206
0.172537
0.25181
0.456219
0.530874
0.662
0.324635
0.200743
0.232707
0.476258
0.525645
0.234421
0.662
0.366202
0.198169
0.365127
0.134607
0.168057
0.662
0.166547
0.225049
0.357977
0.346661
0.144446
0.0052155
0.243996
0.128108
0.662
0.0973722
0.430981
0.484098
0.662
0.192197
0.662
0.633199
0.578192
0.0727554
0.662
0.662
0.397058
0.364148
0.42899
0.365575
0.451923
0.142505
0.544877
0.2967
0.662
0.302072
0.662
0.284429
0.662
0.333749
0.305574
0.41844
0.662
0.227123
0.329392
0.662
0.115525
0.235827
0.662
0.277857
0.211558
0.393922
0.662
0.662
0.662
0.527911
0.370982
0.372007
0.662
0.662
0.302366
0.228617
0.662
0.336544
0.585269
0.497823
0.341941
0.234523
0.662
0.620598
0.662
0.204662
0.0112756
0.248681
0.662
0.240078
0.662
0.500435
0.237039
0.662
0.662
0.0943034
0.662
0.662
0.573649
0.427407
0.662
0.20799
0.251782
0.029516
0.325477
0.189566
0.662
0.662
0.209875
0.234906
0.489056
0.178913
0.458702
0.398624
0.167197
0.0319581
0.170315
0.662
0.252389
0.662
0.471845
0.493777
0.605065
0.068877
0.633589
0.647102
0.662
0.173654
0.662
0.257445
0.166795
0.662
0.218942
0.662
0.192193
0.662
0.215959
0.328336
0.272738
0.0698026
0.662
0.553165
0.662
0.662
0.194417
0.652175
0.662
0.357862
0.404309
0.393195
0.582702
0.484656
0.662
0.191631
0.408102
0.421908
0.0498286
0.312639
0.254148
0.372704
0.367012
0.19396
0.182878
0.0283171
0.662
0.349615
0.662
0.662
0.440151
0.662
0.226589
0.268517
0.269335
0.662
0.393148
0.47093
0.662
0.662
0.662
0.232902
0.242778
0.662
0.662
0.18411
0.649626
0.00909178
0.249472
0.188268
0.662
0.662
0.536543
0.475033
0.640229
0.109898
0.581366
0.231363
0.662
0.558226
0.662
0.58013
0.662
0.319826
0.443562
0.662
0.130952
0.0168991
0.662
0.662
0.164605
0.662
0.0719966
0.662
0.0130052
0.456602
0.662
0.277545
0.130143
0.662
0.205117
0.219403
0.662
0.495573
0.662
0.662
0.329889
0.662
0.156841
0.0749773
0.336019
0.279871
0.662
0.244529
0.662
0.662
0.662
0.221301
0.662
0.662
0.00832432
0.423291
0.268957
0.326604
0.118497
0.660451
0.195041
0.662
0.662
0.00234511
0.459766
0.439157
