0.111064
0.130952
0.280394
0.0335136
0.426139
0.662
0.0580301
0.306415
0.662
0.662
0.462929
0.294064
0.0330552
0.662
0.662
0.253323
0.00302746
0.26878
0.561821
0.579059
0.275263
0.240153
0.387533
0.662
0.662
0.352473
0.662
0.662
0.662
0.270084
0.257445
0.662
0.193178
0.652175
0.216106
0.662
0.169786
0.251782
0.213736
0.196866
0.662
0.187247
0.614197
0.662
0.396025
0.404076
0.662
0.0900144
0.364148
0.00909178
0.662
0.38145
0.215136
0.328832
0.31769
0.662
0.257431
0.662
0.270954
0.662
0.597052
0.270305
0.136373
0.194567
0.29712
0.662
0.662
0.662
0.55488
0.185581
0.0876387
0.662
0.476258
0.662
0.187416
0.346823
0.662
0.662
0.062984
0.293243
0.221301
0.122653
0.162965
0.325477
0.345647
0.255253
0.662
0.218942
0.662
0.552086
0.662
0.662
0.662
0.342109
0.124091
0.294486
0.0436052
0.257999
0.252389
0.662
0.481448
0.662
0.662
0.352243
0.343673
0.147071
0.282769
0.303172
0.662
0.662
0.662
0.633199
0.379428
0.414067
0.662
0.637674
0.43967
0.442358
0.577407
0.662
0.237053
0.165901
0.0296943
0.662
0.660451
0.303768
0.029516
0.0908648
0.662
0.312608
0.649986
0.662
0.024106
0.314646
0.662
0.662
0.185253
0.251098
0.143528
0.383925
0.662
0.0883972
0.662
0.128102
0.662
0.238957
0.598779
0.104149
0.206953
0.662
0.662
0.359537
0.662
0.187757
0.421908
0.213881
0.504465
0.662
0.582702
0.662
0.662
0.128108
0.0831693
0.090361
0.455827
0.662
0.662
0.662
0.206122
0.333749
0.626202
0.308816
0.367012
0.662
0.108739
0.662
0.460272
0.506921
0.336224
0.0990546
0.173754
0.662
0.662
0.177057
0.662
0.376479
0.405302
0.662
0.662
0.662
0.662
0.168057
0.225373
0.662
0.449179
0.226905
0.474555
0.288632
0.0662168
0.662
0.662
0.515674
0.662
0.220245
0.197921
0.32844
0.142505
0.388812
0.662
0.662
0.18542
0.649846
0.662
0.662
0.356444
0.662
0.662
0.199945
0.662
0.662
0.215863
0.425169
0.194187
0.239876
0.0623286
0.246
0.662
0.485396
0.662
0.132243
0.662
0.662
0.662
0.662
0.225383
0.461223
0.63339
0.133635
0.200743
0.65195
0.208691
0.279871
0.0771599
0.0804311
0.376147
0.189566
0.662
0.243996
0.0935803
0.591993
0.555552
0.575109
0.190657
0.305322
0.640229
0.662
0.459766
0.115525
0.662
0.34033
0.662
0.662
0.180572
0.0445279
0.662
0.662
0.662
0.662
0.45594
0.329392
0.291736
0.0903927
0.467208
0.455968
0.158498
0.196952
0.102906
0.313202
0.0283171
0.0116637
0.662
0.220133
0.19578
0.457861
0.37509
0.226589
0.559149
0.107053
0.095086
0.662
0.662
0.662
0.258095
0.662
0.496926
0.439157
0.249472
0.188268
0.662
0.662
0.662
0.406055
0.413176
0.34945
0.0541239
0.662
0.513789
0.260411
0.242598
0.662
0.427634
0.662
0.551121
0.350659
0.464574
0.211163
0.106484
0.0792214
0.545051
0.214136
0.275462
0.526986
0.120335
0.390313
0.540462
0.209564
0.262619
0.393195
0.00940703
0.467209
0.614377
0.662
0.0686982
0.662
0.283335
0.0213417
0.541796
0.484656
0.662
0.301352
0.0476969
0.662
0.662
0.268901
0.662
0.662
0.297029
0.662
0.129515
0.662
0.397058
0.662
0.563204
0.196066
0.158255
0.324646
0.0727554
0.304937
0.533857
0.662
0.662
0.662
0.0336399
0.662
0.512707
0.301342
0.270764
0.232101
0.662
0.177073
0.228617
0.475801
0.662
0.662
0.222931
0.284429
0.662
0.154632
0.643697
0.662
0.662
0.662
0.185916
0.590419
0.328336
0.662
0.243292
0.662
0.662
0.662
0.0981747
0.662
0.662
0.158832
0.211558
0.346784
0.662
0.422069
0.440151
0.44756
0.498024
0.188623
0.662
0.389976
0.416802
0.662
0.662
0.662
0.372813
0.220674
0.662
0.243973
0.261209
0.560993
0.240974
0.127283
0.662
0.475437
0.662
0.472368
0.26262
0.068854
0.662
0.662
0.662
0.406477
0.662
0.662
0.0263495
0.539982
0.18757
0.662
0.361839
0.662
0.277857
0.662
0.138427
0.662
0.296683
0.662
0.456219
0.333167
0.662
0.279937
0.662
0.662
0.662
0.434491
0.367204
0.662
0.351137
0.662
0.278398
0.475033
0.397103
0.000866247
0.584575
0.662
0.662
0.0867617
0.144052
0.180018
0.598664
0.272522
0.0131127
0.662
0.393922
0.662
0.245115
0.221019
0.207781
0.662
0.149831
0.246731
0.509481
0.297793
0.662
0.608609
0.223012
0.438647
0.662
0.391589
0.662
0.662
0.662
0.464565
0.342223
0.662
0.662
0.0392805
0.662
0.252911
0.662
0.0223984
0.0487534
0.531809
0.662
0.205756
0.186666
0.458546
0.184103
0.507084
0.153494
0.662
0.109739
0.662
0.599853
0.662
0.644741
0.662
0.150733
0.662
0.662
0.662
0.443562
0.209875
0.127535
0.313339
0.662
0.349615
0.662
0.248691
0.448566
0.0139211
0.662
0.152257
0.32126
0.662
0.551104
0.0623052
0.187843
0.662
0.474996
0.442735
0.374781
0.232788
0.449356
0.33524
0.435472
0.305574
0.51205
0.171648
0.662
0.22309
0.519692
0.224094
0.236161
0.662
0.562503
0.528872
0.662
0.634746
0.662
0.0424311
0.10901
0.327574
0.398957
0.573649
0.0887777
0.662
0.12918
0.662
0.229858
0.662
0.124413
0.662
0.662
0.627623
0.662
0.662
0.558226
0.662
0.662
0.662
0.0984517
0.446816
0.203351
0.379052
0.06856
0.0867289
0.662
0.234523
0.662
0.355966
0.647579
0.662
0.662
0.4391
0.518451
0.00132735
0.353404
0.225049
0.662
0.196925
0.662
0.140214
0.662
0.322267
0.393672
0.662
0.0470592
0.462094
0.401297
0.662
0.375616
0.458702
0.398624
0.0851929
0.662
0.662
0.662
0.662
0.00579417
0.662
0.329889
0.662
0.0749754
0.224728
0.49508
0.662
0.626371
0.662
0.259067
0.206914
0.0580746
0.662
0.525645
0.662
0.248681
0.423822
0.536543
0.662
0.184736
0.662
0.192303
0.257923
0.252925
0.105808
0.662
0.662
0.130763
0.662
0.269335
0.662
0.3413
0.2967
0.662
0.200743
0.302072
0.662
0.662
0.16811
0.269694
0.662
0.662
0.295529
0.0985581
0.413526
0.662
0.233467
0.662
0.222441
0.126725
0.187085
0.0693277
0.662
0.275682
0.156841
0.662
0.662
0.377869
0.628535
0.662
0.662
0.662
0.309131
0.133422
0.585269
0.236032
0.662
0.436035
0.0546353
0.662
0.191442
0.414382
0.662
0.662
0.662
0.662
0.192197
0.508179
0.662
0.418636
0.0120029
0.662
0.0906851
0.0688975
0.662
0.584433
0.336019
0.662
0.40929
0.184748
0.662
0.662
0.109898
0.0799225
0.662
0.662
0.662
0.424199
0.215319
0.0495119
0.662
0.601027
0.510011
0.364375
0.0423126
0.662
0.662
0.662
0.662
0.143417
0.662
0.575119
0.199754
0.0629147
0.662
0.662
0.577287
0.183277
0.662
0.662
0.0687385
0.530874
0.376829
0.662
0.205474
0.232707
0.662
0.0857286
0.662
0.0319807
0.068877
0.662
0.42899
0.191456
0.089792
0.662
0.662
0.0401201
0.134607
0.10788
0.662
0.370999
0.262533
0.662
0.39562
0.502962
0.631108
0.314691
0.632826
0.416183
0.58013
0.39726
0.422701
0.00832432
0.534337
0.3637
0.0636796
0.351118
0.288556
0.00234511
0.234706
0.418121
0.662
0.662
0.662
0.461449
0.203359
0.118884
0.662
0.218006
0.662
0.490985
0.114387
0.317363
0.170315
0.662
0.662
0.28722
0.662
0.662
0.286263
0.285267
0.335026
0.662
0.310731
0.371286
0.0935641
0.357977
0.662
0.662
0.662
0.662
0.662
0.662
0.662
0.172537
0.629037
0.662
0.540014
0.662
0.170671
0.211271
0.627801
0.295828
0.210242
0.662
0.211509
0.442299
0.178913
0.433004
0.212399
0.397661
0.123321
0.662
0.251922
0.532342
0.181377
0.33679
0.0870503
0.22878
0.0166643
0.662
0.344396
0.206847
0.662
0.0749773
0.526579
0.662
0.41844
0.36302
0.135827
0.54259
0.221574
0.588373
0.612106
0.475332
0.662
0.296067
0.357934
0.267087
0.430981
0.620335
0.0168991
0.198584
0.662
0.00029142
0.631502
0.662
0.380563
0.662
0.116672
0.382726
0.160834
0.509134
0.662
0.662
0.135298
0.662
0.59986
0.178943
0.659806
0.4173
0.543632
0.662
0.662
0.662
0.297778
0.662
0.662
0.440873
0.144446
0.00260135
0.662
0.242215
0.2106
0.662
0.662
0.222264
0.0487579
0.293823
0.662
0.662
0.662
0.608721
0.662
0.662
0.29364
0.475477
0.282459
0.291447
0.662
0.662
0.353896
0.221289
0.19396
0.00346415
0.662
0.366711
0.137774
0.444669
0.662
0.662
0.52937
0.622302
0.00414422
0.662
0.493777
0.288984
0.142617
0.131766
0.462286
0.331427
0.210277
0.431887
0.19754
0.427187
0.662
0.662
0.195041
0.0973722
0.0991147
0.662
0.493155
0.166503
0.45544
0.662
0.662
0.0801637
0.662
0.0223763
0.662
0.323587
0.662
0.622723
0.553165
0.223114
0.192571
0.466091
0.662
0.0675613
0.0703437
0.536428
0.662
0.375843
0.662
0.235605
0.662
0.192113
0.310644
0.662
0.350115
0.662
0.477489
0.662
0.662
0.662
0.192499
0.662
0.162799
0.662
0.662
0.22719
0.201135
0.662
0.244529
0.525226
0.662
0.410115
0.0872763
0.642039
0.281365
0.662
0.662
0.393514
0.662
0.662
0.0630171
0.166795
0.326604
0.467905
0.0795956
0.662
0.297318
0.365127
0.098032
0.102887
0.662
0.324159
0.662
0.107561
0.662
0.662
0.220566
0.0568961
0.662
0.662
0.662
0.306464
0.650102
0.391596
0.475084
0.34746
0.513259
0.308235
0.316374
0.662
0.192667
0.662
0.327696
0.662
0.662
0.423291
0.662
0.32609
0.309204
0.539453
0.394358
0.370982
0.662
0.662
0.167197
0.662
0.272738
0.212943
0.23896
0.329428
0.294785
0.318274
0.246962
0.662
0.219403
0.357862
0.194417
0.092742
0.662
0.167206
0.435276
0.662
0.174998
0.420681
0.518393
0.120492
0.440124
0.0483476
0.485997
0.662
0.271723
0.424404
0.332707
0.3874
0.277545
0.662
0.662
0.634228
0.368723
0.0514445
0.473149
0.662
0.306429
0.662
0.662
0.157152
0.138916
0.471845
0.662
0.324635
0.267585
0.286962
0.226983
0.662
0.302366
0.296286
0.35818
0.662
0.662
0.199086
0.192193
0.662
0.662
0.662
0.605065
0.16147
0.615456
0.662
0.662
0.662
0.662
0.543421
0.662
0.544877
0.637871
0.24327
0.201579
0.0369073
0.662
0.662
0.237039
0.135699
0.662
0.252681
0.567531
0.662
0.662
0.662
0.662
0.209875
0.133309
0.197951
0.548225
0.662
0.132877
0.662
0.2106
0.662
0.662
0.0331388
0.372563
0.662
0.662
0.244567
0.401003
0.662
0.00624285
0.215959
0.535563
0.238841
0.628108
0.0291644
0.416314
0.456602
0.662
0.57741
0.662
0.365906
0.145864
0.193075
0.536928
0.662
0.547626
0.57362
0.560041
0.662
0.662
0.366352
0.382254
0.662
0.662
0.447967
0.445384
0.662
0.662
0.520928
0.662
0.14411
0.662
0.340294
0.456558
0.33922
0.339752
0.662
0.662
0.662
0.395215
0.231363
0.662
0.273333
0.631148
0.662
0.662
0.662
0.662
0.662
0.662
0.334893
0.200512
0.357313
0.662
0.63339
0.393621
0.662
0.662
0.633589
0.662
0.662
0.0441322
0.662
0.385554
0.662
0.0919928
0.223625
0.341941
0.338723
0.662
0.662
0.0455954
0.404309
0.44807
0.662
0.0578937
0.662
0.263451
0.381786
0.662
0.662
0.662
0.662
0.573219
0.608004
0.662
0.662
0.662
0.181108
0.110253
0.324431
0.0818871
0.0368961
0.186426
0.346661
0.220317
0.662
0.137467
0.35797
0.283242
0.223051
0.347423
0.195607
0.313431
0.0658425
0.662
0.268517
0.0689089
0.107916
0.521628
0.0443409
0.149082
0.0498286
0.0130052
0.478861
0.662
0.16635
0.24639
0.395058
0.209967
0.115105
0.662
0.595501
0.662
0.134578
0.266413
0.325955
0.492083
0.439155
0.662
0.268957
0.0943034
0.0386326
0.333933
0.312808
0.37803
0.662
0.184589
0.662
0.242778
0.20961
0.179516
0.209078
0.367169
0.090799
0.302842
0.0968491
0.479911
0.506383
0.0987659
0.662
0.233792
0.662
0.662
0.662
0.182878
0.469208
0.662
0.460067
0.662
0.187109
0.348769
0.662
0.662
0.181902
0.592235
0.207029
0.559553
0.154317
0.662
0.0670992
0.244617
0.217542
0.210309
0.662
0.662
0.056783
0.269577
0.497823
0.0143492
0.641447
0.191631
0.408102
0.25181
0.381539
0.385334
0.662
0.662
0.365022
0.363656
0.204662
0.0676665
0.662
0.248681
0.190255
0.109318
0.0953028
0.209289
0.332744
0.662
0.203321
0.662
0.467747
0.662
0.0209705
0.662
0.267239
0.662
0.103254
0.600366
0.254148
0.372704
0.662
0.662
0.264653
0.376981
0.132364
0.662
0.662
0.655572
0.373331
0.662
0.0572863
0.285682
0.662
0.662
