0.662
0.662
0.242227
0.109601
0.662
0.523915
0.310092
0.662
0.103657
0.662
0.446857
0.0596434
0.203464
0.230382
0.108622
0.662
0.330862
0.476302
0.662
0.0117691
0.141633
0.224168
0.119352
0.0572657
0.0209422
0.662
0.662
0.405217
0.662
0.53407
0.662
0.169231
0.284838
0.52222
0.662
0.193101
0.428393
0.662
0.662
0.492737
0.230956
0.159128
0.645674
0.2398
0.0709716
0.254517
0.662
0.199358
0.318519
0.662
0.126994
0.524353
0.662
0.662
0.662
0.255503
0.454195
0.447328
0.221911
0.662
0.662
0.662
0.662
0.436827
0.518853
0.662
0.446992
0.230484
0.167853
0.16802
0.0269155
0.160985
0.412132
0.662
0.372726
0.197729
0.662
0.0609829
0.114993
0.662
0.104939
0.662
0.599453
0.662
0.164641
0.203129
0.662
0.449734
0.463429
0.209505
0.365208
0.42655
0.423081
0.185399
0.662
0.0878399
0.662
0.463517
0.662
0.263915
0.199864
0.215021
0.662
0.662
0.662
0.247175
0.478734
0.187275
0.662
0.495952
0.662
0.342748
0.662
0.135711
0.456653
0.662
0.410506
0.276014
0.466781
0.662
0.34555
0.662
0.662
0.0815531
0.156759
0.662
0.410658
0.662
0.662
0.465478
0.662
0.0518039
0.662
0.374188
0.662
0.381912
0.208355
0.217796
0.662
0.30578
0.470706
0.429582
0.371321
0.0135875
0.189988
0.220207
0.662
0.219887
0.302995
0.118561
0.390796
0.288157
0.25782
0.662
0.662
0.323347
0.200957
0.143111
0.662
0.625684
0.38647
0.662
0.662
0.134395
0.00474295
0.20839
0.146711
0.409947
0.0370659
0.238769
0.0772539
0.662
0.662
0.459154
0.38561
0.662
0.339548
0.14657
0.178062
0.662
0.662
0.239355
0.662
0.176477
0.662
0.662
0.191313
0.0796338
0.606982
0.226342
0.0735548
0.662
0.462487
0.662
0.0126602
0.428715
0.237431
0.662
0.150231
0.372102
0.144178
0.662
0.123464
0.321082
0.0912485
0.105173
0.662
0.662
0.165941
0.442833
0.662
0.662
0.173815
0.662
0.590693
0.371856
0.291885
0.484257
0.356764
0.0985399
0.312738
0.662
0.662
0.0261956
0.409256
0.371418
0.662
0.662
0.662
0.662
0.662
0.0182946
0.526664
0.350373
0.662
0.282071
0.194689
0.662
0.327857
0.610396
0.203881
0.662
0.273301
0.312729
0.662
0.195817
0.662
0.662
0.421159
0.476056
0.662
0.0620111
0.662
0.106978
0.397862
0.0972987
0.62452
0.524218
0.662
0.375979
0.257286
0.662
0.161933
0.0539605
0.662
0.662
0.662
0.31129
0.156235
0.436518
0.662
0.662
0.662
0.109801
0.43014
0.109625
0.126359
0.518131
0.332519
0.662
0.0991681
0.662
0.29071
0.662
0.656966
0.662
0.633599
0.171355
0.662
0.662
0.662
0.184675
0.662
0.209412
0.0440649
0.201118
0.49414
0.203405
0.167084
0.448253
0.39491
0.595178
0.467761
0.662
0.184
0.532902
0.662
0.210924
0.662
0.662
0.662
0.562131
0.169966
0.662
0.662
0.662
0.0402571
0.560314
0.143486
0.662
0.662
0.218108
0.662
0.662
0.662
0.593357
0.123608
0.662
0.224086
0.177598
0.449442
0.576106
0.360508
0.267615
0.336152
0.662
0.662
0.662
0.472721
0.611424
0.208969
0.280526
0.403639
0.285638
0.662
0.185155
0.652166
0.374471
0.235183
0.662
0.251449
0.662
0.201759
0.662
0.169242
0.424295
0.332659
0.520152
0.559916
0.662
0.662
0.662
0.338792
0.31679
0.252252
0.23314
0.544921
0.662
0.662
0.0750306
0.420157
0.305924
0.662
0.154079
0.662
0.247903
0.129056
0.249678
0.454011
0.27338
0.662
0.339738
0.177961
0.148927
0.662
0.303118
0.0833743
0.662
0.175612
0.429357
0.330923
0.662
0.315799
0.159696
0.170308
0.213208
0.444841
0.662
0.662
0.393368
0.452465
0.197493
0.139396
0.662
0.0667103
0.519749
0.53683
0.662
0.171701
0.148375
0.397852
0.662
0.125115
0.229715
0.662
0.662
0.0490183
0.662
0.311644
0.662
0.662
0.0691635
0.1433
0.455316
0.226022
0.583657
0.662
0.194399
0.406308
0.552643
0.54108
0.662
0.662
0.662
0.435721
0.286801
0.124189
0.662
0.662
0.662
0.203631
0.419003
0.38082
0.339913
0.320272
0.603478
0.280153
0.662
0.304428
0.465362
0.415017
0.617285
0.662
0.662
0.662
0.643259
0.188682
0.662
0.662
0.662
0.556599
0.216841
0.557118
0.142496
0.163349
0.662
0.00498615
0.662
0.662
0.063609
0.211026
0.662
0.547982
0.126871
0.429165
0.662
0.344804
0.0909195
0.49868
0.416568
0.662
0.662
0.662
0.424048
0.114877
0.662
0.662
0.662
0.662
0.46411
0.487339
0.440182
0.316978
0.235104
0.0829932
0.351083
0.318707
0.080835
0.662
0.260554
0.662
0.662
0.0550075
0.26293
0.302691
0.662
0.137112
0.498302
0.356203
0.436403
0.552402
0.10997
0.662
0.493557
0.156876
0.662
0.662
0.0697842
0.662
0.630661
0.662
0.662
0.662
0.409065
0.00693185
0.662
0.374132
0.64976
0.0923152
0.236904
0.662
0.00437642
0.662
0.22154
0.581771
0.662
0.0303312
0.481779
0.1553
0.0765475
0.587026
0.253773
0.168959
0.190314
0.662
0.662
0.556537
0.662
0.220997
0.662
0.208484
0.467631
0.348433
0.662
0.662
0.662
0.662
0.61308
0.662
0.308934
0.116068
0.131872
0.381787
0.167882
0.0355996
0.299797
0.640436
0.662
0.662
0.200282
0.177217
0.446405
0.662
0.662
0.592436
0.490951
0.652858
0.226231
0.662
0.347578
0.220282
0.662
0.662
0.0603165
0.662
0.662
0.455707
0.655261
0.662
0.427492
0.58006
0.107188
0.0439205
0.662
0.410317
0.104989
0.104096
0.296347
0.246683
0.662
0.413205
0.662
0.618205
0.312875
0.662
0.18668
0.662
0.662
0.0910725
0.662
0.0450933
0.662
0.197983
0.00428356
0.341709
0.329643
0.160047
0.499943
0.662
0.126755
0.301519
0.657376
0.178018
0.662
0.631376
0.29505
0.662
0.19613
0.0814868
0.0377438
0.410848
0.156204
0.662
0.220015
0.662
0.224459
0.314483
0.230142
0.662
0.0846516
0.662
0.244463
0.158066
0.0399593
0.36089
0.293763
0.614866
0.091482
0.37199
0.662
0.501466
0.367294
0.330448
0.269602
0.309042
0.276431
0.350682
0.394156
0.662
0.197955
0.151808
0.378858
0.327625
0.662
0.465263
0.662
0.561447
0.145846
0.123398
0.661241
0.202713
0.662
0.07555
0.30905
0.109685
0.27843
0.662
0.662
0.161263
0.226675
0.0564971
0.326365
0.222652
0.0390788
0.662
0.662
0.662
0.662
0.0921612
0.662
0.113103
0.662
0.149034
0.413031
0.435437
0.662
0.0159181
0.455567
0.219001
0.662
0.0173902
0.295474
0.100325
0.215241
0.305079
0.662
0.662
0.348838
0.502612
0.662
0.662
0.427997
0.662
0.0915199
0.662
0.172885
0.662
0.328094
0.401014
0.662
0.0586268
0.662
0.395949
0.197921
0.662
0.662
0.459739
0.662
0.482247
0.662
0.134858
0.320861
0.662
0.176157
0.207114
0.157703
0.0262192
0.62947
0.459743
0.662
0.502316
0.208984
0.291871
0.662
0.662
0.383395
0.21675
0.662
0.356347
0.662
0.109773
0.648621
0.0578993
0.476088
0.250139
0.662
0.662
0.636632
0.662
0.321514
0.662
0.662
0.0956332
0.662
0.306046
0.477031
0.0691713
0.434507
0.503877
0.475882
0.662
0.662
0.662
0.306367
0.316795
0.662
0.662
0.530247
0.261334
0.662
0.264281
0.662
0.602078
0.662
0.382745
0.662
0.102719
0.280602
0.252803
0.441865
0.354306
0.154765
0.613931
0.308041
0.662
0.36943
0.293043
0.47887
0.0112218
0.243927
0.143417
0.486153
0.662
0.186916
0.213297
0.551613
0.155967
0.164818
0.662
0.285841
0.662
0.662
0.0845111
0.54531
0.175383
0.430428
0.662
0.662
0.491098
0.273979
0.662
0.263532
0.477018
0.269516
0.662
0.662
0.0118282
0.232131
0.198087
0.495768
0.437404
0.662
0.154301
0.646912
0.227012
0.662
0.662
0.373452
0.443895
0.662
0.294117
0.255481
0.662
0.254924
0.0327627
0.0753358
0.662
0.662
0.50125
0.662
0.662
0.33255
0.203612
0.154782
0.462128
0.0192519
0.662
0.662
0.417928
0.662
0.628305
0.300646
0.516665
0.662
0.0443029
0.00340775
0.323655
0.192809
0.125259
0.138096
0.298887
0.662
0.0490691
0.662
0.373059
0.513599
0.65975
0.662
0.450552
0.662
0.406551
0.662
0.662
0.632502
0.662
0.662
0.368551
0.20325
0.538049
0.0494252
0.211686
0.0561982
0.332847
0.662
0.191632
0.662
0.662
0.662
0.408463
0.0719118
0.12953
0.662
0.0572575
0.662
0.450157
0.0577244
0.151467
0.146481
0.457773
0.391279
0.662
0.107625
0.457507
0.0522637
0.16257
0.317121
0.662
0.662
0.0316918
0.662
0.211672
0.464397
0.662
0.662
0.607404
0.662
0.662
0.366246
0.662
0.324793
0.581266
0.15041
0.241071
0.0543353
0.273511
0.662
0.019653
0.335372
0.662
0.455507
0.453219
0.662
0.478901
0.662
0.543333
0.0882059
0.662
0.279093
0.0495321
0.116579
0.662
0.369312
0.251231
0.15829
0.197359
0.0226004
0.163346
0.213294
0.363234
0.662
0.138958
0.326919
0.0912359
0.229255
0.662
0.558327
0.662
0.278008
0.420362
0.144854
0.345927
0.662
0.662
0.403215
0.25916
0.56239
0.105098
0.167951
0.662
0.662
0.662
0.506653
0.446669
0.633253
0.662
0.104551
0.44275
0.322273
0.662
0.565697
0.0508619
0.207993
0.0851408
0.627376
0.259184
0.330143
0.32655
0.662
0.662
0.308906
0.153681
0.662
0.662
0.662
0.662
0.662
0.303115
0.450632
0.285004
0.0765824
0.0103533
0.662
0.662
0.598711
0.662
0.313255
0.341492
0.662
0.397303
0.662
0.129895
0.11726
0.3127
0.662
0.662
0.662
0.662
0.0698147
0.154384
0.416468
0.662
0.251174
0.662
0.283993
0.207401
0.662
0.662
0.662
0.662
0.267026
0.662
0.483348
0.503664
0.662
0.41799
0.564398
0.453678
0.469477
0.662
0.662
0.0886353
0.255909
0.662
0.662
0.662
0.662
0.504123
0.662
0.320209
0.437836
0.662
0.0861748
0.662
0.110841
0.662
0.662
0.662
0.233684
0.662
0.662
0.662
0.662
0.662
0.10594
0.0375195
0.662
0.46515
0.209149
0.306493
0.170715
0.40683
0.597669
0.662
0.188584
0.321527
0.383248
0.613225
0.554582
0.277123
0.148967
0.163601
0.605278
0.662
0.19339
0.00416383
0.543031
0.282482
0.662
0.662
0.182726
0.360045
0.397526
0.662
0.612091
0.253135
0.662
0.208753
0.0392601
0.312544
0.42001
0.662
0.10175
0.142497
0.662
0.662
0.662
0.662
0.526163
0.662
0.313308
0.662
0.662
0.195743
0.000474898
