0.557669
0.112314
0.662
0.236218
0.469573
0.215261
0.217777
0.182709
0.298446
0.0964636
0.37707
0.0159199
0.117894
0.662
0.662
0.194282
0.662
0.279936
0.419985
0.662
0.0684938
0.662
0.541296
0.662
0.339538
0.454087
0.662
0.662
0.20774
0.644267
0.650426
0.662
0.662
0.662
0.662
0.0923707
0.198812
0.662
0.662
0.662
0.658247
0.654113
0.250071
0.119229
0.662
0.662
0.647805
0.0290377
0.662
0.462206
0.662
0.265586
0.377781
0.662
0.393362
0.128789
0.061471
0.00164717
0.113879
0.481357
0.662
0.289272
0.217947
0.472813
0.197606
0.662
0.412195
0.662
0.2497
0.662
0.662
0.662
0.204542
0.662
0.0705433
0.654752
0.445816
0.40016
0.662
0.662
0.644353
0.183226
0.662
0.406927
0.662
0.662
0.63472
0.0980094
0.0914523
0.0351323
0.662
0.662
0.0364035
0.225918
0.163853
0.352157
0.213082
0.0458755
0.500216
0.662
0.186106
0.076237
0.353967
0.234269
0.315544
0.305852
0.594353
0.157239
0.165161
0.132727
0.246142
0.662
0.330243
0.662
0.232692
0.218031
0.662
0.236928
0.406913
0.365449
0.662
0.42879
0.170405
0.278168
0.662
0.305661
0.456876
0.408194
0.567628
0.662
0.225015
0.662
0.662
0.327288
0.662
0.401188
0.289819
0.165092
0.0599007
0.0932672
0.388554
0.528499
0.662
0.15372
0.633699
0.564701
0.0543339
0.662
0.662
0.340983
0.511516
0.662
0.373554
0.0604294
0.442346
0.168855
0.662
0.427307
0.425442
0.362929
0.286506
0.560876
0.662
0.662
0.662
