0.183947
0.0613338
0.399038
0.288707
0.662
0.0645079
0.662
0.662
0.0832836
0.662
0.662
0.449984
0.662
0.662
0.0695891
0.662
0.272995
0.279742
0.0842073
0.366612
0.543492
0.000933679
0.662
0.33855
0.281607
0.662
0.662
0.188229
0.411352
0.192679
0.215549
0.662
0.65735
0.662
0.127019
0.161283
0.554986
0.662
0.141148
0.195807
0.00740106
0.203936
0.662
0.662
0.662
0.662
0.662
0.31622
0.467926
0.662
0.662
0.662
0.662
0.662
0.662
0.662
0.0370197
0.0448788
0.662
0.239458
0.662
0.578982
0.253676
0.395724
0.662
0.507031
0.662
0.662
0.118931
0.662
0.589764
0.367254
0.169429
0.662
0.633694
0.0797297
0.662
0.662
0.269093
0.0658218
0.662
0.165102
0.399379
0.662
0.222449
0.238486
0.662
0.0666711
0.00492133
0.662
0.662
0.661877
0.114375
0.0288488
0.65867
0.662
0.662
0.456769
0.262052
0.104442
0.376003
0.662
0.284302
0.228235
0.0430818
0.116061
0.208662
0.202167
0.342929
0.662
0.465214
0.121388
0.662
0.662
0.662
0.179549
0.662
0.662
0.237053
0.459182
0.20707
0.48083
0.329516
0.208912
0.229311
0.140966
0.481222
0.298416
0.379591
0.029674
0.186409
0.662
0.611957
0.378451
0.662
0.662
0.279661
0.63508
0.113263
0.662
0.265715
0.0784869
0.088822
0.65157
0.189673
0.199593
0.202726
0.130267
0.189572
0.0681497
0.662
0.509259
0.638043
0.13848
0.201797
0.0155991
0.215721
0.662
0.278042
0.662
0.662
0.662
0.258028
0.662
0.309635
0.199776
0.662
0.662
0.141445
0.00999562
0.183187
0.38825
0.321203
0.39153
0.295582
0.662
0.395762
0.662
0.662
0.465253
0.662
0.53462
0.400854
0.474634
0.662
0.662
0.147704
0.258944
0.627147
0.662
0.226479
0.662
0.348277
0.625071
0.193268
0.662
0.134539
0.580442
0.608893
0.228298
0.662
0.662
0.662
0.0189083
0.662
0.157775
0.1703
0.445483
0.461207
0.191095
0.452236
0.1713
0.342431
0.662
0.662
0.662
0.662
0.541349
0.276528
0.662
0.662
0.114741
0.0958563
0.19857
0.250827
0.18467
0.283922
0.662
0.662
0.428209
0.662
0.662
0.662
0.237497
0.00360765
0.217121
0.0246618
