0.662
0.0837364
0.0543044
0.428355
0.662
0.654752
0.662
0.662
0.662
0.662
0.0645205
0.00461976
0.17591
0.662
0.416342
0.662
0.662
0.662
0.466836
0.132727
0.662
0.517739
0.662
0.606843
0.662
0.662
0.170405
0.197024
0.401188
0.662
0.662
0.190127
0.200348
0.364358
0.0351323
0.618622
0.662
0.662
0.119229
0.662
0.409393
0.061298
0.104554
0.217947
0.662
0.327288
0.206343
0.355232
0.356222
0.262348
0.526942
0.159358
0.0272798
0.662
0.365449
0.106622
0.557669
0.662
0.662
0.301408
0.257171
0.275269
0.554947
0.446941
0.662
0.304188
0.662
0.0732663
0.332327
0.662
0.289272
0.662
0.662
0.197606
0.582389
0.662
0.263593
0.188689
0.662
0.662
0.375093
0.242319
0.662
0.241145
0.662
0.167563
0.362929
0.662
0.2497
0.662
0.215261
0.330243
0.662
0.045445
0.419985
0.662
0.662
0.37707
0.662
0.246142
0.662
0.181505
0.353678
0.528499
0.662
0.662
0.305661
0.662
0.303258
0.564701
0.662
0.52869
0.621076
0.402776
0.662
0.062307
0.222309
0.662
0.442346
0.662
0.189426
0.228443
0.179948
0.320362
0.619679
0.662
0.298446
0.662
0.373554
0.662
0.0570913
0.662
0.265586
0.0760583
0.294392
0.0705433
0.63339
0.662
0.662
0.662
0.308965
0.209489
0.276395
0.658551
0.662
0.391276
0.662
0.166319
0.383966
0.662
0.0283065
0.662
0.662
0.662
0.662
0.077999
0.0980094
0.424457
0.662
0.16768
0.339792
0.662
0.0482222
0.290709
0.206351
0.662
0.662
0.662
0.63021
0.662
0.662
0.662
0.157126
0.428514
0.124041
0.662
0.486919
0.662
0.662
0.629763
0.662
0.662
0.111773
0.662
0.236132
0.286555
0.530367
0.662
0.633699
0.457214
0.44922
0.076237
0.0458755
0.0932672
0.184739
0.261333
0.321404
0.197097
0.662
0.662
0.117894
0.662
0.033957
0.456876
0.142248
0.155441
0.396733
0.40016
0.0290377
0.240373
0.225015
0.217777
0.115921
0.662
0.511516
0.63121
0.0136818
0.46965
0.588952
0.662
0.22267
0.662
0.662
0.662
0.061471
0.00887184
0.163853
0.425442
0.662
0.662
0.662
0.0513345
0.148927
0.662
0.20775
0.183226
0.209501
0.644353
0.182731
0.662
0.0177334
