0.0681819
0.662
0.662
0.0398029
0.662
0.662
0.0698147
0.0669268
0.662
0.662
0.662
0.537524
0.241349
0.662
0.624599
0.662
0.194689
0.463664
0.389805
0.662
0.0861748
0.123986
0.649465
0.662
0.611424
0.662
0.293094
0.484602
0.457526
0.662
0.349152
0.662
0.662
0.177986
0.662
0.64976
0.662
0.118774
0.116068
0.347484
0.426263
0.662
0.0443029
0.0908085
0.0541248
0.662
0.597388
0.662
0.187393
0.304729
0.633253
0.130153
0.662
0.662
0.662
0.662
0.662
0.662
0.24106
0.662
0.662
0.0225089
0.662
0.662
0.662
0.570419
0.104989
0.662
0.276014
0.662
0.192939
0.662
0.662
0.0703459
0.662
0.291885
0.662
0.188062
0.228254
0.0564971
0.662
0.598377
0.662
0.356162
0.662
0.302691
0.662
0.662
0.490951
0.37875
0.662
0.662
0.123903
0.662
0.364429
0.662
0.662
0.662
0.00414928
0.519749
0.006411
0.129781
0.0765824
0.662
0.151808
0.662
0.362245
0.645516
0.662
0.662
0.20325
0.555859
0.287691
0.211653
0.220964
0.506094
0.662
0.465556
0.662
0.662
0.273511
0.47863
0.0757373
0.662
0.219001
0.426033
0.18467
0.223782
0.141324
0.662
0.235876
0.662
0.184774
0.12716
0.652899
0.662
0.662
0.662
0.0438845
0.662
0.208617
0.261199
0.662
0.0178581
0.167882
0.470706
0.2478
0.662
0.662
0.662
0.318934
0.662
0.308465
0.398484
0.662
0.0423657
0.662
0.662
0.352056
0.167951
0.468607
0.406533
0.230495
0.662
0.662
0.662
0.176152
0.216
0.590653
0.662
0.391952
0.662
0.38773
0.662
0.305079
0.069713
0.0667118
0.662
0.289384
0.0921612
0.311644
0.333015
0.662
0.109685
0.662
0.189487
0.436949
0.221911
0.25099
0.152155
0.662
0.195258
0.410317
0.308514
0.662
0.662
0.662
0.662
0.662
0.130847
0.592436
0.134635
0.203405
0.36089
0.495686
0.662
0.486781
0.326168
0.422738
0.0578993
0.448702
0.662
0.13933
0.222145
0.662
0.152741
0.662
0.00340775
0.573721
0.455794
0.570253
0.273979
0.408978
0.436831
0.662
0.454465
0.606982
0.429582
0.492963
0.583798
0.49868
0.662
0.662
0.15829
0.493557
0.0261956
0.34555
0.203963
0.662
0.460631
0.327857
0.662
0.448409
0.661381
0.530753
0.484742
0.0737671
0.30905
0.421984
0.188682
0.00667666
0.368957
0.175673
0.662
0.662
0.454819
0.662
0.0316918
0.143417
0.313255
0.662
0.425791
0.555628
0.51553
0.0901399
0.558251
0.179935
0.662
0.662
0.662
0.662
0.378789
0.662
0.662
0.662
0.374774
0.662
0.518853
0.495772
0.409302
0.631481
0.0276791
0.363375
0.401416
0.479767
0.662
0.0882059
0.662
0.662
0.118561
0.662
0.0333048
0.662
0.336641
0.662
0.662
0.662
0.608447
0.662
0.662
0.392706
0.211026
0.602719
0.662
0.587026
0.269516
0.662
0.662
0.498734
0.631802
0.427997
0.0126602
0.0920539
0.461223
0.662
0.636646
0.242751
0.0355996
0.143111
0.475042
0.662
0.234145
0.638951
0.483473
0.229372
0.49983
0.339201
0.210808
0.052441
0.143303
0.213294
0.662
0.308041
0.662
0.450203
0.266992
0.0909195
0.39491
0.32353
0.662
0.42188
0.662
0.155741
0.107995
0.0252268
0.250491
0.662
0.0496094
0.2077
0.402605
0.477231
0.401968
0.662
0.381658
0.0956332
0.662
0.662
0.662
0.110228
0.454941
0.662
0.440419
0.662
0.340298
0.537585
0.662
0.662
0.259184
0.318519
0.501897
0.535456
0.662
0.591521
0.662
0.662
0.452835
0.452844
0.384715
0.662
0.662
0.224459
0.501961
0.390045
0.434507
0.274128
0.662
0.476302
0.363203
0.603478
0.204329
0.662
0.662
0.662
0.200957
0.662
0.607404
0.294117
0.629455
0.260844
0.209184
0.515217
0.662
0.662
0.204
0.203464
0.0309798
0.345927
0.451311
0.285549
0.390337
0.26375
0.662
0.502612
0.662
0.501466
0.525505
0.362896
0.2398
0.168959
0.0787115
0.31831
0.379162
0.00999562
0.137917
0.558768
0.662
0.477803
0.0468388
0.316795
0.662
0.305528
0.526664
0.249174
0.662
0.193318
0.662
0.662
0.321514
0.662
0.662
0.2153
0.662
0.168555
0.662
0.662
0.662
0.662
0.662
0.425096
0.662
0.658364
0.662
0.503877
0.656966
0.662
0.583847
0.177718
0.529252
0.0991371
0.662
0.201761
0.614866
0.662
0.662
0.0737163
0.229715
0.4485
0.226231
0.662
0.0603541
0.406896
0.0784869
0.662
0.253963
0.662
0.175717
0.105016
0.129056
0.395935
0.662
0.484844
0.458016
0.593357
0.662
0.627376
0.564398
0.276048
0.662
0.662
0.368551
0.662
0.165941
0.662
0.662
0.124802
0.270065
0.53462
0.662
0.662
0.315799
0.662
0.662
0.581004
0.662
0.286601
0.662
0.662
0.121279
0.467631
0.0205485
0.523914
0.662
0.209612
0.467266
0.221174
0.662
0.662
0.662
0.19613
0.662
0.196503
0.199162
0.4105
0.662
0.662
0.185239
0.22154
0.601553
0.188837
0.164818
0.0991681
0.204971
0.662
0.0633118
0.417277
0.414368
0.425168
0.436827
0.246486
0.662
0.662
0.0816925
0.0398915
0.516588
0.372107
0.249678
0.662
0.662
0.662
0.361757
0.662
0.662
0.662
0.60548
0.662
0.467777
0.148276
0.208355
0.378537
0.144238
0.662
0.207532
0.662
0.662
0.662
0.662
0.63339
0.173852
0.080835
0.662
0.662
0.662
0.297401
0.00842663
0.0375195
0.267218
0.662
0.235137
0.279063
0.268769
0.662
0.662
0.304525
0.384
0.662
0.662
