0.662
0.662
0.238715
0.486919
0.295165
0.662
0.662
0.138747
0.2101
0.167563
0.106622
0.169319
0.662
0.662
0.0136818
0.662
0.0799998
0.104815
0.2497
0.43295
0.63021
0.530367
0.229278
0.588952
0.269435
0.077999
0.234693
0.16768
0.662
0.249056
0.0471956
0.301544
0.374348
0.662
0.483399
0.405684
0.369875
0.662
0.312003
0.514878
0.662
0.504892
0.662
0.347615
0.201981
0.17591
0.265586
0.662
0.375093
0.446941
0.662
0.459866
0.178338
0.662
0.343084
0.214226
0.205158
0.512918
0.662
0.254989
0.183226
0.339792
0.662
0.438773
0.00224576
0.0645205
0.662
0.0513345
0.582389
0.662
0.0272798
0.221974
0.662
0.263593
0.662
0.638838
0.662
0.380432
0.621076
0.214094
0.0980094
0.000329304
0.399234
0.662
0.119229
0.662
0.217777
0.54797
0.0264088
0.662
0.334224
0.662
0.662
0.662
0.324279
0.132727
0.662
0.209748
0.484943
0.182731
0.601146
0.662
0.228443
0.247167
0.662
0.18183
0.498739
0.662
0.662
0.564701
0.0929535
0.164079
0.662
0.662
0.246062
0.124041
0.654752
0.155441
0.662
0.518931
0.305653
0.662
0.267461
0.152106
0.160746
0.619762
0.125774
0.52869
0.393801
0.662
0.356222
0.592708
0.076237
0.191945
0.66182
0.263545
0.658551
0.1614
0.297221
0.0272128
0.214684
0.662
0.340786
0.662
0.662
0.662
0.240373
0.662
0.662
0.662
0.662
0.111773
0.662
0.662
0.662
0.662
0.476124
0.404467
0.556077
0.662
0.119023
0.425442
0.20775
0.662
0.662
0.144989
0.188689
0.662
0.662
0.419314
0.662
0.424457
0.662
0.662
0.283182
0.0743198
0.662
0.200348
0.662
0.148352
0.135734
0.49311
0.662
0.662
0.271742
0.230287
0.662
0.662
0.662
0.206343
0.662
0.662
0.662
0.166319
0.662
0.290709
0.222609
0.402776
0.662
0.662
0.367383
0.112372
0.662
0.662
0.662
0.0730812
0.293556
0.275269
0.662
0.167619
0.626364
0.63121
0.383961
0.363554
0.662
0.662
0.662
0.662
0.662
0.0177334
0.662
0.662
0.24607
0.0484875
0.662
0.662
0.198874
0.662
0.119105
0.126653
0.0837364
0.662
0.19093
0.662
0.165094
0.412832
0.0826809
0.179948
0.644353
0.662
0.27841
0.662
0.261333
0.606843
0.223104
0.662
0.409393
0.662
0.662
0.211704
0.662
0.662
0.662
0.662
0.662
0.662
0.453422
0.272796
0.450548
0.21611
0.662
0.0155402
0.477943
0.0351323
0.662
0.369408
0.459678
0.662
0.10129
0.356321
0.662
0.336095
0.662
0.662
0.132744
0.619679
0.246142
0.428116
0.586049
0.662
0.523719
0.209501
0.662
0.155194
0.662
0.454087
0.528587
0.662
0.263548
0.608593
0.122019
0.364358
0.662
0.242319
0.102312
0.401038
0.662
0.447127
0.206351
0.393429
0.217947
