0.0976159
0.662
0.405207
0.662
0.20868
0.198162
0.662
0.601106
0.287832
0.662
0.252895
0.426388
0.662
0.471375
0.662
0.0410812
0.662
0.45287
0.662
0.388463
0.662
0.662
0.163754
0.125263
0.0676936
0.315133
0.00854188
0.662
0.0529913
0.662
0.100728
0.220692
0.338052
0.302012
0.355958
0.0341817
0.662
0.662
0.0680078
0.662
0.151181
0.313872
0.662
0.153518
0.442986
0.391574
0.662
0.45063
0.323585
0.180154
0.22258
0.354339
0.662
0.471587
0.268829
0.147967
0.662
0.0261969
0.0885532
0.662
0.292652
0.393522
0.0707879
0.133585
0.662
0.662
0.662
0.447922
0.0833966
0.130065
0.662
0.342916
0.662
0.282915
0.0284867
0.205647
0.150619
0.662
0.403038
0.623296
0.662
0.662
0.195754
0.0522856
0.440253
0.17805
0.224938
0.662
0.662
0.234674
0.662
0.271235
0.184516
0.162151
0.227529
0.153802
0.358078
0.0984399
0.585073
0.499665
0.662
0.404165
0.0673716
0.366112
0.28821
0.438307
0.662
0.33027
0.393936
0.238924
0.155027
0.3907
0.662
0.662
0.489918
0.0864917
0.368804
0.662
0.662
0.662
0.345653
0.662
0.61568
0.252081
0.386881
0.12737
0.0419665
0.41155
0.448293
0.312691
0.456256
0.662
0.186109
0.131456
0.662
0.662
0.377308
0.662
0.643443
0.662
0.662
0.662
0.312715
0.33965
0.662
0.416853
0.264577
0.662
0.0295936
0.595581
0.00274583
0.662
0.662
0.662
0.613773
0.459352
0.662
0.433998
0.662
0.312133
0.662
0.662
0.662
0.0301861
0.425768
0.662
0.221863
0.399233
0.436891
0.258825
0.420522
0.637068
0.662
0.662
0.662
0.16212
0.434633
0.394627
0.187216
0.200438
0.662
0.535169
0.347557
0.662
0.662
0.35851
0.662
0.662
0.100543
0.428491
0.662
0.186717
0.547173
0.662
0.518415
0.662
0.0781546
0.662
0.0921815
0.0263945
0.662
0.449141
0.662
0.0566158
0.662
0.393024
0.226777
0.480882
0.217347
0.351918
0.191303
0.662
0.662
0.415297
0.210642
0.195444
0.662
0.0749347
0.662
0.662
0.411613
0.330229
0.662
0.662
0.63301
0.0441351
0.11386
0.390717
0.200658
0.25901
0.0399818
0.623154
0.662
0.662
0.415863
0.217811
0.156049
0.34061
0.291911
0.0429311
0.0232482
0.662
0.662
0.262133
0.662
0.662
0.115322
0.146248
0.329308
0.472449
0.460025
0.0684388
0.408789
0.247461
0.662
0.662
0.48308
0.256265
0.386629
0.436818
0.193545
0.662
0.249233
0.242427
0.662
0.131415
0.230405
0.662
0.662
0.537324
0.110429
0.662
0.380733
0.527871
0.662
0.230437
0.662
0.662
0.179242
0.0385784
0.662
0.534132
0.043722
0.153581
0.662
0.662
0.46857
0.404735
0.662
0.662
0.0889064
0.0556149
0.662
0.662
0.662
0.567124
0.331469
0.425291
0.126125
0.136706
0.662
0.212852
0.0443865
0.275287
0.15319
0.0736476
0.0363015
0.662
0.662
0.379465
0.428872
0.54344
0.183148
0.0923394
0.360075
0.471581
0.585187
0.405182
0.662
0.213084
0.406458
0.296085
0.662
0.662
0.0372824
0.662
0.127396
0.0180841
0.662
0.662
0.662
0.0623003
0.662
0.662
0.104822
0.204461
0.191495
0.568383
0.0511185
0.079889
0.662
0.281414
0.662
0.662
0.335466
0.310745
0.351121
0.400394
0.0270576
0.0336725
0.095532
0.187067
0.662
0.459745
0.662
0.662
0.0784538
0.662
0.0515025
0.25018
0.362527
0.662
0.365786
0.464112
0.484187
0.662
0.315604
0.452312
0.32335
0.662
0.662
0.662
0.662
0.662
0.0322982
0.299863
0.157542
0.662
0.156983
0.662
0.662
0.415214
0.662
0.22528
0.662
0.662
0.511466
0.3795
0.662
0.662
0.07549
0.662
0.662
0.662
0.662
0.662
0.365
0.485382
0.662
0.411158
0.662
0.662
0.445953
0.232799
0.384652
0.662
0.0223658
0.662
0.662
0.662
0.662
0.187532
0.268829
0.44646
0.662
0.476614
0.662
0.32307
0.662
0.662
0.28755
0.662
0.662
0.662
0.375502
0.662
0.217073
0.310696
0.662
0.662
0.0902946
0.199288
0.348994
0.662
0.662
0.662
0.662
0.662
0.662
0.347405
0.255845
0.39593
0.101397
0.459591
0.210792
0.203649
0.662
0.530576
0.662
0.274051
0.662
0.662
0.167039
0.662
0.150659
0.662
0.358927
0.542169
0.172597
0.373875
0.176272
0.148567
0.662
0.281461
0.0605964
0.446212
0.438997
0.102429
0.432805
0.207293
0.662
0.662
0.409265
0.130945
0.413799
0.0232132
0.662
0.662
0.0663577
0.662
0.380609
0.154045
0.205512
0.188015
0.0950971
0.507064
0.641756
0.662
0.662
0.474637
0.662
0.229911
0.231084
0.0450836
0.22353
0.476238
0.275026
0.473965
0.562913
0.662
0.662
0.662
0.232371
0.474881
0.662
0.29811
0.125897
0.662
0.662
0.371374
0.469898
0.662
0.640456
0.402564
0.662
0.00117709
0.30864
0.385939
0.239831
0.662
0.0692174
0.662
0.662
0.45667
0.662
0.662
0.355764
0.206506
0.119131
0.63662
0.662
0.181058
0.138912
0.239855
0.662
0.662
0.0221107
0.30047
0.0543337
0.662
0.590646
0.203943
0.434057
0.0721378
0.248102
0.0997433
0.242729
0.662
0.511394
0.662
0.662
0.435544
0.662
0.223028
0.662
0.460266
0.662
0.662
0.662
0.00526884
0.662
0.441407
0.662
0.662
0.207095
0.481513
0.662
0.662
0.662
0.662
0.0432578
0.450204
0.171597
0.662
0.21976
0.662
0.662
0.21297
0.391612
0.662
0.662
0.234325
0.177714
0.662
0.546875
0.662
0.349835
0.346802
0.371172
0.662
0.462867
0.247432
0.662
0.0872391
0.662
0.605879
0.208993
0.422482
0.172371
0.467036
0.376594
0.0866819
0.662
0.662
0.662
0.435066
0.541023
0.200115
0.662
0.0561466
0.269034
0.438289
0.261402
0.336195
0.662
0.662
0.662
0.284368
0.552303
0.435345
0.384059
0.519981
0.271803
0.442559
0.662
0.0292125
0.662
0.662
0.359937
0.662
0.464383
0.12248
0.662
0.102836
0.651248
0.662
0.662
0.566076
0.563971
0.481967
0.344906
0.662
0.319626
0.23916
0.183226
0.2608
0.0206827
0.662
0.309744
0.241549
0.518626
0.662
0.420692
0.258232
0.182151
0.199679
0.283996
0.662
0.662
0.521461
0.0736961
0.179175
0.209385
0.165179
0.198125
0.209472
0.02998
0.443305
0.662
0.662
0.422406
0.142672
0.182443
0.662
0.0722656
0.199576
0.496315
0.662
0.225598
0.100015
0.127144
0.0787414
0.662
0.149269
0.662
0.07891
0.114034
0.662
0.662
0.662
0.662
0.662
0.235661
0.446466
0.662
0.317237
0.303045
0.359705
0.662
0.548821
0.433917
0.545306
0.662
0.243473
0.361695
0.375243
0.0838073
0.614686
0.268828
0.0155655
0.662
0.304835
0.662
0.662
0.662
0.662
0.0662059
0.19501
0.13844
0.662
0.662
0.0703465
0.662
0.156805
0.662
0.462233
0.017012
0.093589
0.533684
0.662
0.225878
0.029701
0.348015
0.284049
0.45072
0.207986
0.0217327
0.185565
0.0798967
0.591802
0.212585
0.662
0.262953
0.193463
0.401238
0.212007
0.561851
0.662
0.41847
0.662
0.144103
0.527623
0.248741
0.63339
0.488645
0.176269
0.0802558
0.189779
0.192009
0.13666
0.330181
0.167236
0.454901
0.0441037
0.662
0.662
0.188951
0.112047
0.239067
0.417607
0.28376
0.223542
0.338256
0.181034
0.365886
0.662
0.662
0.662
0.662
0.487084
0.662
0.662
0.499441
0.662
0.253001
0.241381
0.422125
0.350292
0.662
0.0267642
0.281018
0.211234
0.431021
0.287871
0.662
0.219844
0.118764
0.0511085
0.261353
0.502403
0.662
0.662
0.484436
0.386703
0.0889987
0.123525
0.630539
0.349909
0.295537
0.341804
0.662
0.662
0.237735
0.255287
0.217771
0.662
0.288616
0.113151
0.662
0.662
0.266973
0.190572
0.102549
0.662
0.37605
0.341625
0.662
0.662
0.662
0.662
0.31609
0.397631
0.152558
0.0261979
0.662
0.0414204
0.662
0.662
0.379156
0.407687
0.662
0.286376
0.209464
0.662
0.0349797
0.10432
0.662
0.662
0.662
0.181564
0.223246
0.662
0.431406
0.662
0.22145
0.433235
0.662
0.115818
0.326215
0.662
0.416686
0.465824
0.662
0.662
0.273505
0.662
0.319051
0.152091
0.254633
0.0387022
0.407768
0.662
0.662
0.662
0.0638704
0.507527
0.57172
0.510354
0.384618
0.0306513
0.276429
0.140594
0.662
0.662
0.233775
0.0570317
0.287485
0.089954
0.184382
0.662
0.456476
0.401081
0.369028
0.662
0.662
0.214515
0.134889
0.662
0.0879655
0.30616
0.203988
0.194032
0.00944012
0.146304
0.242604
0.662
0.203895
0.662
0.292624
0.662
0.662
0.331611
0.259111
0.167413
0.152199
0.662
0.662
0.0580238
0.662
0.662
0.159272
0.662
0.662
0.350804
0.491955
0.662
0.461134
0.50112
0.662
0.662
0.662
0.662
0.643002
0.662
0.374265
0.42741
0.662
0.662
0.662
0.662
0.662
0.662
0.0749019
0.291031
0.662
0.0034634
0.662
0.412846
0.662
0.15041
0.272194
0.220683
0.395532
0.612343
0.320815
0.276739
0.107827
0.433268
0.662
0.107791
0.257809
0.572626
0.245373
0.359288
0.123895
0.192544
0.0789844
0.317793
0.488133
0.662
0.637996
0.0831946
0.329773
0.662
0.452613
0.383006
0.444348
0.440054
0.465062
0.578747
0.612761
0.662
0.335534
0.662
0.662
0.662
0.364076
0.132091
0.662
0.148486
0.40439
0.435144
0.190114
0.284146
0.452042
0.592609
0.272453
0.662
0.188759
0.320419
0.242673
0.662
0.591914
0.410495
0.0408033
0.465044
0.662
0.662
0.224377
0.309332
0.0598834
0.144304
0.195364
0.34774
0.662
0.662
0.240848
0.14251
0.279246
0.0140241
0.662
0.662
0.185182
0.400517
0.662
0.00727808
0.190499
0.248207
0.662
0.662
0.662
0.460718
0.163939
0.662
0.3259
0.433367
0.1545
0.122329
0.0770497
0.437318
0.153625
0.662
0.59965
0.295275
0.662
0.0198472
0.0207433
0.662
0.238282
0.373855
0.372168
0.311597
0.63339
0.662
0.0929456
0.191012
0.471147
0.45863
0.513742
0.160963
0.358775
0.0403927
0.45996
0.662
0.21588
0.662
0.662
0.662
0.361939
0.656802
0.451623
0.0912231
0.00603061
0.424025
0.662
0.0409697
0.300556
0.36268
0.297411
0.162791
0.662
0.662
0.662
0.662
0.273857
0.468627
0.324532
0.428835
0.292663
0.662
0.662
0.338355
0.117456
0.163383
0.152395
0.662
0.0348318
0.662
0.662
0.330522
0.376772
0.106556
0.629763
0.432967
0.662
0.289479
0.662
0.662
0.489807
0.0411757
0.0247497
0.131611
0.629706
0.662
0.440814
0.339769
0.264517
0.51742
0.662
0.662
0.487885
0.172806
0.472147
0.368314
0.662
0.307527
0.123129
0.215643
0.342661
0.230765
0.656158
0.249613
0.599908
0.313164
0.379779
0.282719
0.277079
0.210976
0.142402
0.662
0.662
0.0206023
0.145356
0.514917
0.662
0.662
0.662
0.137334
0.219734
0.349496
0.0193308
0.232918
0.662
0.310197
0.0475147
0.662
0.497004
0.194154
0.282922
0.662
0.651835
0.182897
0.166497
0.0868608
0.662
0.662
0.202732
0.662
0.35673
0.662
0.662
0.20759
0.662
0.662
0.0789543
0.662
0.0622453
0.442894
0.149768
0.127057
0.269081
0.271342
0.281528
0.662
0.0975182
0.662
0.316125
0.210627
0.209449
0.0966968
0.215049
0.0871098
0.662
0.662
0.662
0.242288
0.139304
0.446257
0.283448
0.662
0.662
0.662
0.0137032
0.662
0.223081
0.187376
0.662
0.235976
0.0940607
0.662
0.119701
0.662
0.426002
0.644673
0.250239
0.0984013
0.365845
0.662
0.573327
0.390366
0.662
0.260645
0.484114
0.191897
0.111478
0.118466
0.662
0.163061
0.240671
0.326958
0.280029
0.10998
0.382229
0.386784
0.662
0.439498
0.310796
0.115255
0.144152
0.662
0.188116
0.37957
0.104815
0.391379
0.662
0.192572
0.662
0.187388
0.662
0.662
0.662
0.0378634
0.662
0.662
0.217131
0.402792
0.335473
0.231025
0.662
0.662
0.215079
0.662
0.662
0.413062
0.267336
0.662
0.662
0.662
0.273231
0.662
0.662
0.0999059
0.662
0.467383
0.325896
0.104056
0.662
0.459569
0.662
0.662
0.218849
0.00930591
0.172836
0.167298
0.662
0.258971
0.662
0.376987
0.640035
0.662
0.662
0.199302
0.325758
0.662
0.494463
0.662
0.000186763
0.662
0.487482
0.662
0.662
0.132177
0.512416
0.662
0.179981
0.662
0.662
0.189049
0.132411
0.662
0.662
0.000658638
0.00163427
0.0684233
0.341731
0.662
0.199667
0.286643
0.33637
0.221261
0.186377
0.587624
0.610498
0.371227
0.219237
0.121343
0.566432
0.662
0.662
0.0979696
0.662
0.662
0.287702
0.662
0.662
0.662
0.662
0.662
0.156631
0.380324
0.267465
0.192039
0.662
0.625649
0.592352
0.21835
0.662
0.0210354
0.322943
0.210653
0.467942
0.662
0.10508
0.126929
0.662
0.662
0.662
0.221497
0.531544
0.351172
0.662
0.662
0.662
0.0722962
0.662
0.397065
0.418666
0.424065
0.511801
0.572028
0.211447
0.662
0.0494029
0.375338
0.662
0.432333
0.263163
0.662
0.662
0.166406
0.589813
0.559384
0.346135
0.312078
0.662
0.451686
0.662
0.441695
0.28392
0.662
0.662
0.155507
0.662
0.662
0.662
0.662
0.276564
0.228843
0.149855
0.257791
0.11885
0.662
0.308779
0.342572
0.662
0.662
0.253794
0.662
0.283777
0.502048
0.204154
0.662
0.292846
0.662
0.662
0.662
0.211863
0.633391
0.138777
0.212954
0.139003
0.429881
0.456483
0.245923
0.662
0.0119782
0.662
0.197085
0.304736
0.291008
0.662
0.244022
0.265217
0.662
0.385025
0.662
0.396019
0.534678
0.662
0.662
0.269962
0.662
0.186186
0.253369
0.0510436
0.477501
0.662
0.662
0.0992407
0.201429
0.662
0.470209
0.502766
0.626668
0.187653
0.229824
0.117919
0.453804
0.24609
0.559037
0.662
0.17811
0.662
0.662
0.132861
0.267007
0.662
0.327309
0.662
0.330911
0.124954
0.527106
0.662
0.662
0.662
0.662
0.662
0.048618
0.504462
0.662
0.434177
0.662
0.0633636
0.556722
0.341058
0.416455
0.219429
0.275046
0.612342
0.50202
0.247109
0.662
0.662
0.662
0.0921264
0.376729
0.662
0.662
0.428694
0.240475
0.662
0.406064
0.662
0.662
0.652685
0.468412
0.662
0.527657
0.576093
0.662
0.662
0.348506
0.395211
0.662
0.662
0.662
0.156876
0.25124
0.338105
0.138652
0.250366
0.381824
0.151844
0.441226
0.662
0.290597
0.165754
0.256204
0.0948995
0.36162
0.13962
0.232337
0.662
0.581846
0.386943
0.662
0.112849
0.396079
0.662
0.21437
0.19044
0.662
0.331067
0.286638
0.662
0.662
0.662
0.662
0.662
0.443749
0.450259
0.409862
0.662
0.32776
0.167209
0.320883
0.160695
0.205657
0.662
0.662
0.662
0.495829
0.221209
0.0975219
0.0757111
0.0153468
0.662
0.662
0.114098
0.340542
0.662
0.367163
0.173363
0.563959
0.662
0.256753
0.617425
0.662
0.662
0.662
0.325126
0.424556
0.0409769
0.662
0.662
0.13271
0.384651
0.662
0.662
0.139919
0.289159
0.407247
0.18512
0.662
0.662
0.281022
0.641322
0.261809
0.115489
0.052651
0.153252
0.188749
0.199659
0.662
0.471477
0.115321
0.662
0.149036
0.464005
0.662
0.390964
0.662
0.257634
0.284693
0.291054
0.556629
0.0928971
0.153587
0.662
0.160326
0.131455
0.662
0.662
0.0563347
0.662
0.381122
0.283454
0.400798
0.662
0.662
0.662
0.0699312
0.662
0.310275
0.00756089
0.177685
0.148403
0.190798
0.662
0.224736
0.662
0.614162
0.176586
0.662
0.425746
0.662
0.214844
0.662
0.662
0.604122
0.306139
0.24591
0.340695
0.662
0.662
0.662
0.646829
0.0315934
0.662
0.465076
0.662
0.532829
0.345283
0.662
0.662
0.00519569
0.662
0.343616
0.473708
0.4681
0.662
0.241781
0.335946
0.662
0.382163
0.534606
0.463066
0.197191
0.604932
0.00891049
0.417454
0.441785
0.327567
0.109146
0.662
0.271208
0.174188
0.44465
0.396686
0.662
0.662
0.662
0.407898
0.0591327
0.15467
0.662
0.662
0.662
0.31942
0.00418762
0.662
0.244645
0.662
0.662
0.448621
0.143407
0.662
0.662
0.662
0.466242
0.662
0.662
0.662
0.662
0.662
0.00218658
0.0825471
0.33792
0.662
0.662
0.474356
0.662
0.618721
0.662
0.662
0.0609192
0.0333224
0.598382
0.642473
0.662
0.226837
0.20682
0.662
0.259914
0.327192
0.662
0.662
0.0118245
0.662
0.662
0.454356
0.191203
0.662
0.662
0.215581
0.200431
0.300422
0.256261
0.243887
0.662
0.476649
0.315685
0.310719
0.206677
0.662
0.662
0.168111
0.327297
0.380327
0.185241
0.629706
0.175695
0.662
0.106276
0.662
0.31411
0.662
0.169211
0.662
0.0939551
0.275448
0.406876
0.662
0.662
0.206236
0.662
0.504759
0.245604
0.662
0.0939906
0.602364
0.265261
0.424274
0.662
0.662
0.660913
0.405272
0.662
0.662
0.40994
0.662
0.662
0.331212
0.662
0.662
0.171558
0.662
0.33493
0.140372
0.00982587
0.137679
0.662
0.0961167
0.662
0.226909
0.257189
0.662
0.662
0.662
0.662
0.662
0.4418
0.159383
0.389783
0.128334
0.439497
0.313371
0.382843
0.268077
0.28749
0.206428
0.662
0.314962
0.379187
0.662
0.157264
0.185076
0.171153
0.27608
0.586132
0.662
0.128535
0.219814
0.173298
0.662
0.267363
0.339297
0.611801
0.662
0.338488
0.366291
0.662
0.662
0.0282829
0.258963
0.662
0.054543
0.662
0.442285
0.662
0.662
0.662
0.298576
0.344369
0.184399
0.299766
0.662
0.0596685
0.184962
0.351286
0.662
0.662
0.202607
0.662
0.212391
0.662
0.662
0.0454675
0.662
0.136332
0.662
0.430704
0.499731
0.369245
0.662
0.662
0.662
0.246136
0.167619
0.662
0.369255
0.0706195
0.662
0.231632
0.307928
0.0778295
0.63339
0.44748
0.662
0.15663
0.662
0.662
0.233991
0.0189332
0.662
0.662
0.511393
0.662
0.662
0.662
0.194011
0.218602
0.262046
0.246478
0.662
0.0997938
0.38024
0.662
0.170988
0.0256699
0.0126536
0.662
0.662
0.00161544
0.662
0.0283394
0.662
0.662
0.22956
0.662
0.266062
0.662
0.17298
0.662
0.662
0.0530935
0.15499
0.662
0.662
0.662
0.662
0.345788
0.662
0.208176
0.122332
0.662
0.379164
0.662
0.244896
0.662
0.58882
0.586468
0.445685
0.662
0.58719
0.24527
0.367154
0.662
0.662
0.635016
0.662
0.315268
0.23914
0.630447
0.662
0.662
0.662
0.127764
0.448107
0.662
0.662
0.662
0.23173
0.662
0.662
0.662
0.472891
0.186601
0.0164708
0.662
0.662
0.662
0.662
0.0764832
0.662
0.662
0.662
0.456441
0.276166
0.662
0.340947
0.0172783
0.260436
0.422703
0.342511
0.16738
0.00225989
0.13535
0.662
0.662
0.599365
0.107798
0.662
0.662
0.662
0.662
0.259008
0.496422
0.381895
0.430026
0.662
0.662
0.367062
0.662
0.662
0.662
0.23177
0.662
0.662
0.317016
0.467701
0.282763
0.662
0.406787
0.662
0.662
0.352723
0.320177
0.039465
0.326301
0.158585
0.138854
0.070582
0.662
0.662
0.367937
0.662
0.26348
0.202854
0.194336
0.662
0.0233752
0.244447
0.662
0.662
0.662
0.519412
0.662
0.654414
0.662
0.117254
0.662
0.662
0.437415
0.438978
0.551889
0.662
0.331888
0.662
0.0896354
0.297689
0.662
0.662
0.508184
0.329822
0.662
0.662
0.662
0.305414
0.662
0.528182
0.662
0.205018
0.37391
0.662
0.113211
0.618132
0.662
0.484237
0.160002
0.662
0.554795
0.0271282
0.662
0.211856
0.662
0.351563
0.662
0.662
0.227167
0.332037
0.662
0.403803
0.0129794
0.107272
0.311209
0.662
0.208866
0.662
0.275192
0.662
0.662
0.662
0.252661
0.662
0.55534
0.553618
0.118722
0.662
0.193168
0.662
0.662
0.662
0.098418
0.662
0.551556
0.483366
0.662
0.183755
0.363449
0.226488
0.534792
0.253132
0.36041
0.662
0.209828
0.401155
0.662
0.201311
0.0603569
0.662
0.337457
0.288465
0.331438
0.0495969
0.662
0.0904646
0.061158
0.408516
0.567184
0.662
0.662
0.662
0.194319
0.202049
0.145073
0.662
0.36049
0.662
0.197091
0.662
0.425519
0.662
0.662
0.306686
0.213651
0.310838
0.662
0.662
0.662
0.59442
0.662
0.265187
0.662
0.222214
0.662
0.16284
0.258326
0.480803
0.422108
0.662
0.199949
0.662
0.662
0.408329
0.341003
0.662
0.628846
0.662
0.00946638
0.247554
0.586472
0.662
0.512978
0.662
0.095549
0.662
0.44049
0.389487
0.662
0.662
0.325246
0.432107
0.662
0.0503521
0.662
0.662
0.208167
0.305053
0.662
0.422238
0.203307
0.662
0.662
0.111324
0.662
0.396739
0.63096
0.662
0.188418
0.0191748
0.662
0.662
0.444362
0.406105
0.662
0.211792
0.107929
0.662
0.319538
0.264362
0.662
0.662
0.119357
0.341716
0.0206316
0.662
0.450127
0.197882
0.306885
0.662
0.0944104
0.464153
0.379289
0.376171
0.662
0.356759
0.662
0.342622
0.0117779
0.662
0.662
0.633694
0.385056
0.280727
0.321911
0.426667
0.662
0.441999
0.156988
0.219417
0.313433
0.107881
0.251195
0.262853
0.662
0.215637
0.6412
0.662
0.252826
0.662
0.41906
0.00202353
0.662
0.218144
0.243576
0.218363
0.134545
0.662
0.662
0.662
0.255772
0.21911
0.662
0.064494
0.662
0.120574
0.662
0.662
0.508125
0.662
0.360261
0.662
0.662
0.662
0.45837
0.662
0.021236
0.196216
0.430387
0.662
0.149383
0.662
0.343917
0.662
0.161538
0.662
0.379604
0.662
0.026679
0.0950364
0.662
0.33241
0.431952
0.0335545
0.662
0.0552244
0.185915
0.337775
0.662
0.0395802
0.662
0.662
0.662
0.662
0.120827
0.662
0.662
0.458512
0.386467
0.662
0.0968441
0.0583264
0.662
0.662
0.662
0.144712
0.662
0.183884
0.662
0.662
0.662
0.64454
0.662
0.662
0.0492181
0.662
0.389472
0.287556
0.662
0.0352885
0.662
0.662
0.186315
0.44187
0.270375
0.662
0.0172821
0.111819
0.662
0.662
0.662
0.531098
0.336564
0.63339
0.662
0.662
0.662
0.199842
0.662
0.0188245
0.14755
0.255065
0.662
0.662
0.36429
0.662
0.662
0.432556
0.662
0.164159
0.224201
0.662
0.0474979
0.662
0.0339176
0.662
0.116528
0.662
0.0595332
0.662
0.192239
0.202429
0.166462
0.392466
0.113892
0.473078
0.662
0.662
0.474587
0.466833
0.468584
0.662
0.637773
0.49087
0.121735
0.662
0.127395
0.662
0.662
0.662
0.355738
0.662
0.483568
0.0905487
0.221068
0.609199
0.149014
0.32917
0.42169
0.638775
0.662
0.283397
0.662
0.0354062
0.662
0.376404
0.206771
0.662
0.662
0.662
0.662
0.535442
0.383608
0.662
0.0656794
0.662
0.595647
0.0809955
0.662
0.548062
0.240793
0.399156
0.662
0.662
0.29689
0.196007
0.340882
0.0566131
0.104899
0.662
0.662
0.662
0.1263
0.488799
0.269555
0.162965
0.11618
0.206351
0.662
0.130097
0.0399234
0.236244
0.0516264
0.209686
0.662
0.476373
0.133195
0.662
0.603962
0.32593
0.229816
0.662
0.355347
0.662
0.662
0.38651
0.662
0.00603158
0.662
0.283015
0.0315075
0.662
0.124434
0.0429622
0.662
0.662
0.576811
0.154932
0.193327
0.380577
0.223196
0.422486
0.386966
0.662
0.287667
0.662
0.0649307
0.390516
0.662
0.314201
0.662
0.662
0.102755
0.0517632
0.00644805
0.39262
0.662
0.280609
0.469876
0.234985
0.288845
0.31884
0.662
0.662
0.13436
0.662
0.662
0.300517
0.662
0.662
0.457327
0.662
0.300735
0.439342
0.191906
0.662
0.662
0.0395202
0.662
0.590147
0.662
0.662
0.0165361
0.662
0.471806
0.662
0.662
0.662
0.662
0.216785
0.0277778
0.662
0.329423
0.662
0.662
0.662
0.193053
0.309733
0.0829112
0.119109
0.408843
0.662
0.662
0.662
0.112253
0.662
0.444074
0.589486
0.0160033
0.662
0.649295
0.310132
0.00408376
0.222327
0.662
0.149066
0.662
0.662
0.662
0.173048
0.662
0.307178
0.662
0.662
0.662
0.0975184
0.21006
0.454678
0.298481
0.0259623
0.260683
0.662
0.662
0.0270853
0.662
0.662
0.403966
0.462698
0.00166091
0.662
0.254108
0.662
0.351945
0.662
0.0412361
0.239926
0.313348
0.662
0.0280698
0.662
0.282499
0.481912
0.234411
0.662
0.662
0.280777
0.115263
0.216071
0.384709
0.123875
0.321519
0.662
0.662
0.428635
0.0373965
0.662
0.566635
0.0335067
0.141077
0.662
0.662
0.662
0.043278
0.662
0.529446
0.265761
0.662
0.662
0.449744
0.0554681
0.182455
0.591807
0.662
0.236356
0.0549187
0.119071
0.119146
0.662
0.284132
0.662
0.662
0.662
0.662
0.296649
0.302282
0.662
0.662
0.416772
0.662
0.662
0.662
0.662
0.662
0.662
0.375084
0.411119
0.434544
0.308355
0.220123
0.37019
0.662
0.373893
0.188551
0.206266
0.662
0.143566
0.313285
0.0573247
0.337227
0.662
0.662
0.310361
0.0089939
0.429954
0.230225
0.0279525
0.404388
0.358183
0.451805
0.662
0.662
0.662
0.146478
0.300162
0.253225
0.344009
0.41803
0.257504
0.662
0.343578
0.440846
0.662
0.187986
0.155424
0.662
0.662
0.29788
0.339745
0.662
0.662
0.662
0.662
0.662
0.309884
0.662
0.248962
0.0254137
0.186015
0.0387633
0.126416
0.316635
0.357417
0.662
0.662
0.343456
0.0267234
0.010143
0.122322
0.147053
0.662
0.0924115
0.662
0.345061
0.264596
0.662
0.662
0.274449
0.295117
0.0240875
0.662
0.662
0.662
0.260511
0.662
0.293329
0.247073
0.662
0.453077
0.662
0.662
0.289829
0.10085
0.0364255
0.662
0.226731
0.333369
0.662
0.492624
0.210861
0.153825
0.662
0.662
0.233995
0.279315
0.144872
0.662
0.241726
0.578282
0.303809
0.269115
0.236827
0.104726
0.481125
0.662
0.330594
0.309894
0.662
0.662
0.325232
0.662
0.133463
0.0319205
0.662
0.417132
0.662
0.662
0.662
0.209641
0.266821
0.662
0.662
0.221405
0.662
0.662
0.288925
0.0893848
0.0368514
0.153301
0.224937
0.482471
0.268421
0.381293
0.662
0.304581
0.662
0.372744
0.334401
0.662
0.662
0.365138
0.662
0.662
0.662
0.662
0.662
0.436736
0.662
0.662
0.662
0.146118
0.134809
0.333851
0.178038
0.100659
0.223139
0.622361
0.088784
0.36354
0.266296
0.662
0.662
0.662
0.573277
0.45804
0.215464
0.441756
0.237354
0.603464
0.662
0.662
0.662
0.32595
0.662
0.477065
0.662
0.13676
0.127462
0.662
0.240303
0.31463
0.662
0.662
0.0743646
0.178909
0.662
0.659808
0.0141907
0.662
0.662
0.56613
0.662
0.0598152
0.0959897
0.282158
0.244856
0.0913733
0.662
0.0135023
0.255596
0.111601
0.662
0.662
0.662
0.662
0.135837
0.226792
0.350296
0.662
0.662
0.662
0.529088
0.188779
0.662
0.0534755
0.174819
0.662
0.323698
0.662
0.343242
0.662
0.662
0.662
0.56601
0.127605
0.433182
0.662
0.662
0.662
0.220035
0.084185
0.127403
0.22053
0.259653
0.27565
0.662
0.527938
0.662
0.297343
0.185905
0.662
0.604797
0.000370045
0.392007
0.662
0.662
0.461491
0.662
0.662
0.662
0.662
0.0701966
0.662
0.662
0.662
0.487379
0.446608
0.38758
0.254596
0.662
0.662
0.202159
0.662
0.488207
0.328339
0.17512
0.0314659
0.276106
0.214906
0.324313
0.28143
0.285476
0.662
0.504328
0.472436
0.573139
0.154993
0.204735
0.662
0.662
0.662
0.662
0.271032
0.662
0.662
0.473809
0.468084
0.221944
0.412879
0.409674
0.179202
0.516293
0.432534
0.662
0.250596
0.662
0.662
0.448903
0.539972
0.662
0.662
0.662
0.662
0.00785679
0.191022
0.662
0.631677
0.471204
0.169161
0.370421
0.394638
0.662
0.243906
0.244254
0.448076
0.127833
0.330873
0.662
0.662
0.652622
0.662
0.269029
0.162252
0.46176
0.662
0.662
0.144999
0.662
0.292631
0.113912
0.662
0.430061
0.662
0.26993
0.0770378
0.272442
0.662
0.662
0.19063
0.662
0.662
0.22263
0.662
0.662
0.225004
0.662
0.260666
0.662
0.210935
0.0808612
0.0507857
0.391766
0.655504
0.48888
0.43878
0.395557
0.662
0.662
0.662
0.472968
0.662
0.662
0.0269393
0.662
0.615774
0.215427
0.392815
0.189449
0.495797
0.0136134
0.415104
0.224928
0.662
0.227386
0.115496
0.662
0.120886
0.0269362
0.15923
0.310659
0.0328061
0.158846
0.0306993
0.662
0.662
0.421438
0.662
0.228452
0.662
0.662
0.201339
0.0809786
0.323237
0.163268
0.432664
0.662
0.00181489
0.505054
0.215764
0.662
0.662
0.662
0.546207
0.0472141
0.662
0.201952
0.455044
0.544298
0.165576
0.6313
0.00555458
0.214335
0.204656
0.662
0.662
0.662
0.662
0.126195
0.0724507
0.662
0.571979
0.662
0.0200769
0.584519
0.662
0.189421
0.662
0.258263
0.662
0.339395
0.264576
0.113793
0.662
0.0847856
0.117245
0.662
0.241364
0.297342
0.0754798
0.145002
0.164428
0.325034
0.0561627
0.490407
0.326318
0.410915
0.243372
0.415866
0.662
0.662
0.61238
0.234422
0.322611
0.158152
0.475108
0.662
0.662
0.568749
0.193073
0.140331
0.169114
0.662
0.154109
0.0443844
0.662
0.216864
0.662
0.370895
0.314545
0.662
0.156716
0.662
0.646218
0.662
0.662
0.284188
0.0632201
0.0784281
0.336792
0.662
0.113133
0.45136
0.662
0.203394
0.22908
0.460538
0.575562
0.12595
0.413385
0.662
0.662
0.127168
0.662
0.662
0.349962
0.288695
0.166588
0.662
0.662
0.662
0.0211891
0.196461
0.662
0.345958
0.277469
0.428459
0.662
0.304542
0.401107
0.662
0.160894
0.19124
0.662
0.662
0.189269
0.340899
0.662
0.662
0.662
0.257789
0.366309
0.662
0.662
0.662
0.106358
0.22937
0.662
0.122343
0.0269549
0.104516
0.662
0.657625
0.169408
0.209536
0.662
0.662
0.104121
0.662
0.0928274
0.13407
0.662
0.275975
0.662
0.662
0.662
0.111154
0.662
0.662
0.178577
0.0197624
0.662
0.289432
0.214581
0.662
0.24279
0.219215
0.104517
0.564045
0.0856974
0.296945
0.17312
0.662
0.662
0.542327
0.662
0.662
0.351973
0.00954363
0.33868
0.0105032
0.662
0.135629
0.662
0.186263
0.140619
0.662
0.112906
0.218461
0.375499
0.662
0.430794
0.662
0.0831563
0.662
0.0634776
0.253643
0.264834
0.0859301
0.633694
0.452291
0.662
0.662
0.662
0.331944
0.292774
0.662
0.662
0.662
0.19534
0.181152
0.662
0.170687
0.0442118
0.301465
0.662
0.256797
0.60462
0.370836
0.103273
0.327496
0.662
0.662
0.662
0.662
0.264518
0.448231
0.662
0.662
0.662
0.175996
0.662
0.662
0.662
0.662
0.253547
0.217436
0.0125956
0.175627
0.32021
0.0818655
0.662
0.333709
0.130655
0.371471
0.280641
0.662
0.534328
0.192169
0.662
0.662
0.662
0.662
0.221507
0.662
0.2525
0.662
0.38914
0.240452
0.326074
0.168527
0.662
0.228807
0.403844
0.662
0.147377
0.662
0.186566
0.103846
0.299213
0.662
0.0615234
0.117946
0.662
0.417634
0.534368
0.17737
0.662
0.26606
0.662
0.262867
0.662
0.214701
0.205102
0.258815
0.323208
0.0884698
0.662
0.568947
0.188553
0.662
0.662
0.25331
0.286038
0.366079
0.592467
0.137583
0.280156
0.402491
0.23487
0.348814
0.340314
0.455781
0.662
0.00708017
0.196974
0.269933
0.165358
0.662
0.0633081
0.662
0.0408301
0.662
0.0713409
0.654887
0.662
0.662
0.169574
0.662
0.662
0.251466
0.407986
0.369296
0.502832
0.357494
0.285218
0.521102
0.0401807
0.662
0.390595
0.457388
0.0212129
0.303385
0.262487
0.662
0.662
0.662
0.379082
0.662
0.463167
0.393628
0.662
0.325396
0.303381
0.22979
0.241927
0.662
0.662
0.662
0.13544
0.0330625
0.440149
0.236328
0.662
0.150168
0.662
0.460101
0.504601
0.662
0.293888
0.148795
0.0660524
0.662
0.42207
0.662
0.662
0.662
0.662
0.00553263
0.662
0.662
0.420052
0.312566
0.10943
0.662
0.202825
0.176278
0.464655
0.362478
0.0567055
0.300964
0.499532
0.157701
0.662
0.215957
0.662
0.22332
0.662
0.662
0.0605356
0.642904
0.290393
0.662
0.662
0.633694
0.0795573
0.321482
0.465906
0.422322
0.662
0.662
0.662
0.449086
0.662
0.26932
0.2387
0.186728
0.662
0.388884
0.662
0.662
0.226657
0.662
0.0473851
0.30715
0.662
0.0215986
0.475524
0.662
0.662
0.662
0.0628624
0.220101
0.662
0.196064
0.576653
0.134502
0.417741
0.316122
0.662
0.363394
0.359753
0.662
0.662
0.662
0.303344
0.662
0.662
0.327076
0.662
0.0365549
0.662
0.662
0.662
0.117404
0.131622
0.410949
0.662
0.456892
0.662
0.662
0.208983
0.2585
0.203039
0.35886
0.278948
0.365549
0.22076
0.33928
0.57683
0.662
0.662
0.25426
0.366712
0.0966141
0.662
0.189323
0.167741
0.662
0.0329125
0.662
0.662
0.319403
0.662
0.662
0.662
0.1665
0.250214
0.100066
0.310132
0.447487
0.311175
0.662
0.47879
0.140283
0.217735
0.662
0.075885
0.615406
0.662
0.421697
0.662
0.141479
0.298636
0.662
0.662
0.662
0.233645
0.662
0.662
0.268961
0.544482
0.662
0.248674
0.662
0.213531
0.257315
0.226927
0.662
0.0860482
0.662
0.241953
0.383859
0.418401
0.117736
0.662
0.631873
0.464092
0.662
0.60247
0.483495
0.316255
0.662
0.662
0.440186
0.154152
0.662
0.662
0.261852
0.608749
0.118354
0.233481
0.662
0.662
0.0651906
0.662
0.662
0.662
0.0280051
0.357767
0.221836
0.548228
0.662
0.318644
0.662
0.270361
0.662
0.286503
0.362606
0.163556
0.455098
0.133286
0.438298
0.130905
0.0906816
0.662
0.148955
0.662
0.662
0.327552
0.662
0.501787
0.263261
0.474665
0.0340681
0.0103296
0.662
0.312481
0.322232
0.382854
0.276817
0.662
0.107399
0.662
0.313804
0.277868
0.430839
0.398916
0.662
0.662
0.151672
0.662
0.662
0.479176
0.223588
0.576447
0.662
0.178163
0.312596
0.185669
0.578747
0.662
0.283726
0.372036
0.300408
0.566965
0.455288
0.662
0.196405
0.662
0.662
0.662
0.317908
0.662
0.282568
0.662
0.662
0.206286
0.662
0.660441
0.662
0.662
0.556681
0.04736
0.468246
0.662
0.485137
0.621575
0.208827
0.662
0.662
0.104917
0.199658
0.132351
0.640068
0.662
0.662
0.662
0.615336
0.307137
0.238576
0.662
0.104049
0.662
0.662
0.335395
0.47369
0.242694
0.0380659
0.232669
0.446052
0.309789
0.292884
0.0528188
0.201545
0.662
0.146352
0.121095
0.662
0.168381
0.601856
0.4146
0.344052
0.0189559
0.662
0.424507
0.164784
0.292886
0.236974
0.662
0.662
0.354959
0.662
0.398002
0.26426
0.100128
0.326769
0.662
0.662
0.150801
0.662
0.662
0.246939
0.302907
0.116599
0.302516
0.662
0.433563
0.662
0.662
0.29303
0.337199
0.662
0.295366
0.662
0.107826
0.110428
0.158486
0.662
0.344353
0.549184
0.53654
0.455939
0.650715
0.662
0.356436
0.662
0.189798
0.188908
0.419982
0.0174782
0.244068
0.662
0.390619
0.662
0.662
0.562484
0.662
0.34596
0.238072
0.662
0.51861
0.662
0.662
0.662
0.662
0.662
0.272814
0.0642651
0.370554
0.662
0.22417
0.262949
0.156184
0.242999
0.0033132
0.317066
0.662
0.662
0.302646
0.0461314
0.0551937
0.363322
0.0528871
0.243935
0.141642
0.292094
0.523812
0.354422
0.439979
0.662
0.571976
0.0581508
0.341283
0.662
0.363922
0.662
0.217593
0.662
0.247634
0.662
0.366485
0.662
0.309199
0.387557
0.662
0.662
0.0119643
0.662
0.196157
0.184624
0.302852
0.662
0.233843
0.662
0.662
0.11044
0.662
0.010436
0.662
0.226204
0.12525
0.662
0.401536
0.662
0.26801
0.0810561
0.662
0.399478
0.662
0.182102
0.662
0.662
0.478571
0.374807
0.200998
0.605322
0.258071
0.149306
0.414494
0.662
0.662
0.662
0.24409
0.662
0.662
0.342367
0.00512676
0.340756
0.294081
0.223453
0.206313
0.189346
0.246096
0.662
0.662
0.188408
0.340651
0.16387
0.662
0.30475
0.662
0.420281
0.233623
0.662
0.662
0.170294
0.0319526
0.551788
0.109952
0.662
0.408383
0.0283829
0.357887
0.662
0.265393
0.662
0.0219373
0.662
0.662
0.391305
0.136825
0.512324
0.314057
0.17234
0.662
0.662
0.643682
0.662
0.662
0.158149
0.662
0.190103
0.390011
0.662
0.662
0.662
0.354381
0.1044
0.662
0.612929
0.662
0.23968
0.231458
0.662
0.662
0.257127
0.468022
0.354671
0.386896
0.0203118
0.224537
0.250409
0.220076
0.250062
0.662
0.440155
0.389683
0.606528
0.144461
0.0767616
0.662
0.351381
0.215175
0.662
0.662
0.282419
0.248465
0.662
0.247474
0.135158
0.317548
0.662
0.374738
0.662
0.230823
0.442626
0.65734
0.212416
0.388766
0.219533
0.499279
0.218815
0.264803
0.662
0.413442
0.255998
0.662
0.0561326
0.662
0.662
0.21495
0.662
0.18539
0.639279
0.633391
0.662
0.662
0.662
0.580696
0.38878
0.275848
0.662
0.662
0.0561496
0.662
0.283205
0.0419735
0.662
0.662
0.662
0.182021
0.309617
0.027847
0.662
0.662
0.662
0.296213
0.662
0.224411
0.662
0.172584
0.227755
0.582213
0.662
0.662
0.662
0.662
0.662
0.662
0.662
0.0785605
0.662
0.662
0.431739
0.266356
0.0829171
0.179056
0.662
0.359663
0.387137
0.662
0.0173021
0.0472605
0.449902
0.662
0.272148
0.296855
0.0437905
0.0166493
0.236807
0.627702
0.233844
0.338672
0.662
0.352768
0.254381
0.244303
0.108493
0.22932
0.662
0.296491
0.37587
0.183151
0.662
0.270281
0.662
0.371317
0.380368
0.662
0.277148
0.662
0.662
0.31457
0.662
0.662
0.543081
0.311223
0.662
0.662
0.662
0.662
0.470997
0.633403
0.662
0.226308
0.283753
0.350987
0.280212
0.662
0.166819
0.662
0.056346
0.235238
0.0868985
0.205066
0.185409
0.119002
0.299902
0.346111
0.398475
0.474715
0.118057
0.662
0.268849
0.109928
0.435862
0.00526203
0.351813
0.112657
0.194162
0.662
0.0585527
0.662
0.477523
0.377493
0.662
0.288473
0.208355
0.218828
0.165615
0.381151
0.662
0.437183
0.520594
0.315169
0.229123
0.372201
0.662
0.193854
0.299359
0.14815
0.0967321
0.662
0.233019
0.20896
0.32891
0.662
0.45178
0.181609
0.227248
0.0617935
0.171964
0.353887
0.182741
0.346952
0.662
0.295036
0.286139
0.579318
0.106968
0.43116
0.208055
0.279282
0.329572
0.266554
0.662
0.256285
0.662
0.32338
0.216268
0.662
0.662
0.0768391
0.266654
0.513824
0.662
0.150128
0.233158
0.267786
0.662
0.00663415
0.194261
0.299715
0.618633
0.213051
0.497078
0.174474
0.295498
0.662
0.289172
0.276935
0.662
0.347708
0.18986
0.00815788
0.416136
0.294246
0.662
0.0296707
0.364702
0.662
0.662
0.335653
0.662
0.116454
0.028493
0.662
0.475645
0.382444
0.0360969
0.662
0.202619
0.200809
0.44259
0.662
0.662
0.269648
0.159979
0.472913
0.662
0.0411326
0.021943
0.662
0.466662
0.210691
0.662
0.452451
0.662
0.338298
0.662
0.662
0.662
0.215654
0.662
0.119647
0.347153
0.472214
0.167831
0.662
0.662
0.522941
0.40079
0.23083
0.120371
0.167848
0.310708
0.662
0.662
0.422838
0.662
0.390266
0.662
0.348626
0.090056
0.662
0.662
0.662
0.662
0.662
0.662
0.183211
0.206976
0.221056
0.237445
0.348206
0.0642333
0.0688977
0.379979
0.247768
0.0623398
0.124043
0.662
0.287872
0.662
0.353619
0.131158
0.051847
0.480285
0.662
0.662
0.0194533
0.268747
0.662
0.545549
0.365185
0.662
0.656876
0.662
0.00205731
0.662
0.662
0.662
0.158583
0.371171
0.184637
0.348052
0.221557
0.237454
0.18467
0.662
0.450719
0.459463
0.662
0.146506
0.662
0.48222
0.460571
0.662
0.662
0.662
0.134137
0.149687
0.337592
0.43765
0.236656
0.235742
0.662
0.390573
0.192955
0.449923
0.662
0.59057
0.662
0.662
0.662
0.352365
0.349062
0.132412
0.16323
0.662
0.449391
0.00525521
0.0794832
0.662
0.199183
0.228545
0.21896
0.662
0.662
0.662
0.662
0.292153
0.194403
0.0272489
0.662
0.434093
0.662
0.554004
0.056018
0.143632
0.662
0.657611
0.662
0.517888
0.241139
0.662
0.0921038
0.247933
0.204136
0.662
0.176854
0.0816044
0.662
0.077917
0.344089
0.633464
0.435883
0.662
0.0528164
0.662
0.21133
0.28213
0.178908
0.662
0.635728
0.39695
0.190787
0.662
0.0567303
0.649017
0.227254
0.258675
0.662
0.237408
0.211891
0.662
0.662
0.662
0.662
0.662
0.152028
0.41399
0.662
0.0802701
0.110556
0.345625
0.312238
0.662
0.340492
0.117265
0.662
0.188114
0.238907
0.662
0.662
0.211779
0.0965676
0.36783
0.662
0.197003
0.457059
0.500967
0.206354
0.662
0.185231
0.662
0.380807
0.662
0.0413614
0.210039
0.662
0.662
0.662
0.345588
0.218762
0.168204
0.662
0.328313
0.324133
0.200686
0.231768
0.662
0.416323
0.662
0.662
0.662
0.417356
0.542809
0.662
0.257578
0.522475
0.0040994
0.662
0.662
0.465638
0.662
0.411141
0.662
0.0266827
0.164375
0.662
0.148378
0.662
0.441155
0.264377
0.662
0.181884
0.662
0.472722
0.32946
0.435729
0.662
0.662
0.338395
0.662
0.40362
0.417879
0.407239
0.662
0.301758
0.356822
0.137185
0.471561
0.662
0.662
0.118077
0.25694
0.662
0.0581495
0.662
0.662
0.470331
0.662
0.374023
0.662
0.477024
0.296676
0.190949
0.532081
0.411648
0.662
0.184394
0.662
0.251961
0.25925
0.662
0.662
0.163322
0.224146
0.490302
0.662
0.0848882
0.124926
0.662
0.0992341
0.662
0.184772
0.178124
0.295545
0.662
0.438318
0.268237
0.662
0.436128
0.432144
0.662
0.25345
0.419387
0.662
0.311515
0.0318548
0.662
0.103611
0.291008
0.44336
0.0628569
0.662
0.270998
0.25007
0.378013
0.662
0.195868
0.538763
0.662
0.167554
0.662
0.168209
0.662
0.662
0.526873
0.00616733
0.190815
0.196671
0.662
0.662
0.395586
0.662
0.657083
0.662
0.662
0.148302
0.247726
0.662
0.662
0.3767
0.662
0.662
0.662
0.00887649
0.000403953
0.662
0.131384
0.662
0.450302
0.452773
0.408633
0.299476
0.662
0.514578
0.662
0.662
0.120672
0.563579
0.337911
0.240891
0.662
0.534488
0.228688
0.0699587
0.295286
0.662
0.2439
0.377383
0.662
0.336115
0.603102
0.512633
0.320352
0.225329
0.162659
0.611998
0.455625
0.332451
0.662
0.299999
0.061919
0.662
0.637153
0.662
0.445363
0.122529
0.0605648
0.662
0.662
0.448918
0.0495002
0.0917228
0.125677
0.308213
0.0285921
0.21251
0.662
0.662
0.662
0.0839589
0.179099
0.662
0.455173
0.662
0.662
0.662
0.068742
0.233718
0.662
0.400071
0.281417
0.402147
0.376523
0.504903
0.662
0.127421
0.195103
0.0252664
0.662
0.662
0.62143
0.341289
0.191252
0.662
0.662
0.471537
0.435463
0.24915
0.662
0.662
0.662
0.607044
0.662
0.236827
0.662
0.662
0.662
0.250944
0.662
0.662
0.272139
0.258512
0.057114
0.533519
0.662
0.342821
0.158369
0.275039
0.662
0.017184
0.289149
0.662
0.0881485
0.107025
0.368134
0.366391
0.662
0.269815
0.662
0.662
0.662
0.662
0.251493
0.227482
0.310776
0.662
0.438943
0.423604
0.662
0.662
0.281944
0.662
0.151189
0.662
0.283029
0.662
0.662
0.344774
0.662
0.436884
0.225051
0.213955
0.222177
0.079589
0.25176
0.203326
0.662
0.662
0.525554
0.148275
0.542202
0.350694
0.0374057
0.410638
0.662
0.431296
0.563331
0.197279
0.360657
0.390472
0.662
0.205146
0.662
0.662
0.662
0.465803
0.20772
0.254819
0.454683
0.662
0.466203
0.662
0.27938
0.218507
0.640412
0.457658
0.662
0.258541
0.662
0.662
0.662
0.662
0.662
0.489594
0.586015
0.662
0.173082
0.351413
0.662
0.148826
0.0835793
0.475053
0.0957839
0.29134
0.0156719
0.270408
0.211086
0.662
0.662
0.52684
0.662
0.662
0.662
0.125232
0.662
0.662
0.662
0.176447
0.110531
0.0193689
0.566005
0.651044
0.178897
0.662
0.391317
0.662
0.482943
0.124076
0.00878854
0.355796
0.465145
0.662
0.442581
0.662
0.268013
0.124463
0.662
0.58539
0.279326
0.51496
0.443756
0.445978
0.281703
0.662
0.662
0.108854
0.312937
0.584629
0.303128
0.662
0.183247
0.286738
0.662
0.263544
0.103828
0.662
0.460943
0.225489
0.662
0.118757
0.190463
0.662
0.316535
0.151853
0.413657
0.662
0.206704
0.662
0.213976
0.196566
0.662
0.662
0.553292
0.131762
0.255399
0.0437961
0.640868
0.372322
0.474344
0.662
0.125967
0.662
0.438616
0.521451
0.662
0.0879381
0.107701
0.101785
0.662
0.488742
0.0512242
0.662
0.466231
0.112932
0.662
0.29125
0.471824
0.334821
0.662
0.248563
0.323376
0.662
0.156537
0.218408
0.662
0.293517
0.442787
0.397429
0.662
0.662
0.662
0.204005
0.350867
0.662
0.506286
0.314042
0.368029
0.662
0.1912
0.164702
0.662
0.200748
0.111746
0.401848
0.661317
0.453733
0.662
0.358181
0.346893
0.662
0.662
0.308999
0.662
0.662
0.194679
0.453304
0.538505
0.662
0.662
0.148043
0.301145
0.409435
0.39741
0.445905
0.207236
0.326618
0.662
0.179965
0.246904
0.477117
0.342731
0.284988
0.216159
0.662
0.0673648
0.662
0.662
0.2885
0.662
0.36647
0.662
0.641346
0.392112
0.662
0.662
0.662
0.662
0.662
0.662
0.662
0.513532
0.133608
0.662
0.00537843
0.662
0.662
0.176816
0.662
0.662
0.662
0.662
0.202124
0.662
0.180432
0.618614
0.662
0.296106
0.471956
0.223002
0.189141
0.662
0.662
0.225534
0.0583172
0.662
0.269576
0.28493
0.662
0.177529
0.378732
0.177801
0.662
0.195849
0.205624
0.356544
0.662
0.250466
0.526209
0.255152
0.474162
0.662
0.198108
0.380217
0.00892632
0.28376
0.265886
0.662
0.0709425
0.272525
0.1836
0.207406
0.380902
0.251002
0.501314
0.0614777
0.21699
0.662
0.40766
0.337554
0.099353
0.662
0.14335
0.183952
0.17914
0.188407
0.662
0.662
0.662
0.662
0.662
0.662
0.662
0.438247
0.662
0.23061
0.231203
0.662
0.215437
0.662
0.422393
0.502878
0.162698
0.662
0.662
0.20798
0.586934
0.662
0.662
0.324483
0.662
0.150686
0.373728
0.662
0.662
0.662
0.662
0.39021
0.662
0.0487967
0.662
0.0948568
0.137866
0.662
0.0746277
0.662
0.455872
0.300082
0.662
0.125099
0.662
0.186114
0.662
0.383837
0.662
0.471632
0.395998
0.662
0.0272968
0.0413243
0.203717
0.281903
0.183078
0.569602
0.662
0.263657
0.662
0.223347
0.0850661
0.400313
0.26543
0.447165
0.236362
0.0642489
0.662
0.53969
0.0853359
0.662
0.251253
0.662
0.406092
0.255437
0.097691
0.0577122
0.359653
0.309034
0.662
0.00679926
0.194987
0.504957
0.222748
0.662
0.289581
0.662
0.206194
0.344567
0.0818066
0.343485
0.366923
0.662
0.662
0.662
0.662
0.284916
0.662
0.662
0.359923
0.662
0.662
0.0116416
0.188287
0.00277363
0.489978
0.662
0.0822562
0.662
0.205202
0.144107
0.324026
0.105721
0.476956
0.14823
0.662
0.307863
0.662
0.0587059
0.662
0.641431
0.162054
0.189914
0.0432453
0.363797
0.128388
0.662
0.455677
0.662
0.662
0.289231
0.635075
0.36047
0.206138
0.306045
0.223177
0.0866779
0.662
0.407712
0.662
0.0258245
0.662
0.662
0.662
0.0953083
0.116413
0.662
0.323846
0.132949
0.662
0.662
0.662
0.16993
0.662
0.286037
0.662
0.662
0.662
0.260602
0.360479
0.414284
0.257819
0.475026
0.662
0.126125
0.0901955
0.0458284
0.224091
0.662
0.208193
0.662
0.662
0.148051
0.261247
0.455156
0.206817
0.20188
0.170152
0.662
0.153914
0.444941
0.0918216
0.662
0.64226
0.195052
0.662
0.662
0.662
0.662
0.175327
0.550699
0.138518
0.365019
0.662
0.198579
0.662
0.0645683
0.662
0.628415
0.662
0.662
0.662
0.662
0.662
0.662
0.244774
0.662
0.397677
0.0446432
0.662
0.248159
0.647762
0.662
0.400031
0.0546406
0.662
0.420879
0.223678
0.291779
0.662
0.662
0.187401
0.306921
0.0278306
0.662
0.192282
0.662
0.662
0.262855
0.662
0.662
0.662
0.383419
0.190186
0.412746
0.256189
0.122218
0.662
0.0544129
0.325083
0.0769464
0.321425
0.662
0.408414
0.216374
0.145271
0.214501
0.00237479
0.136521
0.303765
0.0798855
0.662
0.00649664
0.662
0.0939339
0.151218
0.566641
0.371769
0.109043
0.0430455
0.662
0.481335
0.662
0.356995
0.312859
0.172971
0.436039
0.124857
0.662
0.11104
0.323012
0.0385417
0.662
0.662
0.0565725
0.176474
0.063998
0.620361
0.255783
0.662
0.218286
0.338688
0.265346
0.662
0.505242
0.662
0.662
0.662
0.555136
0.450678
0.467738
0.312571
0.662
0.662
0.163608
0.381998
0.662
0.662
0.229466
0.122854
0.298653
0.495372
0.4162
0.662
0.182003
0.662
0.219792
0.351298
0.46883
0.129641
0.207984
0.662
0.662
0.343484
0.389502
0.662
0.272781
0.376304
0.662
0.586649
0.0669079
0.244286
0.240761
0.228498
0.188737
0.187828
0.662
0.662
0.2618
0.128321
0.662
0.325371
0.662
0.194211
0.199744
0.662
0.385347
0.662
0.262248
0.662
0.662
0.53593
0.546743
0.397494
0.662
0.662
0.662
0.662
0.662
0.291078
0.316545
0.662
0.662
0.12536
0.134
0.627581
0.212548
0.0642531
0.125004
0.662
0.109697
0.46984
0.662
0.662
0.662
0.662
0.385188
0.662
0.662
0.183629
0.166533
0.0974292
0.662
0.332748
0.662
0.177733
0.662
0.0240267
0.256938
0.280326
0.0854944
0.662
0.0174247
0.449786
0.329996
0.227406
0.576522
0.296088
0.317414
0.662
0.378847
0.662
0.392109
0.662
0.662
0.662
0.452076
0.662
0.376578
0.140838
0.0336587
0.662
0.662
0.662
0.662
0.662
0.662
0.462528
0.662
0.662
0.662
0.135425
0.417015
0.11334
0.258942
0.195763
0.662
0.445919
0.662
0.157759
0.169432
0.164533
0.432618
0.0806988
0.662
0.334773
0.251008
0.662
0.662
0.387907
0.662
0.0211644
0.662
0.662
0.42587
0.662
0.662
0.662
0.367207
0.222509
0.302482
0.480315
0.662
0.282818
0.204486
0.0905804
0.662
0.412134
0.353381
0.662
0.14055
0.131748
0.662
0.662
0.662
0.244693
0.350655
0.662
0.295036
0.251069
0.662
0.662
0.221105
0.352315
0.471225
0.662
0.662
0.496194
0.662
0.349295
0.654886
0.286034
0.227411
0.662
0.423617
0.571495
0.0974279
0.489417
0.142291
0.326565
0.662
0.149419
0.411655
0.0642488
0.662
0.639158
0.39662
0.318945
0.662
0.469086
0.424311
0.430938
0.180971
0.467459
0.662
0.127279
0.300855
0.541216
0.296322
0.186506
0.437742
0.662
0.267293
0.196024
0.429601
0.295762
0.662
0.338538
0.662
0.0308926
0.396686
0.0182968
0.416752
0.662
0.48792
0.662
0.662
0.402673
0.281368
0.662
0.468954
0.599657
0.449933
0.04917
0.662
0.404269
0.0936128
0.662
0.475774
0.662
0.465096
0.0986176
0.0155339
0.662
0.662
0.342631
0.662
0.158274
0.264147
0.318502
0.254142
0.662
0.662
0.314752
0.266652
0.188597
0.662
0.662
0.157416
0.476829
0.202439
0.662
0.236504
0.305307
0.662
0.261276
0.662
0.662
0.51484
0.662
0.519752
0.258323
0.662
0.662
0.465276
0.662
0.104209
0.284494
0.203443
0.497969
0.662
0.662
0.662
0.358276
0.138221
0.662
0.148604
0.136335
0.345086
0.133286
0.662
0.0701666
0.466657
0.662
0.168898
0.361858
0.161284
0.662
0.662
0.662
0.0453945
0.662
0.189331
0.496188
0.336777
0.10394
0.200391
0.555967
0.662
0.662
0.529468
0.662
0.111385
0.443153
0.0239478
0.101911
0.331547
0.453019
0.189021
0.662
0.39377
0.237186
0.284011
0.411622
0.165285
0.591772
0.662
0.662
0.662
0.662
0.215466
0.662
0.662
0.381513
0.182557
0.234891
0.0995178
0.662
0.409437
0.542061
0.409608
0.585072
0.00827906
0.452174
0.662
0.411933
0.662
0.158379
0.176358
0.214694
0.420674
0.198189
0.151385
0.662
0.247809
0.12139
0.0728476
0.147422
0.396384
0.221039
0.662
0.662
0.383532
0.2901
0.662
0.193163
0.219651
0.308538
0.662
0.368081
0.662
0.662
0.40747
0.321666
0.0936931
0.522907
0.019124
0.219392
0.662
0.662
0.124677
0.662
0.282476
0.662
0.53373
0.662
0.434806
0.0372916
0.423953
0.662
0.662
0.232858
0.662
0.10912
0.662
0.0162017
0.662
0.662
0.198314
0.662
0.662
0.662
0.100014
0.246158
0.211109
0.379778
0.662
0.662
0.662
0.244219
0.358218
0.445363
0.588548
0.0124985
0.414095
0.662
0.186313
0.662
0.0523135
0.403747
0.205144
0.217047
0.260027
0.00117752
0.1252
0.138408
0.212642
0.127198
0.662
0.662
0.425341
0.662
0.460553
0.0914408
0.15062
0.0713931
0.662
0.202984
0.123067
0.0258371
0.278328
0.662
0.370835
0.110781
0.662
0.0753324
0.23712
0.20395
0.662
0.614727
0.145811
0.305407
0.364626
0.662
0.662
0.071861
0.36377
0.287953
0.205757
0.209814
0.139662
0.662
0.0214544
0.434982
0.662
0.662
0.22236
0.662
0.464382
0.662
0.662
0.375485
0.130951
0.35285
0.662
0.662
0.662
0.662
0.0583311
0.662
0.395547
0.662
0.157324
0.0227578
0.662
0.662
0.662
0.662
0.245813
0.662
0.450702
0.447333
0.432172
0.258832
0.662
0.662
0.662
0.152052
0.453769
0.0203501
0.244048
0.662
0.662
0.490419
0.662
0.662
0.397277
0.662
0.63339
0.473259
0.662
0.662
0.662
0.176436
0.662
0.415119
0.662
0.191976
0.662
0.662
0.295095
0.662
0.286761
0.264531
0.2121
0.662
0.449418
0.662
0.464375
0.124877
0.662
0.662
0.618349
0.662
0.484842
0.103931
0.10054
0.210037
0.172262
0.18374
0.397304
0.00564112
0.662
0.339156
0.406897
0.0339346
0.662
0.662
0.0858329
0.443952
0.402968
0.227938
0.321007
0.461323
0.662
0.662
0.0869476
0.63529
0.0115138
0.662
0.662
0.2655
0.111031
0.662
0.204902
0.14422
0.214869
0.662
0.327619
0.136675
0.662
0.107368
0.530176
0.637331
0.662
0.662
0.662
0.662
0.0892174
0.117568
0.662
0.336224
0.324115
0.0803718
0.337381
0.23032
0.662
0.662
0.662
0.0109438
0.0870464
0.373342
0.292338
0.662
0.240026
0.382509
0.662
0.47019
0.662
0.662
0.0441021
0.255776
0.662
0.0542398
0.088887
0.333379
0.662
0.284923
0.662
0.422648
0.662
0.224481
0.291026
0.662
0.662
0.436492
0.196744
0.0560964
0.385931
0.307788
0.662
0.471882
0.662
0.662
0.221042
0.230614
0.374201
0.388589
0.662
0.662
0.342868
0.662
0.563796
0.445282
0.320489
0.139127
0.0688435
0.662
0.662
0.662
0.42087
0.662
0.102973
0.662
0.0676255
0.435036
0.0899419
0.428806
0.174345
0.605071
0.662
0.662
0.227447
0.662
0.446408
0.662
0.134074
0.212947
0.17865
0.575776
0.662
0.209533
0.662
0.662
0.483152
0.444808
0.662
0.662
0.662
0.662
0.175512
0.0316855
0.662
0.306881
0.462804
0.205261
0.601047
0.662
0.150469
0.662
0.167751
0.224071
0.147989
0.662
0.189025
0.662
0.556641
0.662
0.156551
0.662
0.148067
0.662
0.662
0.662
0.662
0.461315
0.46125
0.232303
0.5856
0.439573
0.151071
0.662
0.156134
0.662
0.655264
0.662
0.22565
0.0303824
0.544918
0.187592
0.00932963
0.189916
0.470686
0.662
0.662
0.33527
0.662
0.40502
0.662
0.662
0.662
0.662
0.00618866
0.662
0.220147
0.184453
0.337793
0.662
0.662
0.662
0.339334
0.407488
0.662
0.224751
0.26699
0.568768
0.662
0.130258
0.662
0.212905
0.498865
0.394305
0.34172
0.662
0.424877
0.204991
0.249383
0.662
0.662
0.662
0.0999047
0.53588
0.662
0.176325
0.662
0.662
0.23456
0.367344
0.388137
0.227518
0.461012
0.662
0.452789
0.386181
0.184738
0.473965
0.662
0.662
0.588933
0.0134253
0.222798
0.405814
0.213982
0.161157
0.662
0.110957
0.662
0.474148
0.209724
0.662
0.662
0.184374
0.662
0.259421
0.662
0.189466
0.662
0.292445
0.177236
0.353006
0.448309
0.223619
0.662
0.335192
0.575611
0.15936
0.206168
0.0218927
0.12376
0.36865
0.0302756
0.417612
0.299921
0.46339
0.309834
0.342811
0.249952
0.569859
0.107242
0.308164
0.265063
0.358928
0.155333
0.223115
0.562328
0.207089
0.662
0.662
0.450313
0.193121
0.0874407
0.439568
0.282071
0.662
0.320654
0.184899
0.662
0.662
0.662
0.231052
0.235533
0.340309
0.629706
0.140722
0.36224
0.400031
0.0855466
0.481566
0.662
0.662
0.662
0.662
0.662
0.662
0.662
0.245432
0.312399
0.244854
0.662
0.662
0.347036
0.330353
0.206459
0.355658
0.367878
0.244218
0.662
0.662
0.662
0.350808
0.387121
0.133619
0.662
0.271417
0.662
0.662
0.0952701
0.22549
0.409983
0.448019
0.662
0.540591
0.224676
0.662
0.201312
0.662
0.662
0.189908
0.195144
0.662
0.662
0.662
0.662
0.0356241
0.662
0.391048
0.266619
0.136928
0.662
0.662
0.662
0.439738
0.662
0.662
0.662
0.662
0.0901708
0.304933
0.0582206
0.129313
0.439037
0.117092
0.648911
0.662
0.662
0.415455
0.139445
0.662
0.161459
0.244079
0.181075
0.662
0.662
0.662
0.0858696
0.662
0.393435
0.454991
0.431355
0.603578
0.408906
0.662
0.354158
0.662
0.662
0.464835
0.662
0.662
0.662
0.415218
0.483179
0.467522
0.662
0.662
0.0182338
0.662
0.662
0.662
0.421636
0.000489662
0.0602876
0.325001
0.265829
0.188688
0.662
0.149103
0.301381
0.189254
0.662
0.662
0.215021
0.163228
0.662
0.373989
0.475832
0.662
0.362441
0.284262
0.219743
0.662
0.662
0.662
0.030313
0.270405
0.259717
0.662
0.294286
0.44442
0.4771
0.662
0.662
0.422061
0.213591
0.539155
0.4397
0.290527
0.662
0.423722
0.0714813
0.326495
0.151655
0.662
0.56208
0.112305
0.518363
0.195402
0.152691
0.508359
0.260209
0.447506
0.345223
0.29297
0.662
0.199342
0.530553
0.105543
0.442093
0.662
0.258144
0.556055
0.0122804
0.140001
0.662
0.12342
0.207686
0.185709
0.662
0.219964
0.130147
0.662
0.0882334
0.662
0.351238
0.0829321
0.184713
0.453698
0.662
0.363944
0.662
0.262218
0.662
0.187597
0.662
0.662
0.149456
0.0168323
0.246844
0.662
0.365361
0.257419
0.662
0.662
0.493209
0.407408
0.662
0.533635
0.451688
0.662
0.662
0.443816
0.662
0.662
0.445634
0.662
0.42111
0.662
0.207289
0.367165
0.244323
0.086606
0.4388
0.214788
0.662
0.662
0.244547
0.361202
0.383068
0.264792
0.322678
0.662
0.232056
0.36028
0.346422
0.0104859
0.662
0.438235
0.662
0.180455
0.662
0.0319542
0.0906643
0.662
0.460086
0.585496
0.662
0.662
0.662
0.662
0.446026
0.662
0.133711
0.132295
0.662
0.662
0.169433
0.662
0.28295
0.662
0.216577
0.443367
0.662
0.12284
0.30929
0.662
0.662
0.662
0.662
0.30217
0.408044
0.269147
0.475385
0.27264
0.544384
0.459228
0.640832
0.495683
0.0946533
0.662
0.662
0.185593
0.0672665
0.282771
0.155497
0.101018
0.528741
0.662
0.461818
0.439786
0.464439
0.662
0.662
0.662
0.28768
0.662
0.423692
0.662
0.418761
0.662
0.168295
0.205703
0.662
0.311262
0.251818
0.662
0.0262691
0.226562
0.225095
0.245402
0.182495
0.0662753
0.414222
0.662
0.452661
0.421332
0.614212
0.662
0.270764
0.662
0.143399
0.662
0.0811679
0.244248
0.662
0.198853
0.219881
0.0223352
0.662
0.662
0.191525
0.278731
0.238265
0.277245
0.662
0.161207
0.598928
0.662
0.0971965
0.0565461
0.37816
0.1244
0.542061
0.662
0.240337
0.309457
0.662
0.662
0.383767
0.175474
0.465426
0.662
0.662
0.245558
0.662
0.274874
0.0676923
0.581124
0.205782
0.452674
0.662
0.511364
0.662
0.174936
0.662
0.303477
0.0945326
0.662
0.148623
0.662
0.662
0.0726111
0.41398
0.662
0.662
0.199596
0.211041
0.320657
0.186872
0.149179
0.42078
0.116074
0.393197
0.455605
0.662
0.662
0.22277
0.378521
0.427652
0.475587
0.662
0.0775554
0.662
0.188759
0.363189
0.662
0.662
0.662
0.662
0.662
0.662
0.662
0.351512
0.662
0.370367
0.365993
0.135444
0.257279
0.662
0.293708
0.662
0.134455
0.277763
0.515622
0.662
0.360994
0.662
0.662
0.380939
0.662
0.138263
0.662
0.548376
0.662
0.474721
0.273136
0.662
0.662
0.334647
0.0565049
0.662
0.649923
0.181964
0.662
0.420939
0.662
0.408992
0.51459
0.662
0.201096
0.117331
0.419418
0.396145
0.477813
0.662
0.662
0.662
0.229267
0.348712
0.662
0.359341
0.539086
0.0957978
0.662
0.638769
0.662
0.236553
0.108099
0.662
0.0105863
0.416453
0.662
0.155421
0.662
0.662
0.662
0.626856
0.40561
0.479382
0.662
0.154272
0.662
0.662
0.539996
0.662
0.662
0.107488
0.662
0.307092
0.198342
0.662
0.662
0.173204
0.662
0.662
0.40217
0.662
0.055645
0.0893709
0.662
0.171654
0.662
0.325909
0.662
0.363837
0.444715
0.460365
0.662
0.24918
0.662
0.264473
0.411108
0.181987
0.662
0.662
0.662
0.104964
0.422957
0.34508
0.662
0.662
0.662
0.013818
0.1771
0.388286
0.662
0.303982
0.328429
0.104417
0.662
0.571358
0.374455
0.222117
0.525594
0.186401
0.662
0.662
0.662
0.339923
0.237564
0.662
0.0867801
0.662
0.339643
0.363191
0.198392
0.662
0.212076
0.265631
0.162618
0.617079
0.662
0.290963
0.286832
0.662
0.662
0.124944
0.662
0.662
0.662
0.662
0.662
0.279356
0.662
0.220766
0.146547
0.662
0.434492
0.141505
0.220576
0.548619
0.206582
0.513124
0.484764
0.302087
0.278748
0.191337
0.228433
0.143836
0.537621
0.118972
0.257631
0.398425
0.124917
0.662
0.387498
0.2286
0.662
0.343474
0.347734
0.143948
0.662
0.662
0.257575
0.127825
0.165015
0.662
0.662
0.662
0.662
0.236124
0.662
0.23795
0.662
0.120628
0.662
0.128014
0.165316
0.206493
0.41166
0.419129
0.0769137
0.44213
0.662
0.30309
0.662
0.662
0.199947
0.662
0.662
0.662
0.662
0.662
0.277255
0.263083
0.585461
0.662
0.441978
0.287161
0.662
0.320719
0.535304
0.396147
0.305946
0.360585
0.192725
0.0358664
0.662
0.0337386
0.118405
0.45174
0.645875
0.282383
0.241286
0.662
0.110436
0.549203
0.662
0.391814
0.662
0.127885
0.450493
0.189381
0.273851
0.173453
0.628635
0.0786536
0.662
0.188277
0.662
0.277627
0.317699
0.629706
0.240772
0.662
0.662
0.662
0.662
0.441444
0.0437933
0.662
0.166579
0.662
0.0913548
0.662
0.49427
0.143929
0.233977
0.662
0.662
0.42245
0.374053
0.662
0.261624
0.288454
0.662
0.307877
0.332304
0.662
0.355741
0.385095
0.317909
0.113948
0.318095
0.662
0.662
0.287686
0.293497
0.662
0.662
0.501033
0.228686
0.662
0.662
0.662
0.662
0.662
0.264706
0.0861474
0.0759636
0.146772
0.228645
0.0011568
0.14774
0.477358
0.00652677
0.445444
0.202761
0.399628
0.190296
0.343924
0.154135
0.119841
0.254206
0.636543
0.662
0.0737428
0.662
0.155105
0.262504
0.109395
0.248383
0.0975614
0.662
0.461916
0.260879
0.662
0.662
0.225719
0.662
0.398746
0.272049
0.308492
0.662
0.0744526
0.101961
0.4227
0.662
0.0463721
0.662
0.0101006
0.261748
0.662
0.22844
0.204568
0.662
0.0930099
0.185316
0.232428
0.662
0.0897564
0.277381
0.610454
0.113953
0.205609
0.386273
0.347769
0.662
0.307905
0.358512
0.0307657
0.281902
0.662
0.373159
0.159599
0.0644659
0.662
0.438022
0.296505
0.662
0.0798152
0.271117
0.662
0.662
0.662
0.228517
0.25083
0.28833
0.0536301
0.371913
0.662
0.662
0.662
0.662
0.242914
0.662
0.662
0.153991
0.324615
0.210854
0.662
0.205073
0.662
0.0172372
0.662
0.21017
0.451545
0.662
0.217952
0.438326
0.662
0.654636
0.662
0.466301
0.124704
0.0368601
0.662
0.0519021
0.662
0.662
0.103273
0.419219
0.0488884
0.247237
0.662
0.209565
0.299672
0.31221
0.120913
0.662
0.606243
0.662
0.00497584
0.662
0.18445
0.350091
0.0733767
0.205688
0.662
0.127191
0.662
0.473876
0.166149
0.323318
0.29895
0.662
0.131075
0.364644
0.209754
0.662
0.58099
0.662
0.195213
0.450986
0.299013
0.124801
0.662
0.34938
0.662
0.406675
0.145003
0.20197
0.662
0.662
0.445798
0.662
0.279067
0.662
0.395772
0.662
0.154863
0.662
0.426785
0.206213
0.243749
0.0418619
0.662
0.0787719
0.386241
0.662
0.318385
0.0889104
0.662
0.63339
0.662
0.0120501
0.350666
0.189836
0.662
0.662
0.662
0.662
0.662
0.299052
0.662
0.264077
0.0109411
0.475066
0.154786
0.0431483
0.662
0.214805
0.662
0.662
0.662
0.662
0.158895
0.662
0.662
0.356021
0.662
0.0392106
0.662
0.469134
0.365528
0.662
0.454767
0.249727
0.351612
0.662
0.253437
0.159363
0.203344
0.0959086
0.100348
0.662
0.662
0.393859
0.265746
0.662
0.662
0.0703242
0.447279
0.357776
0.394109
0.662
0.169519
0.397308
0.183654
0.662
0.106551
0.662
0.662
0.147453
0.662
0.229282
0.662
0.662
0.0952781
0.1381
0.0594865
0.662
0.662
0.435903
0.662
0.662
0.662
0.455901
0.662
0.662
0.203744
0.00433603
0.227756
0.662
0.246243
0.47175
0.181969
0.103407
0.400776
0.454141
0.223022
0.662
0.457411
0.266768
0.173104
0.662
0.138729
0.0149845
0.662
0.446764
0.662
0.662
0.044693
0.289372
0.662
0.00902142
0.239366
0.092558
0.244643
0.584882
0.444532
0.182683
0.218995
0.403156
0.333017
0.44226
0.367628
0.477234
0.587007
0.263517
0.333993
0.306456
0.662
0.662
0.45121
0.0617027
0.474001
0.662
0.0710694
0.168173
0.458879
0.262899
0.662
0.179115
0.3145
0.662
0.662
0.662
0.318247
0.202183
0.4642
0.662
0.572496
0.225983
0.0419493
0.104148
0.662
0.182432
0.382252
0.355785
0.0923908
0.662
0.662
0.0473085
0.0684822
0.316032
0.662
0.229923
0.662
0.052735
0.398911
0.41283
0.300698
0.662
0.662
0.015763
0.662
0.401311
0.0400269
0.662
0.224724
0.0969649
0.662
0.0224131
0.662
0.393516
0.0245406
0.0374834
0.662
0.662
0.460943
0.0547108
0.0377125
0.662
0.662
0.662
0.0484408
0.306245
0.662
0.129199
0.0487411
0.662
0.00588361
0.286387
0.408653
0.184551
0.257676
0.465956
0.23618
0.198226
0.461768
0.314894
0.17527
0.445692
0.235393
0.662
0.0116097
0.662
0.662
0.662
0.252918
0.662
0.662
0.662
0.662
0.377559
0.662
0.0811425
0.662
0.422075
0.393348
0.0947255
0.264488
0.662
0.352257
0.220381
0.427694
0.0760354
0.4934
0.662
0.153409
0.0168086
0.662
0.662
0.662
0.385653
0.046065
0.662
0.662
0.333089
0.206525
0.662
0.195455
0.662
0.171134
0.30356
0.281308
0.372338
0.382213
0.582611
0.13064
0.662
0.662
0.288138
0.662
0.51586
0.662
0.662
0.323262
0.192641
0.131869
0.36579
0.662
0.241318
0.213023
0.327122
0.271758
0.0413167
0.662
0.662
0.228849
0.475174
0.592668
0.662
0.456509
0.288515
0.662
0.662
0.662
0.245364
0.0200304
0.231321
0.662
0.114015
0.184075
0.415262
0.32647
0.438633
0.662
0.207992
0.376695
0.662
0.662
0.662
0.138309
0.662
0.662
0.370509
0.500088
0.633694
0.431485
0.662
0.662
0.662
0.439922
0.65931
0.662
0.662
0.119301
0.662
0.102098
0.356381
0.472792
0.662
0.369813
0.342319
0.280156
0.662
0.662
0.592571
0.0719896
0.246742
0.216869
0.662
0.348845
0.115224
0.662
0.662
0.662
0.305144
0.425454
0.662
0.507132
0.660163
0.246717
0.057675
0.312429
0.161255
0.303687
0.0205162
0.34155
0.662
0.662
0.254947
0.662
0.662
0.384236
0.219638
0.662
0.242849
0.386376
0.662
0.479204
0.239968
0.662
0.181034
0.212834
0.662
0.554996
0.138843
0.362716
0.0702678
0.662
0.662
0.662
0.382999
0.662
0.154673
0.662
0.662
0.0152799
0.190818
0.662
0.0807144
0.155531
0.255339
0.662
0.223603
0.577946
0.26415
0.115641
0.137898
0.662
0.362339
0.596591
0.208556
0.633391
0.0154684
0.250231
0.201818
0.0723675
0.662
0.191404
0.662
0.445761
0.662
0.0760923
0.662
0.548734
0.103022
0.448914
0.662
0.45717
0.249797
0.21777
0.662
0.440862
0.662
0.662
0.662
0.423332
0.375942
0.662
0.662
0.203684
0.0446021
0.0976275
0.662
0.662
0.662
0.662
0.312447
0.662
0.662
0.389279
0.195993
0.662
0.662
0.388829
0.662
0.662
0.236206
0.562142
0.445605
0.486963
0.392638
0.662
0.662
0.662
0.662
0.310462
0.255066
0.662
0.231676
0.662
0.662
0.652485
0.461964
0.250574
0.109557
0.662
0.366083
0.662
0.565597
0.329772
0.425609
0.662
0.0492975
0.662
0.662
0.355178
0.662
0.0967931
0.662
0.662
0.377581
0.242575
0.588351
0.641307
0.662
0.122421
0.267001
0.466859
0.662
0.306909
0.662
0.662
0.329426
0.114535
0.662
0.506256
0.662
0.246993
0.198515
0.662
0.662
0.244383
0.662
0.662
0.662
0.425123
0.453399
0.661053
0.662
0.662
0.662
0.662
0.327302
0.0913892
0.337947
0.38631
0.662
0.289195
0.662
0.662
0.506901
0.662
0.662
0.474061
0.662
0.433156
0.210471
0.134454
0.441079
0.216067
0.0189726
0.0887697
0.329933
0.329862
0.0799804
0.291071
0.333337
0.170626
0.662
0.163312
0.662
0.662
0.662
0.206422
0.662
0.662
0.158682
0.500425
0.658272
0.662
0.662
0.662
0.118146
0.498058
0.662
0.145046
0.227225
0.169937
0.662
0.255251
0.335292
0.302835
0.248516
0.662
0.305697
0.111718
0.662
0.0289135
0.217915
0.662
0.295073
0.396463
0.343173
0.662
0.246971
0.190476
0.215946
0.149923
0.662
0.474272
0.662
0.202963
0.662
0.662
0.212824
0.190374
0.662
0.365763
0.662
0.485884
0.367142
0.662
0.662
0.230733
0.662
0.662
0.190677
0.178745
0.385407
0.662
0.272804
0.662
0.181909
0.662
0.662
0.0800255
0.262488
0.662
0.40222
0.662
0.248735
0.662
0.593754
0.0608244
0.662
0.160196
0.464021
0.221644
0.239362
0.662
0.662
0.174098
0.192729
0.0968972
0.168164
0.245977
0.662
0.174059
0.109599
0.280095
0.149165
0.139141
0.0803317
0.205811
0.00476643
0.489518
0.191353
0.406482
0.158943
0.364677
0.662
0.285441
0.196999
0.441401
0.662
0.662
0.0987578
0.554476
0.0239615
0.113284
0.460464
0.245316
0.262462
0.561955
0.662
0.662
0.18272
0.662
0.662
0.289266
0.208268
0.618484
0.454773
0.534941
0.439623
0.5941
0.23189
0.662
0.360249
0.382964
0.09088
0.246703
0.215816
0.220047
0.119561
0.662
0.28557
0.588879
0.662
0.0209634
0.30522
0.662
0.662
0.144893
0.662
0.499842
0.0898513
0.662
0.074787
0.662
0.662
0.662
0.383687
0.113074
0.442652
0.662
0.2175
0.359248
0.282961
0.315327
0.35234
0.662
0.662
0.378329
0.310425
0.662
0.662
0.524507
0.662
0.154823
0.149678
0.0714499
0.245129
0.424932
0.184501
0.662
0.193461
