0.0148119
0.662
0.662
0.662
0.605875
0.60397
0.220133
0.0105041
0.662
0.662
0.186757
0.662
0.0498286
0.0632202
0.346467
0.457051
0.662
0.127405
0.662
0.662
0.575109
0.662
0.662
0.662
0.662
0.662
0.062984
0.662
0.662
0.662
0.662
0.662
0.0642566
0.662
0.662
0.662
0.459073
0.456456
0.144989
0.139702
0.0945784
0.121077
0.662
0.662
0.412405
0.662
0.662
0.199081
0.129095
0.452515
0.076072
0.0326947
0.030658
0.184748
0.405769
0.117272
0.386867
0.28214
0.662
0.353182
0.149206
0.366148
0.662
0.662
0.329392
0.405137
0.618594
0.23071
0.662
0.248691
0.662
0.448224
0.662
0.0658425
0.260411
0.144568
0.211509
0.376829
0.367526
0.662
0.470931
0.613365
0.395856
0.446715
0.662
0.365618
0.172712
0.629453
0.662
0.662
0.430013
0.244934
0.144544
0.631318
0.227123
0.662
0.448393
0.662
0.662
0.104119
0.429868
0.336095
0.662
0.662
0.554225
0.103565
0.210277
0.662
0.662
0.207626
0.153906
0.0122905
0.662
0.40779
0.662
0.662
0.662
0.662
0.548554
0.264339
0.65195
0.164549
0.356321
0.662
0.662
0.592708
0.276051
0.122442
0.477039
0.071755
0.662
0.137432
0.510372
0.662
0.662
0.105976
0.662
0.662
0.197048
0.224943
0.662
0.662
0.314598
0.167619
0.521665
0.0250903
0.369682
0.488851
0.610569
0.0766815
0.393429
0.662
0.662
0.504795
0.662
0.221364
0.662
0.222609
0.662
0.662
0.365575
0.662
0.662
0.19271
0.24036
0.271742
0.147166
0.200832
0.231369
0.58088
0.662
0.0266064
0.662
0.312729
0.662
0.104815
0.662
0.224094
0.142419
0.662
0.54667
0.662
0.662
0.350378
0.258095
0.662
0.405684
0.662
0.441356
0.218815
0.284441
0.413852
0.220191
0.189191
0.326779
0.303602
0.267585
0.37786
0.126742
0.404743
0.662
0.415712
0.329889
0.1614
0.662
0.0676465
0.389697
0.653084
0.662
0.662
0.411659
0.539561
0.0336359
0.662
0.1064
0.19242
0.263545
0.662
0.465067
0.0395525
0.525757
0.105323
0.224823
0.662
0.19442
0.380432
0.0327764
0.251734
0.662
0.306429
0.413526
0.662
0.260138
0.300473
0.150696
0.438579
0.612552
0.662
0.361578
0.662
0.662
0.662
0.268744
0.336369
0.662
0.662
0.440238
0.196907
0.662
0.662
0.662
0.405452
0.356477
0.243014
0.662
0.566732
0.0102091
0.211271
0.521987
0.0577253
0.662
0.0224202
0.448241
0.545202
0.662
0.662
0.223496
0.662
0.662
0.379215
0.662
0.288508
0.662
0.662
0.474184
0.00691286
0.662
0.637871
0.566938
0.662
0.662
0.152844
0.439606
0.662
0.662
0.0487534
0.662
0.502689
0.636434
0.346644
0.662
0.662
0.123371
0.105277
0.638838
0.662
0.459637
0.530897
0.662
0.662
0.662
0.662
0.662
0.662
0.183277
0.0423207
0.662
0.662
0.536928
0.561356
0.662
0.0279994
0.109743
0.271009
0.370982
0.662
0.662
0.201555
0.662
0.318423
0.662
0.662
0.229197
0.00473744
0.419849
0.203394
0.662
0.619762
0.0728469
0.143417
0.148352
0.249917
0.662
0.0838988
0.11
0.325804
0.481959
0.145864
0.662
0.545536
0.662
0.662
0.662
0.662
0.17459
0.169239
0.0770092
0.587025
0.395949
0.0753697
0.662
0.662
0.290556
0.119105
0.559688
0.556225
0.662
0.0164273
0.360702
0.477489
0.281564
0.282231
0.566383
0.612106
0.662
0.45391
0.342194
0.161534
0.633694
0.0953371
0.652908
0.662
0.662
0.214684
0.662
0.662
0.35986
0.373444
0.0519799
0.426956
0.467222
0.175888
0.662
0.228842
0.662
0.376313
0.662
0.603132
0.218441
0.127283
0.632044
0.197114
0.0635909
0.450548
0.662
0.322462
0.662
0.662
0.376551
0.00329336
0.140199
0.148323
0.662
0.460964
0.0199083
0.662
0.578192
0.662
0.115525
0.326027
0.662
0.510952
0.662
0.480114
0.662
0.316345
0.38124
0.662
0.662
0.662
0.662
0.662
0.047583
0.662
0.662
0.197993
0.662
0.662
0.662
0.54797
0.298941
0.131101
0.662
0.372181
0.577879
0.662
0.662
0.54913
0.662
0.662
0.662
0.662
0.518931
0.249056
0.662
0.145055
0.457774
0.0311393
0.208843
0.454899
0.637674
0.662
0.662
0.238715
0.662
0.311848
0.662
0.662
0.347051
0.267087
0.457771
0.662
0.179329
0.208691
0.562503
0.0734416
0.102518
0.662
0.401038
0.319607
0.45544
0.662
0.662
0.662
0.662
0.64061
0.662
0.184589
0.03729
0.405114
0.0253236
0.662
0.662
0.119448
0.662
0.203359
0.662
0.130212
0.559245
0.443465
0.662
0.39562
0.24269
0.662
0.283291
0.164507
0.327719
0.662
0.44786
0.662
0.152799
0.662
0.33195
0.662
0.454322
0.611619
0.26262
0.403031
0.662
0.178135
0.426463
0.662
0.417456
0.662
0.662
0.662
0.5538
0.0235635
0.0112464
0.647579
0.662
0.536428
0.344539
0.0392936
0.662
0.662
0.575326
0.0658479
0.662
0.0311813
0.662
0.190774
0.662
0.662
0.410115
0.293456
0.0973722
0.563234
0.260268
0.398434
0.470822
0.170671
0.41857
0.411528
0.662
0.467632
0.374348
0.662
0.29415
0.297221
0.137467
0.662
0.662
0.599249
0.348082
0.251353
0.662
0.56232
0.209748
0.662
0.662
0.526986
0.662
0.587023
0.186527
0.571402
0.662
0.662
0.404012
0.662
0.374386
0.662
0.553065
0.21059
0.598664
0.197843
0.438338
0.0803684
0.431139
0.662
0.118525
0.366131
0.579351
0.662
0.20038
0.00886535
0.662
0.173128
0.069422
0.662
0.429335
0.662
0.358553
0.321833
0.207804
0.662
0.301579
0.200839
0.662
0.662
0.310403
0.662
0.155399
0.121709
0.135635
0.662
0.584437
0.451923
0.662
0.57266
0.662
