0.265586
0.654113
0.662
0.128789
0.662
0.662
0.662
0.37707
0.286506
0.365449
0.662
0.419985
0.662
0.425442
0.662
0.469573
0.0364035
0.448492
0.662
0.400281
0.662
0.40016
0.662
0.0133335
0.575178
0.541296
0.0230307
0.215261
0.352157
0.662
0.15372
0.662
0.198812
0.511516
0.662
0.644267
0.662
0.246142
0.20774
0.157239
0.217947
0.662
0.662
0.340983
0.594353
0.279936
0.217777
0.315544
0.0980094
0.442346
0.454087
0.225015
0.552257
0.132727
0.500216
0.33655
0.662
0.567628
0.662
0.662
0.236928
0.662
0.662
0.662
0.149576
0.183226
0.644353
0.228344
0.662
0.218031
0.366835
0.213082
0.662
0.557669
0.112314
0.662
0.654752
0.169556
0.393362
0.662
0.0353686
0.0923707
0.305661
0.327288
0.206851
0.412195
0.197606
0.662
0.658247
0.662
0.662
0.147002
0.662
0.662
0.528499
0.119229
0.647805
0.662
0.418858
0.362929
0.662
0.298446
0.401188
0.456876
0.2497
0.117894
0.110301
0.0351323
0.236218
0.250071
0.234269
0.662
0.633699
0.662
0.278168
0.0458755
0.408194
0.662
0.0705433
0.662
0.662
0.662
0.353967
0.662
0.0159199
0.388554
0.63472
0.453422
0.472813
0.662
0.42879
0.662
0.232692
0.339538
0.113879
0.570163
0.165161
0.662
0.662
0.0964636
0.662
0.564701
0.186854
0.168855
0.445816
0.0914523
0.662
0.373554
0.427307
0.289272
0.662
0.330243
0.0932672
0.204542
0.662
0.481357
0.662
0.0599007
0.662
0.0290377
0.662
0.0684938
