0.662
0.662
0.39068
0.38398
0.199618
0.391083
0.659269
0.138786
0.662
0.349111
0.662
0.0188753
0.195606
0.662
0.469187
0.662
0.662
0.215787
0.104555
0.662
0.662
0.662
0.32845
0.532175
0.226617
0.662
0.598688
0.141311
0.107942
0.662
0.662
0.425201
0.420206
0.662
0.662
0.297287
0.662
0.662
0.662
0.662
0.545042
0.356511
0.432139
0.479989
0.662
0.285428
0.303676
0.662
0.662
0.662
0.204859
0.533225
0.662
0.310128
0.327193
0.334856
0.295802
0.192325
0.354953
0.662
0.662
0.255687
0.474709
0.406123
0.662
0.474705
0.367928
0.146093
0.20335
0.46673
0.128971
0.662
0.18487
0.339582
0.662
0.579904
0.0451972
0.252803
0.662
0.448608
0.197438
0.662
0.0376495
0.519528
0.610332
0.662
0.662
0.158019
0.0441163
0.662
0.662
0.662
0.0177539
0.359564
0.662
0.662
0.633391
0.662
0.5031
0.233429
0.476899
0.293714
0.100686
0.440649
0.227918
0.499116
0.44662
0.517544
0.201436
0.662
0.213027
0.396932
0.662
0.0349151
0.662
0.662
0.0625338
0.483345
0.662
0.210664
0.593445
0.662
0.662
0.0321863
0.662
0.662
0.662
0.662
0.242699
0.662
0.662
0.662
0.207909
0.662
0.187676
0.662
0.662
0.662
0.662
0.662
0.213158
0.662
0.252431
0.4411
0.0877237
0.232669
0.638109
0.662
0.0652789
0.610052
0.439073
0.662
0.662
0.0324146
0.0767835
0.539272
0.662
0.131304
0.662
0.341431
0.293663
0.662
0.254282
0.35428
0.662
0.662
0.124935
0.662
0.389875
0.484319
0.304827
0.347855
0.662
0.477317
0.662
0.185811
0.186544
0.662
0.0679683
0.662
0.662
0.662
0.662
0.662
0.662
0.662
0.662
0.352037
0.213832
0.177983
0.311525
0.662
0.291864
0.2512
0.662
0.0522881
0.65094
0.662
0.320912
0.662
0.662
0.662
0.662
0.662
0.112036
0.662
0.478661
0.389288
0.472567
0.662
0.662
0.112619
0.237798
0.0255096
0.662
0.0170563
0.662
0.160757
0.220997
0.33089
0.0427933
0.195906
0.662
0.662
0.662
0.331106
0.662
0.400036
0.662
0.662
0.662
0.421185
0.195027
0.194857
0.662
0.368313
0.322437
0.662
0.662
0.215787
0.0830347
0.114657
0.662
0.471823
0.388637
0.323414
0.662
0.183609
0.440531
0.662
0.662
0.189375
0.515814
0.662
0.443237
0.662
0.662
0.630274
0.213425
0.662
0.447384
0.285938
0.1604
0.229566
0.662
0.351429
0.286054
0.340164
0.662
0.248623
0.353434
0.662
0.245477
0.482303
0.524356
0.662
0.187892
0.450951
0.195272
0.662
0.462852
0.662
0.587456
0.662
0.462905
0.320147
0.662
0.59407
0.45889
0.662
0.287372
0.179761
0.203776
0.308886
0.662
0.662
0.35933
0.238857
0.662
0.207773
0.662
0.19498
0.0791333
0.662
0.336148
0.0490276
0.662
0.662
0.662
0.45781
0.662
0.662
0.456929
0.662
0.0149969
0.662
0.128799
0.662
0.186891
0.662
0.662
0.0607911
0.662
0.374808
0.662
0.662
0.276014
0.662
0.662
0.484099
0.463829
0.662
0.158264
0.158947
0.228063
0.146345
0.662
0.149377
0.117841
0.653762
0.662
0.384001
0.662
0.277511
0.290146
0.662
0.463131
0.188265
0.430011
0.418679
0.662
0.154875
0.662
0.662
0.662
0.257454
0.662
0.662
0.25138
0.036181
0.256522
0.662
0.662
0.662
0.410024
0.33365
0.294043
0.225902
0.0309782
0.255819
0.314782
0.294869
0.662
0.451979
0.439959
0.662
0.563581
0.068276
0.662
0.148378
0.662
0.388281
0.29724
0.662
0.18177
0.662
0.192109
0.419492
0.130632
0.662
0.192705
0.662
0.110483
0.136872
0.19801
0.42298
0.662
0.412786
0.320884
0.242381
0.614279
0.0922982
0.194015
0.662
0.662
0.662
0.662
0.662
0.380784
0.437142
0.217018
0.172612
0.297959
0.662
0.277361
0.185733
0.272297
0.662
0.662
0.662
0.662
0.662
0.162153
0.576286
0.662
0.0993231
0.662
0.246079
0.506561
0.218772
0.145882
0.0796141
0.387112
0.248819
0.662
0.662
0.395352
0.662
0.254007
0.0789231
0.0678134
0.293103
0.160866
0.186447
0.345234
0.269189
0.662
0.317942
0.468066
0.226856
0.189903
0.662
0.153072
0.662
0.0157753
0.662
0.662
0.662
0.662
0.00983904
0.198981
0.0165439
0.457697
0.662
0.504083
0.662
0.662
0.359043
0.306743
0.662
0.662
0.385178
0.662
0.662
0.215809
0.662
0.0305388
0.662
0.662
0.39004
0.120686
0.662
0.5882
0.200893
0.662
0.662
0.662
0.662
0.45842
0.0911047
0.222408
0.662
0.200488
0.288618
0.111636
0.096574
0.662
0.662
0.430253
0.0362523
0.118013
0.135385
0.175825
0.662
0.125168
0.662
0.150554
0.338447
0.662
0.662
0.190793
0.142093
0.205486
0.0153098
0.44028
0.662
0.155257
0.356244
0.12733
0.20626
0.372349
0.662
0.662
0.192136
0.662
0.662
0.662
0.0104942
0.662
0.662
0.662
0.662
0.662
0.209975
0.662
0.662
0.17462
0.662
0.105548
0.218844
0.662
0.0626608
0.662
0.138493
0.447486
0.662
0.662
0.478278
0.220874
0.662
0.662
0.0528507
0.662
0.662
0.244283
0.429791
0.276609
0.662
0.203113
0.662
0.662
0.160608
0.239443
0.411889
0.233227
0.304211
0.0326169
0.211637
0.662
0.662
0.0975432
0.236965
0.662
0.662
0.138863
0.345755
0.478698
0.0194509
0.662
0.662
0.0898286
0.662
0.662
0.198612
0.662
0.361973
0.445611
0.163002
0.662
0.440217
0.0396334
0.662
0.113504
0.0247721
0.662
0.662
0.662
0.662
0.231452
0.0504469
0.353865
0.207908
0.26214
0.247678
0.174785
0.662
0.0239033
0.168392
0.00827845
0.516505
0.662
0.24589
0.549412
0.633391
0.662
0.337088
0.662
0.207529
0.662
0.0809183
0.662
0.100436
0.476165
0.662
0.397564
0.662
0.13144
0.662
0.0754477
0.662
0.662
0.662
0.388177
0.473309
0.100176
0.389271
0.662
0.662
0.327793
0.212374
0.662
0.662
0.286521
0.356562
0.660037
0.662
0.662
0.391939
0.662
0.256409
0.662
0.278674
0.356756
0.475607
0.0180226
0.163375
0.531606
0.662
0.662
0.141666
0.662
0.662
0.662
0.257645
0.110971
0.257164
0.302397
0.409291
0.3584
0.662
0.399374
0.00582176
0.499571
0.0477964
0.277288
0.189347
0.662
0.197376
0.363015
0.302312
0.16122
0.662
0.053135
0.364199
0.662
0.662
0.26948
0.662
0.404301
0.141289
0.662
0.662
0.662
0.473167
0.662
0.662
0.662
0.185124
0.224569
0.567919
0.662
0.243921
0.3428
0.14813
0.194446
0.15287
0.662
0.201741
0.152775
0.662
0.662
0.221877
0.358441
0.288321
0.662
0.296781
0.662
0.332882
0.662
0.662
0.266183
0.662
0.662
0.551165
0.662
0.194769
0.662
0.662
0.662
0.662
0.662
0.353113
0.662
0.662
0.194717
0.616487
0.662
0.662
0.662
0.219346
0.25836
0.184417
0.298787
0.123898
0.662
0.662
0.295414
0.662
0.168837
0.662
0.662
0.662
0.434798
0.662
0.662
0.143137
0.463268
0.0967392
0.662
0.662
0.218583
0.662
0.662
0.138012
0.662
0.662
0.128285
0.254507
0.199002
0.662
0.662
0.23223
0.448022
0.472727
0.0969036
0.662
0.320636
0.662
0.131123
0.366175
0.278724
0.662
0.481659
0.40932
0.662
0.256922
0.0814501
0.462254
0.1818
0.662
0.662
0.188508
0.60021
0.210408
0.239005
0.662
0.301966
0.662
0.507416
0.662
0.400229
0.0332279
0.662
0.132955
0.158973
0.235357
0.662
0.0778766
0.662
0.662
0.662
0.216503
0.662
0.662
0.366805
0.33973
0.330757
0.662
0.306116
0.662
0.327906
0.0878293
0.662
0.229322
0.0281565
0.662
0.609791
0.0819014
0.259304
0.345542
0.662
0.662
0.662
0.662
0.662
0.378399
0.211811
0.662
0.211764
0.662
0.662
0.309779
0.149294
0.662
0.379741
0.319213
0.331017
0.662
0.662
0.329205
0.662
0.233641
0.204741
0.662
0.329307
0.139832
0.431398
0.232614
0.209476
0.407324
0.0875485
0.024668
0.260338
0.662
0.469842
0.662
0.246401
0.0897594
0.0293866
0.662
0.662
0.365779
0.169057
0.662
0.0882058
0.350624
0.662
0.0357873
0.381527
0.204594
0.662
0.0126223
0.267251
0.129144
0.662
0.662
0.0166329
0.350338
0.291532
0.662
0.634549
0.662
0.662
0.188292
0.60981
0.335633
0.247696
0.479079
0.642866
0.0586532
0.206155
0.280101
0.193677
0.261934
0.662
0.662
0.122293
0.259252
0.662
0.662
0.662
0.662
0.0318365
0.408022
0.494762
0.476839
0.244086
0.347608
0.662
0.419051
0.382586
0.662
0.662
0.210241
0.662
0.385859
0.224714
0.271017
0.338146
0.265212
0.295746
0.376248
0.262422
0.662
0.662
0.00620333
0.430586
0.662
0.449857
0.662
0.42746
0.0590731
0.662
0.662
0.47238
0.662
0.417774
0.458123
0.518299
0.488495
0.313858
0.662
0.517851
0.662
0.662
0.662
0.594137
0.204936
0.662
0.414379
0.148175
0.458701
0.662
0.662
0.662
0.226188
0.662
0.662
0.662
0.161393
0.209564
0.144679
0.662
0.0203618
0.489613
0.662
0.662
0.168809
0.620994
0.662
0.662
0.662
0.191853
0.234874
0.480561
0.370734
0.16208
0.572453
0.462073
0.662
0.193713
0.662
0.662
0.171084
0.546292
0.494002
0.644558
0.254611
0.662
0.662
0.441871
0.437738
0.662
0.207077
0.366516
0.662
0.662
0.0825529
0.662
0.662
0.50951
0.0760544
0.662
0.228418
0.662
0.276426
0.662
0.662
0.232698
0.234718
0.020979
0.662
0.662
0.245681
0.662
0.295069
0.065674
0.229262
0.0823946
0.589858
0.500124
0.445878
0.476624
0.454711
0.662
0.662
0.662
0.225214
0.247324
0.230667
0.105091
0.425954
0.312229
0.662
0.0669519
0.662
0.41974
0.228575
0.502006
0.662
0.662
0.387535
0.112626
0.240454
0.662
0.662
0.401615
0.470226
0.386478
0.379088
0.304321
0.662
0.174119
0.21351
0.662
0.494274
0.662
0.32289
0.47259
0.146697
0.359444
0.0701249
0.266856
0.651158
0.142404
0.067991
0.0455245
0.662
0.662
0.281315
0.155866
0.662
0.246073
0.662
0.662
0.299094
0.540383
0.222081
0.0963811
0.0402788
0.662
0.147366
0.283397
0.389009
0.662
0.662
0.662
0.662
0.213568
0.662
0.245478
0.256092
0.298956
0.662
0.662
0.662
0.0671186
0.0951815
0.310226
0.0474253
0.662
0.342887
0.331523
0.662
0.444657
0.393598
0.662
0.662
0.662
0.375391
0.487007
0.242225
0.25604
0.244322
0.339945
0.41224
0.398212
0.662
0.163396
0.268418
0.169753
0.21335
0.232885
0.662
0.469022
0.489944
0.662
0.411529
0.217751
0.662
0.189983
0.207352
0.662
0.284739
0.662
0.378243
0.00878966
0.662
0.429556
0.208941
0.662
0.0975873
0.662
0.190667
0.662
0.0356
0.160339
0.200739
0.14546
0.554107
0.206495
0.449692
0.484079
0.662
0.227401
0.662
0.188844
0.299486
0.662
0.565009
0.00750366
0.662
0.0545849
0.662
0.454334
0.317186
0.662
0.199092
0.0855323
0.662
0.105121
0.427177
0.0607364
0.662
0.662
0.515285
0.662
0.149078
0.220529
0.662
0.509475
0.421754
0.461315
0.18879
0.430966
0.662
0.398998
0.0519569
0.662
0.662
0.178929
0.111588
0.196209
0.198504
0.587701
0.662
0.429589
0.662
0.662
0.662
0.242914
0.0741094
0.590561
0.0171211
0.495873
0.662
0.662
0.662
0.201304
0.662
0.0898366
0.051592
0.405319
0.167882
0.126778
0.437309
0.662
0.0192423
0.287975
0.22944
0.662
0.0186287
0.0415039
0.662
0.43151
0.425713
0.662
0.662
0.208882
0.26497
0.182626
0.142007
0.662
0.115345
0.662
0.0561952
0.662
0.20124
0.662
0.32261
0.662
0.170544
0.486373
0.662
0.262983
0.662
0.662
0.662
0.662
0.348663
0.662
0.662
0.19975
0.111667
0.107447
0.285657
0.509667
0.662
0.136052
0.334464
0.111477
0.331082
0.173667
0.28753
0.662
0.42014
0.308813
0.662
0.137009
0.44932
0.459847
0.0453472
0.662
0.362492
0.662
0.515567
0.662
0.407544
0.325513
0.212924
0.103979
0.192552
0.662
0.662
0.662
0.662
0.662
0.0879596
0.250575
0.191544
0.662
0.228184
0.662
0.662
0.180097
0.238938
0.662
0.416511
0.662
0.662
0.0591132
0.402305
0.104078
0.662
0.55024
0.346384
0.319069
0.662
0.662
0.662
0.662
0.285999
0.662
0.138113
0.662
0.145869
0.662
0.366365
0.0134517
0.662
0.408056
0.414363
0.523301
0.662
0.499946
0.443389
0.662
0.072251
0.0102869
0.139171
0.662
0.662
0.452983
0.662
0.662
0.191875
0.662
0.0715232
0.197321
0.210607
0.662
0.662
0.662
0.431073
0.662
0.159211
0.12272
0.145664
0.205344
0.630671
0.474135
0.221247
0.558859
0.396966
0.377248
0.662
0.662
0.662
0.662
0.0893394
0.662
0.662
0.245184
0.662
0.280983
0.662
0.662
0.638496
0.0277372
0.662
0.662
0.662
0.662
0.662
0.454827
0.662
0.662
0.110862
0.257111
0.142174
0.662
0.614066
0.662
0.0583131
0.265584
0.410838
0.575261
0.662
0.383876
0.597586
0.459359
0.662
0.662
0.190884
0.238647
0.112793
0.273183
0.405018
0.191954
0.452134
0.312698
0.0415334
0.317991
0.662
0.223505
0.662
0.662
0.662
0.387476
0.662
0.662
0.662
0.207667
0.424192
0.662
0.662
0.662
0.186919
0.662
0.235211
0.662
0.662
0.662
0.279881
0.300525
0.662
0.228092
0.118813
0.662
0.481157
0.662
0.662
0.662
0.0670948
0.172417
0.232515
0.662
0.357467
0.662
0.662
0.116173
0.568489
0.0818194
0.662
0.662
0.0853972
0.422693
0.329498
0.662
0.662
0.537357
0.662
0.0412315
0.662
0.662
0.662
0.111129
0.662
0.662
0.451826
0.662
0.108497
0.662
0.149761
0.309133
0.662
0.0262534
0.662
0.228867
0.190647
0.210103
0.323852
0.662
0.344486
0.383096
0.662
0.257147
0.583079
0.216794
0.138403
0.662
0.0196577
0.276202
0.662
0.429047
0.662
0.662
0.662
0.662
0.296454
0.203461
0.662
0.0511513
0.662
0.190798
0.190971
0.193302
0.129441
0.264936
0.185262
0.378328
0.662
0.662
0.662
0.662
0.33309
0.662
0.313766
0.556465
0.0649437
0.237304
0.30789
0.662
0.194072
0.662
0.374035
0.662
0.0349707
0.00911951
0.208765
0.662
0.316824
0.00201336
0.662
0.262008
0.662
0.662
0.662
0.662
0.463999
0.662
0.222747
0.436399
0.448062
0.662
0.00543906
0.158968
0.357664
0.414605
0.662
0.112349
0.662
0.309241
0.325051
0.662
0.208083
0.502787
0.662
0.163705
0.662
0.396399
0.662
0.267493
0.662
0.243925
0.662
0.356777
0.662
0.191994
0.662
0.310485
0.264536
0.280041
0.662
0.662
0.662
0.662
0.269375
0.0322739
0.662
0.662
0.0835384
0.264932
0.662
0.381573
0.432189
0.00412027
0.0885303
0.662
0.662
0.168761
0.662
0.384649
0.046858
0.662
0.576012
0.449503
0.662
0.55978
0.419568
0.403055
0.466677
0.210086
0.493894
0.0237022
0.0839244
0.662
0.387489
0.318211
0.625556
0.662
0.662
0.662
0.28632
0.249171
0.259015
0.662
0.662
0.477027
0.120274
0.527615
0.520873
0.662
0.197799
0.00416075
0.0751225
0.170749
0.662
0.662
0.432575
0.584193
0.00820683
0.476868
0.220322
0.476027
0.517315
0.662
0.607013
0.144884
0.662
0.662
0.536797
0.633694
0.662
0.414274
0.63339
0.662
0.662
0.082663
0.154598
0.185807
0.658508
0.509339
0.11861
0.261194
0.348915
0.662
0.33068
0.662
0.539475
0.662
0.231895
0.32072
0.450171
0.662
0.0989237
0.609007
0.44383
0.662
0.214445
0.370034
0.302036
0.662
0.662
0.235994
0.662
0.183329
0.195524
0.662
0.662
0.194713
0.184495
0.662
0.662
0.203001
0.662
0.662
0.388321
0.662
0.117482
0.473178
0.662
0.662
0.00776742
0.662
0.284523
0.178271
0.228724
0.14346
0.209985
0.11265
0.609944
0.445428
0.275801
0.662
0.483603
0.662
0.145593
0.662
0.270829
0.662
0.662
0.662
0.662
0.662
0.662
0.438954
0.662
0.445424
0.400874
0.351894
0.507961
0.467076
0.243106
0.662
0.662
0.662
0.588962
0.662
0.662
0.281126
0.655146
0.662
0.236308
0.181354
0.662
0.177345
0.337891
0.295076
0.662
0.20723
0.0954533
0.28029
0.662
0.662
0.342293
0.662
0.288509
0.363061
0.662
0.662
0.662
0.630767
0.154646
0.187873
0.0926908
0.0778784
0.326204
0.0238595
0.662
0.662
0.662
0.26518
0.662
0.662
0.662
0.39708
0.215382
0.662
0.104264
0.316641
0.108623
0.662
0.0356923
0.365887
0.283374
0.163027
0.366477
0.530169
0.577175
0.0871106
0.662
0.130611
0.192805
0.415359
0.662
0.175412
0.662
0.287683
0.662
0.662
0.187953
0.405241
0.435721
0.391669
0.172908
0.266398
0.302548
0.252031
0.207092
0.662
0.303973
0.662
0.0946568
0.385547
0.501297
0.662
0.216063
0.440187
0.270915
0.662
0.513779
0.126375
0.662
0.662
0.150739
0.332368
0.244213
0.662
0.373508
0.489553
0.118837
0.662
0.650766
0.662
0.124182
0.137171
0.662
0.445531
0.284266
0.662
0.0439345
0.467973
0.0462061
0.42126
0.662
0.662
0.266661
0.379306
0.177278
0.662
0.542903
0.662
0.324116
0.314364
0.662
0.201476
0.15703
0.1329
0.174346
0.239919
0.662
0.574197
0.200876
0.662
0.181173
0.503193
0.662
0.662
0.662
0.662
0.643232
0.579923
0.662
0.662
0.662
0.662
0.366996
0.272775
0.662
0.0339858
0.306175
0.121028
0.662
0.114928
0.237607
0.556222
0.662
0.662
0.662
0.662
0.662
0.662
0.662
0.151836
0.662
0.272721
0.662
0.662
0.662
0.031521
0.397696
0.430393
0.157983
0.662
0.662
0.189698
0.0607847
0.0809896
0.662
0.000545736
0.662
0.662
0.368007
0.662
0.437809
0.662
0.286876
0.662
0.382123
0.0752686
0.662
0.274514
0.471654
0.292633
0.488703
0.233756
0.662
0.313564
0.25196
0.662
0.0298487
0.0451554
0.662
0.662
0.662
0.40781
0.379174
0.662
0.662
0.662
0.662
0.662
0.662
0.314045
0.662
0.0577882
0.207521
0.200379
0.358637
0.662
0.350973
0.662
0.662
0.662
0.162804
0.516511
0.183705
0.662
0.662
0.662
0.662
0.662
0.45454
0.662
0.410371
0.212165
0.319558
0.662
0.662
0.060239
0.424375
0.199893
0.662
0.662
0.330858
0.662
0.197271
0.427552
0.662
0.0370121
0.662
0.110829
0.243305
0.295906
0.268676
0.243182
0.198338
0.662
0.39559
0.151767
0.662
0.662
0.372719
0.662
0.662
0.662
0.662
0.662
0.230835
0.305318
0.538742
0.361215
0.326891
0.380931
0.28487
0.211905
0.274351
0.662
0.159897
0.662
0.642725
0.662
0.18622
0.586643
0.46149
0.662
0.590565
0.128669
0.273534
0.662
0.172344
0.134652
0.662
0.284986
0.662
0.419079
0.662
0.662
0.238078
0.662
0.662
0.370278
0.215764
0.0971551
0.619905
0.171015
0.467424
0.506418
0.152331
0.0170499
0.137981
0.19515
0.177864
0.184525
0.662
0.0762594
0.474038
0.662
0.662
0.662
0.0678362
0.449128
0.138279
0.063674
0.099448
0.262002
0.459749
0.662
0.0926331
0.312067
0.185118
0.47916
0.662
0.34569
0.0868307
0.662
0.626849
0.354344
0.662
0.446449
0.662
0.0347217
0.662
0.310181
0.662
0.662
0.272258
0.140175
0.662
0.373784
0.662
0.324428
0.662
0.562379
0.265842
0.662
0.232377
0.662
0.3264
0.662
0.662
0.662
0.662
0.345079
0.406841
0.169302
0.662
0.324249
0.0980979
0.662
0.662
0.246702
0.662
0.662
0.0227817
0.105631
0.662
0.662
0.662
0.21937
0.0736728
0.149774
0.246477
0.224937
0.662
0.662
0.475239
0.0671877
0.421786
0.321024
0.106742
0.103721
0.662
0.662
0.0108446
0.292145
0.446368
0.662
0.364817
0.389601
0.662
0.662
0.662
0.662
0.118758
0.0950364
0.0912128
0.662
0.662
0.457447
0.662
0.662
0.662
0.377558
0.152808
0.145203
0.200169
0.172004
0.00996612
0.662
0.0858813
0.511704
0.549664
0.0948971
0.662
0.11085
0.545521
0.166155
0.04388
0.662
0.0622536
0.460027
0.565354
0.662
0.662
0.662
0.135136
0.0539992
0.662
0.662
0.154093
0.0429441
0.168631
0.662
0.443002
0.261696
0.662
0.470657
0.662
0.662
0.662
0.0213781
0.662
0.0603683
0.662
0.475488
0.376926
0.662
0.281683
0.193131
0.374704
0.662
0.662
0.157606
0.197941
0.662
0.662
0.551669
0.14804
0.662
0.191395
0.373252
0.147213
0.220771
0.197427
0.430859
0.351336
0.392372
0.662
0.189184
0.662
0.261074
0.165397
0.662
0.63668
0.0774472
0.447915
0.662
0.662
0.662
0.255189
0.231823
0.461288
0.500961
0.662
0.468027
0.662
0.662
0.56677
0.203822
0.359619
0.662
0.198809
0.358678
0.0609702
0.412521
0.220552
0.300307
0.26174
0.575343
0.662
0.662
0.194394
0.332401
0.662
0.662
0.332964
0.662
0.662
0.470106
0.279957
0.662
0.662
0.118443
0.333267
0.173073
0.406929
0.299215
0.662
0.409323
0.662
0.385179
0.203339
0.211311
0.425075
0.662
0.662
0.662
0.662
0.285367
0.662
0.142833
0.662
0.662
0.387659
0.295739
0.416655
0.147684
0.662
0.662
0.0182726
0.662
0.0283967
0.647079
0.662
0.402305
0.145109
0.662
0.662
0.662
0.258295
0.243221
0.662
0.383803
0.239534
0.662
0.508701
0.662
0.662
0.373754
0.662
0.362564
0.18362
0.662
0.662
0.329424
0.198838
0.662
0.662
0.159007
0.00156091
0.662
0.500617
0.0133517
0.0325034
0.662
0.0966398
0.414014
0.262472
0.0473306
0.662
0.270296
0.138119
0.662
0.662
0.396636
0.662
0.254352
0.292055
0.378152
0.258746
0.19923
0.231139
0.662
0.0981261
0.662
0.279491
0.272681
0.662
0.419817
0.662
0.662
0.662
0.316332
0.662
0.0105482
0.633391
0.408227
0.438027
0.0559818
0.662
0.662
0.662
0.111858
0.248901
0.662
0.3852
0.662
0.662
0.662
0.0382627
0.662
0.427069
0.385722
0.662
0.0360859
0.588879
0.662
0.662
0.255604
0.403191
0.662
0.356756
0.662
0.242726
0.662
0.662
0.440998
0.59408
0.376031
0.662
0.388343
0.662
0.662
0.467937
0.662
0.454495
0.662
0.22819
0.353851
0.10724
0.662
0.662
0.662
0.232752
0.662
0.662
0.662
0.113284
0.294431
0.662
0.155275
0.128233
0.374754
0.459827
0.662
0.662
0.662
0.310003
0.662
0.248515
0.17367
0.112538
0.303631
0.309893
0.662
0.662
0.0305164
0.393959
0.662
0.273285
0.234845
0.0327093
0.662
0.241144
0.662
0.662
0.662
0.246842
0.265594
0.529183
0.0727602
0.358288
0.662
0.662
0.276934
0.194619
0.0352929
0.00583128
0.43853
0.26323
0.662
0.0666956
0.479005
0.662
0.204832
0.14329
0.465832
0.478761
0.662
0.662
0.206823
0.119918
0.14134
0.230674
0.662
0.369749
0.662
0.0530086
0.662
0.662
0.325095
0.250714
0.662
0.662
0.253179
0.352138
0.233417
0.662
0.108468
0.283799
0.484315
0.165945
0.176395
0.627107
0.662
0.556878
0.0971941
0.662
0.662
0.662
0.662
0.0351076
0.662
0.662
0.662
0.369471
0.662
0.353292
0.211228
0.662
0.662
0.434825
0.662
0.0332389
0.662
0.662
0.479551
0.418804
0.662
0.662
0.662
0.39404
0.184538
0.662
0.212555
0.400682
0.662
0.261801
0.28461
0.662
0.662
0.259118
0.662
0.662
0.15609
0.435664
0.490517
0.228799
0.580127
0.274831
0.30705
0.662
0.370146
0.662
0.535466
0.662
0.662
0.172064
0.325094
0.296064
0.180687
0.380145
0.00150799
0.256831
0.413838
0.260916
0.0522197
0.662
0.662
0.59041
0.238071
0.183574
0.136948
0.662
0.0165624
0.662
0.0811499
0.662
0.255075
0.134501
0.242573
0.244191
0.662
0.662
0.662
0.662
0.376718
0.557538
0.634568
0.0498462
0.44269
0.662
0.471613
0.543696
0.0810267
0.638132
0.662
0.662
0.287539
0.662
0.472334
0.519056
0.0823428
0.236013
0.129701
0.662
0.378352
0.282005
0.355831
0.00538998
0.662
0.662
0.150245
0.28533
0.583522
0.662
0.616503
0.140827
0.662
0.662
0.662
0.662
0.662
0.662
0.662
0.662
0.0977068
0.662
0.662
0.662
0.647452
0.357003
0.237355
0.662
0.298201
0.662
0.662
0.221154
0.292578
0.376822
0.244534
0.322778
0.662
0.662
0.254903
0.081605
0.361872
0.662
0.372651
0.291967
0.346559
0.441273
0.442107
0.211782
0.280381
0.0255609
0.0635166
0.174324
0.450763
0.245831
0.00216733
0.263046
0.662
0.326178
0.662
0.105948
0.662
0.662
0.49444
0.662
0.330269
0.197716
0.209642
0.235671
0.644581
0.0915557
0.662
0.662
0.370437
0.662
0.516421
0.470018
0.662
0.187376
0.662
0.662
0.662
0.635413
0.301505
0.662
0.167144
0.205333
0.662
0.120636
0.662
0.369385
0.437499
0.398554
0.662
0.662
0.662
0.662
0.662
0.662
0.44063
0.047238
0.166418
0.662
0.662
0.662
0.662
0.565138
0.662
0.167098
0.14083
0.234819
0.662
0.26089
0.662
0.202086
0.187775
0.662
0.0195896
0.662
0.260399
0.113928
0.571281
0.263571
0.662
0.119474
0.430558
0.0911973
0.662
0.662
0.299215
0.662
0.662
0.662
0.662
0.0281272
0.406199
0.662
0.500595
0.662
0.662
0.244259
0.239485
0.662
0.445648
0.238737
0.239888
0.245908
0.192347
0.190714
0.662
0.662
0.350851
0.270297
0.662
0.662
0.662
0.0432363
0.662
0.662
0.350192
0.662
0.335627
0.662
0.306062
0.662
0.662
0.662
0.105252
0.662
0.648576
0.662
0.170091
0.662
0.596522
0.662
0.620915
0.662
0.662
0.169553
0.662
0.646885
0.563858
0.662
0.662
0.128927
0.662
0.662
0.36477
0.662
0.435215
0.662
0.662
0.224863
0.0293208
0.156588
0.317597
0.662
0.129035
0.42421
0.0117437
0.662
0.662
0.410719
0.374953
0.465684
0.50775
0.244678
0.462276
0.0411805
0.172095
0.662
0.662
0.211705
0.662
0.662
0.662
0.149363
0.405547
0.458191
0.662
0.196143
0.662
0.398062
0.40868
0.662
0.382456
0.662
0.662
0.189708
0.340656
0.662
0.662
0.662
0.662
0.0299559
0.662
0.519617
0.405884
0.662
0.268261
0.0622607
0.10798
0.19011
0.0714238
0.297409
0.662
0.662
0.662
0.426427
0.182618
0.662
0.634943
0.662
0.459879
0.171298
0.662
0.662
0.416817
0.662
0.0852021
0.187318
0.662
0.662
0.184459
0.189191
0.117966
0.662
0.429109
0.206861
0.449163
0.0878379
0.567115
0.662
0.602576
0.662
0.345744
0.108992
0.232901
0.369547
0.662
0.662
0.241376
0.427537
0.662
0.662
0.662
0.662
0.247407
0.662
0.105604
0.497163
0.108913
0.372194
0.116166
0.153356
0.330879
0.247154
0.125516
0.261791
0.662
0.164575
0.396222
0.400767
0.662
0.662
0.662
0.487277
0.44343
0.38997
0.244561
0.375211
0.662
0.45637
0.169747
0.662
0.49412
0.338785
0.364021
0.00295836
0.408049
0.421334
0.105444
0.662
0.662
0.143179
0.662
0.662
0.202335
0.0473778
0.0382653
0.164412
0.662
0.0592876
0.662
0.146448
0.317358
0.254996
0.662
0.662
0.324275
0.230009
0.130656
0.662
0.116608
0.662
0.175927
0.213372
0.504489
0.662
0.433865
0.258692
0.662
0.662
0.293334
0.662
0.662
0.642952
0.662
0.658459
0.0465827
0.119367
0.305022
0.585862
0.294127
0.662
0.435435
0.189156
0.226609
0.3029
0.662
0.214082
0.228259
0.2039
0.662
0.662
0.655161
0.0414781
0.184801
0.662
0.283175
0.662
0.237301
0.362516
0.225359
0.325651
0.662
0.148521
0.216541
0.181883
0.165242
0.120592
0.662
0.282192
0.662
0.475375
0.177521
0.662
0.662
0.439521
0.312686
0.660163
0.662
0.662
0.400806
0.24996
0.662
0.532804
0.395448
0.189318
0.474981
0.096301
0.618107
0.26676
0.662
0.234992
0.662
0.225797
0.662
0.0993443
0.237543
0.662
0.114462
0.662
0.662
0.662
0.662
0.476759
0.231121
0.456923
0.662
0.44374
0.304354
0.138784
0.662
0.0225722
0.47686
0.361848
0.662
0.662
0.451678
0.662
0.662
0.570604
0.207088
0.133482
0.662
0.327593
0.662
0.450722
0.291761
0.616894
0.0907098
0.190589
0.662
0.22308
0.270628
0.662
0.08238
0.308499
0.458124
0.662
0.320094
0.662
0.662
0.24819
0.184948
0.232585
0.479394
0.192181
0.662
0.662
0.10442
0.419538
0.662
0.662
0.662
0.662
0.427921
0.169615
0.119686
0.662
0.662
0.162373
0.450737
0.33653
0.662
0.662
0.252029
0.662
0.662
0.662
0.662
0.160772
0.340424
0.662
0.24105
0.662
0.0785992
0.259044
0.196743
0.662
0.468515
0.46623
0.0184146
0.520277
0.171293
0.662
0.662
0.144116
0.433681
0.324224
0.142979
0.259204
0.240139
0.662
0.662
0.151398
0.23212
0.662
0.473361
0.253989
0.421514
0.332494
0.126512
0.662
0.662
0.472682
0.303679
0.662
0.618977
0.156729
0.662
0.181017
0.201876
0.219878
0.44029
0.298092
0.284246
0.662
0.37718
0.662
0.183675
0.662
0.662
0.199723
0.662
0.662
0.354506
0.118986
0.203378
0.13286
0.364879
0.658244
0.0014529
0.299028
0.239158
0.313362
0.215909
0.225972
0.0105748
0.662
0.13038
0.135571
0.186253
0.662
0.662
0.662
0.662
0.373116
0.0687897
0.662
0.662
0.662
0.662
0.662
0.229937
0.171406
0.107909
0.464446
0.662
0.211742
0.304721
0.15395
0.662
0.662
0.382786
0.662
0.421607
0.231869
0.178417
0.41911
0.0596153
0.662
0.408869
0.662
0.337465
0.16974
0.662
0.143041
0.228866
0.662
0.180283
0.662
0.662
0.662
0.502401
0.662
0.662
0.662
0.226756
0.662
0.662
0.173942
0.662
0.543249
0.485016
0.391812
0.25689
0.662
0.662
0.584519
0.24792
0.282493
0.437338
0.662
0.00753449
0.44777
0.463556
0.662
0.127473
0.336292
0.214021
0.0884391
0.0609947
0.00522863
0.0425393
0.12837
0.189875
0.206125
0.662
0.662
0.0405296
0.272719
0.0634568
0.191685
0.0907269
0.662
0.251463
0.475887
0.662
0.662
0.246468
0.662
0.662
0.0929761
0.662
0.131826
0.662
0.662
0.662
0.172272
0.322514
0.169536
0.370234
0.662
0.241029
0.662
0.234566
0.0196282
0.442001
0.662
0.662
0.662
0.662
0.662
0.306302
0.662
0.207531
0.236388
0.190325
0.113521
0.662
0.0865747
0.376886
0.399923
0.359768
0.56903
0.662
0.662
0.662
0.662
0.472422
0.662
0.662
0.662
0.662
0.428019
0.662
0.662
0.432264
0.29313
0.662
0.662
0.320999
0.588142
0.662
0.403933
0.296946
0.306743
0.109161
0.662
0.662
0.662
0.662
0.455692
0.395689
0.119474
0.662
0.662
0.132767
0.662
0.184765
0.394337
0.662
0.662
0.662
0.400895
0.662
0.170206
0.141213
0.221645
0.662
0.343211
0.662
0.258138
0.226029
0.0378136
0.662
0.139367
0.662
0.244389
0.165444
0.535709
0.257373
0.662
0.235428
0.662
0.662
0.662
0.662
0.228446
0.362238
0.662
0.662
0.206025
0.662
0.255183
0.662
0.157633
0.662
0.422325
0.624024
0.662
0.662
0.272161
0.662
0.239099
0.662
0.297196
0.662
0.662
0.502991
0.250969
0.662
0.024813
0.0840925
0.662
0.662
0.534698
0.128769
0.32875
0.662
0.182892
0.662
0.662
0.662
0.119406
0.0361932
0.358388
0.662
0.64474
0.361628
0.662
0.00225509
0.662
0.237987
0.662
0.151395
0.662
0.528457
0.662
0.535143
0.276179
0.194376
0.115795
0.187072
0.338904
0.662
0.537086
0.318999
0.022772
0.20162
0.289319
0.662
0.662
0.216541
0.662
0.662
0.20736
0.662
0.324387
0.465017
0.303025
0.298514
0.292975
0.203873
0.662
0.662
0.662
0.254517
0.662
0.662
0.188217
0.398063
0.114143
0.662
0.0890058
0.117877
0.0909137
0.0664217
0.662
0.662
0.603618
0.662
0.662
0.278017
0.662
0.662
0.453244
0.662
0.306391
0.22299
0.0930933
0.449152
0.662
0.243432
0.0403224
0.662
0.317825
0.662
0.377272
0.662
0.506802
0.662
0.224903
0.322877
0.413994
0.5596
0.204613
0.27095
0.662
0.164016
0.471299
0.662
0.326556
0.662
0.260271
0.0147412
0.662
0.662
0.662
0.328882
0.0476029
0.206112
0.278418
0.466146
0.0967068
0.662
0.241764
0.662
0.662
0.662
0.203663
0.0937704
0.662
0.237261
0.662
0.662
0.413561
0.662
0.0877515
0.662
0.662
0.220322
0.662
0.662
0.662
0.622024
0.662
0.662
0.662
0.423484
0.292406
0.185852
0.662
0.662
0.662
0.0902343
0.662
0.310169
0.662
0.662
0.053894
0.298357
0.662
0.457293
0.394161
0.586634
0.662
0.0872424
0.186824
0.662
0.440131
0.595617
0.314889
0.44176
0.662
0.473698
0.264978
0.00789341
0.662
0.0604647
0.662
0.280187
0.662
0.460355
0.246028
0.580225
0.310869
0.461644
0.662
0.0550604
0.662
0.662
0.0760546
0.662
0.662
0.186372
0.662
0.481351
0.0483995
0.359121
0.186723
0.662
0.662
0.356409
0.662
0.414438
0.12278
0.662
0.662
0.186322
0.246555
0.423771
0.662
0.345192
0.265087
0.662
0.662
0.443341
0.662
0.662
0.249089
0.662
0.662
0.613539
0.4391
0.662
0.203566
0.26579
0.135969
0.246663
0.289276
0.662
0.0779894
0.121825
0.662
0.662
0.365689
0.662
0.662
0.199383
0.104655
0.662
0.197822
0.394321
0.662
0.585418
0.335545
0.662
0.662
0.662
0.171834
0.662
0.480619
0.0337477
0.662
0.232298
0.274464
0.136556
0.51223
0.231719
0.662
0.407693
0.662
0.662
0.383332
0.0231538
0.352268
0.527604
0.662
0.420736
0.662
0.00290377
0.424797
0.382243
0.0648158
0.402227
0.662
0.662
0.232419
0.662
0.662
0.12531
0.662
0.662
0.357104
0.662
0.662
0.662
0.387401
0.247341
0.266134
0.662
0.662
0.662
0.134349
0.662
0.662
0.18383
0.47655
0.662
0.258167
0.662
0.106633
0.662
0.185788
0.266072
0.662
0.662
0.278349
0.214166
0.662
0.662
0.662
0.662
0.662
0.662
0.102361
0.662
0.219228
0.662
0.219744
0.504603
0.207662
0.198918
0.662
0.189817
0.195455
0.662
0.662
0.662
0.192836
0.662
0.0112113
0.229519
0.217115
0.226331
0.662
0.662
0.251401
0.421849
0.119646
0.662
0.662
0.466555
0.662
0.662
0.402427
0.228072
0.0283043
0.0766444
0.0605767
0.25473
0.662
0.254724
0.149366
0.248267
0.0960376
0.375755
0.662
0.662
0.141501
0.189249
0.0505638
0.662
0.61197
0.653659
0.662
0.662
0.031358
0.662
0.662
0.662
0.298071
0.662
0.662
0.662
0.0571754
0.380822
0.662
0.662
0.56402
0.241418
0.0218061
0.662
0.4605
0.225521
0.511648
0.662
0.32275
0.324725
0.662
0.662
0.213053
0.442963
0.401184
0.662
0.465561
0.0367759
0.215363
0.462875
0.662
0.49358
0.285822
0.322501
0.146418
0.383003
0.0474295
0.270388
0.662
0.419197
0.662
0.536631
0.409283
0.241146
0.464623
0.589816
0.460346
0.26955
0.053002
0.662
0.364966
0.662
0.301079
0.366625
0.0832439
0.662
0.137041
0.662
0.233053
0.306709
0.662
0.662
0.662
0.19098
0.192671
0.00460061
0.149546
0.662
0.327817
0.662
0.662
0.0944637
0.662
0.662
0.0194672
0.662
0.514406
0.099874
0.462781
0.662
0.137387
0.0897694
0.492202
0.662
0.350998
0.662
0.229338
0.0146318
0.662
0.415205
0.313133
0.662
0.662
0.421456
0.0693106
0.662
0.662
0.662
0.227208
0.25348
0.137635
0.0599747
0.662
0.662
0.0469158
0.210789
0.662
0.43125
0.0435433
0.252102
0.662
0.298396
0.483009
0.662
0.662
0.363091
0.369668
0.143295
0.662
0.165302
0.38515
0.662
0.411006
0.662
0.662
0.312046
0.662
0.0397259
0.662
0.457172
0.662
0.0917943
0.0240841
0.662
0.525971
0.662
0.662
0.261723
0.662
0.10191
0.662
0.331605
0.662
0.662
0.662
0.0946917
0.662
0.216591
0.0459027
0.113669
0.662
0.0268702
0.242311
0.662
0.662
0.662
0.136118
0.11055
0.662
0.662
0.155873
0.662
0.192684
0.14958
0.662
0.616103
0.457722
0.20547
0.662
0.662
0.39439
0.106932
0.662
0.209987
0.662
0.216424
0.609968
0.662
0.662
0.0363942
0.548907
0.662
0.221138
0.391831
0.662
0.662
0.430491
0.161355
0.195926
0.662
0.662
0.131153
0.275084
0.0242653
0.662
0.662
0.0531647
0.246695
0.219141
0.662
0.662
0.662
0.662
0.437276
0.289397
0.117424
0.662
0.662
0.662
0.662
0.609981
0.42662
0.244648
0.145039
0.662
0.662
0.540771
0.118145
0.662
0.236985
0.662
0.285211
0.662
0.0890254
0.0752542
0.662
0.662
0.0188649
0.662
0.283256
0.40554
0.0911476
0.474358
0.662
0.662
0.662
0.662
0.662
0.060229
0.662
0.233021
0.662
0.460882
0.402985
0.662
0.646188
0.187548
0.600117
0.662
0.662
0.413026
0.33733
0.662
0.235775
0.274712
0.662
0.140966
0.191648
0.662
0.344314
0.662
0.049017
0.22696
0.450153
0.261443
0.206621
0.385455
0.662
0.662
0.0675899
0.173669
0.0318948
0.105417
0.435532
0.662
0.00435992
0.249262
0.159026
0.662
0.0456838
0.662
0.662
0.662
0.431754
0.247309
0.662
0.209423
0.102032
0.0720784
0.400832
0.662
0.662
0.288554
0.662
0.20838
0.47936
0.474632
0.662
0.662
0.662
0.662
0.662
0.662
0.470572
0.289023
0.15193
0.662
0.0677852
0.138263
0.662
0.435211
0.662
0.13692
0.233311
0.662
0.11649
0.408126
0.209839
0.0849786
0.328236
0.662
0.314156
0.454676
0.170135
0.199709
0.662
0.662
0.662
0.662
0.233359
0.501427
0.662
0.314169
0.327553
0.488351
0.521283
0.662
0.662
0.662
0.662
0.662
0.662
0.662
0.290429
0.662
0.142051
0.399778
0.236574
0.475681
0.0845722
0.0160488
0.662
0.109064
0.0719319
0.662
0.00307169
0.246599
0.276457
0.272741
0.662
0.455434
0.662
0.292314
0.345439
0.0462083
0.313442
0.139782
0.141612
0.131786
0.113346
0.662
0.263265
0.198882
0.462431
0.315008
0.490937
0.662
0.307726
0.662
0.662
0.0110942
0.156161
0.603573
0.26182
0.662
0.0924543
0.205247
0.662
0.662
0.662
0.662
0.662
0.539099
0.662
0.525736
0.476791
0.18778
0.662
0.183406
0.662
0.662
0.140924
0.407273
0.229641
0.46584
0.284098
0.662
0.662
0.662
0.359924
0.662
0.662
0.172717
0.662
0.330051
0.186093
0.150337
0.181602
0.662
0.173405
0.288466
0.662
0.409488
0.162925
0.662
0.405831
0.150352
0.318938
0.662
0.156668
0.157149
0.11825
0.185397
0.662
0.168435
0.662
0.273097
0.451275
0.192155
0.474809
0.662
0.662
0.290293
0.662
0.285747
0.201956
0.0496514
0.0673587
0.564276
0.101205
0.662
0.104105
0.232999
0.432868
0.116129
0.662
0.162998
0.415729
0.228836
0.662
0.662
0.662
0.662
0.662
0.662
0.130414
0.662
0.662
0.662
0.662
0.662
0.0560304
0.130489
0.304318
0.0725855
0.662
0.193084
0.0875996
0.475139
0.451805
0.662
0.321859
0.662
0.662
0.0370135
0.144916
0.179411
0.566281
0.662
0.257339
0.547247
0.662
0.662
0.662
0.166382
0.662
0.343739
0.472095
0.399214
0.662
0.152616
0.277815
0.625423
0.619084
0.662
0.662
0.649676
0.178462
0.662
0.263368
0.662
0.253146
0.662
0.0627049
0.257317
0.461443
0.518835
0.662
0.662
0.662
0.404772
0.0569995
0.519829
0.313814
0.662
0.492634
0.662
0.229345
0.304275
0.12504
0.662
0.662
0.370987
0.662
0.662
0.662
0.117179
0.528254
0.662
0.206604
0.662
0.662
0.584078
0.662
0.662
0.662
0.165917
0.662
0.662
0.662
0.662
0.30849
0.662
0.460489
0.0417863
0.318523
0.638827
0.356557
0.662
0.496246
0.662
0.112979
0.085638
0.662
0.662
0.662
0.502117
0.662
0.149198
0.662
0.284443
0.0539053
0.303804
0.662
0.09464
0.662
0.239162
0.492743
0.490053
0.225264
0.662
0.662
0.021484
0.193429
0.662
0.662
0.662
0.0969174
0.3494
0.0489615
0.154455
0.104326
0.102049
0.266037
0.167041
0.315956
0.231159
0.117195
0.0190244
0.662
0.662
0.662
0.20582
0.0283854
0.662
0.124255
0.146695
0.662
0.662
0.662
0.127451
0.662
0.0318738
0.356303
0.662
0.157859
0.662
0.410397
0.326407
0.662
0.480767
0.19
0.662
0.215759
0.662
0.662
0.662
0.464347
0.662
0.662
0.662
0.662
0.662
0.256902
0.394071
0.662
0.319817
0.020503
0.662
0.662
0.662
0.423997
0.662
0.662
0.0893545
0.0665762
0.16198
0.662
0.412165
0.131252
0.662
0.318993
0.287337
0.258236
0.451217
0.443785
0.662
0.107963
0.662
0.0363448
0.296979
0.138215
0.424469
0.662
0.662
0.662
0.0524056
0.622527
0.17857
0.264393
0.662
0.662
0.662
0.279561
0.409134
0.662
0.329599
0.629763
0.662
0.117977
0.291404
0.15121
0.662
0.662
0.662
0.662
0.462539
0.355104
0.389405
0.662
0.26543
0.662
0.662
0.662
0.662
0.251801
0.0953684
0.192668
0.313483
0.662
0.172882
0.195296
0.662
0.0571578
0.594908
0.195742
0.662
0.662
0.10219
0.177544
0.662
0.418897
0.211807
0.662
0.223801
0.662
0.170918
0.224608
0.0403518
0.0192892
0.0994199
0.404543
0.662
0.551734
0.662
0.662
0.662
0.662
0.126777
0.355479
0.662
0.0292209
0.382307
0.662
0.662
0.0117714
0.288999
0.662
0.662
0.194379
0.342438
0.662
0.570001
0.284959
0.662
0.476202
0.342612
0.662
0.662
0.662
0.0516839
0.662
0.612645
0.662
0.27598
0.662
0.662
0.366372
0.662
0.193144
0.662
0.662
0.662
0.162572
0.0211524
0.662
0.662
0.051572
0.662
0.662
0.143663
0.28008
0.662
0.104905
0.662
0.426621
0.662
0.026816
0.662
0.662
0.342708
0.662
0.662
0.662
0.370357
0.662
0.160908
0.458467
0.662
0.662
0.329035
0.217936
0.466222
0.503181
0.662
0.662
0.254285
0.662
0.662
0.243343
0.662
0.662
0.330445
0.285185
0.662
0.320286
0.662
0.662
0.662
0.662
0.662
0.432906
0.474305
0.662
0.662
0.662
0.662
0.382958
0.662
0.182158
0.0984324
0.662
0.662
0.662
0.478443
0.27806
0.6263
0.113084
0.22731
0.662
0.392142
0.609222
0.418002
0.335013
0.286444
0.310595
0.544924
0.662
0.662
0.256323
0.662
0.662
0.534472
0.662
0.297982
0.178118
0.14501
0.662
0.365159
0.662
0.195531
0.198075
0.662
0.0770247
0.628982
0.662
0.206531
0.662
0.464288
0.52981
0.628982
0.300741
0.159567
0.662
0.397536
0.662
0.662
0.662
0.0797754
0.0853447
0.168325
0.529635
0.35746
0.662
0.0940272
0.662
0.356321
0.187236
0.371379
0.662
0.662
0.469788
0.662
0.662
0.569828
0.662
0.0177635
0.662
0.662
0.108221
0.662
0.225059
0.463361
0.14542
0.662
0.662
0.662
0.662
0.255169
0.346216
0.662
0.248208
0.152893
0.662
0.404833
0.313758
0.20087
0.204363
0.267155
0.662
0.103473
0.441591
0.647791
0.662
0.184991
0.662
0.473888
0.58418
0.662
0.238778
0.227172
0.469209
0.131586
0.662
0.289184
0.662
0.231624
0.291869
0.662
0.379093
0.662
0.343238
0.662
0.662
0.34902
0.662
0.662
0.269661
0.0236614
0.662
0.6213
0.662
0.662
0.662
0.320947
0.11199
0.151455
0.221079
0.662
0.662
0.662
0.146155
0.1702
0.662
0.571087
0.0686398
0.292805
0.21503
0.120098
0.662
0.244693
0.662
0.662
0.662
0.0781031
0.662
0.662
0.662
0.235966
0.141784
0.662
0.3215
0.0971285
0.230294
0.598648
0.662
0.187285
0.662
0.662
0.315176
0.255499
0.346553
0.662
0.662
0.193817
0.10124
0.145191
0.662
0.46151
0.630017
0.662
0.138723
0.255861
0.287485
0.084899
0.662
0.321875
0.399596
0.662
0.662
0.662
0.197329
0.662
0.662
0.126639
0.662
0.662
0.662
0.439884
0.662
0.019651
0.207776
0.103716
0.284338
0.365198
0.271474
0.126511
0.350731
0.662
0.615733
0.662
0.662
0.268232
0.0804114
0.662
0.662
0.662
0.425524
0.662
0.662
0.662
0.0817175
0.205853
0.32917
0.662
0.396499
0.662
0.662
0.0987832
0.422207
0.662
0.318693
0.301662
0.662
0.451081
0.482415
0.199268
0.234677
0.662
0.120535
0.13292
0.458297
0.662
0.342947
0.180529
0.662
0.547069
0.2993
0.662
0.210732
0.302793
0.0579504
0.468097
0.662
0.662
0.232915
0.158033
0.0201492
0.578262
0.330349
0.0491157
0.662
0.254895
0.206754
0.662
0.662
0.662
0.254719
0.281408
0.492405
0.285443
0.121215
0.183882
0.662
0.445749
0.195588
0.662
0.276733
0.423484
0.662
0.194185
0.122943
0.662
0.411692
0.662
0.445451
0.386378
0.662
0.264125
0.103372
0.662
0.662
0.662
0.163128
0.239416
0.342369
0.662
0.11444
0.437261
0.150296
0.168326
0.373277
0.474964
0.146548
0.662
0.662
0.230707
0.0567829
0.165056
0.662
0.662
0.0918618
0.437436
0.48414
0.662
0.557902
0.662
0.295634
0.422042
0.662
0.19324
0.464704
0.662
0.662
0.226975
0.436262
0.33439
0.662
0.327535
0.662
0.125399
0.662
0.211539
0.330029
0.662
0.662
0.268521
0.153494
0.19166
0.151374
0.270328
0.662
0.662
0.662
0.662
0.662
0.528445
0.662
0.662
0.662
0.662
0.238658
0.200893
0.287176
0.621444
0.662
0.662
0.383289
0.0821954
0.662
0.540517
0.474567
0.371096
0.2968
0.475423
0.662
0.188288
0.662
0.118558
0.662
0.430845
0.662
0.662
0.228875
0.388849
0.19752
0.298258
0.187379
0.324237
0.407406
0.0243017
0.662
0.184775
0.662
0.294535
0.0332454
0.315197
0.484476
0.297105
0.088071
0.662
0.207025
0.399539
0.114797
0.662
0.065142
0.148736
0.0594746
0.662
0.510104
0.538884
0.269137
0.662
0.0617061
0.662
0.662
0.662
0.662
0.278707
0.489249
0.330727
0.00110603
0.205444
0.503577
0.662
0.662
0.307712
0.421939
0.662
0.662
0.662
0.197645
0.313083
0.17783
0.662
0.662
0.572852
0.0555673
0.206105
0.467509
0.429294
0.662
0.259816
0.662
0.160301
0.361314
0.327113
0.090726
0.629763
0.662
0.361481
0.662
0.662
0.556274
0.308108
0.440482
0.662
0.662
0.327875
0.167934
0.378904
0.00894029
0.56055
0.662
0.120078
0.662
0.662
0.662
0.389019
0.173141
0.319775
0.206521
0.662
0.662
0.662
0.242492
0.310256
0.159161
0.474021
0.279942
0.662
0.312138
0.390981
0.299203
0.226573
0.662
0.662
0.131991
0.417485
0.662
0.662
0.662
0.662
0.459749
0.206477
0.662
0.662
0.662
0.662
0.655684
0.185102
0.186094
0.422563
0.662
0.662
0.662
0.593798
0.389971
0.0706465
0.662
0.662
0.318357
0.302613
0.662
0.662
0.409692
0.337616
0.554609
0.662
0.662
0.662
0.618233
0.171849
0.250641
0.649859
0.662
0.662
0.117664
0.212621
0.662
0.136397
0.017961
0.662
0.662
0.662
0.0580877
0.59047
0.100428
0.662
0.301423
0.126547
0.662
0.662
0.206233
0.286342
0.423767
0.234592
0.143335
0.662
0.662
0.662
0.662
0.333679
0.206228
0.198555
0.335509
0.216754
0.12725
0.662
0.562015
0.662
0.143239
0.662
0.169234
0.662
0.246103
0.406351
0.662
0.131931
0.662
0.662
0.662
0.577083
0.662
0.306571
0.662
0.662
0.619787
0.662
0.662
0.342272
0.179769
0.457415
0.662
0.662
0.662
0.494711
0.662
0.662
0.381384
0.662
0.325143
0.0729373
0.662
0.577139
0.397635
0.280957
0.662
0.231209
0.662
0.662
0.275941
0.147561
0.662
0.662
0.318818
0.662
0.0363254
0.299688
0.662
0.162207
0.111828
0.662
0.355461
0.255722
0.662
0.662
0.216801
0.139672
0.662
0.662
0.662
0.446053
0.107013
0.136138
0.475722
0.200686
0.405318
0.100418
0.0880519
0.486959
0.211269
0.662
0.448301
0.131156
0.118086
0.606816
0.0741323
0.442666
0.134937
0.422476
0.190667
0.30666
0.662
0.236952
0.662
0.662
0.166797
0.304691
0.662
0.662
0.200715
0.652077
0.131199
0.662
0.358703
0.662
0.369515
0.390189
0.662
0.474187
0.662
0.577734
0.662
0.162644
0.188309
0.141896
0.662
0.117065
0.214793
0.662
0.662
0.662
0.662
0.222077
0.662
0.36287
0.205979
0.433725
0.25277
0.662
0.311288
0.662
0.563548
0.662
0.332736
0.279444
0.0552767
0.662
0.662
0.209291
0.662
0.662
0.662
0.392867
0.18684
0.662
0.662
0.0545235
0.037197
0.0679767
0.302832
0.184184
0.662
0.662
0.145728
0.662
0.146121
0.256468
0.240933
0.112224
0.190486
0.0848594
0.262801
0.662
0.499671
0.662
0.149951
0.271843
0.662
0.348616
0.662
0.232658
0.662
0.199601
0.287812
0.662
0.167697
0.0385483
0.662
0.0360397
0.509372
0.662
0.662
0.662
0.109104
0.199998
0.429193
0.220716
0.164754
0.382469
0.172585
0.274766
0.662
0.120147
0.177271
0.662
0.662
0.260315
0.0374353
0.662
0.662
0.662
0.662
0.662
0.258301
0.662
0.168938
0.21879
0.284043
0.253111
0.601415
0.350747
0.518053
0.662
0.662
0.662
0.311166
0.303385
0.077292
0.662
0.037034
0.162629
0.662
0.662
0.0470937
0.662
0.662
0.0851893
0.662
0.662
0.662
0.177478
0.564658
0.229621
0.498295
0.662
0.662
0.3592
0.0900488
0.430668
0.662
0.408977
0.15038
0.662
0.519397
0.282645
0.305619
0.611686
0.662
0.314869
0.662
0.406548
0.198977
0.228769
0.104288
0.662
0.662
0.662
0.104369
0.662
0.662
0.101348
0.536889
0.227099
0.662
0.290274
0.662
0.150612
0.318489
0.150085
0.326844
0.277594
0.256528
0.662
0.111541
0.20337
0.107985
0.21924
0.347393
0.300134
0.247921
0.247356
0.127294
0.510029
0.662
0.662
0.408125
0.432375
0.292255
0.323453
0.289679
0.662
0.254157
0.0904316
0.662
0.57994
0.0358878
0.662
0.00592313
0.12309
0.662
0.662
0.234761
0.421234
0.314115
0.662
0.662
0.190566
0.194896
0.496664
0.662
0.0893259
0.0775324
0.662
0.221747
0.662
0.662
0.662
0.662
0.205675
0.662
0.169369
0.662
0.197623
0.188719
0.310422
0.239816
0.205243
0.315374
0.47514
0.384928
0.662
0.662
0.662
0.333021
0.662
0.662
0.211947
0.662
0.318207
0.662
0.196279
0.538782
0.662
0.306545
0.111781
0.0273218
0.432581
0.649338
0.185624
0.25183
0.662
0.13032
0.439914
0.130749
0.0113036
0.662
0.0250145
0.363276
0.00449852
0.662
0.575271
0.469335
0.662
0.662
0.123991
0.33693
0.42097
0.662
0.250599
0.159428
0.662
0.662
0.320987
0.254039
0.199193
0.0992809
0.16466
0.00690792
0.548751
0.640718
0.435593
0.662
0.299087
0.125657
0.0971327
0.170145
0.205425
0.40298
0.11056
0.327325
0.250509
0.662
0.447262
0.662
0.662
0.662
0.113455
0.230901
0.202125
0.413147
0.662
0.662
0.662
0.662
0.662
0.662
0.224831
0.662
0.662
0.13664
0.025701
0.19207
0.662
0.399769
0.662
0.388856
0.662
0.662
0.662
0.148906
0.263565
0.3314
0.327981
0.662
0.373602
0.633694
0.163632
0.662
0.662
0.37076
0.662
0.662
0.0490787
0.662
0.662
0.387223
0.662
0.662
0.0889731
0.662
0.472275
0.205835
0.363893
0.662
0.268603
0.662
0.662
0.662
0.662
0.099182
0.422984
0.285319
0.189972
0.228249
0.042131
0.662
0.662
0.166309
0.662
0.553399
0.196774
0.662
0.207827
0.662
0.662
0.39388
0.662
0.124886
0.0548944
0.192976
0.241363
0.340315
0.662
0.662
0.158458
0.0329346
0.662
0.151731
0.134036
0.371757
0.662
0.662
0.662
0.280964
0.246889
0.290808
0.662
0.662
0.134685
0.23383
0.191361
0.662
0.648015
0.319365
0.296524
0.0379419
0.662
0.409002
0.0963622
0.662
0.326845
0.662
0.532845
0.432078
0.276811
0.662
0.096011
0.21871
0.170733
0.374251
0.662
0.147622
0.374564
0.383405
0.662
0.37971
0.662
0.662
0.210419
0.145844
0.662
0.662
0.662
0.424729
0.662
0.662
0.189155
0.643862
0.662
0.524781
0.361832
0.662
0.662
0.662
0.194866
0.291412
0.281406
0.662
0.0362521
0.104863
0.257882
0.647949
0.662
0.662
0.662
0.192796
0.472295
0.662
0.500333
0.662
0.020614
0.453782
0.349582
0.65948
0.380893
0.235231
0.662
0.427984
0.662
0.0216056
0.662
0.662
0.662
0.662
0.349416
0.205491
0.315937
0.44023
0.248925
0.240786
0.662
0.662
0.383679
0.662
0.449076
0.662
0.194037
0.252273
0.287863
0.662
0.383756
0.176504
0.65245
0.00570873
0.662
0.0144425
0.662
0.0524924
0.288026
0.306819
0.651965
0.662
0.493338
0.662
0.662
0.0833404
0.662
0.662
0.662
0.283994
0.0760901
0.0602045
0.330089
0.662
0.662
0.293971
0.662
0.662
0.579657
0.24232
0.662
0.347918
0.191608
0.662
0.662
0.516254
0.662
0.219761
0.134256
0.294984
0.510629
0.662
0.489657
0.662
0.254074
0.00738989
0.196235
0.171615
0.662
0.310227
0.662
0.405983
0.232151
0.249635
0.662
0.229118
0.193312
0.662
0.237963
0.260093
0.319982
0.140317
0.475588
0.325495
0.469104
0.279679
0.058184
0.350511
0.0595581
0.662
0.2345
0.283021
0.662
0.662
0.261373
0.113839
0.0801326
0.660038
0.347512
0.23906
0.35686
0.662
0.0649483
0.212635
0.124451
0.43279
0.662
0.662
0.662
0.662
0.327056
0.0315084
0.174379
0.274372
0.448423
0.0302308
0.662
0.475968
0.278546
0.662
0.47472
0.662
0.425765
0.234907
0.229117
0.662
0.213278
0.258632
0.191584
0.0186142
0.472163
0.03832
0.662
0.46461
0.662
0.170836
0.406161
0.487402
0.540551
0.184489
0.247947
0.662
0.158931
0.243054
0.662
0.262119
0.662
0.662
0.662
0.187395
0.373776
0.320836
0.662
0.22145
0.226257
0.556642
0.159367
0.297928
0.662
0.192981
0.195232
0.662
0.569626
0.210362
0.291283
0.0295078
0.331051
0.662
0.24626
0.394736
0.662
0.228007
0.371871
0.433851
0.608737
0.662
0.213305
0.213538
0.662
0.662
0.662
0.662
0.357246
0.662
0.370186
0.344455
0.662
0.451378
0.467766
0.27189
0.156921
0.443809
0.166907
0.662
0.625544
0.662
0.662
0.396404
0.389848
0.662
0.290747
0.270032
0.252707
0.226308
0.662
0.016489
0.631542
0.393624
0.662
0.0603563
0.662
0.662
0.662
0.662
0.0812092
0.662
0.662
0.226725
0.297541
0.504793
0.297097
0.662
0.206372
0.280943
0.128417
0.662
0.63339
0.154776
0.662
0.267204
0.662
0.662
0.609604
0.34769
0.275284
0.13327
0.401498
0.662
0.135002
0.424926
0.662
0.299578
0.662
0.662
0.345127
0.411856
0.268143
0.195418
0.183281
0.236429
0.435843
0.662
0.662
0.662
0.662
0.157736
0.314109
0.240733
0.273888
0.662
0.662
0.197917
0.457972
0.662
0.311549
0.0202781
0.417679
0.15187
0.046507
0.297581
0.201395
0.330697
0.148569
0.523161
0.374894
0.662
0.347044
0.662
0.491368
0.662
0.377892
0.662
0.275904
0.662
0.662
0.662
0.135843
0.662
0.196728
0.662
0.094899
0.662
0.662
0.662
0.273086
0.662
0.252942
0.402722
0.262357
0.662
0.621928
0.465791
0.662
0.662
0.662
0.241391
0.662
0.662
0.137574
0.312561
0.662
0.662
0.273748
0.662
0.662
0.316187
0.286923
0.371343
0.555501
0.28949
0.333715
0.662
0.650677
0.0930593
0.0706733
0.662
0.214217
0.174213
0.224661
0.662
0.0807135
0.662
0.662
0.323368
0.0534075
0.417377
0.0985298
0.086754
0.57718
0.161349
0.336391
0.662
0.40169
0.662
0.263606
0.382186
0.426532
0.662
0.293472
0.662
0.506865
0.662
0.12488
0.662
0.192655
0.200726
0.457562
0.240828
0.236438
0.662
0.283789
0.662
0.215625
0.662
0.662
0.307758
0.0118588
0.662
0.662
0.473428
0.354353
0.662
0.662
0.662
0.662
0.305747
0.225882
0.662
0.662
0.662
0.662
0.662
0.662
0.662
0.166012
0.662
0.188048
0.662
0.163452
0.368635
0.662
0.662
0.452506
0.149083
0.11312
0.662
0.222125
0.569504
0.182133
0.662
0.352682
0.662
0.459547
0.450063
0.0342928
0.662
0.00715293
0.641797
0.662
0.0246221
0.397499
0.55803
0.662
0.461382
0.288587
0.449712
0.36204
0.358102
0.55589
0.278928
0.662
0.662
0.662
0.662
0.163519
0.128609
0.662
0.1215
0.470573
0.306159
0.422372
0.662
0.662
0.351627
0.662
0.464355
0.441143
0.662
0.461701
0.221558
0.17948
0.284108
0.208345
0.662
0.642081
0.662
0.521068
0.185754
0.662
0.0299331
0.389234
0.16645
0.662
0.124274
0.662
0.103399
0.662
0.0214539
0.338738
0.133263
0.423893
0.662
0.138862
0.04953
0.407498
0.662
0.176644
0.223035
0.29662
0.662
0.0353447
0.662
0.662
0.662
0.662
0.253147
0.192709
0.662
0.662
0.662
0.154666
0.662
0.662
0.662
0.662
0.361289
0.521204
0.662
0.40208
0.617479
0.662
0.339947
0.662
0.190649
0.0469982
0.662
0.662
0.454736
0.255774
0.548565
0.662
0.234378
0.662
0.390504
0.243128
0.662
0.662
0.234634
0.214644
0.662
0.599458
0.203023
0.368483
0.662
0.308455
0.662
0.150806
0.662
0.662
0.445489
0.662
0.662
0.360652
0.662
0.662
0.275328
0.133729
0.194138
0.662
0.147606
0.163858
0.662
0.662
0.662
0.662
0.662
0.662
0.332083
0.0719788
0.662
0.236228
0.662
0.190511
0.427197
0.195843
0.529786
0.220136
0.662
0.240021
0.662
0.517908
0.662
0.475415
0.662
0.662
0.210763
0.581361
0.384488
0.178278
0.209797
0.662
0.662
0.0514634
0.243727
0.662
0.284024
0.319832
0.662
0.430381
0.662
0.662
0.226784
0.662
0.130666
0.477624
0.662
0.662
0.155045
0.565533
0.662
0.0791267
0.662
0.662
0.391058
0.411269
0.202189
0.37227
0.119531
0.319451
0.662
0.662
0.662
0.470933
0.662
0.369781
0.289416
0.325174
0.0687907
0.662
0.419755
0.662
0.662
0.49452
0.662
0.662
0.1928
0.662
0.662
0.149222
0.662
0.47155
0.222614
0.662
0.212314
0.662
0.187224
0.662
0.662
0.246833
0.382481
0.47854
0.662
0.662
0.662
0.635974
0.633693
0.38656
0.00518159
0.457661
0.662
0.228635
0.189089
0.662
0.39644
0.662
0.345201
0.0666416
0.662
0.449233
0.301336
0.0968718
0.208275
0.0232228
0.369075
0.472829
0.662
0.662
0.662
0.662
0.21502
0.259708
0.662
0.297332
0.0903702
0.662
0.122786
0.211478
0.323031
0.662
0.415269
0.662
0.662
0.662
0.662
0.176684
0.350584
0.450688
0.397495
0.662
0.0165366
0.379672
0.263911
0.232029
0.662
0.662
0.207364
0.301438
0.158568
0.662
0.662
0.203953
0.662
0.662
0.471558
0.396756
0.133408
0.0931787
0.255233
0.412932
0.662
0.662
0.662
0.662
0.662
0.381027
0.609323
0.0400912
0.248142
0.594138
0.055153
0.239009
0.662
0.00291833
0.662
0.662
0.662
0.659349
0.181918
0.0378377
0.228231
0.322094
0.662
0.662
0.224756
0.0496488
0.251395
0.512516
0.440667
0.274638
0.662
0.40249
0.119839
0.662
0.391432
0.662
0.205817
0.449528
0.609695
0.290264
0.329658
0.662
0.662
0.289875
0.662
0.662
0.662
0.662
0.662
0.662
0.662
0.432901
0.662
0.231016
0.179564
0.662
0.662
0.662
0.12419
0.36992
0.351324
0.0319823
0.111269
0.662
0.662
0.3295
0.245612
0.221855
0.351143
0.153204
0.201799
0.166453
0.662
0.662
0.431578
0.662
0.00962448
0.375011
0.662
0.662
0.210756
0.290633
0.662
0.662
0.550497
0.201458
0.208467
0.312956
0.275248
0.361831
0.295107
0.385327
0.312784
0.151166
0.662
0.43032
0.662
0.240227
0.224894
0.525004
0.662
0.572468
0.662
0.200187
0.662
0.662
0.602065
0.662
0.662
0.423911
0.185716
0.215678
0.356013
0.662
0.662
0.662
0.261146
0.237076
0.662
0.662
0.284312
0.11213
0.662
0.198013
0.662
0.38286
0.662
0.297882
0.164505
0.662
0.662
0.662
0.255229
0.453101
0.172491
0.244205
0.14724
0.517884
0.662
0.132637
0.0682733
0.662
0.662
0.373417
0.662
0.338603
0.397085
0.662
0.277303
0.662
0.662
0.565492
0.418223
0.662
0.11021
0.170162
0.458981
0.284877
0.662
0.0950734
0.42929
0.153883
0.475251
0.662
0.317688
0.105119
0.571312
0.662
0.662
0.527869
0.318025
0.427623
0.662
0.662
0.662
0.662
0.221963
0.249803
0.662
0.258132
0.4405
0.349318
0.190281
0.662
0.662
0.398332
0.328753
0.23937
0.662
0.296087
0.412407
0.312685
0.333304
0.432955
0.662
0.152203
0.314665
0.24335
0.235687
0.377646
0.236876
0.662
0.510636
0.278327
0.143415
0.662
0.0818261
0.662
0.662
0.18633
0.224227
0.394349
0.337019
0.371197
0.166534
0.662
0.662
0.662
0.143297
0.451533
0.293879
0.662
0.260414
0.662
0.662
0.119207
0.662
0.662
0.662
0.662
0.4472
0.00566923
0.474174
0.662
0.180347
0.138798
0.346909
0.662
0.662
0.444605
0.662
0.2154
0.662
0.662
0.31545
0.00201144
0.237711
0.436279
0.193323
0.16758
0.238922
0.662
0.117058
0.662
0.125466
0.547935
0.662
0.456574
0.133184
0.018823
0.662
0.662
0.662
0.662
0.662
0.662
0.662
0.325463
0.47483
0.662
0.27951
0.215266
0.662
0.356461
0.648311
0.662
0.662
0.420673
0.427284
0.0808349
0.662
0.392925
0.153839
0.662
0.36028
0.115659
0.180921
0.391051
0.662
0.662
0.633457
0.504782
0.457018
0.662
0.167967
0.490501
0.265599
0.0908953
0.662
0.243907
0.560817
0.662
0.0626816
0.0841011
0.662
0.461276
0.387127
0.197715
0.662
0.662
0.662
0.662
0.662
0.399263
0.438973
0.303526
0.460149
0.451073
0.662
0.0808587
0.662
0.647786
0.362973
0.662
0.662
0.294196
0.36629
0.552558
0.430489
0.662
0.198856
0.127311
0.176166
0.662
0.0847334
0.00914348
0.0846665
0.662
0.662
0.102679
0.29361
0.662
0.0757633
0.592136
0.662
0.12412
0.662
0.0351648
0.662
0.382095
0.662
0.301957
0.0876477
0.0876634
0.662
0.662
0.291387
0.662
0.0977617
0.662
0.00723382
0.159956
0.00827739
0.662
0.662
0.662
0.138497
0.429945
0.662
0.662
0.215607
0.323085
0.662
0.35956
0.63339
0.339307
0.662
0.475821
0.662
0.181878
0.4302
0.289315
0.186483
0.324349
0.662
0.662
0.143435
0.662
0.33724
0.246515
0.0486612
0.648372
0.260929
0.3404
0.662
0.221392
0.243323
0.662
0.339169
0.0272309
0.282517
0.273618
0.195278
0.230339
0.662
0.211373
0.281684
0.662
0.368752
0.477198
0.662
0.662
0.0822913
0.662
0.274162
0.421215
0.662
0.662
0.489701
0.662
0.662
0.120755
0.290801
0.199048
0.132742
0.349698
0.662
0.114802
0.28145
0.479844
0.460725
0.375872
0.662
0.662
0.292712
0.177167
0.662
0.282356
0.203917
0.475124
0.0597983
0.181137
0.662
0.109877
0.102795
0.309326
0.131728
0.662
0.295801
0.662
0.662
0.204197
0.662
0.446865
0.662
0.0922858
0.342713
0.417678
0.2326
0.353221
0.129547
0.662
0.57404
0.662
0.662
0.272222
0.662
0.307115
0.104663
0.235927
0.450179
0.485238
0.046028
0.662
0.171317
0.331747
0.662
0.662
0.283829
0.0846856
0.662
0.461783
0.662
0.662
0.404388
0.431391
0.662
0.662
0.60927
0.416337
0.662
0.662
0.662
0.528034
0.662
0.662
0.662
0.0785598
0.348224
0.472507
0.0877529
0.267101
0.134528
0.198545
0.662
0.662
0.119074
0.152979
0.662
0.662
0.217956
0.401585
0.662
0.415171
0.2089
0.662
0.080075
0.19164
0.662
0.291829
0.662
0.162043
0.365191
0.224935
0.206775
0.111516
0.662
0.119528
0.279674
0.662
0.662
0.662
0.414874
0.219211
0.662
0.167516
0.662
0.662
0.259335
0.237922
0.42665
0.0361592
0.126987
0.662
0.042958
0.662
0.662
0.137511
0.279111
0.662
0.662
0.662
0.662
0.215553
0.647359
0.662
0.143633
0.249771
0.662
0.662
0.662
0.662
0.662
0.662
0.533349
0.662
0.471515
0.275789
0.125545
0.662
0.662
0.105339
0.662
0.256933
0.662
0.662
0.616449
0.662
0.612676
0.258334
0.662
0.22173
0.662
0.490423
0.423889
0.270808
0.662
0.557803
0.662
0.0326018
0.0784184
0.662
0.230011
0.225958
0.662
0.662
0.662
0.239724
0.662
0.0268268
0.662
0.662
0.253151
0.0962393
0.662
0.662
0.307489
0.40867
0.662
0.662
0.150275
0.158017
0.163828
0.662
0.198422
0.662
0.340387
0.234777
0.662
0.662
0.29119
0.357214
0.168078
0.14537
0.326533
0.0512122
0.662
0.313231
0.411627
0.166357
0.662
0.158844
0.662
0.662
0.662
0.662
0.662
0.662
0.662
0.662
0.662
0.0382429
0.339121
0.388541
0.295615
0.662
0.662
0.205864
0.477464
0.662
0.368657
0.662
0.474445
0.662
0.369186
0.662
0.662
0.406984
0.662
0.662
0.256101
0.662
0.252167
0.158563
0.200339
0.662
0.662
0.322308
0.215153
0.662
0.329264
0.0220757
0.662
0.22076
0.662
0.662
0.662
0.662
0.174015
0.31154
0.544552
0.216349
0.662
0.662
0.278052
0.211113
0.461267
0.662
0.0475652
0.662
0.436937
0.0437169
0.0227137
0.403969
0.662
0.200244
0.352106
0.135425
0.282982
0.250723
0.662
0.317539
0.662
0.662
0.22251
0.662
0.16278
0.662
0.299683
0.116866
0.662
0.662
0.662
0.662
0.662
0.239815
0.662
0.151525
0.358208
0.330069
0.263238
0.118101
0.59917
0.124719
0.662
0.30063
0.567069
0.122857
0.19417
0.662
0.662
0.265443
0.0439118
0.662
0.662
0.246359
0.662
0.156546
0.302003
0.662
0.207451
0.662
0.662
0.324733
0.245038
0.662
0.662
0.521393
0.22922
0.0750752
0.0764952
0.0133435
0.662
0.330466
0.479696
0.0871144
0.224675
0.662
0.662
0.268495
0.662
0.205345
0.184645
0.662
0.189955
0.662
0.511458
0.230172
0.22442
0.662
0.338609
0.662
0.662
0.0457267
0.343524
0.662
0.527616
0.402896
0.662
0.295992
0.337745
0.357142
0.662
0.662
0.314975
0.161804
0.662
0.501089
0.458549
0.197948
0.184016
0.662
0.0161873
0.662
0.0470353
0.662
0.167862
0.5014
0.0855728
0.350693
0.282727
0.662
0.662
0.055107
0.662
0.662
0.197468
0.166273
0.224077
0.516778
0.662
0.485953
0.118728
0.662
0.0434057
0.329908
0.662
0.662
0.238484
0.662
0.184439
0.371481
0.662
0.204519
0.662
0.662
0.662
0.262406
0.662
0.662
0.147503
0.45472
0.662
0.431323
0.150218
0.662
0.306895
0.415178
0.662
0.0212951
0.662
0.662
0.344192
0.30635
0.449078
0.202679
0.36609
0.662
0.177267
0.0949133
0.240485
0.662
0.176197
0.22933
0.662
0.662
0.09381
0.662
0.360175
0.0372549
0.38287
0.662
0.485915
0.344446
0.662
0.590231
0.662
0.407539
0.100265
0.662
0.662
0.532205
0.13698
0.250426
0.233862
0.280482
0.662
0.598637
0.338163
0.199955
0.662
0.662
0.316412
0.146538
0.662
0.662
0.662
0.356389
0.568536
0.30686
0.211054
0.662
0.39462
0.258519
0.241037
0.43631
0.662
0.177246
0.662
0.301794
0.662
0.662
0.269149
0.281962
0.662
0.23676
0.356871
0.369792
0.354634
0.662
0.193183
0.365008
0.282405
0.662
0.662
0.316106
0.383625
0.662
0.662
0.662
0.662
0.466065
0.0949562
0.662
0.576056
0.662
0.224429
0.239941
0.390686
0.225541
0.500285
0.466135
0.662
0.164201
0.465064
0.662
0.662
0.122738
0.545291
0.662
0.662
0.392552
0.0668262
0.131805
0.440753
0.378286
0.662
0.662
0.146067
0.17628
0.431825
0.662
0.448804
0.304916
0.0890552
0.267674
0.398155
0.250245
0.662
0.662
0.0473622
0.197622
0.662
0.341263
0.248794
0.0825051
0.328648
0.0999288
0.0113657
0.154686
0.63339
0.662
0.662
0.662
0.662
0.465085
0.269205
0.565378
0.662
0.413529
0.662
0.277692
0.662
0.315895
0.662
0.662
0.662
0.218116
0.662
0.662
0.0603029
0.311944
0.662
0.662
0.363489
0.28288
0.205459
0.230047
0.478792
0.306943
0.662
0.0725232
0.120519
0.662
0.662
0.273545
0.662
0.0897967
0.176674
0.662
0.662
0.507073
0.662
0.602347
0.662
0.662
0.662
0.423483
0.662
0.662
0.413725
0.301249
0.296691
0.264824
0.662
0.662
0.350534
0.662
0.662
0.662
0.0589615
0.13164
0.109799
0.662
0.0131213
0.662
0.662
0.571531
0.0810963
0.113227
0.287401
0.199987
0.140614
0.105722
0.662
0.662
0.55172
0.662
0.405881
0.123306
0.12961
0.173085
0.448906
0.662
0.662
0.197079
0.00847775
0.231974
0.125376
0.662
0.123181
0.662
0.0694757
0.662
0.173362
0.228472
0.662
0.662
0.217217
0.473748
0.193562
0.0605726
0.662
0.662
0.509034
0.543431
0.662
0.474011
0.0852412
0.290844
0.662
0.662
0.218815
0.454998
0.279467
0.279304
0.662
0.662
0.341811
0.662
0.36542
0.662
0.662
0.075902
0.380873
0.0598636
0.173111
0.293988
0.662
0.662
0.0639693
0.662
0.443776
0.498589
0.662
0.568374
0.662
0.325515
0.0997693
0.662
0.662
0.662
0.662
0.0304246
0.399783
0.662
0.18833
0.445795
0.0397522
0.662
0.662
0.2633
0.662
0.662
0.662
0.662
0.662
0.322811
0.662
0.176516
0.0120739
0.662
0.602213
0.662
0.131569
0.427875
0.483372
0.662
0.0277814
0.300185
0.662
0.404483
0.662
0.662
0.662
0.437983
0.662
0.662
0.662
0.198238
0.662
0.662
0.324973
0.0694193
0.662
0.662
0.133637
0.662
0.662
0.576753
0.25468
0.259971
0.471159
0.242643
0.303975
0.19185
0.114731
0.662
0.166995
0.446625
0.662
0.662
0.484754
0.640299
0.0220961
0.511541
0.185622
0.263447
0.195691
0.662
0.662
0.460361
0.662
0.346279
0.262333
0.138275
0.662
0.662
0.662
0.398769
0.662
0.096654
0.360218
0.2743
0.662
0.63339
0.17502
0.0264965
0.473726
0.0115271
0.662
0.188801
0.652154
0.662
0.117272
0.404296
0.662
0.259882
0.120551
0.662
0.492448
0.662
0.135587
0.151539
0.0042636
0.0608836
0.210922
0.19175
0.243861
0.662
0.662
0.26662
0.283327
0.662
0.662
0.662
0.392157
0.215373
0.63101
0.662
0.662
0.662
0.662
0.662
0.662
0.284501
0.0146925
0.662
0.219361
0.195357
0.662
0.662
0.311754
0.436867
0.662
0.0285254
0.662
0.662
0.662
0.496875
0.662
0.488918
0.596164
0.662
0.130334
0.392345
0.504114
0.662
0.662
0.662
0.662
0.33597
0.662
0.111088
0.188367
0.195448
0.662
0.475143
0.662
0.443512
0.204077
0.662
0.662
0.599664
0.662
0.321978
0.662
0.229259
0.662
0.43548
0.403661
0.244664
0.403928
0.662
0.419184
0.662
0.429352
0.662
0.0540693
0.662
0.40949
0.357603
0.662
0.662
0.315257
0.376869
0.662
0.662
0.161036
0.0398615
0.662
0.0984323
0.220643
0.213254
0.662
0.612737
0.662
0.662
0.235221
0.662
0.662
0.397053
0.662
0.244591
0.276279
0.662
0.0297102
0.354574
0.0408431
0.421564
0.662
0.662
0.176085
0.662
0.154663
0.241367
0.0901912
0.238287
0.072017
0.599658
0.214038
0.00382138
0.0825267
0.313841
0.662
0.662
0.343013
0.0671187
0.231081
0.421057
0.420344
0.384936
0.393489
0.21516
0.662
0.195263
0.347048
0.522884
0.125183
0.00962713
0.662
0.662
0.662
0.662
0.662
0.228181
0.662
0.421568
0.369579
0.487755
0.662
0.187906
0.662
0.310103
0.662
0.662
0.662
0.18896
0.126258
0.0917895
0.0967293
0.069223
0.662
0.521109
0.235157
0.231413
0.305895
0.031392
0.121882
0.288591
0.662
0.662
0.662
0.662
0.34648
0.473721
0.0109857
0.0431921
0.662
0.194971
0.372241
0.377315
0.267968
0.662
0.222069
0.662
0.662
0.662
0.486901
0.203852
0.662
0.662
0.442826
0.118366
0.159706
0.449968
0.662
0.524181
0.305632
0.662
0.247813
0.121636
0.480845
0.212709
0.662
0.662
0.167883
0.662
0.568081
0.374927
0.0653754
0.47621
0.186862
0.489098
0.281386
0.631907
0.320852
0.216736
0.412511
0.662
0.330815
0.662
0.16014
0.344101
0.414632
0.2325
0.662
0.662
0.662
0.234056
0.662
0.662
0.662
0.662
0.662
0.269826
0.660609
0.304018
0.330757
0.0107653
0.438858
0.249399
0.0453804
0.233913
0.662
0.25021
0.433564
0.473761
0.662
0.139019
0.387197
0.317059
0.088267
0.662
0.662
0.313365
0.185145
0.662
0.386307
0.514761
0.0607284
0.662
0.151595
0.460346
0.225191
0.662
0.662
0.34544
0.662
0.291405
0.662
0.662
0.662
0.333644
0.491569
0.662
0.662
0.189178
0.662
0.662
0.662
0.662
0.324453
0.0191827
0.277537
0.196765
0.662
0.345101
0.662
0.662
0.285753
0.436229
0.230245
0.270054
0.43675
0.662
0.40001
0.328385
0.662
0.181277
0.218327
0.662
0.662
0.450933
0.475493
0.662
0.260435
0.662
0.125306
0.465279
0.297005
0.145887
0.662
0.363168
0.662
0.285882
0.447913
0.662
0.248632
0.222663
0.245113
0.662
0.662
0.0263718
0.662
0.447875
0.639856
0.34408
0.155534
0.0388486
0.411874
0.370431
0.415999
0.600145
0.173985
0.443097
0.171526
0.440987
0.409166
0.402052
0.662
0.662
0.662
0.303187
0.662
0.662
0.492999
0.662
0.531844
0.206611
0.662
0.662
0.662
0.055648
0.662
0.0480857
0.180757
0.0634247
0.662
0.343336
0.662
0.662
0.278957
0.000515244
0.215196
0.227973
0.630855
0.662
0.274545
0.0921247
0.662
0.23611
0.662
0.229912
0.662
0.295222
0.449873
0.23853
0.394248
0.548003
0.00130518
0.662
0.662
0.402766
0.662
0.241215
0.662
0.662
0.197622
0.244705
0.313529
0.0697633
0.662
0.2349
0.389434
0.662
0.246211
0.662
0.375443
0.492658
0.322289
0.251623
0.662
0.319923
0.662
0.662
0.329827
0.331498
0.151254
0.208186
0.662
0.531611
0.352236
0.408564
0.473801
0.633474
0.34395
0.209774
0.662
0.323639
0.662
0.191311
0.0430797
0.662
0.662
0.0116504
0.266957
0.325454
0.662
0.662
0.344081
0.583703
0.41337
0.472786
0.314477
0.389997
0.647163
0.0321998
0.0529382
0.662
0.406503
0.169475
0.662
0.137897
0.249994
0.570872
0.662
0.662
0.428532
0.662
0.662
0.40168
0.262917
0.623514
0.425388
0.426614
0.0246321
0.0721993
0.662
0.0850942
0.662
0.12732
0.293727
0.066388
0.271455
0.613884
0.662
0.17259
0.524828
0.246246
0.662
0.662
0.662
0.278466
0.407616
0.662
0.115164
0.267784
0.447516
0.39398
0.226804
0.285024
0.354007
0.647908
0.266296
0.662
0.482237
0.351315
0.662
0.447296
0.0612498
0.421857
0.644923
0.662
0.435194
0.556011
0.662
0.662
0.662
0.0305743
0.662
0.115484
0.662
0.192018
0.662
0.159327
0.362651
0.230306
0.38109
0.662
0.662
0.278719
0.580506
0.295047
0.166763
0.662
0.662
0.203281
0.662
0.662
0.662
0.148241
0.33828
0.662
0.662
0.662
0.218911
0.662
0.46648
0.662
0.502384
0.0656418
0.256914
0.229269
0.00884477
0.0921094
0.662
0.662
0.662
0.662
0.662
0.662
0.289231
0.260793
0.662
0.036124
0.662
0.662
0.289662
0.127733
0.662
0.662
0.122736
0.662
0.662
0.134778
0.321802
0.294436
0.662
0.662
0.212574
0.080434
0.476363
0.426103
0.212004
0.103104
0.190307
0.524212
0.573119
0.29803
0.245024
0.662
0.252679
0.662
0.358677
0.442931
0.662
0.423695
0.662
0.31057
0.0395415
0.43319
0.662
0.662
0.662
0.662
0.662
0.238818
0.448046
0.662
0.226653
0.0506106
0.662
0.662
0.662
0.0212497
0.322969
0.214422
0.0441786
0.0850042
0.227123
0.662
0.401242
0.662
0.326034
0.662
0.2902
0.252651
0.203997
0.103202
0.662
0.25715
0.459269
0.549044
0.487433
0.00806953
0.662
0.0240484
0.270309
0.662
0.0437147
0.414671
0.381516
0.0888927
0.125153
0.0464283
0.260892
0.400773
0.147024
0.0632883
0.662
0.662
0.662
0.163202
0.226969
0.194712
0.136468
0.286403
0.384174
0.662
0.0942885
0.275834
0.0942447
0.288805
0.0804647
0.662
0.340787
0.662
0.662
0.378611
0.662
0.345984
0.662
0.431953
0.0910345
0.447224
0.662
0.370857
0.330142
0.0443446
0.662
0.662
0.662
0.593496
0.0311545
0.527788
0.662
0.662
0.0863885
0.662
0.271884
0.662
0.0779704
0.662
0.662
0.662
0.662
0.0650998
0.662
0.153682
0.410698
0.662
0.662
0.662
0.269697
0.662
0.144051
0.662
0.662
0.629706
0.662
0.451495
0.154325
0.662
0.662
0.662
0.662
0.110928
0.485875
0.175339
0.662
0.215661
0.61486
0.263182
0.165734
0.662
0.0983313
0.0672012
0.068188
0.0604422
0.511362
0.0275292
0.205009
0.0386976
0.00446867
0.662
0.662
0.662
0.31308
0.662
0.662
0.416533
0.446739
0.662
0.662
0.321051
0.662
0.356698
0.501395
0.44642
0.662
0.292874
0.662
0.605942
0.339157
0.580777
0.662
0.253032
0.235699
0.046829
0.662
0.348481
0.243378
0.662
0.18272
0.399011
0.564161
0.416864
0.35176
0.438739
0.00237327
0.662
0.193451
0.662
0.662
0.306527
0.662
0.662
0.333244
0.0564991
0.662
0.247848
0.252165
0.0180126
0.662
0.662
0.205422
0.662
0.662
0.662
0.389948
0.662
0.351399
0.433925
0.662
0.206815
0.223737
0.023202
0.143893
0.351478
0.662
0.298909
0.301151
0.477027
0.265267
0.662
0.430294
0.662
0.260393
0.432198
0.662
0.0861399
0.0248957
0.195846
0.662
0.618957
0.248361
0.205651
0.349969
0.261313
0.0560765
0.482569
0.662
0.0163659
0.662
0.662
0.662
0.333543
0.662
0.340366
0.316266
0.153525
0.155793
0.233403
0.190616
0.0772487
0.662
0.247232
0.489134
0.46211
0.19997
0.662
0.474224
0.662
0.662
0.024353
0.419479
0.662
0.188327
0.0143697
0.400588
0.662
0.662
0.662
0.379032
0.124289
0.114886
0.490433
0.131513
0.246537
0.257795
0.662
0.264387
0.662
0.128225
0.160034
0.662
0.662
0.662
0.260468
0.662
0.169421
0.173528
0.662
0.662
0.511041
0.30463
0.662
0.176208
0.243237
0.249227
0.662
0.37675
0.413264
0.662
0.276371
0.177478
0.662
0.407558
0.538636
0.330202
0.477635
0.352377
0.443548
0.0197304
0.0865768
0.567631
0.133403
0.662
0.410437
0.232972
0.662
0.662
0.662
0.42864
0.495407
0.268609
0.183516
0.128503
0.662
0.412629
0.117541
0.369159
0.220193
0.0126387
0.662
0.662
0.662
0.13595
0.662
0.274011
0.662
0.278766
0.662
0.476093
0.307165
0.466028
0.157848
0.662
0.662
0.423862
0.662
0.214629
0.662
0.336913
0.662
0.190707
0.236461
0.662
0.662
0.361841
0.261854
0.662
0.662
0.662
0.662
0.307518
0.40718
0.662
0.504742
0.662
0.662
0.662
0.36679
0.662
0.662
0.432078
0.151931
0.662
0.662
0.515818
0.393277
0.662
0.201551
0.303403
0.398473
0.662
0.662
0.252844
0.330233
0.662
0.662
0.310838
0.335683
0.196679
0.257164
0.662
0.662
0.180752
0.431908
0.126372
0.402155
0.407198
0.410466
0.255
0.662
0.333748
0.303281
0.662
0.662
0.640398
0.662
0.662
0.662
0.257021
0.203132
0.120526
0.662
0.662
0.345287
0.418747
0.123158
0.241453
0.224675
0.0594156
0.308106
0.502162
0.418476
0.662
0.224536
0.662
0.311895
0.662
0.30847
0.662
0.234765
0.662
0.662
0.65404
0.662
0.22212
0.662
0.359223
0.090932
0.622464
0.430419
0.109959
0.163173
0.160695
0.662
0.203226
0.34781
0.662
0.339306
0.0601959
0.0354946
0.662
0.374503
0.535695
0.662
0.415786
0.152659
0.662
0.662
0.586648
0.662
0.24602
0.662
0.0540858
0.204865
0.662
0.308119
0.662
0.662
0.282931
0.662
0.258186
0.423761
0.64002
0.662
0.205605
0.216525
0.662
0.0702245
0.115907
0.662
0.297954
0.115121
0.427071
0.662
0.417466
0.396574
0.258526
0.091223
0.437434
0.662
0.0975219
0.662
0.0718602
0.113346
0.662
0.0212867
0.192575
0.119491
0.0909709
0.383197
0.173935
0.662
0.662
0.0420326
0.327218
0.133976
0.267498
0.430314
0.662
0.662
0.662
0.662
0.662
0.131398
0.550591
0.360175
0.167728
0.238806
0.662
0.22129
0.194225
0.0511651
0.516678
0.205717
0.661943
0.662
0.662
0.245709
0.662
0.259172
0.398288
0.305562
0.416063
0.662
0.346302
0.19367
0.662
0.662
0.498604
0.662
0.420162
0.279467
0.248476
0.662
0.207576
0.303464
0.611448
0.0914429
0.454741
0.370957
0.662
0.662
0.324566
0.234442
0.662
0.662
0.19689
0.517261
0.22803
0.384951
0.662
0.446473
0.662
0.662
0.231684
0.099271
0.452143
0.365418
0.662
0.115755
0.192537
0.213376
0.0700125
0.0569777
0.00896487
0.662
0.218074
0.237794
0.411981
0.178945
0.326506
0.272751
0.662
0.264289
0.662
0.662
0.241183
0.363342
0.662
0.662
0.662
0.662
0.218237
0.0862181
0.220329
0.662
0.163588
0.45035
0.5119
0.156163
0.402734
0.0679583
0.610471
0.662
0.297042
0.662
0.435906
0.662
0.235726
0.454156
0.662
0.183327
0.178934
0.326175
0.244338
0.407227
0.662
0.662
0.30146
0.662
0.658789
0.662
0.37172
0.662
0.406826
0.383899
0.378904
0.662
0.306138
0.333789
0.0380123
0.214281
0.662
0.662
0.662
0.662
0.1077
0.200766
0.662
0.426991
0.353962
0.662
0.462411
0.662
0.443069
0.623151
0.402942
0.662
0.210304
0.140345
0.613113
0.662
0.622554
0.662
0.136168
0.662
0.209844
0.662
0.329813
0.48386
0.410573
0.0587368
0.662
0.292368
0.378641
0.225461
0.662
0.301148
0.662
0.55481
0.662
0.0133643
0.36238
0.105578
0.662
0.00419556
0.413324
0.662
0.662
0.268798
0.184166
0.0138632
0.662
0.662
0.334382
0.402026
0.662
0.241022
0.385601
0.562377
0.15034
0.662
0.551738
0.267247
0.662
0.418814
0.354826
0.183172
0.200903
0.56965
0.662
0.332823
0.142015
0.590275
0.23958
0.662
0.159383
0.014829
0.217432
0.662
0.662
0.662
0.358416
0.25594
0.662
0.662
0.662
0.205957
0.475871
0.662
0.662
0.365512
0.292027
0.0565723
0.353692
0.449979
0.461686
0.502867
0.422153
0.662
0.26069
0.662
0.227104
0.403738
0.662
0.221077
0.259746
0.265484
0.662
0.662
0.565389
0.662
0.411087
0.609903
0.122492
0.662
0.186498
0.165637
0.662
0.189332
0.417533
0.662
0.19318
0.662
0.522557
0.474716
0.580982
0.662
0.25586
0.320312
0.662
0.662
0.014084
0.234599
0.410732
0.662
0.662
0.192778
0.527499
0.662
0.415023
0.475849
0.662
0.533416
0.0832469
0.662
0.662
0.210574
0.662
0.662
0.184999
0.662
0.577237
0.635133
0.215569
0.0417181
0.244069
0.662
0.662
0.616947
0.21724
0.109021
0.417079
0.662
0.662
0.662
0.328659
0.662
0.147403
0.662
0.662
0.221626
0.662
0.185187
0.662
0.56604
0.406419
0.513945
0.662
0.287942
0.662
0.662
0.662
0.227426
0.662
0.0221154
0.279143
0.662
0.307631
0.662
0.662
0.346727
0.662
0.662
0.412613
0.16791
0.218997
0.134997
0.166233
0.313981
0.45742
0.662
0.162679
0.00551212
0.44252
0.662
0.437431
0.238899
0.0237685
0.580394
0.336971
0.637696
0.184003
0.502967
0.662
0.40136
0.472062
0.254812
0.375703
0.299764
0.383346
0.389229
0.026806
0.662
0.662
0.05834
0.662
0.662
0.662
0.662
0.324995
0.46069
0.662
0.662
0.662
0.184773
0.662
0.662
0.149034
0.2019
0.662
0.481548
0.662
0.0542641
0.662
0.0563349
0.662
0.662
0.662
0.331499
0.255515
0.280448
0.662
0.377781
0.662
0.113843
0.00619154
0.228809
0.662
0.662
0.662
0.403347
0.662
0.662
0.221876
0.662
0.662
0.46445
0.243402
0.662
0.662
0.662
0.662
0.259277
0.662
0.662
0.333092
0.155894
0.458678
0.431332
0.214484
0.0854891
0.662
0.22161
0.103342
0.458232
0.442036
0.662
0.662
0.421243
0.358954
0.124055
0.256673
0.662
0.320096
0.662
0.223677
0.263772
0.662
0.233251
0.298318
0.14604
0.39303
0.304418
0.127262
0.662
0.662
0.49024
0.373034
0.662
0.263843
0.42211
0.662
0.626799
0.362125
0.643046
0.4955
0.170411
0.662
0.662
0.248775
0.286688
0.139974
0.662
0.662
0.444605
0.253009
0.662
0.230037
0.246039
0.21469
0.0101496
0.348104
0.40091
0.662
0.122534
0.662
0.662
0.163849
0.142413
0.0519304
0.662
0.229706
0.154332
0.354076
0.662
0.2308
0.447626
0.281534
0.105817
0.106218
0.241368
0.662
0.464828
0.662
0.184128
0.662
0.215588
0.662
0.255596
0.16744
0.103799
0.662
0.361082
0.0568261
0.54253
0.662
0.662
0.662
0.662
0.463512
0.0732196
0.31115
0.143633
0.662
0.142873
0.662
0.662
0.25346
0.662
0.662
0.436215
0.662
0.662
0.112419
0.0451185
0.331021
0.662
0.662
0.662
0.662
0.662
0.386024
0.662
0.0676958
0.662
0.662
0.413581
0.662
0.221678
0.384983
0.662
0.662
0.662
0.662
0.662
0.662
0.662
0.458061
0.662
0.662
0.0657415
0.452484
0.138798
0.662
0.0638383
0.400036
0.662
0.662
0.292593
0.662
0.230895
0.662
0.274001
0.662
0.304116
0.165189
0.184415
0.0354333
0.662
0.662
0.231197
0.424699
0.662
0.153065
0.531698
0.364049
0.628296
0.662
0.237501
0.0985028
0.662
0.662
0.662
0.063916
0.662
0.565562
0.373404
0.662
0.662
0.480232
0.0377707
0.662
0.113265
0.341512
0.218727
0.662
0.662
0.662
0.662
0.662
0.662
0.26513
0.07847
0.662
0.662
0.662
0.544876
0.513556
0.662
0.0989305
0.23886
0.662
0.33475
0.205055
0.662
0.662
0.369851
0.662
0.162523
0.296487
0.234262
0.0283644
0.181812
0.367542
0.234218
0.662
0.350194
0.427919
0.662
0.140982
0.296702
0.55917
0.244527
0.333266
0.662
0.662
0.144434
0.662
0.662
0.327475
0.662
0.662
0.14333
0.0131664
0.135861
0.187749
0.662
0.662
0.451947
0.662
0.338856
0.662
0.378336
0.662
0.662
0.662
0.208385
0.0787277
0.662
0.139495
0.254118
0.591272
0.163869
0.209158
0.662
0.390092
0.662
0.200271
0.662
0.662
0.364976
0.44267
0.319271
0.662
0.1945
0.662
0.662
0.662
0.260591
0.00539487
0.662
0.180351
0.662
0.359696
0.0167381
0.662
0.662
0.00773988
0.662
0.249063
0.662
0.103478
0.662
0.662
0.299351
0.393437
0.662
0.497691
0.215952
0.662
0.188947
0.662
0.662
0.19175
0.0875071
0.16881
0.427592
0.348376
0.662
0.352437
0.125283
0.016483
0.662
0.144254
0.662
0.160199
0.662
