0.621076
0.24269
0.662
0.662
0.662
0.0954391
0.662
0.571135
0.0423207
0.662
0.662
0.1614
0.54913
0.260138
0.662
0.35244
0.346246
0.411528
0.662
0.0824135
0.424759
0.28214
0.662
0.662
0.211704
0.662
0.0770092
0.662
0.462941
0.365575
0.662
0.523573
0.27841
0.278388
0.662
0.326779
0.615532
0.662
0.662
0.662
0.318423
0.0766815
0.44786
0.662
0.0392936
0.662
0.144568
0.662
0.662
0.301579
0.517327
0.662
0.300473
0.662
0.366148
0.45544
0.411659
0.662
0.518931
0.23095
0.207804
0.401038
0.383961
0.662
0.119448
0.405684
0.150696
0.0279994
0.321833
0.662
0.587025
0.491975
0.662
0.185707
0.238305
0.662
0.145864
0.038441
0.502689
0.426463
0.5089
0.202638
0.193141
0.178135
0.0497623
0.662
0.340786
0.662
0.0294401
0.379215
0.54667
0.119105
0.662
0.561643
0.662
0.197993
0.662
0.135734
0.130212
0.539561
0.260268
0.297642
0.662
0.662
0.448224
0.138813
0.662
0.347615
0.662
0.218815
0.662
0.662
0.416065
0.303602
0.240741
0.306429
0.457051
0.662
0.0253236
0.584437
0.109743
0.310403
0.288508
0.57266
0.662
0.33195
0.192321
0.152844
0.566732
0.448393
0.662
0.612106
0.662
0.386867
0.336095
0.662
0.297221
0.662
0.449222
0.662
0.0320132
0.638838
0.126742
0.404743
0.662
0.662
0.123729
0.662
0.618594
0.298941
0.354203
0.662
0.592708
0.191945
0.390528
0.662
0.475334
0.165094
0.224943
0.662
0.301224
0.280191
0.662
0.613365
0.662
0.662
0.662
0.2101
0.351356
0.270269
0.662
0.414245
0.353182
0.662
0.19442
0.155194
0.662
0.662
0.662
0.29415
0.358553
0.662
0.222609
0.662
0.662
0.454322
0.662
0.662
0.421555
0.348054
0.457703
0.120145
0.662
0.662
0.662
0.64061
0.662
0.653084
0.60397
0.662
0.428116
0.0753697
0.236885
0.662
0.662
0.37786
0.314598
0.662
0.662
0.0990943
0.662
0.0838988
0.208843
0.662
0.121077
0.553065
0.0676465
0.109405
0.662
0.00473744
0.662
0.0105041
0.662
0.662
0.603132
0.450548
0.662
0.196907
0.662
0.153906
0.662
0.220442
0.662
0.662
0.456456
0.0311393
0.56232
0.662
0.662
0.662
0.662
0.1064
0.457774
0.284441
0.104119
0.486919
0.173128
0.662
0.662
0.238715
0.662
0.252911
0.662
0.395949
0.167619
0.662
0.197843
0.122442
0.291018
0.0471956
0.578192
0.241772
0.316345
0.308162
0.517879
0.662
0.662
0.118525
0.0868011
0.662
0.182481
0.199081
0.0803684
0.662
0.662
0.662
0.662
0.559245
0.662
0.662
0.662
0.662
0.380432
0.155441
0.0265543
0.373444
0.662
0.662
0.00691286
0.58088
0.393148
0.662
0.417454
0.662
0.300671
0.0336359
0.271742
0.662
0.556225
0.175888
0.587023
0.281564
0.662
0.633694
0.156033
0.662
0.662
0.0799998
0.438338
0.144544
0.662
0.662
0.662
0.563234
0.662
0.417456
0.640284
0.393429
0.662
0.662
0.200839
0.121709
0.43295
0.285608
0.332412
0.123371
0.45391
0.0177334
0.662
0.2447
0.662
0.19271
0.0724893
0.662
0.342194
0.188643
0.662
0.398434
0.422266
0.662
0.631318
0.35986
0.662
0.54797
0.396358
0.376313
0.465857
0.662
0.662
0.632044
0.17459
0.186527
0.662
0.105323
0.11
0.662
0.490236
0.662
0.227123
0.269959
0.162052
0.443465
0.619762
0.448241
0.662
0.611619
0.144989
0.276051
0.190774
0.662
0.251734
0.271009
0.662
0.235538
0.405452
0.319563
0.071755
0.0642566
0.200348
0.429335
0.0734416
0.662
0.228842
0.243014
0.49311
0.000329304
0.662
0.328861
0.662
0.324279
0.662
0.197114
0.0164273
0.629453
0.662
0.488851
0.0122905
0.662
0.662
0.413852
0.662
0.537348
0.662
0.662
0.662
0.138747
0.662
0.662
0.662
0.200075
0.440863
0.356477
0.375093
0.662
0.103565
0.283406
0.480114
0.548554
0.194187
0.0266064
0.211255
0.662
0.579351
0.0587966
0.438773
0.662
0.183801
0.662
0.662
0.460964
0.662
0.662
0.499508
0.577879
0.662
0.662
0.662
0.662
0.556077
0.218441
0.319607
0.55548
0.662
0.662
0.662
0.249056
0.0293042
0.662
0.403031
0.148352
0.283291
0.662
0.662
0.662
0.459826
0.662
0.662
0.143527
0.0177088
0.127405
0.662
0.662
0.282231
0.566383
0.41857
0.0250903
0.662
0.269817
0.662
0.662
0.01093
0.662
0.662
0.662
0.662
0.404012
0.102518
0.662
0.662
0.148323
0.476124
0.662
0.47107
0.574548
0.662
0.662
0.662
0.662
0.203394
0.326027
0.173358
0.601146
0.069422
0.465067
0.104815
0.662
0.662
0.312729
0.263545
0.662
0.409191
0.662
0.566638
0.662
0.662
0.662
0.18616
0.189191
0.477039
0.368162
0.575326
0.0558927
