0.126871
0.261334
0.151808
0.423081
0.662
0.662
0.285278
0.662
0.217858
0.61308
0.662
0.226022
0.0603165
0.479767
0.656966
0.662
0.662
0.0532542
0.0117691
0.56239
0.447328
0.662
0.189988
0.0861748
0.662
0.0524179
0.662
0.662
0.383248
0.662
0.336242
0.2077
0.662
0.649465
0.662
0.107188
0.19613
0.662
0.178062
0.123608
0.662
0.662
0.0753358
0.302691
0.0817763
0.293094
0.652166
0.00239097
0.662
0.188062
0.662
0.204329
0.662
0.662
0.0577244
0.13226
0.662
0.129781
0.176477
0.15829
0.662
0.662
0.143417
0.225451
0.64976
0.250831
0.662
0.36943
0.323655
0.605278
0.294117
0.662
0.662
0.662
0.224102
0.272405
0.58006
0.348433
0.662
0.0205485
0.0200047
0.662
0.129895
0.662
0.490951
0.662
0.237431
0.197955
0.593357
0.0396465
0.00416383
0.137917
0.662
0.662
0.662
0.080835
0.633253
0.333015
0.379401
0.339913
0.373452
0.0578993
0.397526
0.662
0.262596
0.662
0.662
0.662
0.662
0.292453
0.662
0.456653
0.186223
0.159696
0.276014
0.662
0.558327
0.213294
0.273979
0.662
0.662
0.0437074
0.347484
0.130153
0.662
0.662
0.662
0.477803
0.31679
0.662
0.537524
0.370165
0.17231
0.194689
0.38647
0.662
0.662
0.662
0.27336
0.472721
0.611424
0.395949
0.662
0.409302
0.107995
0.269516
0.662
0.321514
0.480187
0.272359
0.62947
0.0685745
0.207532
0.662
0.208969
0.0103533
0.633599
0.662
0.313308
0.662
0.285624
0.61144
0.662
0.280804
0.0472144
0.662
0.662
0.564398
0.562131
0.536092
0.064765
0.216228
0.583657
0.398434
0.176157
0.360508
0.662
0.0882059
0.662
0.518853
0.662
0.320209
0.273511
0.581771
0.662
0.662
0.662
0.349152
0.105016
0.184675
0.662
0.07555
0.450552
0.662
0.0876142
0.215694
0.49868
0.662
0.60548
0.00340775
0.289384
0.104974
0.662
0.662
0.0912485
0.125207
0.40974
0.662
0.662
0.662
0.257752
0.662
0.27338
0.476302
0.475042
0.462128
0.436827
0.662
0.662
0.662
0.662
0.36225
0.662
0.0566085
0.662
0.226231
0.516766
0.211653
0.662
0.502316
0.101472
0.662
0.0463127
0.487339
0.662
0.493557
0.313255
0.171701
0.40683
0.224459
0.662
0.662
0.662
0.0719118
0.662
0.662
0.429582
0.474421
0.662
0.170217
0.0735548
0.662
0.368253
0.465556
0.36089
0.662
0.662
0.206995
0.288157
0.662
0.662
0.662
0.277365
0.662
0.662
0.662
0.648621
0.558768
0.0596434
0.662
0.662
0.163601
0.662
0.662
0.662
0.662
0.662
0.180459
0.0815531
0.662
0.662
0.525754
0.362245
0.662
0.216841
0.662
0.191313
0.662
0.662
0.662
0.662
0.662
0.290748
0.184
0.662
0.163681
0.662
0.0316918
0.160047
0.640436
0.246485
0.220964
0.343713
0.638951
0.3026
0.662
0.259201
0.662
0.627376
0.181347
0.156235
0.177598
0.0798806
0.591607
0.526664
0.204971
0.246643
0.662
0.0390788
0.662
0.221369
0.316978
0.320272
0.0894982
0.662
0.200957
0.438365
0.208984
0.0333048
0.662
0.232131
0.0182946
0.554521
0.501466
0.662
0.508505
0.662
0.409565
0.249678
0.395262
0.0443029
0.662
0.662
0.662
0.148967
0.0495321
0.662
0.208355
0.662
0.305079
0.229255
0.391952
0.662
0.193821
0.662
0.662
0.209612
0.269602
0.401014
0.662
0.368551
0.622721
0.662
0.662
0.487828
0.270146
0.379768
0.0112218
0.163346
0.662
0.109801
0.259184
0.146968
0.123986
0.391279
0.0899289
0.203405
0.131388
0.450817
0.554582
0.218296
0.241071
0.36567
0.199544
0.662
0.662
0.431786
0.198087
0.00667666
0.118561
0.300646
0.284838
0.264281
0.662
0.186916
0.276048
0.38082
0.606982
0.302995
0.530339
0.662
0.362896
0.662
0.0574972
0.662
0.661241
0.516588
0.662
0.420157
0.662
0.245785
0.253963
0.662
0.335587
0.324793
0.109496
0.662
0.501961
0.339738
0.0910725
0.467761
0.504733
0.410658
0.662
0.662
0.662
0.662
0.0490183
0.212666
0.436831
0.397862
0.632502
0.154782
0.45343
0.476451
0.662
0.408978
0.427997
0.0921612
0.452973
0.662
0.0894955
0.0511184
0.223782
0.44275
0.662
0.662
0.467631
0.662
0.662
0.109685
0.662
0.662
0.662
0.153681
0.470706
0.662
0.0252268
0.0126602
0.47863
0.316795
0.662
0.373527
0.41501
0.614866
0.662
0.662
0.34555
0.484742
0.662
0.587026
0.662
0.286688
0.662
0.409065
0.662
0.303115
0.0765824
0.134635
0.201118
0.662
0.662
0.662
0.268769
0.662
0.662
0.0269155
0.063609
0.434507
0.375319
0.583847
0.662
0.519749
0.0398029
0.662
0.484938
0.662
0.239268
0.662
0.502612
0.164818
0.662
0.602719
0.662
0.483348
0.523915
0.0440216
0.592436
0.631481
0.106869
0.138414
0.104096
0.372726
0.468607
0.255481
0.459154
0.662
0.0956332
0.229715
0.333561
0.662
0.662
0.345927
0.613225
0.416468
0.41799
0.529252
0.662
0.142653
0.662
0.0572575
0.495772
0.42188
0.662
0.662
0.461079
0.226675
0.168959
0.221174
0.0992973
0.662
0.482247
0.336641
0.662
0.662
0.0285466
0.662
0.0816925
0.22154
0.56593
0.603478
0.662
0.662
0.00437642
0.473306
0.357995
0.662
0.461732
0.199864
0.662
0.662
0.662
0.308041
0.124802
0.662
0.331855
0.411438
0.428393
0.662
0.662
0.662
0.0472871
0.662
0.30905
0.662
0.662
0.0783037
0.662
0.662
0.662
0.211026
0.662
0.312468
0.143111
0.197481
0.323298
0.662
0.662
0.163349
0.274128
0.662
0.0375195
0.308514
0.178018
0.273301
0.361757
0.662
0.0648696
0.0692465
0.662
0.662
0.662
0.662
0.570253
0.662
0.367294
0.662
0.662
0.255909
0.347578
0.0698147
0.109766
0.662
0.158066
0.436518
0.0972987
0.662
0.209184
0.445126
0.662
0.216699
0.662
0.662
0.0502873
0.662
0.662
0.116068
0.20752
0.287549
0.131872
0.662
0.609229
0.662
0.662
0.123398
0.662
0.557118
0.18447
0.662
0.662
0.662
0.221911
0.171355
0.662
0.14657
0.65975
0.662
0.421159
0.662
0.246486
0.54531
0.662
0.662
0.662
0.172499
0.0496094
0.167882
0.0626059
0.495686
0.176152
0.123464
0.312725
0.662
0.662
0.662
0.376117
0.662
0.662
0.590653
0.459739
0.662
0.629098
0.31831
0.100396
0.662
0.53683
0.318519
0.662
0.20325
0.662
0.662
0.0991681
0.4105
0.0764669
0.662
0.662
0.476056
0.662
0.311644
0.327857
0.285549
0.368957
0.146711
0.104989
0.662
0.203464
0.0550075
0.450203
0.125259
0.31354
0.381658
0.16802
0.662
0.120887
0.25452
0.662
0.662
0.662
0.417359
0.662
0.662
0.462487
0.208484
0.458016
0.0118282
0.190314
0.26293
0.161549
0.235137
0.581004
0.384
0.662
0.662
0.24306
0.260554
0.47715
0.188682
0.0355996
0.662
0.13758
0.37199
0.662
0.662
0.607404
0.662
0.461315
0.289465
0.0909195
0.662
0.484602
0.662
0.662
0.330427
0.662
0.662
0.618205
0.662
0.167951
0.00428356
0.662
0.224086
0.0209422
0.662
0.662
0.251286
0.455707
0.662
0.235876
0.2398
0.0541248
0.403639
0.435963
0.114877
0.662
0.219001
0.552643
0.662
0.662
0.0720864
0.0494252
0.0923152
0.662
0.185239
0.662
0.662
0.597669
0.581266
0.15041
0.662
0.662
0.662
0.165941
0.503877
0.662
0.328179
0.43014
0.662
0.662
0.409947
0.662
0.375979
0.662
0.662
0.460631
0.0738152
0.662
0.197729
0.662
0.315799
0.498734
