0.662
0.206343
0.662
0.662
0.2497
0.619762
0.242319
0.662
0.585154
0.63121
0.601146
0.17591
0.43295
0.343084
0.484943
0.662
0.654752
0.305653
0.179948
0.662
0.662
0.662
0.662
0.1614
0.662
0.0513345
0.619679
0.662
0.592708
0.662
0.662
0.196634
0.19093
0.446941
0.662
0.283182
0.662
0.144989
0.0645205
0.662
0.378062
0.629987
0.167619
0.0155402
0.662
0.188689
0.662
0.662
0.412832
0.197097
0.275269
0.269435
0.263593
0.230287
0.166319
0.662
0.279403
0.662
0.198778
0.0471956
0.52869
0.644353
0.301544
0.662
0.222309
0.662
0.662
0.662
0.662
0.297221
0.214226
0.554947
0.634497
0.0799998
0.20783
0.272796
0.662
0.662
0.662
0.0932672
0.662
0.662
0.261333
0.556077
0.339792
0.155441
0.662
0.182731
0.324279
0.662
0.662
0.0351323
0.662
0.217777
0.246142
0.111773
0.662
0.662
0.662
0.374348
0.138747
0.033957
0.119229
0.234693
0.662
0.662
0.164549
0.662
0.10129
0.132727
0.286555
0.290709
0.662
0.476124
0.662
0.662
0.662
0.662
0.658551
0.662
0.419314
0.0272798
0.662
0.165094
0.148352
0.156778
0.662
0.211704
0.662
0.662
0.365449
0.353678
0.0625349
0.304601
0.334224
0.210307
0.402776
0.662
0.662
0.0177334
0.586049
0.438773
0.448971
0.662
0.662
0.40016
0.662
0.662
0.518931
0.265586
0.0980094
0.240373
0.662
0.49311
0.266703
0.206351
0.198874
0.425442
0.662
0.488566
0.662
0.103079
0.135734
0.662
0.662
0.142248
0.662
0.662
0.662
0.328861
0.247167
0.662
0.662
0.249997
0.155194
0.662
0.18183
0.662
0.626364
0.662
0.662
0.424457
0.530367
0.63021
0.21611
0.662
0.662
0.206768
0.453422
0.289272
0.662
0.0183281
0.201981
0.167563
0.662
0.200348
0.662
0.662
0.582389
0.37707
0.483399
0.588952
0.183226
0.337579
0.401038
0.466836
0.228443
0.662
0.214684
0.662
0.662
0.217947
0.662
0.662
0.364358
0.662
0.076237
0.662
0.557648
0.077999
0.662
0.662
0.169319
0.162361
0.662
0.662
0.54797
0.0264088
0.045445
0.564701
0.0929535
0.380967
0.0837364
0.0819144
0.621076
0.393429
0.662
0.248255
0.375093
0.000329304
0.209748
0.16768
0.356222
0.662
0.662
0.209501
0.0743198
0.132744
0.608593
0.486919
0.662
0.405684
0.662
0.662
0.512918
0.457774
0.295165
0.606843
0.662
0.20775
0.0136818
0.399234
0.106622
0.124041
0.367383
0.662
0.404467
0.662
0.190127
0.380432
