0.64311
0.662
0.556994
0.286484
0.089135
0.322017
0.233041
0.662
0.318313
0.424549
0.360775
0.260967
0.399172
0.662
0.188942
0.300161
0.662
0.64977
0.662
0.175564
0.313895
0.58023
0.662
0.662
0.215319
0.229819
0.168928
0.322063
0.662
0.562562
0.503846
0.29021
0.332642
0.662
0.494176
0.32804
0.662
0.364801
0.662
0.0566153
0.363528
0.118398
0.402976
0.0260411
0.119123
0.221557
0.253023
0.382427
0.087584
0.662
0.0896918
0.0856797
0.288399
0.662
0.662
0.191247
0.401167
0.662
0.662
0.0935441
0.260344
0.57229
0.662
0.121249
0.186426
0.662
0.662
0.137221
0.662
0.662
0.128392
0.662
0.662
0.130618
0.254895
0.24924
0.366273
0.447404
0.0666964
0.662
0.42972
0.0061764
0.344811
0.662
0.406065
0.173614
0.617853
0.391504
0.662
0.662
0.423304
0.186418
0.165261
0.462093
0.0414025
0.319767
0.250534
0.650763
0.225861
0.662
0.662
0.126352
0.0677906
0.0807247
0.326994
0.409371
0.402446
0.662
0.500348
0.247323
0.46398
0.662
0.662
0.662
0.380488
0.192197
0.22822
0.662
0.326157
0.391936
0.0580265
0.528872
0.662
0.280778
0.662
0.0788817
0.396122
0.0789346
0.626947
0.457792
0.410203
0.172117
0.177239
0.493332
0.407083
0.243345
0.153235
0.662
0.662
0.662
0.268153
0.156959
0.662
0.242198
0.327924
0.662
0.662
0.662
0.662
0.662
0.00527432
0.0423126
0.662
0.310652
0.0184547
0.662
0.662
0.662
0.335265
0.662
0.662
0.662
0.171213
0.227263
0.662
0.662
0.601456
0.662
0.337333
0.662
0.226398
0.405066
0.474612
0.205315
0.203838
0.662
0.422559
0.662
0.662
0.662
0.0286124
0.662
0.662
0.428957
0.0610723
0.662
0.662
0.573699
0.188204
0.146316
0.662
0.10986
0.167842
0.51194
0.0449005
0.495067
0.280036
0.633822
0.662
0.256883
0.662
0.49465
0.662
0.587413
0.196696
0.662
0.481156
0.662
0.169872
0.151651
0.662
0.439625
0.449868
0.126023
0.125078
0.662
0.0885582
0.662
0.662
0.662
0.662
0.144878
0.662
0.432855
0.662
0.583126
0.662
0.0800094
0.0120851
0.0771599
0.475904
0.433505
0.662
0.662
0.200958
0.416287
0.459458
0.111955
0.385522
0.231871
0.230981
0.0771519
0.217819
0.662
0.0582403
0.662
0.134595
0.111064
0.370574
0.0346064
0.244491
0.662
0.20371
0.228027
0.318288
0.662
0.662
0.662
0.228626
0.662
0.206173
0.662
0.250586
0.0749761
0.662
0.662
0.58998
0.662
0.297379
0.254604
0.169358
0.662
0.152553
0.104883
0.420681
0.201167
0.459134
0.215859
0.513181
0.241404
0.348347
0.486628
0.662
0.415128
0.354664
0.061806
0.662
0.515076
0.231675
0.222707
0.572851
0.525764
0.662
0.238078
0.662
0.662
0.662
0.662
0.0676508
0.0218165
0.662
0.662
0.662
0.344991
0.662
0.662
0.662
0.662
0.605292
0.662
0.252283
0.662
0.662
0.428112
0.216473
0.145999
0.662
0.348202
0.235116
0.0458409
0.290975
0.662
0.492372
0.38692
0.264818
0.662
0.662
0.662
0.662
0.662
0.489746
0.0430199
0.662
0.662
0.162509
0.0037772
0.252877
0.11485
0.662
0.390991
0.304187
0.081676
0.0595107
0.0189888
0.0650627
0.662
0.662
0.412055
0.189454
0.211304
0.662
0.330456
0.374568
0.662
0.224285
0.662
0.186407
0.237245
0.223353
0.561499
0.42643
0.662
0.265724
0.662
0.360413
0.662
0.385505
0.340066
0.200598
0.662
0.330491
0.485614
0.275669
0.662
0.662
0.492693
0.163702
0.662
0.662
0.6147
0.662
0.662
0.109674
0.662
0.439644
0.662
0.662
0.496508
0.421146
0.445351
0.410399
0.662
0.329797
0.229326
0.0269986
0.212232
0.662
0.264365
0.0510866
0.662
0.185261
0.194947
0.662
0.0257187
0.0794446
0.662
0.211874
0.662
0.662
0.662
0.0527839
0.19419
0.423863
0.361398
0.662
0.662
0.512534
0.194444
0.366829
0.662
0.196003
0.243141
0.662
0.263451
0.331202
0.353625
0.239131
0.662
0.304847
0.662
0.241333
0.424049
0.0645897
0.4595
0.168306
0.232992
0.508994
0.662
0.662
0.578592
0.223706
0.662
0.483222
0.325129
0.310425
0.045331
0.662
0.662
0.171287
0.411365
0.193771
0.158855
0.317927
0.331228
0.216973
0.0638616
0.217751
0.662
0.209802
0.197713
0.408261
0.275049
0.305727
0.662
0.337282
0.662
0.244592
0.373613
0.119593
0.162377
0.662
0.662
0.275462
0.662
0.197921
0.662
0.0111442
0.113192
0.662
0.286359
0.662
0.00148252
0.212339
0.662
0.00301892
0.662
0.205756
0.0602145
0.662
0.244204
0.662
0.662
0.0421403
0.22824
0.662
0.662
0.192171
0.662
0.425822
0.662
0.606898
0.270356
0.662
0.662
0.662
0.662
0.289767
0.394944
0.662
0.331278
0.145624
0.392832
0.187759
0.22489
0.662
0.313351
0.101102
0.142835
0.186374
0.662
0.124396
0.662
0.662
0.662
0.0216558
0.361627
0.662
0.313452
0.302989
0.299149
0.262496
0.271245
0.0258349
0.662
0.662
0.189408
0.662
0.184656
0.662
0.244226
0.153906
0.53537
0.222786
0.662
0.662
0.662
0.662
0.662
0.201849
0.482117
0.130265
0.63223
0.178147
0.175538
0.096016
0.662
0.662
0.0657672
0.662
0.256485
0.662
0.662
0.662
0.261634
0.329878
0.332735
0.353742
0.662
0.394358
0.219237
0.231367
0.662
0.662
0.48498
0.254117
0.567656
0.662
0.662
0.227572
0.662
0.109676
0.662
0.662
0.221527
0.115884
0.182677
0.410716
0.324681
0.59
0.662
0.350706
0.33431
0.454572
0.662
0.662
0.638018
0.662
0.567901
0.312306
0.662
0.30763
0.369617
0.662
0.662
0.662
0.662
0.133108
0.0490269
0.662
0.0983856
0.337796
0.383084
0.661413
0.386876
0.662
0.0495748
0.662
0.209875
0.302352
0.662
0.210347
0.443969
0.212447
0.207985
0.286709
0.662
0.335882
0.662
0.662
0.405109
0.334869
0.662
0.305794
0.662
0.338557
0.154958
0.369622
0.662
0.662
0.662
0.662
0.0517061
0.291058
0.444465
0.303891
0.662
0.662
0.633694
0.046903
0.662
0.662
0.466004
0.353475
0.662
0.509926
0.283448
0.138594
0.662
0.662
0.21254
0.662
0.364373
0.611031
0.617669
0.425425
0.349715
0.136024
0.270136
0.662
0.662
0.662
0.257874
0.55299
0.0295767
0.662
0.662
0.662
0.662
0.199367
0.662
0.380435
0.662
0.611977
0.662
0.354361
0.30389
0.662
0.21159
0.482074
0.369099
0.662
0.662
0.266796
0.0747808
0.662
0.344485
0.489067
0.398671
0.459104
0.662
0.662
0.00728217
0.372713
0.0186206
0.662
0.189682
0.37821
0.662
0.423137
0.58734
0.0812961
0.359649
0.662
0.0497123
0.492923
0.231865
0.662
0.133611
0.499998
0.662
0.411884
0.208383
0.360704
0.167122
0.220414
0.128662
0.662
0.662
0.375857
0.346682
0.662
0.662
0.662
0.662
0.662
0.438374
0.475273
0.172873
0.548928
0.421871
0.633469
0.41107
0.351285
0.496683
0.157926
0.0578937
0.125954
0.0769367
0.142376
0.662
0.104421
0.546217
0.468428
0.0231851
0.662
0.662
0.662
0.662
0.301352
0.111841
0.398437
0.458904
0.172444
0.271723
0.213881
0.147697
0.662
0.17793
0.180156
0.662
0.241769
0.00462082
0.662
0.662
0.463125
0.662
0.0518498
0.120479
0.662
0.662
0.438107
0.342298
0.662
0.106669
0.662
0.602931
0.624923
0.560634
0.353739
0.317332
0.662
0.161798
0.163443
0.662
0.662
0.463758
0.276427
0.662
0.662
0.181608
0.662
0.662
0.274312
0.662
0.662
0.0231545
0.662
0.160081
0.208452
0.159463
0.548488
0.662
0.384759
0.662
0.117742
0.662
0.383766
0.37001
0.102887
0.307158
0.445144
0.662
0.313535
0.482201
0.115253
0.252195
0.662
0.51205
0.0415753
0.315936
0.0302849
0.242884
0.662
0.52803
0.224727
0.662
0.128382
0.36832
0.308801
0.173081
0.384529
0.662
0.329399
0.160926
0.159894
0.0734194
0.662
0.521267
0.294145
0.397107
0.0782168
0.0574065
0.0811295
0.631855
0.662
0.518434
0.589002
0.123425
0.460832
0.0900979
0.564994
0.224821
0.591661
0.662
0.662
0.662
0.662
0.259397
0.662
0.646358
0.161937
0.442735
0.127391
0.413544
0.662
0.221768
0.662
0.43312
0.601383
0.434858
0.282799
0.0459223
0.662
0.117871
0.0537905
0.187902
0.662
0.439937
0.242325
0.42815
0.662
0.420386
0.662
0.662
0.2998
0.134627
0.636985
0.662
0.458185
0.662
0.0945279
0.662
0.492115
0.662
0.191026
0.000726306
0.385347
0.34009
0.272305
0.091264
0.171067
0.309694
0.194367
0.662
0.662
0.662
0.194361
0.403379
0.465747
0.662
0.662
0.662
0.662
0.662
0.189826
0.662
0.662
0.0916417
0.662
0.662
0.282986
0.662
0.213287
0.662
0.662
0.592652
0.642108
0.662
0.00468501
0.662
0.329678
0.662
0.662
0.114205
0.427214
0.662
0.662
0.165025
0.662
0.662
0.093789
0.0267833
0.54503
0.520466
0.181431
0.662
0.662
0.662
0.40416
0.662
0.359323
0.50154
0.342109
0.662
0.309126
0.620511
0.356628
0.662
0.386982
0.662
0.333047
0.327975
0.0770043
0.305574
0.439633
0.242908
0.202457
0.322441
0.384681
0.418006
0.662
0.166649
0.34438
0.211486
0.205113
0.22375
0.662
0.662
0.564864
0.662
0.662
0.323351
0.662
0.662
0.394095
0.662
0.277791
0.662
0.215943
0.0187434
0.513942
0.31446
0.662
0.662
0.0597625
0.481792
0.662
0.120242
0.662
0.05505
0.662
0.662
0.406157
0.48992
0.314637
0.662
0.595901
0.2529
0.469019
0.184209
0.0739876
0.632189
0.662
0.074699
0.662
0.299874
0.42474
0.333981
0.662
0.662
0.344493
0.662
0.32302
0.662
0.382727
0.0224479
0.450274
0.0995477
0.281268
0.296528
0.662
0.329293
0.0927481
0.662
0.367335
0.662
0.250405
0.57804
0.662
0.231363
0.662
0.170368
0.662
0.156841
0.0511968
0.00406143
0.603548
0.662
0.348945
0.400412
0.662
0.662
0.625152
0.0198293
0.662
0.662
0.0180278
0.662
0.662
0.662
0.424915
0.433235
0.0389988
0.156587
0.304995
0.662
0.447389
0.169086
0.244271
0.662
0.640549
0.662
0.440151
0.175418
0.662
0.19622
0.265823
0.662
0.0504069
0.0217574
0.0483633
0.477361
0.090799
0.662
0.662
0.662
0.34002
0.250681
0.662
0.463726
0.152465
0.662
0.0856945
0.465673
0.662
0.182393
0.190813
0.662
0.495406
0.662
0.243345
0.662
0.140915
0.662
0.047732
0.662
0.24932
0.0148166
0.195061
0.662
0.158361
0.248145
0.574612
0.662
0.0775349
0.201283
0.662
0.661735
0.662
0.186649
0.234809
0.0655437
0.662
0.181081
0.662
0.00573584
0.219345
0.662
0.394381
0.419253
0.0455954
0.662
0.401303
0.0249361
0.662
0.662
0.662
0.662
0.662
0.662
0.58515
0.662
0.456325
0.269804
0.455183
0.662
0.571482
0.606825
0.277569
0.662
0.186462
0.662
0.324315
0.39596
0.662
0.662
0.662
0.662
0.178928
0.662
0.662
0.662
0.662
0.298965
0.3225
0.662
0.531737
0.0537311
0.662
0.124403
0.281268
0.319292
0.662
0.27847
0.112407
0.201732
0.261049
0.116511
0.662
0.370731
0.44993
0.160844
0.11538
0.662
0.662
0.332275
0.519687
0.662
0.662
0.529611
0.662
0.662
0.662
0.555057
0.662
0.662
0.0198487
0.349181
0.522537
0.278224
0.436212
0.476925
0.491141
0.662
0.63361
0.166033
0.662
0.662
0.187757
0.196468
0.105785
0.662
0.662
0.662
0.570989
0.662
0.662
0.377542
0.242621
0.662
0.329831
0.662
0.43443
0.662
0.662
0.417345
0.662
0.662
0.662
0.662
0.118937
0.403716
0.244274
0.412918
0.473133
0.662
0.341284
0.461747
0.427306
0.0905256
0.662
0.399919
0.351825
0.150042
0.25077
0.662
0.662
0.662
0.662
0.268495
0.0993334
0.662
0.0415486
0.224715
0.33381
0.224302
0.0234938
0.662
0.360672
0.317618
0.47854
0.458985
0.662
0.662
0.662
0.190736
0.662
0.662
0.28757
0.062792
0.662
0.188202
0.231263
0.662
0.235569
0.662
0.267497
0.662
0.121015
0.662
0.0213265
0.0687385
0.0581471
0.662
0.160834
0.38038
0.480311
0.27325
0.526414
0.662
0.662
0.662
0.346347
0.201549
0.662
0.662
0.662
0.359656
0.192928
0.504066
0.395199
0.462994
0.662
0.662
0.662
0.119226
0.662
0.568071
0.396538
0.662
0.662
0.27942
0.662
0.662
0.228789
0.0999462
0.00321057
0.662
0.662
0.225699
0.115734
0.317498
0.0774297
0.0918086
0.407444
0.311962
0.662
0.662
0.482166
0.0781469
0.662
0.0223984
0.471462
0.194141
0.474557
0.359073
0.0368961
0.411924
0.0248651
0.356615
0.662
0.342976
0.245198
0.662
0.155229
0.662
0.135984
0.242558
0.662
0.662
0.662
0.661143
0.662
0.0837542
0.662
0.376161
0.662
0.4619
0.662
0.662
0.210859
0.11373
0.662
0.662
0.151846
0.365127
0.65296
0.662
0.662
0.662
0.361499
0.346915
0.0487266
0.662
0.338082
0.662
0.0083119
0.30907
0.662
0.170476
0.113775
0.361973
0.208616
0.568354
0.662
0.662
0.52722
0.299124
0.662
0.137089
0.181259
0.323557
0.0807619
0.449706
0.0428356
0.355058
0.0822672
0.363271
0.364556
0.0765539
0.662
0.451759
0.289116
0.662
0.662
0.448839
0.204171
0.23409
0.662
0.450261
0.662
0.28505
0.451289
0.281347
0.662
0.164699
0.285186
0.662
0.383601
0.662
0.662
0.302953
0.0473094
0.662
0.162635
0.0367308
0.251709
0.662
0.328444
0.232308
0.662
0.662
0.662
0.350344
0.270661
0.599806
0.662
0.662
0.311128
0.662
0.256701
0.0868674
0.662
0.662
0.467585
0.362979
0.662
0.14738
0.188758
0.662
0.386077
0.135974
0.00862606
0.153617
0.662
0.463275
0.15758
0.054583
0.477276
0.422643
0.0225531
0.662
0.0681321
0.662
0.0251491
0.526291
0.126079
0.662
0.662
0.275836
0.662
0.662
0.122653
0.298468
0.662
0.271091
0.662
0.248102
0.662
0.662
0.143849
0.114554
0.662
0.298222
0.662
0.00565377
0.662
0.662
0.0247908
0.662
0.454544
0.0546587
0.662
0.662
0.653367
0.307665
0.662
0.662
0.662
0.310805
0.662
0.156682
0.0464591
0.110088
0.414872
0.662
0.360224
0.662
0.460213
0.662
0.207703
0.387293
0.131766
0.259066
0.662
0.634536
0.662
0.662
0.516879
0.662
0.586683
0.662
0.662
0.662
0.662
0.662
0.00224264
0.662
0.662
0.141226
0.662
0.311126
0.471117
0.14001
0.410702
0.0517448
0.662
0.662
0.440631
0.662
0.218833
0.662
0.314165
0.662
0.215782
0.662
0.313128
0.662
0.589384
0.364015
0.279645
0.320283
0.662
0.00846663
0.504297
0.361736
0.662
0.355606
0.662
0.662
0.124669
0.662
0.501885
0.662
0.662
0.662
0.662
0.662
0.662
0.662
0.603171
0.662
0.329223
0.662
0.113534
0.662
0.239101
0.484764
0.149887
0.296156
0.297566
0.311664
0.0672781
0.662
0.398577
0.242598
0.662
0.662
0.345998
0.183957
0.662
0.662
0.0421303
0.219287
0.209498
0.309797
0.662
0.0482408
0.257771
0.397398
0.662
0.165371
0.662
0.440298
0.303026
0.342439
0.120588
0.150676
0.662
0.500916
0.662
0.56338
0.116608
0.52414
0.192192
0.343785
0.304309
0.662
0.158832
0.662
0.244126
0.647068
0.493383
0.662
0.289484
0.405563
0.523503
0.000868454
0.662
0.183318
0.662
0.13462
0.122158
0.594231
0.329222
0.339931
0.662
0.231521
0.662
0.662
0.0441341
0.662
0.586447
0.662
0.0829991
0.468619
0.429664
0.662
0.0634524
0.270869
0.418116
0.196656
0.239128
0.662
0.662
0.535563
0.335038
0.662
0.0143313
0.662
0.662
0.0017443
0.420307
0.405661
0.324052
0.662
0.108739
0.395605
0.233275
0.520226
0.286509
0.251168
0.0626887
0.332071
0.0934945
0.662
0.639298
0.439155
0.0023832
0.315537
0.339748
0.662
0.662
0.248597
0.662
0.662
0.0614313
0.234498
0.451443
0.214523
0.434249
0.443969
0.105328
0.0796729
0.542713
0.433638
0.446319
0.662
0.166503
0.0891568
0.662
0.44308
0.182176
0.628341
0.203148
0.129654
0.662
0.662
0.074317
0.199534
0.662
0.662
0.592316
0.662
0.295939
0.662
0.331381
0.662
0.662
0.328668
0.297493
0.0774917
0.662
0.566725
0.197547
0.662
0.662
0.373659
0.662
0.15637
0.217135
0.662
0.662
0.383727
0.297432
0.0192895
0.310434
0.662
0.662
0.662
0.662
0.415425
0.108515
0.334721
0.653138
0.147742
0.629103
0.662
0.222111
0.662
0.662
0.662
0.662
0.00890861
0.092308
0.398094
0.349193
0.163372
0.0341073
0.563718
0.406068
0.458709
0.310942
0.352806
0.662
0.335858
0.242427
0.375054
0.525067
0.662
0.190141
0.21472
0.291786
0.318926
0.645932
0.102189
0.376048
0.286015
0.288318
0.662
0.340962
0.233324
0.0223763
0.662
0.445682
0.658556
0.361688
0.395907
0.151671
0.555898
0.662
0.662
0.662
0.125111
0.662
0.407445
0.145595
0.406396
0.662
0.662
0.0724917
0.412365
0.662
0.662
0.479472
0.662
0.295974
0.242492
0.662
0.320271
0.424991
0.497351
0.404334
0.105929
0.0492515
0.662
0.662
0.662
0.662
0.100026
0.140343
0.333062
0.0535976
0.274014
0.469634
0.662
0.448568
0.289213
0.187743
0.662
0.662
0.662
0.452701
0.662
0.662
0.662
0.16731
0.20552
0.625226
0.662
0.662
0.301939
0.359232
0.465524
0.662
0.662
0.355045
0.662
0.621463
0.0993105
0.662
0.173118
0.649169
0.270764
0.257978
0.662
0.118262
0.662
0.662
0.134254
0.662
0.261052
0.662
0.0774049
0.103568
0.662
0.0757898
0.124591
0.381039
0.215772
0.0562969
0.0507129
0.358811
0.662
0.431326
0.662
0.162965
0.017838
0.213613
0.185361
0.511538
0.24437
0.130141
0.20002
0.662
0.662
0.42748
0.137327
0.119218
0.662
0.356923
0.662
0.144226
0.153728
0.662
0.269504
0.33922
0.662
0.462104
0.335888
0.409117
0.019323
0.662
0.30079
0.662
0.232182
0.433924
0.662
0.662
0.411771
0.0137159
0.306815
0.662
0.184114
0.662
0.662
0.662
0.466464
0.242187
0.392548
0.143201
0.662
0.662
0.189341
0.199944
0.543117
0.42744
0.0549059
0.47332
0.516706
0.662
0.662
0.338318
0.198966
0.660659
0.662
0.662
0.662
0.662
0.154655
0.662
0.662
0.276961
0.294333
0.662
0.500487
0.662
0.662
0.662
0.427638
0.626813
0.450704
0.175378
0.662
0.553382
0.321487
0.611104
0.133453
0.0152634
0.263053
0.662
0.0670091
0.662
0.275932
0.035362
0.410354
0.0875546
0.662
0.662
0.662
0.189275
0.0770847
0.662
0.0996984
0.278614
0.662
0.095086
0.505249
0.132877
0.662
0.56339
0.176851
0.662
0.662
0.396962
0.662
0.299611
0.174461
0.251119
0.525678
0.0596892
0.255036
0.143187
0.662
0.0807647
0.185793
0.662
0.662
0.662
0.290147
0.17929
0.352009
0.662
0.356776
0.662
0.386737
0.386167
0.446556
0.662
0.662
0.662
0.579233
0.662
0.241929
0.0411727
0.50542
0.662
0.345545
0.662
2.38926e-05
0.373382
0.121125
0.662
0.123201
0.662
0.14148
0.662
0.662
0.662
0.662
0.662
0.473925
0.470372
0.662
0.421874
0.662
0.471107
0.662
0.265191
0.401512
0.103342
0.662
0.553872
0.662
0.662
0.402098
0.357249
0.662
0.662
0.662
0.0395581
0.662
0.435383
0.465556
0.662
0.210697
0.662
0.378146
0.498027
0.662
0.0846079
0.662
0.334859
0.662
0.169516
0.209239
0.0589744
0.324641
0.193178
0.425649
0.662
0.286441
0.423451
0.662
0.0495699
0.252728
0.144811
0.662
0.662
0.292803
0.662
0.166034
0.374993
0.662
0.662
0.271295
0.662
0.662
0.662
0.662
0.186767
1.06754e-05
0.32212
0.367167
0.662
0.269694
0.347423
0.124413
0.662
0.222169
0.252031
0.452098
0.434986
0.426072
0.662
0.552311
0.270954
0.0304506
0.662
0.0195182
0.393933
0.662
0.662
0.353088
0.28055
0.0959527
0.276364
0.288646
0.168948
0.662
0.329729
0.662
0.212317
0.662
0.662
0.662
0.662
0.506523
0.0818871
0.431216
0.662
0.662
0.439029
0.662
0.190447
0.662
0.662
0.212392
0.0701776
0.356926
0.309695
0.276141
0.129103
0.40165
0.662
0.506587
0.288638
0.404275
0.0738208
0.662
0.340145
0.662
0.162411
0.461832
0.477208
0.381219
0.662
0.0360716
0.174154
0.662
0.0952123
0.662
0.662
0.498993
0.379171
0.572666
0.468276
0.237961
0.662
0.0976564
0.487382
0.171554
0.662
0.438317
0.0883418
0.572843
0.255967
0.662
0.194567
0.662
0.662
0.0332502
0.662
0.439959
0.317051
0.662
0.202915
0.279946
0.410522
0.237271
0.194045
0.519677
0.110074
0.302649
0.288602
0.198852
0.644979
0.554133
0.662
0.662
0.412672
0.0882675
0.662
0.662
0.662
0.203425
0.271233
0.275158
0.662
0.0541804
0.227625
0.422266
0.41808
0.24188
0.402816
0.334872
0.662
0.329428
0.662
0.518996
0.662
0.189313
0.4197
0.662
0.197951
0.114869
0.0566641
0.272875
0.0559714
0.239402
0.0513062
0.633694
0.662
0.272334
0.42437
0.60024
0.187407
0.173911
0.459378
0.37311
0.662
0.662
0.662
0.183959
0.174528
0.183185
0.662
0.23805
0.164844
0.12918
0.662
0.662
0.185788
0.236672
0.527725
0.520828
0.662
0.099896
0.662
0.662
0.325795
0.338593
0.367279
0.450487
0.230789
0.379839
0.392775
0.421632
0.662
0.662
0.241503
0.662
0.0933051
0.277057
0.662
0.0792199
0.662
0.662
0.204433
0.662
0.375682
0.662
0.662
0.0943034
0.662
0.402864
0.662
0.662
0.0415082
0.662
0.403785
0.117616
0.662
0.662
0.406445
0.336195
0.662
0.300955
0.422111
0.407933
0.662
0.250832
0.3079
0.376011
0.662
0.662
0.349589
0.340204
0.662
0.437701
0.324431
0.194143
0.385562
0.662
0.234939
0.116288
0.662
0.344149
0.275299
0.444387
0.256617
0.662
0.166894
0.108942
0.662
0.296111
0.19041
0.213875
0.115553
0.662
0.343881
0.662
0.167412
0.344711
0.662
0.209856
0.662
0.363862
0.662
0.662
0.136914
0.160167
0.21361
0.662
0.263918
0.662
0.287336
0.298406
0.104282
0.186524
0.249975
0.199729
0.196359
0.147528
0.662
0.011943
0.662
0.316803
0.662
0.662
0.662
0.44417
0.319577
0.662
0.463398
0.662
0.146341
0.189848
0.223013
0.291447
0.218995
0.093713
0.662
0.234669
0.17601
0.211806
0.662
0.108137
0.19578
0.662
0.375983
0.662
0.662
0.188775
0.624592
0.432895
0.341067
0.38691
0.662
0.662
0.202829
0.662
0.0059236
0.000987174
0.229521
0.152348
0.662
0.662
0.52021
0.621899
0.474555
0.0993603
0.662
0.239085
0.39701
0.0502979
0.169828
0.547215
0.292247
0.662
0.333418
0.662
0.103774
0.237045
0.662
0.503081
0.120639
0.144531
0.285267
0.662
0.202598
0.263599
0.397786
0.0351303
0.662
0.499855
0.662
0.662
0.190809
0.662
0.175323
0.00676456
0.407692
0.198456
0.532128
0.137194
0.425128
0.428629
0.114395
0.662
0.250021
0.490439
0.289694
0.0467071
0.247255
0.142194
0.482519
0.662
0.0936214
0.662
0.662
0.278574
0.571115
0.662
0.662
0.345608
0.662
0.296478
0.662
0.284876
0.162935
0.0737818
0.18733
0.662
0.311951
0.345509
0.240597
0.545698
0.662
0.0672386
0.45904
0.381031
0.319791
0.407358
0.662
0.152692
0.468063
0.662
0.0375233
0.580128
0.194771
0.662
0.000386195
0.662
0.0806687
0.451895
0.370549
0.390143
0.284693
0.0679091
0.207206
0.662
0.404661
0.213465
0.662
0.662
0.662
0.662
0.662
0.392135
0.0158216
0.662
0.359574
0.00302746
0.662
0.415654
0.221915
0.662
0.245258
0.662
0.242055
0.147447
0.00722366
0.168669
0.3848
0.0372593
0.662
0.662
0.662
0.662
0.662
0.147386
0.420066
0.662
0.662
0.662
0.662
0.662
0.11928
0.654352
0.662
0.662
0.00942608
0.357944
0.420416
0.45362
0.391838
0.162551
0.614105
0.198418
0.654847
0.662
0.106573
0.0901771
0.662
0.662
0.282358
0.0492656
0.662
0.247134
0.662
0.662
0.239524
0.464362
0.314007
0.227224
0.180775
0.481256
0.360194
0.0947338
0.662
0.371031
0.0906537
0.662
0.541256
0.122683
0.524828
0.662
0.662
0.285735
0.140065
0.13505
0.129138
0.662
0.183054
0.662
0.193138
0.106649
0.531095
0.662
0.113806
0.662
0.662
0.0119339
0.662
0.0190408
0.662
0.0606134
0.402838
0.438708
0.662
0.662
0.231713
0.662
0.0941837
0.662
0.662
0.0305857
0.662
0.284699
0.662
0.148577
0.457578
0.0584579
0.404084
0.662
0.101007
0.620469
0.303305
0.463722
0.662
0.128102
0.545865
0.290379
0.662
0.662
0.662
0.662
0.662
0.662
0.662
0.274296
0.662
0.144359
0.662
0.662
0.662
0.662
0.468897
0.317879
0.662
0.194017
0.662
0.375122
0.371644
0.662
0.662
0.511546
0.662
0.274343
0.662
0.662
0.662
0.662
0.0643265
0.662
0.043355
0.662
0.322998
0.205258
0.241387
0.662
0.62305
0.662
0.662
0.662
0.385057
0.0566337
0.662
0.195643
0.662
0.231751
0.652514
0.251069
0.662
0.0168991
0.488438
0.288889
0.662
0.171809
0.495596
0.662
0.217817
0.662
0.63339
0.242905
0.159465
0.442462
0.662
0.204998
0.204601
0.0389666
0.662
0.101677
0.197827
0.019851
0.662
0.662
0.662
0.196465
0.00922479
0.662
0.662
0.662
0.401508
0.662
0.662
0.196862
0.43503
0.662
0.133602
0.170452
0.662
0.662
0.662
0.662
0.166402
0.662
0.662
0.354367
0.662
0.662
0.467973
0.30679
0.206874
0.480857
0.293252
0.662
0.208118
0.662
0.662
0.554119
0.548096
0.662
0.0888243
0.15479
0.194792
0.605254
0.346308
0.662
0.145713
0.238207
0.662
0.564208
0.0631683
0.215919
0.662
0.0137134
0.587698
0.488459
0.662
0.210746
0.662
0.0641095
0.319253
0.223195
0.662
0.662
0.662
0.251515
0.662
0.449352
0.198965
0.662
0.24076
0.255255
0.662
0.662
0.450005
0.445828
0.127522
0.158665
0.0868696
0.0804697
0.215155
0.198065
0.662
0.117419
0.0243277
0.0730084
0.34568
0.285175
0.15296
0.662
0.107588
0.470305
0.662
0.662
0.444004
0.178975
0.603723
0.155663
0.137715
0.484262
0.662
0.239596
0.662
0.255997
0.0793091
0.662
0.405351
0.252383
0.166795
0.220983
0.203694
0.2914
0.48792
0.0715307
0.367495
0.662
0.0670992
0.294064
0.213671
0.608007
0.273385
0.50342
0.662
0.290667
0.662
0.029224
0.662
0.381544
0.170547
0.662
0.16027
0.219948
0.420854
0.404127
0.419358
0.662
0.353456
0.212943
0.0544502
0.178668
0.23212
0.662
0.662
0.662
0.225335
0.417271
0.491917
0.662
0.662
0.662
0.4713
0.199282
0.365301
0.662
0.24518
0.662
0.0795858
0.354043
0.489356
0.203028
0.114552
0.365373
0.138905
0.28268
0.662
0.188975
0.144811
0.285078
0.662
0.200915
0.429296
0.0661965
0.27489
0.328221
0.20649
0.442062
0.662
0.41845
0.662
0.233254
0.662
0.271317
0.662
0.662
0.573828
0.253223
0.308109
0.430757
0.126164
0.356815
0.23038
0.662
0.662
0.662
0.662
0.412391
0.138748
0.373899
0.662
0.662
0.0244486
0.635467
0.662
0.662
0.662
0.478516
0.662
0.295021
0.0473455
0.662
0.49173
0.0105478
0.295765
0.351864
0.502872
0.662
0.193075
0.555648
0.662
0.274292
0.0285669
0.468974
0.396508
0.289865
0.0987602
0.131355
0.473524
0.65221
0.662
0.662
0.662
0.237246
0.662
0.662
0.662
0.549123
0.623905
0.0347094
0.19926
0.662
0.39578
0.196597
0.461976
0.268963
0.662
0.343673
0.217014
0.103774
0.476286
0.662
0.662
0.113691
0.662
0.662
0.0867779
0.0960706
0.416171
0.60074
0.434769
0.662
0.375938
0.662
0.297623
0.662
0.285681
0.187615
0.527754
0.662
0.662
0.191295
0.662
0.662
0.662
0.662
0.662
0.302281
0.440572
0.450224
0.237154
0.254148
0.662
0.548988
0.662
0.0209828
0.662
0.235003
0.662
0.644387
0.201303
0.169121
0.183944
0.0142144
0.662
0.22626
0.642832
0.333999
0.5616
0.662
0.662
0.662
0.245846
0.662
0.662
0.334366
0.458121
0.071435
0.662
0.120094
0.130969
0.177494
0.662
0.662
0.662
0.507084
0.333335
0.662
0.178095
0.520287
0.662
0.404523
0.217671
0.363814
0.662
0.208677
0.00295997
0.662
0.310522
0.643524
0.662
0.201242
0.662
0.166988
0.662
0.644709
0.282607
0.190232
0.662
0.344244
0.662
0.336822
0.662
0.251128
0.222463
