0.361757
0.276048
0.176152
0.00842663
0.662
0.662
0.320209
0.662
0.64976
0.118561
0.662
0.662
0.662
0.395935
0.0524179
0.662
0.662
0.0753358
0.662
0.0450933
0.662
0.662
0.0578993
0.430428
0.525754
0.348433
0.159696
0.417277
0.640436
0.662
0.224086
0.348868
0.273979
0.662
0.0494252
0.241894
0.611424
0.662
0.421159
0.662
0.227999
0.333561
0.662
0.662
0.221911
0.662
0.235137
0.662
0.123903
0.662
0.269516
0.0869456
0.286601
0.495772
0.374774
0.164818
0.290748
0.259128
0.470215
0.662
0.287384
0.618205
0.662
0.61308
0.662
0.129781
0.246485
0.29071
0.285549
0.662
0.104974
0.662
0.516588
0.00667666
0.413205
0.250491
0.662
0.209184
0.373452
0.662
0.431483
0.662
0.0878399
0.0603165
0.662
0.490951
0.403639
0.662
0.0978614
0.188858
0.662
0.470706
0.662
0.199864
0.662
0.00416383
0.368957
0.662
0.662
0.49868
0.169718
0.0230779
0.264281
0.581004
0.662
0.662
0.303115
0.123464
0.480187
0.0396264
0.2398
0.662
0.487339
0.124802
0.362245
0.662
0.662
0.126871
0.134635
0.20325
0.662
0.529455
0.0490183
0.662
0.662
0.662
0.383248
0.191313
0.662
0.603478
0.0423657
0.41501
0.662
0.280526
0.467761
0.518684
0.662
0.662
0.455707
0.563873
0.107079
0.662
0.187393
0.475042
0.662
0.662
0.662
0.662
0.662
0.0430899
0.167882
0.662
0.436518
0.428393
0.24106
0.662
0.662
0.662
0.117271
0.662
0.345927
0.474421
0.662
0.213294
0.0398029
0.0541248
0.19339
0.526664
0.188062
0.662
0.662
0.367294
0.192939
0.459772
0.662
0.662
0.632502
0.0814868
0.42188
0.0698147
0.662
0.662
0.648621
0.662
0.0309798
0.662
0.246486
0.401014
0.662
0.201118
0.209612
0.518288
0.105016
0.0550926
0.470439
0.2077
0.223782
0.326168
0.43014
0.662
0.627376
0.662
0.406533
0.662
0.440419
0.4105
0.397526
0.662
0.453219
0.0860265
0.467631
0.0550075
0.662
0.436831
0.605278
0.197729
0.662
0.00428356
0.104564
0.163346
0.289384
0.590653
0.662
0.625684
0.662
0.662
0.0894955
0.107098
0.207532
0.662
0.662
0.662
0.662
0.197493
0.662
0.662
0.484742
0.31831
0.273511
0.229715
0.662
0.178018
0.662
0.372726
0.662
0.662
0.662
0.662
0.662
0.662
0.349152
0.340825
0.662
0.285278
0.0355996
0.100216
0.0564971
0.165941
0.662
0.116068
0.384
0.226231
0.662
0.649465
0.662
0.662
0.662
0.529252
0.07555
0.178062
0.558327
0.662
0.662
0.200957
0.662
0.215694
0.459739
0.662
0.662
0.000999666
0.176477
0.662
0.662
0.447328
0.662
0.276232
0.327857
0.56239
0.080835
0.125686
0.474087
0.221369
0.662
0.662
0.328094
0.662
0.255909
0.246606
0.0443029
0.662
0.593357
0.662
0.581266
0.15041
0.217858
0.662
0.460631
0.30905
0.100396
0.339913
0.662
0.662
0.0126602
0.303518
0.482247
0.662
0.662
0.0815531
0.662
0.662
0.45343
0.662
0.662
0.362896
0.562131
0.427997
0.662
0.493557
0.208355
0.662
0.483348
0.656966
0.662
0.0745621
0.662
0.204971
0.662
0.662
0.662
0.0205485
0.215926
0.662
0.167951
0.347578
0.273136
0.00437642
0.210922
0.305079
0.662
0.0816925
0.662
0.662
0.337467
0.119352
0.662
0.0316918
0.662
0.0577244
0.0910725
0.552643
0.151808
0.662
0.591521
0.237431
0.156284
0.606982
0.662
0.00414928
0.662
0.662
0.350721
0.241349
0.662
0.662
0.0252268
0.662
0.131872
0.0574972
0.248733
0.171701
0.423081
0.662
0.662
0.662
0.662
0.662
0.449734
0.459154
0.662
0.662
0.197955
0.260554
0.662
0.260215
0.107995
0.662
0.293094
0.22154
0.508505
0.409565
0.662
0.662
0.0886353
0.662
0.502612
0.0763832
0.631481
0.137917
0.662
0.390337
0.662
0.0972987
0.219001
0.662
0.00178626
0.300646
0.662
0.662
0.111367
0.662
0.662
0.662
0.60548
0.662
0.662
0.608447
0.104989
0.662
0.135195
0.662
0.662
0.662
0.15829
0.662
0.0182946
0.226458
0.463429
0.163681
0.203464
0.507332
0.0909195
0.36089
0.0117691
0.320861
0.501466
0.662
0.436827
0.662
0.230312
0.347484
0.662
0.00806789
0.0735548
0.662
0.662
0.16365
0.17231
0.662
0.662
0.201761
0.12716
0.518853
0.332847
0.454941
0.662
0.662
0.662
0.146711
0.501961
0.662
0.302995
0.421984
0.185239
0.0572575
0.0390788
0.458016
0.662
0.58006
0.662
0.130153
0.417878
0.0209422
0.662
0.308041
0.336641
0.662
0.214845
0.661241
0.662
0.629455
0.0861748
0.662
0.552402
0.662
0.662
0.269602
0.225451
0.226022
0.607404
0.0178581
0.662
0.429582
0.63339
0.129895
0.315799
0.638951
0.163349
0.662
0.0118282
0.211026
0.146968
0.662
0.662
0.158066
0.662
0.662
0.662
0.276014
0.537524
0.107188
0.662
0.662
0.662
0.109685
0.194689
0.662
0.450552
0.154384
0.14657
0.186916
0.38647
0.123986
0.391279
0.0814801
0.662
0.0402571
0.662
0.408978
0.597669
0.268651
0.662
0.662
0.36943
0.662
0.662
0.445126
0.554582
0.27338
0.146265
0.3026
0.51553
0.519749
0.434507
0.662
0.662
0.471093
0.662
0.323745
0.211653
0.530753
0.0112218
0.47715
0.581771
0.0817763
0.0532542
0.457001
0.292453
0.558768
0.662
0.662
0.662
0.662
0.0361832
0.662
0.662
0.525505
0.662
0.222145
0.119477
0.662
0.662
0.218296
0.274128
0.382813
0.255481
0.450203
0.148967
0.287549
0.0375195
0.0156481
0.509229
0.114877
0.208984
0.143287
0.662
0.662
0.662
0.468607
0.0991681
0.662
0.204329
0.462487
0.235876
0.662
0.242227
0.662
0.184675
0.437836
0.662
0.363203
0.219251
0.256183
0.241071
0.222725
0.0882059
0.330427
0.662
0.302691
0.207068
0.662
0.662
0.476302
0.226675
0.46271
0.662
0.340015
0.076585
0.662
0.321514
0.249678
0.602719
0.420157
0.253963
0.662
0.154782
0.368551
0.484602
0.206995
0.372107
0.662
0.257752
0.212666
0.397862
0.188082
0.152741
0.662
0.395949
0.662
0.313308
0.662
0.662
0.662
0.662
0.662
0.662
0.662
0.0103533
0.662
0.143417
0.221174
0.262596
0.411127
0.0667118
0.0765824
0.662
0.662
0.662
0.180459
0.186395
0.662
0.176157
0.37199
0.662
0.311644
0.662
0.29912
0.171541
0.152155
0.0432676
0.0921612
0.662
0.391952
0.502316
0.198087
0.224102
0.272405
0.409065
0.268769
0.19613
0.662
0.662
0.62947
0.259184
0.0923152
0.662
0.171355
0.308514
0.564398
0.662
0.40683
0.406896
0.0269155
0.495686
0.316795
0.503877
0.133972
0.629884
0.662
0.662
0.662
0.409302
0.00340775
0.662
0.570253
0.662
0.662
0.409947
0.662
0.662
0.224459
0.662
0.662
0.313255
0.336242
0.13226
0.273301
0.197481
0.477803
0.47863
0.662
0.662
0.662
0.587026
0.168959
0.662
0.189988
0.662
0.662
0.216841
0.662
0.411438
0.0956332
0.614866
0.188682
0.662
0.294117
0.366025
0.456653
0.662
0.0881559
0.234145
0.662
0.662
0.0333048
0.381658
0.662
0.662
0.198008
0.163601
0.662
0.320272
0.592436
0.38082
0.465556
0.662
0.208484
0.264236
0.633253
0.143111
0.662
0.662
0.662
0.339738
0.662
0.190314
0.0327627
0.156235
0.0396465
0.662
0.199544
0.203405
0.0566085
0.662
0.662
0.184
0.0496094
0.0988941
0.662
