0.378789
0.662
0.429582
0.662
0.662
0.477528
0.185488
0.662
0.662
0.662
0.581004
0.662
0.0784869
0.165102
0.0681819
0.0312101
0.467266
0.0423657
0.114741
0.662
0.662
0.662
0.406533
0.662
0.662
0.311644
0.662
0.662
0.662
0.662
0.662
0.164818
0.591521
0.662
0.286601
0.0177463
0.0468388
0.350747
0.0172691
0.0787115
0.530987
0.0252268
0.318934
0.362245
0.555628
0.662
0.662
0.12716
0.452844
0.352056
0.3778
0.662
0.662
0.662
0.066222
0.252598
0.38773
0.0178581
0.631481
0.209612
0.57647
0.364429
0.662
0.0901399
0.241637
0.662
0.662
0.202726
0.229372
0.662
0.0398029
0.211026
0.657624
0.454941
0.18467
0.637309
0.662
0.105016
0.662
0.662
0.624599
0.168555
0.475042
0.662
0.00296654
0.152741
0.363375
0.235876
0.662
0.501961
0.662
0.460631
0.417363
0.662
0.662
0.107014
0.662
0.662
0.558768
0.219001
0.662
0.662
0.523914
0.662
0.573721
0.440419
0.662
0.662
0.477803
0.662
0.662
0.662
0.662
0.62823
0.204329
0.662
0.662
0.662
0.662
0.333819
0.268769
0.347484
0.662
0.661877
0.0245719
0.484078
0.0564971
0.459739
0.662
0.662
0.662
0.238486
0.448702
0.131683
0.662
0.662
0.130153
0.662
0.15829
0.141148
0.313532
0.13933
0.208151
0.649465
0.417277
0.570253
0.215721
0.465556
0.662
0.0205485
0.658765
0.662
0.629455
0.537524
0.372616
0.0438845
0.571638
0.662
0.184774
0.231007
0.662
0.60548
0.662
0.326168
0.31354
0.432949
0.165941
0.662
0.0765824
0.662
0.662
0.42188
0.436831
0.304525
0.123903
0.167951
0.00667666
0.123986
0.31831
0.484602
0.192939
0.662
0.142104
0.662
0.662
0.306493
0.451311
0.662
0.356162
0.171572
0.168959
0.0496094
0.250491
0.662
0.220526
0.041728
0.390045
0.137917
0.263815
0.174636
0.662
0.662
0.559259
0.608447
0.375468
0.538263
0.662
0.454932
0.128813
0.222449
0.409302
0.209184
0.189572
0.604025
0.662
0.0747838
0.662
0.662
0.143417
0.657376
0.228254
0.461223
0.633917
0.0440216
0.190602
0.00842663
0.402358
0.209839
0.215549
0.662
0.662
0.662
0.53462
0.662
0.362896
0.662
0.662
0.662
0.662
0.206535
0.662
0.052441
0.143303
0.662
0.662
0.662
0.222145
0.662
0.221911
0.662
0.662
0.32353
0.598377
0.288707
0.662
0.121279
0.662
0.410003
0.232297
0.662
0.662
0.224839
0.232788
0.118931
0.662
0.662
0.2398
0.662
0.425791
0.19857
0.662
0.392706
0.662
0.436827
0.662
0.662
0.237189
0.0737163
0.0519145
0.662
0.662
0.293094
0.662
0.662
0.223782
0.492963
0.00999562
0.332718
0.372107
0.662
0.199654
0.542427
0.235009
0.515217
0.349152
0.662
0.246486
0.10271
0.590653
0.662
0.555859
0.662
0.157775
0.293763
0.495686
0.141445
0.662
0.221174
0.0681497
0.163392
0.367254
0.662
0.398484
0.244744
0.662
0.199776
0.662
0.41749
0.662
0.320848
0.662
0.569905
0.34416
0.662
0.331077
0.433982
0.662
0.539163
0.136185
0.199593
0.525505
0.253963
0.662
0.662
0.662
0.450203
0.467851
0.638951
0.0908085
0.662
0.0842073
0.242751
0.29582
0.0375195
0.662
0.00360765
0.16702
0.662
0.662
0.368722
0.662
0.662
0.187393
0.662
0.662
0.662
0.0333048
0.625071
0.188229
0.274128
0.662
0.662
0.662
0.399096
0.0189083
0.662
0.0316918
0.199441
0.148276
0.662
0.662
0.0986972
0.457526
0.129781
0.384715
0.474734
0.662
0.662
0.662
0.585831
0.662
0.0667118
0.284302
0.177718
0.421984
0.481222
0.662
0.662
0.399939
0.31982
0.602719
0.662
0.529252
0.662
0.662
0.662
0.662
0.17682
0.662
0.662
0.386217
0.662
0.436949
0.662
0.662
0.627376
0.2478
0.662
0.262805
0.662
0.470112
0.363203
0.395935
0.662
0.229136
0.662
0.295582
0.218393
0.662
0.662
0.662
0.204971
0.662
0.645516
0.662
0.484742
0.438832
0.662
0.597388
0.0861748
0.662
0.662
0.2106
0.662
0.492573
0.4105
0.432074
0.186409
