0.536428
0.662
0.29415
0.662
0.63339
0.662
0.0423207
0.662
0.440238
0.196907
0.318423
0.662
0.662
0.517327
0.129095
0.210277
0.662
0.122442
0.488851
0.662
0.662
0.189191
0.446715
0.662
0.662
0.366148
0.662
0.383961
0.354203
0.662
0.047583
0.0838988
0.662
0.324279
0.411528
0.336095
0.0824135
0.633694
0.662
0.662
0.11019
0.662
0.211509
0.662
0.662
0.28214
0.662
0.662
0.0177088
0.0642566
0.662
0.662
0.584437
0.662
0.662
0.632044
0.148352
0.54797
0.662
0.0293042
0.662
0.662
0.424759
0.662
0.0497623
0.284441
0.373444
0.662
0.662
0.450548
0.662
0.662
0.297221
0.662
0.197048
0.662
0.662
0.473149
0.0628564
0.605875
0.405452
0.249653
0.54667
0.348082
0.662
0.662
0.218441
0.312729
0.353182
0.538816
0.276051
0.0734416
0.401038
0.214684
0.662
0.35986
0.145864
0.662
0.38124
0.0953371
0.222441
0.346644
0.144568
0.629453
0.662
0.653084
0.636434
0.398434
0.662
0.319563
0.167619
0.326779
0.256759
0.0266064
0.662
0.662
0.662
0.618594
0.662
0.121077
0.662
0.662
0.33195
0.0146795
0.380432
0.662
0.612106
0.395949
0.0052155
0.224094
0.306429
0.103565
0.662
0.662
0.662
0.147166
0.376313
0.662
0.662
0.662
0.662
0.44786
0.662
0.539561
0.662
0.662
0.601146
0.283291
0.429335
0.184589
0.662
0.356477
0.218815
0.241772
0.21169
0.438773
0.301579
0.0112464
0.662
0.58088
0.131184
0.438338
0.662
0.662
0.599249
0.662
0.00886535
0.142086
0.662
0.19442
0.662
0.662
0.662
0.144544
0.662
0.185707
0.413852
0.662
0.477039
0.566638
0.0199083
0.0279994
0.662
0.127283
0.102518
0.26262
0.448241
0.662
0.376829
0.200839
0.267585
0.222609
0.0803684
0.662
0.662
0.662
0.43295
0.518931
0.575326
0.662
0.662
0.662
0.566732
0.662
0.285608
0.662
0.178135
0.662
0.662
0.662
0.637871
0.662
0.258095
0.288508
0.207804
0.377299
0.457774
0.662
0.379215
0.0868011
0.130212
0.619762
0.592708
0.662
0.448393
0.662
0.121583
0.662
0.662
0.662
0.662
0.153906
0.410115
0.417456
0.662
0.0829868
0.071755
0.57266
0.587025
0.662
0.662
0.365575
0.662
0.01093
0.603132
0.662
0.224352
0.0253236
0.45391
0.662
0.662
0.224823
0.39726
0.417454
0.138747
0.00691286
0.443465
0.316345
0.281564
0.109743
0.372181
0.662
0.0973722
0.190774
0.300473
0.662
0.165094
0.662
0.662
0.419849
0.662
0.152844
0.517879
0.662
0.115525
0.662
0.197114
0.662
0.24036
0.662
0.183277
0.402623
0.662
0.662
0.121709
0.199081
0.662
0.0658479
0.64061
0.662
0.173128
0.662
0.587023
0.662
0.615532
0.662
0.126742
0.404743
0.662
0.243943
0.118525
0.662
0.39562
0.0519799
0.559245
0.21059
0.662
0.631318
0.368162
0.662
0.248691
0.27841
0.662
0.412405
0.0728469
0.662
0.188643
0.462214
0.119448
0.303602
0.662
0.327719
0.662
0.105323
0.144989
0.662
0.662
0.321833
0.548554
0.613365
0.310403
0.662
0.123371
0.228842
0.662
0.140199
0.662
0.662
0.314598
0.662
0.491975
0.414245
0.243014
0.0164273
0.662
0.662
0.197843
0.662
0.662
0.662
0.56232
0.662
0.502689
0.367526
0.662
0.662
0.300671
0.662
0.0646197
0.41857
0.662
0.662
0.152802
0.104119
0.465067
0.428116
0.271009
0.119105
0.662
0.0676465
0.662
0.223496
0.662
0.480114
0.662
0.238715
0.194187
0.342194
0.662
0.143417
0.662
0.662
0.348054
0.662
0.411659
0.662
0.127405
0.50352
0.662
0.155194
0.662
0.662
0.662
0.1064
0.574548
0.662
0.662
0.662
0.662
0.662
0.19271
0.358553
0.662
0.662
0.0336359
0.662
0.0105041
0.0770092
0.281038
0.662
0.0250903
0.386867
0.662
0.11
0.173358
0.545536
0.577879
0.319607
0.562503
0.662
0.510952
0.325804
0.578192
0.662
0.662
0.451923
0.17459
0.662
0.662
0.662
0.610569
0.662
0.611619
0.366131
0.0774185
0.640284
0.393429
0.251734
0.553065
0.413526
0.00473744
0.227123
0.652908
0.182481
0.662
0.260138
0.0235635
0.344539
0.477489
0.200075
0.662
0.662
0.17444
0.0766815
0.662
0.525757
0.426463
0.282231
0.566383
0.563234
0.448224
0.454322
0.662
0.409191
0.148323
0.362568
0.260268
0.662
0.662
0.662
0.0753697
0.662
0.355548
0.662
0.49311
0.662
0.208843
0.283378
0.1614
0.456456
0.338965
0.271742
0.662
0.662
0.662
0.662
0.0317091
0.662
0.460964
0.457051
0.150696
0.269959
0.404012
0.476124
0.298941
0.579351
0.662
0.662
0.197993
0.0311393
0.662
0.069422
0.164549
0.23071
0.405684
0.0471956
0.662
0.662
0.104815
0.451908
0.43058
0.0392936
0.179329
0.200832
0.662
0.37786
0.662
0.662
0.662
0.662
0.186527
0.662
0.556225
0.203394
0.375093
0.238305
0.263545
0.662
0.328861
0.60397
0.662
0.249056
0.662
0.000329304
0.662
0.662
0.164507
0.662
0.403031
0.0799998
0.537348
0.46098
0.662
0.47107
0.662
0.662
0.269817
0.452515
0.45544
0.24269
0.12706
0.638838
0.0122905
0.571135
0.405137
0.54913
0.326027
0.63339
0.224943
0.257924
0.175888
