0.41202
0.662
0.662
0.169373
0.416253
0.253671
0.107079
0.079857
0.662
0.662
0.662
0.290569
0.662
0.0345468
0.308933
0.662
0.279879
0.256815
0.222075
0.439166
0.189468
0.393344
0.662
0.304825
0.261126
0.662
0.311577
0.662
0.198088
0.662
0.662
0.662
0.0696197
0.2301
0.335666
0.662
0.662
0.662
0.662
0.121953
0.29218
0.515278
0.662
0.227955
0.440608
0.474616
0.662
0.662
0.23153
0.410991
0.492672
0.662
0.174313
0.630736
0.28392
0.662
0.375932
0.328114
0.397038
0.319368
0.662
0.662
0.321246
0.436608
0.662
0.00310528
0.0822592
0.662
0.346042
0.36538
0.662
0.18766
0.662
0.291658
0.287583
0.0226283
0.662
0.662
0.381913
0.181193
0.220197
0.662
0.198826
0.662
0.65376
0.662
0.129817
0.0814446
0.662
0.45969
0.662
0.662
0.662
0.662
0.656912
0.662
0.572669
0.662
0.577248
0.662
0.626613
0.521995
0.0272562
0.0159881
0.662
0.534788
0.0188741
0.416471
0.448683
0.662
0.281591
0.430238
0.662
0.662
0.662
0.1972
0.164818
0.363716
0.458127
0.46996
0.662
0.19983
0.662
0.409568
0.126002
0.390942
0.0503524
0.662
0.662
0.401424
0.662
0.662
0.662
0.662
0.336569
0.372705
0.113143
0.0209806
0.557157
0.307898
0.662
0.662
0.662
0.360254
0.0171802
0.400228
0.146754
0.662
0.500525
0.18921
0.542257
0.38598
0.379612
0.662
0.334293
0.662
0.636769
0.662
0.203135
0.459943
0.459581
0.136683
0.662
0.146216
0.662
0.188718
0.213186
0.535912
0.637981
0.544912
0.470546
0.662
0.23397
0.280301
0.662
0.383417
0.380089
0.662
0.0366316
0.662
0.285004
0.0947122
0.662
0.100288
0.433766
0.238769
0.662
0.00808944
0.293335
0.662
0.106157
0.662
0.529842
0.121249
0.150962
0.219933
0.662
0.0628703
0.662
0.296088
0.292988
0.161532
0.266901
0.197578
0.208275
0.217577
0.309953
0.662
0.662
0.662
0.662
0.268661
0.152731
0.33018
0.285382
0.199836
0.662
0.301849
0.311465
0.662
0.0625901
0.662
0.286316
0.662
0.308104
0.00411303
0.662
0.662
0.662
0.0871746
0.516823
0.432441
0.360796
0.662
0.662
0.662
0.00718898
0.662
0.1321
0.662
0.1433
0.0822823
0.662
0.0627281
0.295359
0.662
0.355225
0.224426
0.312562
0.109773
0.218712
0.662
0.270756
0.100388
0.398729
0.662
0.172149
0.662
0.232197
0.204221
0.184508
0.204543
0.662
0.352958
0.217039
0.662
0.54079
0.0367196
0.222601
0.412049
0.234127
0.662
0.662
0.0297625
0.305738
0.662
0.422895
0.662
0.662
0.460153
0.353787
0.481573
0.265727
0.662
0.437033
0.302165
0.467731
0.662
0.415757
0.417295
0.565677
0.00419985
0.662
0.662
0.186753
0.662
0.329017
0.662
0.662
0.132269
0.231527
0.418193
0.179236
0.24376
0.662
0.126787
0.24699
0.586673
0.421089
0.662
0.246619
0.662
0.340222
0.181166
0.209325
0.112559
0.395558
0.519797
0.662
0.662
0.35963
0.662
0.204467
0.662
0.662
0.662
0.662
0.475105
0.453631
0.313414
0.182334
0.42301
0.662
0.662
0.662
0.662
0.0194919
0.3005
0.662
0.662
0.16915
0.223724
0.662
0.662
0.263527
0.662
0.102908
0.662
0.457797
0.495169
0.515049
0.662
0.662
0.662
0.662
0.0396331
0.358709
0.662
0.112104
0.662
0.662
0.662
0.239841
0.0159688
0.201184
0.236211
0.433079
0.662
0.662
0.418602
0.662
0.0643424
0.193924
0.0816029
0.662
0.662
0.513103
0.0950837
0.662
0.153732
0.662
0.662
0.662
0.662
0.662
0.649035
0.662
0.180429
0.662
0.198955
0.662
0.662
0.339732
0.183932
0.662
0.662
0.662
0.46971
0.075246
0.662
0.158124
0.662
0.62653
0.327273
0.254212
0.662
0.662
0.306102
0.170174
0.662
0.662
0.366832
0.185399
0.0740163
0.185878
0.246962
0.662
0.662
0.543942
0.210344
0.330997
0.436541
0.481182
0.662
0.662
0.662
0.128109
0.473629
0.179721
0.662
0.159989
0.412934
0.662
0.0617822
0.0327627
0.205188
0.640298
0.317874
0.661831
0.600228
0.390237
0.158061
0.662
0.662
0.197147
0.662
0.216089
0.662
0.662
0.131023
0.331894
0.607799
0.0823204
0.467021
0.177269
0.662
0.420559
0.445637
0.662
0.185867
0.177961
0.662
0.0250503
0.106978
0.662
0.608392
0.662
0.367689
0.332519
0.211118
0.635339
0.135863
0.662
0.662
0.218325
0.662
0.348606
0.198271
0.531938
0.662
0.662
0.348369
0.662
0.0495517
0.291563
0.662
0.38639
0.662
0.448712
0.194086
0.116458
0.662
0.662
0.0431714
0.277791
0.662
0.662
0.500268
0.662
0.0440649
0.662
0.608568
0.131782
0.662
0.662
0.57096
0.662
0.662
0.662
0.0458132
0.213032
0.63339
0.662
0.199506
0.0136932
0.662
0.662
0.662
0.662
0.426646
0.493372
0.662
0.662
0.205547
0.662
0.42533
0.173003
0.532111
0.662
0.131403
0.323427
0.662
0.455316
0.151
0.662
0.662
0.00462874
0.421064
0.662
0.662
0.463245
0.0711322
0.526037
0.302484
0.662
0.662
0.064506
0.389159
0.175832
0.662
0.662
0.0260148
0.442505
0.20505
0.447999
0.662
0.386462
0.662
0.260291
0.405225
0.404185
0.662
0.212231
0.363233
0.160212
0.599634
0.662
0.200465
0.303836
0.53913
0.662
0.662
0.195743
0.0691713
0.662
0.168431
0.193393
0.662
0.662
0.662
0.358838
0.246575
0.662
0.662
0.247399
0.46102
0.166285
0.144566
0.662
0.662
0.230199
0.662
0.484257
0.153671
0.662
0.306624
0.233289
0.124189
0.662
0.538201
0.465073
0.662
0.256134
0.33944
0.662
0.662
0.662
0.662
0.395273
0.662
0.662
0.662
0.273339
0.271826
0.161792
0.429761
0.312544
0.0687936
0.29487
0.662
0.662
0.0381487
0.111479
0.36134
0.419541
0.471037
0.227243
0.662
0.556241
0.169901
0.141822
0.0515781
0.662
0.353994
0.190979
0.00669067
0.481018
0.662
0.204972
0.662
0.333938
0.662
0.662
0.43795
0.212605
0.410064
0.161761
0.662
0.451552
0.532328
0.662
0.662
0.042843
0.405224
0.0479458
0.662
0.429527
0.0494207
0.662
0.125498
0.220207
0.301519
0.160582
0.662
0.662
0.662
0.46908
0.235776
0.662
0.662
0.662
0.168604
0.104939
0.382468
0.419214
0.177784
0.275658
0.662
0.126756
0.371532
0.662
0.662
0.412507
0.350682
0.662
0.317283
0.662
0.15802
0.196639
0.662
0.662
0.0677607
0.662
0.662
0.299797
0.104471
0.0956953
0.434334
0.662
0.523385
0.558853
0.622809
0.263828
0.662
0.662
0.0296153
0.583638
0.255805
0.289798
0.662
0.452679
0.222086
0.0568524
0.662
0.148375
0.662
0.662
0.539235
0.266477
0.662
0.662
0.475092
0.185309
0.458612
0.662
0.0450944
0.662
0.413031
0.187821
0.0658772
0.277123
0.0607844
0.662
0.528744
0.662
0.188365
0.662
0.536578
0.0703305
0.662
0.467275
0.405287
0.662
0.344682
0.662
0.662
0.557613
0.127052
0.662
0.662
0.448334
0.338695
0.662
0.615866
0.604924
0.662
0.662
0.547982
0.662
0.44447
0.233684
0.662
0.00207928
0.662
0.662
0.210826
0.662
0.662
0.502929
0.101333
0.349345
0.00710563
0.28774
0.0110219
0.569167
0.0229517
0.662
0.033856
0.598702
0.137585
0.217941
0.437693
0.662
0.322761
0.662
0.189827
0.107884
0.662
0.662
0.662
0.567662
0.0969654
0.49414
0.662
0.662
0.662
0.0407579
0.662
0.662
0.586265
0.662
0.498916
0.662
0.662
0.559295
0.203028
0.179166
0.662
0.662
0.662
0.662
0.662
0.662
0.0378513
0.662
0.340249
0.354028
0.662
0.662
0.186669
0.662
0.662
0.662
0.662
0.276795
0.0609829
0.219162
0.0110992
0.466588
0.575729
0.662
0.662
0.662
0.216796
0.662
0.069719
0.598711
0.662
0.662
0.13818
0.460756
0.0187211
0.662
0.662
0.00827899
0.523602
0.321596
0.101772
0.662
0.208755
0.662
0.282482
0.169676
0.460665
0.33255
0.292304
0.384351
0.386027
0.662
0.451607
0.166223
0.662
0.417168
0.662
0.662
0.662
0.461296
0.154043
0.276426
0.213123
0.662
0.662
0.29075
0.398033
0.315466
0.138958
0.662
0.181039
0.662
0.01878
0.188155
0.499943
0.662
0.662
0.0255539
0.215559
0.662
0.407234
0.0345764
0.110885
0.531851
0.557602
0.0332948
0.662
0.190984
0.218908
0.628715
0.662
0.469499
0.0756174
0.662
0.662
0.662
0.341524
0.465993
0.662
0.610563
0.466928
0.185274
0.662
0.471598
0.267786
0.0448596
0.662
0.662
0.662
0.000887924
0.291202
0.662
0.358065
0.662
0.12676
0.662
0.229527
0.421166
0.156545
0.25916
0.0844482
0.204438
0.1362
0.321409
0.662
0.662
0.662
0.25223
0.0061013
0.00467927
0.15687
0.42126
0.350042
0.270308
0.112436
0.463279
0.204504
0.202563
0.451358
0.268926
0.662
0.662
0.0518039
0.231202
0.662
0.662
0.662
0.0497244
0.662
0.491763
0.221001
0.272271
0.662
0.177143
0.156903
0.24668
0.481038
0.662
0.20331
0.512418
0.400411
0.138593
0.662
0.662
0.662
0.126544
0.305304
0.233014
0.384852
0.133131
0.662
0.116579
0.110217
0.125115
0.662
0.109365
0.411139
0.0636451
0.134075
0.363773
0.385141
0.662
0.192836
0.61902
0.662
0.313526
0.662
0.662
0.58862
0.38967
0.662
0.044407
0.164448
0.662
0.514969
0.494124
0.662
0.637169
0.662
0.616278
0.0709716
0.359966
0.167842
0.662
0.289101
0.211711
0.192883
0.0424809
0.662
0.264566
0.662
0.662
0.662
0.662
0.662
0.662
0.175435
0.25319
0.645674
0.121534
0.662
0.504853
0.662
0.34851
0.630661
0.459658
0.217411
0.201995
0.370573
0.472265
0.237819
0.553655
0.406118
0.662
0.662
0.0219847
0.208929
0.662
0.542334
0.207135
0.465496
0.300933
0.662
0.662
0.662
0.168757
0.413637
0.106099
0.42655
0.232072
0.318882
0.662
0.223215
0.1789
0.188726
0.662
0.18668
0.662
0.207114
0.601982
0.450843
0.127642
0.21606
0.401153
0.662
0.574782
0.395325
0.662
0.662
0.365979
0.476362
0.544506
0.218429
0.662
0.662
0.662
0.0107952
0.662
0.662
0.662
0.662
0.62452
0.313484
0.176099
0.662
0.413961
0.257286
0.20598
0.107791
0.322845
0.384037
0.342207
0.352644
0.244518
0.662
0.662
0.269776
0.662
0.0994504
0.175139
0.20038
0.136936
0.638907
0.20324
0.197857
0.662
0.662
0.278384
0.338333
0.662
0.436552
0.131603
0.143057
0.662
0.662
0.662
0.286073
0.662
0.639491
0.0351436
0.662
0.480574
0.0679894
0.662
0.662
0.203982
0.315796
0.297282
0.552397
0.662
0.0729978
0.662
0.248892
0.161769
0.662
0.256851
0.586452
0.313428
0.421419
0.662
0.662
0.662
0.662
0.447521
0.230382
0.662
0.0851408
0.269324
0.479611
0.349878
0.0747682
0.662
0.662
0.110338
0.0071717
0.328492
0.662
0.662
0.0935378
0.662
0.443468
0.662
0.662
0.662
0.238974
0.662
0.662
0.0333979
0.447658
0.662
0.662
0.662
0.125639
0.473401
0.662
0.662
0.662
0.388682
0.116964
0.662
0.662
0.291283
0.662
0.156204
0.440392
0.445678
0.11726
0.0628389
0.662
0.662
0.0631835
0.662
0.347624
0.325161
0.662
0.415081
0.04394
0.662
0.662
0.102412
0.46587
0.515501
0.170308
0.193938
0.662
0.662
0.449453
0.317289
0.502064
0.640253
0.662
0.662
0.662
0.087796
0.662
0.662
0.114816
0.662
0.0763765
0.102719
0.374471
0.194589
0.253856
0.105448
0.575797
0.347532
0.263182
0.657257
0.0603135
0.374238
0.662
0.0889361
0.662
0.662
0.662
0.662
0.662
0.203613
0.344016
0.662
0.662
0.662
0.453107
0.662
0.662
0.466072
0.473213
0.448113
0.302476
0.204053
0.284874
0.203631
0.341279
0.23365
0.662
0.662
0.226342
0.662
0.276291
0.662
0.393823
0.644162
0.662
0.523708
0.389583
0.0462235
0.662
0.0770029
0.101533
0.662
0.662
0.0912359
0.662
0.460113
0.662
0.00498615
0.478734
0.349605
0.50995
0.662
0.662
0.355836
0.121935
0.195996
0.13731
0.662
0.662
0.662
0.662
0.435641
0.662
0.0519116
0.419521
0.471676
0.662
0.352734
0.336427
0.2296
0.102033
0.662
0.048069
0.203333
0.662
0.204977
0.662
0.0665486
0.217438
0.468183
0.424583
0.435721
0.226376
0.340263
0.19984
0.351125
0.313198
0.330456
0.428299
0.507725
0.335114
0.405006
0.662
0.662
0.290073
0.662
0.0627277
0.662
0.0910709
0.0667798
0.662
0.662
0.000226922
0.0474853
0.662
0.43512
0.358878
0.551613
0.186814
0.629229
0.662
0.2383
0.662
0.15333
0.0879728
0.148977
0.662
0.662
0.662
0.662
0.216484
0.662
0.662
0.41648
0.662
0.662
0.308419
0.662
0.56035
0.662
0.370784
0.662
0.662
0.461739
0.415549
0.662
0.658029
0.662
0.317059
0.0136908
0.27278
0.0424582
0.194381
0.662
0.547387
0.662
0.268018
0.662
0.662
0.662
0.258298
0.662
0.130657
0.662
0.328644
0.0451206
0.389221
0.662
0.411945
0.662
0.527471
0.165271
0.662
0.200397
0.576717
0.662
0.0547051
0.662
0.110008
0.662
0.0163943
0.150326
0.662
0.166254
0.431453
0.0111613
0.0147488
0.232422
0.662
0.103078
0.478326
0.0940501
0.662
0.069802
0.662
0.149097
0.129196
0.662
0.662
0.662
0.463871
0.662
0.662
0.662
0.597398
0.370061
0.298032
0.662
0.662
0.231318
0.662
0.445429
0.382151
0.662
0.266196
0.329432
0.662
0.50477
0.601986
0.347376
0.0474254
0.662
0.662
0.477863
0.255216
0.218315
0.0676701
0.207993
0.662
0.451859
0.357336
0.487376
0.335626
0.412301
0.105774
0.132945
0.230484
0.662
0.375076
0.662
0.662
0.615578
0.279255
0.45127
0.215371
0.153135
0.150029
0.190863
0.299875
0.280227
0.1553
0.662
0.366246
0.266427
0.205877
0.350377
0.153961
0.662
0.662
0.282039
0.117493
0.4509
0.599753
0.662
0.612097
0.662
0.662
0.00340322
0.662
0.662
0.662
0.383395
0.51641
0.523273
0.486547
0.271859
0.162811
0.00439417
0.662
0.0211247
0.339536
0.285623
0.451862
0.494849
0.662
0.135749
0.482942
0.116896
0.662
0.292425
0.662
0.372223
0.375759
0.426802
0.294899
0.0643091
0.304489
0.218784
0.24011
0.203
0.662
0.662
0.662
0.530602
0.662
0.154079
0.512488
0.662
0.662
0.662
0.0861745
0.0556511
0.200175
0.47642
0.0836823
0.0927615
0.197404
0.662
0.662
0.662
0.662
0.405908
0.113298
0.373768
0.662
0.495768
0.220408
0.353716
0.389577
0.172694
0.297418
0.662
0.662
0.101953
0.230614
0.196303
0.365402
0.463484
0.662
0.440327
0.416432
0.594948
0.157843
0.487776
0.359539
0.111248
0.212084
0.662
0.662
0.662
0.0730492
0.274867
0.371038
0.662
0.218638
0.662
0.662
0.424484
0.392302
0.662
0.662
0.662
0.662
0.662
0.662
0.662
0.189638
0.662
0.338792
0.494407
0.00148538
0.662
0.662
0.0681322
0.603187
0.662
0.520903
0.286946
0.441448
0.662
0.662
0.425945
0.662
0.662
0.198825
0.366374
0.662
0.201442
0.204753
0.426031
0.578094
0.414968
0.662
0.0410934
0.207468
0.662
0.0494238
0.326919
0.247935
0.326097
0.662
0.565468
0.0873696
0.662
0.505527
0.662
0.0503739
0.401398
0.662
0.106955
0.662
0.662
0.662
0.662
0.662
0.662
0.662
0.662
0.662
0.263874
0.141114
0.267242
0.541673
0.402689
0.101987
0.290887
0.00840246
0.422798
0.0707345
0.35835
0.135312
0.578125
0.174695
0.662
0.494661
0.662
0.429165
0.218066
0.277978
0.198571
0.419359
0.23349
0.173217
0.135653
0.0286848
0.414063
0.662
0.194239
0.401191
0.246661
0.206145
0.333864
0.113662
0.649311
0.355965
0.662
0.262027
0.662
0.662
0.369558
0.423779
0.598931
0.301772
0.312655
0.662
0.662
0.662
0.297121
0.662
0.629706
0.662
0.662
0.662
0.662
0.285431
0.662
0.662
0.633545
0.0288971
0.662
0.159955
0.412989
0.0157509
0.662
0.203554
0.26433
0.662
0.325343
0.355108
0.296134
0.232535
0.503045
0.662
0.329819
0.0984014
0.662
0.155406
0.124305
0.16209
0.267615
0.265264
0.224168
0.507345
0.208554
0.205887
0.602565
0.0488489
0.21963
0.076529
0.662
0.317544
0.192601
0.134817
0.135671
0.273387
0.00898677
0.136229
0.662
0.662
0.662
0.618436
0.135012
0.450314
0.193419
0.343881
0.48683
0.0326764
0.621179
0.0560943
0.458322
0.552099
0.228465
0.662
0.172901
0.662
0.00578995
0.662
0.662
0.043575
0.662
0.662
0.391577
0.662
0.108246
0.637805
0.328438
0.553049
0.0886971
0.662
0.662
0.613561
0.337768
0.0333222
0.662
0.206753
0.241107
0.11701
0.311322
0.662
0.662
0.662
0.357671
0.0135875
0.366684
0.246858
0.246608
0.297801
0.662
0.662
0.662
0.662
0.518313
0.662
0.294042
0.240013
0.186916
0.0826705
0.351151
0.662
0.662
0.662
0.378725
0.150231
0.662
0.200418
0.662
0.461279
0.355501
0.140863
0.351468
0.662
0.210308
0.291764
0.662
0.405014
0.662
0.340015
0.175383
0.327036
0.360745
0.300822
0.662
0.0565384
0.570043
0.662
0.662
0.095424
0.662
0.38468
0.0392601
0.0981366
0.0801122
0.424477
0.392942
0.5264
0.22347
0.649431
0.247232
0.283452
0.662
0.662
0.0572657
0.239697
0.42669
0.662
0.263136
0.328164
0.410362
0.242444
0.104947
0.662
0.378925
0.662
0.662
0.209819
0.455301
0.305924
0.137992
0.179029
0.662
0.386233
0.115125
0.0089698
0.0292474
0.662
0.0487897
0.0615358
0.351855
0.439488
0.437739
0.382815
0.221856
0.362489
0.662
0.0402571
0.201999
0.662
0.662
0.614099
0.266056
0.662
0.662
0.280103
0.519619
0.2285
0.662
0.309583
0.662
0.464897
0.662
0.506094
0.662
0.662
0.340835
0.501988
0.483348
0.303059
0.409653
0.662
0.301076
0.560129
0.0101531
0.662
0.662
0.176105
0.138064
0.662
0.662
0.0948721
0.662
0.110066
0.662
0.662
0.0632573
0.446992
0.662
0.662
0.27736
0.467819
0.364827
0.459822
0.36427
0.662
0.662
0.199252
0.662
0.172889
0.44824
0.662
0.409059
0.605547
0.0631438
0.662
0.0934695
0.397569
0.207455
0.0865766
0.212913
0.662
0.501458
0.473472
0.662
0.662
0.662
0.292006
0.662
0.462319
0.608011
0.358276
0.262533
0.291991
0.0447992
0.662
0.125783
0.28209
0.258523
0.662
0.662
0.319881
0.662
0.442635
0.662
0.237531
0.0407998
0.310527
0.422408
0.425069
0.0425763
0.662
0.662
0.662
0.662
0.444841
0.440487
0.662
0.662
0.581323
0.662
0.662
0.662
0.662
0.137407
0.343572
0.268015
0.319964
0.119974
0.172496
0.662
0.00193393
0.402641
0.27767
0.21625
0.44722
0.315087
0.195657
0.156625
0.103431
0.662
0.662
0.118194
0.222503
0.156602
0.553247
0.361828
0.0604468
0.175235
0.662
0.662
0.662
0.662
0.662
0.269812
0.662
0.494659
0.583147
0.258571
0.662
0.326365
0.302731
0.402272
0.662
0.662
0.240445
0.590693
0.00902725
0.662
0.662
0.319398
0.269464
0.662
0.069231
0.443035
0.528755
0.395934
0.662
0.514398
0.269363
0.012947
0.306405
0.662
0.662
0.153525
0.288201
0.662
0.662
0.397104
0.662
0.14698
0.415059
0.126359
0.662
0.409119
0.236139
0.662
0.0225986
0.662
0.286609
0.210451
0.192492
0.662
0.244623
0.4214
0.450923
0.41787
0.662
0.662
0.662
0.48576
0.662
0.289393
0.438039
0.243951
0.380796
0.63339
0.261486
0.0927596
0.662
0.230843
0.580655
0.310444
0.476015
0.662
0.10015
0.109897
0.662
0.551378
0.322669
0.467903
0.662
0.662
0.569107
0.504123
0.662
0.662
0.217796
0.288233
0.172657
0.662
0.124323
0.662
0.662
0.20198
0.0976639
0.159572
0.662
0.28255
0.403955
0.476946
0.349301
0.411822
0.662
0.255745
0.662
0.556509
0.662
0.48457
0.00552173
0.229904
0.207401
0.662
0.268531
0.309007
0.0265168
0.662
0.324104
0.159333
0.401025
0.218481
0.662
0.4288
0.0403158
0.401079
0.102127
0.18802
0.052251
0.662
0.267078
0.662
0.662
0.0683791
0.662
0.386166
0.662
0.662
0.377184
0.24464
0.628413
0.662
0.662
0.423564
0.662
0.140319
0.496584
0.0219056
0.662
0.0341656
0.332265
0.180668
0.662
0.662
0.612465
0.181524
0.48006
0.662
0.425126
0.662
0.35173
0.306367
0.233456
0.662
0.662
0.327024
0.428086
0.264379
0.662
0.662
0.573112
0.662
0.217741
0.662
0.662
0.188035
0.0192511
0.357334
0.220659
0.246198
0.150358
0.00593571
0.51581
0.0607033
0.662
0.662
0.662
0.662
0.271081
0.460123
0.662
0.364865
0.222486
0.224929
0.468425
0.189649
0.0968857
0.662
0.662
0.119672
0.357075
0.662
0.315553
0.662
0.662
0.164655
0.073584
0.494714
0.662
0.306046
0.567774
0.662
0.200157
0.662
0.152562
0.147608
0.662
0.0106952
0.662
0.0796338
0.249272
0.301441
0.662
0.18076
0.662
0.0830507
0.662
0.264817
0.222895
0.662
0.662
0.595757
0.662
0.662
0.110896
0.286652
0.391079
0.597632
0.140405
0.318577
0.0527709
0.28918
0.106771
0.277089
0.128338
0.662
0.064217
0.195756
0.633694
0.19339
0.453659
0.662
0.0694658
0.312377
0.370765
0.463498
0.255555
0.393192
0.395765
0.662
0.662
0.0761175
0.662
0.0781315
0.662
0.218865
0.386191
0.349671
0.662
0.441821
0.662
0.4398
0.0944378
0.114222
0.393368
0.165488
0.405761
0.662
0.662
0.405394
0.662
0.662
0.662
0.662
0.662
0.662
0.13282
0.278859
0.662
0.0742177
0.662
0.662
0.443168
0.662
0.349016
0.662
0.662
0.332536
0.326081
0.662
0.647498
0.299302
0.608236
0.662
0.394362
0.662
0.662
0.011923
0.308906
0.13104
0.323692
0.14271
0.662
0.402034
0.662
0.662
0.662
0.319618
0.662
0.343687
0.407682
0.662
0.662
0.129635
0.662
0.467653
0.296196
0.227694
0.203447
0.0412424
0.662
0.10888
0.506367
0.662
0.0682269
0.135195
0.662
0.662
0.662
0.186057
0.246983
0.327746
0.662
