0.662
0.173661
0.318274
0.56232
0.662
0.405137
0.0343672
0.662
0.561356
0.427003
0.402033
0.101035
0.121709
0.662
0.496926
0.662
0.662
0.336894
0.662
0.662
0.165901
0.335621
0.164804
0.306101
0.639928
0.399808
0.358212
0.350115
0.662
0.01093
0.35986
0.662
0.0737423
0.662
0.275076
0.662
0.233467
0.119606
0.662
0.0289928
0.662
0.662
0.459173
0.205117
0.662
0.068877
0.662
0.662
0.662
0.662
0.0941512
0.157152
0.203359
0.521665
0.662
0.662
0.360702
0.208843
0.372181
0.662
0.408252
0.39472
0.0568961
0.404309
0.227123
0.662
0.662
0.662
0.660451
0.27382
0.442553
0.662
0.225373
0.662
0.662
0.620335
0.0954654
0.16036
0.64061
0.365127
0.0122905
0.662
0.164323
0.306429
0.662
0.413852
0.662
0.178557
0.662
0.156313
0.662
0.19442
0.662
0.422239
0.662
0.220674
0.662
0.590419
0.0577253
0.479911
0.662
0.554225
0.662
0.337881
0.662
0.211271
0.356477
0.531576
0.126742
0.404743
0.218441
0.214374
0.231363
0.397103
0.195022
0.376147
0.37803
0.164594
0.662
0.239423
0.431139
0.377051
0.205512
0.199754
0.232784
0.103254
0.333167
0.662
0.662
0.417456
0.168455
0.197114
0.40929
0.19271
0.186128
0.662
0.357313
0.662
0.662
0.164507
0.197962
0.662
0.58088
0.380563
0.611619
0.00656552
0.662
0.143417
0.662
0.1292
0.26262
0.214514
0.662
0.577287
0.0973722
0.0392906
0.22309
0.662
0.184589
0.59986
0.405452
0.662
0.123371
0.400903
0.662
0.171961
0.662
0.0235635
0.662
0.662
0.142505
0.318423
0.391631
0.662
0.662
0.393395
0.109318
0.192321
0.591646
0.662
0.443562
0.426956
0.662
0.662
0.662
0.47571
0.662
0.662
0.662
0.196952
0.350478
0.484143
0.0734416
0.244529
0.662
0.662
0.662
0.221289
0.662
0.45594
0.662
0.461624
0.662
0.236032
0.662
0.662
0.0859518
0.662
0.544877
0.662
0.662
0.662
0.662
0.662
0.662
0.0319807
0.062984
0.170671
0.577879
0.272738
0.441356
0.167206
0.605065
0.470577
0.493867
0.293243
0.433705
0.188268
0.165699
0.227968
0.0935803
0.209084
0.419909
0.573219
0.240974
0.277545
0.260401
0.103754
0.223114
0.662
0.662
0.662
0.662
0.662
0.662
0.416123
0.250768
0.282231
0.566383
0.662
0.520928
0.427407
0.365575
0.662
0.316345
0.284441
0.288508
0.662
0.263407
0.00838603
0.0730845
0.477489
0.134612
0.0580746
0.662
0.22878
0.220133
0.662
0.662
0.350799
0.0284099
0.662
0.53985
0.662
0.662
0.115166
0.0330552
0.662
0.628256
0.309131
0.219058
0.575109
0.264223
0.662
0.545536
0.440238
0.196907
0.345647
0.662
0.424199
0.662
0.662
0.358553
0.229197
0.108614
0.662
0.190774
0.662
0.222441
0.206953
0.0623286
0.232707
0.267087
0.662
0.0532793
0.662
0.662
0.310568
0.662
0.0525317
0.277857
0.662
0.330301
0.662
0.610569
0.10913
0.662
0.662
0.662
0.662
0.121077
0.24036
0.459637
0.662
0.475033
0.0870503
0.231369
0.0148119
0.662
0.458702
0.0242422
0.187723
0.108295
0.366131
0.662
0.662
0.243736
0.526986
0.662
0.38124
0.662
0.347051
0.264014
0.309204
0.1064
0.662
0.25181
0.662
0.662
0.412405
0.437879
0.662
0.551121
0.224943
0.662
0.662
0.461449
0.662
0.662
0.37786
0.647102
0.662
0.0423207
0.662
0.166547
0.225049
0.115525
0.241772
0.462941
0.424509
0.0470298
0.0164273
0.117193
0.395949
0.662
0.397058
0.662
0.167197
0.384414
0.28214
0.376479
0.662
0.50076
0.199086
0.662
0.311848
0.662
0.662
0.662
0.451897
0.662
0.197843
0.662
0.153906
0.662
0.396025
0.662
0.594859
0.189191
0.662
0.662
0.435276
0.367526
0.0867617
0.135699
0.348769
0.566003
0.637871
0.41593
0.662
0.257653
0.0719966
0.662
0.107053
0.192667
0.240078
0.662
0.662
0.662
0.425313
0.248691
0.18411
0.324571
0.175888
0.427126
0.662
0.220767
0.192193
0.662
0.662
0.145864
0.662
0.662
0.239876
0.662
0.0658425
0.662
0.662
0.0838988
0.0101909
0.296002
0.11
0.649626
0.662
0.634228
0.662
0.191456
0.662
0.662
0.0139211
0.626371
0.662
0.395207
0.660092
0.182377
0.662
0.258095
0.0719723
0.200323
0.0753697
0.662
0.297143
0.393148
0.192113
0.662
0.662
0.0657604
0.509747
0.228432
0.152844
0.310403
0.35004
0.185016
0.283291
0.265618
0.104119
0.173128
0.22952
0.210168
0.221364
0.662
0.662
0.662
0.662
0.662
0.128424
0.069422
0.662
0.536428
0.662
0.0421286
0.234219
0.113034
0.482519
0.662
0.282459
0.301033
0.662
0.662
0.662
0.539453
0.398957
0.369129
0.296286
0.140214
0.0266064
0.174998
0.226589
0.662
0.622723
0.364148
0.191631
0.300671
0.662
0.158498
0.00688729
0.217337
0.474184
0.662
0.662
0.662
0.210242
0.662
0.186757
0.143745
0.324646
0.0476969
0.562503
0.662
0.370013
0.662
0.0662168
0.422069
0.393195
0.613365
0.662
0.0887777
0.473312
0.662
0.59176
0.662
0.662
0.662
0.187897
0.662
0.212723
0.662
0.662
0.662
0.662
0.662
0.600366
0.662
0.662
0.187247
0.447967
0.545853
0.603766
0.144544
0.204315
0.413526
0.281564
0.393514
0.370982
0.0703437
0.029516
0.411528
0.662
0.662
0.662
0.662
0.019343
0.662
0.275682
0.662
0.322267
0.494527
0.314646
0.353182
0.60534
0.0144251
0.314226
0.592235
0.295828
0.539561
0.0347087
0.662
0.608004
0.391596
0.662
0.662
0.575326
0.612552
0.662
0.55488
0.662
0.662
0.376829
0.28722
0.435472
0.662
0.435295
0.662
0.662
0.662
0.45605
0.536928
0.662
0.662
0.662
0.662
0.662
0.662
0.0580301
0.662
0.00895467
0.662
0.454374
0.382223
0.0498286
0.202927
0.0730964
0.357985
0.662
0.312608
0.137774
0.155652
0.201203
0.618941
0.54913
0.451923
0.387533
0.197993
0.662
0.662
0.662
0.662
0.0906851
0.662
0.0223435
0.411659
0.578192
0.129095
0.662
0.662
0.410115
0.0279994
0.221531
0.662
0.119448
0.455153
0.297318
0.662
0.662
0.662
0.532616
0.101504
0.662
0.339195
0.662
0.662
0.211509
0.662
0.662
0.662
0.319826
0.333933
0.319607
0.0657462
0.662
0.346661
0.0395525
0.296447
0.427099
0.649846
0.662
0.662
0.448224
0.662
0.172537
0.44786
0.662
0.222931
0.662
0.662
0.662
0.411629
0.662
0.344539
0.16147
0.300473
0.662
0.640229
0.662
0.384579
0.352243
0.662
0.662
0.419849
0.662
0.166417
0.235973
0.404012
0.134607
0.328336
0.662
0.662
0.153433
0.232902
0.445506
0.647579
0.142863
0.662
0.338419
0.0243553
0.662
0.662
0.662
0.251098
0.291653
0.429868
0.373444
0.0487534
0.531809
0.662
0.662
0.498024
0.268744
0.11343
0.543421
0.149082
0.662
0.662
0.19754
0.348082
0.0599693
0.509481
0.623764
0.541796
0.0858228
0.658078
0.662
0.186527
0.662
0.475084
0.361155
0.662
0.185489
0.166555
0.460272
0.662
0.0650938
0.605875
0.662
0.662
0.283242
0.367322
0.662
0.662
0.662
0.089792
0.662
0.662
0.662
0.28599
0.662
0.662
0.662
0.662
0.457088
0.662
0.00691286
0.066569
0.662
0.214136
0.206148
0.662
0.662
0.662
0.662
0.281452
0.545051
0.662
0.0772105
0.421523
0.338195
0.662
0.465067
0.366352
0.566732
0.651955
0.534337
0.530874
0.192571
0.321833
0.144446
0.662
0.250703
0.662
0.0253236
0.0250903
0.326779
0.120066
0.662
0.0105041
0.662
0.42899
0.183277
0.24765
0.336019
0.278398
0.18368
0.426463
0.199945
0.0795956
0.662
0.662
0.618594
0.662
0.662
0.65195
0.662
0.662
0.109743
0.612106
0.127283
0.10734
0.350378
0.497823
0.326027
0.662
0.622302
0.662
0.662
0.662
0.662
0.327719
0.066793
0.662
0.20677
0.310668
0.392269
0.155186
0.662
0.631108
0.170315
0.662
0.662
0.313419
0.150696
0.662
0.662
0.14477
0.267585
0.662
0.662
0.0735521
0.122442
0.208691
0.39562
0.513259
0.362973
0.662
0.637674
0.662
0.297498
0.15328
0.0546353
0.298941
0.024106
0.023454
0.0424311
0.244567
0.45544
0.276051
0.472805
0.379428
0.662
0.0642566
0.103565
0.662
0.1469
0.430474
0.271009
0.339211
0.662
0.0789181
0.60397
0.662
0.662
0.254764
0.662
0.662
0.662
0.662
0.482144
0.196866
0.187211
0.445384
0.662
0.662
0.29364
0.662
0.662
0.420679
0.662
0.662
0.127535
0.107561
0.200839
0.662
0.348054
0.199081
0.108434
0.184173
0.177057
0.2106
0.00390333
0.662
0.461026
0.662
0.553065
0.662
0.313202
0.662
0.0695179
0.093395
0.147934
0.342194
0.662
0.179516
0.5538
0.662
0.662
0.416719
0.127405
0.662
0.662
0.496517
0.403569
0.662
0.662
