0.134179
0.662
0.141445
0.662
0.662
0.398484
0.324793
0.165127
0.318934
0.662
0.433982
0.0252268
0.625071
0.31831
0.662
0.662
0.00999562
0.662
0.129781
0.457526
0.417277
0.332718
0.662
0.662
0.658765
0.436949
0.495686
0.168735
0.662
0.662
0.662
0.0986972
0.171572
0.662
0.644492
0.458837
0.0440216
0.230908
0.188316
0.662
0.662
0.558768
0.633694
0.19857
0.662
0.399096
0.208912
0.328937
0.192939
0.662
0.0496094
0.662
0.452844
0.131683
0.662
0.0787115
0.662
0.237189
0.47257
0.229136
0.662
0.0681819
0.186409
0.662
0.199776
0.461223
0.416796
0.454941
0.629455
0.293094
0.570253
0.349152
0.662
0.662
0.631481
0.232297
0.041728
0.238486
0.662
0.522975
0.454932
0.662
0.0033837
0.392706
0.421984
0.149253
0.662
0.207332
0.0737163
0.484078
0.662
0.662
0.372616
0.363375
0.64934
0.32353
0.662
0.662
0.363203
0.417363
0.662
0.367254
0.53462
0.662
0.662
0.450203
0.211026
0.449444
0.662
0.199593
0.356162
0.662
0.319545
0.608447
0.130153
0.199162
0.662
0.136185
0.585831
0.375468
0.186884
0.662
0.662
0.4543
0.524811
0.662
0.627147
0.662
0.467266
0.662
0.6264
0.662
0.662
0.662
0.662
0.662
0.662
0.662
0.583305
0.662
0.662
0.410003
0.295582
0.0333048
0.662
0.662
0.215721
0.415632
0.662
0.515217
0.203936
0.152741
0.484602
0.662
0.573721
0.662
0.0885801
0.492132
0.0492056
0.0237816
0.157775
0.662
0.114741
0.437335
0.104442
0.662
0.368806
0.333819
0.0172691
0.386217
0.0908085
0.140966
0.274128
0.662
0.662
0.523914
0.662
0.662
0.123986
0.347484
0.0438845
0.662
0.662
0.23421
0.662
0.436831
0.372107
0.662
0.38825
0.662
0.406533
0.662
0.662
0.633917
0.662
0.222449
0.662
0.662
0.662
0.127019
0.242751
0.204971
0.525505
0.3778
0.662
0.460631
0.313532
0.00667666
0.597388
0.4105
0.662
0.118931
0.662
0.573479
0.199654
0.00360765
0.0901399
0.545757
0.12716
0.175298
0.352056
0.662
0.569468
0.662
0.215549
0.471907
0.662
0.202726
0.539163
0.492963
0.31354
0.499137
0.429582
0.604025
0.662
0.662
0.662
0.555628
0.362896
0.662
0.662
0.221174
0.105016
0.469321
0.662
0.326535
0.252598
0.223782
0.662
0.250491
0.662
0.662
0.598377
0.42188
0.662
0.662
0.662
0.662
0.177014
0.662
0.209839
0.288707
0.463419
0.467851
0.662
0.0468388
0.662
0.438832
0.432074
0.662
0.268769
0.253963
0.378421
0.362245
0.662
0.662
0.18467
0.638951
0.165102
0.187393
0.141148
0.661877
0.450733
0.0842073
0.662
0.624599
0.662
0.184774
0.0807853
0.662
0.0245719
0.052441
0.662
0.38366
0.662
0.662
0.451311
0.209184
0.602719
0.128532
0.486371
0.662
0.123903
0.246486
0.135423
0.17256
0.662
0.662
0.148276
0.220526
0.662
0.662
0.241637
0.409302
0.304525
0.129247
0.0681497
0.662
0.263815
0.542427
0.662
0.0189083
0.185072
0.195522
0.662
0.662
0.2478
0.384715
0.662
0.662
0.662
0.591494
0.662
0.477803
0.228254
0.662
0.662
0.484571
0.232801
0.204329
0.662
0.222145
0.662
0.137917
0.662
0.390974
0.662
0.130683
0.29582
0.286601
0.31982
0.0221496
0.121279
0.484742
0.40974
0.229372
0.421044
0.395935
0.13933
0.662
0.662
0.0784869
0.662
0.169429
0.465556
0.662
0.529252
0.662
0.349271
0.168555
0.0205485
0.662
0.582625
0.662
0.662
0.316412
0.41749
0.199441
0.284302
0.177718
0.662
0.390045
0.657624
0.0423657
0.448702
0.174636
0.662
0.188229
0.229311
0.189572
0.662
0.107014
0.190602
0.00842663
0.530987
0.662
0.425791
0.481222
