0.528229
0.188268
0.0114313
0.662
0.0788486
0.55051
0.662
0.662
0.372563
0.614377
0.374059
0.620469
0.176306
0.662
0.662
0.662
0.662
0.504806
0.662
0.28471
0.42643
0.0673312
0.662
0.474555
0.662
0.323557
0.380044
0.662
0.662
0.269694
0.197872
0.34002
0.0770847
0.343673
0.662
0.379389
0.662
0.259326
0.242198
0.0836529
0.662
0.0738208
0.0411727
0.111064
0.662
0.662
0.662
0.559149
0.662
0.662
0.351825
0.662
0.662
0.166033
0.172532
0.662
0.477945
0.594231
0.500348
0.475704
0.0118547
0.640549
0.62305
0.42645
0.662
0.365127
0.511538
0.662
0.322998
0.118319
0.662
0.662
0.197047
0.400412
0.662
0.662
0.662
0.662
0.193631
0.187757
0.405783
0.16395
0.662
0.48154
0.662
0.322017
0.358765
0.357313
0.261634
0.350706
0.662
0.662
0.279937
0.662
0.448568
0.35818
0.662
0.151159
0.662
0.313705
0.662
0.662
0.662
0.290379
0.205817
0.304309
0.662
0.508427
0.662
0.311126
0.0981198
0.662
0.662
0.251098
0.662
0.662
0.662
0.662
0.662
0.0892944
0.662
0.662
0.554134
0.00684936
0.662
0.131766
0.407445
0.56338
0.178508
0.662
0.329223
0.278182
0.662
0.218038
0.208452
0.242598
0.15758
0.662
0.351137
0.255282
0.11343
0.662
0.308693
0.662
0.306438
0.662
0.33679
0.662
0.0470907
0.266796
0.361688
0.662
0.662
0.22626
0.662
0.385316
0.250586
0.158855
0.662
0.291628
0.524997
0.00579181
0.346444
0.450211
0.507084
0.662
0.350344
0.662
0.181431
0.662
0.137774
0.662
0.193771
0.298009
0.662
0.424006
0.662
0.662
0.662
0.288923
0.582702
0.425623
0.171635
0.00302754
0.662
0.431511
0.662
0.0796729
0.662
0.662
0.0623847
0.475033
0.662
0.0807647
0.212152
0.420932
0.305574
0.662
0.662
0.165553
0.353615
0.0828538
0.223706
0.323351
0.662
0.215943
0.662
0.360194
0.662
0.38634
0.60796
0.192498
0.662
0.0543798
0.0302849
0.642039
0.662
0.00462082
0.662
0.662
0.166988
0.633822
0.194074
0.404523
0.572843
0.0875546
0.278678
0.0495119
0.662
0.208118
0.392775
0.44007
0.169121
0.375657
0.126725
0.662
0.342439
0.662
0.662
0.368415
0.485614
0.333041
0.407933
0.383925
0.0777101
0.349193
0.177057
0.16147
0.662
0.136243
0.0251413
0.662
0.212723
0.404084
0.293415
0.662
0.662
0.662
0.506523
0.0218165
0.166402
0.354664
0.384529
0.662
0.662
0.34009
0.662
0.38038
0.479911
0.0219258
0.229858
0.399205
0.662
0.662
0.662
0.53537
0.662
0.528872
0.28242
0.00890861
0.0689544
0.662
0.539522
0.606568
0.662
0.662
0.0255392
0.662
0.662
0.146341
0.427634
0.60354
0.243884
0.662
0.386167
0.424549
0.662
0.110088
0.662
0.662
0.344149
0.662
0.662
0.662
0.290184
0.384862
0.0681321
0.197951
0.662
0.201849
0.662
0.662
0.385505
0.662
0.281608
0.489356
0.662
0.559553
0.662
0.662
0.288318
0.160834
0.662
0.662
0.589621
0.427187
0.402407
0.525645
0.662
0.53493
0.128382
0.257923
0.662
0.135469
0.662
0.453296
0.510011
0.0596892
0.405066
0.135974
0.662
0.0363702
0.363273
0.50542
0.662
0.451141
0.662
0.662
0.152553
0.204662
0.662
0.252968
0.662
0.45362
0.662
0.601958
0.269804
0.0709626
0.263926
0.136081
0.3382
0.662
0.00637162
0.3928
0.445384
0.662
0.662
0.177073
0.265238
0.662
0.224285
0.237246
0.662
0.133545
0.222169
0.197547
0.567531
0.241333
0.0634786
0.662
0.231889
0.612806
0.662
0.333981
0.375983
0.662
0.0189561
0.473371
0.294333
0.662
0.540014
0.0911694
0.662
0.662
0.662
0.662
0.395995
0.662
0.662
0.662
0.662
0.662
0.529965
0.662
0.662
0.662
0.370731
0.129397
0.408102
0.533857
0.465747
0.35244
0.662
0.298394
0.24829
0.135111
0.211641
0.00658599
0.133309
0.606898
0.662
0.56474
0.662
0.129103
0.662
0.662
0.662
0.662
0.662
0.662
0.662
0.124413
0.298408
0.324431
0.0392805
0.26516
0.471845
0.275462
0.0116637
0.408902
0.288556
0.595716
0.244274
0.161005
0.662
0.470465
0.662
0.469749
0.0782568
0.662
0.662
0.220317
0.662
0.118398
0.662
0.587977
0.133611
0.662
0.662
0.269608
0.662
0.662
0.198584
0.43113
0.122653
0.153739
0.662
0.209114
0.662
0.40301
0.0913022
0.552311
0.662
0.192197
0.662
0.662
0.0941512
0.232273
0.662
0.662
0.419468
0.0128305
0.409371
0.662
0.662
0.662
0.0443843
0.662
0.662
0.329678
0.0693277
0.306942
0.0851929
0.262727
0.402098
0.515006
0.662
0.575786
0.662
0.304685
0.249512
0.0724917
0.662
0.0524086
0.470305
0.662
0.662
0.662
0.662
0.662
0.119123
0.236161
0.0976564
0.346784
0.662
0.109898
0.0920665
0.381177
0.196972
0.116511
0.0661965
0.000521727
0.662
0.662
0.468063
0.662
0.374568
0.662
0.193073
0.662
0.244617
0.565334
0.545287
0.662
0.291786
0.438107
0.662
0.172873
0.662
0.662
0.621463
0.0580265
0.64069
0.353896
0.0770043
0.662
0.456221
0.662
0.508212
0.623905
0.0198599
0.662
0.22878
0.166503
0.0448251
0.662
0.00329229
0.0458609
0.0204122
0.662
0.313128
0.145211
0.662
0.662
0.460832
0.200384
0.662
0.662
0.662
0.662
0.366689
0.194947
0.400937
0.662
0.467905
0.600055
0.202829
0.0037772
0.662
0.0638616
0.344991
0.662
0.271233
0.398437
0.662
0.300955
0.662
0.662
0.248371
0.439214
0.303172
0.254571
0.0953028
0.424008
0.19578
0.662
0.662
0.662
0.117871
0.476071
0.662
0.441954
0.393095
0.0661573
0.662
0.662
0.662
0.301166
0.662
0.287336
0.155615
0.298406
0.161685
0.662
0.217819
0.662
0.269577
0.0918086
0.660451
0.175378
0.173614
0.180018
0.662
0.197509
0.186327
0.662
0.292803
0.662
0.0180278
0.662
0.0206153
0.662
0.662
0.197921
0.662
0.359232
0.662
0.432098
0.662
0.349742
0.662
0.387293
0.264554
0.662
0.410716
0.662
0.505249
0.662
0.662
0.156841
0.14411
0.662
0.215319
0.0286626
0.567834
0.203298
0.386982
0.632189
0.662
0.371031
0.662
0.662
0.0771599
0.631073
0.102754
0.0630387
0.207781
0.242621
0.662
0.662
0.662
0.00260135
0.523214
0.32804
0.279871
0.344928
0.426322
0.428104
0.662
0.487763
0.662
0.662
0.24437
0.662
0.471107
0.662
0.662
0.105906
0.409783
0.331179
0.662
0.236871
0.662
0.261125
0.32126
0.277579
0.257999
0.254345
0.662
0.169786
0.662
0.662
0.257577
0.662
0.458185
0.662
0.38909
0.192499
0.327975
0.145713
0.363862
0.117419
0.662
0.362903
0.662
0.505933
0.662
0.662
0.662
0.117616
0.662
0.662
0.515076
0.662
0.396538
0.299611
0.48992
0.359656
0.625152
0.662
0.302497
0.662
0.284295
0.157728
0.19419
0.662
0.662
0.283425
0.476258
0.361338
0.662
0.300468
0.210309
0.662
0.662
0.0959527
0.0335136
0.662
0.662
0.662
0.473095
0.662
0.221019
0.329428
0.250021
0.631502
0.662
0.571115
0.164844
0.375856
0.662
0.662
0.0346335
0.515734
0.662
0.156075
0.275932
0.662
0.405321
0.508179
0.662
0.662
0.662
0.187902
0.285051
0.662
0.662
0.60074
0.434769
0.662
0.288405
0.284393
0.662
0.662
0.202757
0.240467
0.309695
0.662
0.662
0.662
0.662
0.138688
0.602712
0.282607
0.662
0.533309
0.662
0.372713
0.662
0.662
0.662
0.0990546
0.662
0.0142227
0.16027
0.662
0.631148
0.134612
0.350276
0.662
0.662
0.369509
0.174461
0.0935641
0.531737
0.0112886
0.202779
0.662
0.492233
0.662
0.519879
0.128108
0.267497
0.662
0.22408
0.662
0.662
0.392548
0.45192
0.369622
0.361867
0.278614
0.190736
0.23996
0.313452
0.662
0.662
0.662
0.322152
0.662
0.0822672
0.363271
0.283902
0.451759
0.429872
0.29483
0.662
0.139102
0.662
0.662
0.662
0.380072
0.380696
0.662
0.239755
0.45904
0.356533
0.331616
0.662
0.237245
0.0687385
0.34033
0.662
0.243466
0.406477
0.330456
0.662
0.662
0.0916417
0.633391
0.152692
0.327924
0.662
0.662
0.662
0.662
0.132877
0.662
0.458546
0.348202
0.271723
0.652175
0.662
0.662
0.662
0.533081
0.662
0.417958
0.111744
0.626813
0.213465
0.326118
0.662
0.662
0.408283
0.563564
0.428475
0.662
0.186516
0.158832
0.288646
0.662
0.662
0.236672
0.089792
0.454179
0.662
0.286263
0.363656
0.662
0.277569
0.662
0.274727
0.359537
0.18733
0.662
0.0596712
0.214527
0.569324
0.662
0.662
0.662
0.293481
0.662
0.172401
0.662
0.125567
0.662
0.0273129
0.662
0.0643265
0.0502979
0.162915
0.662
0.662
0.354367
0.398558
0.662
0.30556
0.662
0.662
0.00527432
0.220245
0.109674
0.42474
0.662
0.359649
0.0220965
0.261003
0.367217
0.662
0.662
0.0932371
0.662
0.662
0.342807
0.0650614
0.106669
0.153347
0.41107
0.212392
0.351
0.662
0.358498
0.446634
0.055547
0.227362
0.638018
0.455881
0.181454
0.662
0.654847
0.0386326
0.100997
0.467766
0.446319
0.662
0.225335
0.457002
0.264897
0.662
0.14001
0.251298
0.0662168
0.662
0.0566337
0.125298
0.662
0.650763
0.425769
0.317618
0.662
0.662
0.573649
0.399732
0.662
0.616814
0.227572
0.662
0.662
0.417082
0.662
0.410402
0.662
0.328336
0.662
0.348347
0.506383
0.662
0.0104245
0.417345
0.221315
0.0858149
0.16635
0.662
0.0166643
0.440151
0.662
0.460067
0.433635
0.439937
0.0245229
0.418636
0.662
0.319414
0.633469
0.267004
0.662
0.662
0.662
0.336195
0.662
0.493039
0.153235
0.662
0.433027
0.662
0.257771
0.303768
0.662
0.455938
0.662
0.215066
0.151846
0.662
0.662
0.217817
0.662
0.570901
0.255967
0.662
0.201732
0.662
0.340017
0.449782
0.407104
0.662
0.662
0.229326
0.662
0.216066
0.525764
0.00365242
0.662
0.118781
0.223013
0.0666964
0.361736
0.376011
0.413176
0.526291
0.461223
0.212951
0.0846079
0.364556
0.242905
0.662
0.283448
0.559612
0.184822
0.200958
0.198169
0.21254
0.211486
0.00799172
0.662
0.263451
0.173047
0.662
0.196399
0.662
0.333933
0.319648
0.488072
0.662
0.0679091
0.436459
0.662
0.662
0.530566
0.241503
0.141483
0.449834
0.0209828
0.0174154
0.626947
0.169749
0.49508
0.487366
0.195884
0.0701776
0.424404
0.188758
0.375935
0.662
0.418472
0.000386195
0.662
0.662
0.513942
0.0560534
0.179124
0.411723
0.331425
0.299124
0.0283171
0.354034
0.662
0.0122126
0.662
0.662
0.432895
0.272769
0.391504
0.10788
0.342109
0.662
0.540303
0.46398
0.662
0.483049
0.662
0.657623
0.662
0.0945898
0.662
0.385334
0.662
0.662
0.163372
0.662
0.464565
0.439511
0.212943
0.662
0.193434
0.254148
0.0976965
0.662
0.451895
0.662
0.126991
0.622723
0.662
0.662
0.452856
0.421871
0.329646
0.662
0.662
0.662
0.662
0.662
0.0189888
0.662
0.662
0.0935441
0.513789
0.662
0.345075
0.410522
0.269345
0.662
0.00988251
0.43526
0.19169
0.163896
0.113192
0.157926
0.662
0.662
0.0263495
0.281365
0.0142144
0.411712
0.234173
0.662
0.398345
0.236159
0.232101
0.21117
0.604896
0.662
0.634536
0.662
0.662
0.151048
0.644741
0.662
0.108515
0.232182
0.384676
0.461747
0.662
0.485996
0.523658
0.0120029
0.18181
0.1137
0.162377
0.443969
0.662
0.12688
0.101056
0.304847
0.252658
0.489079
0.662
0.182356
0.253786
0.162509
0.54259
0.662
0.15479
0.662
0.662
0.00706292
0.0366294
0.662
0.662
0.662
0.662
0.662
0.662
0.662
0.024106
0.662
0.274808
0.584433
0.662
0.651672
0.662
0.662
0.662
0.107918
0.662
0.662
0.041617
0.662
0.662
0.424915
0.662
0.223114
0.166315
0.110712
0.553872
0.662
0.137715
0.049036
0.239131
0.662
0.160146
0.442299
0.662
0.339716
0.662
0.662
0.12534
0.173118
0.377869
0.496517
0.339752
0.57458
0.291447
0.662
0.662
0.113625
0.297493
0.449356
0.662
0.662
0.090361
0.0269986
0.348824
0.098032
0.662
0.129515
0.3874
0.145782
0.662
0.05684
0.198209
0.662
0.363392
0.265865
0.656933
0.383781
0.662
0.662
0.188158
0.167214
0.0608079
0.662
0.152465
0.662
0.190141
0.133635
0.106775
0.662
0.662
0.27489
0.624475
0.662
0.00027716
0.662
0.173911
0.0356333
0.272305
0.119904
0.203665
0.662
0.575119
0.269442
0.662
0.294064
0.189308
0.662
0.391936
0.121117
0.205756
0.356544
0.0740733
0.626202
0.334869
0.115746
0.255043
0.0190408
0.158862
0.301342
0.662
0.194444
0.190268
0.662
0.194017
0.0453256
0.447819
0.185788
0.209564
0.475951
0.586447
0.0660692
0.225861
0.0159494
0.662
0.394985
0.662
0.37821
0.662
0.187247
0.536422
0.662
0.662
0.00163431
0.205474
0.662
0.0807791
0.662
0.172664
0.488459
0.0217574
0.0874425
0.628535
0.662
0.662
0.662
0.190232
0.469019
0.216737
0.239679
0.198456
0.154632
0.662
0.366895
0.167122
0.662
0.662
0.23409
0.32692
0.22824
0.152997
0.2693
0.248976
0.662
0.317051
0.486559
0.0895034
0.662
0.395058
0.0846598
0.0909585
0.662
0.0188138
0.662
0.662
0.662
0.461687
0.0993603
0.181608
0.662
0.27657
0.445414
0.215782
0.179343
0.462234
0.662
0.269335
0.662
0.629037
0.0896918
0.662
0.298468
0.662
0.662
0.0521796
0.662
0.334359
0.274343
0.285186
0.662
0.662
0.464541
0.57741
0.478007
0.662
0.662
0.424199
0.261209
0.520466
0.00346415
0.662
0.0213417
0.0757898
0.197713
0.169828
0.422251
0.452625
0.662
0.154655
0.437715
0.662
0.424049
0.448839
0.0199805
0.662
0.50342
0.421561
0.662
0.43451
0.662
0.438043
0.662
0.662
0.662
0.450487
0.297793
0.37687
0.662
0.608609
0.252728
0.662
0.662
0.221753
0.549481
0.211806
0.064432
0.662
0.223122
0.244126
0.647068
0.662
0.390422
0.28439
0.662
0.0283394
0.320182
0.316802
0.662
0.661143
0.662
0.662
0.115554
0.237271
0.164699
0.662
0.662
0.413145
0.662
0.479053
0.00643938
0.596902
0.268495
0.17929
0.662
0.320864
0.144531
0.090799
0.662
0.186649
0.662
0.482201
0.662
0.31721
0.0676665
0.662
0.662
0.140148
0.662
0.662
0.662
0.662
0.120324
0.198065
0.133286
0.662
0.662
0.515796
0.662
0.388925
0.185928
0.662
0.662
0.104883
0.662
0.662
0.662
0.592316
0.0885582
0.0501312
0.0286269
0.248145
0.266423
0.662
0.481425
0.42437
0.201412
0.427135
0.662
0.361908
0.662
0.492608
0.662
0.662
0.662
0.662
0.365301
0.662
0.662
0.662
0.662
0.560277
0.662
0.662
0.135699
0.662
0.662
0.170229
0.00624285
0.620335
0.662
0.662
0.662
0.379933
0.662
0.115553
0.662
0.581061
0.662
0.249799
0.103566
0.352277
0.662
0.302953
0.115166
0.397398
0.662
0.333335
0.662
0.412055
0.189454
0.662
0.662
0.183229
0.129654
0.662
0.662
0.243141
0.662
0.662
0.227716
0.411924
0.0514445
0.509134
0.662
0.662
0.33711
0.420681
0.518393
0.347423
0.219867
0.375062
0.155587
0.662
0.188113
0.209875
0.210347
0.0903476
0.662
0.0983856
0.662
0.168057
0.272885
0.0233653
0.555238
0.621899
0.417804
0.178308
0.117742
0.537074
0.221301
0.662
0.662
0.662
0.0650938
0.321855
0.341492
0.543632
0.662
0.284693
0.375938
0.662
0.662
0.639298
0.439155
0.662
0.662
0.662
0.423291
0.662
0.662
0.351285
0.380894
0.571301
0.330808
0.089135
0.328155
0.553382
0.662
0.108434
0.636985
0.662
0.530628
0.0912194
0.114395
0.296118
0.272531
0.662
0.348945
0.662
0.20002
0.225649
0.178943
0.662
0.305322
0.662
0.662
0.14817
0.662
0.662
0.633199
0.662
0.662
0.662
0.662
0.627623
0.43732
0.0577322
0.662
0.634784
0.418121
0.662
0.296067
0.662
0.51205
0.4713
0.662
0.595901
0.662
0.285267
0.662
0.370027
0.0541804
0.662
0.662
0.662
0.0888243
0.662
0.517898
0.611977
0.421236
0.383601
0.662
0.0347094
0.662
0.662
0.662
0.483222
0.662
0.297623
0.376623
0.662
0.367156
0.200391
0.183054
0.395594
0.662
0.662
0.450055
0.543117
0.662
0.654352
0.411771
0.662
0.662
0.642832
0.662
0.662
0.319577
0.181091
0.167106
0.00481245
0.662
0.191456
0.662
0.438647
0.139028
0.662
0.662
0.662
0.63669
0.246731
0.187636
0.662
0.190447
0.206914
0.662
0.662
0.246666
0.144588
0.122538
0.568354
0.523467
0.26404
0.662
0.432114
0.662
0.0152062
0.186424
0.662
0.344396
0.23719
0.336374
0.662
0.364354
0.662
0.318313
0.662
0.042569
0.582103
0.162965
0.151537
0.30769
0.459134
0.170476
0.501579
0.662
0.662
0.662
0.282702
0.662
0.662
0.438515
0.376048
0.0709504
0.306492
0.105929
0.662
0.0855894
0.662
0.523503
0.662
0.439644
0.12918
0.122501
0.353739
0.272757
0.662
0.0405222
0.662
0.662
0.372968
0.662
0.662
0.0943034
0.248448
0.662
0.289213
0.662
0.662
0.0244753
0.186426
0.353404
0.662
0.662
0.662
0.124396
0.53929
0.448002
0.662
0.29021
0.449179
0.032094
0.487382
0.442735
0.550652
0.662
0.367012
0.259067
0.662
0.121184
0.196846
0.662
0.59
0.137946
0.662
0.535563
0.662
0.268536
0.212317
0.0546587
0.662
0.445144
0.0421549
0.648047
0.563718
0.223625
0.662
0.313895
0.380653
0.662
0.662
0.0422906
0.340962
0.662
0.662
0.0251531
0.662
0.294486
0.172117
0.662
0.662
0.662
0.331278
0.662
0.316576
0.262619
0.299737
0.662
0.440298
0.308801
0.662
0.384203
0.0360716
0.20245
0.093713
0.662
0.278398
0.662
0.0510866
0.37803
0.555898
0.446556
0.587698
0.169872
0.211085
0.0238699
0.0260333
0.143201
0.217751
0.0243106
0.199027
0.302366
0.228789
0.00573584
0.662
0.244204
0.470682
0.662
0.0201884
0.0527743
0.37064
0.188775
0.509747
0.16781
0.491141
0.662
0.284658
0.133108
0.456649
0.662
0.518247
0.662
0.662
0.662
0.223743
0.150895
0.217135
0.138884
0.270764
0.662
0.662
0.541256
0.662
0.239928
0.552086
0.662
0.662
0.135183
0.562562
0.540462
0.118532
0.662
0.662
0.662
0.149476
0.249975
0.222931
0.520287
0.662
0.0941837
0.422559
0.0083119
0.176851
0.184736
0.394381
0.0572645
0.662
0.163702
0.603723
0.218221
0.0987659
0.322063
0.362662
0.412365
0.662
0.357745
0.662
0.264709
0.170696
0.662
0.599853
0.0724919
0.46211
0.0356897
0.304751
0.662
0.362148
0.616352
0.662
0.662
0.340066
0.662
0.662
0.33381
0.662
0.261049
0.662
0.0143492
0.662
0.662
0.662
0.153512
0.037344
0.0137159
0.662
0.662
0.662
0.193178
0.662
0.662
0.658497
0.234668
0.172444
0.662
0.662
0.550204
0.662
0.662
0.361398
0.662
0.455968
0.239498
0.313535
0.224302
0.466091
0.0449039
0.24076
0.375848
0.375633
0.662
0.662
0.450704
0.662
0.00942608
0.120479
0.340294
0.382353
0.662
0.662
0.662
0.442358
0.285702
0.662
0.409117
0.288638
0.453261
0.662
0.662
0.224253
0.662
0.662
0.51262
0.662
0.662
0.662
0.0455954
0.171076
0.438628
0.662
0.392271
0.24924
0.128306
0.15057
0.347994
0.662
0.227625
0.402816
0.662
0.201303
0.458709
0.0719966
0.662
0.662
0.181902
0.170108
0.653045
0.31403
0.662
0.662
0.361839
0.238774
0.136146
0.404
0.662
0.424542
0.662
0.662
0.662
0.662
0.351519
0.662
0.39596
0.217542
0.662
0.352383
0.662
0.586811
0.603171
0.516617
0.502872
0.193075
0.391437
0.360242
0.149903
0.395605
0.185793
0.662
0.662
0.662
0.662
0.641447
0.489792
0.662
0.183318
0.662
0.244592
0.606489
0.662
0.214523
0.0657462
0.662
0.158361
0.662
0.148605
0.431326
0.662
0.662
0.321388
0.27325
0.381219
0.662
0.662
0.572851
0.662
0.2479
0.662
0.662
0.662
0.662
0.503846
0.327343
0.662
0.103197
0.662
0.426072
0.474342
0.448416
0.662
0.286709
0.124403
0.561499
0.209513
0.662
0.662
0.30679
0.111429
0.138511
0.662
0.662
0.662
0.21451
0.394944
0.250832
0.229643
0.149421
0.194567
0.371002
0.286057
0.662
0.120445
0.662
0.34746
0.0324107
0.243973
0.186374
0.662
0.22207
0.107588
0.662
0.524828
0.115734
0.255094
0.376147
0.182878
0.662
0.10986
0.165025
0.662
0.662
0.662
0.224715
0.448566
0.209383
0.24188
0.215863
0.0437088
0.662
0.662
