0.57741
0.387533
0.662
0.326604
0.0513062
0.662
0.0453256
0.190058
0.0959398
0.662
0.662
0.304847
0.0040036
0.200764
0.0807995
0.285702
0.269203
0.0675613
0.40301
0.412365
0.662
0.662
0.181987
0.405321
0.662
0.662
0.221775
0.464574
0.662
0.364148
0.00862606
0.209383
0.54259
0.662
0.0495119
0.662
0.442358
0.0467806
0.0159494
0.662
0.409783
0.302366
0.55095
0.662
0.00579181
0.179343
0.184736
0.440151
0.194027
0.517898
0.662
0.43732
0.479911
0.0647341
0.146341
0.268901
0.361839
0.348968
0.148605
0.431326
0.443562
0.38909
0.137715
0.356544
0.283242
0.662
0.662
0.662
0.520287
0.662
0.662
0.206519
0.662
0.662
0.306855
0.662
0.170476
0.131952
0.166503
0.662
0.330456
0.622302
0.628535
0.170308
0.662
0.648047
0.351118
0.345647
0.662
0.571115
0.348824
0.662
0.301352
0.662
0.210309
0.174755
0.662
0.0424311
0.662
0.290379
0.460067
0.10788
0.211237
0.662
0.662
0.662
0.662
0.649986
0.662
0.462929
0.229858
0.220245
0.511538
0.215959
0.538679
0.662
0.204662
0.296447
0.662
0.111429
0.0514445
0.327469
0.662
0.298394
0.662
0.662
0.343673
0.282702
0.193273
0.527212
0.662
0.282146
0.536422
0.662
0.662
0.174461
0.259031
0.233467
0.134607
0.662
0.43113
0.662
0.652175
0.251098
0.272305
0.662
0.269694
0.488072
0.662
0.157926
0.662
0.662
0.0771599
0.190232
0.0443843
0.157152
0.359537
0.662
0.0693277
0.0689544
0.311126
0.458709
0.662
0.204017
0.00346415
0.092742
0.249975
0.259067
0.662
0.662
0.100397
0.0636996
0.662
0.662
0.662
0.292916
0.662
0.232101
0.0508401
0.0120029
0.371002
0.662
0.662
0.324431
0.485996
0.523658
0.133611
0.662
0.662
0.662
0.662
0.228789
0.662
0.394944
0.317618
0.126725
0.662
0.662
0.391596
0.467905
0.600055
0.405302
0.379428
0.662
0.246185
0.662
0.662
0.608609
0.252728
0.385334
0.430034
0.662
0.662
0.642039
0.662
0.268957
0.662
0.458702
0.0242422
0.662
0.135699
0.072803
0.662
0.662
0.0935641
0.0799225
0.662
0.603171
0.440124
0.477945
0.662
0.324646
0.662
0.662
0.154305
0.662
0.662
0.662
0.513789
0.662
0.300955
0.489079
0.662
0.528872
0.662
0.451759
0.662
0.456242
0.261091
0.432098
0.3874
0.267497
0.662
0.662
0.662
0.438043
0.662
0.328336
0.241205
0.662
0.113805
0.185788
0.209564
0.662
0.640229
0.662
0.662
0.662
0.172537
0.629037
0.662
0.136243
0.662
0.662
0.662
0.483049
0.113873
0.379389
0.0846079
0.122653
0.135827
0.201203
0.662
0.201732
0.662
0.26878
0.382353
0.262354
0.662
0.662
0.29355
0.288556
0.384529
0.662
0.662
0.0335136
0.662
0.662
0.662
0.302072
0.662
0.662
0.662
0.662
0.321388
0.662
0.200958
0.591993
0.305322
0.166988
0.191456
0.662
0.662
0.279871
0.662
0.662
0.662
0.229786
0.178943
0.263451
0.0524086
0.510011
0.0667721
0.439214
0.374781
0.195607
0.614377
0.662
0.18181
0.662
0.0519913
0.634746
0.0143492
0.662
0.662
0.23711
0.662
0.440298
0.0387962
0.662
0.662
0.463379
0.269335
0.0763307
0.344396
0.59
0.288646
0.662
0.270305
0.055571
0.423291
0.662
0.662
0.507084
0.475033
0.662
0.662
0.167197
0.662
0.575119
0.662
0.0455954
0.089792
0.362148
0.662
0.662
0.286046
0.120193
0.37803
0.118398
0.662
0.614197
0.427135
0.284393
0.662
0.662
0.46211
0.203351
0.379052
0.509134
0.662
0.224235
0.662
0.140015
0.662
0.234523
0.286593
0.414067
0.631073
0.656933
0.662
0.662
0.0891432
0.145713
0.0292325
0.00245071
0.118047
0.595901
0.318089
0.238774
0.662
0.270764
0.142812
0.151846
0.662
0.650763
0.156047
0.662
0.662
0.0431138
0.662
0.662
0.0346335
0.662
0.19754
0.00713128
0.662
0.662
0.33711
0.0386326
0.215782
0.254148
0.372704
0.662
0.246731
0.360947
0.31489
0.662
0.662
0.662
0.662
0.14411
0.662
0.624475
0.174154
0.257717
0.536543
0.215863
0.0252691
0.140214
0.233076
0.426895
0.279937
0.464376
0.662
0.662
0.194074
0.662
0.334104
0.494875
0.328155
0.553382
0.662
0.553872
0.193075
0.260758
0.662
0.0116637
0.662
0.662
0.177164
0.662
0.662
0.662
0.223825
0.278398
0.307895
0.00909178
0.264897
0.180156
0.240092
0.662
0.029516
0.166402
0.554301
0.285682
0.662
0.662
0.234668
0.662
0.194368
0.275682
0.662
0.662
0.662
0.117419
0.662
0.111064
0.308801
0.209485
0.662
0.662
0.322063
0.137774
0.662
0.662
0.662
0.0678381
0.452856
0.181377
0.308235
0.238957
0.461449
0.662
0.0251107
0.662
0.0575167
0.662
0.662
0.552086
0.59986
0.493529
0.306276
0.662
0.152553
0.293823
0.492608
0.662
0.132243
0.363862
0.475332
0.162799
0.427214
0.239755
0.313705
0.395058
0.512707
0.0681321
0.436459
0.660451
0.15758
0.16947
0.319577
0.485997
0.254081
0.662
0.662
0.547626
0.543632
0.33679
0.662
0.542597
0.662
0.662
0.361746
0.559553
0.662
0.185253
0.662
0.662
0.662
0.662
0.102754
0.662
0.288632
0.205817
0.216066
0.525764
0.662
0.662
0.182878
0.160834
0.462364
0.208118
0.196972
0.169492
0.117742
0.662
0.662
0.236096
0.662
0.526579
0.22533
0.52937
0.662
0.214523
0.312808
0.281365
0.553165
0.0424861
0.433004
0.662
0.0932371
0.406477
0.258301
0.51262
0.662
0.184611
0.657623
0.363656
0.662
0.662
0.662
0.158832
0.37064
0.0476969
0.662
0.304751
0.603723
0.525645
0.0174512
0.183106
0.662
0.223743
0.399732
0.662
0.662
0.0398876
0.662
0.662
0.337004
0.662
0.631148
0.110712
0.662
0.662
0.662
0.196093
0.662
0.455968
0.425623
0.662
0.662
0.380696
0.267587
0.257923
0.423822
0.241202
0.662
0.437715
0.0152626
0.662
0.662
0.33381
0.614498
0.662
0.294486
0.662
0.195506
0.498717
0.662
0.662
0.131944
0.662
0.662
0.4621
0.662
0.190255
0.581657
0.0162776
0.662
0.00939389
0.662
0.662
0.662
0.35797
0.0623847
0.174998
0.662
0.281869
0.662
0.392548
0.474342
0.662
0.194947
0.0213417
0.38634
0.461223
0.344991
0.38068
0.662
0.396538
0.333335
0.0895034
0.339752
0.662
0.15413
0.662
0.197951
0.197547
0.466091
0.592235
0.662
0.039673
0.212152
0.171648
0.662
0.254715
0.541256
0.47658
0.662
0.662
0.506383
0.32692
0.28242
0.584433
0.662
0.662
0.567834
0.662
0.380563
0.164844
0.606652
0.444669
0.400937
0.110253
0.662
0.662
0.662
0.170108
0.227716
0.0473455
0.662
0.237246
0.662
0.662
0.068877
0.662
0.662
0.662
0.448566
0.0679091
0.103888
0.662
0.519879
0.662
0.475477
0.282459
0.365301
0.193178
0.133635
0.234173
0.662
0.121184
0.662
0.303172
0.662
0.167206
0.662
0.451141
0.628108
0.00643938
0.391838
0.218942
0.662
0.28722
0.662
0.662
0.662
0.35798
0.662
0.662
0.227048
0.586341
0.662
0.114387
0.2423
0.662
0.124413
0.22878
0.662
0.172691
0.203349
0.120492
0.342109
0.103197
0.62897
0.393195
0.662
0.662
0.662
0.439157
0.526291
0.662
0.661143
0.662
0.109898
0.0636796
0.000866247
0.237245
0.240974
0.376147
0.30769
0.662
0.662
0.662
0.662
0.0867617
0.327343
0.662
0.662
0.500348
0.45594
0.662
0.662
0.00890861
0.481425
0.662
0.0943034
0.0851929
0.131677
0.662
0.25181
0.662
0.473371
0.220674
0.370999
0.0445279
0.662
0.662
0.372563
0.662
0.0827334
0.662
0.393621
0.662
0.662
0.662
0.662
0.197921
0.436035
0.199338
0.150237
0.662
0.662
0.474996
0.662
0.662
0.269577
0.0712066
0.160146
0.662
0.0293365
0.662
0.662
0.257999
0.662
0.421871
0.306415
0.662
0.215772
0.662
0.662
0.180018
0.381658
0.222931
0.662
0.662
0.090799
0.207781
0.662
0.662
0.24639
0.662
0.289759
0.518393
0.662
0.662
0.154317
0.192667
0.0283394
0.334359
0.458546
0.177057
0.0304568
0.662
0.221172
0.662
0.384963
0.37232
0.662
0.662
0.423468
0.540014
0.634536
0.25257
0.662
0.662
0.223625
0.273059
0.0561511
0.662
0.662
0.64069
0.662
0.424199
0.530628
0.632826
0.662
0.475951
0.21451
0.348769
0.38388
0.339716
0.340017
0.243996
0.662
0.662
0.662
0.662
0.0106484
0.297793
0.355276
0.460272
0.662
0.288638
0.453261
0.0650614
0.20002
0.350344
0.662
0.662
0.662
0.0238699
0.290708
0.662
0.662
0.662
0.476258
0.427634
0.024106
0.506523
0.0749754
0.662
0.662
0.662
0.359232
0.662
0.662
0.448482
0.662
0.198456
0.294979
0.662
0.168455
0.147542
0.35818
0.662
0.662
0.229022
0.456558
0.662
0.19578
0.299468
0.662
0.662
0.316576
0.0116688
0.662
0.540303
0.275462
0.662
0.662
0.455938
0.579059
0.662
0.184114
0.0439353
0.0392805
0.028279
0.662
0.427918
0.662
0.627623
0.0727554
0.605065
0.662
0.233792
0.416183
0.662
0.194707
0.662
0.367156
0.303768
0.662
0.358775
0.194567
0.662
0.662
0.662
0.0637977
0.662
0.133488
0.662
0.0673312
0.397835
0.0259131
0.662
0.1962
0.261003
0.662
0.475084
0.0245161
0.60796
0.197872
0.0795956
0.270084
0.202829
0.250021
0.662
0.662
0.0987659
0.00726553
0.662
0.267004
0.19419
0.355966
0.0827479
0.301743
0.662
0.313202
0.214136
0.156841
0.366689
0.125237
0.241503
0.217838
0.0906851
0.662
0.352473
0.662
0.662
0.565334
0.381177
0.0965278
0.662
0.662
0.505249
0.364502
0.662
0.662
0.00897223
0.090361
0.464541
0.0874425
0.162509
0.141329
0.0638616
0.662
0.567531
0.662
0.379933
0.662
0.272757
0.662
0.662
0.152692
0.662
0.662
0.582103
0.162965
0.0687385
0.662
0.172117
0.0730964
0.662
0.55488
0.662
0.658497
0.662
0.0971187
0.0703437
0.262619
0.24437
0.133309
0.606898
0.104183
0.662
0.166315
0.662
0.662
0.209967
0.662
0.662
0.662
0.212943
0.662
0.662
0.662
0.00780871
0.662
0.236863
0.662
0.662
0.261209
0.243141
0.662
0.234706
0.422069
0.662
0.662
0.662
0.662
0.440873
0.325955
0.188775
0.128108
0.662
0.130952
0.165619
0.662
0.662
0.662
0.153512
0.333942
0.662
0.662
0.662
0.662
0.662
0.662
0.662
0.261125
0.662
0.268495
0.662
0.0263495
0.662
0.633589
0.181108
0.181431
0.662
0.00365242
0.662
0.469019
0.662
0.422551
0.41107
0.371813
0.0247447
0.294064
0.662
0.662
0.662
0.224728
0.662
0.108739
0.215831
0.662
0.153235
0.438647
0.662
0.662
0.266116
0.206847
0.287336
0.662
0.662
0.662
0.20745
0.662
0.410522
0.662
0.12918
0.662
0.155806
0.662
0.449356
0.335026
0.135974
0.450749
0.662
0.357313
0.662
0.662
0.662
0.662
0.0919928
0.424404
0.0661965
0.418636
0.361398
0.211806
0.662
0.0869278
0.0589744
0.0724919
0.662
0.393672
0.243973
0.131766
0.177073
0.192197
0.136358
0.662
0.662
0.662
0.431994
0.291447
0.662
0.660534
0.293481
0.0676665
0.662
0.206122
0.197832
0.60354
0.0888243
0.199754
0.662
0.0336399
0.457861
0.662
0.662
0.224302
0.0959527
0.383925
0.329428
0.196399
0.353404
0.662
0.599853
0.662
0.662
0.422251
0.520928
0.185668
0.435276
0.662
0.271233
0.662
0.198584
0.0580248
0.662
0.662
0.244617
0.150895
0.173047
0.313895
0.168057
0.346784
0.662
0.662
0.662
0.207029
0.662
0.147934
0.662
0.662
0.314564
0.225731
0.472517
0.0202643
0.662
0.474555
0.662
0.372713
0.249512
0.662
0.191442
0.662
0.158427
0.0434401
0.115553
0.165553
0.518196
0.406055
0.413176
0.662
0.411712
0.223051
0.662
0.51205
0.255319
0.22958
0.0892944
0.662
0.218038
0.37755
0.00260135
0.508179
0.420307
0.0284099
0.662
0.662
0.126671
0.662
0.187843
0.255282
0.375657
0.620335
0.243884
0.662
0.293243
0.31721
0.427187
0.662
0.662
0.0898229
0.184822
0.191631
0.408102
0.22013
0.391437
0.662
0.299124
0.19396
0.464565
0.612806
0.34746
0.0749773
0.176306
0.0791097
0.219867
0.662
0.662
0.662
0.0117717
0.662
0.662
0.387293
0.351
0.249799
0.154655
0.442735
0.169786
0.192193
0.384676
0.00624285
0.662
0.662
0.232182
0.0521796
0.132877
0.169051
0.248681
0.622723
0.209875
0.49508
0.662
0.61881
0.410402
0.0900432
0.347423
0.662
0.662
0.286709
0.662
0.209875
0.662
0.33983
0.186426
0.0112886
0.662
0.215319
0.261496
0.345075
0.332707
0.367012
0.223013
0.211492
0.662
0.662
0.32126
0.662
0.325477
0.662
0.152257
0.0911694
0.166033
0.655572
0.560041
0.662
0.662
0.662
0.195388
0.662
0.408968
0.285186
0.662
0.487763
0.588373
0.662
0.205474
0.376623
0.601958
0.450055
0.568354
0.662
0.662
0.662
0.313339
0.662
0.531809
0.0804311
0.449179
0.340029
0.662
0.377869
0.155186
0.662
0.662
0.662
0.662
0.205756
0.0709626
0.157728
0.295104
0.38563
0.662
0.196952
0.481279
0.144485
0.236161
0.662
0.0932776
0.662
0.572843
0.52395
0.662
0.662
0.271723
0.662
0.662
0.199027
0.662
0.314646
0.291736
0.662
0.662
0.662
0.218006
0.224253
0.662
0.175378
0.337593
0.394358
0.16811
0.0662168
0.662
0.631213
0.662
0.45192
0.626813
0.142505
0.297318
0.101863
0.277626
0.274727
0.334893
0.0770847
0.107561
0.659806
0.662
0.662
0.234785
0.662
0.45904
0.257007
0.662
0.493777
0.662
0.178508
0.644741
0.484656
0.662
0.662
0.129515
0.336052
0.285267
0.662
0.662
0.662
0.662
0.264314
0.255253
0.662
0.192113
0.374568
0.662
0.662
0.331179
0.615456
0.22408
0.544877
0.662
0.0138509
0.386167
0.296067
0.439511
0.662
0.333041
0.662
0.00656552
0.662
0.662
0.25947
0.662
0.521628
0.192893
0.0887777
0.662
0.662
0.231363
0.662
0.662
0.46398
0.662
0.662
0.662
0.662
0.641447
0.662
0.662
0.508427
0.244126
0.647068
0.242598
0.301342
0.244567
0.442299
0.662
0.37821
0.662
0.662
0.662
0.662
0.662
0.358765
0.252389
0.471845
0.662
0.0437088
0.662
0.533857
0.662
0.45156
0.0260333
0.662
0.662
0.662
0.662
0.177548
0.662
0.340294
0.662
0.662
0.00968705
0.0449039
0.662
0.662
0.322017
0.337635
0.439155
0.573649
0.304685
0.535563
0.194145
0.217542
0.359649
0.270371
0.0302849
0.460832
0.662
0.662
0.277857
0.662
0.662
0.251298
0.347994
0.582702
0.662
0.121117
0.333933
0.662
0.0283171
0.154632
0.422559
0.662
0.662
0.080605
0.539522
0.470682
0.662
0.631502
0.00988251
0.0347094
0.662
0.662
0.662
0.221301
0.662
0.118821
0.662
0.418121
0.420681
0.485614
0.0641073
0.57362
0.0990546
0.220317
0.662
0.662
0.355012
0.432895
0.662
0.353896
0.616814
0.662
0.318068
0.00974252
0.662
0.456602
0.662
0.197509
0.662
0.662
0.0104245
0.105906
0.371031
0.662
0.414382
0.352009
0.196664
0.434491
0.662
0.144052
0.662
0.662
0.245115
0.662
0.117616
0.445384
0.294333
0.0255392
0.662
0.445144
0.412055
0.189454
0.0953028
0.424008
0.662
0.662
0.633822
0.563564
0.662
0.255043
0.197047
0.426322
0.662
0.662
0.370731
0.48992
0.662
0.0777101
0.662
0.662
0.524997
0.662
0.237271
0.102887
0.662
0.424542
0.0757809
0.16147
0.534611
0.662
0.123627
0.135111
0.0775349
0.21803
0.188268
0.0219258
0.283448
0.0231185
0.438515
0.151048
0.0130052
0.329813
0.221019
0.00029142
0.225049
0.0201884
0.662
0.662
0.187757
0.405783
0.42899
0.348945
0.362398
0.190447
0.223114
0.633199
0.221315
0.153494
0.187247
0.662
0.662
0.492233
0.242621
0.662
0.351137
0.207821
0.388925
0.445414
0.286263
0.34033
0.662
0.662
0.305574
0.501579
0.559149
0.0580746
0.11666
0.662
0.35914
