0.29912
0.0494252
0.470706
0.508505
0.662
0.662
0.583847
0.62947
0.662
0.558768
0.468607
0.581771
0.107995
0.662
0.192939
0.0991681
0.662
0.662
0.662
0.0853136
0.455707
0.662
0.194689
0.34859
0.476056
0.229185
0.293094
0.662
0.100396
0.649465
0.255909
0.662
0.326596
0.336641
0.406533
0.662
0.49868
0.208984
0.125686
0.152741
0.662
0.662
0.0269155
0.422931
0.27338
0.501466
0.662
0.662
0.662
0.476302
0.0577244
0.186916
0.0205485
0.47863
0.470215
0.529455
0.104974
0.662
0.633253
0.0923152
0.662
0.662
0.373527
0.537524
0.456653
0.662
0.662
0.474793
0.602719
0.662
0.662
0.217402
0.631481
0.662
0.662
0.0502873
0.260554
0.662
0.662
0.209184
0.0209422
0.374774
0.348433
0.0578993
0.321514
0.15829
0.662
0.662
0.124802
0.201118
0.17231
0.662
0.00437642
0.662
0.662
0.638951
0.20325
0.581004
0.0924519
0.662
0.318519
0.662
0.308041
0.662
0.268651
0.235137
0.450552
0.662
0.503877
0.436831
0.662
0.662
0.080835
0.316795
0.331855
0.662
0.100216
0.12716
0.167951
0.130153
0.237431
0.222145
0.662
0.496382
0.409065
0.302691
0.163346
0.662
0.662
0.129781
0.118561
0.264281
0.662
0.662
0.662
0.627376
0.662
0.526664
0.459772
0.662
0.662
0.0333048
0.662
0.165941
0.0765824
0.662
0.662
0.0256603
0.0783037
0.592436
0.662
0.590653
0.163681
0.477803
0.662
0.662
0.662
0.0423657
0.372107
0.662
0.662
0.662
0.0126602
0.662
0.662
0.00842663
0.276232
0.269602
0.662
0.347484
0.662
0.229715
0.0398029
0.472721
0.611424
0.662
0.662
0.409947
0.397526
0.662
0.662
0.465556
0.662
0.217858
0.662
0.129895
0.662
0.516588
0.381658
0.41501
0.662
0.662
0.662
0.662
0.234145
0.313255
0.662
0.454941
0.076585
0.662
0.176157
0.460631
0.662
0.0390788
0.662
0.564398
0.662
0.3026
0.154782
0.284838
0.274128
0.203405
0.199544
0.662
0.38647
0.311644
0.208355
0.662
0.662
0.662
0.467761
0.395949
0.662
0.178018
0.259184
0.187393
0.64976
0.662
0.405672
0.0572575
0.662
0.662
0.662
0.14657
0.294117
0.662
0.360508
0.303115
0.168959
0.320272
0.424101
0.0667118
0.286601
0.662
0.323655
0.662
0.210922
0.662
0.597669
0.662
0.063609
0.211026
0.411438
0.662
0.285549
0.662
0.0156481
0.662
0.662
0.188682
0.662
0.662
0.190314
0.0735548
0.662
0.662
0.0972987
0.428393
0.228024
0.629884
0.656966
0.0375195
0.662
0.662
0.662
0.427997
0.662
0.198087
0.662
0.662
0.495772
0.0564971
0.662
0.0118282
0.224086
0.203464
0.00428356
0.56239
0.662
0.662
0.608447
0.336242
0.391279
0.536092
0.662
0.0443029
0.0596434
0.662
0.201761
0.60548
0.221369
0.131872
0.123464
0.662
0.603478
0.0566085
0.417277
0.662
0.58006
0.42188
0.662
0.178062
0.355184
0.212666
0.662
0.347578
0.0909195
0.326168
0.662
0.662
0.662
0.459154
0.662
0.0698147
0.123986
0.662
0.662
0.662
0.207532
0.467631
0.662
0.662
0.0876142
0.662
0.450203
0.273301
0.0396465
0.480187
0.339738
0.24106
0.0815531
0.368551
0.16365
0.518853
0.662
0.290748
0.652166
0.662
0.662
0.141411
0.134635
0.591521
0.447328
0.529252
0.662
0.241349
0.0632433
0.268769
0.662
0.0309798
0.0252268
0.662
0.662
0.184
0.614866
0.320209
0.662
0.409302
0.229255
0.662
0.519749
0.0882059
0.107188
0.384
0.525505
0.105016
0.662
0.662
0.509229
0.171355
0.327857
0.662
0.0200047
0.662
0.206995
0.482247
0.19613
0.662
0.458016
0.662
0.662
0.435414
0.431483
0.662
0.00340775
0.292453
0.662
0.383248
0.36089
0.188858
0.662
0.406896
0.420157
0.362896
0.662
0.333561
0.662
0.0763832
0.662
0.22154
0.662
0.662
0.226231
0.662
0.064765
0.197729
0.469693
0.662
0.457464
0.662
0.662
0.662
0.261334
0.244675
0.662
0.662
0.191313
0.662
0.495686
0.53683
0.462487
0.662
0.273511
0.662
0.622721
0.216841
0.323298
0.662
0.159696
0.340825
0.662
0.605278
0.197481
0.662
0.581266
0.0117691
0.176477
0.397862
0.0817763
0.662
0.445126
0.501961
0.285624
0.436827
0.662
0.30905
0.662
0.225451
0.262596
0.662
0.662
0.471093
0.558327
0.662
0.287549
0.289384
0.189988
0.662
0.0182946
0.475042
0.0316918
0.411895
0.662
0.139086
0.662
0.662
0.662
0.0524179
0.502612
0.662
0.493557
0.171701
0.662
0.662
0.662
0.570253
0.382813
0.308514
0.662
0.0355996
0.235876
0.104989
0.13226
0.662
0.484742
0.249678
0.662
0.662
0.662
0.662
0.662
0.662
0.662
0.368957
0.0532542
0.167882
0.662
0.523915
0.270065
0.662
0.47715
0.0719118
0.662
0.662
0.662
0.662
0.648621
0.474087
0.662
0.246485
0.358587
0.204329
0.662
0.662
0.661241
0.00416383
0.662
0.662
0.0956332
0.662
0.246486
0.662
0.0910725
0.0103533
0.156235
0.662
0.339913
0.429582
0.525754
0.662
0.221911
0.554582
0.00667666
0.0861748
0.408978
0.662
0.26293
0.662
0.276014
0.151808
0.31831
0.662
0.45343
0.226022
0.0178581
0.61308
0.662
0.343895
0.662
0.490951
0.109685
0.43014
0.164818
0.662
0.00414928
0.224459
0.207068
0.662
0.241071
0.662
0.0720864
0.0816925
0.662
0.373452
0.152938
0.362245
0.0921612
0.143111
0.662
0.313308
0.305079
0.662
0.0603165
0.629455
0.269516
0.606982
0.213294
0.208484
0.662
0.662
0.0550075
0.662
0.302995
0.37199
0.583657
0.662
0.487339
0.211653
0.253963
0.662
0.662
0.662
0.40683
0.145453
0.662
0.116068
0.248585
0.662
0.403639
0.0541248
0.647534
0.662
0.273979
0.303518
0.409565
0.146711
0.563873
0.474421
0.00455159
0.530753
0.662
0.330427
0.148967
0.662
0.315799
0.137917
0.239268
0.155303
0.662
0.276048
0.204971
0.367294
0.287384
0.34555
0.117271
0.662
0.662
0.662
0.188062
0.662
0.395935
0.662
0.613225
0.662
0.662
0.662
0.593357
0.0988941
0.662
0.287691
0.412991
0.0574972
0.316978
0.146968
0.185239
0.662
0.219001
0.440419
0.0112218
0.662
0.097215
0.662
0.662
0.0495321
0.662
0.0894982
0.459739
0.662
0.498734
0.246606
0.662
0.64114
0.143417
0.552643
0.662
0.398651
0.484602
0.209612
0.345927
0.587026
0.4105
0.662
0.200957
0.221174
0.662
0.662
0.2077
0.224102
0.272405
0.662
0.522647
0.0396264
0.391952
0.218296
0.2398
0.51553
0.170217
0.662
0.0894955
0.662
0.343713
0.141955
0.38082
0.662
0.0496094
0.434507
0.662
0.372726
0.518288
0.180459
0.662
0.562131
0.215694
0.333015
0.662
0.163601
0.607404
0.662
0.662
0.662
0.662
0.277365
0.662
0.662
0.361757
0.176152
0.662
0.662
0.223782
0.618205
