0.330959
0.343084
0.0570913
0.438773
0.662
0.111773
0.0513345
0.662
0.662
0.367383
0.304188
0.662
0.662
0.43295
0.045445
0.63121
0.117894
0.511516
0.3402
0.197097
0.190127
0.554947
0.2497
0.446941
0.662
0.662
0.119229
0.148927
0.425442
0.062307
0.247423
0.662
0.165094
0.662
0.662
0.0177334
0.662
0.166319
0.132727
0.401188
0.228443
0.556077
0.37707
0.662
0.373554
0.662
0.000329304
0.115921
0.662
0.457214
0.17591
0.20775
0.582389
0.076237
0.662
0.662
0.662
0.286555
0.588952
0.629763
0.262348
0.188689
0.364358
0.557669
0.662
0.395918
0.209501
0.662
0.662
0.662
0.662
0.662
0.662
0.402776
0.428514
0.303258
0.662
0.662
0.486919
0.222309
0.375093
0.662
0.528499
0.40016
0.0932672
0.263593
0.662
0.662
0.477252
0.206343
0.061298
0.662
0.662
0.662
0.662
0.294392
0.662
0.517739
0.276395
0.662
0.662
0.662
0.662
0.662
0.106622
0.391276
0.456876
0.131227
0.289272
0.167563
0.662
0.662
0.155194
0.197606
0.662
0.0837364
0.305661
0.209489
0.662
0.217777
0.124041
0.173982
0.356222
0.0136818
0.419985
0.290709
0.261333
0.662
0.332584
0.662
0.324279
0.330243
0.16768
0.662
0.298446
0.564701
0.662
0.662
0.662
0.404467
0.272796
0.662
0.327288
0.0290377
0.269435
0.155441
0.280022
0.618622
0.374922
0.662
0.606843
0.460019
0.662
0.242319
0.240373
0.0272798
0.662
0.440562
0.662
0.662
0.662
0.339792
0.662
0.662
0.0482222
0.662
0.662
0.301408
0.63021
0.658551
0.184739
0.476124
0.662
0.662
0.182731
0.662
0.0914523
0.662
0.061471
0.662
0.0980094
0.198874
0.0705433
0.619679
0.644353
0.179948
0.46965
0.517879
0.0645205
0.662
0.0396703
0.662
0.183226
0.621076
0.466836
0.275269
0.134859
0.662
0.163853
0.662
0.142248
0.340396
0.530367
0.662
0.662
0.206351
0.383966
0.662
0.662
0.662
0.662
0.0311243
0.424457
0.662
0.320362
0.662
0.353678
0.662
0.365449
0.241145
0.66182
0.189426
0.662
0.662
0.236132
0.225015
0.662
0.217947
0.662
0.662
0.654752
0.265586
0.633699
0.409393
0.20783
0.211704
0.0351323
0.246142
0.215261
0.662
0.0398078
0.033957
0.170405
0.662
0.52869
0.200348
0.662
0.662
0.507623
0.135734
0.077999
