0.662
0.00353889
0.662
0.342444
0.269093
0.38825
0.662
0.157775
0.201797
0.541349
0.662
0.662
0.662
0.474634
0.662
0.33855
0.48083
0.0430818
0.233307
0.19857
0.507031
0.662
0.199593
0.63508
0.189673
0.141148
0.578982
0.662
0.315145
0.13848
0.662
0.662
0.611957
0.208912
0.662
0.395724
0.387522
0.662
0.228235
0.662
0.250644
0.662
0.662
0.383446
0.247769
0.0658218
0.342431
0.329516
0.662
0.287184
0.0151229
0.223741
0.0155991
0.217121
0.118931
0.40346
0.662
0.662
0.662
0.662
0.258944
0.662
0.662
0.662
0.295582
0.662
0.20707
0.184825
0.662
0.0958563
0.662
0.662
0.215721
0.662
0.325195
0.123269
0.158417
0.379591
0.278042
0.183947
0.137459
0.309635
0.662
0.662
0.662
0.662
0.662
0.662
0.161907
0.153909
0.395762
0.112506
0.367254
0.31622
0.662
0.662
0.662
0.377498
0.428209
0.465214
0.662
0.219327
0.191095
0.467926
0.662
0.029674
0.662
0.662
0.662
0.662
0.102012
0.589764
0.461207
0.151542
0.662
0.253676
0.279118
0.276528
0.00360765
0.0666711
0.000933679
0.662
0.459182
0.569468
0.33188
0.465253
0.662
0.0246618
0.00492133
0.265816
0.203936
0.0613338
0.445483
0.376003
0.0645079
0.335718
0.662
0.179549
0.662
0.262052
0.509259
0.662
0.399038
0.662
0.258028
0.662
0.134539
0.279661
0.625071
0.662
0.662
0.384175
0.121388
0.130267
0.662
0.223414
0.662
0.627904
0.662
0.662
0.378451
0.662
0.662
0.0042628
0.239458
0.436183
0.0681497
0.281607
0.580442
0.0448788
0.629706
0.662
0.193268
0.662
0.662
0.366612
0.220087
0.662
0.633694
0.253252
0.250827
0.662
0.284302
0.0189083
0.662
0.662
0.202167
0.265715
0.0370197
0.228698
0.662
0.662
0.228298
0.662
0.662
0.662
0.662
0.662
0.452836
0.22523
0.662
0.662
0.662
0.662
0.147704
0.662
0.222569
0.229311
0.662
0.202726
0.195807
0.215549
0.367884
0.253553
0.226479
0.272995
0.313473
0.608893
0.662
0.662
0.347841
0.114375
0.662
