0.662
0.575326
0.662
0.662
0.662
0.190986
0.523494
0.662
0.662
0.662
0.220442
0.662
0.0311393
0.0122905
0.242319
0.662
0.662
0.175888
0.662
0.662
0.662
0.662
0.662
0.662
0.192321
0.300473
0.172712
0.518931
0.190774
0.653084
0.316345
0.662
0.222609
0.662
0.662
0.477039
0.537348
0.563234
0.150099
0.662
0.58088
0.160586
0.2101
0.662
0.126742
0.404743
0.188643
0.662
0.60397
0.611619
0.380432
0.0676465
0.00473744
0.462941
0.456456
0.662
0.662
0.662
0.165094
0.237587
0.120145
0.00691286
0.128206
0.0766815
0.147933
0.662
0.662
0.662
0.071755
0.662
0.662
0.54913
0.662
0.662
0.106622
0.411659
0.1064
0.662
0.662
0.403031
0.52869
0.0824135
0.233609
0.109577
0.460964
0.662
0.414245
0.263545
0.119941
0.662
0.662
0.203394
0.19271
0.662
0.24269
0.662
0.457051
0.443465
0.662
0.662
0.662
0.11
0.662
0.395949
0.662
0.566638
0.662
0.428116
0.456186
0.579351
0.662
0.662
0.0734416
0.178135
0.539561
0.196907
0.142086
0.20493
0.662
0.662
0.662
0.448224
0.662
0.662
0.283291
0.662
0.282231
0.566383
0.662
0.662
0.19442
0.201034
0.486919
0.662
0.398434
0.517327
0.0336359
0.662
0.631318
0.662
0.662
0.662
0.662
0.0753697
0.279925
0.662
0.662
0.662
0.404012
0.662
0.212621
0.662
0.662
0.29415
0.459826
0.662
0.601146
0.662
0.592708
0.662
0.603132
0.224943
0.535275
0.0250903
0.144989
0.319607
0.144568
0.56232
0.584437
0.662
0.662
0.662
0.662
0.119448
0.620853
0.401038
0.662
0.619762
0.444264
0.662
0.0265543
0.0990943
0.127405
0.43295
0.571135
0.662
0.662
0.0803684
0.662
0.383961
0.465067
0.0177088
0.662
0.229993
0.662
0.306058
0.662
0.41857
0.49311
0.662
0.122442
0.260138
0.662
0.662
0.662
0.556077
0.662
0.480114
0.44786
0.102518
0.662
0.421555
0.662
0.150696
0.662
0.488598
0.155441
0.119105
0.211255
0.662
0.662
0.662
0.662
0.156033
0.662
0.662
0.662
0.662
0.348054
0.207804
0.0105041
0.662
0.559245
0.321833
0.409191
0.662
0.54797
0.32461
0.662
0.288508
0.662
0.191945
0.185707
0.662
0.662
0.662
0.0770092
0.0587966
0.578192
0.368162
0.662
0.167619
0.662
0.326779
0.279773
0.662
0.47107
0.662
0.587023
0.662
0.291018
0.135734
0.0164273
0.662
0.417454
0.285608
0.57266
0.405407
0.251734
0.662
0.662
0.312729
0.476124
0.342194
0.662
0.662
0.343084
0.303385
0.662
0.0279994
0.347615
0.218815
0.662
0.318423
0.662
0.662
0.426463
0.662
0.130212
0.517879
0.662
0.18616
0.662
0.406614
0.491975
0.052981
0.182481
0.284441
0.179948
0.104815
0.438338
0.069422
0.662
0.662
0.199081
0.208843
0.629453
0.489164
0.121077
0.662
0.153906
0.405684
0.662
0.574548
0.662
0.238715
0.662
0.276051
0.662
0.662
0.45391
0.0294401
0.662
0.662
0.662
0.376339
0.375093
0.310403
0.297221
0.336095
0.662
0.662
0.662
0.662
0.662
0.218441
0.662
0.354203
0.662
0.173128
0.405452
0.114654
0.662
0.490236
0.240741
0.553065
0.37786
0.411528
0.000329304
0.662
0.324279
0.662
0.189191
0.662
0.662
0.662
0.640284
0.393429
0.429335
0.152106
0.211704
0.662
0.440863
0.662
0.438773
0.0471956
0.662
0.662
0.662
0.662
0.424759
0.1614
0.104119
0.662
0.662
0.445744
0.613365
0.621076
0.566732
0.01093
0.197114
0.662
0.186527
0.0293042
0.618594
0.633694
0.638838
0.662
0.155194
0.148352
0.269959
0.662
0.662
0.249056
0.197843
0.0799998
0.0423207
0.28214
0.250081
0.662
0.281412
0.662
0.297642
0.662
0.450548
0.121709
0.662
0.260268
0.662
0.412918
0.662
0.662
0.662
0.454322
0.662
0.123729
0.390528
0.502689
0.271742
0.0868011
0.662
0.556225
0.662
0.0838988
0.200839
0.615532
0.109743
0.54667
0.662
0.0947017
0.328861
0.417456
0.620144
0.118525
0.662
0.379215
0.662
0.662
0.280191
0.5089
0.356477
0.303602
0.144544
0.632044
0.353182
0.662
0.314598
0.109405
0.0177334
0.152844
0.497326
0.662
0.190127
0.138747
0.577879
0.132744
0.200348
0.138813
0.662
0.340786
0.662
0.27841
0.446941
0.0392936
0.662
0.20775
0.662
0.300671
0.662
0.66182
0.373444
0.662
0.662
0.162052
0.662
0.662
0.548554
0.63339
0.281564
