0.662
0.424199
0.624475
0.662
0.662
0.53105
0.475084
0.282607
0.392548
0.662
0.662
0.117742
0.306276
0.220245
0.154305
0.582702
0.662
0.340017
0.662
0.662
0.662
0.464541
0.0851929
0.131677
0.394944
0.164779
0.0953028
0.424008
0.358765
0.662
0.662
0.399375
0.530628
0.431994
0.662
0.662
0.426322
0.0431138
0.485711
0.662
0.662
0.662
0.436035
0.662
0.662
0.439157
0.662
0.662
0.41107
0.16811
0.662
0.0580746
0.662
0.308235
0.536422
0.662
0.24437
0.662
0.162748
0.30679
0.223051
0.395594
0.662
0.111429
0.166988
0.254715
0.145359
0.51262
0.38038
0.271233
0.424006
0.282702
0.662
0.507084
0.375935
0.662
0.334359
0.37821
0.662
0.199769
0.422251
0.192193
0.662
0.193178
0.216754
0.662
0.394358
0.662
0.0521796
0.223706
0.00862606
0.0712066
0.160146
0.662
0.662
0.662
0.474996
0.172117
0.662
0.662
0.278398
0.662
0.662
0.197872
0.662
0.662
0.172691
0.662
0.37803
0.662
0.662
0.0541804
0.655572
0.662
0.351137
0.662
0.188775
0.492608
0.662
0.565334
0.662
0.162799
0.287336
0.662
0.333933
0.180017
0.0900432
0.157728
0.156841
0.60074
0.248681
0.0335136
0.662
0.427634
0.662
0.221315
0.35244
0.058435
0.662
0.0152626
0.662
0.187221
0.234785
0.662
0.22408
0.0695179
0.662
0.662
0.424542
0.483283
0.426452
0.224302
0.201732
0.662
0.662
0.194947
0.523214
0.263451
0.662
0.33381
0.662
0.662
0.357313
0.662
0.662
0.61881
0.387533
0.19419
0.662
0.662
0.662
0.438515
0.233792
0.659806
0.662
0.354367
0.398548
0.0508401
0.567531
0.662
0.216576
0.662
0.112615
0.352473
0.410402
0.662
0.0265453
0.475477
0.282459
0.49508
0.662
0.662
0.662
0.662
0.662
0.662
0.662
0.662
0.132243
0.351118
0.167206
0.571115
0.662
0.642039
0.662
0.662
0.118398
0.234668
0.662
0.0292325
0.125559
0.374781
0.240922
0.612806
0.00780871
0.519879
0.662
0.34033
0.662
0.545287
0.00365242
0.143528
0.662
0.246185
0.662
0.0201884
0.242598
0.662
0.270934
0.19754
0.508179
0.662
0.0255392
0.662
0.662
0.150913
0.0251107
0.662
0.449179
0.152818
0.202829
0.662
0.60354
0.614197
0.297793
0.0959527
0.662
0.0661965
0.616814
0.148605
0.431326
0.388925
0.662
0.662
0.0827334
0.264897
0.0987659
0.662
0.228789
0.37064
0.0874425
0.214523
0.411924
0.0990546
0.662
0.471845
0.0795956
0.0638616
0.227048
0.422559
0.223743
0.243848
0.253081
0.344396
0.114756
0.119123
0.236161
0.563564
0.0445279
0.662
0.662
0.662
0.662
0.39498
0.662
0.406477
0.201203
0.233076
0.269203
0.608609
0.252728
0.662
0.57741
0.662
0.662
0.028279
0.29355
0.662
0.359649
0.662
0.662
0.660451
0.48992
0.662
0.662
0.277857
0.288632
0.19578
0.662
0.193273
0.662
0.662
0.232182
0.464376
0.436459
0.662
0.283448
0.648047
0.662
0.207029
0.492233
0.242621
0.190232
0.662
0.513789
0.662
0.414067
0.306492
0.662
0.189742
0.339716
0.662
0.662
0.0224077
0.662
0.135974
0.0770043
0.0919928
0.350344
0.300955
0.0623847
0.420307
0.662
0.426895
0.469019
0.216737
0.422551
0.603171
0.136243
0.0159494
0.237245
0.662
0.257717
0.242198
0.498717
0.319577
0.060777
0.662
0.295104
0.219538
0.190147
0.198584
0.333335
0.662
0.662
0.166503
0.662
0.633589
0.662
0.269577
0.662
0.662
0.0202643
0.662
0.662
0.172537
0.629037
0.662
0.187757
0.405783
0.129515
0.662
0.170108
0.662
0.193456
0.108739
0.30769
0.0673312
0.223114
0.142505
0.293823
0.288638
0.453261
0.520928
0.126725
0.205258
0.662
0.184114
0.662
0.662
0.662
0.662
0.16147
0.662
0.364148
0.236863
0.442299
0.0336399
0.237246
0.217838
0.662
0.662
0.421871
0.441954
0.0199667
0.662
0.232101
0.221775
0.423468
0.662
0.605065
0.0763307
0.657623
0.662
0.0749773
0.199027
0.662
0.588373
0.662
0.215772
0.216066
0.525764
0.662
0.169054
0.238957
0.662
0.0411727
0.662
0.328336
0.0823907
0.662
0.662
0.59
0.662
0.397197
0.662
0.304847
0.294486
0.662
0.175378
0.662
0.203349
0.0245229
0.662
0.662
0.462929
0.217135
0.662
0.222931
0.512707
0.493281
0.353896
0.662
0.280122
0.305574
0.193075
0.662
0.243884
0.261209
0.662
0.662
0.114395
0.662
0.553165
0.662
0.0437088
0.0932371
0.342109
0.325955
0.220317
0.662
0.178943
0.209875
0.553872
0.37232
0.30907
0.662
0.435276
0.479911
0.357196
0.442735
0.662
0.599853
0.662
0.662
0.662
0.662
0.628535
0.662
0.00624285
0.540014
0.662
0.662
0.662
0.303768
0.662
0.528416
0.506523
0.211492
0.662
0.662
0.662
0.184822
0.31721
0.191604
0.531809
0.662
0.212943
0.662
0.0524086
0.0687385
0.0827479
0.0757809
0.662
0.662
0.211237
0.377869
0.45156
0.270305
0.662
0.135699
0.662
0.255253
0.434491
0.367204
0.662
0.105906
0.229022
0.171648
0.662
0.438043
0.662
0.0965278
0.652175
0.251098
0.188758
0.60796
0.662
0.284693
0.35797
0.662
0.662
0.662
0.662
0.662
0.662
0.0120029
0.662
0.340294
0.622302
0.570727
0.662
0.535563
0.113873
0.317618
0.376623
0.322017
0.51205
0.00245071
0.286263
0.239755
0.191456
0.196399
0.662
0.536543
0.662
0.662
0.662
0.252389
0.151159
0.249512
0.18181
0.168057
0.244126
0.647068
0.20326
0.385334
0.631502
0.662
0.0260333
0.662
0.662
0.154632
0.344928
0.662
0.52395
0.146341
0.26878
0.662
0.662
0.662
0.0777855
0.661143
0.662
0.243141
0.110712
0.0969769
0.662
0.662
0.451759
0.0284099
0.662
0.360947
0.662
0.662
0.50904
0.662
0.279871
0.662
0.511538
0.662
0.192667
0.649986
0.662
0.662
0.121184
0.662
0.223625
0.00726553
0.10788
0.662
0.215959
0.662
0.133309
0.606898
0.355012
0.662
0.662
0.379933
0.662
0.0519913
0.662
0.662
0.0703437
0.255043
0.220674
0.162509
0.395245
0.241628
0.662
0.24639
0.662
0.232902
0.662
0.662
0.267004
0.662
0.644741
0.417082
0.662
0.0128305
0.662
0.373289
0.662
0.131952
0.320074
0.204662
0.662
0.115553
0.662
0.662
0.346784
0.662
0.250021
0.275462
0.662
0.15758
0.662
0.128108
0.662
0.662
0.0024618
0.662
0.285682
0.289759
0.662
0.199338
0.0891432
0.662
0.477945
0.147934
0.151694
0.20745
0.662
0.237286
0.662
0.527212
0.662
0.662
0.33679
0.662
0.439511
0.662
0.662
0.0304568
0.662
0.662
0.054993
0.0681321
0.195607
0.662
0.662
0.662
0.344991
0.184467
0.111064
0.47658
0.412055
0.189454
0.662
0.166033
0.396538
0.662
0.662
0.245115
0.186426
0.662
0.279937
0.662
0.662
0.662
0.224715
0.662
0.100397
0.0636996
0.0807995
0.282698
0.662
0.445506
0.662
0.662
0.573649
0.253323
0.196972
0.662
0.301342
0.662
0.26404
0.0104245
0.00713128
0.456558
0.332707
0.45594
0.662
0.472517
0.181431
0.662
0.662
0.501579
0.33983
0.340962
0.209383
0.0561511
0.474555
0.420681
0.237271
0.121117
0.598632
0.203567
0.662
0.372713
0.150895
0.535367
0.290379
0.662
0.267497
0.662
0.662
0.260758
0.227716
0.0777101
0.662
0.485996
0.523658
0.494875
0.157926
0.154258
0.383518
0.662
0.221301
0.154655
0.0117717
0.662
0.0662168
0.22013
0.215782
0.662
0.662
0.662
0.662
0.35914
0.662
0.281869
0.427135
0.123627
0.270764
0.543632
0.257923
0.662
0.0724919
0.444669
0.400937
0.0544775
0.270371
0.0116637
0.359537
0.11666
0.411712
0.662
0.601958
0.450055
0.0935641
0.0453256
0.662
0.00029142
0.303172
0.430981
0.662
0.662
0.662
0.662
0.662
0.662
0.632826
0.614498
0.568354
0.381177
0.662
0.662
0.662
0.331179
0.615456
0.325477
0.27325
0.662
0.662
0.662
0.348824
0.384963
0.662
0.0283171
0.427199
0.0689544
0.330456
0.241503
0.0367882
0.0392805
0.0112886
0.246944
0.584433
0.662
0.662
0.198456
0.662
0.662
0.650763
0.662
0.266116
0.662
0.662
0.408102
0.214136
0.0263887
0.662
0.234523
0.174755
0.347423
0.191442
0.0449039
0.0698773
0.140214
0.662
0.376147
0.0695484
0.14411
0.413176
0.552086
0.662
0.0771599
0.277626
0.567834
0.662
0.455968
0.361839
0.374568
0.0514445
0.0424861
0.487763
0.000866247
0.662
0.251298
0.662
0.662
0.662
0.356544
0.579059
0.555898
0.192197
0.209967
0.662
0.406775
0.321388
0.662
0.370731
0.30191
0.391437
0.662
0.662
0.197951
0.662
0.662
0.662
0.662
0.662
0.313202
0.662
0.508427
0.662
0.662
0.662
0.359232
0.3874
0.221019
0.292916
0.166402
0.302366
0.334893
0.080605
0.662
0.662
0.662
0.190059
0.662
0.0386326
0.207781
0.154249
0.137715
0.525645
0.572843
0.662
0.18882
0.122653
0.212399
0.46398
0.00346415
0.178508
0.0575167
0.662
0.662
0.217542
0.0347094
0.418636
0.194567
0.526291
0.304685
0.662
0.662
0.460067
0.433004
0.662
0.662
0.662
0.103197
0.662
0.662
0.662
0.160834
0.291447
0.662
0.662
0.662
0.662
0.466091
0.662
0.366689
0.194027
0.467905
0.600055
0.662
0.662
0.626813
0.369622
0.210309
0.152692
0.57362
0.662
0.662
0.662
0.662
0.662
0.493777
0.452856
0.278614
0.257999
0.336605
0.15803
0.0657604
0.662
0.347994
0.275682
0.662
0.170476
0.662
0.132877
0.662
0.662
0.322063
0.662
0.662
0.662
0.0709626
0.662
0.662
0.662
0.120193
0.662
0.575119
0.418121
0.587698
0.662
0.43113
0.362148
0.102887
0.308801
0.209485
0.662
0.662
0.662
0.662
0.422069
0.662
0.0513062
0.628108
0.348954
0.305322
0.662
0.267373
0.28242
0.225049
0.15413
0.662
0.662
0.423822
0.367806
0.0421549
0.442358
0.662
0.196952
0.662
0.328327
0.662
0.662
0.177057
0.458709
0.0719966
0.22533
0.134607
0.662
0.299124
0.131766
0.662
0.348347
0.506383
0.449769
0.00643938
0.591658
0.519813
0.0895034
0.449356
0.039673
0.662
0.179343
0.152257
0.662
0.405321
0.285702
0.457861
0.243089
0.662
0.029516
0.365301
0.188268
0.0770568
0.137774
0.0943034
0.355966
0.0911694
0.0832825
0.662
0.286709
0.124413
0.662
0.662
0.662
0.489079
0.0480185
0.662
0.32126
0.641447
0.0867617
0.662
0.438647
0.662
0.54259
0.662
0.0627993
0.107561
0.176851
0.662
0.333041
0.456602
0.153235
0.662
0.520287
0.662
0.662
0.662
0.194707
0.0804311
0.662
0.662
0.662
0.662
0.327343
0.416183
0.439155
0.662
0.662
0.662
0.662
0.662
0.223013
0.662
0.0650614
0.337004
0.218221
0.301743
0.00260135
0.35798
0.367012
0.662
0.215943
0.117419
0.662
0.301225
0.662
0.662
0.662
0.662
0.662
0.662
0.662
0.662
0.0283394
0.450749
0.161005
0.662
0.0213417
0.244617
0.662
0.206158
0.451141
0.47068
0.458702
0.393672
0.662
0.662
0.0580248
0.662
0.662
0.500348
0.662
0.0106484
0.147542
0.35818
0.662
0.262619
0.205756
0.603723
0.43732
0.212152
0.620335
0.456121
0.0209828
0.298394
0.662
0.662
0.420932
0.658497
0.452625
0.662
0.243996
0.662
0.509134
0.224253
0.0808381
0.626202
0.34746
0.528872
0.384676
0.20002
0.662
0.393621
0.211806
0.0153519
0.662
0.399884
0.425623
0.662
0.278866
0.662
0.488072
0.662
0.662
0.0678381
0.662
0.662
0.410048
0.227249
0.458904
0.176306
0.0791097
0.135827
0.662
0.662
0.268901
0.297318
0.493529
0.52524
0.206122
0.380653
0.383925
0.239928
0.288646
0.662
0.313705
0.414382
0.200648
0.0775349
0.662
0.293243
0.0730964
0.627623
0.291736
0.662
0.249799
0.105136
0.660534
0.662
0.662
0.662
0.662
0.611822
0.324431
0.38909
0.662
0.662
0.343673
0.37687
0.0676665
0.662
0.662
0.173047
0.518393
0.475033
0.662
0.409783
0.662
0.0443843
0.218942
0.662
0.614566
0.662
0.151048
0.114387
0.174461
0.662
0.662
0.432098
0.662
0.00890861
0.662
0.662
0.165553
0.273059
0.595901
0.662
0.090799
0.475951
0.423291
0.268957
0.197547
0.361398
0.662
0.662
0.197921
0.40301
0.662
0.662
0.255282
0.405302
0.134602
0.662
0.169786
0.197047
0.182878
0.359176
0.072803
0.662
0.241205
0.440124
0.336052
0.413195
0.395058
0.0727554
0.634536
0.662
0.12918
0.662
0.662
0.158832
0.180018
0.135111
0.662
0.0679091
0.313895
0.272757
0.410522
0.662
0.662
0.582103
0.162965
0.592235
0.640229
0.662
0.0898229
0.662
0.145713
0.662
0.0641073
0.113805
0.662
0.662
0.606652
0.0799225
0.662
0.334104
0.382353
0.089792
0.559553
0.662
0.662
0.090361
0.0398876
0.508212
0.662
0.662
0.254148
0.137378
0.372563
0.662
0.302072
0.662
0.432895
0.126671
0.662
0.184736
0.107859
0.152553
0.294064
0.350706
0.296067
0.631148
0.144052
0.307219
0.427187
0.197509
0.312706
0.662
0.554301
0.529965
0.662
0.0720777
0.662
0.371031
0.430034
0.445384
0.285186
0.380184
0.269694
0.662
0.464565
0.662
0.0930936
0.662
0.662
0.662
0.391596
0.140142
0.323557
0.662
0.32692
0.0387095
0.662
0.662
0.662
0.662
0.460832
0.662
0.0888243
0.662
0.662
0.483049
0.342439
0.662
0.448839
0.662
0.187843
0.0634786
0.662
0.461449
0.470682
0.662
0.345647
0.113629
0.458546
0.662
0.0181465
0.439214
0.486254
0.473371
0.134012
0.379389
0.341965
0.329428
0.259067
0.335026
0.662
0.0424311
0.243973
0.544877
0.440151
0.662
0.205817
0.662
0.662
0.375657
0.662
0.474342
0.662
0.427918
0.662
0.476258
0.662
0.38634
0.316576
0.0116688
0.363862
0.662
0.662
0.464574
0.0219258
0.00968705
0.517898
0.662
0.151846
0.481279
0.024106
0.662
0.068877
0.64069
0.113192
0.387109
0.510011
0.662
0.153494
0.0908726
0.662
0.177073
0.28722
0.662
0.662
0.662
0.547626
0.313339
0.22958
0.45192
0.208118
0.662
0.662
0.255319
0.662
0.662
0.347254
0.662
0.203351
0.379052
0.662
0.0143492
0.662
0.662
0.23711
0.268495
0.505249
0.380696
0.443969
0.540303
0.22878
0.662
0.224728
0.0302849
0.304751
0.662
0.392271
0.662
0.518196
0.117616
0.662
0.218038
0.229326
0.271723
0.0546587
0.0083119
0.662
0.0846079
0.662
0.246731
0.662
0.662
0.379428
0.662
0.542597
0.549481
0.662
0.386167
0.194837
0.662
0.110253
0.662
0.622723
0.662
0.662
0.168455
0.662
0.0476969
0.485997
0.348945
0.00988251
0.662
0.662
0.484656
0.662
0.176928
0.16781
0.448566
0.261125
0.662
0.662
0.427214
0.166315
0.633822
0.662
0.174154
0.209875
0.210347
0.24076
0.662
0.383141
0.185788
0.209564
0.152997
0.662
0.102754
0.662
0.244567
0.152225
0.662
0.0770847
0.662
0.477444
0.281365
0.265003
0.662
0.662
0.240092
0.0159487
0.662
0.662
0.399732
0.662
0.345075
0.261091
0.286593
0.274727
0.133635
0.306415
0.662
0.493678
0.662
0.00995982
0.662
0.662
0.614377
0.205474
0.662
0.311126
0.524997
0.0892944
0.0263495
0.45904
0.662
0.440298
0.662
0.288556
0.662
0.662
0.184611
0.249975
0.662
0.662
0.0467806
0.662
0.448482
0.445414
0.0675613
0.353404
0.294333
0.662
0.0290198
0.485614
0.437715
0.662
0.662
0.662
0.541256
0.662
0.538679
0.369472
0.339752
0.662
0.662
0.408968
0.48154
0.0473455
0.662
0.364502
0.293481
0.662
0.662
0.662
0.363656
0.662
0.475332
0.456242
0.215863
0.227572
0.312808
0.0517254
0.662
0.46211
0.526579
0.234173
0.662
0.631073
0.662
0.662
0.440873
0.662
0.351
0.465747
0.181377
0.0080642
0.662
0.272305
0.662
0.0346335
0.307895
0.662
0.662
0.196664
0.662
0.190447
0.662
0.479053
0.0455954
0.662
0.238774
0.285267
0.194074
0.19396
0.662
0.387293
0.662
0.301352
0.662
0.344149
0.219867
0.284393
0.662
0.367156
0.234706
0.279243
0.662
0.533857
0.521628
0.662
0.662
0.204017
0.0495119
0.539522
0.384529
0.662
0.371002
0.104518
0.559149
0.092742
0.00579181
0.153512
0.662
0.424404
0.662
0.164323
0.662
0.662
0.362398
0.461223
0.481425
0.662
0.328155
0.553382
0.522349
0.133611
0.21451
0.662
0.187247
0.633921
0.229786
0.153347
0.0231185
0.662
0.633199
0.662
0.662
0.185668
0.164844
0.0693277
0.662
0.361746
0.190058
0.109898
0.662
0.662
0.445144
0.0864718
0.662
0.455938
0.215319
0.662
0.662
0.33711
0.662
0.662
0.662
0.456403
0.423156
0.662
0.103888
0.229858
0.412365
0.560041
0.656933
0.662
0.662
0.0238699
0.631213
0.144531
0.662
0.662
0.662
0.662
0.662
