0.552402
0.662
0.410506
0.662
0.0910725
0.423081
0.662
0.662
0.525754
0.410658
0.123692
0.627376
0.0103533
0.433022
0.662
0.219001
0.201308
0.318519
0.662
0.662
0.662
0.450552
0.662
0.662
0.23546
0.640436
0.306493
0.52222
0.662
0.662
0.288157
0.410848
0.662
0.662
0.662
0.360045
0.662
0.662
0.129895
0.255503
0.300646
0.662
0.662
0.459154
0.662
0.662
0.605278
0.662
0.226675
0.189988
0.495768
0.46411
0.13226
0.62947
0.0396465
0.64976
0.662
0.276014
0.662
0.0178581
0.662
0.428387
0.233424
0.376409
0.135711
0.662
0.375979
0.0894955
0.227012
0.107625
0.373527
0.662
0.0912485
0.0124313
0.662
0.662
0.54531
0.662
0.419003
0.321514
0.320861
0.519749
0.284838
0.299797
0.662
0.662
0.197729
0.662
0.0390788
0.0450933
0.150923
0.313308
0.142203
0.0550075
0.662
0.325081
0.662
0.554582
0.437729
0.662
0.0715726
0.662
0.184675
0.662
0.157603
0.662
0.101953
0.662
0.30905
0.662
0.662
0.662
0.0112218
0.36943
0.197955
0.156235
0.080835
0.662
0.265785
0.490951
0.154782
0.662
0.336242
0.27338
0.662
0.38647
0.252276
0.0923152
0.236904
0.301519
0.177217
0.662
0.662
0.662
0.0490183
0.367294
0.462487
0.560314
0.253773
0.450632
0.482247
0.662
0.403639
0.029127
0.178062
0.662
0.662
0.362763
0.662
0.476056
0.662
0.225451
0.409302
0.662
0.662
0.662
0.153681
0.662
0.662
0.47863
0.662
0.264281
0.662
0.662
0.07555
0.154384
0.267953
0.662
0.0117691
0.0735548
0.557118
0.0425763
0.0316918
0.179721
0.0829932
0.662
0.662
0.31679
0.662
0.146481
0.662
0.662
0.662
0.461827
0.662
0.656966
0.420157
0.294117
0.239355
0.268769
0.390796
0.239268
0.662
0.208753
0.662
0.473306
0.409065
0.171701
0.662
0.662
0.332519
0.0631365
0.662
0.662
0.114877
0.143111
0.204753
0.662
0.332847
0.662
0.101472
0.44275
0.602719
0.29505
0.0577244
0.163346
0.00428356
0.662
0.176477
0.662
0.42001
0.662
0.662
0.0861748
0.662
0.306046
0.662
0.556017
0.662
0.662
0.607404
0.581771
0.37199
0.0685745
0.587026
0.598711
0.662
0.662
0.662
0.200957
0.614866
0.199864
0.662
0.662
0.167951
0.371418
0.397862
0.554218
0.662
0.662
0.662
0.225061
0.662
0.14657
0.208969
0.476302
0.662
0.662
0.662
0.662
0.10594
0.391952
0.662
0.662
0.662
0.125115
0.122909
0.581266
0.15041
0.0991681
0.0909195
0.662
0.638951
0.0765824
0.662
0.662
0.467259
0.662
0.164818
0.662
0.662
0.199481
0.662
0.0720864
0.0956332
0.136314
0.662
0.662
0.213208
0.151148
0.662
0.662
0.449734
0.429582
0.178018
0.220282
0.662
0.662
0.662
0.16802
0.435363
0.662
0.312725
0.249678
0.104096
0.552643
0.662
0.662
0.184
0.0572575
0.158066
0.662
0.192685
0.305079
0.430428
0.255909
0.662
0.662
0.558327
0.662
0.480187
0.26293
0.315799
0.0512032
0.495686
0.320209
0.636632
0.662
0.427378
0.662
0.649465
0.00437642
0.662
0.662
0.244061
0.378858
0.662
0.662
0.0572657
0.224459
0.662
0.360508
0.662
0.467631
0.448238
0.214192
0.0921612
0.608317
0.193849
0.662
0.269516
0.469477
0.456653
0.662
0.662
0.662
0.0286095
0.662
0.526664
0.662
0.662
0.459739
0.0457041
0.49868
0.381658
0.662
0.662
0.484742
0.0443029
0.618205
0.58006
0.662
0.206995
0.662
0.502316
0.662
0.662
0.662
0.395949
0.662
0.662
0.428393
0.105098
0.662
0.0494252
0.583657
0.125259
0.661241
0.493557
0.662
0.662
0.662
0.662
0.662
0.107188
0.198087
0.0496094
0.662
0.216841
0.398729
0.397852
0.104551
0.267026
0.662
0.662
0.662
0.487828
0.195817
0.0667118
0.201118
0.662
0.211026
0.278466
0.0878399
0.516766
0.662
0.662
0.126871
0.662
0.161263
0.662
0.00191863
0.662
0.191313
0.662
0.2077
0.662
0.43014
0.0182946
0.523915
0.0350413
0.662
0.662
0.186916
0.662
0.291885
0.662
0.662
0.662
0.662
0.662
0.662
0.285638
0.0815531
0.662
0.662
0.372726
0.625684
0.373452
0.662
0.662
0.38082
0.462128
0.146711
0.662
0.662
0.529523
0.631376
0.662
0.369312
0.562131
0.169966
0.0439205
0.302995
0.544921
0.662
0.662
0.375319
0.293094
0.662
0.237641
0.270026
0.662
0.662
0.314483
0.123398
0.237431
0.662
0.662
0.570253
0.0882059
0.662
0.662
0.373089
0.564398
0.662
0.662
0.208984
0.257752
0.453219
0.662
0.414013
0.412132
0.361757
0.420362
0.0817763
0.293043
0.168959
0.257286
0.662
0.606982
0.302691
0.610396
0.311644
0.662
0.662
0.662
0.148927
0.662
0.255481
0.434507
0.662
0.662
0.411438
0.0118282
0.503877
0.61308
0.167882
0.283538
0.662
0.177961
0.213294
0.662
0.368551
0.633599
0.662
0.631481
0.252803
0.345927
0.42188
0.416468
0.224102
0.272405
0.657376
0.662
0.408463
0.381787
0.33255
0.45343
0.662
0.443895
0.662
0.126359
0.518131
0.662
0.662
0.662
0.470706
0.597669
0.368253
0.339913
0.224168
0.0753358
0.119352
0.391279
0.188062
0.156709
0.277123
0.148967
0.332659
0.356764
0.662
0.662
0.529252
0.592436
0.356734
0.447328
0.0402571
0.662
0.126755
0.312468
0.652858
0.662
0.662
0.383248
0.176152
0.516588
0.603478
0.585524
0.232131
0.662
0.662
0.662
0.0719118
0.492505
0.18668
0.312729
0.0327627
0.416568
0.505363
0.131872
0.662
0.53683
0.599453
0.475882
0.662
0.250429
0.0440649
0.430119
0.448249
0.467761
0.194689
0.138096
0.00344401
0.662
0.662
0.662
0.171355
0.662
0.267089
0.662
0.662
0.129056
0.662
0.662
0.662
0.662
0.221911
0.662
0.662
0.54108
0.31831
0.397526
0.129781
0.662
0.662
0.242227
0.203039
0.0375195
0.421159
0.662
0.662
0.662
0.0209422
0.413205
0.232321
0.0269155
0.662
0.0222994
0.503664
0.481779
0.261334
0.203405
0.167084
0.20325
0.123464
0.558768
0.19613
0.662
0.662
0.590653
0.203464
0.104989
0.00340775
0.29071
0.552265
0.662
0.0692465
0.662
0.0578993
0.662
0.339738
0.662
0.46515
0.662
0.662
0.118561
0.662
0.308514
0.662
0.53407
0.662
0.662
0.209149
0.308934
0.219274
0.285841
0.316795
0.224086
0.286801
0.156204
0.662
0.662
0.229715
0.328094
0.662
0.165941
0.662
0.341492
0.144083
0.0698147
0.303115
0.231677
0.662
0.382344
0.253963
0.590868
0.0972987
0.386623
0.662
0.185239
0.662
0.468002
0.437836
0.436399
0.0814868
0.116068
0.00416383
0.662
0.0750306
0.210689
0.327857
0.226022
0.602078
0.318707
0.401014
0.662
0.662
0.662
0.662
0.273301
0.123986
0.077234
0.31129
0.564599
0.613225
0.583847
0.662
0.662
0.662
0.0603165
0.662
0.188682
0.662
0.571638
0.163601
0.662
0.662
0.662
0.662
0.516733
0.652166
0.662
0.0603541
0.273979
0.102574
0.376117
0.609229
0.409947
0.330923
0.662
0.159696
0.347578
0.662
0.662
0.662
0.662
0.502612
0.175612
0.229255
0.455707
0.366246
0.313255
0.662
0.472721
0.611424
0.662
0.151808
0.211653
0.593357
0.316978
0.2398
0.662
0.662
0.141633
0.0766669
0.662
0.632502
0.0355996
0.269602
0.455567
0.662
0.468607
0.10175
0.662
0.280526
0.662
0.109801
0.207532
0.348433
0.15829
0.565697
0.662
0.483348
0.323655
0.662
0.409565
0.063609
0.217985
0.662
0.254517
0.662
0.662
0.428715
0.662
0.326365
0.24182
0.202713
0.662
0.662
0.662
0.481707
0.662
0.0508619
0.0767723
0.662
0.501466
0.662
0.662
0.41799
0.0596434
0.20839
0.0227429
0.289802
0.191632
0.123608
0.160047
0.662
0.208484
0.662
0.538049
0.662
0.662
0.371321
0.662
0.633253
0.662
0.22154
0.143486
0.190314
0.662
0.36089
0.662
0.49584
0.255748
0.142496
0.662
0.662
0.40683
0.34555
0.215694
0.160985
0.155967
0.44316
0.629098
0.662
0.30578
0.430825
0.0992973
0.308041
0.427997
0.461315
0.280602
0.0126602
0.662
0.662
0.662
0.643259
0.241071
0.251826
0.554521
0.163349
0.341709
0.109685
0.296954
0.501961
0.315345
0.662
0.662
0.662
0.362245
0.446859
0.273511
0.436518
0.662
0.219516
0.662
0.262596
0.134635
0.109773
0.648621
0.197493
0.662
0.632974
0.134858
0.445581
0.56239
0.0495321
0.662
0.662
0.487339
0.662
0.662
0.463429
0.62452
0.662
0.518853
0.662
0.662
0.31692
0.662
0.436827
0.155766
0.0541248
0.101533
0.320272
0.195743
0.262233
0.272359
0.559916
0.559873
0.259201
0.350393
0.617285
0.143417
0.662
0.662
0.208355
0.350373
0.362896
0.421704
0.230382
0.214311
0.226231
0.568982
0.0861745
0.177598
0.260554
0.203291
