0.662
0.662
0.662
0.117894
0.662
0.530367
0.662
0.409393
0.0290377
0.425442
0.200335
0.459362
0.662
0.204542
0.662
0.401188
0.63339
0.0351323
0.0980094
0.662
0.0932672
0.407516
0.662
0.217947
0.0458755
0.320362
0.538022
0.456876
0.662
0.330243
0.190127
0.528499
0.303258
0.167563
0.644353
0.391276
0.0543044
0.662
0.662
0.662
0.662
0.662
0.662
0.225015
0.215261
0.662
0.662
0.662
0.619679
0.327288
0.222309
0.481357
0.261333
0.197606
0.662
0.428355
0.412492
0.200348
0.658247
0.662
0.246142
0.166319
0.076237
0.119229
0.129509
0.511516
0.209489
0.662
0.233526
0.240564
0.662
0.662
0.457214
0.304188
0.472429
0.662
0.662
0.662
0.184739
0.662
0.062307
0.104554
0.662
0.662
0.0713998
0.658551
0.662
0.662
0.077999
0.289272
0.0705433
0.294392
0.353678
0.339792
0.46965
0.106622
0.262348
0.662
0.206351
0.662
0.662
0.298446
0.662
0.342111
0.582389
0.402776
0.662
0.662
0.63021
0.275269
0.662
0.308965
0.061471
0.44922
0.2497
0.332584
0.183226
0.142248
0.346895
0.532116
0.365449
0.217777
0.045445
0.179948
0.662
0.132727
0.557669
0.52869
0.206343
0.517739
0.662
0.197097
0.662
0.0136818
0.236132
0.662
0.0760583
0.442346
0.232286
0.163853
0.662
0.356222
0.364358
0.662
0.662
0.355232
0.362929
0.321404
0.20775
0.662
0.228443
0.263593
0.662
0.182731
0.117184
0.157126
0.633699
0.554947
0.392782
0.662
0.662
0.662
0.618622
0.662
0.662
0.446941
0.662
0.662
0.189426
0.662
0.662
0.466836
0.662
0.662
0.369168
0.37707
0.662
0.155441
0.662
0.662
0.033957
0.240373
0.247115
0.188689
0.242319
0.128789
0.265586
0.662
0.662
0.373554
0.662
0.654752
0.662
0.633694
0.662
0.662
0.305661
0.276395
0.0272798
0.662
0.662
0.662
0.662
0.662
0.181505
0.170405
0.662
0.00887184
0.526942
0.662
0.286555
0.564701
0.662
0.662
0.494344
0.209501
0.124041
0.419985
0.49585
0.0684938
0.662
0.241145
0.662
0.662
0.662
0.662
0.290709
0.40016
0.662
0.662
0.662
0.0177334
0.111773
0.662
0.662
