0.393395
0.662
0.0392906
0.662
0.224943
0.640229
0.00688729
0.662
0.662
0.662
0.365575
0.366148
0.662
0.0941512
0.443562
0.662
0.662
0.26262
0.662
0.662
0.662
0.662
0.185016
0.267087
0.339195
0.662
0.366352
0.662
0.297318
0.662
0.00284043
0.498024
0.398957
0.662
0.513259
0.600366
0.662
0.127283
0.324646
0.662
0.367526
0.28214
0.140214
0.350478
0.566153
0.424509
0.0180163
0.0568961
0.662
0.0637977
0.145864
0.662
0.232784
0.256109
0.163068
0.662
0.662
0.662
0.662
0.356477
0.122442
0.662
0.395207
0.0122905
0.0662168
0.364148
0.232707
0.662
0.662
0.0657462
0.43676
0.662
0.300473
0.24036
0.196866
0.120907
0.45605
0.575109
0.662
0.662
0.250768
0.128424
0.662
0.662
0.662
0.288426
0.622302
0.0734416
0.227968
0.39562
0.662
0.662
0.220133
0.612106
0.662
0.371217
0.662
0.662
0.211509
0.0498286
0.662
0.539561
0.346661
0.214374
0.0719723
0.426463
0.662
0.0735521
0.365127
0.52937
0.169786
0.53985
0.241654
0.0253236
0.119606
0.662
0.433705
0.188268
0.179516
0.376479
0.662
0.662
0.662
0.662
0.259647
0.104119
0.662
0.316345
0.373521
0.370982
0.662
0.662
0.195022
0.662
0.662
0.0954654
0.662
0.554225
0.662
0.191631
0.115122
0.366131
0.0546353
0.338195
0.662
0.662
0.662
0.662
0.0730845
0.298941
0.27049
0.254764
0.662
0.19442
0.64128
0.457088
0.662
0.662
0.0275027
0.662
0.14991
0.396025
0.662
0.662
0.662
0.32754
0.662
0.11
0.0912194
0.545536
0.166547
0.225049
0.129095
0.291736
0.310668
0.662
0.278398
0.662
0.306101
0.662
0.662
0.662
0.662
0.620335
0.427407
0.37803
0.662
0.22309
0.662
0.60534
0.592235
0.350799
0.171961
0.0951104
0.626371
0.256679
0.18579
0.413176
0.431139
0.149154
0.662
0.662
0.1064
0.58088
0.0476969
0.543421
0.197843
0.267585
0.327719
0.662
0.45544
0.0995954
0.069422
0.271009
0.199086
0.0235635
0.662
0.662
0.107053
0.662
0.662
0.662
0.662
0.55488
0.324571
0.662
0.459173
0.662
0.147934
0.172537
0.662
0.222441
0.190657
0.662
0.461026
0.239423
0.662
0.662
0.662
0.360702
0.662
0.662
0.662
0.0994397
0.419849
0.206419
0.662
0.440238
0.196907
0.0339532
0.662
0.275682
0.662
0.662
0.313202
0.29364
0.197626
0.108614
0.197114
0.662
0.275076
0.662
0.205897
0.405452
0.19271
0.662
0.662
0.183277
0.5538
0.220674
0.622723
0.164594
0.662
0.108434
0.662
0.662
0.314646
0.241772
0.662
0.613365
0.662
0.247505
0.209084
0.135699
0.662
0.662
0.120102
0.0105041
0.0250903
0.662
0.427003
0.435472
0.662
0.281452
0.348082
0.649846
0.426956
0.182377
0.10734
0.413526
0.333167
0.314226
0.109318
0.313419
0.662
0.203359
0.422239
0.482144
0.662
0.236032
0.662
0.311114
0.662
0.662
0.372181
0.662
0.662
0.417456
0.662
0.662
0.288508
0.211271
0.662
0.662
0.476631
0.0424311
0.662
0.232902
0.532616
0.662
0.0470298
0.0164273
0.591993
0.429868
0.662
0.219058
0.662
0.0727554
0.662
0.14477
0.662
0.0870503
0.192193
0.662
0.433004
0.662
0.384414
0.277857
0.144446
0.662
0.272738
0.637871
0.218349
0.251098
0.662
0.662
0.662
0.44786
0.545853
0.662
0.322267
0.628256
0.662
0.662
0.373292
0.155186
0.339211
0.333933
0.662
0.603766
0.187211
0.397058
0.662
0.419909
0.411659
0.00339581
0.662
0.662
0.402033
0.066569
0.153433
0.662
0.493777
0.062984
0.0532793
0.578192
0.60397
0.662
0.346961
0.225541
0.662
0.662
0.611619
0.662
0.662
0.354164
0.662
0.029516
0.0695179
0.577287
0.662
0.662
0.223114
0.662
0.347051
0.662
0.567531
0.662
0.393148
0.662
0.660092
0.272054
0.662
0.310568
0.153906
0.321833
0.509747
0.0284099
0.196952
0.662
0.662
0.662
0.277545
0.376147
0.662
0.309204
0.547626
0.00419913
0.416186
0.662
0.199081
0.121709
0.662
0.662
0.0927048
0.662
0.662
0.362973
0.282231
0.566383
0.337881
0.662
0.662
0.0445279
0.239876
0.165901
0.662
0.0289928
0.066793
0.233467
0.187247
0.662
0.662
0.229197
0.155652
0.291653
0.255522
0.397972
0.54913
0.391596
0.660451
0.662
0.422069
0.662
0.451923
0.0887777
0.405137
0.662
0.318274
0.662
0.227123
0.662
0.545142
0.662
0.662
0.649626
0.64061
0.591646
0.662
0.16147
0.318423
0.662
0.37786
0.391631
0.662
0.461449
0.166955
0.662
0.109898
0.662
0.662
0.204403
0.264223
0.662
0.283242
0.103565
0.404012
0.191456
0.0495119
0.662
0.662
0.520928
0.312608
0.530874
0.293243
0.142505
0.608004
0.662
0.282602
0.403569
0.662
0.197993
0.2106
0.41593
0.662
0.662
0.167197
0.208843
0.441356
0.127535
0.39472
0.0795956
0.244567
0.24927
0.393514
0.0719966
0.662
0.662
0.177057
0.459637
0.562503
0.418121
0.647579
0.256615
0.647102
0.174998
0.404743
0.662
0.662
0.410115
0.662
0.577879
0.662
0.150696
0.662
0.662
0.59176
0.27382
0.662
0.258636
0.0858228
0.662
0.130952
0.175888
0.662
0.0139211
0.434491
0.411989
0.662
0.662
0.107561
0.65195
0.662
0.344539
0.662
0.662
0.352243
0.662
0.342576
0.662
0.662
0.185578
0.662
0.185253
0.149082
0.0623286
0.0487534
0.531809
0.447967
0.662
0.199945
0.221531
0.326027
0.662
0.662
0.45594
0.093395
0.200839
0.662
0.387533
0.200648
0.539453
0.0867617
0.296002
0.662
0.509481
0.662
0.662
0.662
0.119448
0.662
0.15328
0.228432
0.662
0.662
0.605065
0.626202
0.662
0.103254
0.525645
0.662
0.662
0.662
0.662
0.662
0.662
0.662
0.662
0.40929
0.662
0.662
0.662
0.662
0.662
0.56232
0.277324
0.662
0.414787
0.662
0.327464
0.662
0.458702
0.0242422
0.369129
0.399353
0.0935803
0.662
0.534337
0.424199
0.450139
0.20677
0.0874203
0.134612
0.662
0.0703437
0.068877
0.662
0.0730964
0.662
0.662
0.0753697
0.455153
0.662
0.382316
0.139169
0.427902
0.200323
0.368374
0.0577253
0.521665
0.301033
0.662
0.205117
0.158498
0.662
0.610569
0.0658425
0.257445
0.662
0.662
0.662
0.170315
0.451897
0.234219
0.662
0.662
0.379428
0.662
0.662
0.448224
0.192113
0.662
0.662
0.662
0.662
0.470577
0.662
0.310403
0.263407
0.0642566
0.35004
0.268744
0.023454
0.662
0.662
0.115166
0.186757
0.157152
0.367322
0.662
0.248691
0.336894
0.47571
0.477489
0.319607
0.0279994
0.101035
0.662
0.539982
0.358553
0.662
0.631108
0.408252
0.662
0.350115
0.382223
0.59986
0.279871
0.257653
0.462941
0.662
0.662
0.357313
0.382254
0.024106
0.165699
0.187723
0.662
0.350378
0.427126
0.662
0.662
0.475084
0.135827
0.191442
0.192571
0.361155
0.662
0.662
0.430474
0.0341683
0.575326
0.184589
0.113034
0.089792
0.662
0.322871
0.662
0.662
0.306429
0.487213
0.662
0.124171
0.204662
0.164804
0.0973722
0.662
0.282459
0.662
0.662
0.143417
0.662
0.462929
0.35986
0.544877
0.376829
0.662
0.0336399
0.222931
0.662
0.295828
0.0347087
0.469492
0.662
0.293998
0.629706
0.421523
0.491517
0.055571
0.662
0.373444
0.460272
0.662
0.662
0.392269
0.493155
0.435276
0.651955
0.662
0.662
0.242778
0.232275
0.536928
0.662
0.328336
0.662
0.224728
0.342194
0.25181
0.205512
0.397103
0.0266064
0.0599693
0.214136
0.404309
0.186527
0.380563
0.662
0.662
0.355942
0.38124
0.231363
0.187897
0.330301
0.336019
0.191883
0.662
0.662
0.454425
0.662
0.296286
0.0580301
0.662
0.0580746
0.199754
0.545051
0.662
0.217337
0.662
0.475933
0.566003
0.497823
0.494527
0.662
0.662
0.0650938
0.662
0.264014
0.605875
0.309131
0.257999
0.662
0.551121
0.536428
0.411528
0.474184
0.420679
0.00691286
0.662
0.662
0.133797
0.210242
0.662
0.662
0.416719
0.662
0.246257
0.541796
0.301579
0.662
0.115525
0.662
0.276051
0.662
0.0283171
0.01093
0.284441
0.662
0.19754
0.526579
0.662
0.662
0.662
0.42899
0.445384
0.393195
0.553165
0.123371
0.11343
0.662
0.28599
0.662
0.662
0.22878
0.00656552
0.662
0.662
0.28722
0.618594
0.472805
0.496926
0.634228
0.18411
0.358212
0.258095
0.201203
0.637674
0.479911
0.349982
0.240974
0.348769
0.526986
0.662
0.283291
0.662
0.662
0.0319807
0.226589
0.243736
0.662
0.35911
0.132364
0.0327764
0.221289
0.662
0.553065
0.662
0.210168
0.156313
0.310791
0.662
0.573219
0.170671
0.662
0.662
0.662
0.662
0.461624
0.345647
0.296447
0.662
0.173661
0.00535338
0.662
0.137774
0.662
0.244529
0.662
0.662
0.662
0.482519
0.109743
0.662
0.566732
0.662
0.590419
0.0906851
0.662
0.662
0.662
0.152844
0.297143
0.662
0.612552
0.357985
0.578974
0.225373
0.108295
0.377051
0.662
0.0838988
0.240078
0.319826
0.396354
0.16036
0.0423207
0.662
0.561356
0.117193
0.446816
0.208691
0.662
0.265618
0.662
0.248442
0.0330552
0.192667
0.167206
0.413852
0.662
0.173128
0.197962
0.662
0.205052
0.662
0.662
0.662
0.423822
0.475033
0.618941
0.594859
0.189191
0.24765
0.662
0.0395525
0.223662
0.662
0.351118
0.206953
0.662
0.134607
