0.0908648
0.575119
0.397661
0.662
0.590419
0.00260135
0.19578
0.457861
0.662
0.269577
0.662
0.662
0.662
0.644741
0.370999
0.34033
0.662
0.662
0.662
0.396538
0.662
0.662
0.281365
0.535563
0.0495119
0.662
0.192197
0.662
0.357313
0.662
0.0709626
0.552086
0.586341
0.283335
0.000534659
0.0580301
0.328691
0.281721
0.286962
0.00302746
0.662
0.662
0.662
0.270764
0.0687385
0.206519
0.662
0.435276
0.662
0.344396
0.269494
0.662
0.541796
0.424404
0.089792
0.662
0.293243
0.181902
0.662
0.377869
0.478861
0.0749754
0.662
0.0260333
0.662
0.662
0.15758
0.662
0.158498
0.662
0.662
0.577287
0.381786
0.0795956
0.0166643
0.662
0.391589
0.376479
0.310127
0.221301
1.06754e-05
0.662
0.282702
0.412557
0.438142
0.662
0.662
0.662
0.182878
0.662
0.297318
0.662
0.662
0.662
0.302366
0.649986
0.628108
0.662
0.48992
0.220245
0.196066
0.662
0.62897
0.232101
0.662
0.662
0.244126
0.150733
0.573649
0.49508
0.361839
0.662
0.439155
0.234589
0.472615
0.451141
0.662
0.662
0.3874
0.283407
0.329889
0.662
0.259067
0.662
0.662
0.662
0.114422
0.335026
0.285682
0.166503
0.062984
0.129515
0.193075
0.598664
0.313202
0.174998
0.57362
0.0524086
0.662
0.640229
0.662
0.167206
0.633589
0.662
0.100621
0.324646
0.135111
0.662
0.138916
0.00132735
0.313339
0.662
0.288405
0.00468501
0.662
0.024106
0.662
0.220674
0.662
0.301342
0.178913
0.662
0.233467
0.168057
0.485997
0.0990546
0.662
0.126725
0.336224
0.662
0.195607
0.662
0.32126
0.142505
0.662
0.461449
0.203321
0.225731
0.662
0.662
0.114989
0.662
0.029516
0.269694
0.662
0.541256
0.106484
0.406477
0.662
0.662
0.151628
0.426151
0.467905
0.661126
0.135699
0.26878
0.662
0.209875
0.456558
0.212943
0.662
0.214136
0.270305
0.662
0.662
0.662
0.275682
0.272291
0.631502
0.388812
0.662
0.511538
0.181108
0.0916259
0.47674
0.237246
0.0455954
0.662
0.0580746
0.0392805
0.137715
0.191442
0.662
0.396762
0.458546
0.0498286
0.223825
0.374781
0.422251
0.0319807
0.0675613
0.157728
0.22878
0.429383
0.662
0.545051
0.438647
0.548225
0.599853
0.662
0.0213417
0.662
0.209564
0.662
0.662
0.186426
0.662
0.662
0.662
0.662
0.0139211
0.199754
0.496926
0.115105
0.662
0.393621
0.662
0.662
0.662
0.662
0.475033
0.662
0.523658
0.662
0.425333
0.318804
0.237271
0.662
0.447967
0.205756
0.144493
0.32609
0.559149
0.662
0.0991147
0.518393
0.662
0.578592
0.0906851
0.662
0.172537
0.629037
0.508179
0.662
0.484656
0.662
0.662
0.662
0.184736
0.662
0.662
0.436035
0.662
0.110712
0.475437
0.391596
0.0330552
0.218038
0.154632
0.594675
0.662
0.444669
0.662
0.337635
0.662
0.521628
0.267004
0.33524
0.155922
0.284393
0.23045
0.510011
0.268957
0.662
0.270954
0.0335136
0.662
0.286263
0.662
0.321842
0.435472
0.662
0.662
0.662
0.294064
0.475332
0.0483476
0.00624285
0.0727554
0.0143492
0.662
0.460067
0.116398
0.662
0.0263495
0.108739
0.662
0.662
0.15328
0.418121
0.469786
0.25181
0.0892944
0.662
0.662
0.589606
0.662
0.662
0.0671219
0.0945093
0.191631
0.408102
0.16494
0.261209
0.098032
0.215959
0.662
0.0630171
0.488072
0.242598
0.540014
0.252397
0.124091
0.297793
0.0985581
0.662
0.467152
0.460832
0.363656
0.662
0.662
0.398957
0.434491
0.367204
0.662
0.15413
0.165901
0.662
0.263451
0.0336399
0.206914
0.433477
0.251782
0.662
0.251098
0.662
0.107916
0.662
0.339716
0.140113
0.662
0.662
0.662
0.394358
0.662
0.128108
0.662
0.662
0.384529
0.662
0.662
0.462094
0.120335
0.662
0.662
0.449356
0.662
0.539522
0.223625
0.450055
0.339752
0.662
0.133309
0.423822
0.252195
0.662
0.662
0.221019
0.662
0.37509
0.584433
0.333167
0.37755
0.439157
0.167197
0.519692
0.633391
0.442708
0.662
0.662
0.662
0.0511981
0.492608
0.426895
0.152553
0.662
0.662
0.0857286
0.107561
0.21451
0.662
0.132243
0.662
0.0116637
0.662
0.662
0.481448
0.0423291
0.423291
0.662
0.245115
0.194074
0.475477
0.282459
0.662
0.662
0.433004
0.348141
0.662
0.662
0.414067
0.246731
0.312808
0.372563
0.197921
0.662
0.662
0.324431
0.335432
0.20677
0.584575
0.282769
0.346784
0.0116688
0.257445
0.0718537
0.662
0.662
0.634228
0.143528
0.422069
0.406055
0.413176
0.215319
0.305574
0.0059236
0.238957
0.662
0.283469
0.662
0.192571
0.244567
0.228432
0.150895
0.662
0.476258
0.662
0.662
0.662
0.662
0.442358
0.00682117
0.662
0.195018
0.662
0.662
0.662
0.662
0.196952
0.300625
0.662
0.234523
0.662
0.401003
0.642039
0.662
0.24639
0.662
0.479911
0.359537
0.241205
0.32277
0.169786
0.0900144
0.662
0.662
0.382254
0.662
0.662
0.223743
0.662
0.662
0.662
0.302169
0.154305
0.662
0.579059
0.309204
0.209875
0.342109
0.662
0.154317
0.662
0.211163
0.662
0.662
0.662
0.213881
0.662
0.662
0.0801637
0.144446
0.662
0.155538
0.662
0.662
0.236032
0.16147
0.0623052
0.240974
0.316374
0.212152
0.662
0.51205
0.207196
0.00654194
0.185416
0.662
0.257999
0.662
0.410402
0.186796
0.662
0.662
0.123321
0.162965
0.662
0.462286
0.662
0.662
0.345647
0.173754
0.502962
0.59986
0.0623286
0.29355
0.427634
0.236161
0.110253
0.662
0.0568893
0.662
0.125312
0.394684
0.0449039
0.200743
0.662
0.561821
0.187757
0.662
0.45745
0.473371
0.181219
0.601383
0.662
0.301053
0.662
0.662
0.068854
0.381539
0.662
0.0867617
0.272738
0.357862
0.249472
0.188268
0.662
0.662
0.662
0.662
0.513789
0.662
0.350659
0.334893
0.296067
0.0870503
0.634746
0.418636
0.637674
0.662
0.662
0.271723
0.192113
0.130969
0.662
0.662
0.243996
0.36302
0.662
0.662
0.662
0.539453
0.412055
0.373659
0.662
0.440124
0.385334
0.55488
0.662
0.662
0.109318
0.232707
0.662
0.180018
0.662
0.279937
0.662
0.662
0.0120029
0.573219
0.249799
0.393672
0.662
0.329392
0.275117
0.0676665
0.0943034
0.464565
0.121184
0.291736
0.662
0.43055
0.662
0.196925
0.312608
0.133635
0.662
0.284668
0.269335
0.662
0.662
0.072803
0.424199
0.659806
0.260411
0.662
0.592235
0.662
0.296286
0.35818
0.662
0.342223
0.0130052
0.334489
0.504465
0.361746
0.0687637
0.628535
0.244529
0.662
0.348769
0.35797
0.322063
0.458702
0.398624
0.507084
0.254148
0.372704
0.162509
0.225383
0.662
0.223013
0.662
0.662
0.131766
0.474555
0.148552
0.202829
0.211492
0.160834
0.662
0.274727
0.662
0.647579
0.662
0.00832432
0.325477
0.253323
0.553165
0.662
0.343673
0.233792
0.451699
0.442735
0.662
0.662
0.244617
0.187406
0.520928
0.190255
0.662
0.662
0.259395
0.115205
0.662
0.456602
0.662
0.306415
0.443562
0.662
0.0546353
0.662
0.662
0.662
0.190232
0.376981
0.662
0.158832
0.221315
0.650102
0.662
0.0670992
0.215863
0.211271
0.190657
0.598779
0.0274907
0.662
0.461223
0.144064
0.194947
0.203351
0.379052
0.662
0.662
0.111064
0.258095
0.0686982
0.662
0.185253
0.372506
0.00346415
0.662
0.365301
0.662
0.660451
0.662
0.109898
0.509134
0.226589
0.194567
0.662
0.662
0.662
0.270828
0.351118
0.662
0.0386326
0.380563
0.149082
0.662
0.137774
0.0703437
0.662
0.268517
0.662
0.662
0.662
0.662
0.0292526
0.493777
0.44756
0.283242
0.662
0.092742
0.662
0.662
0.662
0.301352
0.45594
0.0424311
0.662
0.622302
0.191554
0.662
0.123627
0.278761
0.0775349
0.662
0.0755394
0.662
0.12918
0.220317
0.662
0.662
0.177057
0.547626
0.224728
0.662
0.662
0.316576
0.187247
0.331179
0.615456
0.295828
0.199945
0.662
0.0771599
0.219324
0.225373
0.272522
0.662
0.303768
0.662
0.408465
0.40929
0.28722
0.153494
0.662
0.353404
0.662
0.662
0.662
0.662
0.0679091
0.128102
0.662
0.662
0.432895
0.662
0.273333
0.662
0.0617009
0.662
0.662
0.65195
0.0419076
0.662
0.178943
0.662
0.662
0.3637
0.662
0.662
0.512707
0.181431
0.662
0.122653
0.171648
0.181377
0.444987
0.662
0.662
0.530874
0.427094
0.662
0.0953028
0.424008
0.662
0.662
0.662
0.536428
0.217542
0.662
0.662
0.601027
0.662
0.662
0.388925
0.305322
0.210309
0.358765
0.00234511
0.192211
0.458709
0.662
0.381658
0.662
0.351137
0.585269
0.379933
0.288984
0.218942
0.0476969
0.662
0.662
0.209383
0.662
0.515674
0.54259
0.662
0.662
0.662
0.662
0.0493299
0.506383
0.198584
0.3413
0.206122
0.0935641
0.445144
0.359605
0.662
0.662
0.662
0.662
0.662
0.662
0.353896
0.0867289
0.425169
0.662
0.328336
0.497823
0.662
0.662
0.662
0.14411
0.2967
0.357934
0.551104
0.000866247
0.536543
0.288632
0.662
0.662
0.268901
0.293823
0.662
0.18757
0.662
0.662
0.206847
0.591993
0.265618
0.231363
0.662
0.558226
0.662
0.0831693
0.662
0.192667
0.0981747
0.662
0.662
0.327696
0.153512
0.252389
0.270084
0.308235
0.485396
0.348945
0.393195
0.255253
0.662
0.662
0.325955
0.0712066
0.160146
0.538679
0.37803
0.652175
0.662
0.387533
0.06856
0.662
0.318274
0.662
0.588373
0.662
0.314646
0.362398
0.662
0.608609
0.397058
0.376147
0.364148
0.124413
0.493155
0.662
0.277857
0.453772
0.20961
0.385554
0.120492
0.00029142
0.534337
0.662
0.303172
0.291447
0.662
0.0887777
0.622723
0.662
0.662
0.134607
0.662
0.439214
0.614197
0.289737
0.526986
0.662
0.22309
0.662
0.533857
0.460272
0.600366
0.662
0.26213
0.48722
0.614377
0.655572
0.209967
0.293522
0.553382
0.662
0.662
0.177073
0.662
0.662
0.180572
0.662
0.662
0.106956
0.662
0.662
0.662
0.662
0.662
0.0693277
0.662
0.262619
0.130952
0.0283171
0.185668
0.662
0.0987659
0.0441322
0.416183
0.0936665
0.0123099
0.662
0.662
0.0749773
0.662
0.220755
0.317444
0.662
0.0215239
0.662
0.662
0.346661
0.662
0.466091
0.0804311
0.662
0.525226
0.19754
0.662
0.0873687
0.307895
0.662
0.567531
0.662
0.182542
0.0375796
0.180156
0.197951
0.662
0.340017
0.479053
0.58013
0.275462
0.335621
0.4391
0.662
0.34746
0.462929
0.187843
0.206387
0.157152
0.43967
0.662
0.662
0.114387
0.234706
0.662
0.203359
0.352473
0.662
0.336019
0.662
0.662
0.662
0.0636796
0.542597
0.288556
0.347423
0.662
0.152257
0.00579417
0.193178
0.0457503
0.0658425
0.19419
0.243973
0.662
0.0436052
0.15006
0.068877
0.662
0.456219
0.192193
0.395058
0.641447
0.605065
0.300918
0.0578937
0.662
0.327574
0.104149
0.445384
0.662
0.383925
0.662
0.662
0.162799
0.0689089
0.135827
0.333933
0.662
0.662
0.404309
0.662
0.544877
0.204662
0.662
0.0204122
0.10788
0.393922
0.626371
0.662
0.325712
0.662
0.121689
0.199086
0.662
0.376504
0.440151
0.632826
0.662
0.329428
0.207029
0.662
0.662
0.662
0.352243
0.631148
0.288646
0.0872763
0.0792214
0.184589
0.631213
0.662
0.662
0.662
0.475084
0.144052
0.662
0.384543
0.19396
0.321388
0.662
0.0823627
0.662
0.10901
0.526579
0.4173
0.0895034
0.308816
0.543632
0.448566
0.17013
0.31644
0.662
0.662
0.0699517
0.42899
0.662
0.326604
0.246962
0.135405
0.662
0.560041
0.662
0.200743
0.662
0.209078
0.455827
0.662
0.508427
0.420681
0.16811
0.405302
0.207781
0.662
0.410763
0.662
0.662
0.206953
0.582702
0.662
0.662
0.662
0.131202
0.662
0.633199
0.662
0.0514445
0.662
0.662
0.234173
0.662
0.525645
0.00909178
0.620335
0.662
0.328832
0.0903927
0.662
0.662
0.229858
0.0919928
0.373331
0.662
0.662
0.662
0.208691
0.662
0.662
0.314691
0.543421
0.199523
0.201845
0.662
0.18542
0.662
0.662
0.662
0.662
0.662
0.662
0.662
0.273059
0.33679
0.132877
0.395215
0.375616
0.287048
0.608004
0.52937
0.528872
0.662
0.440873
0.662
0.662
0.375307
0.662
0.340294
0.662
0.33711
0.156841
0.18738
0.464574
0.355966
0.242778
0.662
0.140214
0.278398
0.332707
0.662
0.262533
0.294486
0.276192
0.393514
0.662
0.384676
0.414382
0.662
0.662
0.662
0.220133
0.184748
0.612806
0.662
0.662
0.662
0.337004
0.397103
0.090361
0.662
0.24327
0.284429
0.38909
0.194417
0.41844
0.221364
0.662
0.295529
0.506921
0.367012
0.643697
0.662
0.662
0.38634
0.279871
0.390313
0.662
0.0662168
0.627623
0.439511
0.662
0.243988
0.563204
0.662
0.294785
0.662
0.225049
0.662
0.474996
0.662
0.662
0.662
0.521665
0.662
0.248681
0.662
0.662
0.662
0.223051
0.395594
0.662
0.222931
0.379428
0.297778
0.0203366
0.662
0.0799225
0.137467
0.207821
0.662
0.401297
0.257923
0.29712
0.322267
0.187416
0.391838
0.662
0.277545
0.662
0.662
0.156721
0.0487534
0.531809
0.399732
0.662
0.662
0.116672
0.662
0.00939389
0.248681
0.455968
0.410115
0.662
0.662
0.662
0.0851929
0.201135
0.662
0.662
0.205474
0.223114
0.662
0.662
0.365127
0.662
0.170671
0.430981
0.102887
0.662
0.536928
0.449179
0.340029
0.427187
0.197509
0.57741
0.367169
0.090799
0.471845
0.662
0.130763
0.157926
0.431887
0.443736
0.475801
0.0874425
0.285267
0.191456
0.559553
0.662
0.442299
0.662
0.662
0.575109
0.662
0.662
0.662
0.662
0.662
0.662
0.396025
