0.566732
0.619762
0.0487534
0.662
0.109743
0.662
0.662
0.417456
0.662
0.22309
0.662
0.429335
0.611619
0.144901
0.000329304
0.537348
0.662
0.662
0.662
0.240078
0.662
0.662
0.0148119
0.662
0.405452
0.662
0.662
0.662
0.662
0.54797
0.662
0.615532
0.662
0.21059
0.457774
0.0105041
0.563204
0.282231
0.566383
0.662
0.49311
0.662
0.662
0.662
0.0642566
0.372181
0.610569
0.662
0.662
0.121077
0.465067
0.170671
0.251734
0.632044
0.461026
0.662
0.379215
0.126742
0.404743
0.242117
0.168501
0.662
0.419849
0.295828
0.662
0.195532
0.476124
0.0235635
0.228842
0.123371
0.0292494
0.102518
0.108295
0.192321
0.662
0.662
0.428116
0.662
0.662
0.348054
0.662
0.662
0.0292325
0.411659
0.145864
0.662
0.590419
0.157535
0.662
0.301209
0.285608
0.662
0.150696
0.662
0.104119
0.662
0.129095
0.45391
0.0392936
0.662
0.662
0.375093
0.518931
0.0228206
0.297318
0.475084
0.454322
0.251353
0.441356
0.173128
0.263545
0.224094
0.662
0.00886535
0.64061
0.425581
0.186757
0.20677
0.662
0.178135
0.119105
0.232784
0.358688
0.662
0.438338
0.477489
0.662
0.342194
0.167619
0.224823
0.0330552
0.208843
0.562503
0.199086
0.267087
0.662
0.197114
0.0676465
0.662
0.455153
0.63339
0.0728469
0.1064
0.328861
0.44786
0.249056
0.662
0.662
0.662
0.662
0.662
0.662
0.366148
0.662
0.0497623
0.662
0.662
0.662
0.662
0.662
0.662
0.662
0.260411
0.367215
0.662
0.662
0.662
0.319563
0.358553
0.319607
0.383961
0.599249
0.662
0.448393
0.192571
0.662
0.662
0.662
0.517879
0.169239
0.662
0.613365
0.662
0.662
0.427407
0.662
0.0658425
0.404012
0.144989
0.395949
0.164507
0.662
0.0532793
0.281564
0.662
0.662
0.148352
0.24036
0.662
0.348476
0.297221
0.0753697
0.258095
0.662
0.419909
0.218815
0.0770092
0.393429
0.662
0.461624
0.448241
0.398434
0.578192
0.269959
0.368162
0.491975
0.303602
0.344539
0.662
0.380432
0.276051
0.175888
0.0250903
0.0577253
0.662
0.662
0.538816
0.365575
0.662
0.662
0.071755
0.186527
0.662
0.0146795
0.636434
0.0336359
0.662
0.284441
0.662
0.392395
0.631318
0.662
0.281038
0.0052155
0.283291
0.433205
0.244934
0.196866
0.662
0.411528
0.35986
0.199081
0.662
0.47107
0.211271
0.662
0.459637
0.218441
0.662
0.471333
0.103565
0.227123
0.324279
0.662
0.192113
0.662
0.224943
0.559245
0.210277
0.662
0.208851
0.184589
0.326779
0.069422
0.662
0.457051
0.11
0.662
0.197048
0.370982
0.54913
0.200075
0.662
0.140199
0.00473744
0.164079
0.662
0.26262
0.138747
0.662
0.534337
0.0824135
0.226589
0.662
0.662
0.239056
0.164804
0.220133
0.43295
0.662
0.0839583
0.643323
0.119448
0.553065
0.312608
0.288508
0.662
0.662
0.603132
0.336095
0.662
0.0766815
0.561356
0.662
0.19442
0.662
0.662
0.0289928
0.104815
0.27841
0.40929
0.0122905
0.662
0.0799998
0.662
0.062984
0.19271
0.130212
0.662
0.662
0.662
0.164549
0.260138
0.163524
0.662
0.579351
0.438773
0.23071
0.662
0.584437
0.662
0.207804
0.0215239
0.662
0.662
0.190774
0.662
0.0199083
0.662
0.502689
0.0164273
0.12706
0.414245
0.662
0.662
0.0326947
0.0969769
0.440238
0.196907
0.662
0.237091
0.662
0.545536
0.155194
0.662
0.197843
0.0838988
0.662
0.662
0.450548
0.387533
0.45544
0.200839
0.618594
0.420679
0.662
0.167206
0.346644
0.662
0.662
0.662
0.662
0.662
0.662
0.662
0.0423207
0.662
0.662
0.662
0.118525
0.301579
0.662
0.144232
0.662
0.214684
0.257924
0.662
0.629453
0.144544
0.662
0.448224
0.196952
0.232707
0.314646
0.28214
0.456456
0.662
0.0658479
0.158498
0.449695
0.662
0.360702
0.165094
0.314598
0.318423
0.373444
0.152844
0.178758
0.0270972
0.208691
0.662
0.0139211
0.148323
0.662
0.662
0.0317052
0.662
0.56232
0.184748
0.662
0.480114
0.662
0.0632208
0.662
0.662
0.300473
0.275683
0.662
0.662
0.185707
0.662
0.662
0.269817
0.662
0.200832
0.637871
0.612552
0.386867
0.662
0.412405
0.662
0.460964
0.37786
0.00241053
0.127405
0.239876
0.662
0.29415
0.121709
0.662
0.376313
0.662
0.662
0.144568
0.272291
0.542256
0.662
0.244529
0.662
0.662
0.271876
0.300671
0.662
0.662
0.355548
0.38124
0.189191
0.376829
0.327719
0.0293042
0.561603
0.41857
0.637674
0.662
0.575326
0.536428
0.539561
0.662
0.54667
0.662
0.430474
0.240974
0.662
0.662
0.446715
0.271009
0.662
0.165699
0.40628
0.413852
0.142086
0.662
0.0436052
0.413526
0.353182
0.662
0.316345
0.203359
0.662
0.0471956
0.326027
0.599218
0.653084
0.366131
0.39562
0.574548
0.474184
0.662
0.592708
0.662
0.662
0.662
0.306429
0.662
0.662
0.638838
0.662
0.443465
0.662
0.329889
0.0455189
0.662
0.662
0.662
0.321833
0.662
0.662
0.517327
0.662
0.310403
0.268744
0.354203
0.662
0.662
0.197993
0.203315
0.662
0.662
0.662
0.662
0.122442
0.58088
0.233255
0.662
0.364222
0.662
0.203394
0.551104
0.24269
0.556225
0.167197
0.405137
0.662
0.662
0.662
0.426463
0.662
0.348082
0.662
0.662
0.662
0.191878
0.0858228
0.662
0.60397
0.662
0.153906
0.633694
0.662
0.451923
0.220826
0.57266
0.662
0.662
0.662
0.662
0.229197
0.662
0.662
0.662
0.347051
0.662
0.662
0.662
0.0734416
0.410115
0.260268
0.548554
0.577879
0.662
0.662
0.142505
0.662
0.662
0.405684
0.298941
0.0868011
0.662
0.0755394
0.662
0.0803684
0.662
0.105323
0.662
0.662
0.662
0.662
0.238715
0.662
0.662
0.662
0.662
0.566638
0.662
0.182481
0.662
0.137467
0.401038
0.21169
0.612106
0.477039
0.662
0.41593
0.113034
0.143417
0.249653
0.662
0.662
0.312729
0.662
0.470577
0.17459
0.222609
0.391916
0.188643
0.662
0.601146
0.662
0.356477
0.271742
0.205117
0.662
0.1614
0.662
0.00939389
0.662
0.211509
0.363616
