0.283015
0.452076
0.0109039
0.36224
0.0154684
0.228645
0.662
0.424848
0.0596685
0.445363
0.100128
0.288616
0.113151
0.0839589
0.343669
0.408633
0.383068
0.662
0.353887
0.182741
0.662
0.662
0.662
0.662
0.185905
0.662
0.392007
0.662
0.662
0.662
0.202016
0.029701
0.293497
0.233374
0.289432
0.662
0.439342
0.662
0.00445663
0.657625
0.635075
0.662
0.373893
0.202949
0.286038
0.662
0.030313
0.662
0.51861
0.573327
0.0207433
0.662
0.167619
0.662
0.196405
0.662
0.371913
0.580186
0.662
0.350273
0.346802
0.466242
0.662
0.662
0.662
0.662
0.662
0.0831563
0.662
0.44442
0.4771
0.241726
0.28392
0.662
0.0275943
0.588933
0.662
0.662
0.506256
0.281528
0.662
0.662
0.247933
0.223081
0.206236
0.662
0.662
0.202428
0.0774307
0.471225
0.662
0.197279
0.662
0.633391
0.662
0.662
0.662
0.662
0.465956
0.493963
0.280133
0.662
0.134545
0.662
0.662
0.240671
0.662
0.0492975
0.662
0.287193
0.662
0.14774
0.477358
0.662
0.662
0.166406
0.662
0.329515
0.662
0.202761
0.467829
0.662
0.206358
0.657611
0.662
0.662
0.662
0.122766
0.489417
0.140343
0.662
0.662
0.177471
0.206553
0.59291
0.662
0.189381
0.151655
0.443952
0.662
0.215021
0.379082
0.662
0.0432578
0.216949
0.450204
0.171597
0.662
0.662
0.662
0.380577
0.262218
0.09088
0.108099
0.662
0.185182
0.662
0.206422
0.107025
0.662
0.330229
0.29148
0.662
0.0806422
0.662
0.538763
0.327325
0.167209
0.662
0.662
0.0116097
0.662
0.0336725
0.120407
0.662
0.22417
0.4681
0.662
0.422075
0.662
0.351286
0.662
0.286738
0.158583
0.103407
0.236553
0.178804
0.662
0.662
0.268849
0.109928
0.439481
0.0650035
0.184394
0.31942
0.0401951
0.662
0.22145
0.346893
0.000370045
0.662
0.375485
0.662
0.0633636
0.662
0.662
0.662
0.294081
0.223453
0.210627
0.662
0.662
0.662
0.471834
0.18046
0.662
0.662
0.662
0.442652
0.662
0.249613
0.468661
0.181453
0.662
0.614162
0.176586
0.662
0.215816
0.220047
0.23795
0.00727808
0.564845
0.662
0.571979
0.662
0.355899
0.366391
0.431739
0.662
0.662
0.215581
0.200431
0.262867
0.162424
0.205657
0.055645
0.662
0.0318548
0.280029
0.662
0.662
0.662
0.187691
0.424065
0.190572
0.662
0.0979608
0.419219
0.411655
0.0634776
0.404735
0.662
0.267001
0.0215986
0.428635
0.348736
0.148378
0.662
0.662
0.342786
0.362606
0.29134
0.358764
0.124084
0.0358664
0.236362
0.529446
0.109697
0.662
0.662
0.182432
0.0528164
0.662
0.662
0.32891
0.056018
0.339334
0.00526203
0.473047
0.295286
0.662
0.41398
0.159363
0.662
0.662
0.287832
0.316046
0.662
0.114107
0.248697
0.225095
0.245402
0.662
0.662
0.662
0.185161
0.662
0.662
0.662
0.662
0.662
0.662
0.662
0.186401
0.555967
0.00163427
0.0684233
0.662
0.614727
0.00701794
0.127144
0.662
0.453399
0.661053
0.662
0.098418
0.662
0.452613
0.0765955
0.241139
0.662
0.662
0.433998
0.128005
0.207095
0.662
0.494202
0.359288
0.611801
0.159117
0.203039
0.235742
0.467522
0.566668
0.146118
0.662
0.662
0.149269
0.500088
0.471542
0.233019
0.662
0.465638
0.662
0.662
0.662
0.487482
0.604122
0.662
0.489304
0.662
0.662
0.662
0.662
0.173048
0.662
0.662
0.195868
0.662
0.228452
0.0516264
0.209686
0.396686
0.154673
0.662
0.416772
0.387292
0.662
0.162054
0.662
0.309884
0.227529
0.112305
0.051847
0.662
0.199667
0.286643
0.148051
0.363394
0.662
0.662
0.662
0.110428
0.534328
0.308229
0.42207
0.297343
0.5856
0.662
0.498058
0.339923
0.662
0.662
0.45863
0.475645
0.288695
0.625649
0.319962
0.662
0.662
0.662
0.345958
0.0723596
0.662
0.662
0.327619
0.136675
0.662
0.662
0.662
0.239358
0.484436
0.327633
0.114098
0.662
0.184516
0.662
0.662
0.328313
0.662
0.367163
0.216869
0.491955
0.487885
0.662
0.662
0.325734
0.153581
0.662
0.149456
0.0168323
0.662
0.271626
0.518626
0.662
0.461818
0.662
0.330783
0.662
0.28768
0.662
0.178555
0.00139497
0.0809955
0.662
0.40217
0.141642
0.662
0.189346
0.662
0.481335
0.662
0.348535
0.0512242
0.662
0.662
0.264577
0.662
0.662
0.325246
0.589813
0.449322
0.396463
0.434225
0.662
0.662
0.00891049
0.417454
0.426243
0.295381
0.662
0.662
0.444074
0.325758
0.2885
0.662
0.36647
0.474949
0.662
0.329965
0.662
0.662
0.662
0.662
0.102104
0.358927
0.358183
0.662
0.662
0.662
0.240452
0.662
0.0214219
0.0893709
0.133711
0.605879
0.262347
0.662
0.662
0.0964215
0.654886
0.662
0.662
0.135321
0.393704
0.662
0.389115
0.212391
0.105543
0.662
0.346422
0.662
0.167209
0.217045
0.23618
0.0501609
0.316032
0.394863
0.662
0.302282
0.662
0.477813
0.381513
0.0116416
0.0722656
0.464092
0.662
0.195402
0.152691
0.662
0.662
0.260666
0.343456
0.662
0.221068
0.123129
0.199961
0.37957
0.0419493
0.200748
0.349295
0.662
0.00887649
0.540471
0.443443
0.0670072
0.428806
0.662
0.662
0.448019
0.43758
0.662
0.21699
0.629617
0.662
0.662
0.0760923
0.0572757
0.662
0.168164
0.379187
0.662
0.378329
0.330353
0.211367
0.0411757
0.662
0.45063
0.110781
0.533684
0.296088
0.662
0.0105863
0.152028
0.342622
0.0847856
0.426978
0.166588
0.662
0.261247
0.157416
0.662
0.478628
0.662
0.662
0.360249
0.330046
0.662
0.234411
0.510323
0.276739
0.662
0.662
0.662
0.0530935
0.233091
0.337554
0.099353
0.131424
0.662
0.188737
0.0534755
0.289159
0.0603569
0.208193
0.318095
0.662
0.475385
0.113211
0.387198
0.0432667
0.662
0.393024
0.192282
0.428835
0.378732
0.373159
0.526437
0.662
0.187532
0.391574
0.662
0.603578
0.275848
0.133619
0.0315934
0.45112
0.289374
0.00854188
0.662
0.0529913
0.121095
0.662
0.662
0.283777
0.257462
0.150147
0.461184
0.662
0.220877
0.544298
0.662
0.662
0.262133
0.662
0.210792
0.436039
0.453763
0.662
0.662
0.390964
0.662
0.662
0.635728
0.662
0.662
0.534792
0.272194
0.464472
0.180432
0.221056
0.355022
0.379828
0.662
0.0214537
0.662
0.662
0.152395
0.662
0.662
0.662
0.662
0.662
0.662
0.662
0.123895
0.128321
0.0892174
0.221209
0.0660699
0.662
0.211863
0.662
0.12376
0.36865
0.039465
0.326301
0.639279
0.245977
0.146506
0.0209634
0.149794
0.209385
0.662
0.662
0.220766
0.662
0.611998
0.273851
0.382854
0.261852
0.662
0.662
0.437183
0.520594
0.402003
0.389783
0.662
0.0789844
0.637773
0.131146
0.148403
0.662
0.176358
0.662
0.450302
0.363449
0.662
0.455732
0.662
0.662
0.350666
0.662
0.662
0.662
0.411908
0.640412
0.242427
0.662
0.445685
0.662
0.102973
0.194403
0.662
0.662
0.224999
0.238537
0.159599
0.662
0.20759
0.157264
0.185076
0.662
0.621575
0.1252
0.138408
0.662
0.218144
0.662
0.00497584
0.359663
0.0961167
0.662
0.398394
0.210224
0.133608
0.183211
0.253518
0.230225
0.298809
0.0223352
0.662
0.662
0.662
0.662
0.292631
0.237408
0.315886
0.253369
0.2286
0.662
0.052735
0.398911
0.360585
0.107798
0.662
0.662
0.113892
0.473078
0.284498
0.662
0.368029
0.40561
0.282763
0.662
0.019954
0.23968
0.662
0.255066
0.662
0.662
0.425768
0.51742
0.662
0.200658
0.317908
0.320489
0.104175
0.0203118
0.224537
0.602364
0.662
0.0713409
0.662
0.662
0.662
0.662
0.0764832
0.173298
0.662
0.22353
0.0929456
0.449141
0.339863
0.662
0.168295
0.633694
0.662
0.385056
0.256204
0.662
0.507527
0.662
0.662
0.662
0.267463
0.453077
0.662
0.662
0.662
0.662
0.376594
0.644897
0.475108
0.662
0.662
0.662
0.256797
0.662
0.4162
0.662
0.662
0.464439
0.405182
0.662
0.168898
0.662
0.662
0.22293
0.423736
0.662
0.00954363
0.662
0.235976
0.342731
0.0127537
0.662
0.205512
0.662
0.249193
0.662
0.121735
0.662
0.662
0.662
0.363322
0.662
0.662
0.254142
0.434492
0.662
0.26189
0.662
0.127395
0.662
0.193053
0.164821
0.662
0.337381
0.23032
0.662
0.318247
0.429901
0.662
0.662
0.662
0.662
0.414095
0.662
0.55401
0.662
0.662
0.662
0.357314
0.662
0.662
0.429789
0.662
0.191277
0.115818
0.662
0.662
0.194679
0.453304
0.219734
0.525594
0.662
0.0410812
0.662
0.390717
0.220576
0.149939
0.662
0.662
0.662
0.172772
0.0153468
0.205073
0.662
0.662
0.282419
0.355764
0.662
0.333709
0.185409
0.119002
0.347557
0.488645
0.329308
0.200049
0.0455902
0.195213
0.435036
0.193327
0.533304
0.45121
0.336195
0.329862
0.0713931
0.662
0.221557
0.237454
0.186313
0.1771
0.662
0.662
0.256265
0.575776
0.662
0.662
0.662
0.662
0.351121
0.286503
0.498865
0.662
0.371069
0.662
0.299243
0.292094
0.662
0.163939
0.662
0.22528
0.662
0.662
0.662
0.0363015
0.662
0.233158
0.240303
0.146772
0.196461
0.211109
0.534606
0.660163
0.223334
0.244286
0.662
0.662
0.165285
0.421438
0.374738
0.662
0.355796
0.182443
0.662
0.472891
0.662
0.662
0.194319
0.662
0.662
0.371418
0.257578
0.522475
0.42587
0.662
0.662
0.662
0.178163
0.379604
0.359248
0.282961
0.383837
0.662
0.000723984
0.118057
0.400029
0.148053
0.111796
0.199158
0.662
0.44144
0.0122804
0.140001
0.662
0.0429302
0.255998
0.403043
0.190652
0.207236
0.441894
0.662
0.11799
0.662
0.662
0.3259
0.662
0.626668
0.187653
0.122329
0.651835
0.381232
0.440278
0.532081
0.662
0.101785
0.373342
0.243906
0.662
0.662
0.185241
0.438943
0.0692502
0.127557
0.18467
0.527938
0.662
0.262046
0.246478
0.410949
0.662
0.662
0.454471
0.662
0.662
0.662
0.662
0.0789543
0.0728476
0.390516
0.417634
0.218864
0.593793
0.235393
0.141505
0.265886
0.205688
0.282158
0.244856
0.201952
0.144103
0.527623
0.248741
0.609199
0.149014
0.32917
0.381466
0.662
0.29869
0.215637
0.217771
0.425604
0.197303
0.398475
0.474715
0.662
0.662
0.662
0.00300443
0.229466
0.662
0.297689
0.184551
0.0492181
0.662
0.662
0.649017
0.46339
0.356381
0.271803
0.662
0.534677
0.185229
0.229153
0.294158
0.388463
0.379936
0.285218
0.303381
0.662
0.662
0.111746
0.662
0.191303
0.350877
0.244048
0.0202712
0.662
0.33979
0.244022
0.662
0.103273
0.423532
0.662
0.504903
0.662
0.0103296
0.662
0.662
0.662
0.179115
0.662
0.662
0.423852
0.662
0.662
0.662
0.662
0.472147
0.368314
0.277122
0.217347
0.351918
0.104899
0.662
0.662
0.662
0.443153
0.662
0.662
0.410915
0.243372
0.662
0.662
0.0858696
0.0997938
0.217131
0.0117933
0.662
0.662
0.27264
0.662
0.662
0.00519569
0.43765
0.662
0.305407
0.662
0.662
0.464375
0.657083
0.662
0.618721
0.159551
0.662
0.633391
0.312859
0.633391
0.18893
0.440149
0.00472218
0.662
0.662
0.224736
0.23177
0.662
0.475774
0.232799
0.662
0.000186763
0.422108
0.0523135
0.403747
0.148795
0.662
0.368128
0.662
0.365361
0.662
0.371317
0.573984
0.102098
0.149085
0.662
0.662
0.662
0.662
0.320657
0.559522
0.188597
0.286376
0.0784538
0.0808612
0.0507857
0.496422
0.662
0.638775
0.662
0.240848
0.14251
0.0166493
0.134454
0.130655
0.448309
0.109952
0.662
0.261748
0.14823
0.208167
0.223022
0.662
0.112047
0.29303
0.662
0.662
0.370554
0.662
0.111819
0.662
0.35886
0.229123
0.662
0.662
0.662
0.662
0.662
0.113074
0.662
0.050281
0.662
0.662
0.662
0.662
0.508479
0.662
0.0245406
0.00943207
0.0446432
0.662
0.118972
0.257631
0.647762
0.0607736
0.662
0.372168
0.662
0.234283
0.662
0.662
0.662
0.662
0.455847
0.45996
0.404269
0.576093
0.662
0.363189
0.662
0.65436
0.384709
0.00274583
0.662
0.112878
0.662
0.0474979
0.332632
0.14047
0.292397
0.0372916
0.423953
0.085123
0.238907
0.662
0.0871098
0.111385
0.662
0.662
0.445692
0.662
0.662
0.360994
0.662
0.662
0.662
0.180052
0.662
0.375502
0.662
0.662
0.662
0.662
0.662
0.21896
0.662
0.140838
0.587007
0.219221
0.662
0.206506
0.433156
0.0523839
0.216067
0.146304
0.662
0.469439
0.0617935
0.0708201
0.662
0.393516
0.131622
0.119357
0.340695
0.406458
0.199613
0.662
0.109599
0.196157
0.662
0.189254
0.356988
0.408044
0.295762
0.662
0.662
0.149855
0.147251
0.662
0.000658638
0.187067
0.662
0.662
0.107399
0.650501
0.21845
0.258541
0.662
0.60524
0.662
0.662
0.186377
0.251008
0.216315
0.4146
0.662
0.662
0.302482
0.298653
0.495372
0.310361
0.304273
0.662
0.196566
0.264834
0.20868
0.300333
0.306885
0.662
0.0676923
0.662
0.662
0.321425
0.662
0.662
0.662
0.270408
0.211086
0.499842
0.0898513
0.215714
0.386784
0.662
0.662
0.136917
0.229923
0.327302
0.662
0.662
0.200391
0.0806812
0.0563347
0.0872524
0.302412
0.15923
0.310659
0.432534
0.226837
0.138518
0.0239478
0.54344
0.30356
0.281308
0.292177
0.214869
0.209814
0.662
0.405532
0.662
0.662
0.662
0.662
0.118764
0.662
0.662
0.283029
0.662
0.15913
0.662
0.243251
0.347769
0.662
0.00161544
0.137583
0.0587059
0.384059
0.0239615
0.234985
0.281414
0.438318
0.562328
0.0191748
0.662
0.662
0.662
0.217436
0.662
0.662
0.662
0.662
0.662
0.662
0.662
0.436884
0.285363
0.0339176
0.662
0.116528
0.0879655
0.0319205
0.134
0.627581
0.662
0.0798967
0.591802
0.294049
0.662
0.662
0.245129
0.424932
0.025971
0.662
0.662
0.176447
0.0663577
0.557055
0.662
0.287871
0.662
0.662
0.662
0.270281
0.25124
0.662
0.191203
0.662
0.402491
0.662
0.374455
0.662
0.662
0.124043
0.662
0.409486
0.156631
0.19534
0.181152
0.601137
0.153632
0.403844
0.246158
0.101397
0.662
0.240475
0.662
0.530576
0.140591
0.158152
0.0269393
0.407239
0.662
0.442093
0.0936931
0.36223
0.0984013
0.265422
0.184772
0.662
0.662
0.121927
0.662
0.417015
0.474162
0.0860482
0.662
0.564994
0.218507
0.221105
0.662
0.662
0.106358
0.208268
0.662
0.662
0.211247
0.0906816
0.0172372
0.104148
0.662
0.662
0.466301
0.661317
0.323012
0.662
0.135158
0.087203
0.232056
0.662
0.344575
0.200863
0.115263
0.351813
0.112657
0.662
0.369245
0.662
0.316339
0.383608
0.335466
0.310745
0.662
0.662
0.662
0.662
0.455625
0.290597
0.662
0.134878
0.662
0.223028
0.176854
0.662
0.103931
0.400623
0.662
0.662
0.420692
0.103615
0.662
0.190818
0.662
0.0807144
0.519752
0.446212
0.438997
0.224928
0.662
0.436492
0.196744
0.662
0.52684
0.204991
0.662
0.662
0.276461
0.0561627
0.662
0.662
0.662
0.100463
0.248207
0.662
0.358928
0.0261979
0.662
0.662
0.662
0.235597
0.163556
0.35588
0.662
0.251493
0.0829112
0.167751
0.240337
0.0122959
0.241003
0.108854
0.662
0.417356
0.204654
0.662
0.39593
0.343485
0.662
0.662
0.485382
0.662
0.662
0.662
0.172584
0.662
0.148955
0.662
0.662
0.65931
0.224099
0.0295936
0.268961
0.662
0.34596
0.662
0.216435
0.466657
0.662
0.662
0.101589
0.0803055
0.241953
0.662
0.481513
0.211191
0.662
0.416752
0.662
0.2618
0.0633081
0.662
0.126787
0.22076
0.256753
0.235533
0.662
0.59435
0.662
0.662
0.426785
0.394638
0.0336587
0.165576
0.0395202
0.662
0.0392106
0.234422
0.322611
0.662
0.662
0.662
0.610498
0.662
0.224724
0.0969649
0.219215
0.0322942
0.332748
0.662
0.172597
0.662
0.231025
0.234682
0.662
0.662
0.342868
0.25176
0.662
0.325331
0.662
0.064494
0.662
0.188114
0.662
0.394627
0.662
0.166149
0.323318
0.484843
0.023329
0.22277
0.378521
0.427652
0.222415
0.218639
0.662
0.662
0.2608
0.330181
0.662
0.662
0.155847
0.662
0.314894
0.662
0.176436
0.415104
0.662
0.662
0.11044
0.662
0.192955
0.10912
0.0816044
0.662
0.137898
0.362339
0.44336
0.414222
0.662
0.662
0.662
0.104209
0.284494
0.32338
0.662
0.191223
0.662
0.662
0.474587
0.585072
0.241781
0.0608244
0.15336
0.358276
0.172836
0.193461
0.0221107
0.662
0.292624
0.662
0.265637
0.215427
0.411141
0.662
0.0266827
0.662
0.177733
0.662
0.117456
0.227406
0.305946
0.662
0.662
0.306799
0.662
0.662
0.662
0.166819
0.0269362
0.453698
0.662
0.0609192
0.662
0.140722
0.662
0.662
0.662
0.430387
0.535169
0.662
0.236328
0.618349
0.441079
0.289172
0.276935
0.530553
0.37605
0.176325
0.341625
0.662
0.662
0.204461
0.662
0.662
0.124944
0.141961
0.662
0.662
0.448621
0.662
0.662
0.1665
0.127764
0.393668
0.662
0.662
0.662
0.37782
0.662
0.279067
0.662
0.662
0.282922
0.662
0.292663
0.313433
0.0259631
0.662
0.497078
0.662
0.174345
0.346135
0.662
0.0906643
0.662
0.150659
0.299672
0.293575
0.280326
0.528919
0.662
0.662
0.43387
0.0968441
0.662
0.662
0.424877
0.662
0.656802
0.237445
0.662
0.662
0.662
0.662
0.662
0.662
0.662
0.338538
0.662
0.662
0.371172
0.425519
0.662
0.662
0.192544
0.662
0.189449
0.610956
0.225719
0.200732
0.583128
0.198314
0.662
0.0272489
0.662
0.363561
0.206266
0.143566
0.313285
0.0573247
0.386376
0.662
0.479204
0.382252
0.401536
0.47175
0.429881
0.424085
0.324245
0.0280698
0.189025
0.662
0.662
0.379779
0.662
0.46125
0.662
0.662
0.163506
0.264576
0.400394
0.662
0.12536
0.127168
0.100015
0.307788
0.439497
0.226731
0.196216
0.662
0.662
0.239926
0.338395
0.662
0.576811
0.22053
0.0731836
0.662
0.154993
0.662
0.662
0.312399
0.244854
0.139662
0.662
0.42245
0.00225989
0.240761
0.228498
0.199679
0.00679037
0.266554
0.267336
0.662
0.662
0.662
0.0187748
0.662
0.193163
0.662
0.178038
0.100659
0.662
0.438298
0.662
0.662
0.662
0.246971
0.359705
0.662
0.548821
0.380036
0.247809
0.206321
0.662
0.566432
0.662
0.390366
0.662
0.292688
0.662
0.21214
0.662
0.267363
0.387498
0.028493
0.400705
0.193641
0.394672
0.662
0.662
0.662
0.165535
0.662
0.279246
0.0140241
0.662
0.662
0.125795
0.556641
0.220252
0.15041
0.662
0.589486
0.662
0.662
0.265393
0.662
0.0378634
0.662
0.662
0.662
0.257523
0.662
0.662
0.275975
0.307092
0.0683884
0.386703
0.0889987
0.160397
0.662
0.314752
0.205941
0.311175
0.662
0.347405
0.662
0.26932
0.315604
0.178745
0.297198
0.0992341
0.662
0.429954
0.662
0.13064
0.662
0.662
0.662
0.662
0.132351
0.662
0.455098
0.662
0.662
0.159383
0.433367
0.19226
0.0271282
0.409674
0.0699312
0.11469
0.360657
0.390472
0.205757
0.378507
0.662
0.662
0.131304
0.662
0.592467
0.18374
0.662
0.183629
0.166533
0.0434622
0.441695
0.172941
0.38465
0.206591
0.564169
0.662
0.662
0.0736961
0.179175
0.379289
0.228843
0.662
0.169171
0.662
0.662
0.662
0.262949
0.156184
0.662
0.262953
0.401238
0.295359
0.655504
0.48888
0.0135023
0.188505
0.662
0.0511085
0.261353
0.662
0.662
0.191525
0.662
0.662
0.0296707
0.15212
0.118146
0.22565
0.456369
0.662
0.461916
0.213023
0.662
0.662
0.25298
0.662
0.331292
0.662
0.38651
0.188759
0.39377
0.245923
0.584032
0.35673
0.662
0.148067
0.154045
0.225489
0.068742
0.233718
0.519981
0.662
0.662
0.308999
0.662
0.217735
0.158682
0.0136134
0.370835
0.641431
0.332304
0.662
0.662
0.207089
0.186015
0.662
0.330522
0.662
0.449418
0.010436
0.662
0.0364255
0.662
0.662
0.344369
0.184399
0.511018
0.452661
0.299902
0.28143
0.285476
0.200115
0.468412
0.662
0.662
0.662
0.327552
0.105434
0.662
0.662
0.0156401
0.662
0.289479
0.662
0.327496
0.350296
0.662
0.255399
0.336115
0.188779
0.662
0.189908
0.323585
0.662
0.191353
0.406482
0.173264
0.236656
0.216849
0.662
0.511466
0.00930591
0.662
0.522907
0.019124
0.662
0.20798
0.344052
0.662
0.245558
0.461768
0.662
0.662
0.0889064
0.120913
0.662
0.662
0.554529
0.662
0.662
0.0109617
0.207984
0.22258
0.662
0.585073
0.499665
0.662
0.513742
0.662
0.0333224
0.302633
0.367062
0.662
0.343917
0.154272
0.662
0.305307
0.662
0.259717
0.662
0.112349
0.662
0.662
0.662
0.662
0.662
0.107242
0.637331
0.391317
0.396739
0.63096
0.186872
0.662
0.662
0.662
0.458512
0.350091
0.136706
0.548062
0.0102294
0.230405
0.662
0.662
0.633694
0.662
0.33976
0.223351
0.662
0.186051
0.359315
0.112173
0.662
0.472214
0.662
0.445978
0.20188
0.0822562
0.662
0.365185
0.662
0.662
0.662
0.662
0.292153
0.662
0.662
0.662
0.104345
0.662
0.488742
0.364644
0.209754
0.662
0.204902
0.551556
0.483366
0.662
0.235593
0.364771
0.147587
0.662
0.394357
0.662
0.263544
0.313164
0.662
0.190476
0.662
0.0214544
0.662
0.613773
0.238282
0.247768
0.269147
0.385095
0.317909
0.0270576
0.298856
0.187376
0.484237
0.522941
0.098073
0.0740967
0.662
0.662
0.64226
0.104726
0.307877
0.28833
0.662
0.662
0.662
0.662
0.0256699
0.662
0.662
0.662
0.184899
0.662
0.129313
0.662
0.662
0.589495
0.2108
0.202124
0.662
0.0968972
0.380807
0.179981
0.662
0.0585527
0.130258
0.331469
0.662
0.404165
0.00181489
0.662
0.284924
0.662
0.662
0.662
0.206286
0.662
0.186109
0.513824
0.21495
0.662
0.662
0.568749
0.204568
0.662
0.662
0.113912
0.662
0.662
0.662
0.662
0.471587
0.141479
0.662
0.662
0.124149
0.662
0.291054
0.556629
0.40747
0.152199
0.662
0.662
0.155507
0.354381
0.267293
0.131748
0.199658
0.272814
0.160695
0.662
0.662
0.662
0.379156
0.112371
0.470209
0.357776
0.662
0.662
0.4642
0.662
0.572496
0.19235
0.379778
0.362527
0.138777
0.104715
0.16284
0.116055
0.14422
0.662
0.415297
0.143632
0.106276
0.205663
0.662
0.0409606
0.186566
0.190499
0.652622
0.412134
0.353381
0.223885
0.590852
0.662
0.500425
0.662
0.318502
0.338256
0.628635
0.662
0.662
0.444532
0.662
0.305144
0.662
0.438978
0.551889
0.633464
0.435883
0.662
0.268608
0.169275
0.662
0.662
0.369287
0.326769
0.662
0.662
0.379013
0.662
0.662
0.132091
0.23916
0.662
0.385025
0.206704
0.459463
0.00418762
0.387237
0.662
0.338355
0.662
0.662
0.514917
0.0997433
0.242729
0.662
0.662
0.295482
0.620528
0.128388
0.662
0.662
0.44071
0.411108
0.181987
0.662
0.218849
0.34774
0.430026
0.662
0.662
0.662
0.469851
0.339297
0.253225
0.372322
0.643682
0.187986
0.395547
0.662
0.473876
0.662
0.228807
0.662
0.28749
0.662
0.243473
0.226792
0.150038
0.554476
0.662
0.0932094
0.662
0.662
0.234674
0.444808
0.662
0.359923
0.662
0.662
0.163268
0.318013
0.386881
0.188277
0.141521
0.44226
0.568947
0.213531
0.646218
0.103424
0.547173
0.614686
0.662
0.662
0.134455
0.312481
0.322232
0.246742
0.324615
0.0259623
0.289112
0.384236
0.662
0.220076
0.0413091
0.010143
0.662
0.460266
0.662
0.449933
0.04917
0.350292
0.407488
0.662
0.662
0.252826
0.662
0.135444
0.662
0.145271
0.282477
0.662
0.662
0.459745
0.662
0.48535
0.0419735
0.662
0.296676
0.662
0.0459301
0.513532
0.184453
0.337793
0.195381
0.662
0.211856
0.662
0.369296
0.422482
0.130044
0.227756
0.662
0.0515025
0.662
0.662
0.302012
0.234626
0.376404
0.650018
0.161459
0.269555
0.662
0.181075
0.315327
0.268828
0.583273
0.662
0.248098
0.662
0.207992
0.662
0.289266
0.199183
0.548379
0.662
0.662
0.0856485
0.662
0.454253
0.556681
0.224751
0.662
0.259111
0.167413
0.431406
0.662
0.662
0.254206
0.181909
0.433877
0.268829
0.662
0.167554
0.662
0.662
0.202901
0.662
0.434633
0.0180841
0.133286
0.662
0.337227
0.0936128
0.126298
0.226772
0.662
0.662
0.662
0.662
0.134074
0.212947
0.17865
0.662
0.180154
0.438633
0.264596
0.662
0.0262691
0.16212
0.154863
0.662
0.406396
0.356436
0.0554042
0.0965676
0.0917228
0.662
0.662
0.662
0.463066
0.0567228
0.662
0.662
0.662
0.0101006
0.662
0.662
0.662
0.0223658
0.662
0.174098
0.219671
0.245364
0.662
0.569602
0.0642333
0.453022
0.247237
0.25694
0.662
0.662
0.662
0.135207
0.21006
0.116201
0.662
0.279091
0.307905
0.662
0.465044
0.662
0.662
0.0487967
0.662
0.662
0.607044
0.662
0.199262
0.188551
0.189798
0.459591
0.251195
0.662
0.335534
0.662
0.662
0.599908
0.662
0.192018
0.371374
0.157463
0.662
0.662
0.34779
0.662
0.662
0.269034
0.441444
0.196246
0.43579
0.49427
0.143929
0.352723
0.320177
0.446408
0.662
0.662
0.0649307
0.359653
0.151334
0.398425
0.124917
0.662
0.39662
0.0528871
0.243935
0.662
0.185996
0.233843
0.462759
0.662
0.48792
0.662
0.662
0.247073
0.139127
0.250062
0.662
0.662
0.157701
0.662
0.662
0.220692
0.377308
0.662
0.662
0.396079
0.403966
0.315549
0.662
0.382964
0.236843
0.494463
0.0842119
0.195849
0.662
0.199949
0.573277
0.662
0.31884
0.662
0.264518
0.219964
0.380324
0.260683
0.364626
0.37019
0.662
0.643443
0.642473
0.0213165
0.20682
0.662
0.662
0.422125
0.0614777
0.281018
0.211234
0.190296
0.662
0.662
0.135837
0.0443844
0.662
0.216919
0.352365
0.662
0.662
0.543081
0.469086
0.662
0.662
0.252661
0.662
0.365886
0.662
0.0189332
0.0182338
0.215175
0.435066
0.662
0.299359
0.14815
0.000403953
0.662
0.131384
0.662
0.493035
0.210037
0.662
0.182102
0.662
0.148486
0.662
0.326565
0.662
0.150303
0.386181
0.184738
0.195103
0.167039
0.189141
0.662
0.216785
0.0556149
0.339156
0.149365
0.0437961
0.662
0.197091
0.662
0.662
0.208355
0.542202
0.662
0.288925
0.476829
0.662
0.215643
0.662
0.342661
0.0870464
0.662
0.217952
0.53969
0.0429622
0.662
0.662
0.662
0.662
0.367207
0.662
0.277255
0.263083
0.662
0.118582
0.662
0.088887
0.253479
0.459352
0.103022
0.662
0.516796
0.093589
0.662
0.471375
0.173363
0.563959
0.461134
0.662
0.300964
0.662
0.443756
0.392109
0.368904
0.246032
0.662
0.246939
0.365528
0.295512
0.662
0.662
0.198226
0.662
0.0256384
0.160326
0.662
0.105199
0.662
0.662
0.299999
0.662
0.662
0.149687
0.337592
0.662
0.0638704
0.662
0.662
0.662
0.662
0.20772
0.247634
0.241347
0.361695
0.662
0.662
0.662
0.662
0.460086
0.341716
0.0206316
0.263036
0.136713
0.662
0.662
0.272453
0.184382
0.662
0.662
0.662
0.662
0.662
0.395779
0.26606
0.662
0.117801
0.662
0.425341
0.408516
0.0882334
0.662
0.278748
0.258963
0.662
0.659808
0.662
0.0567303
0.591772
0.662
0.662
0.662
0.1044
0.662
0.149681
0.298937
0.26348
0.662
0.0784281
0.662
0.315997
0.662
0.0639239
0.475053
0.662
0.662
0.0377549
0.389279
0.315685
0.577946
0.26415
0.335946
0.439073
0.266062
0.326259
0.320883
0.0432453
0.109557
0.473965
0.562913
0.178577
0.192641
0.662
0.637153
0.160636
0.662
0.0831946
0.640035
0.662
0.43395
0.10432
0.115712
0.662
0.526182
0.662
0.228847
0.662
0.662
0.0212129
0.276511
0.662
0.662
0.0897564
0.592571
0.0719896
0.662
0.0656794
0.662
0.662
0.662
0.160436
0.165615
0.445363
0.255287
0.662
0.260436
0.662
0.25331
0.662
0.662
0.181964
0.662
0.466662
0.179056
0.44187
0.193077
0.662
0.399233
0.662
0.292884
0.0528188
0.266399
0.10226
0.662
0.662
0.474148
0.209724
0.662
0.385931
0.662
0.236124
0.662
0.662
0.662
0.253547
0.662
0.411648
0.221644
0.151218
0.0803718
0.109043
0.0430455
0.42374
0.662
0.242849
0.662
0.125897
0.662
0.158379
0.0040994
0.206213
0.662
0.292445
0.472449
0.662
0.662
0.422393
0.502878
0.662
0.620499
0.662
0.331611
0.662
0.662
0.662
0.154109
0.13271
0.454356
0.0147637
0.369813
0.662
0.0441351
0.576522
0.191489
0.662
0.423673
0.0408033
0.321482
0.662
0.542061
0.662
0.416779
0.277627
0.662
0.406217
0.23914
0.279483
0.140283
0.662
0.662
0.210653
0.467942
0.460534
0.17883
0.202854
0.100066
0.242673
0.662
0.466957
0.63339
0.441053
0.323262
0.662
0.662
0.41847
0.454773
0.00603158
0.0769137
0.0752954
0.448076
0.662
0.347708
0.662
0.465096
0.662
0.662
0.258232
0.0611869
0.362368
0.502403
0.662
0.629706
0.662
0.662
0.662
0.662
0.366291
0.662
0.445634
0.662
0.662
0.662
0.387907
0.250944
0.662
0.662
0.214694
0.183755
0.122843
0.662
0.162965
0.374807
0.454767
0.149923
0.299921
0.28228
0.213591
0.206459
0.0881485
0.440253
0.17805
0.662
0.329822
0.662
0.662
0.211891
0.662
0.164784
0.292886
0.236974
0.189331
0.662
0.295095
0.478467
0.643002
0.289829
0.231052
0.448918
0.448903
0.376578
0.198367
0.0494029
0.662
0.183247
0.501314
0.415189
0.662
0.239855
0.662
0.662
0.0724507
0.662
0.662
0.662
0.0798152
0.662
0.362561
0.662
0.662
0.28376
0.662
0.271417
0.25134
0.295036
0.662
0.662
0.422854
0.654414
0.127279
0.470258
0.662
0.662
0.398002
0.128236
0.0519021
0.270405
0.662
0.662
0.23456
0.367344
0.270346
0.13535
0.662
0.662
0.662
0.0763521
0.481894
0.231458
0.662
0.455781
0.146608
0.2901
0.662
0.416556
0.529468
0.316635
0.531544
0.351172
0.382821
0.662
0.662
0.211779
0.449086
0.662
0.662
0.662
0.102549
0.422486
0.662
0.0140066
0.443749
0.326911
0.662
0.223002
0.308164
0.662
0.445798
0.362163
0.354339
0.0197624
0.471402
0.112542
0.308779
0.455677
0.130876
0.0193308
0.662
0.519412
0.662
0.250929
0.662
0.662
0.224411
0.662
0.662
0.00785679
0.312715
0.662
0.459594
0.662
0.240026
0.662
0.656158
0.176269
0.133286
0.179099
0.662
0.090056
0.213531
0.183151
0.255065
0.283882
0.662
0.123875
0.221042
0.295282
0.662
0.662
0.156983
0.662
0.295117
0.268013
0.103376
0.170152
0.266654
0.356375
0.662
0.662
0.662
0.662
0.086606
0.398746
0.272049
0.195629
0.0109438
0.662
0.542809
0.428694
0.254362
0.0319526
0.551788
0.136335
0.345086
0.588548
0.331067
0.116413
0.662
0.662
0.124801
0.662
0.0672665
0.483495
0.316255
0.282771
0.155497
0.181352
0.0697778
0.459594
0.662
0.662
0.662
0.0784454
0.662
0.571358
0.662
0.662
0.662
0.464835
0.55534
0.185565
0.0561326
0.662
0.57683
0.662
0.158486
0.662
0.662
0.662
0.662
0.422908
0.662
0.446635
0.439727
0.662
0.358218
0.355592
0.139003
0.154439
0.662
0.339579
0.237186
0.214335
0.662
0.662
0.662
0.662
0.0260544
0.0662763
0.257819
0.475026
0.119071
0.662
0.00913863
0.397429
0.446052
0.662
0.662
0.248516
0.662
0.282039
0.0913733
0.194075
0.662
0.00809765
0.22844
0.662
0.662
0.662
0.127421
0.635016
0.662
0.193545
0.662
0.662
0.662
0.420879
0.436305
0.374023
0.662
0.232918
0.38632
0.114696
0.0282829
0.439498
0.310796
0.662
0.662
0.662
0.280095
0.662
0.256938
0.462129
0.0922337
0.662
0.662
0.252081
0.125263
0.0676936
0.384204
0.662
0.489594
0.662
0.662
0.202049
0.662
0.357767
0.250466
0.021627
0.662
0.662
0.0511185
0.079889
0.363423
0.264147
0.662
0.234891
0.291026
0.423628
0.662
0.662
0.662
0.40222
0.662
0.0806988
0.662
0.662
0.375084
0.0623003
0.447506
0.345223
0.662
0.232503
0.219237
0.662
0.662
0.612343
0.540591
0.28557
0.662
0.278731
0.111154
0.0959086
0.448231
0.662
0.662
0.28493
0.662
0.202439
0.662
0.104964
0.295275
0.662
0.521102
0.0401807
0.380368
0.0721378
0.662
0.0206023
0.149165
0.662
0.662
0.662
0.662
0.662
0.662
0.662
0.398777
0.662
0.662
0.662
0.662
0.158149
0.662
0.453804
0.662
0.662
0.377559
0.662
0.226204
0.662
0.662
0.472792
0.662
0.662
0.566965
0.215542
0.662
0.662
0.662
0.226308
0.00720758
0.10306
0.662
0.662
0.662
0.662
0.422838
0.662
0.662
0.662
0.399478
0.398845
0.662
0.171558
0.662
0.662
0.284019
0.416136
0.156716
0.0277778
0.257315
0.662
0.662
0.662
0.499279
0.662
0.0984399
0.464383
0.662
0.662
0.662
0.260879
0.662
0.662
0.122322
0.662
0.662
0.147453
0.614969
0.156134
0.662
0.662
0.192792
0.201339
0.0809786
0.323237
0.662
0.662
0.662
0.662
0.662
0.662
0.409265
0.416123
0.462867
0.221261
0.662
0.370836
0.113713
0.223618
0.662
0.405207
0.107827
0.271389
0.156805
0.662
0.462354
0.662
0.365138
0.542169
0.441756
0.413062
0.288473
0.662
0.662
0.247109
0.662
0.662
0.662
0.0867801
0.662
0.186601
0.662
0.662
0.662
0.393936
0.662
0.129384
0.655264
0.370405
0.143407
0.662
0.662
0.662
0.379636
0.662
0.217073
0.310696
0.273136
0.393628
0.662
0.662
0.455872
0.662
0.325019
0.662
0.4934
0.149066
0.0346673
0.377383
0.662
0.0769464
0.312133
0.662
0.41399
0.662
0.662
0.145046
0.223893
0.349496
0.662
0.662
0.662
0.662
0.662
0.662
0.206525
0.662
0.220035
0.084185
0.390266
0.217593
0.662
0.662
0.118624
0.582611
0.42152
0.122297
0.284368
0.552303
0.662
0.188015
0.662
0.662
0.511364
0.662
0.662
0.662
0.415218
0.662
0.392466
0.662
0.260511
0.662
0.662
0.662
0.272781
0.376304
0.662
0.516293
0.662
0.319626
0.357887
0.662
0.662
0.662
0.169114
0.662
0.197882
0.386629
0.436818
0.662
0.00526884
0.207686
0.017012
0.0559775
0.662
0.561955
0.385044
0.306881
0.196671
0.12248
0.662
0.662
0.260209
0.413469
0.206138
0.0758245
0.136268
0.310776
0.662
0.662
0.351381
0.662
0.511801
0.263163
0.421636
0.0463721
0.438289
0.662
0.139445
0.299476
0.0755739
0.216071
0.662
0.643173
0.641307
0.212515
0.142402
0.0461314
0.271032
0.198342
0.14292
0.662
0.662
0.269648
0.128014
0.165316
0.662
0.237735
0.662
0.662
0.662
0.662
0.0322982
0.450174
0.530176
0.662
0.350808
0.387121
0.28376
0.223542
0.0561496
0.259032
0.341731
0.366083
0.446608
0.426667
0.662
0.654636
0.662
0.662
0.251253
0.578747
0.662
0.181564
0.662
0.449446
0.360479
0.414284
0.0765605
0.548734
0.662
0.662
0.286688
0.662
0.465276
0.0165484
0.662
0.662
0.662
0.162007
0.226632
0.256261
0.662
0.662
0.204629
0.526873
0.201429
0.662
0.662
0.0901535
0.662
0.182897
0.0866779
0.662
0.238924
0.170294
0.618633
0.212076
0.407712
0.662
0.313348
0.034064
0.662
0.29125
0.452773
0.303045
0.262855
0.192729
0.161255
0.662
0.662
0.563579
0.662
0.240891
0.662
0.269115
0.00408376
0.263261
0.662
0.35285
0.662
0.489218
0.171345
0.662
0.2585
0.633694
0.00218658
0.662
0.662
0.339643
0.013049
0.275287
0.15319
0.662
0.467202
0.391766
0.0699587
0.388137
0.227518
0.662
0.292095
0.662
0.662
0.262487
0.193372
0.606243
0.662
0.662
0.662
0.205664
0.662
0.149179
0.175512
0.662
0.662
0.0948995
0.662
0.0975219
0.289231
0.000489662
0.662
0.662
0.446466
0.312078
0.6412
0.662
0.0198472
0.257419
0.662
0.639158
0.194223
0.662
0.373875
0.442894
0.149768
0.127057
0.340314
0.476614
0.662
0.32307
0.662
0.662
0.504957
0.0380167
0.662
0.662
0.207034
0.662
0.662
0.471477
0.00608454
0.164428
0.662
0.0902946
0.0125956
0.43878
0.638769
0.141084
0.573139
0.358181
0.272139
0.662
0.662
0.0976159
0.590147
0.00588361
0.155027
0.3907
0.366923
0.480315
0.662
0.36041
0.544482
0.662
0.299863
0.433268
0.662
0.0119643
0.25007
0.29527
0.662
0.662
0.393589
0.566635
0.662
0.662
0.471537
0.662
0.662
0.206194
0.490407
0.662
0.12525
0.662
0.662
0.662
0.296649
0.662
0.418717
0.662
0.225878
0.662
0.662
0.345653
0.662
0.149678
0.308355
0.662
0.0913548
0.33241
0.431952
0.169211
0.258144
0.566005
0.0464174
0.662
0.662
0.224091
0.662
0.340542
0.662
0.0109411
0.662
0.468241
0.218995
0.403156
0.229434
0.662
0.330911
0.124954
0.244974
0.353006
0.662
0.245432
0.366079
0.662
0.400517
0.618614
0.0707879
0.620361
0.205782
0.232033
0.217192
0.37542
0.0335067
0.141077
0.309789
0.420522
0.637068
0.662
0.662
0.662
0.393446
0.10998
0.382229
0.0523098
0.662
0.300082
0.662
0.408383
0.0283829
0.450986
0.323846
0.662
0.662
0.2387
0.662
0.662
0.162939
0.435144
0.445761
0.662
0.164709
0.662
0.662
0.427919
0.189449
0.0168086
0.662
0.0511232
0.287702
0.407247
0.318462
0.662
0.315133
0.486422
0.341935
0.253001
0.662
0.617079
0.263352
0.662
0.307863
0.662
0.662
0.590646
0.104517
0.16169
0.662
0.662
0.662
0.662
0.113133
0.45136
0.662
0.169937
0.662
0.662
0.194154
0.115255
0.42981
0.205647
0.662
0.150128
0.223139
0.18539
0.144486
0.013818
0.142294
0.189323
0.662
0.662
0.409862
0.25345
0.187828
0.0431483
0.662
0.662
0.662
0.662
0.662
0.280599
0.662
0.00827906
0.662
0.310275
0.235238
0.0868985
0.662
0.662
0.169161
0.662
0.32593
0.206308
0.662
0.230733
0.662
0.662
0.662
0.662
0.662
0.190787
0.662
0.104822
0.662
0.662
0.396019
0.534678
0.662
0.662
0.262504
0.311209
0.173453
0.662
0.163754
0.506286
0.212585
0.662
0.662
0.192498
0.511393
0.662
0.408843
0.143836
0.662
0.0905487
0.546207
0.424349
0.22979
0.662
0.188116
0.244547
0.333369
0.225983
0.662
0.481566
0.203649
0.28213
0.19044
0.662
0.0475466
0.197897
0.472968
0.417912
0.662
0.662
0.662
0.318644
0.0924115
0.662
0.243576
0.218363
0.345788
0.662
0.271342
0.187401
0.17457
0.0581248
0.662
0.346111
0.288515
0.662
0.206428
0.132177
0.491326
0.662
0.46176
0.662
0.148826
0.662
0.284188
0.662
0.248962
0.662
0.410638
0.662
0.13962
0.662
0.662
0.246243
0.584629
0.303128
0.631677
0.471204
0.662
0.662
0.662
0.662
0.662
0.256054
0.178909
0.306238
0.662
0.232428
0.318411
0.24605
0.235193
0.309894
0.662
0.662
0.216374
0.662
0.0155875
0.132411
0.662
0.288465
0.47369
0.242694
0.300698
0.423903
0.662
0.174384
0.662
0.662
0.120886
0.626856
0.440155
0.389683
0.599657
0.292097
0.64454
0.662
0.175695
0.662
0.662
0.302907
0.116599
0.662
0.043722
0.255437
0.579318
0.168173
0.151071
0.495797
0.662
0.400313
0.0618655
0.136521
0.272525
0.395586
0.662
0.662
0.662
0.662
0.00756089
0.447052
0.53588
0.662
0.662
0.662
0.3103
0.153518
0.363681
0.40766
0.662
0.662
0.662
0.467873
0.610454
0.269081
0.391305
0.640068
0.41283
0.662
0.62143
0.662
0.662
0.224377
0.341283
0.264473
0.134809
0.232858
0.380733
0.241286
0.662
0.180128
0.662
0.158846
0.226692
0.546743
0.662
0.662
0.662
0.0152799
0.421697
0.205018
0.662
0.345625
0.192725
0.662
0.662
0.163228
0.662
0.325034
0.662
0.204154
0.662
0.292846
0.662
0.662
0.662
0.352437
0.203895
0.662
0.295036
0.0141907
0.118077
0.248159
0.400941
0.476238
0.662
0.264531
0.191252
0.662
0.306686
0.662
0.474721
0.662
0.662
0.209536
0.662
0.325396
0.662
0.450053
0.662
0.351945
0.662
0.431485
0.532051
0.260523
0.406092
0.662
0.34938
0.168503
0.0912316
0.662
0.00553263
0.0509117
0.198163
0.559496
0.662
0.408906
0.381824
0.662
0.44049
0.32593
0.201545
0.153105
0.33466
0.0800291
0.662
0.159586
0.153825
0.488799
0.469134
0.0966141
0.662
0.233977
0.352257
0.298295
0.408329
0.294246
0.644998
0.137679
0.662
0.662
0.662
0.662
0.260516
0.662
0.662
0.662
0.323698
0.662
0.662
0.477501
0.662
0.662
0.296322
0.0198974
0.618484
0.662
0.662
0.471421
0.662
0.662
0.662
0.662
0.662
0.324026
0.662
0.160218
0.138843
0.184637
0.103828
0.662
0.312429
0.442261
0.433917
0.245397
0.545306
0.662
0.662
0.662
0.0580238
0.149103
0.452451
0.405814
0.662
0.383532
0.662
0.347734
0.445905
0.662
0.662
0.58539
0.233013
0.662
0.662
0.18272
0.117265
0.426413
0.0736476
0.662
0.36377
0.287953
0.662
0.662
0.13544
0.188764
0.0967321
0.662
0.125677
0.308213
0.0285921
0.356544
0.167236
0.454901
0.0441037
0.562142
0.445605
0.0413614
0.662
0.390595
0.662
0.662
0.0833966
0.130065
0.196714
0.0753324
0.465824
0.662
0.662
0.662
0.134137
0.654887
0.662
0.33527
0.662
0.40502
0.662
0.662
0.662
0.0945326
0.467738
0.662
0.16993
0.386966
0.662
0.662
0.662
0.135425
0.662
0.51586
0.662
0.132475
0.662
0.662
0.451823
0.662
0.662
0.662
0.444715
0.662
0.235229
0.340803
0.22956
0.662
0.662
0.662
0.172599
0.311793
0.395211
0.662
0.662
0.450719
0.301758
0.048618
0.662
0.311965
0.662
0.662
0.269902
0.662
0.0912231
0.00603061
0.185915
0.337775
0.0551937
0.662
0.215654
0.511592
0.264517
0.662
0.662
0.470686
0.468627
0.309733
0.312691
0.0338325
0.202619
0.393348
0.415866
0.662
0.662
0.317699
0.0261969
0.662
0.240772
0.480803
0.662
0.0787719
0.662
0.662
0.615803
0.0617027
0.662
0.662
0.662
0.280942
0.662
0.318385
0.11618
0.206351
0.60462
0.224676
0.662
0.219844
0.265829
0.662
0.138729
0.662
0.662
0.662
0.00525521
0.382444
0.130945
0.282915
0.226777
0.480882
0.662
0.189326
0.662
0.424507
0.297411
0.250366
0.662
0.532829
0.239831
0.0380659
0.188407
0.662
0.662
0.662
0.662
0.662
0.31773
0.476649
0.586649
0.0104195
0.662
0.662
0.548127
0.662
0.0285288
0.244303
0.662
0.280777
0.615774
0.0302756
0.374053
0.419544
0.201365
0.446764
0.280156
0.662
0.29876
0.406897
0.662
0.203394
0.662
0.662
0.662
0.274449
0.270375
0.662
0.544918
0.662
0.00932963
0.523812
0.430938
0.563919
0.662
0.16886
0.662
0.537324
0.14023
0.662
0.531098
0.662
0.2655
0.0662753
0.662
0.265631
0.375338
0.662
0.331888
0.105721
0.2668
0.662
0.10054
0.422703
0.342511
0.662
0.203307
0.177862
0.662
0.438235
0.662
0.461012
0.474272
0.662
0.662
0.662
0.364702
0.254947
0.662
0.22263
0.366112
0.662
0.221497
0.662
0.188408
0.601856
0.662
0.662
0.559384
0.662
0.662
0.662
0.0160033
0.38024
0.662
0.662
0.662
0.662
0.0705366
0.662
0.155517
0.662
0.461323
0.136569
0.199595
0.485884
0.0959897
0.662
0.351563
0.662
0.0118245
0.662
0.325126
0.242542
0.361939
0.662
0.315268
0.125683
0.300408
0.662
0.662
0.65734
0.212416
0.633403
0.662
0.287686
0.25901
0.662
0.310708
0.662
0.175627
0.32021
0.596591
0.121234
0.199947
0.376987
0.662
0.662
0.0673648
0.256934
0.282388
0.623296
0.246703
0.471632
0.363527
0.206354
0.662
0.063998
0.214242
0.489807
0.229282
0.662
0.633694
0.662
0.662
0.662
0.601047
0.662
0.662
0.662
0.0581508
0.662
0.662
0.217811
0.662
0.263985
0.199342
0.376523
0.213063
0.126125
0.361858
0.161284
0.2525
0.386354
0.612929
0.662
0.310462
0.462233
0.662
0.0803317
0.167122
0.0786536
0.179965
0.662
0.662
0.662
0.662
0.662
0.0211891
0.224937
0.404001
0.662
0.662
0.662
0.662
0.662
0.382942
0.330873
0.662
0.400071
0.449923
0.662
0.662
0.662
0.111324
0.21835
0.581124
0.300422
0.662
0.662
0.470331
0.662
0.454678
0.298481
0.284667
0.397065
0.313371
0.662
0.356822
0.137185
0.281903
0.183078
0.0549187
0.562039
0.330592
0.0339346
0.264439
0.426388
0.662
0.385939
0.131455
0.079589
0.662
0.662
0.269576
0.416764
0.490263
0.662
0.387861
0.507064
0.641756
0.292177
0.214501
0.662
0.250214
0.662
0.256285
0.350804
0.0831757
0.662
0.662
0.660913
0.0605648
0.056346
0.301465
0.662
0.169519
0.397308
0.662
0.662
0.270764
0.662
0.662
0.662
0.147377
0.662
0.662
0.662
0.662
0.189049
0.303385
0.139919
0.662
0.212905
0.572626
0.313172
0.224481
0.466955
0.662
0.298636
0.415851
0.00613919
0.393859
0.165995
0.662
0.0257162
0.432556
0.0829321
0.662
0.348626
0.662
0.566641
0.662
0.662
0.662
0.0848598
0.312937
0.100014
0.0495002
0.612761
0.370509
0.365019
0.662
0.210471
0.434093
0.401848
0.183148
0.0923394
0.177554
0.17298
0.662
0.662
0.662
0.312596
0.185669
0.662
0.662
0.257634
0.284693
0.22332
0.662
0.662
0.662
0.261276
0.379825
0.641346
0.662
0.649295
0.662
0.154879
0.342811
0.662
0.318279
0.116428
0.662
0.127885
0.25925
0.496188
0.299708
0.0688162
0.0691847
0.409608
0.662
0.662
0.149036
0.645875
0.21976
0.152052
0.662
0.205146
0.662
0.140573
0.662
0.662
0.50134
0.662
0.662
0.189779
0.192009
0.662
0.287667
0.662
0.662
0.662
0.662
0.662
0.662
0.261809
0.281112
0.480285
0.279326
0.455605
0.662
0.0861474
0.280609
0.206744
0.662
0.2101
0.662
0.256429
0.662
0.22248
0.0913892
0.337947
0.126416
0.548619
0.146352
0.469876
0.463755
0.29895
0.112849
0.662
0.148298
0.163281
0.366485
0.662
0.662
0.0796448
0.662
0.406876
0.662
0.31221
0.107791
0.263657
0.160516
0.662
0.662
0.213651
0.310838
0.662
0.455156
0.206817
0.38758
0.0337386
0.662
0.662
0.662
0.450397
0.662
0.159272
0.196501
0.376772
0.662
0.0907689
0.0122199
0.407768
0.662
0.115496
0.662
0.662
0.545549
0.0901708
0.662
0.106551
0.662
0.662
0.236356
0.0710694
0.662
0.662
0.295545
0.601106
0.662
0.662
0.0373965
0.391814
0.297919
0.629763
0.199596
0.218939
0.336777
0.10394
0.188287
0.662
0.244896
0.117245
0.662
0.662
0.662
0.662
0.487379
0.398636
0.0107326
0.662
0.662
0.662
0.420281
0.282857
0.114034
0.258971
0.241927
0.455044
0.231203
0.662
0.432172
0.662
0.244219
0.662
0.662
0.258832
0.333993
0.306456
0.662
0.267256
0.38161
0.088784
0.36354
0.467274
0.527106
0.662
0.14755
0.122854
0.227447
0.309744
0.241549
0.274051
0.390011
0.496566
0.662
0.198853
0.662
0.662
0.284616
0.621437
0.662
0.662
0.070582
0.662
0.662
0.169555
0.258323
0.662
0.662
0.662
0.662
0.662
0.226646
0.138221
0.527871
0.248465
0.662
0.298576
0.101911
0.331547
0.453019
0.662
0.0513264
0.662
0.662
0.112253
0.333337
0.0554681
0.182455
0.591807
0.0165361
0.662
0.662
0.342821
0.185231
0.108538
0.173104
0.662
0.439671
0.662
0.271991
0.377493
0.662
0.162659
0.0487605
0.341285
0.662
0.223678
0.42078
0.116074
0.0506112
0.205703
0.662
0.662
0.153914
0.224201
0.662
0.0441021
0.662
0.662
0.333373
0.662
0.662
0.222314
0.257279
0.662
0.662
0.416455
0.662
0.0399818
0.623154
0.252918
0.111854
0.434806
0.172806
0.300855
0.541216
0.662
0.233493
0.202346
0.288921
0.662
0.293919
0.480779
0.123067
0.662
0.662
0.662
0.662
0.242914
0.394305
0.338503
0.662
0.232611
0.1381
0.0594865
0.662
0.662
0.662
0.58099
0.662
0.662
0.662
0.434175
0.662
0.662
0.662
0.662
0.0967931
0.0273827
0.366705
0.662
0.203344
0.198125
0.209472
0.02998
0.160017
0.132412
0.16323
0.662
0.116454
0.291779
0.662
0.350655
0.165962
0.662
0.511394
0.662
0.662
0.195455
0.384618
0.189774
0.0306513
0.662
0.490852
0.662
0.368899
0.209533
0.0601327
0.00644805
0.212548
0.239366
0.430839
0.510354
0.42087
0.662
0.662
0.662
0.538505
0.662
0.10341
0.0210354
0.322943
0.662
0.662
0.662
0.662
0.416548
0.662
0.662
0.2121
0.164533
0.315169
0.662
0.662
0.662
0.223177
0.662
0.0947255
0.236206
0.40362
0.32335
0.662
0.662
0.232786
0.0834605
0.662
0.662
0.239067
0.512633
0.057788
0.225534
0.117736
0.662
0.127198
0.471147
0.662
0.662
0.223603
0.0872391
0.662
0.200809
0.662
0.436698
0.662
0.662
0.163608
0.325001
0.451686
0.219881
0.539155
0.4397
0.662
0.464382
0.662
0.546813
0.126204
0.662
0.447922
0.662
0.416398
0.337457
0.191012
0.0348318
0.290527
0.662
0.662
0.662
0.662
0.259008
0.314042
0.190949
0.251466
0.407986
0.411119
0.294514
0.662
0.662
0.162618
0.409983
0.61238
0.445953
0.227411
0.471806
0.662
0.662
0.662
0.662
0.130951
0.662
0.662
0.338298
0.26993
0.0770378
0.662
0.23712
0.662
0.662
0.446026
0.662
0.433109
0.340882
0.333851
0.232337
0.272148
0.0669079
0.238643
0.662
0.662
0.662
0.662
0.202732
0.181058
0.662
0.662
0.194011
0.218602
0.35234
0.662
0.473965
0.662
0.0730944
0.0657259
0.151844
0.0826507
0.240793
0.303477
0.0228191
0.662
0.186728
0.662
0.417612
0.190114
0.136312
0.240831
0.131762
0.431355
0.196465
0.277381
0.508121
0.0733767
0.354671
0.297342
0.662
0.662
0.662
0.255251
0.262239
0.662
0.158895
0.662
0.439037
0.662
0.0651906
0.662
0.306139
0.178897
0.662
0.662
0.00902142
0.0977729
0.153252
0.220259
0.074787
0.0949374
0.662
0.0200304
0.254811
0.662
0.662
0.246136
0.644537
0.474665
0.0340681
0.651044
0.23487
0.269815
0.442787
0.662
0.442559
0.202943
0.662
0.0975182
0.662
0.143948
0.662
0.662
0.662
0.22937
0.226562
0.662
0.662
0.0411326
0.127403
0.662
0.662
0.228545
0.030164
0.662
0.662
0.662
0.550699
0.662
0.382509
0.662
0.0354062
0.662
0.662
0.206771
0.662
0.662
0.227167
0.662
0.201292
0.37587
0.662
0.662
0.151853
0.662
0.662
0.354854
0.662
0.365993
0.662
0.38914
0.120424
0.662
0.662
0.0966968
0.22948
0.200998
0.258071
0.500967
0.133356
0.44465
0.662
0.662
0.42029
0.662
0.45147
0.419418
0.662
0.615336
0.209405
0.238576
0.662
0.662
0.662
0.181034
0.662
0.0914408
0.217983
0.662
0.214684
0.441401
0.662
0.296491
0.247566
0.564045
0.662
0.347036
0.460464
0.448914
0.396147
0.662
0.380217
0.046065
0.662
0.320419
0.662
0.340756
0.312447
0.662
0.267465
0.502832
0.357494
0.662
0.371471
0.280641
0.163859
0.662
0.171964
0.15499
0.140372
0.00982587
0.31457
0.291078
0.316545
0.378847
0.662
0.662
0.0387022
0.662
0.662
0.662
0.662
0.414494
0.662
0.271235
0.0372824
0.662
0.343484
0.662
0.13676
0.390251
0.190103
0.118405
0.215805
0.662
0.344089
0.329933
0.372338
0.286387
0.454141
0.287556
0.360169
0.364356
0.402147
0.228688
0.662
0.0475459
0.662
0.662
0.662
0.375243
0.662
0.629706
0.662
0.538919
0.330167
0.662
0.662
0.662
0.571976
0.265261
0.242999
0.662
0.662
0.662
0.662
0.191965
0.600032
0.662
0.267786
0.662
0.662
0.00205731
0.662
0.662
0.484842
0.441884
0.23189
0.425746
0.391612
0.215171
0.160458
0.180947
0.408653
0.662
0.0218927
0.656042
0.210039
0.662
0.119083
0.114535
0.662
0.257789
0.366309
0.557439
0.662
0.24918
0.17513
0.662
0.411933
0.662
0.457411
0.189421
0.662
0.662
0.262462
0.662
0.662
0.339747
0.662
0.0269746
0.662
0.212852
0.120371
0.183142
0.106556
0.662
0.348845
0.556813
0.334773
0.662
0.662
0.662
0.0112957
0.464435
0.445444
0.466231
0.112932
0.356021
0.662
0.662
0.662
0.284011
0.534132
0.662
0.662
0.662
0.156537
0.145003
0.00117752
0.662
0.433235
0.662
0.662
0.339395
0.662
0.219792
0.662
0.454774
0.365763
0.662
0.662
0.662
0.191337
0.662
0.201895
0.475587
0.662
0.190798
0.218461
0.375499
0.662
0.057675
0.132949
0.662
0.662
0.36783
0.562484
0.662
0.662
0.128535
0.662
0.0967426
0.257809
0.044693
0.662
0.662
0.269933
0.0128307
0.662
0.662
0.553618
0.118722
0.662
0.407467
0.0164708
0.662
0.662
0.325493
0.662
0.195052
0.662
0.662
0.264439
0.662
0.563971
0.662
0.286034
0.381293
0.662
0.0602876
0.415455
0.327076
0.662
0.662
0.471581
0.662
0.662
0.120672
0.0552244
0.662
0.393522
0.333379
0.662
0.187324
0.662
0.662
0.215079
0.218762
0.274693
0.236243
0.311262
0.159979
0.258904
0.363837
0.163322
0.354615
0.310719
0.0714499
0.220086
0.662
0.455939
0.434177
0.13407
0.662
0.32049
0.662
0.320719
0.535304
0.662
0.186186
0.195763
0.662
0.166462
0.662
0.280727
0.381151
0.662
0.240702
0.350987
0.662
0.219392
0.662
0.270361
0.244218
0.662
0.662
0.662
0.505242
0.662
0.150469
0.437742
0.662
0.336224
0.662
0.662
0.662
0.0203501
0.662
0.142592
0.244701
0.662
0.662
0.254381
0.223459
0.662
0.427694
0.662
0.642904
0.662
0.447487
0.662
0.217417
0.662
0.662
0.205102
0.258815
0.275177
0.662
0.662
0.662
0.662
0.365549
0.662
0.662
0.137866
0.0467623
0.169433
0.236827
0.270412
0.0642489
0.119701
0.662
0.426002
0.644673
0.0349797
0.59965
0.0551254
0.662
0.273906
0.108493
0.395998
0.662
0.125194
0.120763
0.175437
0.585187
0.662
0.178124
0.309834
0.466203
0.662
0.145704
0.662
0.27196
0.0872926
0.345813
0.225329
0.329996
0.662
0.227938
0.464655
0.362478
0.662
0.565597
0.363922
0.662
0.331586
0.0454675
0.184064
0.293517
0.662
0.140076
0.598928
0.0377125
0.662
0.662
0.168204
0.662
0.0685474
0.343616
0.473708
0.145811
0.187216
0.662
0.662
0.408789
0.110073
0.662
0.662
0.662
0.318945
0.118466
0.662
0.662
0.203443
0.497969
0.432805
0.127605
0.433182
0.662
0.122343
0.0269549
0.104516
0.662
0.0918216
0.353972
0.140594
0.662
0.662
0.662
0.222214
0.662
0.0887697
0.385347
0.0799804
0.628415
0.0417459
0.662
0.0252664
0.403803
0.662
0.662
0.662
0.662
0.662
0.662
0.662
0.662
0.0995178
0.525554
0.043278
0.662
0.207289
0.662
0.169574
0.394406
0.662
0.472722
0.32946
0.662
0.662
0.291911
0.244323
0.662
0.228849
0.475174
0.104121
0.662
0.341003
0.218408
0.662
0.303673
0.451623
0.662
0.448403
0.662
0.198108
0.452769
0.17312
0.662
0.662
0.662
0.350867
0.662
0.207198
0.662
0.227482
0.634709
0.662
0.319538
0.264362
0.662
0.578282
0.303809
0.662
0.662
0.284132
0.457388
0.397631
0.285794
0.247554
0.160894
0.19124
0.432143
0.136825
0.512324
0.662
0.524507
0.231676
0.662
0.0184367
0.418761
0.353619
0.662
0.662
0.662
0.662
0.437318
0.662
0.171897
0.146353
0.31463
0.0365549
0.662
0.335736
0.203943
0.28938
0.163383
0.21777
0.348015
0.194032
0.662
0.484764
0.302087
0.662
0.348994
0.662
0.138309
0.662
0.481518
0.275054
0.440054
0.622361
0.191022
0.21017
0.370421
0.368275
0.662
0.662
0.58719
0.183654
0.540301
0.201818
0.143399
0.662
0.150801
0.323747
0.212568
0.25682
0.195754
0.480545
0.4335
0.00117709
0.11481
0.662
0.662
0.662
0.142672
0.20395
0.286761
0.662
0.0939906
0.211792
0.107929
0.162838
0.662
0.662
0.0749019
0.291031
0.662
0.662
0.662
0.63662
0.662
0.6313
0.662
0.662
0.662
0.662
0.223619
0.662
0.662
0.138912
0.455987
0.662
0.302646
0.317548
0.662
0.662
0.662
0.662
0.0174247
0.449786
0.173204
0.113953
0.0356241
0.662
0.662
0.662
0.593754
0.662
0.662
0.27212
0.662
0.662
0.662
0.662
0.501787
0.662
0.326215
0.662
0.355658
0.465076
0.662
0.662
0.0026221
0.662
0.0056906
0.211263
0.193463
0.662
0.184374
0.662
0.336564
0.29297
0.662
0.662
0.662
0.662
0.662
0.479176
0.400031
0.0855466
0.425454
0.314202
0.662
0.662
0.251002
0.0953083
0.198189
0.662
0.321656
0.361704
0.662
0.277469
0.514578
0.662
0.662
0.0930099
0.435761
0.26401
0.438022
0.256189
0.122218
0.288138
0.604797
0.150686
0.373728
0.520709
0.662
0.662
0.662
0.0595332
0.662
0.32859
0.662
0.157324
0.662
0.251818
0.118354
0.662
0.662
0.662
0.206493
0.559037
0.662
0.662
0.00433603
0.662
0.662
0.4227
0.292338
0.662
0.662
0.662
0.424963
0.371171
0.281944
0.662
0.151189
0.371227
0.305053
0.442986
0.0189559
0.662
0.452291
0.191897
0.662
0.662
0.194336
0.662
0.284049
0.45072
0.207986
0.0217327
0.662
0.244643
0.662
0.662
0.662
0.144712
0.0759636
0.662
0.136425
0.662
0.662
0.662
0.429716
0.662
0.115322
0.146248
0.379465
0.0034634
0.662
0.492624
0.210861
0.472436
0.207106
0.362716
0.662
0.220683
0.662
0.158088
0.286139
0.662
0.0726111
0.217047
0.00807867
0.402564
0.155105
0.477523
0.662
0.208176
0.174819
0.662
0.662
0.386273
0.0709425
0.662
0.662
0.0828285
0.494524
0.662
0.236504
0.434544
0.482471
0.662
0.0775554
0.662
0.360075
0.0950364
0.0889104
0.662
0.662
0.242575
0.420204
0.439786
0.378492
0.392638
0.662
0.23198
0.662
0.569859
0.336792
0.301145
0.409435
0.39741
0.0383618
0.231108
0.358512
0.662
0.450837
0.662
0.488207
0.177801
0.662
0.662
0.662
0.214844
0.662
0.662
0.310132
0.662
0.641609
0.662
0.662
0.662
0.0921815
0.662
0.445919
0.662
0.662
0.317793
0.488133
0.472913
0.127462
0.662
0.144304
0.195364
0.662
0.4274
0.195444
0.286832
0.420054
0.237448
0.0941145
0.144999
0.209635
0.13436
0.449391
0.662
0.662
0.42249
0.662
0.10508
0.489978
0.323208
0.310127
0.266821
0.662
0.216577
0.662
0.171505
0.194211
0.662
0.470887
0.662
0.662
0.209565
0.662
0.519593
0.474344
0.641322
0.0137032
0.662
0.237564
0.662
0.283454
0.447165
0.662
0.182683
0.662
0.230437
0.26426
0.662
0.476956
0.662
0.662
0.662
0.304542
0.223246
0.291782
0.204486
0.0905804
0.138854
0.387557
0.662
0.485137
0.392815
0.269029
0.162252
0.182003
0.258675
0.201096
0.22553
0.662
0.615406
0.662
0.662
0.363294
0.26543
0.378035
0.662
0.662
0.662
0.662
0.467383
0.174215
0.0869476
0.662
0.131897
0.369962
0.0590514
0.0216731
0.208866
0.191976
0.662
0.273231
0.342367
0.00512676
0.662
0.409391
0.415863
0.360261
0.662
0.662
0.662
0.0746277
0.662
0.662
0.662
0.483568
0.662
0.299766
0.21251
0.119131
0.573629
0.662
0.554996
0.662
0.662
0.629763
0.0229418
0.242604
0.627702
0.417879
0.662
0.210976
0.153409
0.184075
0.110436
0.101958
0.662
0.0742838
0.662
0.662
0.186315
0.329426
0.422406
0.109395
0.248383
0.347153
0.662
0.662
0.341804
0.662
0.394109
0.212642
0.196064
0.576653
0.134502
0.662
0.662
0.340492
0.1545
0.312571
0.0103224
0.662
0.662
0.662
0.428459
0.51459
0.311406
0.244645
0.662
0.662
0.452674
0.662
0.662
0.662
0.162791
0.45287
0.662
0.419387
0.192239
0.662
0.247228
0.281368
0.468584
0.199288
0.131456
0.662
0.381895
0.636543
0.662
0.475524
0.662
0.630447
0.662
0.0499185
0.0066698
0.388589
0.0850661
0.275046
0.612342
0.50202
0.662
0.662
0.662
0.265761
0.281703
0.302835
0.00649664
0.220147
0.662
0.329773
0.534941
0.662
0.438247
0.23284
0.450702
0.194261
0.566076
0.189466
0.662
0.662
0.662
0.355958
0.250239
0.128512
0.292652
0.662
0.213976
0.351612
0.332037
0.662
0.662
0.089954
0.0950971
0.662
0.189269
0.124076
0.163118
0.218828
0.662
0.39262
0.0971965
0.145002
0.300735
0.160963
0.11447
0.344353
0.662
0.662
0.662
0.163017
0.317237
0.385918
0.0206827
0.277079
0.662
0.434982
0.00564112
0.194162
0.662
0.269962
0.662
0.53593
0.300556
0.662
0.154152
0.662
0.155333
0.223115
0.662
0.662
0.0453949
0.662
0.195534
0.304835
0.347491
0.432664
0.110556
0.229816
0.662
0.205261
0.662
0.306245
0.662
0.662
0.0702678
0.662
0.662
0.107488
0.662
0.303687
0.0205162
0.588351
0.662
0.22236
0.271117
0.662
0.213955
0.662
0.662
0.133463
0.662
0.662
0.396686
0.33868
0.115321
0.027847
0.295454
0.662
0.662
0.278328
0.390096
0.185709
0.193482
0.662
0.662
0.662
0.662
0.0387633
0.662
0.662
0.252366
0.0768391
0.662
0.24609
0.1912
0.164702
0.149419
0.662
0.347521
0.662
0.221944
0.662
0.662
0.174936
0.662
0.662
0.295366
0.662
0.107826
0.305697
0.114522
0.471561
0.107656
0.194987
0.170988
0.470997
0.168527
0.0537763
0.662
0.235661
0.662
0.188553
0.662
0.662
0.662
0.662
0.662
0.454683
0.662
0.153587
0.017184
0.289149
0.662
0.415262
0.442626
0.0904646
0.061158
0.56601
0.662
0.368814
0.285441
0.662
0.662
0.238265
0.277245
0.662
0.662
0.137334
0.231632
0.307928
0.662
0.183952
0.662
0.662
0.354959
0.0567055
0.34172
0.326524
0.340651
0.16387
0.662
0.200686
0.231768
0.0374961
0.662
0.0105032
0.662
0.452174
0.662
0.112157
0.662
0.0399234
0.236244
0.662
0.662
0.0303824
0.255772
0.461964
0.250574
0.662
0.662
0.310197
0.0617458
0.662
0.129199
0.634285
0.662
0.259653
0.0974564
0.587624
0.662
0.241083
0.662
0.662
0.0465322
0.36268
0.662
0.662
0.662
0.246993
0.198515
0.662
0.407898
0.325909
0.662
0.662
0.232371
0.662
0.662
0.378013
0.662
0.662
0.662
0.580696
0.585043
0.662
0.075885
0.662
0.303751
0.126929
0.662
0.662
0.662
0.662
0.217295
0.412879
0.206677
0.662
0.0930938
0.368081
0.662
0.124704
0.662
0.662
0.382213
0.04736
0.468246
0.662
0.662
0.227254
0.26699
0.662
0.446257
0.0737428
0.662
0.196024
0.662
0.662
0.0510436
0.662
0.257127
0.662
0.202825
0.176278
0.662
0.662
0.417741
0.316122
0.0798855
0.219638
0.0818655
0.199744
0.276106
0.214906
0.372744
0.662
0.662
0.662
0.310431
0.518415
0.662
0.662
0.331944
0.662
0.104056
0.57172
0.0400269
0.662
0.0437905
0.662
0.284262
0.662
0.614212
0.662
0.5941
0.662
0.662
0.174059
0.662
0.662
0.662
0.662
0.662
0.662
0.332451
0.662
0.0439006
0.40079
0.41155
0.448293
0.662
0.193537
0.419129
0.29811
0.25426
0.662
0.662
0.206912
0.0810561
0.662
0.662
0.662
0.191379
0.517888
0.119146
0.0279525
0.164375
0.529088
0.662
0.662
0.345283
0.662
0.58882
0.123505
0.513124
0.184901
0.662
0.662
0.346952
0.662
0.640456
0.486963
0.662
0.104917
0.662
0.662
0.662
0.483152
0.662
0.18512
0.177714
0.662
0.662
0.423722
0.326495
0.29154
0.00479478
0.393197
0.662
0.662
0.462804
0.467459
0.13844
0.35372
0.205034
0.153625
0.111718
0.662
0.0289135
0.662
0.148043
0.662
0.662
0.15663
0.233645
0.224989
0.246904
0.662
0.309332
0.651248
0.276429
0.662
0.1263
0.662
0.282476
0.662
0.662
0.251961
0.460571
0.264077
0.588051
0.264803
0.138263
0.226909
0.662
0.21911
0.257189
0.662
0.206313
0.266652
0.662
0.662
0.206935
0.306921
0.193168
0.0227578
0.662
0.662
0.662
0.123394
0.1836
0.455901
0.662
0.301869
0.416323
0.662
0.662
0.662
0.190677
0.36028
0.662
0.662
0.282818
0.662
0.309961
0.413793
0.247461
0.0219373
0.208827
0.176501
0.662
0.662
0.311223
0.662
0.0781546
0.327822
0.391048
0.136928
0.349909
0.295537
0.662
0.662
0.29689
0.15062
0.418666
0.662
0.466859
0.662
0.662
0.229911
0.383859
0.418401
0.662
0.459228
0.640832
0.467157
0.662
0.210935
0.662
0.662
0.45667
0.182495
0.606528
0.144461
0.0767616
0.662
0.314545
0.456476
0.662
0.662
0.662
0.662
0.408414
0.662
0.0556273
0.440846
0.439568
0.282071
0.662
0.0566158
0.424274
0.291008
0.662
0.432967
0.204286
0.662
0.460606
0.662
0.662
0.203988
0.389502
0.662
0.662
0.477065
0.662
0.565199
0.662
0.428872
0.662
0.662
0.46857
0.117912
0.209828
0.662
0.24591
0.662
0.293242
0.662
0.662
0.533635
0.293708
0.17234
0.662
0.662
0.662
0.189916
0.662
0.662
0.662
0.662
0.253794
0.662
0.468954
0.168111
0.391379
0.662
0.20896
0.236807
0.47019
0.151385
0.662
0.363944
0.0974279
0.180455
0.662
0.662
0.408992
0.0928274
0.337275
0.662
0.24409
0.241077
0.0208488
0.445282
0.241364
0.662
0.127191
0.273857
0.132295
0.0565461
0.385188
0.662
0.662
0.400324
0.662
0.662
0.533519
0.662
0.286037
0.662
0.0577122
0.662
0.45804
0.215464
0.662
0.257504
0.39021
0.209641
0.662
0.495829
0.195141
0.30475
0.662
0.662
0.662
0.662
0.254108
0.662
0.475832
0.662
0.362441
0.189021
0.662
0.0565049
0.227755
0.355785
0.604932
0.662
0.462528
0.662
0.239362
0.662
0.662
0.662
0.163312
0.662
0.151181
0.109146
0.628982
0.59057
0.202984
0.174188
0.376242
0.662
0.233979
0.592609
0.253238
0.296085
0.342631
0.358855
0.662
0.662
0.662
0.234212
0.407408
0.662
0.662
0.662
0.546875
0.662
0.0517632
0.662
0.439549
0.193121
0.0874407
0.00616733
0.190815
0.662
0.435089
0.0684222
0.150619
0.308538
0.662
0.465062
0.398891
0.0555736
0.451545
0.662
0.197191
0.662
0.456441
0.662
0.0107616
0.662
0.534488
0.662
0.392112
0.521461
0.662
0.22994
0.133195
0.245604
0.662
0.662
0.662
0.264531
0.413799
0.244383
0.624774
0.662
0.662
0.119109
0.24649
0.0232482
0.662
0.179898
0.662
0.288449
0.662
0.255152
0.281461
0.0414204
0.662
0.22908
0.662
0.335395
0.22012
0.340637
0.662
0.662
0.338488
0.662
0.319051
0.152091
0.233991
0.0185472
0.0270853
0.15467
0.662
0.662
0.335192
0.662
0.394163
0.236827
0.299213
0.662
0.662
0.508184
0.662
0.512978
0.182557
0.662
0.662
0.450313
0.221863
0.662
0.0278306
0.662
0.375942
0.662
0.203684
0.662
0.132861
0.662
0.662
0.662
0.215437
0.662
0.438326
0.420674
0.0684388
0.12284
0.101018
0.103846
0.662
0.27608
0.586132
0.192584
0.662
0.662
0.369028
0.662
0.00240308
0.662
0.473809
0.0802701
0.402968
0.662
0.662
0.56613
0.662
0.662
0.0598152
0.234411
0.1244
0.662
0.662
0.662
0.662
0.401155
0.0605964
0.095549
0.662
0.117568
0.425123
0.322391
0.555136
0.450678
0.021236
0.662
0.167741
0.662
0.383767
0.175474
0.662
0.188688
0.283726
0.372036
0.131611
0.662
0.218286
0.134889
0.662
0.662
0.549025
0.423332
0.0662059
0.357945
0.19501
0.425609
0.337327
0.662
0.662
0.662
0.662
0.0273704
0.296213
0.662
0.662
0.662
0.496194
0.662
0.662
0.259421
0.662
0.320722
0.334647
0.472
0.656876
0.268421
0.662
0.662
0.276166
0.604165
0.233844
0.338672
0.662
0.662
0.28297
0.0306993
0.0979696
0.662
0.230614
0.662
0.662
0.112748
0.385653
0.325232
0.168209
0.662
0.331438
0.1714
0.469444
0.0952701
0.416453
0.662
0.155421
0.567184
0.309617
0.449902
0.184501
0.367628
0.477234
0.233995
0.282719
0.156925
0.158585
0.338105
0.138652
0.225882
0.662
0.305414
0.662
0.662
0.0155655
0.662
0.492325
0.00237479
0.148275
0.662
0.355178
0.21588
0.474061
0.26776
0.388829
0.212954
0.250231
0.576447
0.127833
0.118757
0.662
0.504462
0.662
0.0820514
0.0701666
0.662
0.149306
0.302683
0.321519
0.662
0.0952781
0.563796
0.27138
0.276817
0.662
0.662
0.144893
0.662
0.662
0.221405
0.662
0.662
0.662
0.0179808
0.208556
0.133116
0.662
0.356995
0.662
0.3767
0.662
0.303762
0.662
0.365786
0.593347
0.662
0.662
0.126296
0.247474
0.662
0.291025
0.16908
0.460025
0.575611
0.211776
0.662
0.423617
0.126195
0.586934
0.662
0.197245
0.662
0.0129794
0.195888
0.107272
0.534368
0.351298
0.46883
0.369434
0.662
0.662
0.061919
0.662
0.662
0.406105
0.320654
0.120574
0.662
0.40204
0.204412
0.662
0.401311
0.662
0.662
0.101688
0.239968
0.662
0.662
0.282499
0.0089939
0.203717
0.662
0.412746
0.662
0.00946638
0.441978
0.12342
0.662
0.0581495
0.404778
0.662
0.391206
0.662
0.308849
0.662
0.094404
0.165754
0.482385
0.0884698
0.662
0.359341
0.539086
