0.52869
0.27841
0.662
0.662
0.662
0.263545
0.662
0.0311393
0.405684
0.493666
0.379215
0.132744
0.662
0.662
0.662
0.662
0.662
0.0513345
0.584437
0.118525
0.662
0.662
0.662
0.283291
0.443465
0.267461
0.662
0.179948
0.662
0.424457
0.380432
0.662
0.662
0.218815
0.0321051
0.152106
0.417454
0.220442
0.662
0.106622
0.662
0.662
0.662
0.662
0.662
0.456456
0.169319
0.383961
0.662
0.316345
0.11306
0.420296
0.110378
0.564687
0.0587966
0.662
0.0152636
0.574548
0.633694
0.184727
0.662
0.200348
0.120102
0.662
0.63121
0.662
0.291018
0.4956
0.209501
0.662
0.508781
0.615532
0.662
0.37786
0.662
0.191333
0.201034
0.323513
0.318423
0.619762
0.662
0.662
0.119105
0.375093
0.662
0.0272798
0.167619
0.662
0.566732
0.662
0.18928
0.077999
0.462764
0.662
0.662
0.662
0.662
0.198874
0.662
0.486919
0.211704
0.222609
0.662
0.144568
0.662
0.621076
0.197843
0.328861
0.662
0.0568915
0.296629
0.0803684
0.465862
0.200839
0.592708
0.361155
0.662
0.0507431
0.662
0.340786
0.662
0.121077
0.662
0.0177334
0.314598
0.0122905
0.66182
0.58088
0.128206
0.662
0.153906
0.629453
0.414245
0.000329304
0.662
0.548554
0.260138
0.662
0.190986
0.662
0.109743
0.579351
0.155194
0.662
0.45391
0.342841
0.662
0.662
0.662
0.118204
0.662
0.662
0.240868
0.221015
0.251734
0.326779
0.242319
0.662
0.491671
0.662
0.662
0.300473
0.0293042
0.249056
0.0423207
0.563234
0.353695
0.491975
0.285608
0.662
0.662
0.662
0.398434
0.071755
0.566638
0.343084
0.54797
0.662
0.210307
0.662
0.238715
0.466543
0.662
0.662
0.367472
0.148352
0.511428
0.662
0.144544
0.662
0.662
0.288508
0.356119
0.353788
0.120145
0.297642
0.553065
0.0766815
0.297221
0.662
0.662
0.217579
0.0369228
0.662
0.0922443
0.409191
0.488598
0.577879
0.662
0.662
0.282231
0.566383
0.662
0.0679934
0.191945
0.662
0.0770092
0.662
0.28214
0.138813
0.662
0.428116
0.142086
0.662
0.662
0.342194
0.363123
0.0734416
0.662
0.300671
0.343975
0.206343
0.662
0.638838
0.454322
0.167997
0.662
0.662
0.662
0.603132
0.233539
0.138747
0.537348
0.23331
0.165094
0.484943
0.260268
0.156033
0.662
0.662
0.43295
0.662
0.411528
0.662
0.271742
0.376339
0.192321
0.662
0.60397
0.620144
0.662
0.662
0.613365
0.254078
0.662
0.662
0.401038
0.352781
0.312729
0.662
0.480114
0.119448
0.023454
0.288426
0.662
0.178135
0.601146
0.303602
0.122442
0.411659
0.2101
0.24927
0.157865
0.336095
0.662
0.336894
0.575326
0.662
0.54667
0.662
0.662
0.190774
0.662
0.662
0.11
0.662
0.662
0.662
0.662
0.32853
0.662
0.535275
0.662
0.662
0.207804
0.662
0.450548
0.662
0.631318
0.517327
0.662
0.640284
0.393429
0.189191
0.387502
0.559245
0.0279994
0.310403
0.217044
0.476124
0.460964
0.465067
0.662
0.662
0.662
0.253156
0.642228
0.069422
0.144989
0.662
0.662
0.662
0.212621
0.1614
0.662
0.662
0.270174
0.203394
0.287174
0.00571732
0.327873
0.662
0.155441
0.662
0.0676465
0.0250903
0.438773
0.392286
0.662
0.152844
0.662
0.126742
0.404743
0.662
0.56232
0.104119
0.662
0.186527
0.0471956
0.517879
0.172712
0.662
0.662
0.324279
0.269959
0.662
0.196907
0.199081
0.662
0.348054
0.626364
0.158186
0.135734
0.662
0.662
0.417456
0.662
0.240741
0.0799998
0.424759
0.185707
0.662
0.00831563
0.662
0.0164273
0.662
0.556077
0.0294401
0.662
0.662
0.662
0.49311
0.653084
0.347615
0.0392936
0.662
0.662
0.662
0.182481
0.104815
0.662
0.278386
0.102518
0.41857
0.662
0.662
0.662
0.641965
0.182731
0.662
0.518931
0.662
0.662
0.662
0.662
0.662
0.130212
0.54913
0.662
0.662
0.0824135
0.29415
0.446941
0.662
0.20775
0.422577
0.662
0.147933
0.662
0.138428
0.457051
0.523084
0.114654
0.662
0.662
0.662
0.276051
0.662
0.662
0.347767
0.662
0.0753697
0.662
0.571702
0.662
0.19442
0.662
0.0177088
0.662
0.662
