0.662
0.264956
0.214689
0.057676
0.155003
0.232128
0.315169
0.662
0.296691
0.662
0.662
0.334329
0.22485
0.662
0.0342422
0.662
0.662
0.662
0.0068029
0.662
0.662
0.108052
0.662
0.181929
0.206726
0.397825
0.212985
0.662
0.662
0.662
0.0436258
0.662
0.662
0.662
0.209313
0.395065
0.196644
0.413537
0.458302
0.412737
0.272233
0.439338
0.662
0.394439
0.257936
0.662
0.511788
0.662
0.24396
0.662
0.266787
0.662
0.662
0.662
0.662
0.662
0.100915
0.473766
0.662
0.386491
0.662
0.186304
0.662
0.42333
0.662
0.0590136
0.662
0.662
0.662
0.112637
0.662
0.179209
0.294569
0.396255
0.255647
0.662
0.471948
0.393309
0.239674
0.662
0.454734
0.299803
0.273347
0.190262
0.216267
0.0134834
0.254117
0.662
0.323774
0.229278
0.120613
0.662
0.662
0.662
0.662
0.269534
0.662
0.662
0.128231
0.126475
0.0219076
0.662
0.4168
0.662
0.662
0.262797
0.162246
0.43319
0.169742
0.222591
0.0591615
0.662
0.296115
0.533616
0.502619
0.265429
0.662
0.633694
0.662
0.324482
0.0220421
0.411309
0.662
0.662
0.662
0.662
0.247482
0.274809
0.468186
0.662
0.662
0.476917
0.662
0.651965
0.662
0.0977798
0.662
0.662
0.662
0.662
0.19207
0.662
0.662
0.662
0.142804
0.662
0.292226
0.662
0.662
0.378717
0.235859
0.0663983
0.1308
0.409237
0.198427
0.662
0.178051
0.384449
0.11231
0.0571691
0.662
0.662
0.167957
0.456475
0.313322
0.320433
0.662
0.662
0.205029
0.662
0.0266292
0.245318
0.608105
0.662
0.662
0.662
0.662
0.662
0.247333
0.662
0.662
0.662
0.192687
0.662
0.662
0.354022
0.291125
0.273068
0.662
0.662
0.106349
0.0792963
0.087364
0.23934
0.662
0.123658
0.390407
0.0441163
0.662
0.662
0.0767305
0.433386
0.662
0.662
0.662
0.662
0.662
0.662
0.662
0.41205
0.316049
0.207943
0.0926848
0.529659
0.662
0.662
0.662
0.256965
0.256468
0.625877
0.0743492
0.417106
0.327927
0.236966
0.604533
0.208278
0.662
0.470582
0.622466
0.283934
0.662
0.155219
0.234146
0.277399
0.662
0.662
0.375571
0.286039
0.463533
0.45184
0.142827
0.662
0.662
0.254263
0.0922399
0.662
0.0264957
0.373738
0.662
0.492322
0.27942
0.206123
0.0584975
0.451213
0.107931
0.389778
0.0815748
0.0997822
0.536077
0.401123
0.662
0.662
0.662
0.662
0.26277
0.152253
0.662
0.662
0.336155
0.259186
0.228883
0.260501
0.662
0.662
0.662
0.0380876
0.0555135
0.556645
0.662
0.662
0.662
0.662
0.366637
0.662
0.0987064
0.567862
0.662
0.279925
0.662
0.662
0.396573
0.662
0.662
0.662
0.211811
0.425591
0.662
0.662
0.413505
0.31455
0.38055
0.145706
0.461339
0.174031
0.662
0.466253
0.662
0.662
0.453798
0.0937666
0.567079
0.662
0.662
0.197322
0.173985
0.371348
0.662
0.662
0.662
0.348758
0.662
0.227154
0.662
0.37143
0.209161
0.662
0.2874
0.0204959
0.617131
0.191607
0.334955
0.315094
0.248047
0.662
0.431355
0.662
0.662
0.395668
0.662
0.424999
0.271492
0.250604
0.131543
0.0601959
0.662
0.335293
0.177075
0.483321
0.662
0.110372
0.0121223
0.412106
0.0222549
0.662
0.218237
0.476579
0.662
0.208879
0.0561174
0.662
0.662
0.662
0.662
0.595512
0.662
0.218488
0.662
0.161426
0.329124
0.662
0.662
0.317962
0.662
0.103981
0.619173
0.662
0.352748
0.15039
0.115729
0.662
0.00902016
0.220906
0.662
0.259363
0.410315
0.19035
0.274925
0.39034
0.382142
0.462863
0.662
0.298917
0.0565714
0.662
0.662
0.332221
0.430723
0.129266
0.199712
0.662
0.446969
0.662
0.65388
0.662
0.212709
0.662
0.397439
0.231837
0.662
0.204568
0.662
0.240774
0.662
0.662
0.263111
0.662
0.33028
0.242552
0.155114
0.34009
0.307763
0.190513
0.165891
0.197951
0.428462
0.516445
0.466768
0.662
0.662
0.0842666
0.152422
0.662
0.185816
0.00151264
0.310269
0.662
0.628382
0.662
0.135793
0.129371
0.597652
0.662
0.662
0.342105
0.244705
0.662
0.660375
0.54074
0.662
0.147731
0.440085
0.662
0.662
0.662
0.113813
0.243861
0.404053
0.662
0.170368
0.315288
0.186903
0.413776
0.662
0.0909917
0.662
0.268544
0.51266
0.494049
0.0240243
0.662
0.426954
0.41191
0.328186
0.662
0.662
0.662
0.21993
0.0903328
0.326288
0.0907341
0.662
0.161909
0.155853
0.662
0.662
0.195821
0.662
0.461796
0.379134
0.207628
0.213946
0.185375
0.235182
0.662
0.662
0.438101
0.360778
0.662
0.126525
0.2822
0.193097
0.0406592
0.27322
0.662
0.662
0.123604
0.128175
0.198451
0.662
0.304102
0.428649
0.205234
0.162253
0.662
0.662
0.323296
0.662
0.11878
0.662
0.446534
0.662
0.662
0.0276314
0.312073
0.00669263
0.662
0.662
0.662
0.290578
0.240163
0.404356
0.662
0.662
0.236246
0.662
0.662
0.662
0.0858782
0.662
0.216719
0.662
0.00279694
0.633612
0.61282
0.404728
0.139083
0.288441
0.662
0.341308
0.662
0.662
0.662
0.07744
0.662
0.662
0.662
0.367129
0.380119
0.358463
0.425969
0.119365
0.00429057
0.662
0.662
0.662
0.330577
0.662
0.00522158
0.662
0.662
0.449978
0.0803319
0.662
0.00311215
0.662
0.662
0.562448
0.261161
0.662
0.218864
0.468892
0.203546
0.118116
0.212739
0.662
0.308258
0.662
0.662
0.662
0.103721
0.662
0.2179
0.200162
0.242859
0.662
0.575566
0.21724
0.662
0.662
0.207695
0.457579
0.174289
0.662
0.662
0.418293
0.228532
0.425207
0.662
0.662
0.662
0.0655139
0.22118
0.661716
0.342547
0.662
0.662
0.662
0.178926
0.113124
0.662
0.176395
0.662
0.206521
0.662
0.662
0.101348
0.154733
0.0718417
0.662
0.662
0.533776
0.662
0.0641421
0.616089
0.119212
0.662
0.621853
0.421023
0.662
0.662
0.159021
0.662
0.0150157
0.662
0.106082
0.181325
0.609323
0.0166075
0.662
0.662
0.147654
0.662
0.662
0.662
0.0622481
0.662
0.662
0.264839
0.0657292
0.29108
0.330243
0.41659
0.584668
0.178689
0.305203
0.431587
0.197793
0.382008
0.662
0.222903
0.662
0.388559
0.662
0.662
0.662
0.29167
0.480786
0.235387
0.505677
0.168763
0.662
0.662
0.630655
0.662
0.662
0.662
0.0908953
0.0213592
0.633694
0.404415
0.24241
0.289382
0.0326402
0.419924
0.115464
0.383192
0.438327
0.22821
0.153508
0.662
0.299016
0.662
0.253313
0.662
0.662
0.167078
0.270696
0.362369
0.20044
0.350789
0.662
0.0800349
0.203748
0.242222
0.357306
0.662
0.171352
0.138538
0.211385
0.309129
0.2308
0.662
0.474819
0.662
0.0717896
0.264316
0.662
0.44872
0.662
0.438438
0.662
0.249961
0.198807
0.662
0.370849
0.392666
0.662
0.155496
0.648124
0.662
0.662
0.416559
0.213916
0.662
0.662
0.662
0.662
0.662
0.662
0.189898
0.662
0.236231
0.231366
0.662
0.118768
0.662
0.662
0.662
0.269005
0.348956
0.0608629
0.662
0.376462
0.662
0.302489
0.223822
0.363403
0.593185
0.0523567
0.413487
0.662
0.22922
0.246347
0.662
0.0768368
0.662
0.662
0.394483
0.19062
0.199778
0.342187
0.441807
0.662
0.662
0.662
0.662
0.662
0.167851
0.341922
0.368389
0.237501
0.646316
0.662
0.178345
0.662
0.00799515
0.0344834
0.390542
0.662
0.662
0.662
0.662
0.426771
0.472474
0.22126
0.662
0.468167
0.380622
0.0839994
0.13621
0.662
0.341592
0.662
0.457776
0.662
0.662
0.402346
0.473861
0.0116625
0.298646
0.500631
0.662
0.263657
0.469745
0.662
0.0622981
0.473917
0.233087
0.244615
0.40137
0.662
0.215337
0.106859
0.662
0.662
0.662
0.367295
0.405847
0.254932
0.662
0.238078
0.315139
0.53593
0.114412
0.662
0.4291
0.132816
0.662
0.662
0.662
0.662
0.0857216
0.662
0.165902
0.198482
0.662
0.248733
0.523677
0.662
0.578349
0.259311
0.315849
0.662
0.662
0.662
0.583125
0.416631
0.43825
0.496356
0.270205
0.343519
0.662
0.426921
0.645023
0.399969
0.662
0.662
0.197661
0.128587
0.445442
0.597211
0.662
0.137293
0.662
0.629037
0.131222
0.662
0.107666
0.370347
0.0724432
0.0674504
0.662
0.422609
0.330855
0.59629
0.662
0.662
0.662
0.399351
0.659579
0.141094
0.0415909
0.662
0.26966
0.662
0.662
0.662
0.232485
0.0768834
0.662
0.382609
0.0378462
0.235584
0.0510991
0.349368
0.0702571
0.222858
0.662
0.662
0.27665
0.662
0.218446
0.124252
0.429431
0.246242
0.224858
0.134056
0.662
0.662
0.662
0.662
0.662
0.662
0.662
0.190602
0.0997609
0.0782616
0.472074
0.567423
0.662
0.662
0.662
0.33043
0.275754
0.662
0.543994
0.662
0.662
0.662
0.581974
0.662
0.260593
0.499783
0.373655
0.309955
0.662
0.662
0.326475
0.451545
0.0820089
0.213101
0.00237327
0.662
0.380342
0.475124
0.126794
0.662
0.0901628
0.530745
0.18542
0.662
0.266735
0.0535596
0.120794
0.232669
0.34548
0.662
0.0873852
0.576962
0.131028
0.0905259
0.662
0.576532
0.0444562
0.662
0.392356
0.118109
0.662
0.662
0.662
0.282642
0.299501
0.328764
0.662
0.30603
0.662
0.662
0.219211
0.0276603
0.0243754
0.662
0.24792
0.662
0.215023
0.662
0.662
0.235471
0.662
0.29934
0.114948
0.662
0.350632
0.662
0.321966
0.202572
0.662
0.413048
0.662
0.662
0.26778
0.3486
0.662
0.45553
0.259917
0.662
0.662
0.124912
0.662
0.0494211
0.341764
0.421613
0.0304315
0.662
0.662
0.662
0.437064
0.651119
0.662
0.345191
0.379119
0.294287
0.299349
0.141161
0.198328
0.662
0.267358
0.662
0.662
0.662
0.55539
0.564532
0.662
0.662
0.115621
0.662
0.233741
0.662
0.410414
0.212769
0.191807
0.175425
0.662
0.165773
0.240609
0.495339
0.662
0.374928
0.469719
0.411732
0.662
0.0327891
0.125594
0.391706
0.201823
0.235625
0.0559079
0.53071
0.154976
0.0436455
0.308987
0.056881
0.261562
0.662
0.609639
0.662
0.290117
0.354778
0.662
0.662
0.662
0.662
0.662
0.237102
0.269868
0.274349
0.272297
0.662
0.160618
0.335536
0.194975
0.0640395
0.0668386
0.20626
0.662
0.3253
0.545501
0.448749
0.484751
0.524034
0.662
0.662
0.662
0.662
0.662
0.0457143
0.662
0.662
0.19997
0.662
0.264526
0.662
0.662
0.643616
0.229722
0.662
0.662
0.662
0.662
0.662
0.662
0.461509
0.334595
0.662
0.662
0.628097
0.662
0.662
0.405592
0.117709
0.662
0.240448
0.662
0.662
0.366893
0.109014
0.245463
0.662
0.645385
0.662
0.254244
0.662
0.662
0.381888
0.117828
0.441204
0.151143
0.662
0.205202
0.662
0.662
0.662
0.192581
0.371749
0.00473501
0.184724
0.148125
0.434211
0.662
0.662
0.103501
0.210488
0.662
0.662
0.267125
0.343728
0.554692
0.662
0.168306
0.194522
0.159027
0.102023
0.662
0.102659
0.163105
0.449913
0.662
0.290603
0.662
0.21871
0.662
0.335658
0.448469
0.662
0.208547
0.662
0.662
0.662
0.662
0.662
0.662
0.662
0.662
0.662
0.160797
0.0974614
0.662
0.102276
0.662
0.0216964
0.662
0.583148
0.662
0.662
0.367615
0.330572
0.3057
0.097377
0.662
0.475921
0.662
0.662
0.267689
0.283545
0.662
0.566329
0.188273
0.662
0.112796
0.287793
0.662
0.420982
0.361935
0.262329
0.369463
0.291585
0.591079
0.662
0.662
0.662
0.18807
0.662
0.228181
0.093047
0.483969
0.574621
0.662
0.662
0.662
0.146204
0.146595
0.662
0.662
0.662
0.364197
0.478355
0.283115
0.662
0.662
0.0458802
0.662
0.264824
0.662
0.243081
0.662
0.454676
0.662
0.198953
0.662
0.120094
0.479247
0.662
0.662
0.172372
0.0869714
0.538252
0.0792767
0.288482
0.0607394
0.172387
0.226548
0.399903
0.532212
0.310116
0.069074
0.195436
0.350337
0.375553
0.662
0.662
0.303785
0.662
0.474591
0.662
0.384891
0.31316
0.00160207
0.662
0.662
0.433047
0.662
0.662
0.271875
0.222551
0.662
0.410702
0.662
0.662
0.149463
0.662
0.662
0.662
0.479903
0.163904
0.38802
0.662
0.662
0.291835
0.662
0.662
0.162027
0.108215
0.521314
0.224236
0.00867394
0.662
0.662
0.109995
0.243403
0.662
0.662
0.632132
0.662
0.470555
0.662
0.662
0.662
0.662
0.464349
0.662
0.662
0.401007
0.0764642
0.186354
0.662
0.0805227
0.458772
0.189146
0.196683
0.662
0.662
0.39353
0.662
0.120423
0.442925
0.289761
0.662
0.00582375
0.524827
0.662
0.19726
0.282187
0.662
0.591257
0.248732
0.207202
0.0512447
0.662
0.662
0.662
0.662
0.244797
0.662
0.225025
0.443826
0.662
0.662
0.662
0.662
0.662
0.275032
0.482266
0.347548
0.430414
0.220376
0.278115
0.354944
0.186569
0.662
0.662
0.662
0.662
0.662
0.206866
0.302079
0.413094
0.229823
0.390242
0.62806
0.662
0.662
0.102032
0.662
0.662
0.662
0.150457
0.662
0.662
0.662
0.0629563
0.577143
0.00882188
0.662
0.662
0.662
0.310369
0.519438
0.662
0.189786
0.662
0.662
0.411729
0.662
0.303233
0.662
0.099913
0.279543
0.521009
0.662
0.479347
0.0973535
0.662
0.662
0.312052
0.238141
0.561195
0.662
0.203838
0.0152691
0.405011
0.101423
0.662
0.662
0.662
0.474363
0.662
0.0126062
0.205582
0.662
0.662
0.662
0.662
0.662
0.184797
0.246335
0.662
0.662
0.215678
0.662
0.662
0.240142
0.461033
0.45608
0.662
0.195683
0.190317
0.0799203
0.662
0.57168
0.204992
0.422236
0.146202
0.522727
0.323418
0.356453
0.662
0.662
0.0867407
0.443125
0.2552
0.471675
0.216539
0.662
0.0218753
0.469158
0.0828575
0.172223
0.662
0.104555
0.662
0.348919
0.662
0.178873
0.13964
0.0805946
0.358241
0.339382
0.662
0.522577
0.245086
0.121546
0.243588
0.429722
0.662
0.662
0.662
0.652827
0.662
0.662
0.149179
0.374347
0.0620921
0.235821
0.00373903
0.662
0.662
0.394583
0.02392
0.0472155
0.358764
0.182328
0.497758
0.662
0.459952
0.369967
0.0931764
0.181585
0.587824
0.220094
0.333482
0.662
0.419327
0.292875
0.410264
0.346645
0.15236
0.662
0.662
0.447002
0.210859
0.662
0.431679
0.195412
0.662
0.160934
0.455198
0.220284
0.237362
0.127241
0.662
0.362003
0.662
0.662
0.662
0.662
0.10873
0.0518875
0.463058
0.607275
0.662
0.393999
0.662
0.189598
0.662
0.662
0.662
0.282359
0.188015
0.662
0.28368
0.662
0.421256
0.662
0.294023
0.12709
0.0865747
0.292138
0.0668289
0.662
0.662
0.114933
0.129152
0.662
0.117806
0.662
0.100533
0.662
0.270053
0.662
0.0308198
0.662
0.662
0.210925
0.662
0.376778
0.662
0.359436
0.244906
0.662
0.195245
0.662
0.156039
0.662
0.173023
0.189915
0.0793056
0.662
0.170377
0.383037
0.416089
0.317809
0.612345
0.150472
0.351486
0.662
0.156645
0.662
0.662
0.662
0.662
0.662
0.19407
0.0856945
0.372578
0.662
0.662
0.662
0.416687
0.347508
0.389228
0.662
0.393735
0.038908
0.259244
0.0277539
0.523347
0.662
0.325578
0.18629
0.576177
0.662
0.189049
0.326766
0.163461
0.662
0.158947
0.367438
0.104696
0.0758895
0.0358265
0.290894
0.626775
0.274178
0.407143
0.188067
0.662
0.452917
0.662
0.0830709
0.236227
0.454872
0.662
0.662
0.173397
0.424646
0.152821
0.662
0.29073
0.662
0.662
0.253143
0.662
0.232156
0.662
0.662
0.662
0.203933
0.469955
0.662
0.271305
0.662
0.662
0.662
0.662
0.135182
0.252867
0.263096
0.225817
0.321578
0.662
0.439453
0.161667
0.239651
0.662
0.0520695
0.156124
0.463269
0.662
0.662
0.0791778
0.662
0.662
0.365261
0.246169
0.454672
0.662
0.662
0.320703
0.662
0.0680004
0.662
0.269664
0.662
0.662
0.0912909
0.662
0.160957
0.393735
0.452321
0.662
0.185559
0.462946
0.529582
0.662
0.662
0.662
0.350886
0.0472088
0.322085
0.302887
0.662
0.269597
0.179919
0.116767
0.218893
0.418843
0.662
0.662
0.429186
0.328814
0.662
0.0399078
0.317095
0.168507
0.315013
0.172711
0.552599
0.662
0.455378
0.662
0.395113
0.100558
0.195411
0.0313519
0.208431
0.310241
0.398948
0.662
0.662
0.343494
0.0776208
0.416446
0.475575
0.0456894
0.662
0.414016
0.662
0.268786
0.387805
0.662
0.0491387
0.662
0.141896
0.662
0.579234
0.113221
0.0682041
0.662
0.0183628
0.662
0.189311
0.205915
0.204541
0.662
0.662
0.200639
0.361349
0.291632
0.407938
0.443568
0.291722
0.658327
0.662
0.0234997
0.662
0.662
0.095855
0.546462
0.0664217
0.662
0.227498
0.243944
0.0756125
0.662
0.248003
0.662
0.662
0.190688
0.138364
0.248925
0.28447
0.20655
0.621326
0.440898
0.0160959
0.142383
0.622964
0.662
0.662
0.210011
0.300643
0.662
0.16561
0.662
0.201674
0.455547
0.662
0.662
0.00809201
0.662
0.662
0.662
0.254859
0.0395712
0.662
0.281113
0.553932
0.441178
0.350949
0.407554
0.207745
0.662
0.175441
0.662
0.34933
0.662
0.662
0.53843
0.394379
0.662
0.059078
0.165098
0.662
0.662
0.662
0.662
0.662
0.22968
0.320068
0.662
0.662
0.662
0.361349
0.662
0.662
0.662
0.662
0.0512058
0.294055
0.662
0.305267
0.34797
0.270496
0.366235
0.662
0.662
0.320631
0.408053
0.510989
0.662
0.662
0.662
0.390745
0.0464936
0.662
0.662
0.454463
0.207855
0.452709
0.662
0.662
0.662
0.662
0.352974
0.662
0.662
0.662
0.662
0.662
0.320142
0.490122
0.233461
0.152009
0.662
0.389369
0.662
0.137412
0.202634
0.423091
0.349121
0.611398
0.408867
0.448534
0.447196
0.441589
0.0842627
0.303385
0.441103
0.0111956
0.429853
0.233513
0.135323
0.418962
0.409826
0.136695
0.662
0.662
0.0361124
0.022571
0.228618
0.22869
0.0305694
0.337955
0.662
0.0513296
0.266375
0.662
0.662
0.281055
0.205152
0.0752363
0.142137
0.0597582
0.0300293
0.0731485
0.662
0.662
0.662
0.662
0.025938
0.662
0.662
0.174878
0.251911
0.662
0.662
0.662
0.241578
0.662
0.529204
0.441584
0.662
0.375446
0.188648
0.662
0.662
0.407931
0.0688908
0.360168
0.662
0.662
0.338046
0.662
0.235957
0.0428805
0.662
0.229636
0.662
0.662
0.424151
0.197678
0.401136
0.662
0.662
0.469077
0.662
0.662
0.357488
0.319135
0.255341
0.662
0.182371
0.311583
0.662
0.662
0.662
0.0921613
0.0756367
0.344374
0.662
0.662
0.662
0.662
0.286039
0.268749
0.0530008
0.662
0.417732
0.662
0.31503
0.109703
0.662
0.452753
0.431607
0.662
0.662
0.662
0.0511519
0.403264
0.662
0.662
0.662
0.230339
0.185479
0.183071
0.15279
0.662
0.316904
0.1061
0.318928
0.242461
0.662
0.662
0.225443
0.662
0.467876
0.194463
0.662
0.59158
0.662
0.662
0.195778
0.662
0.398538
0.662
0.18748
0.144167
0.662
0.662
0.193785
0.39799
0.154706
0.47606
0.0634998
0.662
0.317159
0.395411
0.662
0.662
0.466733
0.248228
0.662
0.263083
0.5541
0.12909
0.237312
0.662
0.662
0.204101
0.245228
0.662
0.0473622
0.440123
0.662
0.662
0.662
0.662
0.16947
0.197134
0.0639812
0.662
0.63339
0.458038
0.437209
0.194528
0.0264991
0.298637
0.662
0.662
0.662
0.177898
0.568111
0.303583
0.533365
0.662
0.662
0.620452
0.499315
0.662
0.662
0.28334
0.422102
0.358324
0.662
0.447042
0.662
0.416799
0.188937
0.662
0.662
0.662
0.609664
0.256525
0.278781
0.662
0.134387
0.217436
0.662
0.662
0.560593
0.662
0.662
0.270909
0.662
0.662
0.124925
0.253291
0.662
0.176215
0.662
0.588791
0.321622
0.462448
0.292198
0.454705
0.157771
0.313034
0.388071
0.662
0.354209
0.513708
0.0482802
0.0323552
0.320343
0.168518
0.47691
0.662
0.662
0.271147
0.130031
0.662
0.662
0.417766
0.662
0.128884
0.662
0.530444
0.662
0.662
0.662
0.158486
0.188654
0.662
0.0344621
0.552287
0.662
0.265231
0.662
0.662
0.42133
0.662
0.245469
0.122188
0.662
0.465303
0.662
0.000335116
0.224566
0.29257
0.188118
0.308275
0.262274
0.0880847
0.590337
0.662
0.262395
0.411364
0.289647
0.373855
0.662
0.662
0.236171
0.256007
0.237886
0.149725
0.308499
0.662
0.444793
0.662
0.662
0.662
0.282615
0.662
0.662
0.239592
0.662
0.662
0.168607
0.483109
0.274446
0.662
0.186602
0.148503
0.161482
0.188323
0.662
0.662
0.268124
0.205459
0.289192
0.662
0.662
0.662
0.345502
0.662
0.435315
0.160792
0.662
0.125459
0.662
0.373106
0.360306
0.197171
0.662
0.587603
0.662
0.0567269
0.458641
0.662
0.0166447
0.47964
0.662
0.662
0.236829
0.322735
0.296998
0.00442891
0.662
0.494999
0.29305
0.241599
0.0293866
0.662
0.171704
0.662
0.326522
0.0891875
0.662
0.395744
0.662
0.662
0.662
0.131547
0.662
0.662
0.431182
0.159826
0.276684
0.662
0.209802
0.0809111
0.351196
0.662
0.286057
0.206025
0.662
0.297548
0.386965
0.662
0.662
0.213546
0.269549
0.662
0.662
0.0842427
0.218035
0.197195
0.189558
0.662
0.371671
0.27033
0.415674
0.237084
0.359232
0.397863
0.662
0.201492
0.434724
0.662
0.662
0.662
0.186784
0.591912
0.662
0.245605
0.424407
0.282552
0.662
0.662
0.12819
0.662
0.662
0.366132
0.662
0.585369
0.000750125
0.0211524
0.402905
0.420242
0.0583874
0.662
0.232114
0.662
0.470345
0.184487
0.623085
0.162622
0.662
0.317131
0.458363
0.493857
0.24682
0.241728
0.423883
0.472443
0.662
0.196715
0.0606588
0.662
0.2261
0.662
0.662
0.114666
0.139648
0.662
0.346995
0.309701
0.662
0.299336
0.0527521
0.662
0.134335
0.145875
0.662
0.662
0.541987
0.662
0.662
0.662
0.662
0.225684
0.132966
0.662
0.166012
0.187084
0.662
0.328408
0.45847
0.160873
0.426156
0.17931
0.662
0.662
0.182251
0.662
0.345438
0.587536
0.346418
0.0871574
0.22696
0.662
0.662
0.662
0.157868
0.662
0.285281
0.662
0.0344453
0.325559
0.662
0.438893
0.395582
0.587365
0.183304
0.662
0.451582
0.331884
0.662
0.0563064
0.153573
0.662
0.370005
0.173958
0.250808
0.662
0.283241
0.662
0.564558
0.662
0.662
0.411666
0.377728
0.284968
0.575424
0.16483
0.662
0.258
0.390782
0.63447
0.270321
0.662
0.662
0.662
0.662
0.440744
0.662
0.0839417
0.400127
0.662
0.578778
0.662
0.0983683
0.213543
0.174079
0.328781
0.176191
0.662
0.154123
0.465669
0.537739
0.141199
0.662
0.662
0.0927788
0.241659
0.155828
0.662
0.662
0.322413
0.208941
0.662
0.365974
0.662
0.526091
0.245473
0.525859
0.320468
0.273685
0.662
0.662
0.316788
0.0697666
0.196479
0.080928
0.115674
0.398157
0.662
0.581434
0.0609164
0.246529
0.343438
0.662
0.494505
0.483083
0.204031
0.662
0.662
0.437431
0.0755769
0.205203
0.662
0.0908833
0.662
0.273748
0.0723166
0.662
0.662
0.662
0.209994
0.31926
0.0774049
0.460401
0.662
0.662
0.458753
0.662
0.662
0.662
0.20886
0.109438
0.386792
0.662
0.662
0.271508
0.492636
0.051408
0.23344
0.662
0.463153
0.587247
0.662
0.329396
0.33661
0.0963997
0.30711
0.297179
0.371322
0.662
0.27594
0.297007
0.662
0.432922
0.113705
0.195034
0.662
0.590092
0.662
0.155493
0.0219033
0.110974
0.195343
0.293025
0.662
0.438803
0.386802
0.211975
0.662
0.662
0.662
0.662
0.662
0.0664983
0.303065
0.662
0.0126485
0.473394
0.662
0.15468
0.456846
0.662
0.662
0.662
0.0688555
0.662
0.662
0.662
0.55082
0.662
0.662
0.0547461
0.662
0.662
0.336779
0.662
0.204386
0.427126
0.662
0.230496
0.662
0.361758
0.102429
0.662
0.392355
0.662
0.662
0.662
0.307547
0.662
0.662
0.281838
0.0466032
0.662
0.419587
0.488817
0.643656
0.40124
0.662
0.662
0.662
0.662
0.439681
0.247232
0.121992
0.0823108
0.439293
0.252127
0.196606
0.662
0.662
0.462676
0.0413786
0.662
0.267422
0.430846
0.36027
0.399055
0.662
0.662
0.662
0.662
0.393435
0.662
0.475077
0.367062
0.662
0.118937
0.581404
0.662
0.662
0.662
0.407915
0.428754
0.662
0.662
0.662
0.267646
0.20547
0.0597079
0.662
0.333491
0.223601
0.406882
0.0948699
0.429498
0.662
0.175825
0.43601
0.662
0.165813
0.662
0.662
0.662
0.662
0.662
0.662
0.296205
0.333029
0.149882
0.662
0.012726
0.662
0.662
0.426005
0.662
0.288925
0.133156
0.662
0.662
0.412035
0.438461
0.184588
0.662
0.183604
0.662
0.325657
0.164343
0.301257
0.662
0.662
0.662
0.662
0.126005
0.228341
0.662
0.0158906
0.555124
0.13201
0.138863
0.662
0.662
0.301992
0.428865
0.314865
0.662
0.543837
0.662
0.374015
0.662
0.662
0.0548543
0.126813
0.0486612
0.662
0.26234
0.475594
0.662
0.244919
0.51765
0.126746
0.662
0.662
0.662
0.582693
0.199032
0.42168
0.662
0.409848
0.662
0.380083
0.662
0.662
0.256706
0.662
0.286672
0.138269
0.662
0.133006
0.519343
0.662
0.267553
0.662
0.511891
0.163131
0.662
0.291973
0.403745
0.112715
0.242632
0.13313
0.662
0.193475
0.225968
0.662
0.411871
0.662
0.662
0.480214
0.30999
0.416336
0.501429
0.108675
0.367939
0.225103
0.179979
0.368443
0.662
0.577302
0.443133
0.662
0.425838
0.662
0.662
0.0489206
0.180024
0.662
0.101677
0.00218672
0.662
0.36156
0.662
0.662
0.662
0.662
0.662
0.662
0.662
0.107866
0.268637
0.611179
0.662
0.453159
0.383492
0.662
0.662
0.662
0.100031
0.191107
0.0163094
0.0694029
0.262199
0.662
0.301098
0.48327
0.246638
0.0066459
0.201582
0.0457873
0.0532786
0.255543
0.662
0.0494462
0.417879
0.0141187
0.084599
0.0440275
0.662
0.400406
0.662
0.662
0.105466
0.662
0.662
0.189138
0.11913
0.662
0.638132
0.114351
0.662
0.188986
0.0598807
0.123643
0.662
0.662
0.662
0.662
0.206716
0.662
0.0784049
0.662
0.662
0.662
0.0904972
0.662
0.662
0.662
0.460718
0.662
0.173696
0.242319
0.662
0.185739
0.429109
0.0782875
0.206728
0.120413
0.662
0.422785
0.662
0.151408
0.422327
0.568513
0.00516287
0.2166
0.327458
0.402349
0.161125
0.47934
0.337303
0.662
0.110554
0.401183
0.0893904
0.662
0.373417
0.662
0.662
0.110009
0.394354
0.313513
0.662
0.662
0.148964
0.208863
0.662
0.613845
0.123293
0.322472
0.662
0.662
0.466768
0.662
0.662
0.662
0.662
0.342168
0.662
0.662
0.322668
0.662
0.2616
0.662
0.411447
0.662
0.662
0.662
0.662
0.662
0.156893
0.662
0.23276
0.189523
0.662
0.386264
0.533805
0.275387
0.662
0.304376
0.662
0.0222859
0.326152
0.400049
0.303701
0.647548
0.164726
0.461328
0.662
0.0101496
0.0545621
0.561335
0.636286
0.324487
0.662
0.236998
0.662
0.177896
0.418273
0.662
0.662
0.601819
0.347581
0.662
0.406331
0.277049
0.377336
0.0579768
0.34112
0.662
0.402227
0.453697
0.383791
0.662
0.252112
0.193905
0.221687
0.404378
0.276411
0.627623
0.294836
0.183076
0.138985
0.346559
0.662
0.662
0.662
0.377485
0.662
0.0822037
0.662
0.291987
0.662
0.0702245
0.532966
0.662
0.662
0.330916
0.662
0.24204
0.237657
0.662
0.308121
0.501236
0.599408
0.662
0.662
0.190523
0.662
0.200954
0.12351
0.386724
0.662
0.662
0.185958
0.349184
0.193748
0.454865
0.662
0.662
0.425676
0.662
0.100895
0.262064
0.633694
0.289961
0.196964
0.662
0.662
0.147671
0.582824
0.238575
0.0496488
0.662
0.142593
0.662
0.285424
0.662
0.459869
0.41989
0.142434
0.405905
0.188316
0.182879
0.415079
0.244617
0.341445
0.662
0.458112
0.0166517
0.320639
0.454579
0.662
0.196733
0.662
0.662
0.453784
0.662
0.662
0.662
0.265485
0.662
0.662
0.399707
0.254834
0.462812
0.296845
0.337647
0.459542
0.662
0.222858
0.281297
0.484472
0.662
0.322774
0.427819
0.662
0.662
0.0328954
0.210085
0.226928
0.377781
0.662
0.197013
0.662
0.662
0.390083
0.527288
0.448804
0.0108295
0.328777
0.302521
0.662
0.307401
0.662
0.662
0.091264
0.658771
0.662
0.662
0.187875
0.662
0.662
0.190943
0.662
0.662
0.00835299
0.149294
0.261062
0.662
0.610845
0.662
0.331242
0.662
0.609264
0.267129
0.0453677
0.662
0.270383
0.444143
0.662
0.662
0.425859
0.12858
0.662
0.273389
0.662
0.418807
0.194757
0.662
0.077898
0.512439
0.160812
0.159235
0.662
0.662
0.662
0.157541
0.290692
0.662
0.208387
0.662
0.280058
0.662
0.00166926
0.662
0.422059
0.389084
0.662
0.131807
0.537062
0.662
0.662
0.225247
0.662
0.364721
0.371913
0.662
0.662
0.134689
0.0901611
0.434137
0.235481
0.662
0.662
0.662
0.0551247
0.476186
0.647529
0.220434
0.00439337
0.255284
0.460551
0.273599
0.662
0.2239
0.662
0.43182
0.325196
0.662
0.255002
0.444094
0.223737
0.023202
0.392372
0.214908
0.479719
0.438159
0.438739
0.0186178
0.662
0.196797
0.347332
0.569363
0.662
0.662
0.584596
0.156819
0.18046
0.662
0.336196
0.027519
0.0352054
0.662
0.274098
0.226252
0.662
0.662
0.115121
0.662
0.662
0.662
0.0945596
0.0704559
0.478813
0.0349441
0.662
0.297662
0.662
0.103182
0.160772
0.0106682
0.41848
0.442847
0.00349213
0.0584199
0.662
0.334885
0.189235
0.308567
0.662
0.58783
0.662
0.424633
0.662
0.662
0.482687
0.428616
0.0240937
0.662
0.26089
0.662
0.557659
0.0535011
0.637588
0.243784
0.346789
0.208622
0.491653
0.122738
0.313799
0.103342
0.571676
0.329073
0.0987632
0.662
0.662
0.47686
0.222155
0.662
0.662
0.0271427
0.662
0.662
0.574614
0.255358
0.662
0.390748
0.662
0.023274
0.662
0.662
0.46809
0.662
0.0211091
0.207057
0.195434
0.308154
0.577269
0.148241
0.352018
0.662
0.108909
0.620714
0.662
0.152027
0.403184
0.662
0.662
0.297647
0.158331
0.662
0.389867
0.217301
0.662
0.662
0.0729373
0.306076
0.220258
0.662
0.662
0.662
0.0906168
0.662
0.265772
0.0716616
0.143254
0.662
0.662
0.662
0.173424
0.662
0.168372
0.463222
0.0708874
0.396816
0.319441
0.185636
0.401265
0.662
0.662
0.662
0.662
0.13848
0.156688
0.0771502
0.435008
0.662
0.239813
0.239703
0.00910538
0.173931
0.0827948
0.662
0.327198
0.662
0.475794
0.226146
0.662
0.662
0.662
0.662
0.14102
0.405992
0.279331
0.262962
0.276017
0.662
0.323721
0.384552
0.662
0.102747
0.293506
0.662
0.376125
0.662
0.24297
0.659848
0.43423
0.00304556
0.662
0.662
0.662
0.326403
0.148844
0.662
0.212724
0.302168
0.288924
0.662
0.662
0.662
0.662
0.460881
0.0667714
0.395171
0.366802
0.630364
0.520404
0.662
0.290331
0.662
0.662
0.366553
0.187143
0.599345
0.597582
0.41486
0.434581
0.662
0.662
0.662
0.260485
0.242851
0.662
0.0171054
0.0988654
0.20826
0.662
0.523899
0.662
0.021676
0.662
0.373036
0.431149
0.14608
0.269925
0.662
0.347956
0.433291
0.662
0.0571214
0.662
0.662
0.662
0.347902
0.204936
0.236687
0.662
0.450087
0.662
0.294343
0.257438
0.440303
0.370057
0.662
0.662
0.662
0.470178
0.246451
0.135969
0.662
0.546258
0.662
0.10173
0.662
0.662
0.662
0.662
0.146766
0.446154
0.156866
0.364908
0.662
0.361694
0.662
0.00558804
0.368777
0.228486
0.401484
0.318068
0.19535
0.247874
0.490858
0.662
0.662
0.662
0.662
0.521754
0.208407
0.0485522
0.662
0.662
0.108335
0.275449
0.662
0.41621
0.45456
0.480442
0.662
0.0836436
0.662
0.192181
0.434658
0.662
0.662
0.526151
0.172094
0.447292
0.215935
0.152128
0.247922
0.475904
0.231608
0.0440632
0.662
0.0574039
0.284327
0.618391
0.137743
0.53097
0.474309
0.662
0.301167
0.55653
0.662
0.254221
0.404828
0.324523
0.656657
0.662
0.582797
0.198797
0.357543
0.662
0.662
0.00990675
0.662
0.541442
0.662
0.215425
0.662
0.662
0.411692
0.219549
0.662
0.454687
0.662
0.151539
0.0656193
0.0658498
0.662
0.180731
0.662
0.639231
0.198422
0.377944
0.662
0.104547
0.185539
0.224735
0.377591
0.662
0.294515
0.420112
0.35815
0.393441
0.273325
0.662
0.0352254
0.662
0.0924417
0.662
0.483046
0.662
0.662
0.243764
0.662
0.374729
0.662
0.415096
0.662
0.0915974
0.662
0.139779
0.662
0.460881
0.476387
0.662
0.662
0.662
0.662
0.269698
0.336275
0.233373
0.228752
0.398682
0.0883117
0.387446
0.30251
0.27616
0.662
0.662
0.364278
0.00242889
0.662
0.662
0.662
0.0893942
0.136141
0.662
0.327242
0.662
0.662
0.189982
0.130955
0.662
0.662
0.188251
0.12235
0.255678
0.662
0.129701
0.37053
0.433229
0.17262
0.662
0.662
0.662
0.662
0.38089
0.132285
0.146608
0.662
0.329792
0.0702677
0.662
0.662
0.662
0.588364
0.662
0.0204423
0.591647
0.165945
0.376278
0.122997
0.114488
0.191961
0.662
0.584119
0.662
0.662
0.160339
0.154052
0.662
0.304046
0.290317
0.0383155
0.662
0.662
0.00905397
0.662
0.0536043
0.662
0.662
0.290391
0.399856
0.36106
0.662
0.349181
0.662
0.259461
0.662
0.0856968
0.466663
0.662
0.662
0.21427
0.0426289
0.428427
0.354215
0.662
0.466242
0.38565
0.292103
0.185114
0.662
0.226559
0.318972
0.132466
0.662
0.234052
0.352465
0.662
0.662
0.222457
0.212191
0.473495
0.218983
0.662
0.629706
0.311463
0.412784
0.112791
0.52692
0.662
0.662
0.662
0.662
0.146414
0.662
0.183673
0.371201
0.174788
0.113922
0.109225
0.662
0.487037
0.0538845
0.662
0.271885
0.388635
0.00485626
0.201725
0.138743
0.151397
0.662
0.416377
0.330411
0.208212
0.416529
0.181819
0.457751
0.662
0.662
0.161129
0.662
0.662
0.199372
0.347061
0.662
0.258381
0.662
0.348627
0.201458
0.099559
0.353509
0.393396
0.355463
0.533759
0.0543151
0.0289515
0.662
0.384357
0.316134
0.114074
0.296835
0.14659
0.416592
0.662
0.662
0.135223
0.662
0.249869
0.237154
0.0221737
0.325767
0.101772
0.662
0.282117
0.446763
0.662
0.447336
0.662
0.662
0.662
0.530701
0.662
0.406805
0.343554
0.201611
0.662
0.187531
0.662
0.662
0.495401
0.339993
0.662
0.662
0.142172
0.247636
0.359179
0.61415
0.245665
0.536221
0.662
0.662
0.110616
0.187033
0.662
0.238473
0.371653
0.662
0.0725511
0.662
0.151243
0.41965
0.662
0.434719
0.662
0.235157
0.527497
0.198211
0.662
0.662
0.662
0.339535
0.662
0.662
0.352087
0.0407792
0.369003
0.219985
0.523577
0.662
0.219215
0.0848058
0.206774
0.313043
0.245
0.119366
0.662
0.662
0.211185
0.042552
0.662
0.18067
0.662
0.250461
0.262944
0.352998
0.262651
0.662
0.360166
0.427967
0.23133
0.662
0.439799
0.662
0.21607
0.662
0.662
0.662
0.413177
0.662
0.454778
0.0598299
0.33561
0.657356
0.249185
0.109174
0.452227
0.662
0.662
0.267023
0.662
0.662
0.586503
0.29497
0.662
0.662
0.613592
0.662
0.54966
0.302853
0.662
0.662
0.265737
0.662
0.241617
0.0468031
0.618686
0.174123
0.096766
0.662
0.159818
0.0578197
0.20813
0.218714
0.662
0.502102
0.357799
0.336877
0.530811
0.129547
0.662
0.662
0.662
0.365901
0.46775
0.38226
0.0334881
0.246428
0.248005
0.0700071
0.662
0.410908
0.662
0.662
0.662
0.662
0.449299
0.135298
0.413381
0.662
0.186501
0.225371
0.243937
0.301792
0.610545
0.662
0.662
0.662
0.168961
0.662
0.662
0.533524
0.357688
0.359102
0.484387
0.335926
0.555673
0.123359
0.24034
0.0970804
0.442354
0.474836
0.225391
0.3744
0.0021543
0.204551
0.456479
0.348327
0.28489
0.54588
0.107527
0.180404
0.662
0.121572
0.662
0.262687
0.123733
0.662
0.662
0.432906
0.25407
0.315988
0.0713606
0.259397
0.658563
0.662
0.413165
0.278018
0.662
0.662
0.662
0.520636
0.662
0.262312
0.0451972
0.426751
0.476365
0.662
0.459319
0.276555
0.662
0.131193
0.350448
0.391484
0.0371209
0.270251
0.45293
0.662
0.662
0.446611
0.662
0.662
0.387112
0.390018
0.662
0.662
0.662
0.462588
0.236643
0.417012
0.662
0.389434
0.224816
0.662
0.294261
0.662
0.169127
0.201912
0.62173
0.662
0.662
0.662
0.246737
0.379151
0.0139146
0.389993
0.322202
0.00748289
0.452639
0.63339
0.662
0.175544
0.0311648
0.662
0.630503
0.284768
0.134005
0.454426
0.662
0.662
0.662
0.662
0.492825
0.662
0.662
0.662
0.473459
0.662
0.662
0.144527
0.662
0.0331769
0.420057
0.302278
0.334158
0.0329224
0.662
0.370613
0.109124
0.554774
0.244876
0.155471
0.0737098
0.662
0.662
0.0442236
0.662
0.662
0.34614
0.403518
0.264859
0.662
0.662
0.430162
0.202563
0.662
0.662
0.662
0.147474
0.662
0.662
0.448681
0.662
0.502751
0.378289
0.662
0.662
0.662
0.25531
0.413393
0.316265
0.662
0.0248193
0.247919
0.225546
0.662
0.276122
0.662
0.0292425
0.1823
0.464101
0.662
0.662
0.0573233
0.662
0.334188
0.151777
0.459759
0.055153
0.662
0.662
0.475106
0.469972
0.171975
0.662
0.662
0.662
0.176052
0.474064
0.297163
0.301692
0.322298
0.185788
0.662
0.662
0.301636
0.662
0.662
0.0827684
0.662
0.662
0.175728
0.479269
0.42522
0.205363
0.415654
0.402227
0.662
0.662
0.563639
0.237947
0.297947
0.0871337
0.197006
0.662
0.309362
0.662
0.662
0.386766
0.662
0.662
0.445035
0.662
0.662
0.662
0.0165366
0.263708
0.0417863
0.203048
0.473899
0.662
0.662
0.0356048
0.0253652
0.0885763
0.0197223
0.402962
0.0506584
0.273977
0.165847
0.662
0.259767
0.524326
0.455812
0.391095
0.662
0.662
0.134616
0.662
0.436899
0.47594
0.187093
0.0562965
0.353353
0.340786
0.662
0.232773
0.662
0.509339
0.662
0.152943
0.62897
0.662
0.0926837
0.534304
0.362301
0.309757
0.262879
0.631188
0.279942
0.0282366
0.129003
0.662
0.155796
0.00699975
0.662
0.662
0.361434
0.662
0.662
0.33068
0.496577
0.662
0.662
0.275124
0.380975
0.232793
0.662
0.468724
0.542778
0.567546
0.662
0.18278
0.037032
0.662
0.133336
0.408615
0.370072
0.662
0.662
0.431888
0.662
0.662
0.476441
0.225599
0.369599
0.662
0.131268
0.662
0.420632
0.0270286
0.358715
0.662
0.662
0.388092
0.541895
0.194162
0.194537
0.662
0.662
0.538612
0.593472
0.662
0.662
0.662
0.662
0.178746
0.422563
0.336183
0.184938
0.361807
0.662
0.370145
0.251905
0.340304
0.194637
0.364929
0.662
0.0923483
0.662
0.410421
0.662
0.614174
0.563865
0.232191
0.158944
0.662
0.662
0.160218
0.662
0.186114
0.0158752
0.219785
0.662
0.200136
0.662
0.662
0.115884
0.662
0.662
0.662
0.241099
0.216648
0.197424
0.662
0.189275
0.662
0.290249
0.159823
0.422399
0.662
0.662
0.147789
0.662
0.662
0.326311
0.281261
0.387679
0.662
0.662
0.662
0.662
0.444746
0.122492
0.662
0.184538
0.242873
0.662
0.146311
0.188792
0.344585
0.185215
0.662
0.159422
0.153632
0.662
0.239586
0.662
0.117006
0.482182
0.0717636
0.662
0.506429
0.662
0.302955
0.662
0.411045
0.333476
0.662
0.141191
0.662
0.662
0.662
0.232731
0.286154
0.462789
0.187342
0.662
0.394152
0.662
0.578975
0.252763
0.662
0.662
0.539209
0.179932
0.252742
0.662
0.397592
0.662
0.0486125
0.662
0.260542
0.379294
0.216601
0.42933
0.24192
0.442543
0.305905
0.546736
0.42217
0.139675
0.0831563
0.662
0.145377
0.177974
0.352042
0.662
0.662
0.662
0.26737
0.47164
0.662
0.662
0.593793
0.0869644
0.197293
0.199985
0.185585
0.0567841
0.662
0.662
0.662
0.180591
0.662
0.662
0.426417
0.517421
0.511634
0.402606
0.346492
0.380642
0.662
0.468411
0.320585
0.170768
0.662
0.662
0.130789
0.657648
0.662
0.662
0.662
0.0922037
0.662
0.662
0.662
0.362664
0.286583
0.105382
0.0258172
0.662
0.662
0.662
0.195841
0.234197
0.662
0.286094
0.150802
0.147643
0.472759
0.655006
0.466801
0.662
0.111964
0.267163
0.253813
0.662
0.154089
0.242396
0.662
0.0108352
0.260908
0.662
0.211054
0.360235
0.260376
0.662
0.662
0.205951
0.662
0.280958
0.662
0.0370743
0.206297
0.662
0.262357
0.662
0.180202
0.31005
0.2815
0.662
0.662
0.200597
0.650832
0.0871309
0.662
0.462845
0.662
0.633391
0.120626
0.351332
0.662
0.186598
0.293869
0.0365615
0.407436
0.662
0.662
0.268297
0.355415
0.662
0.662
0.169429
0.662
0.0300052
0.207305
0.662
0.662
0.662
0.43007
0.0968795
0.662
0.012703
0.662
0.662
0.0259716
0.560026
0.662
0.662
0.662
0.515297
0.416973
0.385495
0.662
0.662
0.662
0.418679
0.261758
0.416439
0.662
0.576247
0.662
0.00394554
0.662
0.430098
0.662
0.227043
0.196042
0.662
0.262002
0.203474
0.595745
0.446835
0.11919
0.263522
0.662
0.434685
0.450354
0.0759259
0.180477
0.2634
0.578062
0.425252
0.218745
0.662
0.0224583
0.0379662
0.246671
0.662
0.252021
0.208291
0.0645613
0.385231
0.158641
0.223195
0.662
0.662
0.662
0.512573
0.501831
0.209844
0.245198
0.662
0.662
0.347588
0.225426
0.662
0.662
0.0486891
0.192458
0.662
0.662
0.525129
0.662
0.662
0.285889
0.421947
0.662
0.503574
0.662
0.408509
0.662
0.662
0.406397
0.662
0.219491
0.662
0.279234
0.662
0.218065
0.662
0.662
0.0267566
0.560901
0.662
0.399114
0.429431
0.281563
0.438245
0.117751
0.448202
0.662
0.20112
0.662
0.457431
0.662
0.0536236
0.399342
0.448956
0.43548
0.352993
0.662
0.196156
0.168719
0.486594
0.372088
0.662
0.597875
0.40423
0.332381
0.222069
0.0639979
0.662
0.116664
0.115853
0.662
0.196407
0.503471
0.385015
0.087583
0.188704
0.662
0.399922
0.662
0.0996702
0.229145
0.662
0.662
0.166804
0.348634
0.662
0.23138
0.662
0.273662
0.236948
0.411282
0.662
0.431946
0.662
0.662
0.198408
0.365698
0.662
0.195263
0.325094
0.133318
0.286417
0.662
0.144658
0.662
0.480082
0.662
0.306261
0.359265
0.662
0.662
0.0872422
0.0370133
0.365927
0.662
0.662
0.402849
0.662
0.3605
0.0294018
0.332622
0.662
0.662
0.662
0.313653
0.662
0.662
0.662
0.0723285
0.394422
0.662
0.192257
0.352639
0.0171421
0.416686
0.662
0.662
0.662
0.505958
0.662
0.60974
0.0488206
0.367258
0.173649
0.662
0.258458
0.109516
0.662
0.196027
0.427027
0.339199
0.662
0.136214
0.226577
0.344782
0.221219
0.662
0.662
0.0812149
0.662
0.197125
0.662
0.662
0.662
0.180053
0.0629601
0.662
0.391088
0.0824245
0.0611798
0.344677
0.0222328
0.662
0.662
0.662
0.662
0.302171
0.227819
0.662
0.662
0.197662
0.662
0.0518405
0.392299
0.662
0.580982
0.0636313
0.662
0.471787
0.662
0.662
0.277101
0.0740165
0.662
0.211789
0.444074
0.184963
0.50079
0.662
0.272546
0.310664
0.125845
0.260211
0.436955
0.662
0.193256
0.584847
0.3503
0.376309
0.580712
0.662
0.191833
0.662
0.662
0.42322
0.662
0.662
0.662
0.108813
0.0477849
0.234169
0.457794
0.367121
0.26904
0.662
0.281659
0.446579
0.11177
0.139744
0.20258
0.662
0.662
0.662
0.662
0.438606
0.27767
0.309094
0.196579
0.662
0.374557
0.195572
0.662
0.0683308
0.662
0.467742
0.662
0.662
0.662
0.112468
0.301748
0.662
0.485419
0.137095
0.662
0.20335
0.662
0.662
0.662
0.233579
0.648097
0.662
0.188285
0.236821
0.0890959
0.236887
0.662
0.11278
0.216051
0.159225
0.345176
0.171979
0.124156
0.662
0.662
0.555673
0.29799
0.662
0.662
0.662
0.107671
0.327918
0.170635
0.543572
0.12566
0.174251
0.201166
0.662
0.454406
0.181499
0.250641
0.609231
0.662
0.662
0.159127
0.473061
0.15282
0.0560393
0.662
0.546957
0.662
0.0916213
0.442848
0.662
0.662
0.105091
0.662
0.119083
0.355456
0.662
0.202336
0.662
0.242177
0.355235
0.507023
0.63339
0.494467
0.662
0.124952
0.366932
0.662
0.662
0.662
0.11838
0.662
0.168935
0.662
0.198372
0.197897
0.068907
0.662
0.237024
0.223283
0.140369
0.0987981
0.413947
0.0514962
0.662
0.583896
0.392614
0.662
0.358118
0.25164
0.291428
0.662
0.145092
0.662
0.221337
0.662
0.281049
0.436212
0.221855
0.199808
0.118128
0.662
0.211146
0.385727
0.407198
0.561459
0.662
0.0232665
0.662
0.151796
0.389947
0.54471
0.662
0.0555642
0.662
0.0123387
0.461531
0.662
0.190817
0.662
0.662
0.655378
0.384434
0.435827
0.0309356
0.662
0.662
0.384037
0.232198
0.132893
0.00696848
0.662
0.309244
0.662
0.662
0.46151
0.662
0.535872
0.309582
0.0895644
0.252939
0.662
0.211795
0.662
0.199804
0.138786
0.662
0.125283
0.339082
0.248806
0.421106
0.662
0.662
0.662
0.294268
0.662
0.261146
0.662
0.357699
0.263438
0.662
0.165637
0.156834
0.507506
0.662
0.0153163
0.662
0.326364
0.207662
0.662
0.337838
0.0281614
0.1377
0.168866
0.662
0.0970824
0.662
0.0380506
0.293049
0.662
0.662
0.248655
0.585262
0.566284
0.324642
0.662
0.662
0.662
0.233945
0.265435
0.662
0.206091
0.342288
0.0434887
0.343152
0.238613
0.662
0.28154
0.270053
0.235357
0.2437
0.452179
0.259102
0.603191
0.440347
0.662
0.662
0.0231785
0.662
0.662
0.0469254
0.211421
0.317943
0.601704
0.662
0.662
0.662
0.0535156
0.23348
0.413221
0.583966
0.301183
0.662
0.662
0.662
0.662
0.393961
0.417783
0.555367
0.336379
0.222639
0.662
0.662
0.662
0.330888
0.0375233
0.360413
0.298866
0.532855
0.19044
0.662
0.386789
0.224396
0.662
0.662
0.662
0.305233
0.424192
0.662
0.0788219
0.310254
0.662
0.122483
0.0836432
0.515085
0.662
0.424066
0.0933788
0.662
0.196752
0.662
0.106092
0.662
0.0198047
0.0892519
0.14081
0.662
0.380414
0.139794
0.458428
0.662
0.00148546
0.409113
0.198106
0.662
0.662
0.662
0.662
0.134731
0.4556
0.662
0.662
0.181119
0.593489
0.627231
0.662
0.137282
0.662
0.323266
0.662
0.409299
0.0617902
0.662
0.229201
0.662
0.662
0.428276
0.325655
0.207464
0.435536
0.345581
0.229683
0.662
0.466282
0.178525
0.237097
0.573221
0.662
0.662
0.662
0.0797513
0.398838
0.385458
0.450069
0.662
0.662
0.662
0.0233696
0.662
0.12982
0.338753
0.662
0.474488
0.181118
0.662
0.662
0.662
0.485999
0.361888
0.137076
0.0646696
0.0360642
0.100049
0.662
0.662
0.50868
0.360552
0.662
0.0337063
0.207028
0.662
0.18576
0.252917
0.130183
0.167692
0.662
0.662
0.269285
0.00637914
0.0259775
0.139149
0.39543
0.374193
0.466265
0.456054
0.267998
0.662
0.434581
0.662
0.19152
0.13773
0.662
0.662
0.662
0.662
0.662
0.160663
0.206112
0.662
0.108611
0.470988
0.123046
0.297521
0.00239227
0.145067
0.662
0.662
0.662
0.302935
0.662
0.662
0.147227
0.662
0.376449
0.0221785
0.662
0.427901
0.429376
0.662
0.134353
0.244921
0.662
0.181699
0.283638
0.209733
0.371821
0.517714
0.397695
0.662
0.442691
0.662
0.193034
0.284877
0.662
0.434628
0.662
0.153239
0.548919
0.459754
0.0830957
0.347136
0.662
0.435976
0.662
0.662
0.40539
0.045839
0.590561
0.271503
0.102388
0.490093
0.0160978
0.396737
0.662
0.395006
0.199002
0.662
0.550629
0.161491
0.135759
0.462313
0.191739
0.662
0.662
0.128653
0.520006
0.357216
0.662
0.247567
0.168899
0.205642
0.662
0.662
0.662
0.198013
0.256641
0.640443
0.436481
0.354352
0.662
0.662
0.297767
0.21428
0.662
0.662
0.662
0.227803
0.208414
0.10326
0.662
0.662
0.0213684
0.662
0.662
0.662
0.293079
0.172911
0.271599
0.41439
0.662
0.590562
0.662
0.20122
0.662
0.189812
0.0698771
0.470579
0.662
0.597967
0.662
0.662
0.289586
0.354349
0.662
0.0213249
0.220912
0.194727
0.662
0.624112
0.662
0.215838
0.662
0.662
0.168515
0.182315
0.662
0.662
0.426065
0.292075
0.662
0.662
0.662
0.431664
0.662
0.662
0.243335
0.276129
0.47054
0.662
0.662
0.226241
0.662
0.662
0.242088
0.662
0.196947
0.466629
0.662
0.335183
0.327496
0.662
0.216075
0.662
0.529178
0.235155
0.403622
0.662
0.662
0.056042
0.149118
0.662
0.27004
0.162207
0.0366608
0.23241
0.662
0.313318
0.211144
0.432317
0.662
0.419119
0.662
0.159706
0.0523448
0.0070592
0.662
0.410124
0.662
0.662
0.662
0.363883
0.662
0.662
0.37529
0.465186
0.0777658
0.44299
0.662
0.553778
0.0787396
0.109712
0.306634
0.00935983
0.125942
0.4262
0.662
0.662
0.423882
0.289568
0.662
0.372354
0.0732506
0.223407
0.662
0.268931
0.662
0.662
0.166999
0.224207
0.255747
0.244534
0.188096
0.245829
0.662
0.209865
0.29534
0.662
0.0235288
0.33385
0.196632
0.0781018
0.240387
0.662
0.662
0.662
0.447777
0.190967
0.0818261
0.202723
0.220042
0.662
0.662
0.138534
0.327022
0.350298
0.662
0.662
0.206941
0.357637
0.260697
0.12939
0.384232
0.662
0.201719
0.249393
0.662
0.327411
0.662
0.662
0.662
0.662
0.342474
0.360524
0.212154
0.0421788
0.0627123
0.101382
0.357318
0.662
0.485662
0.0906138
0.0855354
0.523755
0.32493
0.491103
0.252423
0.310093
0.177246
0.140682
0.189597
0.0293931
0.129602
0.662
0.10202
0.283221
0.160761
0.362532
0.662
0.662
0.470695
0.289754
0.662
0.264195
0.662
0.662
0.662
0.662
0.0702572
0.662
0.375993
0.662
0.662
0.383484
0.662
0.450774
0.379967
0.511031
0.662
0.117452
0.662
0.662
0.480795
0.227198
0.662
0.662
0.662
0.320926
0.363346
0.650513
0.662
0.662
0.0885877
0.124721
0.352118
0.662
0.662
0.141994
0.248393
0.0927206
0.662
0.188838
0.106664
0.662
0.0848212
0.662
0.433706
0.180253
0.662
0.354123
0.189089
0.587321
0.662
0.108314
0.475601
0.404946
0.619814
0.445062
0.192722
0.564994
0.462529
0.662
0.662
0.196357
0.492109
0.16385
0.662
0.160168
0.350858
0.662
0.662
0.33244
0.252283
0.662
0.662
0.296995
0.30506
0.609695
0.662
0.179094
0.662
0.179944
0.339864
0.279473
0.662
0.662
0.444827
0.356954
0.215521
0.0525211
0.251903
0.277159
0.358558
0.662
0.662
0.477569
0.662
0.295295
0.400461
0.662
0.0373366
0.370265
0.38807
0.662
0.174551
0.460601
0.294592
0.017767
0.201433
0.234277
0.0785994
0.542778
0.286804
0.662
0.662
0.285796
0.0163533
0.662
0.662
0.0828973
0.662
0.458417
0.445763
0.662
0.662
0.0372224
0.0955689
0.372105
0.437039
0.662
0.160271
0.30366
0.662
0.217793
0.0182476
0.662
0.204666
0.662
0.395473
0.662
0.650995
0.662
0.312696
0.465242
0.662
0.432837
0.46598
0.278326
0.55697
0.0275631
0.662
0.662
0.0614318
0.0297267
0.0855323
0.393414
0.662
0.624596
0.365386
0.662
0.662
0.662
0.231159
0.662
0.200961
0.662
0.24691
0.284229
0.134552
0.662
0.450121
0.662
0.662
0.662
0.462829
0.0351087
0.662
0.662
0.662
0.479025
0.296602
0.240392
0.166322
0.662
0.364755
0.265402
0.151473
0.483457
0.390193
0.662
0.662
0.280856
0.662
0.33643
0.0454104
0.112274
0.662
0.310528
0.109548
0.662
0.662
0.347989
0.103279
0.387734
0.399272
0.662
0.662
0.205383
0.662
0.662
0.136175
0.0983429
0.662
0.662
0.662
0.533919
0.324211
0.662
0.155979
0.212805
0.0349845
0.662
0.114343
0.187206
0.662
0.0938023
0.662
0.394028
0.662
0.197454
0.425621
0.0575579
0.192655
0.183001
0.662
0.544463
0.539115
0.112224
0.662
0.186179
0.453206
0.662
0.211642
0.0925279
0.17582
0.354332
0.131076
0.491871
0.368215
0.196665
0.207261
0.08987
0.219097
0.662
0.0643194
0.662
0.116139
0.099363
0.662
0.151375
0.198188
0.404241
0.315988
0.205262
0.662
0.238769
0.275588
0.482416
0.437394
0.662
0.662
0.248105
0.417807
0.157444
0.00400752
0.334493
0.354025
0.662
0.59732
0.203461
0.225737
0.464022
0.662
0.413476
0.036206
0.532945
0.0840884
0.451957
0.0772662
0.662
0.662
0.187196
0.612333
0.468545
0.209286
0.112332
0.131379
0.12859
0.662
0.437007
0.0816446
0.662
0.1906
0.662
0.662
0.171339
0.607615
0.453127
0.229934
0.535842
0.662
0.662
0.662
0.119407
0.446862
0.662
0.0867595
0.580506
0.390632
0.319772
0.391778
0.0907818
0.468427
0.662
0.070077
0.662
0.296431
0.286312
0.63223
0.355109
0.445127
0.267415
0.662
0.662
0.130009
0.662
0.662
0.662
0.220486
0.301316
0.235865
0.309894
0.662
0.597105
0.662
0.213254
0.145384
0.381878
0.469915
0.424649
0.0584356
0.443406
0.662
0.662
0.217107
0.195146
0.226185
0.4743
0.0440846
0.662
0.594883
0.662
0.662
0.662
0.493021
0.359251
0.662
0.0292311
0.278937
0.453495
0.146916
0.22898
0.226376
0.662
0.662
0.581488
0.469967
0.662
0.17345
0.662
0.285675
0.333003
0.662
0.613504
0.192117
0.621099
0.239936
0.662
0.280633
0.265762
0.662
0.451943
0.30569
0.271982
0.662
0.440216
0.36968
0.538678
0.140774
0.642648
0.274299
0.62896
0.527143
0.505601
0.0965976
0.0328742
0.662
0.118283
0.0822983
0.323317
0.662
0.524982
0.105999
0.18978
0.662
0.662
0.662
0.100777
0.662
0.662
0.17582
0.662
0.143605
0.417381
0.662
0.662
0.662
0.662
0.662
0.396293
0.491232
0.662
0.369439
0.161178
0.662
0.382818
0.257978
0.384499
0.0672735
0.44983
0.357188
0.662
0.0126184
0.662
0.662
0.662
0.407871
0.110303
0.140594
0.662
0.272288
0.00988115
0.21879
0.272846
0.662
0.662
0.399215
0.478391
0.662
0.662
0.468732
0.483162
0.478898
0.556137
0.662
0.550119
0.0875029
0.388511
0.0309847
0.311804
0.484671
0.662
0.395112
0.356078
0.12684
0.566447
0.301128
0.662
0.662
0.139691
0.662
0.662
0.662
0.264306
0.15281
0.352491
0.104072
0.0110177
0.304895
0.218868
0.662
0.0936736
0.298266
0.662
0.662
0.0121821
0.463881
0.662
0.662
0.662
0.493005
0.0752256
0.662
0.662
0.118367
0.154184
0.662
0.391077
0.548571
0.662
0.216526
0.10656
0.419372
0.662
0.662
0.662
0.662
0.662
0.260781
0.236622
0.419497
0.662
0.317454
0.340335
0.115687
0.662
0.204788
0.621178
0.263291
0.662
0.18832
0.595285
0.534706
0.0731208
0.662
0.662
0.233611
0.250436
0.393817
0.662
0.662
0.00709676
0.662
0.051835
0.662
0.662
0.662
0.662
0.00580229
0.662
0.662
0.31713
0.662
0.107578
0.42454
0.662
0.662
0.224895
0.662
0.148187
0.229338
0.444119
0.448687
0.662
0.232308
0.662
0.662
0.238798
0.539278
0.662
0.662
0.173617
0.190667
0.662
0.662
0.0932062
0.662
0.305616
0.662
0.0873853
0.27281
0.213683
0.493281
0.0967392
0.662
0.379956
0.349358
0.402289
0.662
0.0591729
0.204318
0.24208
0.0248957
0.0162635
0.662
0.662
0.439945
0.0953223
0.377338
0.0767685
0.100207
0.424524
0.0620063
0.45645
0.662
0.662
0.0384403
0.662
0.243986
0.31029
0.212355
0.480815
0.452807
0.662
0.477314
0.566296
0.408094
0.662
0.19565
0.324104
0.662
0.662
0.662
0.662
0.308698
0.662
0.144689
0.0719617
0.216842
0.1956
0.157051
0.317182
0.144679
0.312291
0.662
0.476477
0.238776
0.447913
0.0480855
0.662
0.232161
0.191873
0.0218194
0.662
0.662
0.211578
0.184473
0.118145
0.261564
0.002943
0.391942
0.443237
0.217014
0.425433
0.21307
0.169823
0.420309
0.662
0.454365
0.271256
0.662
0.662
0.662
0.662
0.175358
0.662
0.601254
0.210585
0.221782
0.662
0.0831152
0.177363
0.192197
0.0834245
0.183198
0.353814
0.094899
0.662
0.201083
0.285143
0.232909
0.662
0.485006
0.662
0.197991
0.462547
0.662
0.166832
0.662
0.662
0.662
0.662
0.219354
0.662
0.662
0.662
0.662
0.662
0.563283
0.662
0.662
0.662
0.195857
0.662
0.241026
0.662
0.0535632
0.183937
0.662
0.11593
0.123525
0.492581
0.420677
0.312327
0.662
0.20706
0.36886
0.662
0.471541
0.662
0.662
0.0999306
0.524395
0.562938
0.362686
0.138562
0.662
0.557116
0.287204
0.224666
0.186187
0.662
0.282991
0.0678134
0.662
0.249681
0.0356926
0.383185
0.662
0.662
0.662
0.113357
0.662
0.272879
0.357231
0.295487
0.662
0.277755
0.389964
0.285957
0.214517
0.096093
0.377907
0.662
0.0921094
0.662
0.338489
0.0518285
0.662
0.33013
0.104452
0.442255
0.305249
0.662
0.662
0.257603
0.243109
0.662
0.662
0.0919486
0.662
0.662
0.408133
0.181965
0.662
0.202156
0.29699
0.662
0.30382
0.262515
0.306788
0.662
0.118858
0.63259
0.477795
0.236862
0.0396752
0.662
0.171526
0.662
0.0255633
0.0964722
0.662
0.171774
0.214864
0.662
0.47986
0.0476416
0.011245
0.318113
0.662
0.662
0.059415
0.535088
0.662
0.106049
0.662
0.430221
0.160831
0.662
0.662
0.662
0.197715
0.662
0.343099
0.251247
0.100147
0.594585
0.644772
0.399107
0.300396
0.662
0.662
0.640209
0.329702
0.417525
0.34062
0.479378
0.662
0.0680458
0.217971
0.0535741
0.662
0.506034
0.14924
0.235829
0.205658
0.662
0.662
0.43472
0.182528
0.18608
0.207245
0.662
0.662
0.218371
0.222751
0.662
0.662
0.461266
0.296598
0.662
0.558459
0.662
0.662
0.662
0.521689
0.540246
0.662
0.645664
0.662
0.662
0.165483
0.24673
0.662
0.662
0.662
0.248855
0.0224018
0.0742026
0.305612
0.164753
0.662
0.662
0.382235
0.662
0.662
0.31137
0.584335
0.662
0.310005
0.481573
0.389091
0.451891
0.662
0.662
0.662
0.345484
0.245927
0.662
0.215679
0.0197336
0.605951
0.662
0.662
0.422526
0.421678
0.0251036
0.0310221
0.662
0.00316747
0.193822
0.662
0.662
0.41478
0.334477
0.662
0.285309
0.662
0.662
0.219832
0.662
0.662
0.56619
0.0280039
0.517163
0.662
0.0776192
0.662
0.250645
