0.660451
0.348082
0.206914
0.0517132
0.662
0.662
0.539561
0.206953
0.219058
0.662
0.310403
0.16147
0.170315
0.233467
0.662
0.662
0.417658
0.662
0.296286
0.612552
0.0263495
0.290243
0.662
0.282459
0.0283171
0.662
0.662
0.662
0.18542
0.662
0.553165
0.0289928
0.204662
0.167206
0.277857
0.191631
0.662
0.662
0.0392805
0.306415
0.662
0.662
0.449179
0.187211
0.662
0.460272
0.0568961
0.43676
0.164594
0.306429
0.414382
0.662
0.326857
0.462941
0.0390367
0.536543
0.55488
0.363656
0.662
0.470577
0.28722
0.424199
0.662
0.0753697
0.662
0.443562
0.662
0.662
0.223662
0.391596
0.539982
0.614377
0.662
0.433004
0.237079
0.662
0.662
0.662
0.662
0.662
0.252474
0.662
0.662
0.373444
0.662
0.422069
0.662
0.457703
0.662
0.0577253
0.279937
0.197114
0.268517
0.312608
0.234877
0.22878
0.220133
0.662
0.662
0.474996
0.662
0.224728
0.634746
0.194187
0.662
0.662
0.662
0.0838988
0.208843
0.662
0.662
0.0546353
0.600366
0.662
0.127283
0.111064
0.509481
0.114098
0.133635
0.0599693
0.421523
0.456602
0.209564
0.0580301
0.662
0.40593
0.643697
0.243996
0.662
0.215136
0.534337
0.0423207
0.662
0.100932
0.510011
0.662
0.075988
0.281452
0.219403
0.662
0.662
0.332707
0.382726
0.530874
0.475437
0.093395
0.382254
0.173358
0.335302
0.662
0.109898
0.0795956
0.322267
0.0957566
0.662
0.662
0.333933
0.662
0.35986
0.226589
0.662
0.662
0.662
0.179516
0.662
0.203359
0.333167
0.637871
0.123598
0.577879
0.662
0.662
0.185578
0.662
0.662
0.662
0.190657
0.278398
0.662
0.215959
0.277447
0.637674
0.662
0.240078
0.482144
0.241654
0.662
0.662
0.662
0.427634
0.0319807
0.263754
0.662
0.662
0.662
0.662
0.662
0.662
0.662
0.662
0.662
0.0749754
0.662
0.124171
0.573649
0.662
0.545051
0.22527
0.357313
0.314646
0.393148
0.26262
0.413075
0.662
0.240974
0.582702
0.662
0.662
0.417456
0.662
0.662
0.354665
0.129095
0.14411
0.525645
0.662
0.225373
0.662
0.662
0.662
0.00897223
0.662
0.175888
0.475332
0.518393
0.33679
0.662
0.376479
0.0580746
0.662
0.461449
0.145031
0.662
0.662
0.662
0.283242
0.302072
0.0676665
0.0200354
0.566383
0.662
0.662
0.57741
0.662
0.622302
0.662
0.365575
0.211509
0.199754
0.404012
0.133422
0.662
0.143417
0.662
0.662
0.662
0.132364
0.371687
0.0186206
0.172537
0.662
0.531809
0.662
0.662
0.591646
0.137774
0.578192
0.662
0.184589
0.662
0.347051
0.413526
0.411629
0.212943
0.135699
0.662
0.237951
0.662
0.295828
0.0423126
0.192193
0.640229
0.193149
0.228298
0.662
0.662
0.662
0.207781
0.358819
0.662
0.196866
0.138078
0.142505
0.0730845
0.662
0.352243
0.662
0.296683
0.662
0.353482
0.24765
0.0973722
0.406055
0.413176
0.217542
0.662
0.662
0.662
0.316345
0.346661
0.327719
0.662
0.242778
0.26878
0.662
0.662
0.662
0.662
0.662
0.0476969
0.176475
0.223114
0.288984
0.0253236
0.0132252
0.365906
0.662
0.662
0.662
0.662
0.662
0.394358
0.626202
0.662
0.456219
0.381786
0.662
0.476258
0.29364
0.662
0.405302
0.0330552
0.662
0.536428
0.404309
0.244529
0.147143
0.544877
0.372092
0.441356
0.662
0.277867
0.267585
0.407565
0.440789
0.029516
0.662
0.272738
0.662
0.543421
0.00691286
0.662
0.503204
0.167197
0.149082
0.662
0.361155
0.207913
0.545853
0.302366
0.662
0.298941
0.356477
0.2106
0.387533
0.662
0.275076
0.662
0.320659
0.662
0.0903927
0.662
0.263884
0.60534
0.185016
0.21794
0.662
0.493155
0.110234
0.391589
0.649846
0.57362
0.0906851
0.199086
0.406025
0.662
0.182878
0.396358
0.133309
0.155973
0.189235
0.392269
0.662
0.370982
0.350659
0.468431
0.662
0.426463
0.251098
0.662
0.0703437
0.662
0.368723
0.109743
0.662
0.662
0.662
0.662
0.189912
0.0827334
0.662
0.296447
0.662
0.662
0.221289
0.426956
0.220674
0.0623286
0.45544
0.14477
0.0495119
0.205117
0.662
0.575109
0.0143113
0.154571
0.27049
0.662
0.318274
0.244567
0.662
0.191456
0.662
0.662
0.130952
0.662
0.662
0.414067
0.108295
0.662
0.622723
0.662
0.662
0.440124
0.662
0.662
0.422239
0.662
0.359778
0.662
0.662
0.662
0.662
0.662
0.662
0.662
0.252092
0.662
0.662
0.662
0.107561
0.351137
0.662
0.662
0.662
0.190999
0.214374
0.497823
0.28214
0.461624
0.122442
0.64061
0.655572
0.236025
0.0191195
0.398957
0.214873
0.662
0.567531
0.647102
0.269335
0.662
0.662
0.364148
0.37803
0.324188
0.526579
0.662
0.163068
0.44786
0.183277
0.662
0.279871
0.25181
0.662
0.472779
0.662
0.374668
0.189191
0.272531
0.662
0.0676465
0.662
0.662
0.0213417
0.232902
0.662
0.293243
0.41593
0.632826
0.662
0.662
0.662
0.482519
0.246731
0.102959
0.662
0.325336
0.631148
0.209875
0.257999
0.296002
0.232788
0.662
0.662
0.2106
0.166547
0.225049
0.662
0.229858
0.0572863
0.48808
0.066569
0.662
0.0734416
0.342576
0.649626
0.374539
0.377869
0.397058
0.248691
0.461026
0.0642566
0.662
0.662
0.102457
0.641447
0.0374885
0.331023
0.662
0.662
0.0935803
0.662
0.403569
0.0990546
0.255253
0.430474
0.608004
0.0910699
0.243736
0.5538
0.662
0.376147
0.191442
0.442062
0.433705
0.188268
0.662
0.393514
0.462897
0.662
0.222138
0.398146
0.458702
0.0242422
0.662
0.662
0.0887777
0.291783
0.199945
0.355966
0.662
0.662
0.109318
0.662
0.662
0.479911
0.662
0.662
0.40929
0.560426
0.662
0.591993
0.354361
0.0105041
0.332744
0.662
0.157322
0.662
0.135827
0.405137
0.662
0.0658425
0.541796
0.0440747
0.396354
0.354164
0.662
0.52937
0.560041
0.470366
0.232707
0.662
0.158498
0.459637
0.662
0.140015
0.662
0.20677
0.440238
0.389976
0.351654
0.024106
0.01093
0.346784
0.0104137
0.12706
0.647579
0.457088
0.252389
0.662
0.169786
0.662
0.351118
0.328336
0.662
0.477489
0.662
0.662
0.155186
0.35428
0.145864
0.000521727
0.358212
0.454425
0.662
0.662
0.360242
0.662
0.446816
0.662
0.406477
0.0443409
0.345647
0.662
0.662
0.180018
0.662
0.662
0.662
0.211271
0.023454
0.472805
0.344539
0.662
0.662
0.662
0.662
0.285682
0.197962
0.662
0.171648
0.662
0.19442
0.150696
0.662
0.201034
0.257445
0.289116
0.410115
0.455153
0.0662168
0.662
0.557444
0.429868
0.662
0.350115
0.662
0.367012
0.295434
0.662
0.513259
0.420679
0.358664
0.451923
0.662
0.229197
0.662
0.100816
0.662
0.662
0.108614
0.393195
0.185668
0.0870503
0.306566
0.329404
0.376829
0.662
0.662
0.00909178
0.262533
0.662
0.208691
0.288923
0.221301
0.134607
0.391631
0.4379
0.321833
0.154317
0.662
0.662
0.577287
0.662
0.662
0.189566
0.662
0.662
0.164804
0.536928
0.662
0.258095
0.539453
0.662
0.0938939
0.662
0.178913
0.566701
0.39562
0.662
0.551121
0.662
0.602534
0.350378
0.662
0.196952
0.662
0.662
0.265618
0.416719
0.662
0.662
0.662
0.319826
0.0347087
0.17013
0.231363
0.662
0.284441
0.662
0.662
0.268957
0.662
0.526986
0.222931
0.430981
0.662
0.63339
0.0698959
0.335026
0.060444
0.325955
0.662
0.534305
0.662
0.366202
0.662
0.209967
0.662
0.662
0.662
0.0139211
0.192113
0.662
0.662
0.310568
0.411528
0.662
0.062984
0.185253
0.662
0.103254
0.444754
0.662
0.445384
0.092742
0.236032
0.192571
0.214194
0.309204
0.24857
0.19754
0.520928
0.330301
0.397103
0.662
0.370999
0.430359
0.215863
0.0719966
0.627623
0.312639
0.19396
0.192667
0.662
0.174998
0.3413
0.662
0.0414399
0.662
0.662
0.115166
0.418121
0.0336399
0.12645
0.662
0.173128
0.000866247
0.662
0.224811
0.562503
0.662
0.227123
0.291736
0.662
0.547626
0.496926
0.0498286
0.297807
0.12918
0.662
0.068877
0.485396
0.662
0.184629
0.662
0.662
0.382316
0.140214
0.631108
0.268901
0.372181
0.434491
0.193178
0.662
0.0424311
0.635639
0.248681
0.633199
0.365127
0.239876
0.662
0.662
0.662
0.662
0.275682
0.662
0.197806
0.211163
0.144446
0.662
0.475084
0.662
0.115525
0.662
0.184736
0.113034
0.662
0.662
0.662
0.165901
0.662
0.397661
0.448224
0.590419
0.241772
0.0858228
0.42899
0.662
0.662
0.662
0.662
0.662
0.337881
0.662
0.662
0.435276
0.662
0.662
0.134105
0.662
0.423822
0.313202
0.662
0.662
0.192197
0.073625
0.662
0.662
0.662
0.435472
0.177057
0.319607
0.264014
0.662
0.15328
0.366241
0.59176
0.103014
0.170671
0.662
0.089792
0.18411
0.662
0.662
0.222441
0.442299
0.573219
0.297318
0.17055
0.662
0.0392906
0.662
0.374781
0.662
0.662
0.367526
0.605065
0.0693277
0.271792
0.326027
0.626371
0.662
0.662
0.348769
0.498024
0.662
0.662
0.662
0.662
0.117193
0.327574
0.250768
0.187897
0.357977
0.662
0.662
0.662
0.420854
0.462929
0.662
0.662
0.447967
0.662
0.662
0.0120167
0.309131
0.662
0.356776
0.273333
0.475033
0.612106
0.45594
0.662
0.592235
0.22309
0.634228
0.662
0.277545
0.493777
0.183054
0.0165243
0.662
0.662
0.453338
0.620335
0.464574
0.419909
0.662
0.662
0.662
0.662
0.605875
0.43489
0.338195
0.257431
0.662
0.366131
0.165699
0.43967
0.662
0.662
0.241274
0.265003
0.65195
0.662
0.00234511
0.276051
0.548621
0.662
0.662
0.633693
0.532616
0.121709
0.662
0.246922
0.59986
0.662
0.0867617
0.436035
0.233792
0.559553
0.436212
0.662
0.357934
0.244942
0.214136
0.00832432
0.187247
0.662
0.2967
0.0266064
0.603766
0.396025
0.366352
0.326604
0.662
0.327464
0.662
0.0987659
0.662
0.124619
0.210242
0.126725
0.662
0.662
0.379052
0.380563
0.662
0.157152
0.0727554
0.662
0.662
0.662
0.662
0.120907
0.162331
0.662
0.394374
0.427407
0.662
0.405452
0.662
0.0749773
0.662
0.662
0.0445279
0.662
0.127535
0.618594
0.324646
0.662
0.662
0.379428
0.450139
0.440873
0.662
0.662
0.267087
0.336019
0.0951104
0.662
