0.662
0.165335
0.662
0.526037
0.0256232
0.0928112
0.331753
0.662
0.662
0.218315
0.0107952
0.373776
0.662
0.662
0.100388
0.154428
0.662
0.125639
0.0802737
0.662
0.383878
0.662
0.437033
0.662
0.453631
0.33018
0.662
0.319368
0.662
0.429165
0.662
0.261486
0.662
0.247935
0.326097
0.662
0.404724
0.164887
0.212605
0.42126
0.27502
0.662
0.185867
0.307898
0.203135
0.295828
0.0911276
0.662
0.662
0.662
0.221755
0.662
0.0980175
0.430238
0.662
0.662
0.662
0.0192511
0.263041
0.311322
0.375784
0.129196
0.662
0.662
0.393344
0.633391
0.466588
0.327024
0.1433
0.0459863
0.605547
0.114782
0.123745
0.290073
0.654645
0.121935
0.069231
0.662
0.496554
0.662
0.662
0.172901
0.541673
0.662
0.662
0.662
0.221001
0.555443
0.329017
0.265727
0.662
0.391577
0.662
0.0345764
0.0385802
0.328492
0.305924
0.36134
0.662
0.453768
0.662
0.167163
0.662
0.662
0.381913
0.00578995
0.24668
0.599753
0.0260148
0.0634282
0.662
0.0994504
0.101494
0.215371
0.662
0.231527
0.285004
0.662
0.662
0.3628
0.662
0.415549
0.662
0.218904
0.349345
0.295359
0.0717964
0.630736
0.662
0.140405
0.148698
0.106981
0.420559
0.141114
0.533046
0.00139925
0.189097
0.662
0.662
0.662
0.216089
0.662
0.662
0.662
0.662
0.662
0.0225986
0.662
0.662
0.148949
0.662
0.256815
0.192492
0.662
0.296088
0.313343
0.662
0.211711
0.662
0.662
0.506094
0.046048
0.306206
0.359539
0.662
0.304825
0.279026
0.159955
0.662
0.043575
0.25916
0.635339
0.662
0.200305
0.662
0.276426
0.662
0.662
0.0240562
0.348347
0.208929
0.662
0.662
0.395325
0.186916
0.662
0.417586
0.359939
0.266056
0.293729
0.0288971
0.348856
0.124189
0.662
0.662
0.662
0.662
0.145228
0.583638
0.276795
0.0056218
0.662
0.662
0.662
0.102719
0.662
0.662
0.409119
0.662
0.189638
0.169373
0.528677
0.662
0.405784
0.0627277
0.662
0.46908
0.235776
0.458322
0.662
0.124323
0.0450944
0.00814372
0.662
0.196968
0.347955
0.662
0.662
0.297418
0.29487
0.306405
0.662
0.662
0.401424
0.0428685
0.518703
0.429828
0.00615221
0.662
0.570043
0.471247
0.662
0.442505
0.662
0.662
0.662
0.662
0.662
0.136936
0.228465
0.216938
0.298552
0.14271
0.343874
0.662
0.298032
0.662
0.468425
0.189649
0.289101
0.173068
0.315087
0.424583
0.662
0.519622
0.373768
0.221856
0.662
0.397038
0.0527709
0.351125
0.333384
0.217411
0.662
0.464897
0.0089698
0.0130665
0.43847
0.662
0.662
0.167383
0.662
0.662
0.0677607
0.346042
0.473213
0.210289
0.429761
0.662
0.470388
0.612097
0.662
0.662
0.144809
0.662
0.662
0.116741
0.50398
0.662
0.355225
0.662
0.455316
0.662
0.351254
0.311577
0.662
0.662
0.662
0.309517
0.662
0.0985399
0.662
0.181166
0.0141199
0.24011
0.285428
0.662
0.155406
0.0631835
0.0978206
0.280228
0.662
0.137992
0.103178
0.193998
0.0462235
0.662
0.172657
0.662
0.211911
0.662
0.498916
0.193419
0.662
0.662
0.360254
0.662
0.662
0.00231543
0.662
0.662
0.662
0.291658
0.662
0.662
0.3896
0.253856
0.225196
0.35173
0.451358
0.440487
0.662
0.394362
0.581323
0.662
0.440327
0.662
0.662
0.662
0.494714
0.662
0.119672
0.357075
0.662
0.662
0.662
0.131403
0.103431
0.248892
0.393368
0.374547
0.662
0.597398
0.662
0.662
0.266196
0.662
0.25223
0.302476
0.125686
0.322761
0.662
0.569107
0.0934695
0.0171802
0.662
0.322782
0.527471
0.51581
0.662
0.434994
0.0255539
0.247399
0.200175
0.662
0.347376
0.419521
0.395934
0.184707
0.662
0.0332011
0.231318
0.21606
0.662
0.662
0.662
0.662
0.186711
0.662
0.175435
0.398033
0.315466
0.339732
0.662
0.386674
0.531851
0.662
0.351855
0.132269
0.0852339
0.494849
0.43795
0.0559466
0.277978
0.662
0.662
0.662
0.358065
0.662
0.216484
0.656912
0.662
0.317544
0.662
0.662
0.262533
0.134817
0.205547
0.0680657
0.00439417
0.312377
0.410064
0.138202
0.491763
0.413637
0.275657
0.400228
0.0944378
0.411945
0.662
0.662
0.629162
0.662
0.506367
0.0818429
0.662
0.573112
0.418602
0.662
0.662
0.662
0.622401
0.291202
0.447521
0.662
0.121825
0.662
0.614006
0.662
0.662
0.0110992
0.317296
0.662
0.317166
0.662
0.662
0.445637
0.222486
0.0479193
0.662
0.662
0.662
0.662
0.662
0.0981366
0.556509
0.0163943
0.662
0.00740425
0.365402
0.662
0.204972
0.662
0.301645
0.662
0.13104
0.662
0.151925
0.662
0.24699
0.515501
0.662
0.252022
0.593687
0.662
0.459658
0.662
0.662
0.236139
0.662
0.00467927
0.595757
0.500978
0.662
0.477863
0.264873
0.0394304
0.156903
0.2301
0.662
0.298275
0.662
0.662
0.0987288
0.662
0.662
0.662
0.150962
0.204467
0.286652
0.146216
0.586113
0.662
0.422895
0.449701
0.0367196
0.610563
0.662
0.662
0.662
0.662
0.662
0.2383
0.0106952
0.662
0.378925
0.254212
0.662
0.39561
0.604924
0.210344
0.0709138
0.662
0.575729
0.662
0.662
0.258047
0.118194
0.481573
0.207468
0.201995
0.460676
0.212961
0.222266
0.156107
0.662
0.662
0.599634
0.459401
0.317283
0.255745
0.41522
0.502929
0.0683791
0.662
0.48576
0.662
0.662
0.317874
0.460756
0.662
0.662
0.34851
0.35963
0.649035
0.662
0.662
0.662
0.360236
0.662
0.297282
0.0691713
0.662
0.662
0.662
0.451859
0.662
0.159989
0.662
0.197404
0.662
0.117493
0.13731
0.662
0.129817
0.15687
0.0307458
0.662
0.401398
0.662
0.552482
0.531938
0.0879728
0.662
0.196639
0.662
0.662
0.380796
0.662
0.662
0.662
0.19339
0.662
0.662
0.447658
0.351233
0.447999
0.112505
0.292304
0.662
0.325343
0.662
0.419359
0.210308
0.365979
0.662
0.0468532
0.260748
0.126544
0.662
0.662
0.662
0.662
0.473629
0.662
0.28468
0.45969
0.153947
0.284957
0.237819
0.553655
0.662
0.0708071
0.160181
0.662
0.199252
0.194399
0.662
0.421934
0.662
0.662
0.264535
0.266427
0.205877
0.179721
0.586118
0.662
0.544912
0.567774
0.662
0.262776
0.402272
0.633959
0.246575
0.414063
0.492672
0.139639
0.405006
0.229568
0.662
0.222895
0.293281
0.222075
0.131023
0.293584
0.607799
0.301849
0.311465
0.195216
0.662
0.391581
0.662
0.460665
0.662
0.662
0.119358
0.662
0.48006
0.310527
0.389583
0.217438
0.662
0.662
0.343881
0.662
0.662
0.0703305
0.117385
0.661831
0.662
0.662
0.240445
0.349533
0.662
0.228512
0.662
0.628715
0.662
0.344682
0.467819
0.467275
0.504123
0.156625
0.238257
0.48457
0.308419
0.0822592
0.318882
0.166254
0.00645552
0.0159881
0.467903
0.00552173
0.358219
0.662
0.662
0.662
0.662
0.358709
0.662
0.433659
0.423779
0.598931
0.301772
0.662
0.662
0.458612
0.230956
0.662
0.0618968
0.161532
0.662
0.662
0.244885
0.107791
0.173242
0.218066
0.199506
0.0136932
0.24464
0.00669067
0.0504324
0.0514326
0.662
0.552397
0.349196
0.0410934
0.662
0.246983
0.353861
0.145045
0.109897
0.662
0.662
0.415871
0.405394
0.662
0.28392
0.662
0.153732
0.2296
0.63339
0.662
0.662
0.319881
0.126002
0.662
0.662
0.662
0.448334
0.565677
0.662
0.544506
0.662
0.343687
0.44722
0.25319
0.386462
0.415081
0.233456
0.662
0.270308
0.662
0.662
0.662
0.662
0.644162
0.228639
0.0730492
0.274864
0.416668
0.100769
0.393666
0.203447
0.204543
0.662
0.234595
0.291563
0.662
0.662
0.608236
0.113143
0.662
0.662
0.662
0.567662
0.36082
0.185309
0.1321
0.512488
0.18921
0.507345
0.412077
0.662
0.316112
0.662
0.152562
0.662
0.107859
0.662
0.405761
0.176099
0.662
0.662
0.662
0.662
0.662
0.208554
0.440804
0.216233
0.662
0.271325
0.662
0.0458858
0.00718898
0.0523371
0.662
0.460113
0.172889
0.662
0.20038
0.355501
0.662
0.662
0.435883
0.107782
0.401376
0.0272057
0.662
0.662
0.504853
0.19984
0.478326
0.662
0.0172939
0.119751
0.241508
0.445042
0.401191
0.342745
0.475105
0.57096
0.124305
0.662
0.207993
0.194589
0.221557
0.662
0.662
0.116579
0.206145
0.0927615
0.38967
0.662
0.662
0.662
0.662
0.412989
0.662
0.662
0.662
0.338792
0.161769
0.186814
0.263935
0.00902725
0.662
0.449453
0.419161
0.546271
0.662
0.0627281
0.203613
0.662
0.153162
0.313932
0.369558
0.41787
0.477568
0.662
0.501988
0.348194
0.662
0.662
0.372285
0.662
0.29075
0.185878
0.230843
0.169901
0.0295673
0.158124
0.662
0.662
0.662
0.662
0.662
0.662
0.0667798
0.662
0.334293
0.309007
0.170174
0.405014
0.416471
0.662
0.448113
0.662
0.0112906
0.405224
0.392302
0.190178
0.286609
0.662
0.615578
0.662
0.662
0.419209
0.283452
0.216579
0.198825
0.370889
0.662
0.374486
0.505527
0.188155
0.662
0.662
0.203186
0.149542
0.201442
0.662
0.412934
0.0574436
0.0635561
0.291991
0.523273
0.263256
0.415059
0.179029
0.110885
0.43512
0.266597
0.14831
0.438794
0.601986
0.662
0.662
0.225459
0.195756
0.492967
0.662
0.246619
0.507725
0.0392601
0.662
0.0076138
0.380134
0.662
0.439963
0.158126
0.160581
0.0822823
0.662
0.47642
0.0125441
0.662
0.662
0.181039
0.662
0.662
0.662
0.662
0.243951
0.330456
0.553247
0.534788
0.637805
0.658029
0.183478
0.20324
0.662
0.389577
0.662
0.409653
0.662
0.15333
0.233684
0.662
0.284874
0.637169
0.26433
0.662
0.0825115
0.662
0.160582
0.067293
0.27196
0.465731
0.419981
0.347451
0.207114
0.237531
0.349016
0.309583
0.598702
0.136683
0.458127
0.662
0.200661
0.46996
0.662
0.662
0.487376
0.186753
0.111479
0.662
0.662
0.649311
0.270619
0.662
0.662
0.0290263
0.662
0.662
0.306404
0.662
0.662
0.406422
0.557602
0.138593
0.0332948
0.261126
0.662
0.00338322
0.396388
0.0442292
0.662
0.662
0.192836
0.48683
0.502064
0.662
0.621179
0.220408
0.227243
0.630661
0.662
0.466072
0.662
0.269075
0.602565
0.23877
0.662
0.612465
0.552099
0.662
0.662
0.268531
0.662
0.662
0.662
0.662
0.662
0.136229
0.207401
0.07848
0.662
0.50372
0.235147
0.410226
0.424477
0.192883
0.662
0.108246
0.217741
0.195657
0.662
0.322845
0.384037
0.662
0.222503
0.662
0.662
0.0210125
0.662
0.0662144
0.662
0.662
0.177269
0.424283
0.500595
0.662
0.248523
0.662
0.662
0.662
0.662
0.662
0.662
0.217941
0.662
0.358276
0.0377881
0.217577
0.0596221
0.4288
0.333864
0.113662
0.662
0.441821
0.296478
0.384351
0.0816029
0.198442
0.175383
0.626613
0.226577
0.662
0.662
0.662
0.662
0.328164
0.0969654
0.662
0.662
0.662
0.0658772
0.662
0.471676
0.0211247
0.388682
0.386947
0.662
0.662
0.662
0.13449
0.662
0.117136
0.662
0.0740163
0.535625
0.166285
0.144566
0.0415093
0.0488489
0.405908
0.416744
0.00840246
0.229606
0.312655
0.470546
0.292988
0.0889361
0.18076
0.208755
0.662
0.121249
0.342207
0.647498
0.370573
0.267242
0.662
0.211118
0.0682269
0.212412
0.397569
0.101987
0.662
0.662
0.662
0.20331
0.389159
0.662
0.0625901
0.662
0.662
0.622809
0.662
0.341524
0.465993
0.161761
0.434334
0.370098
0.34098
0.364865
0.0865766
0.662
0.662
0.662
0.662
0.483477
0.246198
0.486484
0.366374
0.662
0.340835
0.0609829
0.194239
0.0770029
0.436608
0.4219
0.391079
0.662
0.557613
0.577398
0.662
0.662
0.471037
0.662
0.662
0.172496
0.662
0.426024
0.662
0.263874
0.63033
0.047978
0.662
0.662
0.0976639
0.353646
0.662
0.662
0.00808944
0.662
0.042843
0.618436
0.193393
0.461739
0.137407
0.0952549
0.662
0.301921
0.127667
0.662
0.662
0.233614
0.662
0.662
0.358838
0.249989
0.662
0.374471
0.200157
0.394198
0.110066
0.423737
0.433766
0.147637
0.662
0.36538
0.662
0.662
0.104947
0.662
0.290887
0.265113
0.662
0.279879
0.662
0.0119037
0.287969
0.438501
0.662
0.101772
0.662
0.105448
0.575797
0.662
0.662
0.116896
0.543942
0.492051
0.528744
0.135711
0.662
0.662
0.547556
0.565468
0.662
0.383417
0.164818
0.662
0.218865
0.662
0.662
0.130657
0.662
0.232422
0.662
0.0957896
0.662
0.131603
0.363233
0.662
0.105774
0.662
0.375932
0.662
0.662
0.218712
0.624424
0.185304
0.3411
0.662
0.662
0.185274
0.63043
0.150231
0.15322
0.662
0.662
0.0871746
0.586265
0.662
0.347142
0.662
0.662
0.662
0.326081
0.662
0.500268
0.662
0.662
0.0412424
0.42533
0.662
0.465496
0.300933
0.0219056
0.662
0.402794
0.224426
0.252683
0.662
0.662
0.662
0.329432
0.198088
0.137585
0.662
0.110008
0.436541
0.405152
0.662
0.11726
0.258571
0.662
0.515049
0.449146
0.662
0.662
0.0851408
0.662
0.0797257
0.00898677
0.603187
0.0369238
0.662
0.0746731
0.233289
0.377099
0.265264
0.594948
0.539235
0.293772
0.446027
0.188035
0.662
0.0617605
0.462805
0.638907
0.159333
0.662
0.662
0.146386
0.163157
0.170308
0.38311
0.208622
0.662
0.439488
0.662
0.56035
0.413102
0.662
0.240013
0.638741
0.00310528
0.201184
0.421419
0.19473
0.0766524
0.203554
0.140713
0.662
0.662
0.443764
0.512418
0.360796
0.0643424
0.154079
0.289393
0.443035
0.662
0.428183
0.319618
0.272271
0.662
0.662
0.280301
0.308906
0.384178
0.0448596
0.662
0.403281
0.0709716
0.187525
0.662
0.662
0.662
0.662
0.263534
0.218481
0.662
0.267615
0.0873179
0.662
0.453107
0.662
0.531322
0.375759
0.333767
0.268661
0.126756
0.460123
0.662
0.662
0.587012
0.577248
0.165271
0.662
0.342832
0.662
0.632556
0.662
0.662
0.662
0.662
0.513103
0.163373
0.662
0.306102
0.238501
0.662
0.340222
0.615866
0.662
0.662
0.559295
0.1553
0.495557
0.662
0.372705
0.662
0.662
0.662
0.662
0.412049
0.510565
0.135246
0.323692
0.251622
0.522605
0.438039
0.0603135
0.201999
0.207294
0.662
0.581985
0.106771
0.0209806
0.662
0.00419985
0.529842
0.268926
0.56829
0.330722
0.662
0.662
0.425945
0.385141
0.600784
0.264817
0.252358
0.662
0.619533
0.662
0.662
0.159572
0.395426
0.302731
0.000887924
0.662
0.174313
0.494659
0.662
0.662
0.662
0.662
0.390942
0.0503524
0.226376
0.463245
0.0711322
0.0839442
0.276422
0.662
0.300822
0.662
0.613561
0.662
0.462406
0.623299
0.135653
0.403434
0.662
0.46971
0.439166
0.336919
0.176105
0.662
0.662
0.662
0.662
0.520903
0.662
0.0723111
0.188726
0.662
0.412507
0.662
0.180429
0.195991
0.433553
0.494124
0.662
0.590693
0.662
0.331668
0.000226922
0.662
0.662
0.483348
0.461279
0.115026
0.23153
0.102127
0.18802
0.313526
0.213638
0.662
0.36427
0.0723038
0.478734
0.608568
0.179236
0.16475
0.357336
0.662
0.217796
0.662
0.662
0.662
0.0521778
0.662
0.662
0.662
0.278384
0.585401
0.395765
0.403955
0.662
0.0565384
0.0503626
0.368568
0.662
0.662
0.662
0.421166
0.553049
0.662
0.662
0.628413
0.33944
0.353787
0.133131
0.662
0.662
0.343245
0.148646
0.444841
0.0377044
0.662
0.396078
0.136323
0.662
0.579062
0.352734
0.255555
0.662
0.153525
0.465969
0.222521
0.662
0.451862
0.012947
0.413031
0.187821
0.132309
0.662
0.662
0.662
0.49414
0.53913
0.662
0.288233
0.294899
0.233014
0.662
0.662
0.614099
0.343572
0.386191
0.503045
0.475473
0.662
0.384852
0.112559
0.378725
0.203292
0.199805
0.0568524
0.239907
0.662
0.662
0.662
0.203333
0.353994
0.426031
0.528755
0.662
0.662
0.075246
0.662
0.662
0.085442
0.185396
0.662
0.662
0.662
0.639491
0.0536829
0.536578
0.259123
0.0948414
0.662
0.401153
0.0136584
0.662
0.0927596
0.203
0.662
0.255216
0.419541
0.350042
0.00424532
0.662
0.325161
0.480574
0.662
0.662
0.417295
0.382468
0.239537
0.0451959
0.136793
0.021164
0.662
0.0157509
0.463498
0.100724
0.338333
0.615749
0.662
0.662
0.395558
0.468566
0.0503444
0.184508
0.209325
0.101324
0.112454
0.369975
0.0604468
0.0188741
0.42939
0.662
0.662
0.662
0.094174
0.662
0.453659
0.496584
0.357671
0.443468
0.662
0.662
0.21801
0.662
0.662
0.662
0.481018
0.273339
0.113632
0.662
0.662
0.369632
0.0624861
0.0566629
0.662
0.662
0.662
0.662
0.662
0.436552
0.0956953
0.064217
0.401079
0.052251
0.662
0.291283
0.257227
0.662
0.343808
0.662
0.0326764
0.04394
0.220197
0.662
0.198826
0.102908
0.662
0.662
0.586253
0.662
0.662
0.353068
0.330997
0.662
0.662
0.662
0.466928
0.19983
0.662
0.576597
0.334854
0.662
0.662
0.662
0.331894
0.662
0.662
0.476362
0.49141
0.662
0.241322
0.391582
0.662
0.468183
0.299302
0.312544
0.662
0.662
0.662
0.177104
0.383395
0.662
0.11701
0.0345468
0.662
0.148375
0.662
0.262644
0.218784
0.662
0.662
0.425069
0.317059
0.467731
0.662
0.633545
0.557157
0.314435
0.0352556
0.476946
0.267078
0.662
0.109365
0.493372
0.355965
0.297121
0.442484
0.551378
0.662
0.662
0.514969
0.026314
0.662
0.662
0.662
0.320222
0.576717
0.400411
0.662
0.662
0.166223
0.127052
0.662
0.662
0.386166
0.662
0.359966
0.0187211
0.662
0.276291
0.327746
0.0816986
0.662
0.202563
0.0226283
0.220207
0.167384
0.662
0.574782
0.662
0.443483
0.0492283
0.33486
0.523708
0.0518611
0.662
0.662
0.662
0.662
0.239841
0.662
0.662
0.245316
0.662
0.662
0.662
0.129635
0.000678321
0.103078
0.223215
0.360693
0.662
0.393906
0.662
0.662
0.190863
0.461296
0.662
0.662
0.23365
0.321596
0.45127
0.27736
0.37565
0.227706
0.100288
0.416253
0.323284
0.30647
0.662
0.662
0.256851
0.423564
0.662
0.662
0.662
0.662
0.341695
0.20198
0.662
0.662
0.662
0.439089
0.662
0.662
0.662
0.0830507
0.452679
0.175139
0.662
0.309953
0.662
0.662
0.548586
0.220462
0.662
0.32364
0.197373
0.144821
0.121953
0.069719
0.10015
0.321246
0.662
0.662
0.662
0.662
0.662
0.0137147
0.0103767
0.556241
0.662
0.662
0.662
0.138958
0.131269
0.0984014
0.202445
0.662
0.46587
0.662
0.288454
0.073584
0.662
0.201222
0.271672
0.662
0.662
0.406118
0.392942
0.197578
0.440392
0.662
0.260291
0.481182
0.364827
0.662
0.327036
0.494407
0.352958
0.217039
0.50477
0.194381
0.0624846
0.662
0.351468
0.463279
0.204504
0.210826
0.662
0.268015
0.662
0.662
0.662
0.23349
0.662
0.389977
0.367673
0.286316
0.662
0.662
0.662
0.210008
0.404185
0.570285
0.44824
0.662
0.662
0.662
0.525863
0.662
0.35835
0.662
0.205887
0.662
0.474616
0.662
0.327273
0.662
0.215384
0.662
0.324104
0.662
0.662
0.662
0.331334
0.186057
0.232535
0.459822
0.451552
0.662
0.547387
0.194086
0.291764
0.662
0.662
0.662
0.519619
0.286387
0.662
0.106978
0.467021
0.471598
0.275431
0.160212
0.662
0.662
0.662
0.662
0.509208
0.135749
0.521995
0.662
0.590082
0.662
0.10801
0.662
0.662
0.662
0.662
0.415757
0.269776
0.294042
0.216796
0.156062
0.110338
0.662
0.0832756
0.350377
0.662
0.168604
0.662
0.342297
0.662
0.169676
0.107884
0.204977
0.304489
0.0742177
0.0836823
0.662
0.116964
0.180668
0.662
0.0823812
0.662
0.662
0.1789
0.208643
0.662
0.662
0.288903
0.153935
0.306367
0.662
0.662
0.0495517
0.487293
0.011923
0.662
0.470382
0.175832
0.266789
0.189199
0.111968
0.190984
0.218908
0.410548
0.662
0.254494
0.264379
0.662
0.662
0.238974
0.662
0.662
0.224382
0.00340322
0.269324
0.662
0.662
0.662
0.158061
0.290569
0.662
0.662
0.662
0.662
0.530602
0.662
0.302484
0.246962
0.334016
0.433411
0.381666
0.0826705
0.351151
0.662
0.244518
0.341474
0.662
0.662
0.0823204
0.395273
0.422408
0.138937
0.662
0.411559
0.0560943
0.662
0.473472
0.662
0.49917
0.662
0.662
0.212084
0.32067
0.349516
0.215559
0.0886971
0.0940501
0.662
0.586452
0.662
0.0941266
0.198271
0.461784
0.319964
0.662
0.332536
0.662
0.586673
0.421089
0.303836
0.662
0.200418
0.38468
0.662
0.0103107
0.411822
0.156464
0.109631
0.662
0.305738
0.148977
0.475092
0.200465
0.022348
0.662
0.421064
0.21606
0.00710563
0.232072
0.308933
0.4509
0.532328
0.662
0.231202
0.441448
0.662
0.00361133
0.569167
0.28774
0.157891
0.662
0.662
0.662
0.428086
0.662
0.494661
0.662
0.0208027
0.662
0.424484
0.662
0.328644
0.629763
0.299875
0.662
0.38598
0.662
0.662
0.335114
0.662
0.214912
0.662
0.662
0.159597
0.11472
0.662
0.0101531
0.230199
0.662
0.662
0.227572
0.114816
0.28918
0.0515781
0.479611
0.662
0.525534
0.662
0.312562
0.662
0.0458132
0.662
0.270756
0.395713
0.532194
0.646363
0.662
0.300133
0.379551
0.662
0.228381
0.662
0.0547051
0.0574235
0.662
0.662
0.414968
0.363773
0.662
0.371532
0.47225
0.662
0.340249
0.407682
0.662
0.285623
0.189227
0.46912
0.662
0.104471
0.182334
0.339996
0.62653
0.662
0.296134
0.37624
0.662
0.188648
0.407318
0.662
0.302755
0.578094
0.3005
0.662
0.282482
0.662
0.154328
0.662
0.185399
0.662
0.237738
0.0696197
0.367689
0.645674
0.662
0.662
0.516823
0.228114
0.246858
0.662
0.572669
0.662
0.662
0.662
0.0272562
0.402034
0.662
0.0910709
0.433079
0.418193
0.560129
0.173217
0.382151
0.289798
0.662
0.662
0.360745
0.219162
0.285431
0.662
0.662
0.662
0.640253
0.382815
0.600228
0.535912
0.463484
0.662
0.662
0.662
0.264031
0.0168352
0.662
0.542334
0.207135
0.662
0.662
0.249272
0.280103
0.662
0.113298
0.39468
0.38874
0.0707345
0.152731
0.199836
0.306653
0.662
0.662
0.350682
0.20492
0.0422936
0.437739
0.377184
0.662
0.255805
0.662
0.336569
0.159807
0.0135875
0.229966
0.511395
0.662
0.111248
0.662
0.662
0.662
0.662
0.662
0.662
0.518313
0.184593
0.662
0.662
0.386233
0.662
0.662
0.268018
0.662
0.662
0.662
0.177784
0.322629
0.662
0.662
0.455301
0.358878
0.662
0.662
0.519797
0.438739
0.46955
0.292006
0.662
0.262027
0.0147488
0.35089
0.482942
0.16616
0.370061
0.662
0.662
0.450314
0.662
0.448712
0.121534
0.662
0.431904
0.457523
0.662
0.662
0.662
0.662
0.189468
0.0968857
0.662
0.230484
0.526538
0.103297
0.189852
0.662
0.348724
0.153961
0.0679894
0.13655
0.58073
0.188365
0.633694
0.349301
0.662
0.232197
0.47981
0.127848
0.583147
0.662
0.662
0.246661
0.236211
0.636769
0.662
0.662
0.258298
0.646893
0.191201
0.353409
0.239697
0.146323
0.662
0.662
0.177143
0.501458
0.662
0.662
0.662
0.380162
0.662
0.63339
0.474919
0.662
0.662
0.307408
0.256134
0.374238
0.435641
0.25751
0.662
0.275477
0.0935378
0.662
0.106955
0.0915199
0.662
0.26313
0.662
0.370765
0.393303
0.239008
0.404001
0.00498615
0.0292474
0.662
0.437693
0.269363
0.155236
0.662
0.409568
0.114222
0.662
0.0373431
0.301441
0.230614
0.662
0.226342
0.106157
0.608011
0.662
0.0235047
0.357334
0.405287
0.207455
0.662
0.662
0.662
0.303059
0.4836
0.269812
0.410362
0.0284538
0.662
0.662
0.363716
0.426646
0.266477
0.662
0.662
0.144943
0.151614
0.32403
0.175235
0.662
0.514398
0.662
0.662
0.314099
0.0607033
0.0763765
0.38639
0.608552
0.140863
0.662
0.457797
0.495169
0.0814446
0.279255
0.580655
0.104193
0.662
0.091482
0.241107
0.662
0.608392
0.213032
0.662
0.662
0.662
0.662
0.662
0.662
