0.416719
0.662
0.662
0.329392
0.0764237
0.348769
0.662
0.662
0.662
0.662
0.662
0.139132
0.398957
0.107053
0.379428
0.478861
0.250768
0.199086
0.439468
0.535563
0.662
0.0390367
0.662
0.498024
0.662
0.461223
0.283076
0.0872763
0.200743
0.193178
0.0857286
0.662
0.206953
0.526579
0.273333
0.0572863
0.246962
0.662
0.429868
0.612106
0.312639
0.350659
0.318885
0.662
0.414382
0.518393
0.192113
0.662
0.662
0.197921
0.14203
0.662
0.0213417
0.0130052
0.109898
0.316561
0.327719
0.12918
0.298941
0.508179
0.444669
0.662
0.314646
0.240078
0.068877
0.662
0.662
0.533407
0.628108
0.662
0.533857
0.0749754
0.574904
0.662
0.662
0.662
0.203359
0.358819
0.662
0.376981
0.132364
0.393514
0.534337
0.662
0.662
0.459637
0.591993
0.18411
0.521628
0.370999
0.662
0.126725
0.419909
0.475033
0.420679
0.445384
0.267585
0.204662
0.2106
0.248681
0.149082
0.662
0.359537
0.196866
0.219403
0.662
0.268901
0.662
0.357934
0.208691
0.662
0.339752
0.662
0.127551
0.210277
0.662
0.302072
0.662
0.333933
0.545051
0.024106
0.459766
0.197951
0.42645
0.377869
0.187247
0.0253236
0.18757
0.430981
0.662
0.172025
0.370982
0.240974
0.108295
0.662
0.320163
0.404309
0.662
0.662
0.456219
0.43967
0.170671
0.662
0.662
0.631148
0.145864
0.662
0.00234511
0.662
0.662
0.456602
0.662
0.662
0.662
0.497823
0.0987659
0.662
0.662
0.662
0.662
0.662
0.0893724
0.246
0.662
0.475332
0.662
0.662
0.662
0.662
0.662
0.396025
0.0935641
0.201135
0.662
0.264014
0.662
0.177073
0.313202
0.248691
0.158832
0.134607
0.662
0.449695
0.662
0.22878
0.167206
0.220133
0.662
0.662
0.662
0.59986
0.116672
0.662
0.387533
0.231363
0.560041
0.379052
0.352473
0.129095
0.662
0.662
0.243996
0.0990546
0.532616
0.277857
0.453338
0.29712
0.098848
0.573649
0.475437
0.436035
0.662
0.0445279
0.662
0.267087
0.662
0.0799225
0.662
0.662
0.662
0.452778
0.110253
0.258969
0.209564
0.530874
0.492083
0.536543
0.662
0.197114
0.177057
0.092742
0.0336399
0.295828
0.264694
0.318274
0.0319581
0.334893
0.662
0.662
0.577287
0.662
0.194074
0.089792
0.335026
0.662
0.662
0.172537
0.649846
0.662
0.662
0.248681
0.662
0.418121
0.662
0.182878
0.662
0.189566
0.662
0.01093
0.662
0.243292
0.235827
0.257431
0.140214
0.631502
0.422069
0.210242
0.662
0.473149
0.291783
0.133635
0.331023
0.662
0.0392805
0.620335
0.662
0.647579
0.626202
0.662
0.662
0.366352
0.365706
0.301352
0.662
0.662
0.458702
0.398624
0.662
0.447967
0.00897223
0.662
0.662
0.24327
0.662
0.662
0.191442
0.135699
0.355966
0.321833
0.662
0.662
0.662
0.662
0.662
0.440124
0.209078
0.169786
0.662
0.544877
0.662
0.107916
0.662
0.192667
0.176475
0.662
0.65931
0.662
0.662
0.662
0.662
0.662
0.0495119
0.462941
0.662
0.662
0.662
0.662
0.0266064
0.00832432
0.662
0.662
0.662
0.662
0.383925
0.513259
0.32474
0.406025
0.319826
0.662
0.249472
0.188268
0.45544
0.244567
0.0675613
0.220566
0.662
0.244529
0.662
0.211509
0.662
0.19271
0.662
0.366202
0.37803
0.662
0.333749
0.662
0.366711
0.373444
0.32844
0.18542
0.566701
0.662
0.662
0.42899
0.662
0.308816
0.0423126
0.364148
0.291447
0.662
0.662
0.662
0.26262
0.344396
0.662
0.578192
0.662
0.662
0.662
0.440238
0.34033
0.281365
0.366131
0.662
0.165699
0.199754
0.352243
0.246922
0.279871
0.252389
0.627801
0.0580746
0.662
0.662
0.327574
0.662
0.662
0.559553
0.662
0.626371
0.662
0.662
0.272738
0.108906
0.662
0.271547
0.662
0.0546353
0.406477
0.539982
0.280239
0.503204
0.662
0.662
0.461449
0.662
0.319037
0.405137
0.632826
0.662
0.111064
0.662
0.291592
0.662
0.662
0.0347087
0.662
0.43489
0.622302
0.0330552
0.0580301
0.365575
0.662
0.662
0.121709
0.662
0.127283
0.662
0.246731
0.662
0.662
0.662
0.0424311
0.455153
0.605875
0.184736
0.0498286
0.634228
0.57741
0.314691
0.338195
0.662
0.191631
0.662
0.221301
0.57362
0.0263495
0.0476969
0.207781
0.582702
0.394358
0.662
0.368723
0.649626
0.0887777
0.662
0.152257
0.662
0.303768
0.415233
0.112584
0.602534
0.328336
0.268517
0.196952
0.0719966
0.0968491
0.662
0.659806
0.643697
0.590419
0.662
0.179516
0.0870503
0.296683
0.662
0.662
0.435276
0.144446
0.0052155
0.647102
0.662
0.662
0.526986
0.662
0.662
0.662
0.248562
0.660451
0.0876387
0.313339
0.0386326
0.662
0.662
0.295529
0.484656
0.662
0.662
0.344539
0.662
0.090361
0.662
0.55488
0.0562359
0.0703437
0.393195
0.26878
0.446816
0.662
0.359778
0.662
0.00414422
0.662
0.357504
0.124171
0.450139
0.232902
0.181108
0.662
0.662
0.130143
0.637674
0.479911
0.265618
0.211163
0.39562
0.662
0.423822
0.426463
0.662
0.662
0.307715
0.627623
0.00992131
0.662
0.236161
0.525645
0.662
0.382726
0.506559
0.270305
0.217542
0.0795956
0.440151
0.0903927
0.662
0.662
0.662
0.437177
0.270084
0.662
0.470577
0.32126
0.391596
0.209875
0.662
0.227123
0.662
0.662
0.324635
0.17459
0.326604
0.40929
0.644741
0.662
0.175111
0.662
0.00676456
0.662
0.296067
0.641447
0.662
0.662
0.553165
0.354361
0.662
0.531809
0.485396
0.0132252
0.130952
0.579059
0.662
0.662
0.167197
0.662
0.114387
0.212943
0.612552
0.530897
0.662
0.326445
0.16147
0.662
0.662
0.29364
0.406055
0.413176
0.591646
0.585269
0.662
0.215136
0.424404
0.662
0.173128
0.268957
0.662
0.178913
0.153387
0.174998
0.662
0.0973722
0.029516
0.325955
0.194417
0.662
0.062984
0.326027
0.655572
0.066793
0.662
0.104581
0.662
0.662
0.662
0.434491
0.662
0.662
0.125237
0.382254
0.662
0.0727554
0.218942
0.662
0.0676665
0.662
0.464574
0.0623286
0.336019
0.662
0.39726
0.215863
0.0658425
0.662
0.200075
0.286962
0.41844
0.662
0.662
0.520928
0.662
0.662
0.0953028
0.382399
0.65195
0.662
0.10788
0.291365
0.293243
0.284441
0.3413
0.449179
0.219305
0.173358
0.481448
0.662
0.662
0.662
0.662
0.662
0.662
0.135827
0.662
0.212811
0.363656
0.662
0.234906
0.649986
0.573219
0.662
0.0804311
0.0836529
0.0353698
0.662
0.662
0.376479
0.662
0.662
0.275682
0.506921
0.662
0.634746
0.257445
0.121526
0.662
0.662
0.175888
0.252798
0.662
0.22719
0.222931
0.289116
0.285682
0.662
0.662
0.234523
0.662
0.662
0.657189
0.662
0.662
0.165901
0.238707
0.0483476
0.63339
0.405302
0.662
0.662
0.662
0.376829
0.662
0.662
0.162965
0.592235
0.662
0.472779
0.662
0.282459
0.662
0.662
0.662
0.662
0.662
0.662
0.0283171
0.662
0.493777
0.44756
0.461624
0.662
0.0858228
0.536428
0.133309
0.205474
0.226589
0.0838988
0.381786
0.294226
0.190232
0.325477
0.391589
0.00691286
0.443562
0.662
0.215959
0.192571
0.662
0.662
0.662
0.662
0.662
0.33679
0.662
0.279937
0.662
0.442299
0.365906
0.226983
0.357313
0.371082
0.199945
0.662
0.14477
0.605065
0.430474
0.438345
0.662
0.540462
0.223662
0.0455954
0.0662168
0.0568961
0.457703
0.297318
0.385121
0.393672
0.255253
0.309131
0.242215
0.662
0.662
0.110234
0.410115
0.205117
0.354164
0.662
0.662
0.27049
0.325336
0.185253
0.306566
0.173451
0.184629
0.0517132
0.155186
0.662
0.662
0.662
0.241274
0.448224
0.662
0.233467
0.25181
0.232788
0.262533
0.662
0.232101
0.215319
0.462929
0.662
0.0443409
0.225373
0.662
0.460272
0.397058
0.115525
0.132117
0.662
0.419333
0.346784
0.662
0.662
0.206914
0.162331
0.662
0.540014
0.662
0.662
0.0105041
0.332744
0.662
0.63339
0.0599693
0.0336359
0.662
0.0698959
0.192193
0.454425
0.662
0.242778
0.662
0.277545
0.662
0.662
0.00132735
0.262619
0.662
0.14411
0.420854
0.260411
0.482144
0.662
0.464565
0.192197
0.662
0.662
0.192499
0.385268
0.349615
0.332707
0.2967
0.232707
0.348082
0.191456
0.401003
0.662
0.157322
0.539453
0.662
0.346661
0.164804
0.536928
0.269335
0.190657
0.233792
0.662
0.662
0.662
0.662
0.662
0.474996
0.662
0.662
0.662
0.547626
0.637871
0.52937
0.310568
0.662
0.322267
0.448566
0.662
0.206122
0.066187
0.662
0.272531
0.509481
0.662
0.357862
0.618594
0.244617
0.440789
0.662
0.662
0.433004
0.185016
0.622723
0.221289
0.662
0.662
0.493155
0.365896
0.397103
0.662
0.662
0.114098
0.12706
0.476258
0.435472
0.662
0.0139211
0.662
0.408772
0.241654
0.662
0.662
0.166789
0.662
0.662
0.153494
0.357977
0.124413
0.19084
0.356477
0.496926
0.019323
0.309204
0.223114
0.115166
0.142505
0.137903
0.631108
0.662
0.416183
0.662
0.633589
0.662
0.258095
0.662
0.559149
0.662
0.662
0.662
0.51205
0.380563
0.257999
0.662
0.171648
0.662
0.662
0.662
0.662
0.662
0.662
0.662
0.662
0.290243
0.156841
0.423291
0.0749773
0.662
0.662
0.345647
0.20799
0.425169
0.477489
0.662
0.56641
0.098032
0.0818871
0.257923
0.296286
0.35818
0.451923
0.0319807
0.103237
0.0223701
0.184589
0.263754
0.662
0.39556
0.662
0.397661
0.662
0.214136
0.662
0.662
0.132877
0.662
0.662
0.662
0.288984
0.239876
0.0981747
0.427826
0.288632
0.662
0.662
0.350115
0.614377
0.0827334
0.662
0.305574
0.44786
0.328215
0.662
0.662
0.000866247
0.427634
0.633199
0.662
0.562503
0.662
0.222441
0.158498
0.223051
0.28722
0.137774
0.551121
0.324646
0.662
0.251098
0.403569
0.662
0.662
0.417658
0.404012
0.183277
0.662
0.440873
0.436212
0.154632
0.234877
0.662
0.662
0.662
0.662
0.291736
0.351118
0.208843
0.154317
0.107561
0.662
0.662
0.510011
0.333167
0.662
0.608004
0.662
0.600366
0.374781
0.157152
0.662
0.575109
0.20677
0.00909178
0.424199
0.662
0.431817
0.220674
0.109318
0.0935803
0.0223984
0.143417
0.662
0.319607
0.166547
0.225049
0.640229
0.662
0.19754
0.215681
0.351137
0.0867617
0.662
0.662
0.211271
0.168057
0.166555
0.103254
0.186426
0.254148
0.372704
0.662
0.509134
0.662
0.662
0.243973
0.0289928
0.0951104
0.306429
0.662
0.329889
0.241772
0.367012
0.236032
0.662
0.485233
0.22309
0.662
0.346823
0.183742
0.662
0.328832
0.662
0.662
0.475084
0.662
0.414067
0.306415
0.662
0.00341223
0.278398
0.662
0.662
0.19396
0.427407
0.662
0.662
0.140015
0.662
0.543421
0.662
0.662
0.662
0.0693277
0.365127
0.133422
0.130763
0.224728
0.398744
0.413526
0.180018
0.662
0.376147
0.662
0.662
0.662
0.45594
0.662
0.567531
0.662
0.0305376
0.0642566
0.228842
0.302366
0.209967
0.662
0.354665
0.662
0.165577
0.35986
0.662
0.312608
0.662
0.127535
0.541796
0.392269
0.662
0.0463155
0.662
0.662
0.662
0.151156
0.229858
0.662
0.662
0.662
