0.662
0.40016
0.564701
0.662
0.662
0.076237
0.662
0.662
0.662
0.662
0.582389
0.658247
0.290709
0.119229
0.279936
0.662
0.662
0.662
0.662
0.49585
0.204542
0.662
0.369168
0.427307
0.618622
0.662
0.186106
0.662
0.662
0.401188
0.353678
0.484682
0.163853
0.662
0.217947
0.530367
0.355232
0.662
0.662
0.662
0.481357
0.662
0.662
0.662
0.215261
0.351332
0.419985
0.662
0.413565
0.528499
0.662
0.305661
0.662
0.557669
0.662
0.456876
0.662
0.662
0.206351
0.662
0.402776
0.662
0.206343
0.662
0.189426
0.117894
0.662
0.46965
0.425442
0.225015
0.662
0.662
0.471014
0.167563
0.188689
0.170405
0.644353
0.567298
0.662
0.662
0.484943
0.0159199
0.662
0.408194
0.304188
0.662
0.662
0.339792
0.0932672
0.0351323
0.0290377
0.198812
0.662
0.01457
0.468687
0.0684938
0.342226
0.209501
0.373554
0.662
0.63021
0.142248
0.37707
0.077999
0.250071
0.117184
0.0980094
0.061471
0.472429
0.327288
0.662
0.197097
0.222309
0.662
0.662
0.246142
0.298446
0.662
0.662
0.412195
0.662
0.289272
0.662
0.265586
0.132727
0.662
0.124041
0.662
0.0291438
0.263593
0.662
0.662
0.391276
0.662
0.619679
0.472813
0.286555
0.38826
0.662
0.233526
0.662
0.662
0.308965
0.662
0.662
0.362929
0.52707
0.662
0.644267
0.104554
0.442346
0.180904
0.197606
0.662
0.662
0.662
0.662
0.52869
0.654752
0.662
0.241145
0.218031
0.662
0.223011
0.128789
0.44922
0.662
0.388554
0.262348
0.275269
0.662
0.330243
0.662
0.217777
0.662
0.365449
0.662
0.242319
0.209489
0.000560555
0.662
0.183226
0.232286
0.181505
0.662
0.0458755
0.662
0.662
0.0760583
0.511516
0.633699
0.662
0.381415
0.033957
0.662
0.184739
0.662
0.517739
0.2497
0.0705433
0.356222
0.658551
0.662
0.126801
0.342111
0.662
