0.662
0.272995
0.0784869
0.116061
0.168555
0.662
0.662
0.467926
0.65867
0.662
0.250827
0.662
0.0666711
0.662
0.217121
0.48083
0.295582
0.662
0.662
0.662
0.181096
0.662
0.662
0.183187
0.367254
0.662
0.297571
0.456769
0.0958563
0.662
0.199654
0.662
0.077728
0.507031
0.474634
0.329516
0.662
0.258944
0.0737671
0.189673
0.662
0.1713
0.0681497
0.662
0.662
0.0839377
0.237497
0.633694
0.662
0.141148
0.147704
0.541349
0.279661
0.662
0.543492
0.662
0.20616
0.662
0.283922
0.156239
0.107149
0.662
0.00492133
0.191095
0.662
0.201797
0.0613338
0.13848
0.662
0.284302
0.662
0.662
0.638043
0.193268
0.121388
0.400854
0.134179
0.19839
0.215721
0.662
0.662
0.662
0.229311
0.1703
0.161283
0.63508
0.662
0.379591
0.662
0.452236
0.100146
0.253676
0.262052
0.278042
0.0695891
0.00360765
0.395762
0.118931
0.461207
0.481222
0.459182
0.202726
0.662
0.276528
0.0658218
0.662
0.662
0.192679
0.662
0.0832836
0.662
0.662
0.662
0.0430818
0.281607
0.518187
0.662
0.428209
0.662
0.104442
0.31622
0.65157
0.662
0.662
0.186409
0.662
0.189572
0.662
0.662
0.662
0.127019
0.157775
0.662
0.000933679
0.662
0.509259
0.662
0.342431
0.208912
0.662
0.400156
0.662
0.321203
0.288707
0.625071
0.199593
0.465214
0.298416
0.239458
0.662
0.366612
0.258028
0.662
0.0370197
0.662
0.662
0.228235
0.238486
0.114741
0.662
0.19857
0.662
0.662
0.00999562
0.179549
0.237053
0.64934
0.662
0.113263
0.611957
0.662
0.384715
0.38825
0.662
0.662
0.662
0.0189083
0.376003
0.662
0.378451
0.662
0.0246618
0.662
0.662
0.662
0.199776
0.662
0.228298
0.269093
0.580442
0.188229
0.662
0.449444
0.662
0.465253
0.395724
0.293194
0.627147
0.141445
0.445483
0.222449
0.662
0.148276
0.662
0.662
0.608893
0.578982
0.215549
0.662
0.662
0.662
0.279742
0.203936
0.265715
0.662
0.399379
0.379989
0.662
0.662
0.305165
0.449984
0.662
0.169429
0.53462
0.202167
0.662
0.662
0.134539
0.0155991
0.65735
0.381562
0.662
0.0842073
0.662
0.0864288
0.662
0.165102
0.411352
0.662
0.662
0.0645079
0.662
0.662
0.582625
0.18467
0.662
0.20707
0.226479
0.183947
0.662
