0.25019
0.282912
0.258298
0.21945
0.662
0.33556
0.4219
0.662
0.662
0.662
0.262177
0.288987
0.594948
0.460665
0.154428
0.195682
0.444078
0.662
0.205877
0.101494
0.662
0.108246
0.457993
0.662
0.662
0.662
0.162622
0.662
0.662
0.0100434
0.179029
0.242969
0.662
0.662
0.306788
0.221399
0.662
0.000226922
0.662
0.662
0.522154
0.637741
0.340489
0.662
0.662
0.662
0.0369238
0.0119173
0.207468
0.640638
0.317907
0.442578
0.20331
0.451552
0.662
0.319851
0.662
0.309517
0.569267
0.662
0.309583
0.0118604
0.662
0.0481647
0.127667
0.132309
0.136416
0.144821
0.350947
0.268868
0.662
0.545823
0.287506
0.662
0.662
0.662
0.662
0.378034
0.469709
0.662
0.484253
0.425945
0.662
0.662
0.662
0.0106952
0.0296851
0.172901
0.419161
0.189235
0.285793
0.148493
0.662
0.662
0.23365
0.0970369
0.452271
0.377458
0.397956
0.662
0.662
0.494661
0.662
0.4509
0.0374475
0.0458304
0.0740163
0.528673
0.522003
0.662
0.662
0.662
0.226263
0.662
0.317411
0.208755
0.18794
0.183192
0.662
0.302731
0.662
0.662
0.0415331
0.662
0.0822823
0.260739
0.662
0.290087
0.0498202
0.331706
0.607799
0.126002
0.662
0.622401
0.101987
0.662
0.46967
0.246253
0.429558
0.662
0.216272
0.314568
0.0955848
0.331668
0.293717
0.662
0.662
0.662
0.662
0.662
0.662
0.662
0.0297138
0.662
0.401394
0.541001
0.147868
0.358219
0.662
0.442838
0.43842
0.662
0.0253478
0.480295
0.629609
0.662
0.345047
0.662
0.662
0.662
0.662
0.233014
0.662
0.662
0.318679
0.200888
0.313343
0.304323
0.184008
0.528677
0.312377
0.662
0.453631
0.662
0.348405
0.465216
0.487293
0.407682
0.201516
0.167163
0.329295
0.662
0.107791
0.304825
0.662
0.446685
0.102908
0.662
0.662
0.662
0.662
0.662
0.662
0.662
0.662
0.113323
0.347462
0.199791
0.240588
0.662
0.662
0.662
0.662
0.608568
0.0114556
0.19984
0.579062
0.233322
0.662
0.662
0.662
0.454455
0.662
0.662
0.293503
0.526037
0.463701
0.649106
0.662
0.615749
0.662
0.200175
0.177143
0.662
0.105774
0.341654
0.0459644
0.327036
0.552776
0.662
0.323025
0.662
0.662
0.662
0.365432
0.662
0.662
0.47628
0.254494
0.460123
0.609796
0.504792
0.124405
0.492175
0.288029
0.608552
0.536011
0.479611
0.458127
0.293575
3.63595e-05
0.29204
0.217942
0.321583
0.60621
0.662
0.662
0.404424
0.662
0.662
0.662
0.256358
0.295312
0.662
0.162299
0.124937
0.355501
0.386263
0.389159
0.662
0.183815
0.187995
0.314188
0.388682
0.140644
0.00697695
0.662
0.662
0.341695
0.366895
0.450285
0.387374
0.45127
0.489234
0.210493
0.662
0.449077
0.662
0.662
0.662
0.304032
0.662
0.662
0.662
0.221001
0.11635
0.0439918
0.351125
0.662
0.662
0.464627
0.218123
0.238949
0.552099
0.274188
0.0374973
0.336137
0.469744
0.662
0.662
0.662
0.0852339
0.429746
0.662
0.563082
0.227746
0.662
0.662
0.310064
0.395713
0.506368
0.662
0.0582684
0.662
0.662
0.662
0.306102
0.238501
0.404459
0.662
0.662
0.21801
0.367673
0.662
0.426737
0.142864
0.178981
0.262741
0.0756399
0.486412
0.662
0.662
0.658191
0.662
0.662
0.201597
0.662
0.0913058
0.662
0.622809
0.263377
0.0439433
0.164657
0.0732612
0.559586
0.662
0.466703
0.197578
0.130657
0.662
0.662
0.190953
0.209389
0.563488
0.255555
0.662
0.375759
0.662
0.662
0.630148
0.662
0.662
0.572024
0.662
0.218908
0.410548
0.0843937
0.662
0.0683113
0.122046
0.662
0.153817
0.662
0.00338322
0.104219
0.662
0.370069
0.339814
0.192766
0.123593
0.557677
0.510995
0.0988134
0.662
0.409568
0.662
0.662
0.662
0.108606
0.662
0.662
0.458322
0.209529
0.605547
0.492967
0.662
0.394969
0.662
0.662
0.662
0.662
0.0631835
0.662
0.662
0.662
0.662
0.193419
0.0403934
0.662
0.662
0.662
5.79814e-06
0.340835
0.662
0.662
0.662
0.662
0.169955
0.662
0.152309
0.238733
0.662
0.353994
0.510673
0.662
0.662
0.186724
0.662
0.115026
0.662
0.37624
0.662
0.662
0.19978
0.136683
0.662
0.355225
0.384351
0.613012
0.390965
0.662
0.15687
0.662
0.662
0.457474
0.528412
0.424617
0.27233
0.662
0.0184289
0.288901
0.662
0.43512
0.435883
0.12486
0.598943
0.339996
0.226837
0.396153
0.146216
0.413492
0.145228
0.00231543
0.513544
0.535625
0.662
0.662
0.140542
0.662
0.38598
0.384879
0.412077
0.229886
0.662
0.412049
0.17697
0.0635561
0.466928
0.11645
0.662
0.195657
0.662
0.662
0.198938
0.662
0.295865
0.497403
0.662
0.427697
0.662
0.11829
0.662
0.256851
0.363233
0.662
0.413469
0.586265
0.332357
0.186288
0.662
0.662
0.662
0.46955
0.662
0.120119
0.662
0.662
0.437732
0.662
0.662
0.662
0.662
0.662
0.662
0.117493
0.662
0.217037
0.34853
0.487797
0.237531
0.662
0.662
0.186004
0.186702
0.505087
0.394036
0.662
0.329977
0.662
0.662
0.662
0.662
0.662
0.662
0.308933
0.394611
0.0971232
0.662
0.662
0.433411
0.662
0.662
0.0200867
0.662
0.0679894
0.405224
0.662
0.301441
0.0935378
0.303567
0.114195
0.344682
0.208777
0.0534358
0.152739
0.32403
0.662
0.662
0.210289
0.662
0.303059
0.662
0.662
0.555881
0.662
0.662
0.427099
0.251698
0.662
0.179564
0.662
0.240311
0.468566
0.0375855
0.662
0.662
0.401612
0.624424
0.404185
0.424283
0.662
0.0216614
0.415059
0.576725
0.273931
0.113662
0.662
0.662
0.612465
0.277944
0.190883
0.382275
0.662
0.328106
0.449997
0.592468
0.662
0.0835169
0.662
0.429982
0.662
0.416825
0.399244
0.662
0.276291
0.484936
0.465993
0.231559
0.0415093
0.202808
0.662
0.662
0.662
0.662
0.598931
0.301772
0.123194
0.129196
0.120206
0.584933
0.107061
0.154268
0.246685
0.662
0.535317
0.662
0.313155
0.307855
0.624442
0.475949
0.662
0.662
0.662
0.284611
0.554867
0.198203
0.0422295
0.407042
0.523708
0.256775
0.0293386
0.319368
0.543818
0.662
0.140405
0.662
0.662
0.257187
0.112505
0.176105
0.321596
0.349594
0.245852
0.662
0.359966
0.359396
0.662
0.662
0.662
0.662
0.0395456
0.107119
0.374124
0.662
0.662
0.662
0.23417
0.180728
0.557157
0.380162
0.662
0.662
0.662
0.199319
0.662
0.662
0.277068
0.662
0.088596
0.662
0.421934
0.463359
0.662
0.175579
0.275431
0.559689
0.662
0.662
0.662
0.662
0.299124
0.20492
0.220291
0.222518
0.662
0.539773
0.279291
0.662
0.575175
0.132415
0.662
0.375932
0.180407
0.662
0.378398
0.400494
0.662
0.192836
0.411822
0.662
0.662
0.184508
0.662
0.439488
0.39552
0.0984014
0.56829
0.662
0.181802
0.112897
0.662
0.209723
0.524686
0.333921
0.352716
0.662
0.45689
0.662
0.116039
0.16439
0.198088
0.662
0.662
0.662
0.495488
0.118264
0.662
0.662
0.662
0.401482
0.0312295
0.207916
0.0607033
0.227477
0.293853
0.662
0.662
0.207324
0.662
0.262027
0.270658
0.662
0.662
0.662
0.0107952
0.397643
0.662
0.20602
0.323472
0.179732
0.473252
0.516823
0.0914067
0.242348
0.192883
0.215108
0.438332
0.421166
0.662
0.422922
0.662
0.152138
0.235964
0.170787
0.431283
0.316247
0.210308
0.129401
0.662
0.343881
0.413207
0.322284
0.662
0.232042
0.0562849
0.662
0.662
0.217577
0.478326
0.662
0.662
0.617913
0.284957
0.662
0.662
0.198825
0.662
0.662
0.41787
0.662
0.437584
0.00262285
0.104471
0.0770029
0.06854
0.662
0.20324
0.131403
0.365153
0.565776
0.662
0.662
0.662
0.264506
0.353409
0.410809
0.662
0.466072
0.199836
0.348194
0.662
0.662
0.144566
0.662
0.313526
0.662
0.662
0.662
0.0173532
0.662
0.0922421
0.180627
0.0888178
0.191344
0.363505
0.014146
0.662
0.662
0.662
0.41422
0.662
0.360236
0.188513
0.662
0.662
0.586118
0.156107
0.662
0.662
0.662
0.662
0.168183
0.458883
0.662
0.662
0.129817
0.281111
0.229939
0.498342
0.662
0.259123
0.662
0.244674
0.662
0.662
0.662
0.662
0.428183
0.392056
0.141114
0.583816
0.051817
0.467903
0.62366
0.160147
0.211303
0.662
0.662
0.303269
0.455848
0.119358
0.365208
0.242713
0.382815
0.48006
0.0814193
0.595757
0.075892
0.204543
0.662
0.185309
0.1288
0.254275
0.144829
0.313619
0.370573
0.237819
0.0979896
0.662
0.662
0.662
0.190984
0.662
0.662
0.0974612
0.662
0.662
0.0957896
0.215559
0.0426867
0.662
0.662
0.47225
0.085442
0.140863
0.464736
0.662
0.662
0.662
0.662
0.239008
0.19224
0.473113
0.655301
0.662
0.396078
0.136323
0.662
0.662
0.0647088
0.450644
0.290319
0.662
0.632035
0.0857161
0.251046
0.662
0.419451
0.317874
0.662
0.662
0.662
0.662
0.662
0.662
0.203292
0.662
0.1789
0.0652477
0.662
0.343687
0.62989
0.189468
0.662
0.662
0.578965
0.662
0.36204
0.62653
0.662
0.662
0.662
0.586673
0.382179
0.316611
0.662
0.662
0.289101
0.0478918
0.662
0.0594641
0.349016
0.269488
0.247935
0.662
0.222111
0.662
0.477863
0.662
0.0261624
0.662
0.188712
0.662
0.445612
0.106771
0.662
0.662
0.0764845
0.473061
0.662
0.662
0.185867
0.218486
0.546148
0.662
0.662
0.304737
0.466588
0.370765
0.411165
0.100724
0.662
0.268531
0.662
0.662
0.438659
0.662
0.379703
0.410774
0.216796
0.377099
0.662
0.222715
0.662
0.26077
0.542198
0.349345
0.662
0.381434
0.476663
0.662
0.0492053
0.454865
0.204972
0.309955
0.129282
0.347451
0.182334
0.662
0.305738
0.275427
0.662
0.088209
0.662
0.329541
0.327024
0.403313
0.662
0.662
0.0110992
0.341889
0.662
0.662
0.347376
0.534788
0.547636
0.0491613
0.368144
0.662
0.040645
0.13731
0.226259
0.662
0.377482
0.662
0.403112
0.662
0.12733
0.301645
0.392005
0.378709
0.229244
0.662
0.256028
0.662
0.408684
0.189214
0.662
0.662
0.662
0.124798
0.357271
0.662
0.662
0.662
0.248892
0.662
0.662
0.662
0.662
0.275627
0.459437
0.421721
0.662
0.662
0.628486
0.117329
0.141538
0.662
0.662
0.662
0.363762
0.3896
0.539935
0.662
0.662
0.104246
0.662
0.166478
0.508803
0.662
0.662
0.441448
0.662
0.662
0.406317
0.662
0.662
0.200756
0.662
0.205887
0.45969
0.455507
0.662
0.350377
0.55282
0.284874
0.662
0.211118
0.148602
0.662
0.0288971
0.400153
0.0431177
0.328644
0.188599
0.240028
0.662
0.294899
0.315581
0.662
0.662
0.208929
0.662
0.176887
0.486692
0.270984
0.662
0.662
0.377345
0.0812887
0.662
0.116867
0.159732
0.662
0.494849
0.144047
0.662
0.662
0.149203
0.159647
0.440804
0.383586
0.48079
0.583896
0.662
0.662
0.370061
0.325161
0.662
0.623299
0.662
0.662
0.137585
0.662
0.662
0.00362488
0.662
0.221776
0.662
0.662
0.662
0.662
0.109897
0.271058
0.498434
0.662
0.38874
0.477389
0.662
0.662
0.384079
0.351468
0.422414
0.662
0.310762
0.281478
0.0721766
0.662
0.293729
0.0257394
0.662
0.371658
0.662
0.662
0.662
0.201429
0.194589
0.224784
0.389789
0.164448
0.316377
0.193588
0.662
0.662
0.445226
0.364092
0.336539
0.158631
0.372833
0.078551
0.386032
0.503368
0.662
0.28046
0.662
0.270604
0.325343
0.200224
0.13104
0.0802737
0.662
0.662
0.539718
0.662
0.615596
0.662
0.211773
0.662
0.662
0.662
0.25766
0.201359
0.380595
0.220197
0.662
0.35677
0.662
0.153935
0.216031
0.662
0.662
0.662
0.208554
0.21483
0.331334
0.662
0.662
0.448712
0.662
0.662
0.220461
0.662
0.407031
0.0210125
0.105448
0.662
0.451695
0.342207
0.662
0.210188
0.662
0.662
0.00024941
0.445627
0.208135
0.382884
0.662
0.347874
0.216244
0.621918
0.662
0.0279811
0.662
0.662
0.662
0.293407
0.16616
0.436646
0.410977
0.366586
0.158124
0.662
0.662
0.344273
0.40965
0.349874
0.244885
0.139998
0.348753
0.29468
0.389577
0.662
0.662
0.634166
0.409119
0.251381
0.440999
0.662
0.193534
0.492878
0.662
0.246198
0.662
0.29017
0.272011
0.662
0.156333
0.419487
0.662
0.662
0.448113
0.662
0.662
0.110992
0.148977
0.295904
0.0147487
0.23349
0.0369413
0.22568
0.190962
0.246619
0.662
0.459822
0.662
0.168604
0.0261969
0.662
0.203233
0.247986
0.662
0.385029
0.21197
0.662
0.173037
0.349533
0.662
0.496538
0.662
0.332154
0.468834
0.398033
0.315466
0.662
0.295359
0.662
0.662
0.662
0.461296
0.172412
0.662
0.662
0.406786
0.302476
0.662
0.260117
0.662
0.203146
0.662
0.548746
0.662
0.0769472
0.662
0.1447
0.470388
0.662
0.487739
0.180218
0.319618
0.226316
0.445042
0.292243
0.230532
0.349301
0.37234
0.125599
0.0676412
0.502064
0.132269
0.662
0.459351
0.253447
0.662
0.583638
0.662
0.343818
0.662
0.213032
0.462862
0.404089
0.662
0.412989
0.662
0.215597
0.613561
0.662
0.662
0.422408
0.662
0.662
0.662
0.527456
0.662
0.161063
0.042839
0.161761
0.662
0.662
0.662
0.662
0.662
0.374238
0.0800317
0.199775
0.377245
0.0426836
0.662
0.361854
0.662
0.159989
0.0363178
0.471676
0.662
0.662
0.611902
0.220605
0.177269
0.185878
0.21526
0.662
0.402478
0.662
0.662
0.266616
0.662
0.183659
0.662
0.348856
0.19164
0.125727
0.235881
0.358065
0.483348
0.422176
0.211711
0.130133
0.662
0.426288
0.424583
0.437739
0.662
0.662
0.0543242
0.662
0.573988
0.552323
0.0871746
0.333103
0.0572578
0.496584
0.490816
0.128396
0.557448
0.27129
0.662
0.662
0.431915
0.415549
0.261599
0.467275
0.0822592
0.519561
0.662
0.289393
0.151614
0.662
0.533046
0.662
0.662
0.662
0.309224
0.662
0.662
0.662
0.313191
0.662
0.297121
0.662
0.449125
0.662
0.662
0.662
0.00501137
0.0823204
0.662
0.58714
0.662
0.662
0.350367
0.374404
0.0384777
0.608392
0.425069
0.378268
0.662
0.662
0.125995
0.573112
0.662
0.59644
0.662
0.0229168
0.662
0.662
0.40225
0.496698
0.547556
0.201999
0.662
0.0595692
0.662
0.35233
0.171501
0.236139
0.229317
0.662
0.500124
0.49248
0.419209
0.283452
0.199195
0.662
0.662
0.626107
0.307232
0.230514
0.222895
0.662
0.56068
0.662
0.249668
0.628748
0.196639
0.662
0.487376
0.662
0.166742
0.662
0.101299
0.63033
0.291202
0.662
0.353165
0.662
0.0187211
0.227243
0.662
0.662
0.166973
0.339732
0.530937
0.251712
0.26643
0.021164
0.662
0.662
0.11261
0.248569
0.228808
0.501458
0.188659
0.297418
0.317283
0.110008
0.662
0.662
0.0703305
0.662
0.662
0.662
0.552406
0.662
0.330722
0.662
0.631942
0.662
0.418714
0.662
0.24699
0.662
0.220119
0.662
0.220089
0.347634
0.21606
0.592929
0.232197
0.198997
0.404673
0.440392
0.662
0.662
0.19028
0.463779
0.173343
0.662
0.150962
0.110932
0.662
0.32364
0.662
0.662
0.338333
0.0645747
0.0816854
0.163556
0.662
0.131062
0.662
0.413102
0.397038
0.662
0.271819
0.662
0.662
0.402255
0.129635
0.644162
0.272831
0.662
0.662
0.662
0.542302
0.662
0.20616
0.274375
0.662
0.522605
0.662
0.662
0.0766524
0.240013
0.342832
0.327586
0.62995
0.413637
0.537092
0.662
0.662
0.160581
0.0428685
0.428544
0.170217
0.487289
0.149759
0.662
0.662
0.662
0.170744
0.662
0.117136
0.369558
0.512488
0.0924328
0.206637
0.263256
0.662
0.662
0.284622
0.662
0.00107733
0.071159
0.265682
0.36279
0.309886
0.00740425
0.541673
0.125577
0.662
0.22526
0.476826
0.0462235
0.186057
0.199805
0.662
0.0348938
0.662
0.0289321
0.662
0.662
0.0174284
0.236578
0.662
0.0830507
0.145894
0.340249
0.662
0.0322216
0.602467
0.648895
0.2301
0.662
0.662
0.254044
0.662
0.662
0.037158
0.224426
0.252683
0.245316
0.662
0.662
0.0179962
0.428919
0.591433
0.662
0.0458132
0.330997
0.189227
0.662
0.602835
0.24464
0.0548994
0.662
0.662
0.662
0.186753
0.662
0.662
0.662
0.272129
0.129501
0.417586
0.34661
0.309007
0.00467927
0.662
0.475743
0.662
0.662
0.604018
0.369855
0.662
0.439166
0.311023
0.331894
0.662
0.261573
0.662
0.132598
0.662
0.169514
0.312655
0.305821
0.232535
0.186916
0.200157
0.120951
0.394198
0.370902
0.662
0.662
0.204467
0.392302
0.662
0.322052
0.0515167
0.393666
0.662
0.185399
0.320106
0.662
0.447658
0.662
0.662
0.28392
0.227515
0.662
0.067293
0.36082
0.578009
0.503562
0.662
0.15285
0.662
0.544198
0.313338
0.253632
0.662
0.662
0.662
0.662
0.328175
0.380796
0.196968
0.113143
0.58073
0.386233
0.575457
0.380976
0.662
0.322551
0.0873179
0.433376
0.633049
0.519586
0.662
0.212605
0.561437
0.24114
0.0625678
0.556894
0.101782
0.414063
0.405995
0.662
0.19434
0.0298258
0.593573
0.19229
0.203135
0.245964
0.300559
0.289122
0.400677
0.662
0.662
0.239537
0.662
0.503045
0.662
0.662
0.391079
0.662
0.121935
0.00898677
0.201703
0.374367
0.419541
0.662
0.389836
0.662
0.662
0.0981366
0.01108
0.583147
0.662
0.401153
0.43795
0.179032
0.662
0.167955
0.378725
0.211357
0.222486
0.443483
0.662
0.255449
0.0828342
0.443033
0.662
0.662
0.382887
0.288233
0.496554
0.662
0.0963702
0.662
0.662
0.662
0.306645
0.221557
0.318587
0.662
0.522345
0.114029
0.15333
0.19161
0.245959
0.036722
0.656556
0.159333
0.158126
0.662
0.662
0.411823
0.352408
0.0913307
0.480954
0.226376
0.662
0.28785
0.491763
0.401202
0.662
0.122292
0.28578
0.181619
0.662
0.528016
0.042247
0.093325
0.549907
0.538201
0.662
0.662
0.233289
0.300521
0.662
0.316818
0.606389
0.544506
0.160224
0.16475
0.662
0.662
0.219266
0.494407
0.223496
0.156942
0.662
0.559295
0.416668
0.159117
0.177104
0.386153
0.493403
0.634599
0.662
0.162856
0.0505151
0.577398
0.662
0.142055
0.662
0.292006
0.662
0.170174
0.662
0.662
0.0116047
0.662
0.146126
0.662
0.175235
0.344029
0.662
0.172438
0.0987288
0.380134
0.289904
0.216161
0.235776
0.237878
0.247399
0.662
0.102961
0.194381
0.375628
0.353646
0.662
0.662
0.662
0.28774
0.662
0.387755
0.475885
0.47642
0.662
0.662
0.279952
0.662
0.203
0.385907
0.186814
0.166223
0.257788
0.662
0.17068
0.662
0.662
0.572669
0.662
0.405014
0.662
0.290641
0.0617605
0.662
0.662
0.484675
0.662
0.0549671
0.662
0.662
0.462346
0.0709138
0.662
0.463245
0.505527
0.18105
0.431904
0.546271
0.662
0.662
0.102801
0.198288
0.0514326
0.662
0.564274
0.662
0.644144
0.363081
0.448334
0.662
0.662
0.565677
0.531851
0.662
0.427643
0.662
0.662
0.322761
0.246015
0.484574
0.662
0.182945
0.386018
0.662
0.662
0.340373
0.662
0.109988
0.33944
0.604924
0.662
0.419981
0.301023
0.662
0.475388
0.214912
0.662
0.0784075
0.471037
0.133131
0.662
0.218784
0.662
0.662
0.662
0.187821
0.270453
0.445421
0.662
0.662
0.662
0.264873
0.186844
0.129688
0.662
0.163272
0.0787774
0.662
0.662
0.417295
0.662
0.541388
0.033896
0.171849
0.272087
0.662
0.51581
0.662
0.662
0.662
0.275657
0.529842
0.199506
0.0136932
0.662
0.493962
0.294094
0.410064
0.662
0.190527
0.221151
0.460113
0.662
0.327351
0.54997
0.381666
0.345384
0.272721
0.298275
0.367532
0.461784
0.662
0.662
0.662
0.662
0.233456
0.471598
0.662
0.140713
0.400228
0.42533
0.541941
0.090306
0.662
0.662
0.662
0.662
0.306404
0.29487
0.228803
0.469499
0.0804488
0.662
0.17114
0.662
0.185563
0.662
0.662
0.0900119
0.1321
0.279432
0.454658
0.662
0.0245983
0.0345764
0.0385802
0.51479
0.662
0.662
0.298334
0.148646
0.662
0.567407
0.220777
0.173217
0.247933
0.159036
0.125957
0.25751
0.25319
0.255295
0.662
0.49141
0.451773
0.662
0.662
0.205451
0.395765
0.662
0.343613
0.4288
0.662
0.164887
0.16226
0.201222
0.154594
0.301264
0.343572
0.184986
0.0420978
0.20598
0.646893
0.656912
0.236822
0.154979
0.407546
0.140829
0.200457
0.662
0.662
0.662
0.180429
0.0219056
0.401265
0.397569
0.662
0.319946
0.662
0.292304
0.506367
0.222405
0.213638
0.662
0.61218
0.0138467
0.287811
0.662
0.662
0.22685
0.185409
0.47936
0.448302
0.662
0.291563
0.662
0.351701
0.662
0.662
0.382028
0.0579556
0.662
0.0681768
0.662
0.662
0.662
0.150824
0.451413
0.26378
0.45297
0.476754
0.208643
0.662
0.662
0.405394
0.662
0.492672
0.662
0.567662
0.393873
0.662
0.662
0.199076
0.0292474
0.462405
0.191201
0.368207
0.662
0.662
0.662
0.662
0.662
0.662
0.662
0.662
0.231202
0.328164
0.363651
0.662
0.202115
0.662
0.539336
0.414503
0.246962
0.465449
0.180881
0.439537
0.318062
0.418007
0.0357635
0.552482
0.662
0.413348
0.662
0.662
0.662
0.404592
0.662
0.113298
0.469945
0.662
0.662
0.662
0.561422
0.193998
0.19473
0.193482
0.662
0.114816
0.662
0.662
0.404969
0.662
0.662
0.219162
0.662
0.466102
0.662
0.662
0.662
0.0607138
0.0781755
0.190023
0.662
0.475473
0.653967
0.107772
0.23153
0.434994
0.576981
0.279499
0.0159881
0.662
0.387428
0.117385
0.662
0.662
0.513103
0.114187
0.662
0.662
0.317059
0.452679
0.127047
0.382331
9.04806e-05
0.662
0.331346
0.351733
0.0683791
0.012947
0.276585
0.0573035
0.597208
0.662
0.662
0.366677
0.0103107
0.454936
0.662
0.239522
0.527839
0.175701
0.662
0.599753
0.662
0.662
0.330684
0.518703
0.662
0.598807
0.22411
0.662
0.234542
0.662
0.264031
0.596785
0.11307
0.0439542
0.212443
0.662
0.662
0.608011
0.3409
0.0890729
0.343946
0.317303
0.0643424
0.263041
0.442342
0.291531
0.446213
0.662
0.662
0.284874
0.290887
0.662
0.662
0.662
0.128717
0.0930008
0.241458
0.390388
0.508115
0.573001
0.662
0.662
0.164247
0.410019
0.662
0.662
0.503464
0.473697
0.662
0.662
0.662
0.12676
0.662
0.0491291
0.203987
0.662
0.0836731
0.600784
0.358191
0.360803
0.239901
0.28262
0.190444
0.468183
0.662
0.359939
0.662
0.148294
0.101772
0.269363
0.637872
0.341396
0.662
0.112157
0.463645
0.44884
0.378742
0.495169
0.333767
0.662
0.116896
0.0927082
0.473629
0.453773
0.153525
0.124981
0.389364
0.662
0.610563
0.662
0.662
0.166663
0.662
0.35177
0.202865
0.427571
0.091642
0.169326
0.27736
0.662
0.0751747
0.126059
0.662
0.662
0.662
0.543942
0.0510121
0.193605
0.0536504
0.00361133
0.177098
0.207269
0.527743
0.210826
0.656456
0.305398
0.224958
0.662
0.662
0.296107
0.396022
0.290887
0.391698
0.318602
0.239907
0.662
0.200661
0.413297
0.638741
0.347229
0.317108
0.453659
0.662
0.662
0.432545
0.223063
0.662
0.103611
0.662
0.0619951
0.0956953
0.291209
0.662
0.261574
0.406725
0.217941
0.212084
0.172885
0.0288442
0.24532
0.475105
0.485581
0.154328
0.662
0.662
0.245912
0.662
0.662
0.391656
0.50372
0.293646
0.555764
0.662
0.662
0.504643
0.446355
0.662
0.36427
0.317544
0.662
0.0085303
0.296192
0.662
0.662
0.662
0.413622
0.647952
0.627266
0.662
0.662
0.662
0.124051
0.662
0.202544
0.221124
0.662
0.662
0.202751
0.662
0.662
0.460007
0.662
0.409354
0.449189
0.662
0.156625
0.0217324
0.662
0.662
0.455886
0.317719
0.237748
0.662
0.170178
0.662
0.662
0.360254
0.204529
0.402074
0.424038
0.129968
0.16843
0.662
0.103384
0.662
0.343135
0.662
0.662
0.662
0.191337
0.662
0.159572
0.220934
0.662
0.301921
0.662
0.662
0.407037
0.0629767
0.18076
0.069231
0.101456
0.662
0.246878
0.103431
0.662
0.373096
0.662
0.662
0.662
0.249272
0.401079
0.244885
0.324691
0.662
0.662
0.662
0.662
0.662
0.502637
0.180415
0.662
0.317296
0.395558
0.662
0.239253
0.248837
0.104509
0.102757
0.223215
0.662
0.662
0.20048
0.662
0.322845
0.384037
0.238974
0.662
0.189649
0.344819
0.0682269
0.612094
0.353861
0.662
0.503385
0.662
0.393303
0.312538
0.566681
0.525863
0.662
0.162479
0.662
0.427433
0.662
0.553536
0.662
0.662
0.0258418
0.498112
0.662
0.195964
0.420781
0.256481
0.274864
0.201184
0.662
0.662
0.128947
0.662
0.460676
0.265833
0.00569639
0.569107
0.661831
0.246522
0.662
0.662
0.352554
0.458149
0.659505
0.662
0.662
0.50477
0.338142
0.473472
0.330364
0.662
0.662
0.662
0.662
0.389666
0.388016
0.0823812
0.45495
0.262872
0.0358554
0.119926
0.662
0.662
0.358838
0.662
0.0268116
0.18921
0.662
0.235151
0.662
0.416361
0.0281028
0.373776
0.14926
0.662
0.662
0.43847
0.201551
0.0110353
0.451358
0.176502
0.338483
0.662
0.380501
0.662
0.30519
0.662
0.662
0.240445
0.662
0.639491
0.326218
0.662
0.662
0.662
0.662
0.203447
0.662
0.239387
0.581323
0.355382
0.325078
0.358878
0.111479
0.662
0.581985
0.131603
0.410228
0.662
0.386882
0.022617
0.492388
0.403434
0.333453
0.0367196
0.0782859
0.445337
0.402794
0.227617
0.374359
0.662
0.303836
0.365228
0.467021
0.161769
0.0669693
0.199535
0.662
0.662
0.461739
0.662
0.662
0.351855
0.461666
0.426533
0.15475
0.339965
0.319648
0.662
0.662
0.662
0.229568
0.662
0.662
0.662
0.662
0.662
0.662
0.662
0.2811
0.204894
0.291283
0.662
0.560129
0.0431714
0.269776
0.445959
0.662
0.662
0.662
0.423515
0.662
0.320222
0.166386
0.329363
0.348772
0.662
0.0456105
0.662
0.291067
0.208548
0.358709
0.662
0.445359
0.486484
0.662
0.557613
0.0459863
0.375772
0.236894
0.242412
0.0270865
0.383308
0.314099
0.0529813
0.662
0.200418
0.161994
0.117053
0.025614
0.0818004
0.662
0.357334
0.662
0.662
0.155312
0.29075
0.271521
0.0627277
0.33018
0.402034
0.662
0.0448596
0.210814
0.411209
0.454079
0.662
0.662
0.662
0.662
0.662
0.212286
0.0988076
0.662
0.430857
0.466333
0.458524
0.124564
0.323704
0.662
0.492051
0.528744
0.662
0.416744
0.657601
0.211105
0.0103599
0.321802
0.301953
0.662
0.662
0.662
0.662
0.043259
0.249989
0.367444
0.618436
0.394659
0.494714
0.443764
0.662
0.662
0.662
0.662
0.587012
0.662
0.0158307
0.662
0.638907
0.398578
0.662
0.662
0.197373
0.662
0.662
0.47128
0.373768
0.201349
0.662
0.662
0.495557
0.309468
0.662
0.259938
0.0491359
0.662
0.20038
0.662
0.570043
0.448328
0.630736
0.263615
0.189406
0.662
0.662
0.662
0.662
0.341926
0.0480159
0.241638
0.292988
0.662
0.662
0.106812
0.602339
0.0377044
0.0170381
0.662
0.118194
0.258357
0.210114
0.662
0.662
0.266196
0.35845
0.662
0.0940501
0.172929
0.147192
0.662
0.252204
0.662
0.662
0.50952
0.185042
0.123745
0.662
0.536578
0.268926
0.120975
0.221417
0.0171802
0.324104
0.439616
0.662
0.238994
0.181012
0.286316
0.662
0.207052
0.178728
0.662
0.0521837
0.203186
0.662
0.662
0.558543
0.338356
0.110885
0.662
0.662
0.621179
0.662
0.662
0.565468
0.662
0.421697
0.231318
0.618969
0.24394
0.322782
0.662
0.662
0.662
0.53862
0.662
0.408436
0.662
0.662
0.654645
0.159708
0.662
0.393774
0.662
0.0976649
0.517527
0.274725
0.420559
0.662
0.0713918
0.506094
0.662
0.357712
0.205776
0.662
0.662
0.662
0.0260148
0.552397
0.362095
0.589043
0.371593
0.662
0.31712
0.270391
0.000163173
0.0760147
0.123408
0.207391
0.205393
0.463498
0.662
0.662
0.458695
0.432301
0.438039
0.662
0.629408
0.662
0.364404
0.662
0.662
0.215759
0.275302
0.509208
0.662
0.0323179
0.332009
0.288454
0.662
0.113014
0.662
0.0606802
0.0618968
0.278412
0.662
0.18207
0.662
0.15322
0.662
0.662
0.0898502
0.0547051
0.181166
0.165476
0.123823
0.49169
0.62739
0.662
0.662
0.289064
0.277978
0.475092
0.483296
0.232848
0.209992
0.23877
0.553247
0.405006
0.0774928
0.578094
0.662
0.0818429
0.102127
0.279837
0.446027
0.662
0.213901
0.3628
0.662
0.483176
0.662
0.662
0.662
0.662
0.532901
0.0832756
0.107859
0.0492861
0.415301
0.662
0.205547
0.662
0.662
0.662
0.662
0.409979
0.0316174
0.300267
0.159611
0.0320105
0.662
0.662
0.662
0.222521
0.662
0.662
0.275477
0.662
0.134499
0.191544
0.282866
0.184705
0.401688
0.662
0.662
0.662
0.662
0.392046
0.662
0.188035
0.662
0.260155
0.26843
0.161335
0.444481
0.662
0.292046
0.662
0.593687
0.662
0.0661825
0.0891034
0.47981
0.662
0.662
0.662
0.662
0.629162
0.108941
0.662
0.662
0.576717
0.662
0.309953
0.246129
0.446805
0.3005
0.662
0.662
0.662
0.225032
0.237738
0.280301
0.0340848
0.185772
0.332004
0.277941
0.18601
0.662
0.662
0.198271
0.662
0.370518
0.480236
0.0329976
0.662
0.662
0.662
0.662
0.421097
0.359539
0.662
0.662
0.286652
0.182617
0.33252
0.337598
0.318453
0.592216
0.0284637
0.352958
0.217039
0.207696
0.188726
0.262276
0.0145092
0.662
0.662
0.449146
0.662
0.432739
0.662
0.074629
0.662
0.376461
0.0374782
0.0680657
0.011555
0.261798
0.662
0.662
0.662
0.662
0.498916
0.411294
0.369632
0.662
0.00100757
0.474336
0.327767
0.452827
0.662
0.276422
0.399968
0.662
0.662
0.662
0.217411
0.152431
0.662
0.584152
0.0341254
0.237986
0.532194
0.51782
0.433553
0.28107
0.132802
0.452072
0.662
0.437033
0.662
0.156903
0.105511
0.662
0.095784
0.209694
0.167204
0.662
0.662
0.276485
0.662
0.662
0.261894
0.662
0.318882
0.503673
0.662
0.662
0.662
0.662
0.662
0.189638
0.292574
0.126756
0.662
0.662
0.662
0.357145
0.386462
0.439963
0.426055
0.662
0.184373
0.484646
0.224711
0.557602
0.0658772
0.662
0.30438
0.405784
0.662
0.662
0.458612
0.662
0.662
0.662
0.259451
0.336221
0.629789
0.290073
0.598055
0.0095182
0.263298
0.0559466
0.662
0.662
0.662
0.0474589
0.478897
0.116428
0.63043
0.397146
0.152731
0.188174
0.336569
0.507345
0.495443
0.629298
0.662
0.662
0.459658
0.662
0.662
0.662
