0.662
0.662
0.662
0.662
0.662
0.452465
0.662
0.662
0.124189
0.0609383
0.421441
0.662
0.552402
0.197983
0.662
0.597669
0.320209
0.662
0.662
0.662
0.640436
0.00416383
0.436518
0.418735
0.662
0.662
0.0872486
0.662
0.531732
0.259142
0.091482
0.662
0.118101
0.0043455
0.662
0.662
0.0912485
0.0112218
0.269602
0.0494207
0.186916
0.64089
0.662
0.419333
0.514749
0.159128
0.646912
0.366246
0.401014
0.662
0.662
0.195817
0.100815
0.514969
0.208969
0.306367
0.629229
0.662
0.159696
0.662
0.662
0.595178
0.662
0.662
0.33255
0.0162049
0.0327627
0.551068
0.516665
0.285077
0.00748028
0.341492
0.4485
0.478901
0.662
0.662
0.662
0.123017
0.662
0.208355
0.662
0.31129
0.662
0.662
0.389583
0.662
0.662
0.662
0.662
0.270656
0.156204
0.649431
0.587986
0.169231
0.126359
0.63339
0.344804
0.662
0.662
0.662
0.662
0.177961
0.0695871
0.662
0.105824
0.0696197
0.559873
0.202898
0.662
0.195057
0.319443
0.0966937
0.662
0.662
0.662
0.343642
0.312875
0.58115
0.316978
0.255481
0.501462
0.0422936
0.431483
0.328992
0.662
0.338126
0.0284538
0.645674
0.662
0.662
0.662
0.276014
0.662
0.304662
0.662
0.0899617
0.0183728
0.662
0.662
0.662
0.662
0.662
0.323347
0.200957
0.662
0.662
0.227121
0.169676
0.243951
0.662
0.129895
0.184
0.662
0.41799
0.625076
0.56621
0.206995
0.0182946
0.0875369
0.464397
0.662
0.46411
0.662
0.2004
0.172889
0.650901
0.461105
0.123608
0.383534
0.0159688
0.455567
0.263923
0.61308
0.350203
0.446892
0.662
0.226342
0.0958914
0.252181
0.506653
0.662
0.0878399
0.404248
0.662
0.662
0.224086
0.305924
0.222643
0.662
0.360529
0.238769
0.62947
0.0901716
0.175673
0.662
0.313308
0.278467
0.318192
0.662
0.270704
0.223724
0.261334
0.208753
0.662
0.391279
0.0472419
0.662
0.482942
0.662
0.476056
0.662
0.374471
0.0494252
0.258602
0.104096
0.360045
0.576712
0.154527
0.475882
0.662
0.662
0.397526
0.481209
0.331375
0.465362
0.662
0.662
0.101221
0.433228
0.662
0.662
0.662
0.354548
0.662
0.662
0.142496
0.267615
0.396174
0.662
0.502316
0.478734
0.277123
0.662
0.46102
0.662
0.0735548
0.0192519
0.179717
0.662
0.0398915
0.662
0.662
0.463429
0.662
0.42001
0.372801
0.234991
0.299302
0.193101
0.428393
0.477004
0.0518039
0.27338
0.662
0.220659
0.0327644
0.618205
0.178062
0.476014
0.42691
0.662
0.301273
0.3127
0.662
0.662
0.662
0.662
0.662
0.662
0.662
0.382745
0.490751
0.662
0.662
0.662
0.662
0.156759
0.192872
0.662
0.662
0.618994
0.319398
0.662
0.283993
0.662
0.126871
0.662
0.0226283
0.26539
0.662
0.662
0.662
0.377184
0.662
0.484257
0.662
0.61902
0.662
0.662
0.364138
0.25736
0.378688
0.503664
0.662
0.652858
0.316259
0.0262192
0.465969
0.662
0.108792
0.325012
0.412934
0.280103
0.280526
0.399715
0.215021
0.579471
0.0269155
0.662
0.662
0.662
0.330654
0.257286
0.662
0.662
0.326365
0.332536
0.36089
0.662
0.409256
0.339548
0.437836
0.662
0.0636229
0.200861
0.628715
0.662
0.0753358
0.662
0.630661
0.599634
0.163349
0.207481
0.116717
0.412132
0.657126
0.176477
0.662
0.396835
0.662
0.476302
0.662
0.196423
0.271271
0.20198
0.451607
0.662
0.662
0.314483
0.617285
0.371321
0.400968
0.18973
0.662
0.279093
0.289798
0.204693
0.27843
0.153526
0.454011
0.273468
0.156876
0.1433
0.662
0.662
0.449734
0.159955
0.662
0.38082
0.123218
0.662
0.167011
0.662
0.662
0.569167
0.662
0.662
0.662
0.216841
0.431923
0.662
0.62528
0.033856
0.662
0.0440649
0.375979
0.605414
0.187275
0.0815531
0.0686892
0.364476
0.177598
0.662
0.662
0.30445
0.662
0.662
0.318707
0.0865766
0.662
0.662
0.220282
0.662
0.662
0.662
0.662
0.662
0.069719
0.0229517
0.662
0.202713
0.662
0.662
0.662
0.464063
0.445355
0.662
0.253773
0.25782
0.0548116
0.662
0.662
0.0867232
0.662
0.138359
0.106977
0.414362
0.662
0.662
0.662
0.662
0.175612
0.136314
0.1987
0.662
0.0905752
0.287966
0.52282
0.501988
0.316795
0.574563
0.640298
0.662
0.184675
0.261426
0.662
0.277162
0.625684
0.662
0.131542
0.338792
0.561447
0.104989
0.662
0.662
0.599453
0.662
0.0246907
0.18157
0.0192511
0.0515581
0.0772539
0.329432
0.662
0.1553
0.662
0.328094
0.662
0.231079
0.309102
0.655261
0.205231
0.412507
0.54531
0.483348
0.275695
0.60861
0.662
0.657881
0.662
0.212337
0.662
0.450157
0.662
0.413205
0.49414
0.459154
0.662
0.372102
0.277306
0.276431
0.468425
0.336242
0.662
0.662
0.662
0.662
0.155967
0.662
0.320861
0.373059
0.392145
0.308934
0.662
0.662
0.452137
0.044407
0.0750306
0.662
0.246575
0.662
0.188133
0.104939
0.164641
0.662
0.128371
0.213363
0.662
0.662
0.230382
0.662
0.52854
0.662
0.662
0.662
0.111756
0.543031
0.42655
0.446387
0.288157
0.175489
0.662
0.51664
0.662
0.0892038
0.371856
0.227012
0.0628703
0.662
0.662
0.141633
0.519749
0.662
0.662
0.35835
0.300338
0.308906
0.153681
0.662
0.07555
0.464885
0.662
0.242227
0.0816925
0.323655
0.662
0.0392601
0.419521
0.226675
0.140134
0.662
0.0627685
0.298986
0.62747
0.45404
0.662
0.01878
0.37199
0.308041
0.159396
0.662
0.662
0.192492
0.662
0.234332
0.413961
0.444841
0.425991
0.337418
0.310092
0.662
0.662
0.662
0.209505
0.0450933
0.365422
0.610483
0.0154551
0.216064
0.378858
0.662
0.662
0.0391314
0.556509
0.662
0.558327
0.223215
0.491098
0.0886353
0.201118
0.662
0.351276
0.409947
0.264379
0.335372
0.662
0.383349
0.431054
0.329456
0.662
0.662
0.662
0.301519
0.467631
0.662
0.662
0.662
0.355108
0.230484
0.598711
0.662
0.11726
0.651046
0.662
0.207114
0.662
0.332519
0.662
0.662
0.408327
0.662
0.341709
0.662
0.662
0.507021
0.662
0.109685
0.460656
0.662
0.406486
0.116579
0.315087
0.303115
0.324147
0.662
0.410506
0.313653
0.662
0.229715
0.163346
0.430119
0.662
0.662
0.662
0.339913
0.622736
0.14965
0.123398
0.273301
0.494357
0.252803
0.612839
0.0457939
0.0170956
0.547982
0.372705
0.662
0.0377438
0.106893
0.421159
0.207064
0.156235
0.662
0.076529
0.167842
0.21675
0.662
0.662
0.662
0.125686
0.0145583
0.0209422
0.662
0.662
0.473213
0.476946
0.662
0.566947
0.237431
0.243912
0.0817763
0.662
0.197955
0.662
0.662
0.662
0.480741
0.102719
0.251174
0.455316
0.17901
0.662
0.662
0.313414
0.125927
0.662
0.106978
0.662
0.662
0.376098
0.662
0.662
0.583847
0.197729
0.469693
0.662
0.662
0.430825
0.304428
0.286609
0.662
0.243927
0.662
0.662
0.401191
0.662
0.662
0.327448
0.336885
0.155406
0.0544977
0.176152
0.408463
0.662
0.662
0.662
0.662
0.0691713
0.633599
0.471752
0.217796
0.208984
0.662
0.662
0.189988
0.29505
0.53683
0.518853
0.260554
0.222057
0.0495321
0.662
0.662
0.662
0.53407
0.662
0.306046
0.662
0.452425
0.430428
0.0719118
0.61218
0.0709716
0.662
0.2055
0.662
0.233684
0.0434328
0.557118
0.104969
0.662
0.648621
0.662
0.662
0.662
0.322481
0.662
0.0912359
0.49584
0.229255
0.662
0.662
0.199672
0.0572657
0.194975
0.662
0.208484
0.383395
0.0826705
0.371418
0.339738
0.662
0.662
0.662
0.458145
0.00827899
0.226022
0.10853
0.662
0.312258
0.662
0.346946
0.662
0.226231
0.0572101
0.107625
0.562131
0.169966
0.107188
0.34859
0.662
0.190335
0.286801
0.662
0.254162
0.662
0.365979
0.00961965
0.249854
0.491908
0.662
0.0351436
0.258523
0.652166
0.00820421
0.662
0.662
0.662
0.295817
0.247903
0.397977
0.662
0.360508
0.380089
0.29271
0.204977
0.662
0.144809
0.456563
0.47804
0.455817
0.197493
0.662
0.114877
0.662
0.662
0.343898
0.179221
0.662
0.662
0.339945
0.206206
0.662
0.521995
0.662
0.662
0.422625
0.662
0.41805
0.662
0.282482
0.486547
0.662
0.662
0.583439
0.322273
0.662
0.0407998
0.662
0.462128
0.246858
0.499337
0.662
0.27607
0.266296
0.354306
0.284826
0.285841
0.662
0.073559
0.662
0.436403
0.656966
0.662
0.662
0.662
0.266056
0.154384
0.39491
0.662
0.0577244
0.186513
0.453678
0.609258
0.211368
0.205284
0.0640176
0.171701
0.662
0.453517
0.515049
0.662
0.0572575
0.662
0.662
0.218638
0.662
0.138096
0.0923152
0.115073
0.294706
0.108283
0.092095
0.312544
0.350682
0.662
0.635309
0.258651
0.34418
0.662
0.662
0.536908
0.662
0.441582
0.341524
0.307898
0.662
0.662
0.409065
0.267026
0.662
0.662
0.662
0.00428356
0.529837
0.29071
0.150231
0.247175
0.381912
0.505737
0.662
0.12684
0.590693
0.662
0.662
0.635188
0.299797
0.446992
0.0550075
0.662
0.429165
0.662
0.435721
0.313662
0.0603165
0.163221
0.125259
0.451774
0.34878
0.357671
0.450843
0.593359
0.251027
0.138958
0.477178
0.662
0.106157
0.662
0.532902
0.315553
0.662
0.432682
0.662
0.230956
0.00411303
0.662
0.413031
0.134858
0.0272562
0.662
0.154744
0.662
0.190613
0.192153
0.662
0.26293
0.597632
0.662
0.195743
0.244714
0.662
0.615866
0.662
0.643259
0.230536
0.0490183
0.587984
0.417482
0.605133
0.356764
0.31679
0.0103533
0.613931
0.662
0.203631
0.50578
0.662
0.188612
0.33692
0.0359383
0.401968
0.662
0.479327
0.181307
0.662
0.662
0.506337
0.0829932
0.610396
0.662
0.162811
0.611424
0.35587
0.544921
0.300646
0.662
0.500468
0.662
0.470656
0.284838
0.461974
0.00498615
0.662
0.662
0.662
0.662
0.588951
0.662
0.207993
0.080835
0.662
0.662
0.655602
0.14608
0.195142
0.436552
0.662
0.662
0.318577
0.2955
0.523915
0.218481
0.662
0.30578
0.595807
0.662
0.57096
0.173065
0.662
0.583657
0.662
0.0948721
0.335666
0.662
0.662
0.0350151
0.662
0.662
0.638379
0.662
0.489499
0.662
0.528764
0.662
0.662
0.662
0.0814868
0.662
0.101178
0.220207
0.0627281
0.575729
0.662
0.0949628
0.446669
0.613225
0.662
0.662
0.193524
0.662
0.662
0.32067
0.175832
0.495768
0.416157
0.662
0.662
0.62452
0.456654
0.662
0.631376
0.171355
0.662
0.0722778
0.332847
0.662
0.063609
0.463585
0.662
0.154782
0.662
0.499943
0.0969654
0.468002
0.224459
0.377266
0.15041
0.393368
0.662
0.19613
0.410317
0.279879
0.662
0.321514
0.662
0.662
0.410848
0.464857
0.602078
0.291742
0.262533
0.662
0.252252
0.447328
0.662
0.144609
0.662
0.662
0.184351
0.465263
0.662
0.662
0.36943
0.471584
0.662
0.662
0.348433
0.662
0.662
0.662
0.167882
0.318519
0.662
0.240143
0.58006
0.636632
0.662
0.662
0.0236511
0.476088
0.662
0.199864
0.662
0.174943
0.662
0.565302
0.193924
0.175383
0.238638
0.662
0.618323
0.456653
0.251231
0.420157
0.662
0.662
0.285004
0.551613
0.482436
0.271131
0.209412
0.05075
0.291991
0.284467
0.469477
0.179386
0.662
0.662
0.662
0.662
0.408992
0.397166
0.410658
0.662
0.103657
0.662
0.60881
0.662
0.105942
0.104551
0.109601
0.662
0.662
0.125115
