0.440453
0.662
0.662
0.421221
0.206095
0.603818
0.662
0.662
0.662
0.14649
0.600894
0.662
0.115413
0.292206
0.0660672
0.188521
0.662
0.0424604
0.203654
0.662
0.156949
0.399334
0.662
0.245529
0.662
0.662
0.629133
0.662
0.130897
0.662
0.355189
0.662
0.662
0.662
0.662
0.662
0.49042
0.662
0.0530372
0.312879
0.652367
0.662
0.662
0.662
0.662
0.662
0.659499
0.020472
0.138781
0.434012
0.662
0.281242
0.662
0.662
0.415045
0.360267
0.662
0.521359
0.268759
0.662
0.100589
0.310833
0.636391
0.662
0.25077
0.662
0.311937
0.442814
0.520756
0.662
0.568744
0.13057
0.303057
0.484959
0.219251
0.225706
0.197474
0.0667913
0.662
0.0562287
0.436895
0.662
0.653928
0.153408
0.662
0.662
0.357931
0.26178
0.458017
0.662
0.111918
0.0840493
0.315002
0.20836
0.34707
0.435737
0.425545
0.662
0.641549
0.662
0.662
0.601509
0.662
0.371885
0.662
0.356692
0.662
0.135454
0.199479
0.662
0.513811
0.662
0.662
0.662
0.662
0.277014
0.0517413
0.198449
0.06905
0.127385
0.662
0.662
0.662
0.22436
0.176986
0.662
0.662
0.662
0.617175
0.662
0.256595
0.292658
0.662
0.55331
0.141113
0.518586
0.662
0.662
0.662
0.392224
0.472105
0.540155
0.662
0.324243
0.0576132
0.263871
0.419393
0.184869
0.526517
0.362011
0.662
0.662
0.133118
0.435727
0.662
0.0915428
0.662
0.662
0.662
0.215133
0.662
0.407826
0.662
0.183755
0.127003
0.162484
0.662
0.662
0.335137
0.169207
0.662
0.114844
0.662
0.269532
0.28382
0.662
0.081484
0.0031754
0.662
0.0904132
0.138796
0.239118
0.232146
0.542652
0.0252697
0.0555549
0.230583
0.310344
0.662
0.408865
0.662
0.0507139
0.662
0.479613
0.151673
0.662
0.442663
0.338711
0.662
0.0265251
0.662
0.662
0.662
0.224918
0.383446
0.356769
0.364989
0.662
0.291633
0.662
0.526048
0.412563
0.662
0.119251
0.662
0.118248
0.424528
0.287891
0.133576
0.662
0.662
0.442491
0.662
0.273302
0.662
0.662
0.621936
0.662
0.662
0.0902971
0.643488
0.662
0.0433646
0.662
0.372254
0.0668908
0.165634
0.236853
0.662
0.662
0.662
0.662
0.662
0.189708
0.662
0.662
0.11688
0.190639
0.437853
0.422198
0.660933
0.312246
0.18007
0.662
0.660581
0.453606
0.629763
0.603906
0.413676
0.41859
0.662
0.316366
0.626784
0.662
0.662
0.351153
0.645019
0.363997
0.310765
0.662
0.322603
0.625803
0.402157
0.662
0.662
0.662
0.443404
0.662
0.365076
0.319965
0.32898
0.0202641
0.475439
0.662
0.606709
0.662
0.662
0.336018
0.503299
0.390488
0.662
0.662
0.109549
0.662
0.662
0.415835
0.390933
0.49201
0.058665
0.323606
0.196608
0.662
0.283085
0.0077446
0.179412
0.322516
0.662
0.662
0.662
0.178683
0.662
0.569267
0.230236
0.662
0.662
0.0024309
0.545975
0.643012
0.412377
0.662
0.662
0.61365
0.141663
0.184841
0.662
0.662
0.662
0.662
0.662
0.337464
0.662
0.197737
0.662
0.188421
0.237298
0.340857
0.308773
0.08612
0.119747
0.234693
0.0934703
0.662
0.193006
0.0131538
0.36959
0.662
0.149532
0.305018
0.4519
0.388642
0.387854
0.575362
0.466513
0.386679
0.662
0.314844
0.651393
0.662
0.34211
0.209776
0.457623
0.223624
0.662
0.336327
0.543806
0.465306
0.191718
0.0425556
0.662
0.662
0.189851
0.662
0.141347
0.0352848
0.662
0.662
0.662
0.662
0.062
0.662
0.662
0.662
0.393431
0.662
0.438517
0.662
0.662
0.662
0.601511
0.255849
0.662
0.662
0.662
0.126628
0.201025
0.662
0.629706
0.549314
0.078765
0.040354
0.662
0.662
0.662
0.365666
0.662
0.662
0.170877
0.284208
0.662
0.272772
0.662
0.425801
0.148693
0.311354
0.662
0.662
0.456964
0.180203
0.299139
0.293835
0.662
0.418712
0.350093
0.662
0.662
0.609676
0.41338
0.0605863
0.205867
0.662
0.662
0.662
0.662
0.252441
0.476434
0.226367
0.422283
0.550089
0.221594
0.662
0.59587
0.662
0.200413
0.662
0.375773
0.662
0.662
0.000445082
0.537537
0.662
0.391689
0.662
0.662
0.662
0.352056
0.497149
0.636692
0.662
0.313811
0.662
0.233548
0.662
0.242998
0.545945
0.662
0.662
0.662
0.284142
0.662
0.187667
0.662
0.662
0.154384
0.058435
0.483188
0.431562
0.340674
0.662
0.662
0.662
0.662
0.662
0.460671
0.662
0.662
0.438071
0.662
0.223518
0.472433
0.16154
0.03358
0.0332847
0.662
0.171577
0.116112
0.217709
0.662
0.419892
0.399891
0.042073
0.662
0.662
0.20971
0.662
0.607435
0.520332
0.247232
0.662
0.224772
0.409957
0.662
0.50325
0.452079
0.628765
0.605453
0.138738
0.662
0.0263066
0.662
0.662
0.662
0.432787
0.319099
0.662
0.395924
0.642332
0.268254
0.222311
0.599424
0.0496004
0.376379
0.186384
0.506609
0.203226
0.662
0.662
0.40616
0.423315
0.244253
0.35988
0.0186662
0.662
0.637499
0.587114
0.662
0.662
0.249478
0.235901
0.662
0.24262
0.450469
0.194965
0.436869
0.0308098
0.0218349
0.662
0.662
0.190512
0.334659
0.230434
0.528713
0.385481
0.143596
0.662
