0.662
0.291885
0.662
0.662
0.662
0.61308
0.114877
0.277123
0.148967
0.662
0.662
0.339913
0.647434
0.635309
0.662
0.371856
0.662
0.662
0.662
0.435721
0.662
0.662
0.662
0.662
0.316795
0.197111
0.662
0.662
0.662
0.154384
0.662
0.662
0.205284
0.662
0.208969
0.554218
0.662
0.662
0.476056
0.662
0.662
0.662
0.109189
0.176477
0.662
0.360045
0.299797
0.33255
0.662
0.662
0.179303
0.0653143
0.662
0.323655
0.484257
0.159696
0.662
0.662
0.0286848
0.104989
0.662
0.662
0.20839
0.662
0.662
0.428995
0.501466
0.662
0.558327
0.450843
0.662
0.0577244
0.662
0.443895
0.0236511
0.258851
0.311489
0.662
0.0246907
0.407062
0.401968
0.609229
0.662
0.382745
0.308041
0.662
0.593357
0.371418
0.108622
0.161263
0.198087
0.0432717
0.199864
0.276014
0.344804
0.61902
0.164641
0.14305
0.30795
0.194689
0.662
0.662
0.662
0.662
0.662
0.609258
0.662
0.337245
0.41799
0.155406
0.0719118
0.662
0.279093
0.618205
0.287371
0.109685
0.662
0.406551
0.662
0.152155
0.206346
0.156204
0.482247
0.662
0.49414
0.0508619
0.259602
0.410317
0.144465
0.076585
0.662
0.662
0.662
0.387812
0.662
0.177961
0.491098
0.19613
0.0103533
0.312258
0.662
0.662
0.662
0.662
0.467761
0.662
0.208753
0.662
0.160047
0.288157
0.194643
0.338792
0.662
0.662
0.314483
0.371321
0.62528
0.503664
0.00428356
0.662
0.662
0.662
0.662
0.136314
0.662
0.493557
0.226231
0.486547
0.662
0.662
0.662
0.611424
0.662
0.662
0.100325
0.138085
0.662
0.662
0.229715
0.518853
0.23546
0.0753358
0.310092
0.502316
0.103657
0.597632
0.320209
0.409947
0.280526
0.662
0.224459
0.662
0.0261956
0.190314
0.662
0.483348
0.662
0.261334
0.38082
0.573586
0.503877
0.662
0.595178
0.430119
0.317121
0.662
0.574563
0.0112218
0.662
0.662
0.662
0.662
0.662
0.662
0.662
0.420362
0.662
0.662
0.662
0.662
0.0518039
0.662
0.662
0.142496
0.316978
0.662
0.506337
0.252803
0.662
0.662
0.662
0.662
0.516766
0.452465
0.662
0.662
0.662
0.599453
0.662
0.313255
0.662
0.662
0.0549425
0.27843
0.662
0.662
0.0948721
0.457797
0.42001
0.163681
0.662
0.446992
0.662
0.138359
0.608317
0.38647
0.286883
0.613225
0.107188
0.662
0.409065
0.662
0.662
0.556599
0.454465
0.0766982
0.104096
0.662
0.53683
0.662
0.306046
0.209412
0.662
0.662
0.433228
0.374132
0.00416383
0.662
0.412132
0.378858
0.37199
0.662
0.341709
0.366246
0.0209422
0.662
0.662
0.662
0.260599
0.285841
0.662
0.662
0.273511
0.00340775
0.614866
0.46411
0.662
0.662
0.467731
0.425991
0.662
0.3127
0.636632
0.356734
0.454011
0.502612
0.52222
0.662
0.36089
0.0814868
0.662
0.235647
0.662
0.253024
0.662
0.662
0.64976
0.397526
0.220207
0.397303
0.332519
0.138096
0.175612
0.536908
0.662
0.0991681
0.143111
0.273979
0.0603165
0.289798
0.662
0.312227
0.325012
0.330143
0.662
0.49868
0.662
0.662
0.0939295
0.257286
0.662
0.662
0.34555
0.662
0.343642
0.063609
0.551613
0.662
0.197493
0.479187
0.076529
0.193101
0.428393
0.662
0.269602
0.129895
0.144854
0.662
0.0603541
0.146711
0.656966
0.382813
0.662
0.373059
0.284467
0.27338
0.29271
0.662
0.462128
0.0494252
0.53407
0.0182946
0.662
0.346804
0.45404
0.476302
0.339164
0.39491
0.106977
0.662
0.348433
0.0574972
0.220282
0.662
0.242227
0.662
0.662
0.662
0.156235
0.662
0.662
0.252252
0.519749
0.453219
0.200957
0.662
0.463429
0.312875
0.0992973
0.0578993
0.0192519
0.662
0.581266
0.15041
0.105824
0.167084
0.246575
0.662
0.662
0.21675
0.328094
0.207481
0.183923
0.662
0.662
0.0550075
0.479327
0.662
0.662
0.470706
0.399345
0.662
0.662
0.662
0.197921
0.633253
0.662
0.458145
0.638379
0.319443
0.144855
0.662
0.163346
0.154782
0.188133
0.662
0.529837
0.495768
0.662
0.0882059
0.662
0.449734
0.336587
0.471584
0.101884
0.305589
0.505737
0.617285
0.662
0.374188
0.29071
0.289802
0.0450933
0.465263
0.0286095
0.0656814
0.0750306
0.201118
0.662
0.475882
0.199358
0.662
0.455817
0.0909195
0.662
0.162811
0.403639
0.530789
0.156759
0.287829
0.123398
0.662
0.243927
0.431923
0.0878399
0.177986
0.373452
0.662
0.662
0.0192511
0.468002
0.134858
0.229661
0.394156
0.662
0.662
0.26375
0.175996
0.662
0.662
0.562131
0.169966
0.250311
0.662
0.0829932
0.662
0.662
0.662
0.175383
0.662
0.625684
0.662
0.0985399
0.123017
0.662
0.481209
0.597669
0.294117
0.662
0.662
0.602078
0.662
0.208355
0.662
0.314358
0.662
0.0490183
0.427997
0.662
0.633599
0.318707
0.564398
0.143486
0.153681
0.339738
0.149174
0.308965
0.662
0.197983
0.345927
0.318519
0.662
0.356764
0.662
0.0407998
0.662
0.420157
0.662
0.234332
0.25782
0.410848
0.662
0.662
0.662
0.662
0.662
0.0956332
0.477018
0.188682
0.169242
0.14657
0.305393
0.447328
0.249854
0.429493
0.465478
0.0390788
0.636646
0.662
0.662
0.329456
0.191313
0.146685
0.58006
0.662
0.662
0.410658
0.613931
0.321514
0.662
0.662
0.662
0.195743
0.0901716
0.662
0.227012
0.662
0.0921612
0.662
0.662
0.646912
0.193924
0.662
0.436518
0.35587
0.662
0.171701
0.327857
0.380905
0.662
0.356347
0.662
0.0910725
0.226022
0.662
0.401014
0.662
0.320272
0.662
0.17195
0.102574
0.229255
0.450552
0.662
0.203631
0.17537
0.092095
0.126871
0.186916
0.343898
0.375979
0.202713
0.662
0.662
0.0875219
0.453579
0.662
0.662
0.662
0.662
0.470656
0.105949
0.662
0.662
0.431054
0.429165
0.662
0.0735548
0.662
0.207114
0.26293
0.544921
0.56621
0.63339
0.662
0.662
0.129056
0.408327
0.0772539
0.313308
0.10997
0.662
0.0495321
0.662
0.662
0.321082
0.381787
0.662
0.250105
0.226675
0.155967
0.62947
0.414606
0.501198
0.54108
0.434507
0.0572575
0.213294
0.579983
0.118561
0.662
0.284838
0.662
0.662
0.280153
0.305079
0.245479
0.576106
0.270704
0.662
0.662
0.31129
0.662
0.0815531
0.662
0.658364
0.455567
0.607404
0.662
0.391935
0.662
0.301519
0.306367
0.478555
0.0359383
0.34859
0.209505
0.32866
0.285638
0.662
0.662
0.662
0.332847
0.662
0.408992
0.538049
0.583657
0.559873
0.303115
0.2955
0.313414
0.0494207
0.662
0.587984
0.0550422
0.320861
0.446387
0.0337701
0.0539605
0.662
0.662
0.662
0.662
0.224086
0.184675
0.00411303
0.662
0.0443029
0.408463
0.662
0.661241
0.662
0.230536
0.354306
0.37334
0.583847
0.662
0.523915
0.080835
0.196423
0.142203
0.466781
0.275921
0.430428
0.662
0.459154
0.131542
0.446857
0.380089
0.357994
0.662
0.0561982
0.135292
0.184
0.662
0.377184
0.456653
0.490949
0.300646
0.557118
0.662
0.662
0.033856
0.662
0.662
0.543333
0.30578
0.462487
0.662
0.302691
0.0912359
0.513625
0.662
0.116717
0.230382
0.289295
0.0698147
0.322273
0.662
0.643259
0.552402
0.662
0.662
0.662
0.662
0.00437642
0.108035
0.662
0.662
0.125115
0.662
0.481779
0.662
0.662
0.46102
0.662
0.285077
0.478699
0.662
0.662
0.253773
0.0440649
0.662
0.0781905
0.29361
0.650901
0.610396
0.662
0.29505
0.662
0.603478
0.313653
0.662
0.632974
0.360508
0.446669
0.662
0.157843
0.449442
0.662
0.0335473
0.437836
0.662
0.662
0.451713
0.208984
0.257313
0.293043
0.662
0.662
0.588951
0.0269155
0.0969654
0.662
0.662
0.416468
0.20325
0.662
0.648621
0.23307
0.662
0.662
0.54531
0.0817763
0.467631
0.662
0.662
0.49584
0.592436
0.455707
0.31679
0.58115
0.662
0.410506
0.237431
0.662
0.662
0.230359
0.662
0.652166
0.662
0.662
0.213714
0.565697
0.260554
0.662
0.232131
0.598711
0.273301
0.64089
0.575907
0.605414
0.662
0.197729
0.662
0.662
0.395949
0.662
0.286801
0.454195
0.372726
0.188584
0.618994
0.336152
0.367294
0.436403
0.662
0.341492
0.123608
0.0377438
0.662
0.322481
0.171355
0.43014
0.662
0.42655
0.662
0.326365
0.0596434
0.501154
0.215241
0.322338
0.41526
0.07555
0.126359
0.662
0.33901
0.605462
0.405503
0.662
0.662
0.489126
0.159128
0.283993
0.308934
0.662
0.581771
0.662
0.267026
0.662
0.125259
0.0327627
0.662
0.195817
0.662
0.163349
0.564823
0.109601
0.662
0.189988
0.044407
0.400968
0.662
0.662
0.416409
0.662
0.631376
0.662
0.662
0.662
0.069719
0.178062
0.251174
0.211368
0.392252
0.01878
0.165699
0.343924
0.662
0.421159
0.175673
0.419003
0.05075
0.0620111
0.0912485
0.662
0.413205
0.417482
0.662
0.662
0.662
0.662
0.0923152
0.115073
0.662
0.402115
0.662
0.640436
0.662
0.0972987
0.662
0.662
0.149118
0.662
0.255481
0.22154
0.206206
0.335666
0.190613
0.0715726
0.208484
0.104551
0.662
0.662
0.141633
0.662
0.62452
0.662
0.469477
0.216841
0.219887
0.662
0.170101
0.423081
0.662
0.101472
0.561447
0.298887
0.137011
0.197955
0.662
0.119352
0.36943
0.167882
0.372801
0.177598
0.662
0.123464
0.304428
0.652858
0.107625
0.662
0.662
0.583439
0.179791
