0.109549
0.36137
0.662
0.662
0.662
0.299139
0.0496004
0.662
0.608287
0.662
0.662
0.662
0.244253
0.662
0.662
0.662
0.662
0.252441
0.0347756
0.662
0.272772
0.662
0.227619
0.662
0.59587
0.402157
0.662
0.662
0.15334
0.310833
0.662
0.210632
0.230434
0.662
0.606709
0.662
0.397281
0.662
0.292932
0.228569
0.662
0.641549
0.603818
0.662
0.662
0.662
0.268759
0.662
0.438517
0.0902971
0.662
0.525512
0.662
0.662
0.310765
0.662
0.224772
0.662
0.217709
0.662
0.662
0.319099
0.662
0.496912
0.141113
0.14649
0.383446
0.0186662
0.662
0.0667913
0.629763
0.40616
0.126628
0.230583
0.199479
0.180203
0.176723
0.662
0.0555549
0.17564
0.662
0.40597
0.209776
0.148693
0.660933
0.662
0.363997
0.662
0.098143
0.662
0.662
0.497149
0.636692
0.423518
0.662
0.256595
0.355189
0.662
0.153408
0.201025
0.662
0.662
0.662
0.268254
0.163609
0.662
0.440453
0.203226
0.662
0.662
0.629133
0.460671
0.291633
0.662
0.198449
0.393431
0.272148
0.662
0.283085
0.0077446
0.662
0.223624
0.662
0.436869
0.188521
0.136034
0.0530372
0.44197
0.662
0.662
0.662
0.338711
0.651393
0.662
0.662
0.0490749
0.662
0.25077
0.662
0.650592
0.189851
0.418712
0.662
0.338089
0.662
0.662
0.222311
0.391689
0.465306
0.662
0.236853
0.453606
0.662
0.412377
0.662
0.662
0.662
0.662
0.662
0.662
0.0131538
0.662
0.432787
0.052735
0.0425556
0.662
0.545975
0.0202641
0.190512
0.421221
0.662
0.545945
0.203654
0.36959
0.662
0.662
0.662
0.413676
0.662
0.662
0.55331
0.0576132
0.208033
0.390933
0.662
0.365076
0.568744
0.484959
0.662
0.22436
0.336018
0.662
0.662
0.116112
0.662
0.650496
0.293835
0.119251
0.156279
0.569267
0.587114
0.662
0.365666
0.334659
0.662
0.643488
0.662
0.49042
0.662
0.662
0.0668908
0.457036
0.352056
0.023057
0.513811
0.605453
0.197737
0.662
0.0840493
0.042073
0.150133
0.408865
0.415045
0.643012
0.335137
0.0031754
0.662
0.323606
0.662
0.456964
0.662
0.107869
0.165953
0.0605863
0.662
0.458017
0.662
0.662
0.10953
0.183755
0.315002
0.149532
0.662
0.662
0.575362
0.662
0.412059
0.662
0.472433
0.436895
0.662
0.662
0.269532
0.662
0.662
0.34211
0.662
0.0332847
0.0904132
0.662
0.662
0.662
0.291406
0.626784
0.32898
0.223518
0.118248
0.424528
0.662
0.662
0.171577
0.319965
0.662
0.207293
0.662
0.662
0.020472
0.26178
0.662
0.16154
0.437853
0.0424604
0.194965
0.662
0.662
0.371885
0.628765
0.662
0.156949
0.415835
0.273302
0.662
0.662
0.0252697
0.28382
0.662
0.078765
0.356692
0.662
0.662
0.151673
0.111918
0.662
0.483188
0.662
0.662
0.409957
0.115413
0.662
0.662
0.336327
0.188421
0.263871
0.32567
0.52928
0.310344
0.332024
0.216859
0.662
0.662
0.662
0.141663
0.340674
0.29774
0.058665
0.61365
0.662
0.506609
0.181803
0.662
0.662
0.127385
0.662
0.662
0.549314
0.636391
0.277014
0.322516
0.100589
0.360267
0.237298
0.388642
0.662
0.18007
0.03358
0.36532
0.34707
0.425545
0.662
0.20836
0.0562287
0.625803
0.466513
0.643207
0.662
0.37573
0.662
0.662
0.135454
0.662
0.662
0.41859
0.662
0.662
0.662
0.313811
0.06905
0.392224
0.0934703
0.662
0.399334
0.337464
0.601509
0.141347
0.28204
0.662
0.662
0.662
0.147368
0.662
0.662
0.662
0.662
0.662
0.387854
0.662
0.637499
0.375773
0.292658
0.662
0.314844
0.308773
0.537537
0.662
0.442663
0.662
0.662
0.550089
0.662
0.662
0.662
0.386679
0.356769
0.662
0.662
0.542652
0.524999
0.292206
0.119747
0.357931
0.662
0.165634
0.435727
0.193846
0.411455
0.205867
0.662
0.645019
0.215133
0.24262
0.37481
0.662
0.303057
0.040354
0.662
0.662
0.1762
0.324243
0.662
0.256294
0.662
0.662
0.255849
0.662
0.423315
0.412563
0.0517413
0.438071
0.662
0.476434
0.662
0.249478
0.225706
0.197474
0.662
0.642332
0.0507139
0.433002
0.228484
0.662
0.0660672
0.662
0.526517
0.603906
0.607435
0.548638
0.652367
0.472105
0.434012
0.662
0.662
0.133576
0.662
0.50325
0.662
0.662
0.191497
0.431562
0.193006
0.457623
0.184841
0.443404
0.396018
0.617949
0.41338
0.601511
0.287891
0.662
0.442814
0.662
0.185257
0.662
0.435737
0.662
0.138781
0.322603
0.617175
0.170877
0.245529
0.555378
0.20971
0.571029
0.662
0.0024309
0.122439
0.662
0.310276
0.0915428
0.475439
0.662
0.662
0.662
0.179412
0.662
0.0408288
0.169207
0.0265251
0.190639
0.662
0.526191
0.376379
0.662
0.662
0.662
0.162484
0.0308098
0.224918
0.35988
0.662
0.390488
0.662
0.662
0.0173495
0.511799
0.662
0.662
0.662
0.364989
0.340857
0.281242
0.662
0.662
0.662
0.662
0.662
0.662
0.662
0.662
0.662
0.662
0.422198
0.372254
0.312246
0.662
0.662
0.662
0.200413
0.114844
0.662
0.311354
0.662
0.526048
0.399891
0.662
0.191718
0.662
0.434786
0.662
0.305018
0.242998
0.662
0.385481
0.11688
0.662
0.08612
0.662
0.234693
0.154384
0.662
0.662
0.662
