0.132978
0.662
0.464596
0.662
0.662
0.201437
0.600707
0.281013
0.0483717
0.577286
0.521879
0.280849
0.299781
0.662
0.462849
0.297713
0.0284802
0.585486
0.622238
0.632121
0.662
0.404456
0.662
0.662
0.47251
0.483206
0.644135
0.0455903
0.662
0.35829
0.310047
0.0208179
0.398822
0.662
0.125693
0.335741
0.39178
0.167503
0.662
0.222178
0.584334
0.643334
0.1556
0.410158
0.650447
0.423818
0.662
0.662
0.19639
0.511925
0.273383
0.112486
0.172348
0.138192
0.624007
0.662
0.239485
0.653425
0.662
0.662
0.209585
0.655956
0.110682
0.662
0.0762386
0.0371939
0.15957
0.0490176
0.221143
0.430302
0.650918
0.0396389
0.193755
0.0996416
0.662
0.662
0.0147433
0.250972
0.662
0.662
0.641736
0.662
0.191496
0.662
0.662
0.131799
0.662
0.393691
0.251991
0.208512
0.662
0.662
0.39446
0.203918
0.524413
0.348406
0.423859
0.662
0.662
0.232185
0.616911
0.171604
0.477008
0.662
0.223518
0.662
0.662
0.251545
0.381284
0.184214
0.480699
0.157061
0.662
0.662
0.428496
0.383322
0.187453
0.373971
0.076376
0.662
0.662
0.662
0.662
0.662
0.250408
0.624479
0.233886
0.662
0.328899
0.186763
0.0491901
0.662
0.0739606
0.0297122
0.603092
0.662
0.142369
0.19957
0.256268
0.064634
0.345114
0.301137
0.662
0.662
0.662
0.326836
0.662
0.662
0.293321
0.0742311
0.662
0.662
0.662
0.340496
0.662
0.277781
0.662
0.662
0.556507
0.662
0.662
0.452252
0.152938
0.0381686
0.650474
0.140856
0.360061
0.662
0.423501
0.36981
0.113484
0.662
0.424656
0.00243858
0.235045
