0.0666711
0.662
0.253676
0.662
0.029674
0.183187
0.215721
0.126837
0.0945934
0.461207
0.662
0.237189
0.507031
0.48083
0.165589
0.63508
0.662
0.662
0.342444
0.00360765
0.219327
0.400854
0.130267
0.662
0.279661
0.662
0.662
0.647552
0.276528
0.0877555
0.608893
0.265715
0.662
0.662
0.327996
0.662
0.163103
0.246485
0.0681497
0.183947
0.662
0.436183
0.662
0.467926
0.0246618
0.662
0.662
0.366612
0.662
0.661877
0.0155991
0.0958563
0.0645079
0.662
0.208912
0.250827
0.38825
0.566483
0.163392
0.228298
0.329516
0.662
0.284302
0.611147
0.662
0.662
0.0658218
0.20707
0.238486
0.269093
0.456769
0.662
0.104442
0.197927
0.272333
0.370013
0.157228
0.000933679
0.662
0.662
0.662
0.662
0.19857
0.662
0.585831
0.458837
0.354003
0.662
0.662
0.662
0.556063
0.258944
0.485523
0.0328822
0.212835
0.481222
0.662
0.462538
0.169429
0.471474
0.195407
0.662
0.662
0.0832836
0.455537
0.186367
0.662
0.33188
0.395724
0.662
0.283922
0.395762
0.638043
0.137459
0.633694
0.662
0.179549
0.662
0.662
0.113263
0.465253
0.237053
0.157775
0.203936
0.662
0.191095
0.593818
0.0695891
0.449984
0.141148
0.198474
0.0370197
0.222449
0.0189083
0.662
0.662
0.134539
0.662
0.64934
0.228235
0.342431
0.478296
0.655323
0.202167
0.597846
0.0238287
0.662
0.337934
0.662
0.662
0.281607
0.147704
0.376003
0.662
0.321807
0.662
0.662
0.459182
0.1713
0.662
0.279742
0.31622
0.278042
0.662
0.662
0.582625
0.662
0.295582
0.662
0.662
0.662
0.141445
0.00492133
0.662
0.662
0.509259
0.449444
0.181096
0.625071
0.229311
0.367254
0.662
0.215549
0.077728
0.231453
0.165102
0.662
0.189673
0.662
0.217121
0.274738
0.118931
0.662
0.0430818
0.65867
0.662
0.662
0.258028
0.65735
0.428209
0.199593
0.578982
0.662
0.662
0.662
0.662
0.237497
0.662
0.662
0.662
