0.662
0.00138535
0.610212
0.312304
0.662
0.314839
0.226402
0.662
0.662
0.643207
0.263871
0.662
0.0614269
0.662
0.662
0.0579796
0.513753
0.662
0.201025
0.299964
0.629855
0.507943
0.662
0.662
0.165819
0.249821
0.662
0.444412
0.146335
0.662
0.268254
0.230434
0.207293
0.662
0.276817
0.082922
0.662
0.662
0.199479
0.662
0.202335
0.151673
0.662
0.220182
0.413704
0.168251
0.569267
0.662
0.471457
0.662
0.203007
0.154384
0.127944
0.293036
0.193006
0.662
0.545414
0.0635634
0.662
0.662
0.662
0.662
0.662
0.619194
0.653626
0.662
0.187409
0.662
0.662
0.315002
0.662
0.457623
0.364685
0.505192
0.662
0.303057
0.17697
0.384243
0.0691516
0.299139
0.188421
0.662
0.367398
0.64055
0.224918
0.59631
0.660933
0.603228
0.662
0.53987
0.185257
0.662
0.184841
0.242998
0.442954
0.662
0.109549
0.662
0.662
0.138739
0.127678
0.192172
0.533357
0.475228
0.0988667
0.177376
0.222444
0.431046
0.415045
0.476461
0.36346
0.662
0.321477
0.168186
0.437779
0.662
0.662
0.0499526
0.0576132
0.341918
0.17609
0.355607
0.662
0.662
0.662
0.662
0.662
0.662
0.662
0.569727
0.0982289
0.662
0.662
0.537903
0.662
0.300237
0.61365
0.269102
0.206767
0.662
0.662
0.336577
0.662
0.662
0.347983
0.188316
0.350279
0.444501
0.189471
0.0306353
0.662
0.212594
0.162484
0.246011
0.662
0.662
0.392224
0.662
0.384961
0.662
0.662
0.662
0.575773
0.662
0.448096
0.400643
0.462396
0.662
0.662
0.274872
0.362559
0.217288
0.662
0.662
0.362201
0.0660672
0.662
0.190205
0.0896385
0.424528
0.439154
0.111918
0.661913
0.329939
0.662
0.134435
0.662
0.662
0.662
0.438426
0.185857
0.522111
0.269858
0.532528
0.662
0.456964
0.227926
0.524266
0.124318
0.662
0.439064
0.637621
0.662
0.303137
0.4519
0.268724
0.102176
0.317203
0.193846
0.203288
0.4646
0.0120155
0.040354
0.662
0.160812
0.662
0.586511
0.348339
0.662
0.662
0.662
0.601509
0.434515
0.248189
0.271977
0.662
0.662
0.175509
0.301835
0.41475
0.662
0.364572
0.383446
0.662
0.662
0.524999
0.662
0.662
0.625361
0.234215
0.662
0.662
0.239745
0.633861
0.243193
0.662
0.662
0.0915428
0.292932
0.662
0.355266
0.305979
0.337143
0.230324
0.643012
0.662
0.491788
0.105431
0.0566106
0.662
0.338711
0.662
0.424947
0.290333
0.662
0.35988
0.662
0.463148
0.662
0.508951
0.662
0.662
0.0729758
0.662
0.662
0.210061
0.322297
0.527447
0.0840493
0.662
0.471199
0.254573
0.215133
0.394543
0.662
0.49889
0.0133155
0.0373516
0.643488
0.662
0.0612439
0.465958
0.264505
0.163263
0.226774
0.286466
0.548638
0.310276
0.481912
0.225448
0.662
0.662
0.662
0.575362
0.239001
0.109501
0.555378
0.662
0.583723
0.37573
0.662
0.058665
0.22436
0.20971
0.119251
0.651393
0.185814
0.00336317
0.28203
0.322769
0.440453
0.662
0.584711
0.662
0.10953
0.029657
0.32617
0.662
0.662
0.296495
0.075967
0.305308
0.662
0.439081
0.662
0.662
0.21182
0.662
0.150133
0.0258194
0.254497
0.662
0.662
0.662
0.662
0.34211
0.662
0.453169
0.662
0.304722
0.537828
0.506609
0.662
0.120072
0.662
0.662
0.443224
0.662
0.310743
0.662
0.662
0.662
0.238986
0.662
0.208232
0.253862
0.239151
0.662
0.445438
0.383546
0.248544
0.662
0.662
0.017187
0.255849
0.279312
0.174184
0.206055
0.662
0.00198872
0.240327
0.390933
0.0024309
0.056153
0.662
0.662
0.662
0.34079
0.278018
0.180006
0.662
0.399759
0.378186
0.34109
0.662
0.403444
0.587114
0.40616
0.11324
0.662
0.662
0.662
0.435433
0.662
0.275818
0.662
0.662
0.662
0.216393
0.270287
0.662
0.662
0.023057
0.302632
0.418712
0.662
0.203128
0.662
0.59587
0.662
0.662
0.383454
0.385481
0.662
0.662
0.662
0.337798
0.124304
0.240933
0.662
0.194965
0.662
0.348821
0.485791
0.662
0.438071
0.0490026
0.363997
0.621545
0.662
0.662
0.662
0.662
0.662
0.646965
0.278245
0.244531
0.598231
0.43638
0.645821
0.662
0.0595904
0.428509
0.230425
0.328944
0.662
0.240396
0.00631207
0.636391
0.662
0.436398
0.662
0.662
0.662
0.335137
0.110256
0.412563
0.662
0.0265251
0.236488
0.14649
0.662
0.662
0.28204
0.187158
0.662
0.662
0.662
0.0589497
0.492145
0.376129
0.522587
0.662
0.541624
0.0902971
0.32567
0.662
0.662
0.109967
0.662
0.662
0.0648192
0.470249
0.662
0.662
0.662
0.396468
0.662
0.220045
0.244477
0.00408493
0.395305
0.364969
0.596225
0.662
0.662
0.662
0.662
0.0217418
0.593602
0.13504
0.359506
0.662
0.435685
0.513811
0.40573
0.108415
0.201415
0.322603
0.16154
0.662
0.662
0.662
0.311034
0.14631
0.662
0.499473
0.44586
0.662
0.114784
0.662
0.3129
0.662
0.662
0.662
0.592582
0.639741
0.126848
0.292791
0.0495948
0.662
0.192993
0.662
0.217481
0.209776
0.0840001
0.442671
0.662
0.169646
0.186649
0.662
0.618766
0.662
0.662
0.529511
0.662
0.662
0.624734
0.645019
0.238763
0.534463
0.438517
0.662
0.228569
0.662
0.432787
0.174431
0.662
0.662
0.464293
0.043064
0.468588
0.662
0.662
0.0122111
0.662
0.281494
0.319728
0.662
0.291406
0.346156
0.662
0.324127
0.662
0.662
0.057309
0.4392
0.236372
0.662
0.662
0.247576
0.308234
0.662
0.662
0.587493
0.662
0.284074
0.138781
0.662
0.662
0.662
0.662
0.03358
0.392277
0.662
0.201678
0.551429
0.453606
0.662
0.662
0.08612
0.662
0.156949
0.292206
0.212457
0.344909
0.309433
0.662
0.662
0.662
0.662
0.465586
0.134927
0.153881
0.526184
0.104829
0.435285
0.420713
0.266276
0.0496004
0.662
0.132133
0.390714
0.120342
0.294608
0.385446
0.0248656
0.662
0.662
0.662
0.662
0.0753118
0.541431
0.302947
0.071359
0.496408
0.662
0.0564865
0.662
0.481806
0.585247
0.191718
0.253947
0.662
0.662
0.45034
0.197928
0.156279
0.319965
0.662
0.662
0.662
0.662
0.662
0.662
0.330087
0.216859
0.18007
0.411705
0.38792
0.292658
0.273129
0.662
0.662
0.662
0.629406
0.662
0.662
0.228484
0.662
0.662
0.275483
0.662
0.215251
0.662
0.662
0.0676473
0.211382
0.662
0.638632
0.637499
0.662
0.662
0.662
0.662
0.662
0.192503
0.20971
0.259488
0.353121
0.165634
0.662
0.662
0.390586
0.271401
0.283085
0.0871571
0.205388
0.234825
0.629133
0.612127
0.662
0.662
0.415537
0.403274
0.217709
0.0966091
0.651413
0.198344
0.421394
0.159792
0.662
0.205867
0.443404
0.0693309
0.662
0.662
0.24262
0.274626
0.662
0.457586
0.1997
0.277805
0.118121
0.020472
0.662
0.380568
0.662
0.234295
0.16984
0.035336
0.270324
0.448564
0.325454
0.662
0.662
0.286363
0.38368
0.662
0.365076
0.385828
0.419324
0.381732
0.662
0.447481
0.662
0.662
0.662
0.355646
0.136288
0.603818
0.662
0.662
0.662
0.662
0.662
0.550089
0.662
0.465306
0.662
0.253844
0.493031
0.662
0.568744
0.662
0.538394
0.628765
0.148414
0.662
0.0496624
0.240854
0.291806
0.324243
0.662
0.543574
0.225706
0.662
0.250442
0.381478
0.662
0.575854
0.21599
0.202324
0.416675
0.424891
0.662
0.662
0.662
0.11688
0.619745
0.662
0.32898
0.52456
0.313811
0.662
0.351699
0.367588
0.226561
0.369738
0.113824
0.662
0.662
0.20836
0.662
0.192028
0.190639
