0.662
0.188421
0.662
0.110235
0.0729758
0.233062
0.341711
0.0495948
0.603667
0.662
0.662
0.652903
0.378801
0.253947
0.53987
0.10591
0.662
0.662
0.662
0.662
0.662
0.603818
0.662
0.390523
0.551429
0.180222
0.202324
0.185814
0.662
0.186649
0.662
0.662
0.187158
0.493031
0.167699
0.0798059
0.662
0.138278
0.662
0.274072
0.614578
0.543574
0.212594
0.549053
0.123282
0.662
0.259488
0.369431
0.159792
0.662
0.47706
0.662
0.113994
0.199636
0.524264
0.355266
0.0317678
0.662
0.0687878
0.662
0.662
0.191039
0.662
0.447481
0.662
0.662
0.52456
0.439064
0.114679
0.185432
0.253844
0.291806
0.127678
0.356732
0.662
0.662
0.14997
0.188316
0.662
0.129129
0.465586
0.163263
0.662
0.422293
0.662
0.662
0.38368
0.234245
0.0819227
0.119284
0.153881
0.179012
0.225396
0.223586
0.662
0.662
0.0142145
0.662
0.192993
0.380568
0.21371
0.277444
0.180006
0.662
0.60849
0.0431007
0.662
0.662
0.34079
0.662
0.635463
0.662
0.662
0.662
0.662
0.569727
0.0753118
0.21182
0.662
0.469646
0.0442007
0.0452231
0.662
0.662
0.234825
0.317203
0.49889
0.529511
0.633861
0.662
0.662
0.662
0.662
0.176194
0.496693
0.662
0.26157
0.499473
0.662
0.239051
0.122511
0.338711
0.186093
0.409276
0.662
0.662
0.662
0.662
0.190743
0.662
0.508951
0.662
0.174351
0.645821
0.662
0.37573
0.662
0.616888
0.0595904
0.254497
0.255637
0.439081
0.28978
0.662
0.662
0.165819
0.276817
0.262881
0.208677
0.662
0.273823
0.392224
0.662
0.0896385
0.424528
0.662
0.356317
0.106769
0.662
0.330087
0.596225
0.420461
0.42219
0.501721
0.662
0.662
0.521879
0.108415
0.328944
0.0971707
0.301835
0.584931
0.662
0.645019
0.0915428
0.20971
0.662
0.662
0.229674
0.662
0.310847
0.471165
0.503431
0.0797853
0.336078
0.150133
0.662
0.18768
0.414022
0.662
0.131281
0.662
0.662
0.435285
0.404586
0.303137
0.324382
0.662
0.416675
0.662
0.0120465
0.238763
0.662
0.662
0.0217418
0.0248656
0.239151
0.233377
0.185407
0.637499
0.662
0.662
0.662
0.130732
0.662
0.336327
0.45897
0.662
0.662
0.185427
0.34109
0.587493
0.662
0.440453
0.431082
0.662
0.373914
0.662
0.586181
0.197452
0.662
0.662
0.662
0.249134
0.200603
0.360834
0.662
0.662
0.541624
0.662
0.330464
0.00226483
0.35988
0.340954
0.255591
0.662
0.211021
0.662
0.662
0.662
0.363507
0.314839
0.470249
0.13504
0.217481
0.275771
0.662
0.310276
0.662
0.238986
0.197854
0.662
0.494547
0.662
0.235776
0.210061
0.229303
0.662
0.211891
0.662
0.28203
0.662
0.662
0.352805
0.662
0.662
0.435557
0.662
0.662
0.181493
0.0982289
0.662
0.355646
0.662
0.0981368
0.350279
0.117649
0.662
0.662
0.0465829
0.292658
0.503713
0.61365
0.308234
0.618751
0.264152
0.0638834
0.208037
0.257132
0.662
0.662
0.662
0.662
0.171941
0.662
0.662
0.662
0.662
0.305387
0.662
0.219839
0.27489
0.390714
0.398404
0.0938434
0.448481
0.662
0.662
0.300237
0.336193
0.228359
0.662
0.662
0.156279
0.169356
0.202341
0.347983
0.395305
0.364969
0.662
0.151673
0.662
0.501964
0.612127
0.662
0.390933
0.662
0.662
0.662
0.662
0.138739
0.439109
0.662
0.413704
0.662
0.138781
0.20836
0.507943
0.214391
0.452502
0.315002
0.428014
0.453606
0.201678
0.203128
0.385828
0.15274
0.662
0.226402
0.662
0.250097
0.238493
0.662
0.662
0.662
0.39893
0.662
0.03358
0.154076
0.290911
0.434515
0.0840493
0.662
0.0886856
0.0958474
0.662
0.662
0.662
0.231363
0.476676
0.662
0.662
0.662
0.456964
0.662
0.228569
0.109549
0.234215
0.662
0.225448
0.338932
0.662
0.618766
0.438071
0.0576132
0.194965
0.662
0.662
0.662
0.0185119
0.20389
0.420298
0.408876
0.626863
0.662
0.37087
0.197928
0.324127
0.275818
0.441976
0.662
0.146335
0.266276
0.444501
0.662
0.20971
0.662
0.662
0.273129
0.662
0.271401
0.436398
0.424891
0.585247
0.0840001
0.208232
0.522587
0.662
0.029657
0.198344
0.214036
0.0780272
0.662
0.040354
0.348339
0.553305
0.662
0.662
0.662
0.145157
0.395581
0.224918
0.398337
0.662
0.662
0.0167623
0.294608
0.662
0.242998
0.289191
0.305979
0.18824
0.472615
0.662
0.662
0.355746
0.501824
0.619473
0.29241
0.662
0.184232
0.662
0.662
0.0882513
0.229813
0.622085
0.575773
0.0534438
0.0306353
0.445438
0.10953
0.286415
0.560303
0.269803
0.344909
0.662
0.662
0.32617
0.519991
0.662
0.187409
0.402632
0.662
0.662
0.662
0.662
0.662
0.110256
0.160588
0.275483
0.47838
0.662
0.225706
0.662
0.268724
0.179759
0.122189
0.371318
0.223971
0.662
0.491777
0.318143
0.0595904
0.287907
0.10335
0.662
0.662
0.662
0.662
0.640107
0.158318
0.109967
0.662
0.111918
0.268526
0.662
0.662
0.200374
0.662
0.293123
0.278654
0.662
0.120342
0.662
0.662
0.369966
0.662
0.0182716
0.322297
0.231261
0.292987
0.291406
0.155963
0.204857
0.525089
0.239745
0.476461
0.277899
0.662
0.411705
0.662
0.662
0.281003
0.472172
0.14649
0.662
0.244531
0.180277
0.122688
0.662
0.392277
0.206055
0.434787
0.217485
0.178093
0.579568
0.662
0.605163
0.662
0.342321
0.210953
0.307478
0.175086
0.292932
0.216859
0.466547
0.0251845
0.662
0.0938424
0.662
0.662
0.428776
0.294949
0.0938685
0.661913
0.662
0.299297
0.364572
0.221449
0.415565
0.294344
0.330417
0.44325
0.224384
0.187419
0.662
0.662
0.248189
0.662
0.023057
0.276219
0.662
0.369831
0.0871116
0.209776
0.281028
0.662
0.662
0.662
0.336577
0.34211
0.593602
0.662
0.662
0.0933067
0.44892
0.662
0.460969
0.0873413
0.245011
0.662
0.071359
0.662
0.168045
0.526184
0.662
0.662
0.286466
0.322731
0.488005
0.354758
0.293036
0.662
0.0808202
0.619745
0.513753
0.662
0.035336
0.231896
0.662
0.659087
0.662
0.0624944
0.283085
0.0871571
0.264505
0.533357
0.474593
0.21423
0.308607
0.0966091
0.337143
0.662
0.643207
0.165634
0.662
0.371613
0.662
0.353232
0.204503
0.210388
0.662
0.419997
0.662
0.191602
0.378294
0.662
0.24877
0.662
0.587114
0.662
0.260373
0.252799
0.11688
0.333515
0.0122451
0.479043
0.541431
0.662
0.662
0.662
0.310284
0.057309
0.193191
0.438731
0.00477287
0.239128
0.279145
0.662
0.662
0.196798
0.250442
0.662
0.184105
0.47296
0.120416
0.662
0.0447749
0.662
0.236652
0.00872736
0.343428
0.362559
0.432242
0.205867
0.150401
0.662
0.662
0.383546
0.353121
0.662
0.205904
0.322769
0.662
0.255089
0.174431
0.175509
0.217288
0.662
0.289088
0.230851
0.0335637
0.662
0.662
0.208562
0.662
0.0667853
0.662
0.662
0.256458
0.246011
0.227272
0.167691
0.0764655
0.662
0.502234
0.662
0.385739
0.660933
0.295618
0.0265251
0.662
0.226774
0.102176
0.662
0.662
0.346156
0.321198
0.187381
0.41475
0.662
0.292206
0.185857
0.662
0.269006
0.269858
0.201025
0.662
0.289125
0.610212
0.312304
0.313811
0.662
0.662
0.662
0.662
0.601509
0.136288
0.662
0.662
0.229081
0.371994
0.662
0.603377
0.662
0.203288
0.662
0.662
0.192028
0.144558
0.638632
0.222203
0.309387
0.215133
0.662
0.0565854
0.117033
0.662
0.662
0.662
0.056153
0.662
0.00578299
0.127044
0.569942
0.662
0.337798
0.00138535
0.124318
0.662
0.304848
0.662
0.168186
0.415537
0.662
0.0888448
0.268254
0.662
0.662
0.217709
0.385481
0.184841
0.462937
0.189471
0.38792
0.662
0.662
0.304753
0.396729
0.662
0.441227
0.662
0.662
0.662
0.434919
0.662
0.128828
0.651413
0.226602
0.44586
0.662
0.662
0.662
0.662
0.160122
0.662
0.0229731
0.28204
0.662
0.496837
0.226561
0.216393
0.662
0.401816
0.468828
0.662
0.172596
0.238045
0.269102
0.3722
0.187818
0.435685
0.662
0.230425
0.518433
0.594141
0.662
0.662
0.662
0.662
0.0496004
0.534463
0.0646791
0.4392
0.003658
0.537828
0.0507139
0.116731
0.292791
0.0305507
0.05673
0.403274
0.662
0.662
0.662
0.302632
0.662
0.550089
0.662
0.662
0.378186
0.28164
0.410203
0.169893
0.359441
0.058665
0.315999
0.0573717
0.0250672
0.192503
0.662
0.662
0.662
0.603228
0.334281
0.463148
0.274872
0.289116
0.662
0.497649
0.170181
0.456335
0.383446
0.309433
0.662
0.524999
0.662
0.629887
0.555378
0.662
0.586511
0.349685
0.639741
0.407674
0.24262
0.274626
0.462842
0.271977
0.206767
0.0988667
0.476874
0.643012
0.341375
0.348821
0.662
0.290333
0.662
0.662
0.261732
0.217819
0.610824
0.662
0.662
0.662
0.505829
0.241906
0.0579796
0.662
0.189372
0.0882851
0.465958
0.537903
0.662
0.662
0.662
0.216159
0.448096
0.563786
0.1997
0.662
0.662
0.0939318
0.156949
0.430811
0.662
0.662
0.335137
0.44314
0.142368
0.662
0.662
0.662
0.137741
0.662
0.211263
0.662
0.202335
0.354983
0.662
0.185257
0.284074
0.662
0.662
0.662
0.662
0.662
0.269541
0.343968
0.381478
0.643024
0.0490026
0.662
0.662
0.247576
0.662
0.662
0.40616
0.344977
0.662
0.367398
0.270324
0.124304
0.662
0.11324
0.662
0.662
0.662
0.662
0.281412
0.32567
0.662
0.277805
0.662
0.43638
0.0515554
0.631301
0.174184
0.662
0.439859
0.662
0.437779
0.662
0.255849
0.329939
0.248895
0.0224024
0.445057
0.120072
0.421394
0.082922
0.435433
0.415045
0.186256
0.419624
0.230405
0.662
0.662
0.346785
0.662
0.662
0.662
0.193424
0.662
0.0373516
0.324243
0.662
0.662
0.535356
0.545414
0.662
0.662
0.505192
0.662
0.662
0.177376
0.662
0.662
0.075967
0.470707
0.424947
0.22436
0.32898
0.662
0.662
0.390586
0.282271
0.224979
0.662
0.502556
0.00537111
0.662
0.662
0.662
0.290814
0.469663
0.662
0.229792
0.17697
0.193846
0.662
0.258935
0.575854
0.128412
0.00134066
0.662
0.0827602
0.167148
0.279312
0.662
0.662
0.0564865
0.452895
0.234484
0.321263
0.662
0.457623
0.36346
0.0495451
0.369228
0.38393
0.444412
0.444269
0.218894
0.248875
0.113824
0.315515
0.662
0.662
0.662
0.285773
0.662
0.187918
0.0676473
0.411416
0.629406
0.662
0.662
0.26333
0.662
0.662
0.186794
0.227536
0.662
0.457134
0.662
0.351699
0.08612
0.23289
0.085502
0.662
0.662
0.662
0.662
0.253906
0.192894
0.662
0.662
0.662
0.662
0.662
0.662
0.662
0.338739
0.662
0.662
0.459439
0.662
0.413302
0.662
0.662
0.385446
0.662
0.18007
0.220182
0.662
0.00631207
0.662
0.0528488
0.472041
0.344488
0.514866
0.628765
0.408098
0.181537
0.104829
0.165119
0.168939
0.532528
0.662
0.662
0.662
0.448147
0.662
0.662
0.263871
0.491585
0.222444
0.662
0.0024309
0.491788
0.662
0.435804
0.662
0.162467
0.662
0.183413
0.118121
0.662
0.266239
0.662
0.079338
0.662
0.662
0.662
0.11184
0.662
0.396468
0.0783105
0.662
0.443904
0.662
0.125608
0.168251
0.651393
0.662
0.40573
0.624734
