0.238493
0.370467
0.662
0.662
0.415537
0.662
0.59794
0.586181
0.200042
0.508951
0.662
0.662
0.662
0.0373516
0.662
0.662
0.662
0.189471
0.211508
0.468588
0.662
0.274072
0.369738
0.662
0.662
0.413704
0.20971
0.082922
0.662
0.662
0.662
0.1997
0.146335
0.131281
0.662
0.503431
0.424528
0.202324
0.253398
0.40616
0.489476
0.13504
0.247576
0.234215
0.662
0.662
0.457522
0.662
0.662
0.168251
0.0120465
0.662
0.662
0.662
0.403274
0.36346
0.662
0.662
0.662
0.43638
0.351699
0.0564865
0.148414
0.41693
0.356317
0.424947
0.269102
0.117649
0.0120155
0.40573
0.640107
0.662
0.662
0.532528
0.662
0.250097
0.662
0.662
0.056153
0.662
0.347983
0.0854427
0.227926
0.662
0.662
0.662
0.286415
0.60849
0.111918
0.315277
0.00477287
0.299297
0.660933
0.240231
0.254497
0.662
0.605676
0.662
0.662
0.662
0.662
0.216859
0.593922
0.662
0.290333
0.662
0.662
0.328236
0.228941
0.662
0.311034
0.293123
0.174184
0.350279
0.423509
0.174351
0.306075
0.596225
0.294684
0.396468
0.035336
0.662
0.550089
0.075051
0.17697
0.0265251
0.104829
0.187381
0.662
0.0971707
0.662
0.310632
0.198344
0.117752
0.322603
0.29374
0.167148
0.120072
0.629406
0.643012
0.381478
0.662
0.662
0.662
0.11324
0.662
0.662
0.602757
0.662
0.662
0.529511
0.309433
0.662
0.253947
0.479571
0.662
0.445438
0.0798059
0.401099
0.47838
0.662
0.662
0.662
0.662
0.0676473
0.206055
0.20836
0.187419
0.0886856
0.662
0.284074
0.260373
0.662
0.643207
0.662
0.294344
0.330417
0.276219
0.662
0.198449
0.238986
0.662
0.264505
0.662
0.662
0.355266
0.662
0.338711
0.662
0.576695
0.0938685
0.662
0.0693309
0.0576132
0.206767
0.52456
0.662
0.545414
0.378186
0.651393
0.662
0.662
0.20389
0.662
0.662
0.662
0.662
0.0388279
0.0595904
0.662
0.662
0.662
0.662
0.0496004
0.662
0.217819
0.0981368
0.662
0.453606
0.448096
0.662
0.195157
0.662
0.662
0.03358
0.241906
0.662
0.662
0.662
0.643488
0.22436
0.256458
0.662
0.274872
0.662
0.651413
0.459439
0.662
0.662
0.277805
0.662
0.597924
0.662
0.662
0.662
0.232714
0.662
0.233377
0.214259
0.216966
0.662
0.662
0.662
0.662
0.353121
0.662
0.662
0.662
0.662
0.291806
0.662
0.662
0.662
0.21182
0.645821
0.464293
0.436398
0.624734
0.216159
0.585247
0.533357
0.153881
0.662
0.495631
0.662
0.662
0.34211
0.662
0.310743
0.229674
0.471199
0.662
0.662
0.662
0.169893
0.629595
0.32898
0.662
0.322769
0.662
0.220182
0.105416
0.662
0.496837
0.058665
0.662
0.416675
0.662
0.662
0.662
0.662
0.224918
0.662
0.662
0.122412
0.370291
0.662
0.0648192
0.383446
0.102176
0.662
0.662
0.662
0.14649
0.662
0.662
0.53987
0.392277
0.603818
0.0764655
0.662
0.253844
0.662
0.662
0.662
0.662
0.662
0.662
0.662
0.355646
0.662
0.605163
0.180006
0.662
0.454473
0.263871
0.029657
0.205867
0.159049
0.662
0.075967
0.662
0.185257
0.28203
0.579568
0.662
0.662
0.662
0.553383
0.192993
0.040354
0.124304
0.250442
0.165119
0.271977
0.27677
0.513753
0.662
0.281028
0.662
0.662
0.243193
0.269858
0.443224
0.662
0.662
0.194965
0.662
0.200374
0.364572
0.662
0.444412
0.415045
0.662
0.344488
0.0024309
0.541431
0.662
0.662
0.447481
0.276817
0.279312
0.268896
0.662
0.3598
0.18007
0.334281
0.662
0.197928
0.257958
0.662
0.465586
0.225448
0.662
0.314839
0.151673
0.465958
0.662
0.38792
0.202335
0.662
0.259488
0.390933
0.138781
0.662
0.292206
0.338932
0.144558
0.662
0.34109
0.249134
0.662
0.261732
0.255849
0.662
0.662
0.217709
0.662
0.269006
0.662
0.264152
0.371994
0.0133155
0.0442007
0.662
0.662
0.184841
0.208232
0.662
0.662
0.521451
0.662
0.328944
0.472041
0.140764
0.662
0.60481
0.153994
0.367398
0.420298
0.491788
0.329939
0.192028
0.457623
0.584931
0.662
0.662
0.662
0.336577
0.118114
0.238763
0.662
0.603228
0.662
0.662
0.346785
0.165819
0.662
0.479043
0.190743
0.336327
0.203288
0.0217418
0.186649
0.440453
0.467346
0.162467
0.444501
0.662
0.448481
0.524266
0.662
0.662
0.376129
0.662
0.662
0.662
0.537903
0.236366
0.493031
0.458111
0.662
0.216393
0.226561
0.662
0.119284
0.662
0.662
0.549053
0.156279
0.425025
0.662
0.662
0.662
0.383546
0.472618
0.662
0.662
0.362559
0.662
0.0495948
0.592582
0.662
0.231928
0.155963
0.612127
0.662
0.661913
0.662
0.662
0.283085
0.0871571
0.662
0.662
0.575362
0.305387
0.228359
0.474269
0.359441
0.165634
0.430811
0.291823
0.071359
0.524999
0.0982289
0.662
0.395305
0.364969
0.0623489
0.438071
0.00631207
0.662
0.023057
0.49889
0.662
0.0966091
0.662
0.228183
0.292658
0.315002
0.238444
0.113824
0.268724
0.662
0.439064
0.662
0.239001
0.175509
0.201678
0.633861
0.662
0.662
0.24227
0.662
0.507626
0.283355
0.225396
0.662
0.587114
0.662
0.583723
0.348339
0.185857
0.662
0.268254
0.288486
0.662
0.456096
0.0729758
0.26739
0.292932
0.662
0.405399
0.0753118
0.662
0.536195
0.434515
0.166042
0.662
0.537828
0.662
0.465476
0.08612
0.662
0.188316
0.662
0.470249
0.586511
0.386489
0.122643
0.662
0.525089
0.239745
0.477348
0.438731
0.656217
0.0235049
0.662
0.0840493
0.321263
0.662
0.534463
0.662
0.543574
0.662
0.0248656
0.494776
0.662
0.175397
0.337798
0.0946181
0.662
0.662
0.0665537
0.242998
0.662
0.587493
0.662
0.285773
0.637499
0.662
0.420263
0.113994
0.223586
0.186794
0.292791
0.449864
0.653626
0.662
0.187158
0.174431
0.662
0.662
0.659087
0.286466
0.488005
0.662
0.505192
0.215133
0.421394
0.344909
0.385446
0.388671
0.662
0.32617
0.662
0.610212
0.312304
0.124318
0.239151
0.662
0.0840001
0.398337
0.662
0.578112
0.491777
0.662
0.662
0.425147
0.109967
0.222203
0.390714
0.507943
0.409276
0.0528488
0.302632
0.290025
0.383454
0.662
0.662
0.662
0.662
0.469663
0.662
0.639741
0.407674
0.662
0.0507139
0.662
0.193846
0.662
0.349685
0.150133
0.662
0.234245
0.233853
0.222444
0.44586
0.476461
0.593602
0.662
0.618766
0.330087
0.313811
0.11688
0.662
0.388768
0.343096
0.057309
0.662
0.287483
0.0579796
0.662
0.41475
0.315515
0.294608
0.662
0.662
0.385481
0.662
0.351906
0.0306353
0.662
0.662
0.662
0.496783
0.662
0.228569
0.35988
0.122189
0.156949
0.662
0.359506
0.363921
0.369966
0.210079
0.246011
0.24262
0.274626
0.234825
0.244531
0.485791
0.390586
0.662
0.393728
0.662
0.163467
0.530372
0.662
0.473093
0.577122
0.662
0.575854
0.662
0.0988667
0.226402
0.322297
0.231261
0.662
0.662
0.662
0.138739
0.0980986
0.662
0.662
0.384961
0.662
0.662
0.662
0.662
0.226774
0.0225955
0.662
0.380568
0.10953
0.27742
0.380758
0.424891
0.662
0.662
0.408876
0.551429
0.245663
0.662
0.324243
0.662
0.229792
0.662
0.662
0.662
0.638632
0.456964
0.662
0.662
0.378294
0.46669
0.662
0.662
0.662
0.229813
0.0875741
0.210061
0.109549
0.435685
0.255089
0.185814
0.662
0.662
0.662
0.203128
0.201025
0.100118
0.185974
0.409374
0.555378
0.271401
0.541624
0.169126
0.662
0.662
0.109227
0.335137
0.575773
0.626863
0.662
0.662
0.662
0.619745
0.662
0.662
0.18768
0.202341
0.269803
0.321198
0.163263
0.34079
0.330381
0.662
0.662
0.278245
0.560303
0.337143
0.524228
0.662
0.662
0.16984
0.662
0.308234
0.431082
0.181493
0.662
0.662
0.662
0.187409
0.4392
0.480528
0.662
0.324127
0.247508
0.322369
0.302947
0.0924399
0.192503
0.159792
0.662
0.219839
0.392224
0.522111
0.0789189
0.662
0.569727
0.662
0.0446058
0.662
0.209776
0.153461
0.662
0.662
0.662
0.194592
0.662
0.501964
0.0566106
0.435285
0.662
0.217288
0.0915428
0.212594
0.259772
0.662
0.385828
0.644458
0.662
0.662
0.230425
0.317203
0.346156
0.178538
0.122688
0.628765
0.38368
0.293036
0.662
0.270324
0.662
0.341375
0.348821
0.662
0.474593
0.307478
0.662
0.439081
0.379946
0.526184
0.395581
0.662
0.662
0.275483
0.662
0.118121
0.302076
0.408098
0.662
0.662
0.662
0.662
0.369831
0.37573
0.0490026
0.357615
0.188421
0.300237
0.108415
0.662
0.00138535
0.262881
0.120342
0.266276
0.227536
0.662
0.168186
0.662
0.127678
0.662
