0.366805
0.137192
0.178118
0.0988261
0.662
0.264007
0.036181
0.275387
0.662
0.255084
0.212154
0.103399
0.662
0.175825
0.362932
0.395415
0.550591
0.662
0.359936
0.120221
0.452227
0.297581
0.193232
0.187892
0.195272
0.2364
0.213896
0.243862
0.662
0.0153366
0.435148
0.662
0.141702
0.14102
0.662
0.662
0.121097
0.425998
0.662
0.662
0.346349
0.662
0.618385
0.180404
0.0671312
0.425056
0.662
0.44176
0.00679275
0.662
0.584596
0.662
0.269344
0.662
0.662
0.0831253
0.662
0.662
0.662
0.120248
0.0791267
0.314224
0.30419
0.662
0.662
0.662
0.43909
0.662
0.124924
0.218714
0.662
0.183105
0.250641
0.355455
0.662
0.0309847
0.246028
0.662
0.391395
0.662
0.482893
0.0614402
0.460966
0.219878
0.465872
0.662
0.662
0.662
0.662
0.162778
0.662
0.662
0.662
0.169823
0.662
0.45847
0.662
0.338163
0.214644
0.599458
0.204519
0.189146
0.662
0.44983
0.264195
0.662
0.662
0.0465134
0.662
0.2425
0.165648
0.0857216
0.213101
0.502104
0.117424
0.357182
0.245148
0.126475
0.0219076
0.0398019
0.165515
0.124304
0.662
0.0923483
0.662
0.450171
0.662
0.662
0.662
0.051835
0.662
0.662
0.408171
0.662
0.386891
0.284554
0.662
0.662
0.376031
0.57129
0.662
0.662
0.298368
0.662
0.458297
0.662
0.662
0.352437
0.368168
0.14116
0.472074
0.662
0.178835
0.662
0.662
0.0634667
0.662
0.49724
0.476363
0.110372
0.448804
0.315333
0.304916
0.662
0.662
0.208186
0.0225804
0.132372
0.662
0.420344
0.662
0.662
0.300827
0.18397
0.25594
0.662
0.662
0.662
0.156645
0.662
0.55589
0.0665589
0.662
0.662
0.332107
0.292055
0.10844
0.662
0.562556
0.172711
0.492658
0.662
0.364515
0.662
0.347851
0.125459
0.466095
0.367532
0.662
0.662
0.221687
0.662
0.662
0.473597
0.662
0.0925279
0.301602
0.100207
0.662
0.662
0.423796
0.508178
0.662
0.662
0.190819
0.662
0.413505
0.662
0.258831
0.225573
0.662
0.411225
0.662
0.662
0.358715
0.662
0.662
0.115121
0.386747
0.188986
0.662
0.479696
0.601704
0.37925
0.325329
0.243925
0.662
0.208414
0.662
0.441699
0.662
0.388485
0.662
0.662
0.431073
0.662
0.2947
0.662
0.0836432
0.330757
0.662
0.471986
0.0539726
0.662
0.264127
0.241825
0.471633
0.528021
0.334493
0.402973
0.662
0.662
0.569591
0.278326
0.662
0.662
0.215787
0.662
0.662
0.662
0.662
0.082791
0.454334
0.0318948
0.662
0.662
0.40208
0.338917
0.364284
0.662
0.662
0.662
0.662
0.288537
0.662
0.585547
0.231556
0.385751
0.662
0.339869
0.345781
0.0495678
0.662
0.662
0.662
0.662
0.662
0.141896
0.407498
0.399086
0.662
0.247683
0.299016
0.662
0.205523
0.341539
0.434685
0.662
0.211578
0.266706
0.662
0.662
0.305156
0.214085
0.337765
0.0322193
0.221152
0.662
0.222639
0.662
0.174213
0.662
0.399614
0.662
0.227857
0.662
0.00888914
0.0489665
0.473428
0.410153
0.662
0.662
0.144337
0.662
0.142434
0.231139
0.206941
0.662
0.607615
0.155866
0.20826
0.08238
0.553577
0.251623
0.662
0.22898
0.270415
0.164751
0.410029
0.662
0.438504
0.421441
0.662
0.0862285
0.662
0.194045
0.662
0.229722
0.40108
0.662
0.597582
0.184303
0.0316455
0.662
0.662
0.662
0.662
0.272288
0.662
0.270808
0.662
0.513847
0.662
0.662
0.662
0.662
0.139083
0.662
0.208882
0.662
0.208402
0.662
0.662
0.662
0.431355
0.447224
0.662
0.188403
0.110021
0.490122
0.0706735
0.662
0.41709
0.24726
0.233913
0.662
0.662
0.082189
0.0131163
0.168325
0.529635
0.662
0.1519
0.0390475
0.0890959
0.662
0.500617
0.335257
0.0441617
0.0305029
0.163
0.107963
0.662
0.296115
0.662
0.107909
0.00270241
0.662
0.275309
0.385515
0.125306
0.183937
0.358185
0.541661
0.662
0.553778
0.388268
0.117977
0.662
0.403184
0.292808
0.356409
0.124886
0.662
0.0979442
0.0457143
0.270909
0.662
0.662
0.0137852
0.0764952
0.42217
0.662
0.268786
0.273447
0.256468
0.662
0.110009
0.211235
0.517563
0.550275
0.662
0.662
0.547608
0.0349707
0.462634
0.175728
0.244584
0.304759
0.0901628
0.662
0.662
0.343071
0.602065
0.373504
0.662
0.0247972
0.324297
0.390218
0.662
0.662
0.241617
0.662
0.513708
0.209564
0.609323
0.662
0.426433
0.662
0.662
0.662
0.662
0.468699
0.468892
0.40137
0.202086
0.662
0.662
0.085638
0.662
0.203953
0.662
0.662
0.136621
0.393155
0.100031
0.0233962
0.466282
0.491143
0.662
0.215995
0.662
0.480102
0.417012
0.108418
0.662
0.393598
0.662
0.258548
0.109296
0.50885
0.184687
0.662
0.213916
0.662
0.115479
0.662
0.0795736
0.662
0.55539
0.475789
0.344374
0.461266
0.662
0.662
0.285938
0.662
0.662
0.138538
0.662
0.208407
0.330491
0.226684
0.289403
0.0683308
0.423357
0.662
0.0698771
0.662
0.662
0.351484
0.612333
0.662
0.467284
0.399493
0.662
0.662
0.380838
0.662
0.415831
0.259281
0.314682
0.662
0.219215
0.662
0.662
0.331761
0.662
0.662
0.662
0.474454
0.328236
0.662
0.333187
0.662
0.662
0.0338663
0.662
0.662
0.457661
0.286057
0.461717
0.662
0.28008
0.312073
0.115041
0.662
0.0841076
0.502787
0.268143
0.270822
0.453782
0.386378
0.662
0.440168
0.0409223
0.373602
0.436867
0.422211
0.662
0.245974
0.369775
0.662
0.662
0.240485
0.135927
0.292075
0.197948
0.662
0.226536
0.192458
0.216686
0.0488134
0.140091
0.225521
0.662
0.662
0.662
0.124925
0.25138
0.224566
0.00878966
0.35876
0.662
0.156709
0.302606
0.334856
0.00580229
0.662
0.597211
0.476969
0.217884
0.662
0.146704
0.662
0.232162
0.662
0.0156602
0.662
0.662
0.472512
0.564161
0.400619
0.637696
0.0901783
0.642725
0.0558666
0.0634568
0.18833
0.445795
0.50079
0.262747
0.662
0.0664017
0.662
0.662
0.662
0.301906
0.344455
0.633694
0.165659
0.498186
0.551724
0.472275
0.205835
0.26228
0.23147
0.00616527
0.662
0.613113
0.0885877
0.662
0.14081
0.662
0.280366
0.662
0.178746
0.384037
0.477245
0.662
0.300741
0.388161
0.103721
0.361804
0.662
0.662
0.662
0.662
0.36542
0.125153
0.465
0.558731
0.440146
0.222457
0.119649
0.662
0.657648
0.21879
0.284043
0.196042
0.236622
0.220072
0.662
0.213305
0.662
0.662
0.031097
0.662
0.662
0.384255
0.560593
0.662
0.453784
0.662
0.662
0.662
0.662
0.662
0.253009
0.662
0.662
0.662
0.662
0.401461
0.662
0.278466
0.0858782
0.137337
0.410853
0.662
0.47225
0.235481
0.662
0.190325
0.662
0.523764
0.274349
0.116545
0.339816
0.199356
0.334805
0.0996702
0.050829
0.662
0.662
0.345438
0.0283145
0.185788
0.470988
0.662
0.662
0.662
0.099446
0.327981
0.400147
0.662
0.114731
0.662
0.219041
0.196632
0.0781018
0.662
0.435573
0.198977
0.662
0.662
0.184991
0.662
0.364946
0.41486
0.662
0.662
0.288978
0.662
0.440531
0.662
0.247678
0.254832
0.0872831
0.662
0.662
0.662
0.252707
0.0266114
0.662
0.18832
0.662
0.662
0.662
0.332494
0.662
0.662
0.384936
0.662
0.305203
0.662
0.242873
0.662
0.662
0.662
0.150492
0.404216
0.662
0.662
0.143137
0.463268
0.197329
0.662
0.662
0.233285
0.662
0.662
0.405233
0.103104
0.475529
0.232793
0.103624
0.58813
0.0609491
0.662
0.217813
0.41896
0.238377
0.213372
0.168872
0.18879
0.662
0.662
0.662
0.662
0.662
0.146766
0.628977
0.662
0.662
0.313034
0.169347
0.662
0.456907
0.0833404
0.662
0.407027
0.158767
0.0514711
0.462588
0.0970804
0.442354
0.30463
0.185103
0.178693
0.438739
0.662
0.30366
0.31005
0.662
0.12796
0.662
0.220258
0.340629
0.0975873
0.035706
0.662
0.662
0.427197
0.357231
0.662
0.398614
0.662
0.297203
0.420053
0.662
0.662
0.402272
0.662
0.554053
0.230347
0.423889
0.662
0.267646
0.315988
0.662
0.662
0.240337
0.273982
0.55803
0.307758
0.662
0.662
0.189786
0.151408
0.662
0.0723166
0.188555
0.409635
0.662
0.0171211
0.248105
0.662
0.662
0.195146
0.491653
0.458408
0.351373
0.662
0.0316116
0.528816
0.147099
0.33824
0.0540693
0.662
0.0704383
0.113072
0.0160679
0.263111
0.662
0.662
0.662
0.662
0.0285966
0.662
0.662
0.662
0.275032
0.662
0.11727
0.662
0.0648289
0.662
0.61282
0.662
0.553105
0.430381
0.456826
0.325652
0.662
0.662
0.226928
0.662
0.00520356
0.323418
0.323721
0.266698
0.386644
0.662
0.177966
0.662
0.563639
0.662
0.662
0.662
0.403566
0.662
0.662
0.152916
0.120147
0.662
0.345788
0.266735
0.635965
0.662
0.229636
0.662
0.662
0.334477
0.662
0.203633
0.662
0.189839
0.0629047
0.597967
0.474363
0.474644
0.338465
0.662
0.374126
0.662
0.662
0.108215
0.662
0.149734
0.417284
0.662
0.230783
0.307079
0.00712173
0.662
0.0209365
0.30635
0.2308
0.662
0.662
0.662
0.141784
0.662
0.277311
0.662
0.307165
0.662
0.386307
0.662
0.159627
0.171733
0.662
0.662
0.662
0.27628
0.662
0.419874
0.411883
0.0264833
0.157541
0.662
0.438101
0.662
0.0896533
0.662
0.662
0.662
0.259244
0.662
0.662
0.278724
0.662
0.31969
0.162804
0.0894604
0.336196
0.180959
0.360626
0.662
0.610845
0.2534
0.416794
0.387476
0.662
0.122188
0.0413955
0.20162
0.204788
0.279046
0.180958
0.662
0.662
0.662
0.662
0.314779
0.662
0.234169
0.662
0.364197
0.273972
0.432375
0.0480855
0.48458
0.662
0.295973
0.662
0.133263
0.662
0.662
0.263859
0.662
0.662
0.662
0.662
0.399108
0.0935156
0.183017
0.30031
0.662
0.103981
0.201181
0.662
0.662
0.183071
0.662
0.391706
0.182143
0.518264
0.662
0.156124
0.0615867
0.662
0.471675
0.344404
0.662
0.373144
0.172444
0.124952
0.298438
0.0694226
0.662
0.186501
0.662
0.0900036
0.336379
0.0708874
0.662
0.306302
0.229621
0.662
0.662
0.444215
0.198545
0.2616
0.402689
0.160831
0.236868
0.400857
0.390083
0.662
0.662
0.137635
0.662
0.662
0.469967
0.633391
0.662
0.383037
0.29108
0.662
0.662
0.485093
0.622044
0.402737
0.262933
0.321886
0.149098
0.662
0.662
0.0171423
0.0774472
0.662
0.452143
0.662
0.662
0.241298
0.662
0.662
0.0362563
0.662
0.662
0.662
0.662
0.19324
0.633694
0.28489
0.224319
0.662
0.662
0.33973
0.662
0.508682
0.546544
0.199132
0.385327
0.662
0.0220752
0.662
0.662
0.432072
0.507021
0.662
0.368313
0.186768
0.662
0.662
0.601748
0.00549704
0.375446
0.634568
0.399351
0.272806
0.0266094
0.571351
0.0291899
0.408694
0.662
0.662
0.662
0.523899
0.238776
0.100895
0.0536236
0.662
0.662
0.146322
0.00457208
0.522676
0.252763
0.473425
0.662
0.452216
0.662
0.236872
0.361711
0.237798
0.246677
0.584847
0.662
0.334866
0.662
0.215469
0.326364
0.662
0.429177
0.0980578
0.662
0.455177
0.587362
0.662
0.506954
0.13964
0.466597
0.0805946
0.662
0.0481863
0.19207
0.0790464
0.156866
0.224894
0.365927
0.378084
0.662
0.662
0.182371
0.0819015
0.233572
0.662
0.0197629
0.433885
0.0844615
0.325094
0.433064
0.662
0.15984
0.662
0.115427
0.411447
0.437273
0.104905
0.662
0.242439
0.662
0.353403
0.662
0.225176
0.0443131
0.292805
0.662
0.148121
0.429804
0.529219
0.662
0.662
0.662
0.662
0.662
0.458162
0.662
0.196156
0.481008
0.61415
0.192836
0.0213684
0.289132
0.202622
0.659579
0.662
0.662
0.136325
0.318575
0.386201
0.246303
0.143335
0.292196
0.662
0.662
0.353904
0.238287
0.390302
0.662
0.553631
0.662
0.662
0.509475
0.276811
0.079295
0.327832
0.331021
0.662
0.401007
0.100877
0.248047
0.383529
0.662
0.186984
0.292162
0.304046
0.0459499
0.290317
0.382818
0.662
0.534659
0.317676
0.662
0.135266
0.579923
0.479269
0.435664
0.662
0.662
0.186723
0.662
0.0392811
0.404694
0.662
0.662
0.0987064
0.324104
0.662
0.00332258
0.662
0.0780187
0.662
0.0209978
0.138863
0.510989
0.314586
0.662
0.144898
0.283645
0.662
0.33439
0.23482
0.251094
0.330364
0.0535156
0.312745
0.221039
0.328457
0.389875
0.647261
0.226577
0.310254
0.454139
0.662
0.393217
0.328821
0.662
0.307217
0.662
0.129568
0.363875
0.235004
0.139672
0.662
0.134778
0.241418
0.662
0.206112
0.338037
0.662
0.662
0.253409
0.662
0.240828
0.499272
0.0927715
0.412874
0.662
0.662
0.327126
0.662
0.322413
0.415224
0.351336
0.189463
0.495875
0.662
0.64747
0.662
0.446872
0.37529
0.662
0.662
0.150091
0.662
0.426192
0.662
0.501291
0.662
0.403703
0.0910712
0.345239
0.662
0.662
0.662
0.3961
0.451275
0.662
0.042552
0.244617
0.662
0.345359
0.213375
0.241031
0.442365
0.662
0.188096
0.662
0.540618
0.662
0.297662
0.451826
0.100704
0.662
0.419384
0.517457
0.662
0.102538
0.662
0.662
0.662
0.662
0.662
0.349618
0.0966437
0.662
0.662
0.662
0.186643
0.532966
0.662
0.0146925
0.135002
0.0458089
0.247791
0.225737
0.662
0.401123
0.563243
0.206025
0.161667
0.268671
0.171154
0.437431
0.156131
0.370744
0.56238
0.36725
0.0153163
0.662
0.662
0.0261269
0.662
0.209368
0.662
0.662
0.175316
0.435315
0.069586
0.134528
0.498639
0.662
0.662
0.473917
0.662
0.416284
0.662
0.662
0.662
0.662
0.662
0.227113
0.181582
0.146697
0.59158
0.662
0.293869
0.218187
0.662
0.662
0.265594
0.662
0.155979
0.662
0.662
0.298646
0.662
0.1535
0.662
0.444158
0.597028
0.342792
0.19591
0.345147
0.200458
0.662
0.662
0.662
0.662
0.187224
0.0327547
0.662
0.0778712
0.662
0.255653
0.662
0.662
0.662
0.135425
0.662
0.606816
0.0451185
0.662
0.569626
0.210362
0.662
0.313525
0.590092
0.607275
0.4154
0.123898
0.662
0.476261
0.0730502
0.211146
0.662
0.529178
0.662
0.662
0.662
0.305204
0.41864
0.366637
0.125942
0.211333
0.662
0.237657
0.662
0.386766
0.17582
0.662
0.662
0.662
0.254538
0.662
0.166328
0.662
0.662
0.662
0.38943
0.193498
0.662
0.341755
0.662
0.662
0.496278
0.40061
0.662
0.44383
0.662
0.662
0.315988
0.0662917
0.35939
0.405807
0.610627
0.244678
0.337388
0.213037
0.0306703
0.662
0.662
0.324971
0.662
0.431888
0.662
0.114168
0.270005
0.315461
0.230841
0.662
0.488872
0.209994
0.0718032
0.662
0.468418
0.390993
0.303853
0.151484
0.662
0.0125384
0.20122
0.19367
0.0486612
0.662
0.662
0.662
0.397592
0.662
0.662
0.662
0.262008
0.342383
0.662
0.0850661
0.213683
0.417899
0.0727602
0.216237
0.662
0.177278
0.662
0.457018
0.154117
0.630655
0.662
0.649929
0.00134002
0.314918
0.662
0.662
0.201492
0.434724
0.208754
0.262587
0.392614
0.2855
0.662
0.662
0.268653
0.102032
0.458165
0.189817
0.662
0.280983
0.662
0.276292
0.662
0.662
0.240227
0.301899
0.662
0.283499
0.662
0.0540858
0.662
0.662
0.662
0.662
0.662
0.662
0.662
0.0199954
0.521173
0.662
0.662
0.662
0.283638
0.662
0.662
0.662
0.399374
0.662
0.047178
0.662
0.248456
0.211866
0.662
0.0223106
0.567688
0.48499
0.662
0.662
0.518563
0.662
0.0839994
0.662
0.585057
0.104264
0.068476
0.0459168
0.369347
0.244705
0.175181
0.27767
0.116065
0.418679
0.662
0.467582
0.315257
0.156429
0.430221
0.662
0.662
0.476279
0.43151
0.0691968
0.662
0.50711
0.206297
0.138997
0.291417
0.0175523
0.207352
0.256751
0.438973
0.263026
0.00219505
0.206907
0.662
0.159983
0.128225
0.559922
0.350337
0.662
0.38421
0.662
0.282291
0.354369
0.433872
0.308096
0.284647
0.38656
0.337838
0.288888
0.0235149
0.417466
0.32214
0.323543
0.662
0.662
0.662
0.430512
0.662
0.419681
0.0840215
0.112419
0.137616
0.152422
0.662
0.662
0.662
0.364027
0.33724
0.662
0.182158
0.167078
0.133075
0.662
0.662
0.662
0.662
0.183327
0.18767
0.35643
0.465442
0.662
0.250258
0.662
0.615775
0.228875
0.471852
0.662
0.353663
0.19198
0.232885
0.0554105
0.180521
0.37882
0.0293253
0.305111
0.0024192
0.662
0.662
0.0456452
0.662
0.175288
0.230172
0.306795
0.662
0.103909
0.662
0.270321
0.0972716
0.573687
0.662
0.218446
0.662
0.370057
0.158458
0.179545
0.662
0.221392
0.662
0.347374
0.49746
0.472786
0.662
0.243861
0.662
0.662
0.662
0.662
0.148339
0.154644
0.115
0.19997
0.539791
0.081183
0.235726
0.662
0.662
0.662
0.662
0.662
0.662
0.241764
0.662
0.662
0.662
0.23937
0.401265
0.662
0.662
0.662
0.618125
0.662
0.515818
0.519397
0.183831
0.241728
0.662
0.33013
0.662
0.2261
0.39663
0.000102999
0.662
0.547945
0.662
0.0861917
0.0791333
0.387515
0.368288
0.662
0.365322
0.662
0.323368
0.170267
0.662
0.575675
0.662
0.310808
0.381418
0.10124
0.662
0.662
0.662
0.662
0.159225
0.355463
0.614695
0.662
0.126604
0.420712
0.662
0.662
0.402346
0.444378
0.662
0.662
0.0763106
0.662
0.218815
0.662
0.197264
0.662
0.593798
0.662
0.662
0.18838
0.662
0.371477
0.373776
0.662
0.514081
0.189955
0.234819
0.0152691
0.662
0.221855
0.662
0.0607911
0.662
0.662
0.662
0.221247
0.662
0.662
0.662
0.662
0.484751
0.662
0.25567
0.316134
0.156668
0.662
0.376278
0.264438
0.662
0.662
0.284877
0.355689
0.662
0.385725
0.335509
0.662
0.126794
0.327535
0.40001
0.0135446
0.11549
0.151057
0.45456
0.662
0.662
0.20229
0.662
0.237311
0.0476416
0.662
0.62625
0.662
0.662
0.358628
0.258138
0.207662
0.307952
0.261436
0.126987
0.313171
0.662
0.45929
0.309094
0.662
0.390528
0.662
0.662
0.662
0.383899
0.378904
0.662
0.662
0.0663772
0.662
0.662
0.662
0.662
0.494516
0.405018
0.662
0.144876
0.21422
0.662
0.662
0.662
0.229345
0.662
0.662
0.0155809
0.0336289
0.655148
0.662
0.22485
0.662
0.352689
0.662
0.662
0.662
0.205605
0.0180857
0.662
0.420156
0.662
0.41287
0.662
0.417732
0.447875
0.0160518
0.662
0.204005
0.662
0.502102
0.197196
0.475887
0.662
0.39329
0.662
0.197171
0.0598299
0.33561
0.662
0.473766
0.662
0.662
0.186093
0.662
0.0901611
0.434137
0.228738
0.51731
0.0600923
0.134064
0.662
0.423582
0.366452
0.0607364
0.662
0.662
0.662
0.200379
0.662
0.206022
0.362303
0.313265
0.287081
0.23133
0.662
0.522577
0.662
0.12494
0.0746967
0.0760544
0.662
0.63223
0.662
0.428527
0.662
0.662
0.662
0.227911
0.662
0.298917
0.346452
0.662
0.257279
0.662
0.584385
0.662
0.662
0.378352
0.248293
0.25348
0.195531
0.662
0.117877
0.639231
0.470659
0.52056
0.268603
0.662
0.193877
0.662
0.235387
0.374729
0.393892
0.100161
0.662
0.389848
0.244342
0.662
0.662
0.424881
0.0557692
0.662
0.662
0.470555
0.11021
0.186688
0.0281565
0.351978
0.315155
0.432955
0.662
0.662
0.662
0.662
0.662
0.662
0.157358
0.190667
0.662
0.662
0.122483
0.662
0.376028
0.662
0.189898
0.662
0.443406
0.113084
0.662
0.343258
0.575566
0.662
0.276684
0.662
0.0928395
0.159027
0.0148116
0.205677
0.662
0.388665
0.662
0.662
0.227198
0.662
0.0200787
0.662
0.662
0.179726
0.662
0.589219
0.349528
0.0988654
0.0831152
0.234262
0.0220066
0.2993
0.662
0.662
0.662
0.662
0.662
0.662
0.194134
0.662
0.245096
0.267959
0.0234703
0.263265
0.662
0.662
0.203873
0.323216
0.229143
0.238599
0.262329
0.311754
0.662
0.0802829
0.36287
0.196264
0.662
0.662
0.567919
0.662
0.662
0.662
0.662
0.435743
0.263368
0.456774
0.509339
0.212165
0.265484
0.138177
0.457431
0.229878
0.662
0.00719824
0.621444
0.389791
0.662
0.662
0.0754418
0.662
0.37789
0.662
0.147684
0.0938456
0.662
0.248675
0.224376
0.662
0.114147
0.405325
0.323081
0.229118
0.662
0.432342
0.303372
0.23344
0.662
0.662
0.662
0.662
0.427112
0.662
0.662
0.424387
0.318693
0.318211
0.0415909
0.296598
0.224426
0.609264
0.30063
0.0551247
0.228515
0.28838
0.616449
0.14659
0.662
0.293404
0.662
0.662
0.162871
0.273896
0.419924
0.189836
0.662
0.208542
0.662
0.662
0.662
0.547318
0.662
0.242851
0.57065
0.662
0.430845
0.185093
0.157832
0.662
0.159007
0.662
0.423497
0.266296
0.23611
0.470908
0.662
0.320912
0.389993
0.662
0.339798
0.200029
0.269094
0.662
0.662
0.662
0.0603563
0.662
0.662
0.478806
0.662
0.077898
0.219938
0.662
0.0597407
0.195436
0.417168
0.662
0.543134
0.143349
0.223636
0.143004
0.187653
0.662
0.585442
0.662
0.662
0.662
0.662
0.428376
0.662
0.238658
0.662
0.459879
0.233862
0.662
0.363636
0.285316
0.474064
0.00109582
0.662
0.383231
0.662
0.662
0.662
0.565991
0.0687897
0.399023
0.662
0.32493
0.662
0.662
0.315139
0.158726
0.527302
0.662
0.662
0.662
0.662
0.662
0.261564
0.0780721
0.662
0.620452
0.288999
0.555673
0.536358
0.0360859
0.662
0.279225
0.477712
0.662
0.662
0.662
0.206025
0.246229
0.123975
0.647791
0.107705
0.662
0.32072
0.111964
0.465832
0.662
0.662
0.0907545
0.662
0.662
0.193256
0.23336
0.662
0.662
0.143633
0.662
0.662
0.211308
0.270309
0.377558
0.565037
0.135995
0.209987
0.156688
0.34421
0.199332
0.311599
0.477279
0.260408
0.662
0.402369
0.00149132
0.662
0.662
0.662
0.462242
0.158195
0.169313
0.662
0.662
0.307735
0.662
0.194436
0.189762
0.662
0.324846
0.662
0.159561
0.503525
0.499315
0.1762
0.662
0.381223
0.662
0.662
0.29257
0.0904253
0.167234
0.662
0.0108838
0.662
0.342123
0.662
0.155793
0.411729
0.174754
0.401484
0.427434
0.394236
0.243784
0.365333
0.376391
0.662
0.475794
0.662
0.406831
0.0293931
0.129547
0.193822
0.57258
0.415113
0.186824
0.192254
0.396284
0.662
0.662
0.662
0.662
0.511905
0.662
0.352985
0.618997
0.662
0.662
0.463413
0.662
0.0220421
0.224663
0.662
0.15279
0.662
0.662
0.521689
0.662
0.662
0.346185
0.339848
0.662
0.338931
0.359232
0.41981
0.662
0.0158752
0.219785
0.478761
0.662
0.310127
0.423816
0.662
0.662
0.662
0.111815
0.45926
0.268459
0.290117
0.402849
0.537691
0.216842
0.326495
0.662
0.662
0.308283
0.662
0.662
0.106182
0.662
0.662
0.38387
0.0648043
0.315584
0.662
0.662
0.662
0.662
0.662
0.662
0.662
0.0989461
0.234124
0.662
0.169418
0.364514
0.269149
0.435877
0.660038
0.383876
0.662
0.288924
0.303395
0.662
0.143624
0.44717
0.222903
0.332262
0.352087
0.662
0.321093
0.245473
0.190262
0.274446
0.662
0.662
0.268934
0.166437
0.662
0.066422
0.662
0.119872
0.136586
0.250369
0.662
0.414167
0.662
0.662
0.153473
0.662
0.662
0.194005
0.022516
0.662
0.662
0.0772662
0.24335
0.00882188
0.662
0.309893
0.0783352
0.12089
0.662
0.216653
0.0627543
0.662
0.46151
0.303328
0.608451
0.128503
0.662
0.11261
0.583079
0.118478
0.174123
0.196765
0.662
0.662
0.0313173
0.270205
0.662
0.662
0.231275
0.452704
0.0436258
0.107102
0.248294
0.662
0.662
0.379086
0.662
0.662
0.662
0.662
0.145887
0.123198
0.662
0.662
0.662
0.662
0.662
0.662
0.468657
0.197438
0.371351
0.223036
0.662
0.662
0.662
0.662
0.218869
0.57404
0.558512
0.662
0.250645
0.266365
0.274001
0.662
0.662
0.662
0.662
0.337247
0.357316
0.662
0.662
0.662
0.319135
0.491871
0.662
0.272253
0.643616
0.106742
0.399212
0.662
0.662
0.20113
0.448481
0.0930802
0.662
0.633391
0.662
0.607779
0.0171131
0.662
0.228418
0.662
0.162071
0.662
0.495078
0.195411
0.662
0.477245
0.0358265
0.662
0.662
0.0250145
0.118145
0.383197
0.449257
0.0445288
0.21332
0.662
0.662
0.416529
0.3847
0.662
0.662
0.473899
0.359179
0.27343
0.662
0.466733
0.662
0.662
0.268984
0.662
0.384951
0.662
0.662
0.233038
0.568513
0.0963997
0.375233
0.260376
0.0608438
0.139048
0.347508
0.662
0.662
0.662
0.00415862
0.662
0.662
0.662
0.662
0.662
0.0967492
0.439024
0.291186
0.105013
0.662
0.254263
0.265733
0.266134
0.371891
0.470572
0.205491
0.0818261
0.0259052
0.662
0.210408
0.122941
0.00809201
0.662
0.0733345
0.142768
0.497572
0.662
0.27095
0.662
0.180957
0.00150799
0.662
0.440795
0.662
0.662
0.390559
0.232499
0.662
0.464355
0.173362
0.213536
0.662
0.324487
0.662
0.377248
0.199723
0.188067
0.662
0.662
0.662
0.662
0.662
0.257882
0.647949
0.147953
0.174838
0.266529
0.418807
0.239485
0.662
0.210488
0.24272
0.429884
0.204859
0.662
0.662
0.662
0.0759259
0.662
0.416075
0.662
0.194234
0.253117
0.174379
0.662
0.662
0.662
0.662
0.662
0.222985
0.662
0.139675
0.662
0.468442
0.662
0.143605
0.662
0.0347616
0.662
0.53976
0.194394
0.136439
0.154089
0.662
0.329903
0.662
0.124874
0.339441
0.149294
0.00112874
0.189138
0.154184
0.505958
0.0292425
0.203939
0.662
0.662
0.662
0.433047
0.662
0.266517
0.662
0.47297
0.252252
0.306116
0.662
0.0833931
0.662
0.115464
0.662
0.0240243
0.391532
0.493857
0.24682
0.24704
0.248005
0.122492
0.456012
0.662
0.662
0.173296
0.126685
0.662
0.0536285
0.464623
0.662
0.662
0.0392847
0.662
0.662
0.257475
0.357393
0.303233
0.116066
0.662
0.214237
0.401358
0.236643
0.265
0.0413786
0.662
0.267422
0.662
0.0243017
0.662
0.263819
0.662
0.518379
0.118082
0.564558
0.184963
0.662
0.303526
0.116843
0.662
0.0324146
0.173985
0.234353
0.662
0.303701
0.293363
0.300078
0.662
0.321051
0.662
0.324995
0.350624
0.662
0.38089
0.662
0.35801
0.662
0.220136
0.662
0.662
0.662
0.662
0.662
0.662
0.140369
0.662
0.354634
0.426621
0.325463
0.160772
0.299439
0.239202
0.229229
0.465242
0.315497
0.662
0.662
0.0536043
0.662
0.662
0.662
0.662
0.494936
0.662
0.324224
0.17144
0.195263
0.35578
0.662
0.512561
0.260372
0.0399815
0.662
0.172765
0.633694
0.629763
0.282348
0.361481
0.0774434
0.346909
0.138237
0.38116
0.216736
0.440908
0.662
0.21469
0.272745
0.662
0.0569754
0.0512058
0.419538
0.662
0.662
0.357188
0.234777
0.662
0.343682
0.270496
0.0826138
0.662
0.119083
0.355456
0.219518
0.011593
0.0620921
0.284318
0.662
0.56402
0.224965
0.630767
0.662
0.203261
0.48116
0.18324
0.662
0.662
0.206637
0.120556
0.249961
0.524395
0.662
0.662
0.662
0.662
0.662
0.200136
0.662
0.0496488
0.179274
0.228129
0.273347
0.460346
0.339657
0.149222
0.538397
0.662
0.662
0.102614
0.662
0.155219
0.662
0.210505
0.404564
0.0270286
0.662
0.137041
0.00829134
0.442903
0.662
0.662
0.662
0.662
0.662
0.580506
0.554014
0.448752
0.662
0.415171
0.434545
0.662
0.662
0.0531209
0.662
0.216267
0.0134834
0.662
0.200715
0.262333
0.662
0.202634
0.135712
0.15038
0.481682
0.576289
0.554919
0.662
0.4495
0.468186
0.662
0.662
0.662
0.662
0.662
0.370714
0.662
0.370718
0.662
0.191739
0.246242
0.168551
0.324249
0.561166
0.314281
0.309762
0.131193
0.152284
0.662
0.662
0.662
0.201905
0.662
0.00645574
0.314909
0.507285
0.450442
0.114463
0.461531
0.188737
0.251096
0.662
0.662
0.65948
0.069529
0.662
0.369156
0.204832
0.330752
0.173617
0.662
0.129371
0.662
0.394337
0.460866
0.662
0.662
0.662
0.0749384
0.105303
0.662
0.662
0.63101
0.0606493
0.262659
0.662
0.0276118
0.196715
0.329792
0.0183628
0.200187
0.662
0.662
0.14203
0.0439345
0.207855
0.474093
0.662
0.430162
0.325102
0.363615
0.662
0.365689
0.662
0.231608
0.662
0.662
0.259384
0.662
0.662
0.662
0.296689
0.0826424
0.425523
0.415186
0.662
0.662
0.662
0.662
0.195329
0.364772
0.170784
0.662
0.662
0.570056
0.0819693
0.662
0.0828193
0.188411
0.662
0.190649
0.510629
0.414342
0.662
0.256799
0.28533
0.202554
0.014563
0.347781
0.662
0.372354
0.099957
0.662
0.305747
0.00896487
0.186086
0.662
0.212924
0.662
0.662
0.662
0.662
0.254117
0.430085
0.662
0.0462426
0.263238
0.662
0.662
0.379971
0.145463
0.662
0.662
0.662
0.528034
0.211807
0.122736
0.662
0.362402
0.386792
0.662
0.277643
0.662
0.0272138
0.662
0.662
0.249803
0.662
0.662
0.0818228
0.325996
0.0494211
0.662
0.189124
0.160797
0.662
0.662
0.662
0.662
0.662
0.163135
0.463711
0.486451
0.317862
0.102679
0.662
0.662
0.620887
0.0871337
0.192945
0.63339
0.662
0.287421
0.146837
0.436267
0.168531
0.0820089
0.0021215
0.662
0.662
0.408732
0.189089
0.299596
0.39644
0.662
0.662
0.0853972
0.349646
0.44354
0.262962
0.662
0.662
0.662
0.246142
0.312956
0.119829
0.0235288
0.437901
0.226756
0.662
0.016003
0.367129
0.662
0.293971
0.662
0.230422
0.224227
0.317962
0.662
0.662
0.118758
0.0132706
0.294096
0.662
0.463214
0.383995
0.662
0.504782
0.662
0.0306775
0.211144
0.24607
0.17985
0.662
0.662
0.243133
0.189523
0.662
0.294045
0.662
0.662
0.329307
0.662
0.479019
0.131991
0.246401
0.304559
0.479551
0.271986
0.662
0.201458
0.662
0.662
0.662
0.466065
0.560748
0.630474
0.662
0.662
0.139855
0.486241
0.13437
0.601254
0.502384
0.662
0.662
0.662
0.181137
0.459973
0.662
0.264956
0.662
0.301512
0.104105
0.662
0.662
0.24741
0.0862643
0.50275
0.141566
0.662
0.169133
0.108468
0.431755
0.340311
0.662
0.0182889
0.208481
0.29295
0.662
0.182865
0.662
0.662
0.431593
0.284829
0.270698
0.622554
0.2241
0.0478763
0.370953
0.235384
0.141426
0.662
0.662
0.23014
0.103501
0.662
0.430966
0.662
0.662
0.00454521
0.099448
0.22696
0.662
0.27136
0.205247
0.662
0.39095
0.539031
0.468758
0.465045
0.662
0.0586186
0.466162
0.131268
0.0173317
0.662
0.662
0.0557737
0.512551
0.177983
0.380849
0.2315
0.166984
0.662
0.662
0.00154843
0.662
0.506865
0.191273
0.662
0.191944
0.662
0.662
0.386504
0.318056
0.448534
0.468824
0.662
0.662
0.0622489
0.0330536
0.242146
0.662
0.662
0.157071
0.662
0.662
0.263291
0.163957
0.158926
0.3605
0.158968
0.55377
0.662
0.188938
0.279473
0.377781
0.371821
0.339962
0.368443
0.662
0.662
0.136432
0.662
0.326152
0.662
0.662
0.662
0.236596
0.662
0.662
0.662
0.308278
0.649676
0.474521
0.662
0.145577
0.662
0.379093
0.24322
0.662
0.286444
0.210925
0.662
0.254221
0.662
0.382616
0.317943
0.12738
0.662
0.397905
0.662
0.662
0.662
0.00398495
0.662
0.662
0.662
0.330702
0.662
0.662
0.662
0.166322
0.662
0.662
0.662
0.207816
0.662
0.662
0.0752523
0.337371
0.662
0.276416
0.662
0.662
0.322735
0.318612
0.662
0.662
0.0703332
0.435827
0.662
0.408009
0.0234867
0.662
0.662
0.662
0.662
0.662
0.100661
0.185716
0.597141
0.662
0.344138
0.409323
0.168899
0.662
0.404844
0.382724
0.662
0.0408525
0.662
0.0240937
0.662
0.662
0.125376
0.334327
0.662
0.270538
0.389288
0.138985
0.095855
0.221783
0.280273
0.662
0.365514
0.195929
0.0342422
0.662
0.64002
0.662
0.19145
0.418817
0.229641
0.662
0.662
0.662
0.295387
0.10173
0.662
0.285882
0.662
0.662
0.662
0.129366
0.375553
0.662
0.239162
0.306548
0.492743
0.662
0.502991
0.289492
0.662
0.480173
0.24192
0.662
0.147088
0.427055
0.662
0.662
0.131807
0.202882
0.662
0.662
0.662
0.00579322
0.662
0.662
0.345176
0.662
0.474964
0.662
0.437965
0.220376
0.429331
0.205042
0.201601
0.662
0.309042
0.495999
0.662
0.181469
0.662
0.157868
0.00747742
0.662
0.205979
0.0584199
0.214917
0.433725
0.435976
0.662
0.662
0.194896
0.61313
0.130452
0.539293
0.0916213
0.128884
0.662
0.573164
0.396966
0.662
0.662
0.662
0.00429057
0.233083
0.469066
0.662
0.405962
0.0498561
0.662
0.662
0.322437
0.662
0.550629
0.662
0.662
0.662
0.662
0.662
0.662
0.286408
0.662
0.662
0.051872
0.0921247
0.0578197
0.662
0.165917
0.241368
0.0970824
0.662
0.662
0.662
0.501989
0.241022
0.184869
0.241785
0.100533
0.366995
0.572419
0.555327
0.0210555
0.662
0.208795
0.662
0.662
0.653762
0.662
0.371004
0.662
0.514975
0.590562
0.662
0.662
0.662
0.314821
0.662
0.295817
0.317979
0.231837
0.114886
0.662
0.662
0.662
0.45728
0.662
0.0764642
0.186354
0.209195
0.662
0.353021
0.300643
0.662
0.640299
0.113357
0.662
0.662
0.662
0.358187
0.662
0.233417
0.331715
0.356213
0.198386
0.243432
0.662
0.125283
0.662
0.662
0.662
0.662
0.274712
0.662
0.608105
0.662
0.338489
0.662
0.164039
0.593489
0.281581
0.25183
0.0929761
0.243903
0.184999
0.308972
0.662
0.0942941
0.0499323
0.246695
0.243155
0.309124
0.662
0.220862
0.245916
0.393367
0.662
0.364137
0.425954
0.662
0.662
0.0573233
0.431844
0.277594
0.0360158
0.662
0.217358
0.60694
0.662
0.117976
0.662
0.292578
0.662
0.219263
0.662
0.662
0.662
0.662
0.502393
0.662
0.573202
0.42993
0.662
0.357203
0.195857
0.565175
0.197622
0.662
0.486594
0.372088
0.662
0.662
0.15696
0.466485
0.662
0.233786
0.331372
0.196665
0.0345734
0.662
0.142383
0.662
0.662
0.379249
0.662
0.084899
0.375872
0.290184
0.587827
0.485915
0.642646
0.422609
0.662
0.511788
0.583125
0.659491
0.533904
0.296124
0.129266
0.199712
0.662
0.662
0.662
0.268889
0.160218
0.439453
0.662
0.662
0.662
0.662
0.41145
0.230037
0.662
0.448046
0.168607
0.506561
0.350632
0.216051
0.662
0.630017
0.662
0.662
0.662
0.398546
0.293879
0.459869
0.662
0.133184
0.0783447
0.0779894
0.281563
0.242222
0.354007
0.084599
0.662
0.662
0.117057
0.662
0.174015
0.662
0.464971
0.143415
0.662
0.370605
0.111652
0.108412
0.0976331
0.244389
0.198838
0.662
0.0125676
0.662
0.662
0.150472
0.662
0.0830417
0.662
0.662
0.662
0.15809
0.260501
0.662
0.251037
0.662
0.329499
0.0983683
0.421592
0.329244
0.624596
0.662
0.328371
0.440753
0.348043
0.259882
0.120551
0.662
0.662
0.314109
0.126523
0.37971
0.0870612
0.193061
0.26182
0.384247
0.472682
0.4493
0.662
0.662
0.457482
0.382018
0.340335
0.662
0.662
0.662
0.122738
0.662
0.169553
0.662
0.4195
0.362651
0.0865747
0.396277
0.662
0.319266
0.59732
0.203461
0.192805
0.035797
0.411087
0.662
0.486653
0.307464
0.662
0.513556
0.662
0.210605
0.453566
0.383644
0.662
0.0113248
0.662
0.247232
0.439896
0.662
0.662
0.177357
0.453127
0.662
0.592623
0.168894
0.207202
0.662
0.662
0.205151
0.662
0.432906
0.662
0.662
0.662
0.417124
0.662
0.662
0.662
0.662
0.662
0.252939
0.662
0.662
0.0141233
0.662
0.662
0.452708
0.250717
0.662
0.317839
0.353106
0.441897
0.662
0.467623
0.0964722
0.364277
0.313763
0.230674
0.0784698
0.262173
0.662
0.662
0.372241
0.662
0.662
0.240415
0.207092
0.662
0.323102
0.662
0.662
0.109995
0.135136
0.662
0.662
0.561208
0.166119
0.662
0.662
0.248632
0.267344
0.419479
0.331814
0.662
0.263564
0.3142
0.662
0.65388
0.0240841
0.410702
0.662
0.662
0.662
0.662
0.662
0.308275
0.274837
0.662
0.662
0.196679
0.662
0.475594
0.662
0.344081
0.474964
0.0201068
0.662
0.0709537
0.188515
0.662
0.269664
0.158265
0.662
0.272681
0.419817
0.662
0.187287
0.434739
0.662
0.662
0.662
0.33841
0.662
0.389903
0.298398
0.662
0.456636
0.278775
0.109326
0.175425
0.199955
0.517775
0.0677852
0.000985501
0.662
0.662
0.578062
0.662
0.031358
0.304102
0.662
0.331241
0.305318
0.662
0.00835186
0.500124
0.589204
0.0453677
0.662
0.662
0.0596153
0.662
0.294394
0.353687
0.352465
0.226302
0.421057
0.0876634
0.662
0.662
0.377457
0.662
0.349121
0.662
0.662
0.374258
0.662
0.137234
0.662
0.419124
0.0209274
0.405051
0.560026
0.15187
0.662
0.456464
0.395013
0.662
0.662
0.0544822
0.157051
0.211795
0.543376
0.36256
0.279543
0.662
0.662
0.662
0.662
0.367939
0.0105464
0.0630908
0.239289
0.149882
0.291283
0.662
0.35119
0.662
0.577427
0.296691
0.662
0.266459
0.662
0.309326
0.662
0.662
0.662
0.19341
0.317252
0.0436885
0.301215
0.662
0.347044
0.0595298
0.0945977
0.662
0.662
0.612876
0.244203
0.662
0.245734
0.662
0.0981261
0.662
0.501347
0.662
0.26604
0.662
0.662
0.230976
0.662
0.662
0.662
0.0534075
0.662
0.578072
0.327325
0.662
0.184016
0.662
0.581361
0.209587
0.35206
0.222069
0.264932
0.662
0.387153
0.662
0.662
0.662
0.498529
0.662
0.662
0.662
0.662
0.662
0.662
0.254157
0.662
0.350747
0.251019
0.28748
0.662
0.662
0.662
0.662
0.655838
0.662
0.662
0.530605
0.322472
0.0884275
0.662
0.662
0.662
0.662
0.662
0.198363
0.346301
0.371343
0.455226
0.147024
0.246451
0.035935
0.151796
0.389434
0.20972
0.662
0.662
0.662
0.19997
0.360528
0.662
0.662
0.0749734
0.662
0.107013
0.326801
0.662
0.0871574
0.233158
0.0561952
0.662
0.662
0.263937
0.0855354
0.662
0.125042
0.284327
0.618391
0.221219
0.662
0.662
0.662
0.199587
0.258832
0.662
0.662
0.390745
0.252283
0.662
0.662
0.228402
0.662
0.662
0.662
0.409346
0.0192335
0.226969
0.259838
0.662
0.662
0.133591
0.188719
0.662
0.119917
0.42095
0.27665
0.241213
0.662
0.662
0.213496
0.587447
0.430487
0.238806
0.662
0.191833
0.0840407
0.662
0.30988
0.224156
0.150715
0.387197
0.221391
0.35176
0.276855
0.662
0.186681
0.456276
0.662
0.169539
0.662
0.197442
0.502535
0.662
0.370186
0.662
0.662
0.662
0.34938
0.238397
0.220147
0.0519703
0.409422
0.314566
0.662
0.662
0.662
0.417807
0.2437
0.452179
0.43407
0.200639
0.36027
0.662
0.185225
0.662
0.662
0.313766
0.227003
0.2239
0.662
0.662
0.662
0.662
0.15282
0.227819
0.296609
0.346559
0.662
0.535872
0.662
0.331017
0.215023
0.662
0.270157
0.285999
0.354022
0.662
0.191387
0.402168
0.443002
0.662
0.234378
0.204031
0.432078
0.298426
0.662
0.662
0.662
0.30494
0.130258
0.662
0.457614
0.0584356
0.421612
0.0155592
0.473748
0.243579
0.662
0.0357884
0.662
0.662
0.662
0.272254
0.462097
0.616103
0.416631
0.39642
0.662
0.307401
0.296087
0.422277
0.662
0.0860785
0.171855
0.226257
0.107392
0.662
0.487116
0.662
0.0809896
0.193537
0.119738
0.62423
0.662
0.206312
0.301183
0.3057
0.144434
0.226278
0.662
0.299067
0.215434
0.0622607
0.10798
0.662
0.662
0.270697
0.18036
0.662
0.662
0.239816
0.447163
0.31809
0.19367
0.662
0.0273526
0.143891
0.662
0.225652
0.247813
0.0189776
0.662
0.189983
0.287781
0.662
0.662
0.225668
0.194463
0.662
0.404356
0.662
0.306638
0.319982
0.662
0.662
0.662
0.233646
0.218035
0.197195
0.265514
0.662
0.301873
0.662
0.662
0.185397
0.662
0.169127
0.662
0.662
0.215521
0.662
0.369383
0.23138
0.262357
0.249834
0.129144
0.289859
0.308992
0.604791
0.662
0.412776
0.448683
0.662
0.279251
0.0736218
0.662
0.662
0.102429
0.662
0.662
0.241933
0.662
0.662
0.566329
0.662
0.0374293
0.662
0.662
0.404946
0.662
0.198057
0.355856
0.251451
0.324828
0.662
0.287725
0.163858
0.106175
0.662
0.662
0.662
0.662
0.246197
0.445245
0.489673
0.662
0.377485
0.662
0.216645
0.234193
0.159437
0.532794
0.187033
0.441178
0.473058
0.427429
0.260593
0.133729
0.662
0.32033
0.400049
0.662
0.46069
0.662
0.662
0.662
0.291666
0.662
0.478278
0.662
0.396267
0.662
0.662
0.462144
0.424719
0.205486
0.292691
0.231581
0.0527521
0.159539
0.365601
0.662
0.0724416
0.00217952
0.456237
0.662
0.662
0.271616
0.662
0.662
0.353898
0.134685
0.478898
0.662
0.431202
0.257387
0.208467
0.365497
0.130656
0.220086
0.083633
0.514191
0.272969
0.662
0.662
0.439799
0.662
0.329636
0.662
0.505574
0.662
0.185124
0.662
0.211811
0.662
0.311549
0.212241
0.662
0.00869288
0.662
0.662
0.662
0.117868
0.662
0.339999
0.0187789
0.662
0.442001
0.661628
0.662
0.662
0.662
0.264289
0.160608
0.662
0.662
0.386252
0.392314
0.662
0.541241
0.424646
0.662
0.408227
0.662
0.662
0.662
0.662
0.358146
0.662
0.0428015
0.185532
0.44642
0.662
0.662
0.426606
0.662
0.286039
0.0832559
0.469209
0.662
0.662
0.662
0.662
0.537304
0.416089
0.0574184
0.237849
0.270054
0.204666
0.449163
0.0878379
0.128025
0.2552
0.662
0.128622
0.18968
0.22126
0.662
0.289586
0.662
0.163452
0.458242
0.449646
0.273586
0.662
0.320142
0.662
0.275435
0.0073577
0.662
0.175488
0.662
0.313758
0.212136
0.662
0.129696
0.192796
0.228882
0.662
0.159956
0.662
0.662
0.468427
0.662
0.451022
0.0819861
0.215477
0.0903416
0.662
0.121066
0.188015
0.662
0.507416
0.19923
0.24034
0.644601
0.243403
0.606615
0.329348
0.662
0.225684
0.662
0.662
0.0908953
0.662
0.365008
0.0784049
0.248658
0.467955
0.328881
0.410573
0.540976
0.308642
0.662
0.464349
0.662
0.303584
0.662
0.662
0.441584
0.662
0.214864
0.219648
0.456054
0.0109857
0.403961
0.662
0.242419
0.662
0.16947
0.452366
0.339985
0.434262
0.33541
0.305562
0.662
0.18016
0.166995
0.662
0.47764
0.22922
0.618061
0.276129
0.394144
0.662
0.224675
0.174388
0.178682
0.116097
0.396806
0.0173807
0.374564
0.389861
0.239524
0.662
0.034941
0.49412
0.599664
0.245606
0.662
0.267784
0.662
0.662
0.662
0.0110796
0.269597
0.202869
0.662
0.314602
0.0799451
0.220754
0.366802
0.662
0.0935437
0.341008
0.662
0.662
0.662
0.662
0.662
0.662
0.466222
0.489257
0.326171
0.662
0.662
0.600034
0.662
0.662
0.207531
0.662
0.203206
0.281758
0.582364
0.662
0.662
0.265735
0.160663
0.0964175
0.662
0.094899
0.214281
0.294196
0.662
0.662
0.0722658
0.236574
0.662
0.662
0.662
0.662
0.476899
0.662
0.662
0.662
0.536403
0.397547
0.662
0.14423
0.404296
0.439293
0.0815748
0.662
0.27213
0.546837
0.662
0.111781
0.507961
0.372209
0.662
0.335536
0.662
0.406548
0.125411
0.3565
0.662
0.263083
0.432806
0.371096
0.504283
0.123007
0.470048
0.452484
0.251435
0.420249
0.662
0.0433164
0.662
0.662
0.662
0.662
0.0119865
0.662
0.662
0.662
0.447567
0.088071
0.126525
0.170162
0.458981
0.192722
0.451694
0.143035
0.662
0.310116
0.184082
0.597229
0.105559
0.127757
0.264955
0.662
0.373036
0.106871
0.393396
0.662
0.124252
0.662
0.274925
0.17948
0.0968539
0.0105687
0.662
0.243986
0.662
0.326175
0.280856
0.448681
0.362125
0.4955
0.662
0.662
0.662
0.262687
0.165242
0.662
0.662
0.352639
0.183698
0.634849
0.605964
0.109014
0.245463
0.417679
0.207529
0.217936
0.662
0.662
0.217991
0.662
0.662
0.662
0.662
0.662
0.0719953
0.662
0.12653
0.320286
0.662
0.662
0.0133807
0.662
0.662
0.273872
0.274011
0.298977
0.300098
0.662
0.384025
0.214103
0.662
0.347136
0.365974
0.612375
0.0849421
0.349897
0.22936
0.0373366
0.471258
0.0240133
0.662
0.662
0.235134
0.575421
0.417783
0.221782
0.662
0.580982
0.662
0.662
0.662
0.662
0.662
0.383777
0.232669
0.175661
0.0266292
0.662
0.662
0.0554617
0.662
0.323168
0.662
0.662
0.662
0.35815
0.569015
0.662
0.414583
0.662
0.662
0.244838
0.191618
0.662
0.0666406
0.499116
0.44662
0.662
0.532278
0.278957
0.662
0.366729
0.246555
0.662
0.322019
0.662
0.432368
0.0283854
0.244781
0.587536
0.662
0.662
0.0458802
0.318025
0.662
0.662
0.662
0.386368
0.662
0.34418
0.662
0.071078
0.662
0.662
0.56965
0.171339
0.273971
0.247359
0.662
0.00311215
0.326134
0.212047
0.0956833
0.479005
0.485662
0.662
0.149761
0.170733
0.662
0.662
0.662
0.662
0.662
0.52981
0.662
0.488915
0.567268
0.662
0.255002
0.483815
0.179833
0.435293
0.163849
0.0567829
0.662
0.662
0.186447
0.662
0.410732
0.313946
0.349723
0.238229
0.291966
0.31239
0.662
0.158205
0.228231
0.177261
0.662
0.147851
0.097157
0.0495747
0.482303
0.473178
0.662
0.193323
0.662
0.662
0.206618
0.247324
0.154337
0.662
0.302603
0.469719
0.48499
0.662
0.122798
0.368446
0.662
0.208303
0.0278465
0.662
0.340249
0.402227
0.662
0.0217389
0.662
0.171053
0.662
0.662
0.662
0.662
0.662
0.662
0.295583
0.662
0.590561
0.359734
0.00184087
0.29167
0.662
0.662
0.215002
0.526151
0.0869714
0.662
0.33207
0.662
0.225391
0.662
0.246359
0.662
0.662
0.121612
0.211729
0.140982
0.523677
0.662
0.362516
0.662
0.662
0.191054
0.361059
0.587824
0.225247
0.662
0.132932
0.662
0.662
0.662
0.662
0.662
0.105872
0.662
0.662
0.352332
0.103698
0.431323
0.150218
0.392372
0.237607
0.494002
0.430253
0.235317
0.187776
0.58947
0.0425393
0.662
0.662
0.286039
0.309386
0.662
0.34262
0.662
0.205808
0.662
0.236385
0.100921
0.662
0.435196
0.0987832
0.104452
0.412786
0.39353
0.0818061
0.662
0.0600379
0.662
0.416687
0.662
0.662
0.662
0.396378
0.147474
0.662
0.288521
0.662
0.0156019
0.229117
0.088578
0.196585
0.662
0.311685
0.662
0.662
0.662
0.22731
0.662
0.0505085
0.342288
0.662
0.662
0.305162
0.662
0.199437
0.662
0.0870521
0.0967333
0.0428927
0.145892
0.662
0.662
0.662
0.662
0.426451
0.662
0.505601
0.255098
0.662
0.263771
0.0947734
0.662
0.662
0.662
0.527861
0.448722
0.222176
0.662
0.662
0.207773
0.662
0.232863
0.583771
0.201741
0.156969
0.381888
0.31675
0.662
0.662
0.435964
0.662
0.662
0.37719
0.662
0.215373
0.431664
0.261219
0.202062
0.154706
0.345127
0.265148
0.242233
0.288805
0.662
0.346302
0.662
0.662
0.662
0.325578
0.291983
0.662
0.119074
0.662
0.662
0.430766
0.662
0.280374
0.138534
0.396169
0.378984
0.143861
0.662
0.124685
0.662
0.157444
0.662
0.662
0.455198
0.662
0.662
0.313903
0.211703
0.307622
0.662
0.421983
0.662
0.662
0.543249
0.0177635
0.662
0.424557
0.227978
0.00224871
0.202723
0.662
0.170495
0.148438
0.27616
0.0262075
0.662
0.106854
0.427463
0.662
0.138224
0.50254
0.662
0.662
0.0990937
0.662
0.662
0.662
0.20895
0.662
0.257377
0.113221
0.396293
0.662
0.305895
0.0663983
0.662
0.662
0.348031
0.387237
0.0893545
0.662
0.261854
0.132885
0.134056
0.436654
0.662
0.662
0.108346
0.096574
0.255865
0.662
0.445617
0.0839215
0.662
0.662
0.662
0.0973785
0.239416
0.0112113
0.662
0.0377542
0.662
0.20044
0.662
0.662
0.224627
0.149041
0.662
0.662
0.358202
0.133318
0.360306
0.171526
0.059579
0.198856
0.650995
0.609781
0.510636
0.662
0.662
0.662
0.0163533
0.619905
0.252711
0.662
0.662
0.662
0.662
0.0547273
0.220912
0.179381
0.258186
0.423761
0.619173
0.662
0.208779
0.662
0.662
0.662
0.323986
0.554628
0.662
0.0116464
0.208879
0.662
0.333927
0.0100417
0.662
0.160034
0.278708
0.662
0.490053
0.323065
0.371044
0.122707
0.0130863
0.454495
0.662
0.0310651
0.469036
0.192537
0.662
0.662
0.263702
0.273097
0.0359644
0.662
0.0764957
0.0904972
0.662
0.0876567
0.662
0.3447
0.226781
0.662
0.552551
0.340315
0.459698
0.210118
0.330029
0.662
0.662
0.554054
0.369956
0.162145
0.662
0.254352
0.221208
0.331085
0.416377
0.378038
0.662
0.662
0.193784
0.420106
0.208385
0.662
0.382797
0.199002
0.299997
0.662
0.502666
0.0367194
0.0868127
0.662
0.116582
0.181173
0.662
0.298162
0.662
0.662
0.405337
0.662
0.662
0.054537
0.662
0.662
0.0929431
0.130897
0.329852
0.350789
0.662
0.289349
0.662
0.662
0.354944
0.250898
0.662
0.325673
0.20965
0.59629
0.435479
0.396577
0.431427
0.662
0.662
0.662
0.212868
0.662
0.662
0.662
0.662
0.219274
0.00430148
0.133548
0.458232
0.161382
0.232478
0.0573339
0.507232
0.662
0.548907
0.662
0.204905
0.662
0.201083
0.662
0.432699
0.662
0.3102
0.128175
0.0918841
0.662
0.187642
0.390018
0.662
0.379767
0.142281
0.271783
0.662
0.662
0.269827
0.269005
0.150802
0.0743479
0.662
0.26543
0.29934
0.574375
0.662
0.662
0.124149
0.662
0.343442
0.662
0.310845
0.057676
0.155003
0.384434
0.662
0.365721
0.149466
0.175544
0.662
0.203404
0.662
0.0395712
0.662
0.195391
0.228554
0.0824803
0.413751
0.662
0.1691
0.662
0.662
0.505766
0.662
0.662
0.656417
0.228184
0.145432
0.662
0.433865
0.662
0.662
0.662
0.41605
0.212857
0.662
0.451081
0.662
0.349866
0.332699
0.113504
0.662
0.662
0.662
0.110724
0.662
0.0117655
0.410128
0.289032
0.566006
0.437179
0.560837
0.446772
0.194637
0.662
0.662
0.662
0.390504
0.376752
0.475821
0.392666
0.266261
0.490944
0.186598
0.259044
0.410315
0.300062
0.199987
0.227452
0.155594
0.407584
0.427551
0.130886
0.662
0.662
0.350693
0.662
0.242765
0.331479
0.446969
0.662
0.34862
0.0852785
0.252867
0.325945
0.233394
0.065142
0.505151
0.662
0.662
0.128233
0.662
0.662
0.297236
0.474837
0.184439
0.469293
0.224191
0.662
0.228262
0.662
0.662
0.662
0.662
0.0138709
0.167957
0.456475
0.312229
0.0555642
0.662
0.489613
0.255756
0.662
0.133295
0.662
0.662
0.0275292
0.662
0.189169
0.374906
0.473321
0.662
0.148987
0.662
0.155257
0.662
0.266361
0.180752
0.662
0.279911
0.0931379
0.216703
0.0321998
0.380119
0.188288
0.352536
0.214724
0.662
0.153365
0.113694
0.0742263
0.283323
0.662
0.662
0.662
0.662
0.319863
0.662
0.662
0.662
0.662
0.189708
0.29408
0.097377
0.662
0.662
0.662
0.662
0.164643
0.187374
0.450737
0.567043
0.449948
0.146448
0.38863
0.662
0.195009
0.47054
0.197716
0.203408
0.662
0.662
0.258692
0.197678
0.446154
0.429532
0.662
0.404766
0.662
0.0277372
0.662
0.662
0.47964
0.116135
0.662
0.662
0.662
0.662
0.207745
0.181202
0.662
0.330015
0.662
0.283934
0.662
0.662
0.393451
0.636286
0.194015
0.4472
0.517803
0.477214
0.325657
0.347355
0.475575
0.263937
0.662
0.0259455
0.165192
0.662
0.662
0.662
0.191873
0.662
0.43508
0.329537
0.662
0.0965986
0.662
0.579657
0.662
0.149431
0.538678
0.662
0.662
0.662
0.415522
0.662
0.472062
0.662
0.026513
0.120399
0.662
0.522644
0.208006
0.403622
0.170156
0.31486
0.662
0.662
0.662
0.419016
0.662
0.662
0.662
0.662
0.329658
0.0649794
0.662
0.662
0.451213
0.204936
0.238647
0.662
0.0293208
0.310361
0.662
0.0292214
0.542864
0.451187
0.662
0.662
0.160103
0.197793
0.662
0.240416
0.261146
0.437528
0.662
0.223677
0.280633
0.662
0.1928
0.662
0.460326
0.222858
0.134036
0.0440013
0.398913
0.391116
0.662
0.662
0.21724
0.0706733
0.427323
0.226124
0.19044
0.203776
0.353333
0.543368
0.662
0.284312
0.662
0.342441
0.662
0.662
0.662
0.641404
0.339169
0.195245
0.662
0.364817
0.662
0.626849
0.662
0.662
0.328697
0.662
0.306359
0.265355
0.662
0.662
0.241151
0.304867
0.611398
0.662
0.242503
0.253222
0.577158
0.410421
0.548069
0.377243
0.486959
0.196964
0.24679
0.143004
0.258215
0.140332
0.390748
0.264824
0.10873
0.615921
0.662
0.0360642
0.100049
0.407369
0.662
0.662
0.181233
0.512356
0.199991
0.662
0.662
0.482252
0.388177
0.662
0.221122
0.662
0.662
0.1255
0.324419
0.141754
0.662
0.208252
0.404986
0.662
0.108219
0.00632982
0.469972
0.171975
0.662
0.662
0.277015
0.662
0.0190244
0.662
0.123658
0.253782
0.359733
0.4507
0.662
0.662
0.662
0.128694
0.501831
0.593217
0.662
0.662
0.662
0.000265922
0.210103
0.205915
0.239669
0.204541
0.662
0.266088
0.662
0.662
0.379741
0.662
0.328209
0.662
0.299478
0.427582
0.197622
0.451666
0.0873475
0.662
0.662
0.662
0.0439118
0.662
0.479791
0.466663
0.662
0.0952265
0.194537
0.0309845
0.318679
0.0707133
0.662
0.195572
0.662
0.0547629
0.249993
0.220286
0.592872
0.662
0.120413
0.158528
0.431607
0.356081
0.662
0.191584
0.563193
0.31964
0.354678
0.266707
0.662
0.662
0.651487
0.237102
0.662
0.0913108
0.662
0.511891
0.158689
0.662
0.197013
0.125164
0.524181
0.243907
0.477685
0.169429
0.283362
0.662
0.342688
0.662
0.282192
0.468724
0.662
0.662
0.261841
0.662
0.601749
0.662
0.576056
0.0709321
0.662
0.160168
0.203791
0.335627
0.512439
0.352226
0.662
0.662
0.662
0.662
0.662
0.0352199
0.118937
0.662
0.662
0.185197
0.662
0.662
0.662
0.138737
0.509473
0.245228
0.24694
0.662
0.662
0.338885
0.210379
0.456327
0.662
0.310524
0.0408515
0.662
0.0778784
0.479025
0.427824
0.662
0.216679
0.323311
0.662
0.417112
0.293714
0.346614
0.0624081
0.378537
0.312071
0.009355
0.662
0.401498
0.161533
0.456384
0.662
0.422476
0.299713
0.113983
0.1305
0.302327
0.340164
0.267725
0.458641
0.370591
0.662
0.662
0.101881
0.662
0.662
0.161909
0.00480094
0.662
0.321847
0.216349
0.195821
0.223722
0.662
0.662
0.31316
0.23031
0.217107
0.517861
0.261395
0.225301
0.662
0.662
0.153879
0.662
0.662
0.373111
0.662
0.235584
0.599427
0.0126485
0.232045
0.139619
0.662
0.439357
0.662
0.23934
0.511149
0.251247
0.0473753
0.662
0.662
0.237304
0.662
0.662
0.325336
0.662
0.506659
0.165637
0.0237192
0.00163257
0.320927
0.0671727
0.662
0.17914
0.662
0.654131
0.662
0.188751
0.662
0.40949
0.662
0.662
0.0940145
0.662
0.662
0.662
0.662
0.151883
0.497758
0.662
0.662
0.469636
0.356511
0.662
0.00225509
0.236687
0.306258
0.651965
0.437847
0.423883
0.662
0.443133
0.662
0.662
0.662
0.403347
0.662
0.662
0.344574
0.662
0.297813
0.129476
0.353514
0.349184
0.0219233
0.32669
0.662
0.662
0.0478722
0.230413
0.206521
0.277537
0.662
0.257936
0.662
0.662
0.662
0.360846
0.643766
0.662
0.282654
0.662
0.320596
0.503753
0.662
0.662
0.348627
0.247694
0.662
0.662
0.662
0.411282
0.501395
0.662
0.31041
0.328933
0.662
0.293874
0.140774
0.212276
0.662
0.662
0.420334
0.662
0.236621
0.477768
0.298005
0.178417
0.662
0.662
0.662
0.238201
0.0434174
0.228866
0.0591729
0.41521
0.0648158
0.466028
0.362266
0.462829
0.235015
0.295581
0.662
0.199618
0.247696
0.251783
0.596957
0.243106
0.0744804
0.375916
0.662
0.358747
0.662
0.143295
0.588962
0.231852
0.12553
0.662
0.662
0.662
0.316788
0.662
0.662
0.521754
0.0312992
0.0686398
0.662
0.377662
0.365198
0.662
0.662
0.301618
0.662
0.345755
0.18544
0.631637
0.0926949
0.662
0.662
0.662
0.320681
0.662
0.662
0.662
0.662
0.662
0.363213
0.662
0.213238
0.30711
0.662
0.662
0.662
0.221176
0.0947033
0.662
0.662
0.662
0.27964
0.512069
0.662
0.238353
0.662
0.410521
0.662
0.146204
0.662
0.662
0.662
0.662
0.662
0.190486
0.261161
0.662
0.241366
0.662
0.196357
0.223374
0.436066
0.458718
0.00214698
0.662
0.662
0.45422
0.150689
0.23853
0.260399
0.565141
0.662
0.662
0.143297
0.268417
0.223737
0.335108
0.220847
0.23745
0.0797513
0.662
0.166832
0.384232
0.146223
0.662
0.662
0.257852
0.422059
0.379151
0.662
0.0948699
0.239674
0.371162
0.662
0.662
0.010844
0.662
0.371871
0.108251
0.662
0.662
0.207261
0.264393
0.427975
0.662
0.252803
0.394439
0.411455
0.662
0.662
0.297964
0.662
0.662
0.315956
0.231159
0.662
0.662
0.0860488
0.412106
0.353846
0.1945
0.397696
0.662
0.662
0.234634
0.662
0.662
0.662
0.286194
0.118371
0.662
0.662
0.484319
0.303385
0.441103
0.350398
0.662
0.299789
0.417629
0.107666
0.662
0.662
0.285069
0.13144
0.140906
0.662
0.662
0.119488
0.22705
0.662
0.662
0.662
0.356954
0.662
0.25468
0.276485
0.0382429
0.662
0.582824
0.662
0.662
0.662
0.662
0.489377
0.662
0.509991
0.586503
0.662
0.662
0.467
0.233945
0.662
0.662
0.662
0.662
0.662
0.359725
0.662
0.648097
0.662
0.0639799
0.242311
0.257021
0.662
0.252279
0.421613
0.662
0.662
0.662
0.142113
0.662
0.188327
0.483321
0.662
0.662
0.20547
0.0275581
0.662
0.662
0.448301
0.166995
0.662
0.662
0.662
0.662
0.185622
0.172911
0.662
0.409092
0.662
0.354076
0.140966
0.302197
0.662
0.662
0.662
0.435755
0.662
0.147379
0.662
0.321163
0.662
0.662
0.662
0.662
0.662
0.219346
0.431768
0.662
0.00454219
0.128846
0.662
0.170368
0.052721
0.143893
0.229338
0.0146318
0.420673
0.22688
0.662
0.662
0.662
0.0668289
0.160301
0.662
0.111539
0.502586
0.356727
0.343099
0.166498
0.662
0.662
0.24396
0.118109
0.26089
0.662
0.0394181
0.0463778
0.424394
0.662
0.662
0.662
0.367295
0.409131
0.662
0.662
0.173327
0.0863547
0.0351038
0.662
0.335853
0.662
0.409291
0.293562
0.662
0.212633
0.662
0.662
0.662
0.662
0.47686
0.361848
0.206125
0.662
0.194769
0.273006
0.279942
0.371557
0.190971
0.662
0.221154
0.215868
0.662
0.497765
0.662
0.662
0.401939
0.662
0.193927
0.662
0.507283
0.219985
0.237198
0.662
0.662
0.662
0.662
0.662
0.662
0.476186
0.471787
0.479208
0.662
0.358324
0.335745
0.662
0.662
0.284553
0.662
0.117318
0.0591132
0.662
0.662
0.662
0.502619
0.241146
0.179508
0.208431
0.318634
0.176307
0.662
0.662
0.402403
0.00657673
0.662
0.260356
0.426345
0.142629
0.32275
0.0736316
0.550912
0.662
0.224147
0.0430889
0.662
0.662
0.144012
0.662
0.662
0.406724
0.0239515
0.662
0.122943
0.662
0.013954
0.0552981
0.318699
0.161619
0.662
0.282645
0.662
0.561465
0.273393
0.662
0.198211
0.215337
0.188937
0.662
0.662
0.228883
0.662
0.00696848
0.114657
0.553622
0.00558804
0.662
0.198422
0.662
0.662
0.221963
0.518503
0.198797
0.662
0.443237
0.662
0.459714
0.147679
0.179209
0.662
0.662
0.107109
0.662
0.334291
0.43194
0.468066
0.0597667
0.650513
0.248682
0.123643
0.662
0.662
0.256371
0.57168
0.310691
0.305905
0.662
0.232752
0.0552848
0.304376
0.112224
0.33867
0.443396
0.662
0.512573
0.662
0.564932
0.662
0.18129
0.662
0.662
0.446625
0.662
0.107988
0.293506
0.296578
0.199936
0.428832
0.0259122
0.425899
0.228063
0.662
0.21307
0.270032
0.462293
0.095268
0.237362
0.0712958
0.239443
0.662
0.662
0.662
0.449503
0.17918
0.0635318
0.662
0.47934
0.392898
0.662
0.413177
0.156427
0.480033
0.293943
0.0499563
0.563697
0.662
0.384022
0.662
0.662
0.662
0.662
0.662
0.662
0.00464445
0.450153
0.406351
0.207245
0.38802
0.523577
0.662
0.662
0.662
0.411822
0.168135
0.662
0.346492
0.143401
0.530169
0.662
0.0528519
0.27603
0.662
0.662
0.104547
0.143663
0.218868
0.662
0.662
0.662
0.36891
0.662
0.662
0.475251
0.662
0.662
0.662
0.271518
0.662
0.205358
0.0622568
0.220005
0.662
0.0563573
0.662
0.388281
0.162901
0.136627
0.214908
0.662
0.326359
0.662
0.662
0.662
0.25362
0.328753
0.2464
0.662
0.662
0.0604556
0.232614
0.662
0.206726
0.197633
0.662
0.232731
0.397682
0.662
0.662
0.196631
0.32289
0.662
0.233364
0.662
0.338904
0.662
0.228181
0.662
0.474309
0.172908
0.662
0.662
0.662
0.324211
0.662
0.662
0.662
0.662
0.662
0.662
0.372105
0.357683
0.662
0.629706
0.203066
0.150392
0.0832118
0.662
0.662
0.112715
0.644742
0.296979
0.662
0.341922
0.266279
0.325559
0.596164
0.662
0.345933
0.152893
0.242121
0.167612
0.662
0.364929
0.0873852
0.662
0.662
0.662
0.324275
0.662
0.390603
0.413476
0.0404659
0.246057
0.293102
0.662
0.470871
0.379006
0.662
0.662
0.324148
0.662
0.662
0.662
0.325196
0.662
0.131575
0.417927
0.662
0.662
0.662
0.662
0.21464
0.662
0.0911047
0.283037
0.0670521
0.210332
0.12235
0.662
0.179919
0.592448
0.246211
0.0065265
0.0682382
0.363061
0.236887
0.662
0.662
0.187873
0.323803
0.421514
0.0065591
0.662
0.662
0.239506
0.185976
0.134349
0.372719
0.662
0.662
0.39966
0.42515
0.662
0.345148
0.115621
0.166946
0.662
0.3704
0.203107
0.205888
0.662
0.231915
0.286134
0.216313
0.222269
0.0842664
0.662
0.427967
0.662
0.329363
0.218237
0.662
0.662
0.00160582
0.186162
0.0350111
0.222806
0.107286
0.272297
0.400877
0.416799
0.58466
0.364691
0.485016
0.662
0.161804
0.662
0.662
0.662
0.144675
0.662
0.253405
0.662
0.217971
0.0197336
0.463183
0.343152
0.662
0.662
0.297007
0.235357
0.662
0.285889
0.662
0.143041
0.237886
0.533416
0.25573
0.662
0.662
0.311463
0.370395
0.662
0.210389
0.174086
0.058985
0.351894
0.662
0.189612
0.662
0.43319
0.243723
0.662
0.370857
0.196963
0.662
0.662
0.662
0.446824
0.458772
0.407198
0.034814
0.578666
0.136889
0.0665944
0.446449
0.346821
0.458038
0.662
0.662
0.662
0.590301
0.662
0.489944
0.131028
0.662
0.166418
0.662
0.116608
0.662
0.662
0.662
0.662
0.284928
0.662
0.662
0.255499
0.250721
0.318274
0.662
0.151374
0.51765
0.184473
0.309838
0.44663
0.449076
0.662
0.662
0.662
0.042131
0.662
0.662
0.596891
0.662
0.662
0.149356
0.11859
0.662
0.415516
0.259363
0.662
0.662
0.190567
0.662
0.0183416
0.237935
0.2072
0.111586
0.372091
0.290249
0.105417
0.662
0.609695
0.4463
0.413298
0.662
0.201176
0.662
0.280482
0.662
0.662
0.485999
0.662
0.109225
0.662
0.544159
0.662
0.274814
0.145882
0.662
0.662
0.278088
0.215508
0.662
0.329564
0.662
0.183516
0.163647
0.662
0.662
0.489541
0.662
0.662
0.662
0.338005
0.322009
0.662
0.662
0.662
0.662
0.12531
0.443097
0.475335
0.124451
0.662
0.152616
0.662
0.167728
0.662
0.0981236
0.579904
0.223142
0.347989
0.662
0.662
0.392355
0.662
0.662
0.662
0.101993
0.242492
0.276728
0.226102
0.273068
0.169529
0.184546
0.662
0.474264
0.0561174
0.467164
0.310477
0.662
0.445066
0.662
0.119987
0.429101
0.16744
0.662
0.21428
0.138988
0.662
0.139691
0.662
0.474716
0.662
0.662
0.30787
0.177449
0.328315
0.236171
0.662
0.198238
0.662
0.662
0.662
0.343523
0.662
0.662
0.256485
0.662
0.398955
0.29022
0.662
0.112979
0.662
0.662
0.467876
0.0844712
0.245612
0.22177
0.248925
0.237968
0.222896
0.662
0.371197
0.662
0.662
0.360409
0.294155
0.0332279
0.331523
0.562158
0.286876
0.662
0.662
0.215663
0.143254
0.662
0.299131
0.119681
0.211811
0.215403
0.662
0.107914
0.662
0.181325
0.662
0.155835
0.227935
0.352451
0.415384
0.4394
0.474819
0.212574
0.469788
0.396
0.662
0.662
0.392921
0.612345
0.310227
0.662
0.194713
0.662
0.662
0.41414
0.662
0.662
0.154685
0.270473
0.36106
0.00538569
0.662
0.0997325
0.231934
0.236829
0.662
0.0845423
0.662
0.0821489
0.662
0.385808
0.662
0.662
0.662
0.662
0.662
0.254724
0.493861
0.662
0.662
0.338694
0.662
0.662
0.148241
0.093917
0.662
0.162731
0.453315
0.662
0.115442
0.276546
0.174289
0.278343
0.204101
0.271763
0.370145
0.285238
0.662
0.662
0.329205
0.281047
0.662
0.599362
0.609529
0.146916
0.236206
0.662
0.19931
0.297163
0.00575583
0.662
0.133405
0.311567
0.662
0.662
0.217738
0.362787
0.212739
0.522884
0.662
0.662
0.135587
0.450354
0.00587234
0.390686
0.662
0.662
0.501804
0.375551
0.662
0.662
0.662
0.662
0.662
0.662
0.662
0.243221
0.401134
0.145869
0.521009
0.284577
0.495091
0.37811
0.281891
0.632132
0.527499
0.662
0.662
0.164868
0.662
0.662
0.102939
0.662
0.00715293
0.641797
0.384552
0.662
0.662
0.662
0.608737
0.157348
0.257316
0.662
0.662
0.0316151
0.662
0.231243
0.418446
0.148208
0.0170754
0.240973
0.263432
0.101236
0.184525
0.662
0.503471
0.385015
0.44687
0.662
0.662
0.22944
0.662
0.401913
0.361832
0.662
0.0339899
0.662
0.662
0.205267
0.573214
0.490093
0.662
0.367671
0.662
0.224724
0.315772
0.662
0.662
0.662
0.191854
0.662
0.662
0.662
0.425075
0.33884
0.662
0.662
0.50041
0.155796
0.662
0.138279
0.208941
0.248415
0.0114243
0.566801
0.38286
0.16561
0.0306033
0.413537
0.411207
0.137123
0.0208105
0.662
0.662
0.468411
0.106664
0.172165
0.301794
0.149897
0.0146354
0.440546
0.662
0.423346
0.125657
0.417766
0.662
0.662
0.662
0.13621
0.662
0.662
0.565009
0.662
0.662
0.113375
0.183731
0.298526
0.0702776
0.662
0.313981
0.662
0.662
0.40937
0.234592
0.115674
0.662
0.285657
0.390131
0.662
0.662
0.662
0.662
0.203915
0.299724
0.662
0.340901
0.00144031
0.595745
0.290331
0.662
0.662
0.641431
0.239437
0.303692
0.662
0.137095
0.152061
0.0370189
0.662
0.662
0.662
0.662
0.662
0.275328
0.386889
0.662
0.662
0.134353
0.20112
0.283351
0.243747
0.237076
0.34408
0.662
0.662
0.149488
0.662
0.662
0.247848
0.13953
0.429861
0.468515
0.46623
0.662
0.662
0.662
0.662
0.449152
0.662
0.328781
0.165945
0.662
0.662
0.662
0.269285
0.260393
0.339778
0.316332
0.508433
0.662
0.469917
0.662
0.222551
0.13884
0.662
0.23921
0.0772732
0.662
0.160577
0.280862
0.157762
0.662
0.662
0.266997
0.598259
0.662
0.286081
0.145191
0.273734
0.358982
0.282517
0.662
0.554122
0.480461
0.662
0.662
0.662
0.662
0.565378
0.662
0.662
0.337838
0.332113
0.662
0.662
0.464383
0.662
0.269237
0.278707
0.39708
0.662
0.333474
0.173424
0.259344
0.449299
0.518169
0.0480857
0.530444
0.463427
0.662
0.264169
0.235182
0.0725107
0.662
0.302168
0.662
0.662
0.662
0.662
0.662
0.255284
0.305568
0.662
0.258523
0.0717636
0.504912
0.0281805
0.0822983
0.463533
0.262357
0.285596
0.225105
0.123133
0.0448843
0.1199
0.662
0.662
0.662
0.0550338
0.350848
0.662
0.662
0.358
0.613884
0.541299
0.210086
0.585862
0.662
0.662
0.244229
0.662
0.662
0.662
0.662
0.662
0.662
0.243597
0.443069
0.0392558
0.107362
0.320585
0.0836878
0.662
0.662
0.430123
0.662
0.206123
0.662
0.506802
0.344947
0.662
0.662
0.154123
0.497163
0.295634
0.196579
0.662
0.422042
0.418978
0.239289
0.366303
0.662
0.242461
0.038793
0.662
0.633068
0.235157
0.192104
0.662
0.662
0.662
0.144713
0.0611667
0.341592
0.0399631
0.662
0.00160207
0.269697
0.357348
0.662
0.662
0.662
0.462885
0.173405
0.0908587
0.0150157
0.662
0.154455
0.0893904
0.352748
0.0950658
0.00373903
0.494505
0.201458
0.49042
0.662
0.416655
0.3029
0.358174
0.662
0.662
0.0438429
0.374453
0.105905
0.0797894
0.263788
0.237501
0.646316
0.662
0.406841
0.662
0.662
0.662
0.662
0.332148
0.369851
0.398157
0.662
0.260051
0.662
0.662
0.186322
0.327918
0.662
0.276371
0.164715
0.576235
0.662
0.662
0.438255
0.131847
0.662
0.662
0.490858
0.662
0.477684
0.0693834
9.71993e-05
0.230033
0.662
0.0523567
0.327135
0.662
0.662
0.662
0.662
0.236965
0.108314
0.125661
0.662
0.662
0.413632
0.662
0.662
0.330155
0.207706
0.246737
0.428865
0.306545
0.345542
0.662
0.113922
0.662
0.544876
0.662
0.662
0.041769
0.294343
0.257438
0.662
0.12272
0.0813382
0.418058
0.0796141
0.662
0.327215
0.54966
0.0732196
0.662
0.662
0.550705
0.312411
0.662
0.662
0.662
0.662
0.405628
0.662
0.112791
0.662
0.222166
0.662
0.129458
0.662
0.433006
0.109703
0.399403
0.662
0.520442
0.273888
0.106859
0.153011
0.662
0.125845
0.383294
0.137743
0.662
0.662
0.426005
0.662
0.297042
0.282919
0.662
0.662
0.179563
0.43954
0.662
0.662
0.662
0.662
0.662
0.386527
0.662
0.662
0.662
0.316212
0.662
0.273748
0.00887502
0.662
0.00339837
0.344446
0.662
0.0437169
0.505677
0.296902
0.662
0.277893
0.185492
0.228843
0.358388
0.454818
0.0405709
0.662
0.662
0.662
0.354215
0.312914
0.387534
0.662
0.511188
0.339535
0.662
0.662
0.00437679
0.475239
0.0436723
0.662
0.396487
0.662
0.590337
0.383096
0.662
0.662
0.662
0.0743413
0.662
0.417925
0.274174
0.662
0.227986
0.10569
0.662
0.223283
0.0189725
0.662
0.662
0.239703
0.662
0.198338
0.662
0.137293
0.102747
0.135943
0.662
0.662
0.662
0.185972
0.314395
0.662
0.12651
0.662
0.139367
0.662
0.248927
0.215485
0.0921094
0.124857
0.40518
0.443798
0.52345
0.0469864
0.662
0.00574047
0.380739
0.439227
0.278745
0.662
0.662
0.662
0.273939
0.378717
0.428427
0.662
0.662
0.0763787
0.662
0.662
0.662
0.275235
0.662
0.662
0.268945
0.177246
0.370532
0.33068
0.0780475
0.407406
0.146557
0.662
0.662
0.662
0.662
0.478698
0.311895
0.444605
0.248855
0.394221
0.561932
0.662
0.242805
0.32917
0.424524
0.35754
0.424469
0.662
0.228836
0.477629
0.505894
0.413891
0.169536
0.370234
0.434745
0.21768
0.662
0.125718
0.314169
0.105586
0.447292
0.106049
0.662
0.662
0.117449
0.279331
0.254812
0.335293
0.662
0.391781
0.662
0.101627
0.391118
0.141161
0.303906
0.254366
0.409368
0.662
0.662
0.197006
0.662
0.182879
0.645664
0.662
0.436025
0.662
0.0879596
0.173696
0.250575
0.662
0.337616
0.16357
0.309133
0.346249
0.662
0.477441
0.662
0.285281
0.662
0.187376
0.380622
0.662
0.197822
0.354353
0.662
0.203715
0.4391
0.391077
0.446929
0.383446
0.434905
0.662
0.389228
0.0531109
0.662
0.662
0.23562
0.00428662
0.468413
0.662
0.662
0.528478
0.176921
0.583966
0.156433
0.662
0.188792
0.230339
0.662
0.135969
0.283493
0.45553
0.339669
0.188663
0.662
0.662
0.410414
0.451582
0.19752
0.12278
0.662
0.404833
0.662
0.662
0.18067
0.662
0.662
0.662
0.180202
0.602607
0.238815
0.662
0.0729373
0.208278
0.320969
0.662
0.142093
0.151539
0.662
0.273207
0.3028
0.662
0.418733
0.662
0.210763
0.293666
0.286792
0.662
0.545457
0.0629601
0.662
0.662
0.662
0.518605
0.193322
0.563283
0.662
0.662
0.443512
0.237165
0.197668
0.0346017
0.287567
0.254244
0.662
0.219211
0.662
0.35433
0.662
0.662
0.531606
0.662
0.212805
0.301428
0.662
0.500156
0.662
0.144679
0.0293818
0.217625
0.662
0.0437571
0.662
0.662
0.278327
0.287296
0.662
0.211054
0.241447
0.662
0.223258
0.662
0.290311
0.0945353
0.662
0.0414977
0.265443
0.264179
0.417284
0.145933
0.662
0.0715804
0.0729968
0.286139
0.397439
0.662
0.520538
0.0351188
0.221546
0.0488347
0.523008
0.662
0.147213
0.662
0.662
0.248267
0.662
0.437934
0.662
0.422064
0.662
0.284443
0.0544742
0.662
0.254571
0.0363318
0.593032
0.662
0.20655
0.34581
0.440898
0.24792
0.350998
0.648217
0.662
0.239534
0.662
0.440187
0.332627
0.292054
0.662
0.662
0.662
0.662
0.185539
0.152821
0.265862
0.622042
0.352412
0.662
0.213254
0.662
0.42454
0.346453
0.0871772
0.242699
0.218745
0.184829
0.347553
0.580712
0.193877
0.211975
0.198562
0.266457
0.218065
0.662
0.566086
0.117828
0.662
0.662
0.208484
0.387731
0.200863
0.662
0.459759
0.022828
0.662
0.662
0.0394063
0.118013
0.220193
0.662
0.199262
0.662
0.33712
0.45287
0.662
0.662
0.662
0.466578
0.33727
0.191544
0.662
0.662
0.0120359
0.390577
0.662
0.00624202
0.662
0.429722
0.662
0.313076
0.662
0.325572
0.662
0.0431558
0.0181925
0.564973
0.662
0.523322
0.135759
0.662
0.313028
0.662
0.662
0.099271
0.380597
0.662
0.278052
0.00408242
0.343336
0.662
0.194528
0.537372
0.662
0.594137
0.662
0.662
0.194619
0.662
0.0722305
0.662
0.662
0.218022
0.543857
0.662
0.19135
0.184617
0.414274
0.662
0.662
0.327056
0.471558
0.662
0.662
0.662
0.662
0.51166
0.395034
0.161125
0.662
0.662
0.662
0.317182
0.662
0.662
0.662
0.662
0.566296
0.662
0.202027
0.256587
0.140636
0.443785
0.139495
0.0361659
0.328882
0.662
0.631188
0.206716
0.349232
0.620981
0.0704559
0.238646
0.662
0.330243
0.662
0.214252
0.430943
0.662
0.662
0.662
0.329328
0.458398
0.091033
0.584814
0.662
0.372826
0.291547
0.662
0.236885
0.662
0.662
0.139782
0.443389
0.197715
0.259809
0.662
0.230327
0.308106
0.662
0.662
0.662
0.264637
0.366279
0.429853
0.233311
0.496205
0.662
0.662
0.30989
0.425969
0.329263
0.187206
0.184948
0.277399
0.662
0.332205
0.662
