0.662
0.354546
0.662
0.662
0.662
0.662
0.0396389
0.423818
0.662
0.662
0.662
0.662
0.389833
0.408232
0.0820396
0.346894
0.662
0.410523
0.662
0.557414
0.662
0.437687
0.420342
0.662
0.531785
0.662
0.2289
0.372892
0.662
0.662
0.461837
0.662
0.662
0.662
0.662
0.315483
0.558601
0.121515
0.39917
0.497615
0.445602
0.127334
0.191055
0.662
0.468255
0.276517
0.0713097
0.398822
0.196941
0.0208179
0.662
0.180855
0.315175
0.58673
0.556507
0.662
0.360103
0.0939863
0.47251
0.662
0.266375
0.662
0.643334
0.497831
0.203918
0.662
0.662
0.662
0.662
0.361226
0.231621
0.279133
0.157061
0.266343
0.662
0.568765
0.549314
0.359448
0.662
0.422805
0.662
0.245599
0.559824
0.327289
0.662
0.347179
0.560983
0.662
0.0326843
0.490173
0.437365
0.644135
0.642382
0.662
0.137714
0.624007
0.26178
0.421221
0.561228
0.0873204
0.083244
0.137962
0.552451
0.279411
0.662
0.115231
0.614647
0.076376
0.435737
0.662
0.662
0.192958
0.480699
0.0694223
0.233886
0.662
0.662
0.191478
0.127693
0.146275
0.363997
0.440943
0.469661
0.29808
0.0924174
0.393949
0.662
0.415081
0.366842
0.252712
0.662
0.204671
0.662
0.00604369
0.0735802
0.313651
0.152184
0.237846
0.662
0.662
0.662
0.302807
0.662
0.237804
0.662
0.259965
0.524146
0.225343
0.62897
0.0284802
0.0986885
0.0709499
0.280716
0.0639585
0.0115534
0.662
0.662
0.440688
0.384857
0.662
0.274019
0.662
0.662
0.662
0.662
0.662
0.642564
0.440325
0.308422
0.123607
0.662
0.184284
0.220189
0.374029
0.662
0.609443
0.652652
0.662
0.612813
0.191309
0.169843
0.117031
0.338111
0.137587
0.662
0.60653
0.662
0.551859
0.662
0.295622
0.662
0.662
0.159405
0.613992
0.0815309
0.00964761
0.189851
0.662
0.295031
0.662
0.662
0.662
0.662
0.203654
0.216669
0.0508605
0.203833
0.520406
0.662
0.107954
0.389036
0.219322
0.661374
0.648846
0.212067
0.644801
0.277823
0.430302
0.662
0.535934
0.574546
0.398618
0.662
0.658634
0.190939
0.286247
0.464046
0.428839
0.302037
0.0912001
0.36347
0.662
0.118941
0.213148
0.622736
0.0553159
0.356711
0.308353
0.662
0.218669
0.558049
0.662
0.662
0.662
0.448334
0.662
0.662
0.662
0.662
0.662
0.243576
0.283388
0.234693
0.388642
0.656014
0.0315034
0.662
0.565262
0.330894
0.350093
0.662
0.662
0.456789
0.662
0.662
0.662
0.35185
0.193412
0.348587
