0.662
0.144484
0.335085
0.145117
0.283782
0.662
0.383396
0.339983
0.52519
0.436631
0.433261
0.219906
0.662
0.32117
0.0719934
0.653353
0.299052
0.11962
0.662
0.41833
0.152233
0.625816
0.662
0.0760065
0.387589
0.662
0.327652
0.413425
0.662
0.355651
0.506823
0.621222
0.662
0.662
0.353602
0.662
0.177547
0.0619386
0.251711
0.662
0.267315
0.445644
0.477511
0.138686
0.596852
0.0306943
0.355752
0.391782
0.662
0.226746
0.662
0.0813543
0.662
0.662
0.662
0.662
0.346808
0.662
0.350141
0.662
0.0758683
0.510232
0.150129
0.662
0.475952
0.662
0.269438
0.105315
0.361518
0.662
0.148422
0.662
0.217252
0.662
0.575587
0.602044
0.149529
0.340281
0.118303
0.0361304
0.407553
0.340111
0.183828
0.582224
0.471272
0.152377
0.131847
0.3672
0.105153
0.521973
0.662
0.631685
0.347471
0.184469
0.260158
0.662
0.481917
0.604417
0.662
0.181074
0.185103
0.662
0.195047
0.305031
0.662
0.219378
0.0818512
0.308203
0.662
0.538595
0.662
0.662
0.0850552
0.662
0.614768
0.516756
0.662
0.186297
0.212302
0.28901
0.314815
0.662
0.662
0.662
0.0658232
0.0242495
0.128744
0.0880109
0.465638
0.662
0.23315
0.417916
0.196014
0.135806
0.662
0.208241
0.321109
0.058709
0.662
0.0929485
0.122577
0.662
0.130289
0.662
0.662
0.662
0.229512
0.546649
0.00582476
0.662
0.662
0.662
0.115688
0.662
0.447778
0.20699
0.0326404
0.612312
0.454042
0.662
0.235462
0.385486
0.662
0.0819224
0.475633
0.188391
0.662
0.662
0.662
0.429492
0.122981
0.0813596
0.662
0.398226
0.662
0.662
0.0608443
0.662
0.662
0.662
0.619495
0.548856
0.662
0.110418
0.662
0.0363959
0.662
0.648286
0.0427271
0.662
0.2829
0.243304
0.662
0.411483
0.329005
0.170967
0.662
0.232543
0.662
0.472765
0.391744
0.662
0.662
0.377451
0.320166
0.662
0.170023
0.662
0.391127
0.225752
0.0755333
0.225335
0.195874
0.113128
0.662
0.662
0.0620973
0.662
0.662
0.662
0.599793
0.132438
0.0440032
0.445218
0.459037
0.185064
0.662
0.662
0.662
0.662
0.662
0.226428
0.611684
0.662
0.604151
0.477111
0.610907
0.250389
0.22813
0.662
0.154322
0.22268
0.662
0.03061
0.662
0.191061
0.510167
0.662
0.662
0.162951
0.0309995
0.662
0.518378
0.102114
0.161485
0.662
0.199727
0.396748
0.373025
0.136875
0.662
0.0884679
0.662
0.0633285
0.405764
0.4382
0.546626
0.360948
0.49144
0.277204
0.111833
0.432985
0.291312
0.398687
0.662
0.406972
0.662
0.145122
0.643534
0.662
0.662
0.179391
0.56131
0.662
0.662
0.0379015
0.526685
0.252414
0.0931678
0.662
0.556037
0.466104
0.290653
0.100761
0.250489
0.204292
0.103497
0.662
0.662
0.456675
0.0934307
0.086033
0.193398
0.134362
0.417979
0.662
0.412433
0.269055
0.0771895
0.221182
0.124659
0.662
0.0271994
0.480801
0.413838
0.662
0.257318
0.662
0.102675
0.340609
0.427372
0.662
0.472221
0.160833
0.406341
0.537308
0.455631
0.30126
0.662
0.211809
0.421295
0.662
0.662
0.340767
0.662
0.662
0.0920718
0.662
0.125819
0.662
0.662
0.662
0.216779
0.183957
0.662
0.662
0.0844561
0.197172
0.584763
0.0872926
0.636723
0.662
0.0838321
0.662
0.0472217
0.662
0.662
0.631472
0.165037
0.157139
0.311907
0.51577
0.311546
0.662
0.112856
0.216684
0.150294
0.662
0.247437
0.662
0.662
0.662
0.300376
0.662
0.662
0.468175
0.662
0.445933
0.662
0.145687
0.662
0.177753
0.185215
0.662
0.12117
0.121013
0.464255
0.0170408
0.375353
0.094599
0.662
0.176738
0.0717306
0.592375
0.662
0.414648
0.213403
0.662
0.367664
0.662
0.324789
0.229184
0.662
0.662
0.196177
0.662
0.662
0.144339
0.662
0.2001
0.662
0.205336
0.0645055
0.137302
0.662
0.662
0.662
0.662
0.409262
0.216488
0.662
0.513373
0.518044
0.662
0.469664
0.305958
0.662
0.225964
0.0566674
0.662
0.0299217
0.662
0.358297
0.662
0.564899
0.662
0.251282
0.0605375
0.141743
0.013449
0.498529
0.662
0.662
0.662
0.662
0.402951
0.662
0.460055
0.14836
0.261208
0.00726437
0.461324
0.266367
0.662
0.391889
0.662
0.305257
0.396337
0.662
0.222806
0.292127
0.662
0.0116932
0.662
0.662
0.318384
0.358658
0.416055
0.584734
0.0413392
0.662
0.216447
0.218086
0.662
0.378322
0.243177
0.562388
0.662
0.662
0.0832359
0.662
0.058398
0.434336
0.122166
0.662
0.662
0.297252
0.442789
0.457079
0.170915
0.186737
0.45931
0.434839
0.662
0.662
0.662
0.0275527
0.0670093
0.373454
0.662
0.0633591
0.415802
0.418713
0.662
0.347939
0.662
0.662
0.374425
0.283753
0.33971
0.662
0.25378
0.153353
0.662
0.556016
0.653171
0.213179
0.0368388
0.662
0.463558
0.662
0.446042
0.662
0.662
0.595894
0.662
0.662
0.268763
0.662
0.221794
0.401273
0.328514
0.662
0.662
0.470334
0.258284
0.662
0.453965
0.487287
0.218373
0.521243
0.115789
0.279905
0.413065
0.419436
0.254802
0.662
0.581244
0.654327
0.0459964
0.326159
0.517614
0.0845213
0.156282
0.217262
0.27659
0.033934
0.0375845
0.0545298
0.618741
0.477858
0.662
0.342452
0.662
0.364648
0.662
0.445122
0.103293
0.235751
0.662
0.364277
0.662
0.191473
0.175778
0.662
0.662
0.273017
0.662
0.000437011
0.251074
0.201824
0.662
0.403311
0.662
0.662
0.267438
0.0886391
0.152401
0.390388
0.662
0.281759
0.662
0.346234
0.662
0.317627
0.662
0.662
0.0565953
0.00866951
0.662
0.497496
0.249691
0.290657
0.30987
0.105639
0.0600068
0.156204
0.662
0.165368
0.146003
0.242782
0.0346813
0.202153
0.662
0.459717
0.515259
0.662
0.662
0.333634
0.249469
0.13256
0.662
0.152284
0.363574
0.436461
0.227244
0.0854269
0.590847
0.284401
0.662
0.662
0.36451
0.359215
0.295594
0.3799
0.662
0.662
0.0213941
0.328891
0.662
0.273166
0.55039
0.0373794
0.662
0.64717
0.261889
0.218826
0.0339215
0.662
0.0090296
0.325683
0.108588
0.303363
0.391944
0.107754
0.414768
0.662
0.662
0.539075
0.0943813
0.103676
0.662
0.662
0.662
0.0180646
0.444127
0.220369
0.112681
0.662
0.600638
0.662
0.431513
0.611089
0.410981
0.420263
0.306213
0.662
0.156699
0.662
0.662
0.662
0.662
0.184346
0.179889
0.179888
0.2359
0.543492
0.0928235
0.234068
0.267959
0.142299
0.662
0.662
0.148077
0.0637525
0.012383
0.662
0.218366
0.195407
0.662
0.284904
0.662
0.281203
0.324407
0.409779
0.389628
0.561136
0.0713668
0.662
0.00753573
0.662
0.24805
0.611559
0.13604
0.340895
0.662
0.280172
0.662
0.662
0.110803
0.446545
0.662
0.662
0.0649435
0.662
0.120487
0.222045
0.423382
0.346183
0.662
0.0199723
0.0429509
0.411953
0.104836
0.651623
0.15762
0.289124
0.294753
0.140817
0.426965
0.662
0.46034
0.302172
0.124985
0.0527721
0.165439
0.662
0.446415
0.0893563
0.107009
0.647899
0.323646
0.345547
0.662
0.662
0.351924
0.662
0.154611
0.286631
0.662
0.662
0.662
0.409911
0.145842
0.329279
0.412666
0.161496
0.662
0.662
0.121919
0.220874
0.662
0.267795
0.633977
0.20196
0.258946
0.391453
0.273547
0.367557
0.201435
0.662
0.357757
0.182577
0.662
0.662
0.662
0.522588
0.662
0.290728
0.662
0.0141507
0.327496
0.151068
0.203574
0.184082
0.662
0.00736147
0.293882
0.139619
0.186914
0.0270142
0.662
0.464041
0.0293848
0.291145
0.662
0.3604
0.662
0.490608
0.0781648
0.344827
0.662
0.662
0.662
0.662
0.604675
0.662
0.0586521
0.497663
0.662
0.150474
0.211806
0.0623327
0.662
0.662
0.662
0.502863
0.214024
0.310302
0.662
0.662
0.0605082
0.277454
0.389283
0.298488
0.330784
0.267229
0.0495605
0.242156
0.444395
0.534717
0.38384
0.159225
0.662
0.194727
0.12834
0.634405
0.469454
0.662
0.450801
0.206963
0.0440298
0.127463
0.409097
0.241176
0.662
0.195217
0.0650527
0.234228
0.227192
0.00348391
0.662
0.104186
0.662
0.662
0.38191
0.36855
0.662
0.19785
0.483897
0.662
0.662
0.662
0.662
0.0663849
0.662
0.369068
0.171467
0.662
0.529937
0.662
0.662
0.662
0.434603
0.197128
0.662
0.380176
0.103843
0.662
0.662
0.351535
0.00691441
0.662
0.276029
0.275739
0.429551
0.0718457
0.171171
0.662
0.662
0.417409
0.381385
0.216453
0.662
0.145184
0.662
0.662
0.662
0.272486
0.280086
0.662
0.246935
0.468439
0.662
0.138013
0.391067
0.548678
0.662
0.511171
0.470339
0.662
0.662
0.662
0.217529
0.662
0.662
0.42212
0.538672
0.563622
0.214037
0.280057
0.662
0.662
0.662
0.662
0.366303
0.0649325
0.424029
0.662
0.662
0.368198
0.253724
0.228666
0.480079
0.501719
0.45475
0.662
0.186512
0.219897
0.662
0.162584
0.35131
0.44319
0.662
0.294689
0.662
0.662
0.175568
0.125694
0.662
0.475258
0.0958146
0.074079
0.307641
0.218045
0.527037
0.309465
0.175908
0.387483
0.264371
0.662
0.429179
0.346938
0.662
0.662
0.228095
0.242318
0.184564
0.662
0.662
0.25836
0.313211
0.662
0.662
0.662
0.662
0.662
0.0103866
0.662
0.662
0.662
0.662
0.662
0.662
0.45236
0.662
0.4188
0.289502
0.440272
0.121415
0.662
0.662
0.264087
0.0742391
0.163433
0.662
0.662
0.093757
0.662
0.308737
0.242165
0.662
0.19673
0.662
0.475714
0.662
0.134659
0.662
0.211885
0.662
0.108699
0.159943
0.662
0.0609498
0.287697
0.421563
0.662
0.307473
0.582947
0.53178
0.390642
0.492418
0.662
0.124142
0.116022
0.662
0.394924
0.662
0.662
0.662
0.0631359
0.293907
0.662
0.662
0.662
0.292713
0.198646
0.662
0.244839
0.467059
0.197946
0.100588
0.662
0.270144
0.662
0.530483
0.144755
0.316881
0.180823
0.19895
0.21895
0.162021
0.596692
0.662
0.352589
0.266068
0.278111
0.124942
0.00211937
0.464581
0.00669419
0.321089
0.662
0.473884
0.453907
0.116396
0.435096
0.415092
0.161772
0.466293
0.212272
0.662
0.41416
0.662
0.647436
0.572191
0.239789
0.662
0.236018
0.662
0.357339
0.662
0.419917
0.322074
0.294458
0.662
0.143248
0.424188
0.384377
0.285382
0.0896095
0.197717
0.0506292
0.662
0.258148
0.280079
0.662
0.237311
0.032118
0.662
0.217024
0.593903
0.343742
0.662
0.147149
0.369915
0.046873
0.662
0.662
0.495922
0.662
0.291819
0.180235
0.662
0.662
0.590133
0.346915
0.32703
0.19361
0.662
0.472729
0.662
0.233239
0.662
0.662
0.662
0.662
0.292629
0.374365
0.426586
0.404448
0.173895
0.460233
0.548776
0.662
0.337611
0.0396707
0.140372
0.450022
0.0120972
0.468305
0.259373
0.369157
0.37088
0.662
0.597586
0.662
0.0217834
0.662
0.573715
0.662
0.186486
0.662
0.662
0.662
0.137691
0.295072
0.247668
0.662
0.212132
0.203176
0.112566
0.662
0.229984
0.0200166
0.217275
0.662
0.0970235
0.54573
0.662
0.127343
0.116426
0.662
0.228723
0.306041
0.366111
0.481255
0.27927
0.662
0.338778
0.332183
0.398729
0.43062
0.374594
0.349625
0.120519
0.628574
0.662
0.662
0.445811
0.662
0.44712
0.575145
0.662
0.124555
0.293634
0.662
0.481229
0.662
0.420205
0.486645
0.662
0.262263
0.184732
0.215479
0.295007
0.662
0.662
0.584965
0.0977107
0.662
0.246029
0.662
0.662
0.245831
0.263202
0.662
0.662
0.22766
0.401677
0.40242
0.662
0.376263
0.127805
0.662
0.662
0.650113
0.0663352
0.662
0.527777
0.103409
0.662
0.233321
0.546231
0.184882
0.662
0.662
0.662
0.219888
0.383116
0.195463
0.28559
0.662
0.662
0.662
0.120837
0.662
0.662
0.193259
0.338868
0.10784
0.468819
0.662
0.662
0.297543
0.254272
0.234913
0.662
0.118618
0.371487
0.367585
0.389473
0.213768
0.304363
0.454836
0.662
0.590887
0.487894
0.533971
0.662
0.267456
0.162207
0.0872501
0.662
0.350804
0.247908
0.341513
0.662
0.188101
0.662
0.065834
0.201913
0.662
0.163417
0.563133
0.464723
0.662
0.662
0.0421867
0.662
0.662
0.662
0.662
0.464813
0.662
0.384769
0.104263
0.662
0.653278
0.146376
0.295679
0.212104
0.662
0.662
0.409618
0.662
0.662
0.238826
0.471373
0.0914759
0.356208
0.662
0.320461
0.159786
0.662
0.662
0.283762
0.27962
0.219423
0.662
0.531791
0.453372
0.662
0.662
0.247364
0.662
0.63403
0.464098
0.662
0.45484
0.533427
0.395889
0.413555
0.254095
0.426734
0.612378
0.662
0.315584
0.662
0.662
0.0437136
0.380798
0.392141
0.0718029
0.257986
0.662
0.0302042
0.193738
0.149513
0.0508226
0.33334
0.662
0.574923
0.369145
0.407115
0.418783
0.19147
0.662
0.662
0.363655
0.337385
0.662
0.662
0.460381
0.335261
0.241252
0.41734
0.131299
0.108829
0.662
0.457982
0.662
0.309088
0.662
0.458141
0.662
0.662
0.662
0.0559408
0.307048
0.0680298
0.662
0.662
0.662
0.00636502
0.0814387
0.662
0.571969
0.023887
0.200553
0.662
0.0542668
0.662
0.0827629
0.564416
0.662
0.287839
0.095399
0.159169
0.447596
0.439332
0.123424
0.0344557
0.662
0.662
0.250739
0.103213
0.288479
0.662
0.225085
0.406314
0.662
0.372622
0.528295
0.662
0.38943
0.404416
0.662
0.258448
0.662
0.662
0.094249
0.662
0.662
0.662
0.662
0.662
0.662
0.45895
0.662
0.662
0.00127452
0.218141
0.157196
0.513418
0.662
0.262252
0.125299
0.662
0.662
0.662
0.252714
0.112006
0.662
0.289709
0.662
0.206462
0.377542
0.419693
0.295689
0.246713
0.32569
0.288741
0.276516
0.233409
0.662
0.276698
0.383856
0.662
0.205433
0.11406
0.662
0.662
0.336901
0.662
0.118484
0.662
0.0331268
0.615813
0.662
0.515239
0.345536
0.662
0.52924
0.227023
0.396865
0.0250222
0.480076
0.425113
0.251498
0.229572
0.0137813
0.244745
0.483514
0.365181
0.426541
0.121224
0.203513
0.464391
0.662
0.26128
0.064929
0.28031
0.662
0.545928
0.458735
0.00539307
0.616988
0.662
0.236485
0.0551482
0.662
0.168728
0.442921
0.426241
0.446497
0.662
0.662
0.444739
0.598884
0.0365513
0.662
0.662
0.662
0.249834
0.17824
0.197644
0.319859
0.444561
0.662
0.479291
0.427102
0.201349
0.662
0.662
0.449449
0.141239
0.177912
0.662
0.0361552
0.449083
0.662
0.351855
0.164643
0.421985
0.0581622
0.204102
0.409721
0.360009
0.375036
0.208172
0.662
0.662
0.662
0.0785649
0.662
0.0623725
0.199604
0.46744
0.662
0.131573
0.4574
0.538649
0.662
0.662
0.460314
0.558739
0.662
0.662
0.47801
0.273867
0.0733297
0.662
0.662
0.28317
0.0298918
0.290835
0.36183
0.662
0.198491
0.218626
0.662
0.200336
0.662
0.662
0.200412
0.153036
0.662
0.662
0.441045
0.0706186
0.361243
0.263153
0.012701
0.0124497
0.662
0.438965
0.230008
0.662
0.113699
0.662
0.662
0.194669
0.340838
0.351183
0.237293
0.662
0.662
0.36275
0.662
0.662
0.662
0.662
0.413208
0.52263
0.181729
0.199872
0.662
0.197908
0.662
0.42048
0.41182
0.238225
0.209032
0.662
0.21633
0.596284
0.10407
0.218518
0.188442
0.292069
0.662
0.43466
0.662
0.662
0.0161604
0.662
0.105354
0.662
0.276022
0.662
0.300718
0.662
0.307591
0.489264
0.101772
0.131314
0.183957
0.662
0.280018
0.560791
0.176639
0.662
0.156959
0.362215
0.632456
0.397252
0.424706
0.456592
0.662
0.486065
0.411122
0.103776
0.662
0.662
0.662
0.662
0.662
0.662
0.28185
0.113319
0.432435
0.144628
0.662
0.411803
0.285865
0.190302
0.662
0.662
0.662
0.135529
0.23971
0.28259
0.575172
0.662
0.23647
0.364205
0.662
0.438049
0.662
0.0651189
0.11365
0.22847
0.662
0.224395
0.277973
0.0921128
0.313307
0.233785
0.00138578
0.662
0.662
0.287735
0.662
0.190575
0.662
0.0219448
0.616147
0.662
0.394484
0.0109559
0.662
0.224908
0.662
0.662
0.662
0.662
0.662
0.132573
0.662
0.190922
0.482478
0.406079
0.175473
0.0976852
0.397322
0.662
0.227249
0.662
0.525445
0.391341
0.0176545
0.0672782
0.234088
0.662
0.230444
0.151086
0.662
0.662
0.662
0.662
0.161325
0.400819
0.119036
0.662
0.290901
0.662
0.284463
0.325028
0.383753
0.184905
0.662
0.662
0.565356
0.662
0.637008
0.40699
0.117667
0.261759
0.662
0.294216
0.662
0.662
0.442763
0.662
0.206071
0.662
0.662
0.279266
0.662
0.662
0.148929
0.492689
0.662
0.662
0.451518
0.18805
0.662
0.662
0.48812
0.50939
0.662
0.172208
0.372273
0.662
0.143795
0.662
0.319388
0.00261306
0.662
0.662
0.179926
0.662
0.38545
0.234113
0.662
0.662
0.1039
0.662
0.28808
0.662
0.259842
0.662
0.651489
0.0263905
0.458658
0.355993
0.455519
0.662
0.197825
0.213928
0.114948
0.128352
0.662
0.528718
0.212746
0.417068
0.316541
0.287475
0.10366
0.461865
0.161406
0.192761
0.167221
0.368048
0.0847448
0.0993697
0.29801
0.0990682
0.0632195
0.228251
0.266063
0.662
0.0651801
0.150041
0.0941097
0.272309
0.662
0.353344
0.662
0.662
0.300588
0.0165423
0.263173
0.662
0.662
0.485739
0.408271
0.662
0.662
0.662
0.535878
0.547429
0.571598
0.142199
0.662
0.662
0.662
0.130338
0.388651
0.193591
0.59224
0.662
0.0464761
0.0304745
0.235149
0.502565
0.271173
0.356325
0.580506
0.251136
0.662
0.385986
0.662
0.662
0.351282
0.196894
0.662
0.662
0.382239
0.662
0.188404
0.0596542
0.392138
0.284837
0.191696
0.662
0.243755
0.185029
0.17612
0.662
0.014383
0.34053
0.662
0.662
0.182174
0.662
0.0523719
0.662
0.606979
0.235733
0.470406
0.662
0.660837
0.662
0.662
0.662
0.150417
0.181403
0.662
0.662
0.662
0.662
0.164624
0.156132
0.308397
0.465822
0.662
0.172501
0.662
0.425316
0.308413
0.00782016
0.402784
0.388128
0.183713
0.55874
0.662
0.0517259
0.662
0.662
0.598313
0.101842
0.189523
0.12693
0.435433
0.662
0.352483
0.662
0.662
0.499843
0.662
0.115068
0.662
0.392234
0.246336
0.662
0.0131244
0.0380854
0.317578
0.257344
0.662
0.451226
0.137436
0.0152458
0.662
0.0899575
0.662
0.304543
0.1066
0.343048
0.224764
0.181186
0.210335
0.442209
0.0691478
0.37049
0.662
0.662
0.374737
0.408839
0.423187
0.662
0.662
0.426736
0.467203
0.662
0.255488
0.323361
0.662
0.256003
0.225387
0.662
0.662
0.393714
0.131191
0.410214
0.365359
0.12622
0.253275
0.662
0.0792544
0.430435
0.184323
0.44937
0.207118
0.140943
0.61242
0.253995
0.662
0.502997
0.144459
0.662
0.218762
0.662
0.487687
0.132109
0.662
0.218567
0.222634
0.460843
0.3165
0.662
0.662
0.662
0.237491
0.662
0.403797
0.662
0.635291
0.352689
0.662
0.662
0.0359753
0.199796
0.662
0.569405
0.128174
0.662
0.662
0.662
0.259671
0.245705
0.114154
0.152219
0.315261
0.398846
0.295171
0.662
0.662
0.662
0.530965
0.184959
0.367442
0.422183
0.662
0.545927
0.462269
0.662
0.0797174
0.662
0.276045
0.255312
0.662
0.567902
0.662
0.662
0.404417
0.271324
0.662
0.22749
0.00146922
0.307158
0.421326
0.662
0.225383
0.00418949
0.662
0.345604
0.662
0.662
0.662
0.569481
0.662
0.0432462
0.569355
0.662
0.512309
0.662
0.662
0.0663441
0.11922
0.139089
0.387262
0.101905
0.286306
0.662
0.662
0.400043
0.2706
0.662
0.485137
0.662
0.662
0.319345
0.662
0.473526
0.662
0.25783
0.40419
0.662
0.142571
0.573389
0.0580182
0.300299
0.662
0.436048
0.624471
0.292976
0.436698
0.227949
0.398681
0.0615966
0.0793832
0.0678269
0.662
0.662
0.662
0.510738
0.451859
0.273624
0.662
0.46899
0.662
0.662
0.191877
0.621738
0.548442
0.662
0.159524
0.037041
0.662
0.396797
0.281855
0.662
0.420678
0.247901
0.662
0.128747
0.260568
0.0793185
0.129729
0.203773
0.159869
0.394702
0.662
0.662
0.302331
0.374744
0.662
0.122491
0.530095
0.662
0.662
0.0656965
0.138819
0.437648
0.662
0.555046
0.572228
0.662
0.510676
0.313568
0.416079
0.662
0.1637
0.265407
0.662
0.196981
0.0422755
0.138994
0.20667
0.183946
0.117546
0.662
0.662
0.36673
0.087126
0.662
0.244949
0.455628
0.182019
0.662
0.162628
0.622212
0.662
0.200708
0.26922
0.662
0.662
0.662
0.640327
0.662
0.0411216
0.34541
0.662
0.422117
0.315261
0.662
0.190954
0.265214
0.662
0.314033
0.662
0.662
0.0513636
0.459046
0.197612
0.327559
0.662
0.209081
0.143701
0.384368
0.37409
0.662
0.13602
0.662
0.662
0.125452
0.662
0.373885
0.194978
0.662
0.280076
0.412931
0.530132
0.466854
0.521943
0.087221
0.662
0.662
0.352937
0.662
0.662
0.203577
0.207557
0.347944
0.662
0.662
0.662
0.163797
0.223352
0.525555
0.377613
0.229406
0.330853
0.662
0.662
0.662
0.130478
0.273459
0.178623
0.616453
0.266467
0.0379264
0.662
0.372229
0.473569
0.662
0.528182
0.662
0.662
0.386366
0.141468
0.662
0.182998
0.278698
0.662
0.355584
0.212591
0.160913
0.662
0.154496
0.662
0.662
0.622552
0.529925
0.15276
0.662
0.208921
0.165079
0.59174
0.662
0.166739
0.662
0.501825
0.662
0.662
0.326294
0.662
0.533029
0.662
0.0918371
0.436929
0.607126
0.662
0.662
0.662
0.318697
0.294281
0.191807
0.370372
0.662
0.662
0.216214
0.120827
0.603082
0.662
0.662
0.484656
0.662
0.231032
0.0950697
0.662
0.0711266
0.662
0.662
0.162873
0.489308
0.371845
0.662
0.297612
0.662
0.522544
0.138756
0.206427
0.662
0.455455
0.662
0.296503
0.464828
0.662
0.482194
0.496089
0.662
0.394816
0.218701
0.662
0.662
0.662
0.249345
0.233398
0.502202
0.494443
0.00767343
0.216373
0.192385
0.662
0.30721
0.455044
0.0150379
0.199375
0.201166
0.150683
0.238179
0.662
0.245536
0.547379
0.0466108
0.662
0.0349123
0.662
0.477103
0.281857
0.461429
0.662
0.662
0.446449
0.130172
0.662
0.662
0.137903
0.662
0.662
0.662
0.205302
0.502785
0.477225
0.366179
0.662
0.223728
0.662
0.280206
0.133669
0.154036
0.398808
0.212211
0.662
0.607658
0.662
0.434945
0.39075
0.662
0.662
0.266607
0.191063
0.662
0.419486
0.662
0.662
0.127002
0.188243
0.256345
0.205543
0.44724
0.189387
0.662
0.662
0.110519
0.00246906
0.342268
0.404392
0.662
0.227526
0.426539
0.128634
0.662
0.427937
0.657621
0.187996
0.0434906
0.409085
0.609042
0.662
0.662
0.662
0.662
0.662
0.331657
0.42586
0.019869
0.662
0.419613
0.47235
0.662
0.662
0.514506
0.181225
0.234597
0.566697
0.363853
0.65207
0.207467
0.324562
0.00358416
0.0926956
0.662
0.493457
0.206869
0.662
0.360747
0.0153313
0.454435
0.662
0.662
0.420904
0.463885
0.25054
0.22025
0.335855
0.185571
0.436378
0.662
0.333254
0.31676
0.662
0.0854386
0.662
0.401832
0.662
0.662
0.662
0.662
0.133792
0.206466
0.662
0.662
0.662
9.49877e-05
0.662
0.0284063
0.420727
0.662
0.206101
0.662
0.33163
0.662
0.0249148
0.376016
0.55834
0.453145
0.247724
0.37691
0.18818
0.662
0.588408
0.234116
0.00306309
0.662
0.344378
0.174435
0.0888804
0.47069
0.185687
0.38685
0.662
0.662
0.662
0.144898
0.00291583
0.662
0.463366
0.0640069
0.662
0.662
0.643722
0.334881
0.662
0.662
0.314901
0.544113
0.416969
0.114676
0.298534
0.155325
0.226479
0.662
0.662
0.0341165
0.662
0.662
0.662
0.527484
0.273571
0.662
0.162263
0.605801
0.0644553
0.144158
0.662
0.662
0.330084
0.44832
0.662
0.365605
0.662
0.271382
0.662
0.662
0.023145
0.186561
0.443096
0.452862
0.465791
0.662
0.115287
0.415517
0.0688996
0.662
0.662
0.662
0.438621
0.109756
0.662
0.0599939
0.225187
0.662
0.662
0.579381
0.662
0.414066
0.662
0.662
0.155422
0.195173
0.123233
0.37995
0.662
0.662
0.0417184
0.0817486
0.662
0.502387
0.662
0.110092
0.662
0.662
0.662
0.549972
0.337517
0.155017
0.0837994
0.662
0.15716
0.335225
0.267942
0.662
0.662
0.329489
0.662
0.0350156
0.662
0.0146151
0.372323
0.482707
0.214022
0.662
0.159766
0.373299
0.662
0.393333
0.342308
0.08066
0.460232
0.205576
0.287584
0.662
0.0156323
0.0624617
0.178047
0.662
0.662
0.662
0.179454
0.143775
0.245391
0.662
0.29467
0.103328
0.201254
0.662
0.662
0.417144
0.0164289
0.662
0.662
0.662
0.662
0.662
0.468891
0.558757
0.662
0.365461
0.662
0.149158
0.192908
0.198029
0.662
0.510042
0.187942
0.662
0.662
0.38892
0.662
0.519432
0.662
0.662
0.0200844
0.662
0.660891
0.0861929
0.662
0.540307
0.662
0.264752
0.102052
0.235791
0.662
0.271699
0.662
0.447601
0.662
0.420828
0.379257
0.341572
0.10581
0.254786
0.662
0.201117
0.320215
0.432441
0.662
0.143484
0.0597176
0.662
0.288497
0.216701
0.662
0.662
0.193388
0.662
0.661684
0.178931
0.662
0.662
0.434768
0.597671
0.472189
0.260128
0.602264
0.662
0.662
0.237284
0.32811
0.662
0.196073
0.24791
0.662
0.662
0.318218
0.0806592
0.00874898
0.0158447
0.355296
0.333346
0.378719
0.474238
0.192173
