0.0528488
0.281028
0.384961
0.0982289
0.206055
0.662
0.088692
0.662
0.662
0.496903
0.229813
0.545414
0.153461
0.662
0.491777
0.662
0.228719
0.662
0.662
0.662
0.662
0.662
0.217288
0.00134066
0.662
0.17697
0.27742
0.228569
0.293036
0.174184
0.662
0.247508
0.435285
0.413704
0.409276
0.662
0.165119
0.357615
0.188421
0.222444
0.662
0.217819
0.105416
0.662
0.10953
0.662
0.255107
0.633861
0.448481
0.551429
0.470249
0.643012
0.491788
0.322369
0.662
0.448147
0.662
0.662
0.662
0.524999
0.662
0.185257
0.457522
0.263871
0.585247
0.653626
0.592582
0.117752
0.662
0.284074
0.232714
0.612127
0.109549
0.0490026
0.569727
0.662
0.662
0.662
0.662
0.662
0.651393
0.662
0.575773
0.578112
0.662
0.662
0.122412
0.662
0.346785
0.0882513
0.662
0.488005
0.587114
0.249134
0.662
0.261043
0.294344
0.330417
0.383446
0.454473
0.566038
0.206767
0.197928
0.346156
0.662
0.662
0.575854
0.109967
0.662
0.444501
0.60481
0.21182
0.662
0.662
0.662
0.362559
0.0566106
0.228941
0.47838
0.3598
0.626863
0.662
0.662
0.13504
0.434515
0.0122451
0.662
0.662
0.662
0.318143
0.00138535
0.662
0.0115517
0.662
0.662
0.187158
0.41048
0.662
0.543574
0.662
0.662
0.662
0.662
0.662
0.0564865
0.362095
0.462842
0.261732
0.309433
0.662
0.662
0.0988667
0.662
0.662
0.202517
0.0217418
0.662
0.662
0.662
0.32617
0.156949
0.662
0.415537
0.0693309
0.150133
0.201678
0.202038
0.185857
0.662
0.285773
0.235572
0.379946
0.534463
0.662
0.651413
0.596225
0.344488
0.662
0.0938685
0.662
0.469663
0.662
0.108415
0.465958
0.662
0.662
0.593922
0.239151
0.483194
0.662
0.395581
0.49889
0.302947
0.662
0.443224
0.662
0.230688
0.185814
0.186649
0.605163
0.162467
0.053205
0.403274
0.288486
0.178093
0.662
0.662
0.476461
0.029657
0.310632
0.643207
0.480528
0.058665
0.662
0.153881
0.662
0.0669765
0.336577
0.20971
0.082922
0.208033
0.293845
0.662
0.113994
0.662
0.662
0.292932
0.645821
0.253862
0.117649
0.662
0.662
0.662
0.662
0.223586
0.662
0.330381
0.38368
0.18768
0.662
0.662
0.618766
0.198449
0.662
0.662
0.200374
0.266239
0.416675
0.487869
0.662
0.662
0.662
0.334281
0.0442007
0.120342
0.662
0.662
0.662
0.116731
0.26739
0.662
0.290911
0.291806
0.662
0.584931
0.0307581
0.662
0.662
0.662
0.628765
0.367398
0.388987
0.662
0.287483
0.662
0.236231
0.119284
0.268724
0.662
0.662
0.662
0.662
0.662
0.322769
0.662
0.192993
0.165634
0.337143
0.353121
0.662
0.135261
0.662
0.629406
0.233377
0.0947931
0.208677
0.0133155
0.542174
0.260373
0.448096
0.120072
0.662
0.467346
0.662
0.253844
0.315277
0.662
0.662
0.420298
0.662
0.449859
0.605676
0.135657
0.662
0.266276
0.071359
0.315002
0.662
0.662
0.255849
0.395305
0.364969
0.619745
0.250097
0.0120155
0.662
0.124318
0.662
0.122688
0.371903
0.537903
0.525089
0.239745
0.356317
0.662
0.290025
0.662
0.438731
0.662
0.662
0.264407
0.277219
0.0306353
0.234245
0.639741
0.662
0.662
0.254497
0.322297
0.662
0.225396
0.219818
0.662
0.378186
0.662
0.513753
0.662
0.662
0.256458
0.52456
0.243193
0.23824
0.662
0.662
0.00477287
0.662
0.269858
0.662
0.246011
0.468588
0.279312
0.371994
0.662
0.363921
0.317203
0.226561
0.0981368
0.662
0.321263
0.656217
0.03358
0.662
0.203128
0.662
0.662
0.205368
0.326166
0.662
0.0840001
0.662
0.553383
0.0276458
0.174431
0.198344
0.209776
0.662
0.381478
0.662
0.286415
0.0265251
0.27281
0.239001
0.541624
0.662
0.662
0.104829
0.277805
0.269803
0.662
0.529511
0.662
0.662
0.159792
0.212594
0.417949
0.369738
0.388671
0.662
0.662
0.0446058
0.442411
0.351699
0.396468
0.662
0.662
0.662
0.436398
0.662
0.662
0.390933
0.662
0.244531
0.662
0.662
0.0886856
0.662
0.43638
0.250442
0.153994
0.0783105
0.644458
0.0495948
0.229674
0.662
0.273823
0.292658
0.390714
0.662
0.37573
0.662
0.662
0.662
0.075051
0.0576132
0.271977
0.227153
0.662
0.34109
0.190743
0.294608
0.662
0.662
0.662
0.662
0.662
0.662
0.127678
0.247576
0.10377
0.109227
0.349685
0.479043
0.22938
0.662
0.364572
0.0496004
0.662
0.662
0.1997
0.392277
0.27495
0.662
0.421394
0.662
0.127935
0.662
0.662
0.662
0.662
0.264234
0.662
0.225448
0.0789189
0.662
0.662
0.496837
0.293123
0.0946181
0.662
0.319764
0.257132
0.479571
0.662
0.59794
0.336327
0.495228
0.662
0.662
0.662
0.662
0.662
0.662
0.302632
0.0966091
0.662
0.187409
0.18007
0.322603
0.662
0.603818
0.662
0.276219
0.308234
0.163263
0.662
0.0434162
0.662
0.662
0.636649
0.350279
0.343096
0.338932
0.431082
0.662
0.662
0.404586
0.307395
0.383546
0.398337
0.165819
0.192028
0.520423
0.0676473
0.259488
0.227536
0.662
0.624734
0.321198
0.662
0.662
0.662
0.217709
0.122643
0.662
0.253947
0.167148
0.662
0.53987
0.215133
0.662
0.661913
0.471199
0.662
0.662
0.32898
0.180006
0.662
0.662
0.405399
0.662
0.11688
0.0753118
0.662
0.662
0.662
0.229792
0.662
0.264152
0.210953
0.662
0.299297
0.662
0.662
0.0579796
0.0373516
0.211508
0.389347
0.662
0.216393
0.0510645
0.662
0.288565
0.193846
0.474593
0.168599
0.662
0.453606
0.0940911
0.507626
0.206894
0.662
0.023057
0.302076
0.408098
0.662
0.662
0.0507139
0.408876
0.662
0.447481
0.493031
0.376776
0.25794
0.531052
0.369966
0.221449
0.355646
0.102176
0.440453
0.662
0.662
0.597924
0.662
0.193484
0.537828
0.40573
0.0751667
0.494851
0.233853
0.662
0.662
0.328333
0.662
0.294024
0.662
0.662
0.292231
0.359506
0.662
0.0388279
0.315515
0.380568
0.662
0.399076
0.586511
0.662
0.324127
0.662
0.662
0.567733
0.359441
0.16984
0.276817
0.472618
0.662
0.378294
0.113824
0.662
0.390586
0.201025
0.662
0.159049
0.559984
0.168251
0.22436
0.662
0.386489
0.100118
0.168186
0.172987
0.662
0.662
0.255089
0.662
0.507943
0.662
0.189471
0.428736
0.056153
0.243516
0.178538
0.662
0.662
0.662
0.0915428
0.289341
0.662
0.662
0.181493
0.662
0.220182
0.662
0.662
0.242998
0.662
0.662
0.184841
0.148026
0.228359
0.424891
0.662
0.0248656
0.662
0.0798059
0.230425
0.369831
0.662
0.347983
0.0623489
0.662
0.465586
0.424947
0.662
0.63474
0.662
0.264505
0.355266
0.439064
0.662
0.240231
0.575362
0.226402
0.41475
0.343776
0.057309
0.662
0.662
0.576695
0.662
0.035336
0.44586
0.485791
0.590166
0.415045
0.224384
0.275483
0.662
0.662
0.583723
0.456964
0.169893
0.187419
0.662
0.307478
0.274872
0.662
0.222203
0.36346
0.464293
0.662
0.172056
0.205867
0.662
0.226774
0.388768
0.0235049
0.662
0.662
0.555378
0.662
0.521879
0.662
0.577122
0.148414
0.4392
0.46669
0.144558
0.0024309
0.662
0.662
0.138781
0.234215
0.640107
0.040354
0.533357
0.662
0.214259
0.111918
0.662
0.662
0.662
0.662
0.662
0.155963
0.662
0.472615
0.0069146
0.662
0.662
0.659087
0.238763
0.393728
0.31926
0.187381
0.20389
0.343428
0.311034
0.224918
0.662
0.363419
0.445438
0.610212
0.312304
0.662
0.385481
0.662
0.662
0.662
0.603228
0.662
0.662
0.435685
0.662
0.503431
0.270324
0.268254
0.662
0.227926
0.34211
0.385828
0.662
0.660933
0.508951
0.330087
0.11324
0.662
0.587493
0.662
0.662
0.662
0.0924399
0.294684
0.0847191
0.344909
0.662
0.662
0.638632
0.238986
0.662
0.662
0.202335
0.550089
0.0779246
0.201415
0.662
0.662
0.662
0.401532
0.292791
0.430811
0.662
0.00631207
0.662
0.337798
0.0431007
0.662
0.146335
0.271401
0.662
0.662
0.499619
0.662
0.383382
0.662
0.24262
0.524228
0.0225955
0.278942
0.14649
0.662
0.202341
0.438071
0.122189
0.203288
0.662
0.186794
0.593602
0.341375
0.348821
0.241906
0.231928
0.662
0.662
0.317229
0.662
0.472041
0.662
0.662
0.586181
0.662
0.236476
0.238493
0.662
0.058435
0.662
0.662
0.662
0.662
0.0729758
0.075967
0.662
0.131281
0.662
0.662
0.392224
0.140291
0.662
0.348339
0.0731138
0.425147
0.124304
0.662
0.662
0.188316
0.0971707
0.385446
0.444412
0.424528
0.283085
0.0871571
0.549053
0.459439
0.300237
0.662
0.662
0.541431
0.314839
0.216859
0.662
0.0648192
0.335137
0.662
0.662
0.0182716
0.313811
0.192503
0.536195
0.579568
0.662
0.274072
0.328944
0.662
0.662
0.219839
0.382857
0.662
0.662
0.372191
0.281412
0.662
0.662
0.662
0.356732
0.28203
0.662
0.662
0.662
0.278245
0.118121
0.174351
0.505192
0.106275
0.442812
0.662
0.662
0.522111
0.0840493
0.292028
0.662
0.662
0.208232
0.662
0.138739
0.662
0.194965
0.439081
