0.293364
0.459124
0.619639
0.646737
0.662
0.662
0.19008
0.418368
0.46699
0.200654
0.662
0.662
0.662
0.365691
0.662
0.215193
0.662
0.662
0.164784
0.338967
0.336712
0.662
0.0590796
0.0133941
0.326185
0.458052
0.167562
0.32728
0.389806
0.231602
0.0862037
0.214997
0.633694
0.662
0.662
0.662
0.38467
0.449172
0.662
0.12326
0.662
0.461527
0.662
0.125284
0.62049
0.662
0.434926
0.529267
0.390124
0.2698
0.263412
0.662
0.136298
0.208782
0.662
0.483088
0.312865
0.111509
0.662
0.662
0.575944
0.272104
0.434733
0.479907
0.0513477
0.0587246
0.662
0.426672
0.383195
0.662
0.458188
0.662
0.336094
0.662
0.204424
0.662
0.662
0.564907
0.429438
0.255686
0.202403
0.662
0.309285
0.662
0.405506
0.192569
0.662
0.0850962
0.662
0.19299
0.662
0.0369558
0.287913
0.662
0.662
0.662
0.126564
0.662
0.00849308
0.401924
0.523663
0.503454
0.633391
0.57759
0.662
0.614515
0.216808
0.192682
0.662
0.190544
0.283312
0.662
0.567806
0.240334
0.662
0.208301
0.386272
0.426004
0.662
0.662
0.185226
0.662
0.505728
0.662
0.662
0.411769
0.662
0.472004
0.189709
0.0170982
0.662
0.65012
0.199194
0.47376
0.662
0.102623
0.0927983
0.230201
0.189076
0.226935
0.190978
0.0846065
0.662
0.0251903
0.638284
0.334508
0.662
0.662
0.370848
0.160549
0.662
0.662
0.255862
0.426949
0.538466
0.662
0.211496
0.349294
0.662
0.662
0.60287
0.662
0.358651
0.662
0.39486
0.662
0.191329
0.174384
0.381886
0.189467
0.225885
0.662
0.166363
0.662
0.230081
0.208482
0.208043
0.336136
0.662
0.570536
0.662
0.177302
0.662
0.662
0.11873
0.33271
0.370929
0.351833
0.433917
0.112627
0.662
0.662
0.662
0.662
0.213894
0.656902
0.231968
0.263775
0.321464
0.528047
0.437366
0.662
0.360942
0.662
0.662
0.662
0.47003
0.574855
0.662
0.422705
0.253904
0.662
0.278699
0.234974
0.627746
0.662
0.662
0.662
0.662
0.166476
0.293724
0.662
0.486001
0.622818
0.214269
0.095912
0.0436161
0.267059
0.643395
0.0899652
0.488
0.262817
0.180875
0.662
0.237707
0.662
0.173363
0.534655
0.0425718
0.261243
0.662
0.0123104
0.662
0.14737
0.662
0.396704
0.168108
0.662
0.475444
0.411246
0.662
0.344627
0.164033
0.207635
0.662
0.541759
0.406347
0.179168
0.284608
0.385961
0.253059
0.321408
0.662
0.662
0.662
0.371729
0.662
0.662
0.234124
0.0480256
0.0310125
0.518433
0.140832
0.276214
0.154636
0.216355
0.662
0.214989
0.109535
0.428649
0.662
0.303881
0.468121
0.477471
0.347329
0.662
0.662
0.226887
0.620157
0.553347
0.662
0.218671
0.662
0.279921
0.245689
0.662
0.662
0.153385
0.662
0.662
0.0847041
0.194188
0.290049
0.360742
0.662
0.662
0.321262
0.662
0.0766135
0.402011
0.0995072
0.484923
0.662
0.343283
0.649126
0.403722
0.662
0.0545674
0.221856
0.19057
0.17245
0.662
0.398467
0.662
0.662
0.228876
0.567468
0.0799401
0.477237
0.662
0.662
0.387737
0.250302
0.374076
0.0968351
0.26073
0.442133
0.0373004
0.662
0.205963
0.505158
0.236592
0.450506
0.535136
0.138451
0.0706812
0.662
0.509906
0.310495
0.157565
0.434663
0.662
0.662
0.662
0.0177533
0.662
0.662
0.20264
0.662
0.283974
0.196994
0.163892
0.127255
0.207251
0.00389391
0.226546
0.662
0.662
0.662
0.662
0.186351
0.0985787
0.193126
0.662
0.190849
0.227954
0.202017
0.662
0.138959
0.407515
0.662
0.662
0.101949
0.543208
0.40596
0.662
0.429754
0.662
0.662
0.569787
0.301925
0.385683
0.662
0.208235
0.286259
0.662
0.613382
0.00450361
0.512464
0.450429
0.283786
0.201406
0.166378
0.662
0.662
0.511445
0.662
0.148554
0.63884
0.309475
0.264374
0.662
0.446255
0.662
0.14434
0.157539
0.0930972
0.662
0.662
0.388412
0.662
0.101674
0.207515
0.662
0.228446
0.455842
0.333905
0.0483776
0.662
0.071435
0.593152
0.0380744
0.662
0.662
0.637605
0.662
0.345182
0.0560441
0.208717
0.662
0.662
0.176194
0.662
0.477059
0.662
0.662
0.662
0.308307
0.662
0.44267
0.662
0.662
0.662
0.281036
0.0250157
0.662
0.662
0.662
0.377511
0.275598
0.308497
0.396422
0.662
0.370672
0.190508
0.249721
0.662
0.545335
0.662
0.119854
0.198262
0.373012
0.662
0.179421
0.662
0.0574746
0.662
0.173236
0.582814
0.407954
0.560499
0.662
0.36771
0.191348
0.49066
0.0439933
0.662
0.105701
0.152147
0.462291
0.662
0.662
0.493177
0.662
0.662
0.662
0.662
0.662
0.177363
0.199912
0.526299
0.272446
0.662
0.146791
0.285142
0.398976
0.403697
0.392408
0.662
0.140747
0.662
0.0188747
0.662
0.0730634
0.204305
0.662
0.198563
0.637575
0.189753
0.662
0.662
0.428532
0.342004
0.299532
0.662
0.662
0.0938581
0.662
0.662
0.472163
0.180382
0.662
0.121439
0.662
0.662
0.136625
0.321281
0.229303
0.00851926
0.0120646
0.662
0.319881
0.15319
0.262151
0.662
0.617631
0.347431
0.662
0.662
0.366024
0.351093
0.430002
0.188917
0.662
0.13524
0.394784
0.220317
0.662
0.662
0.662
0.223886
0.295075
0.662
0.509425
0.0322207
0.0475536
0.662
0.0635403
0.143929
0.410781
0.17547
0.356792
0.196906
0.421511
0.463796
0.662
0.662
0.662
0.090365
0.662
0.35895
0.233347
0.662
0.662
0.662
0.609191
0.431966
0.172392
0.662
0.334668
0.316829
0.662
0.662
0.539142
0.662
0.636561
0.442244
0.662
0.341198
0.662
0.240945
0.662
0.575687
0.662
0.662
0.135053
0.382581
0.239477
0.662
0.551881
0.298133
0.319929
0.42913
0.179818
0.321701
0.115064
0.662
0.216458
0.190718
0.274807
0.345403
0.353729
0.662
0.662
0.143677
0.653203
0.398679
0.662
0.276885
0.399728
0.269342
0.662
0.0129332
0.453096
0.662
0.197718
0.000631339
0.662
0.662
0.662
0.235274
0.662
0.212699
0.301963
0.193229
0.662
0.159644
0.439914
0.120582
0.662
0.112212
0.662
0.00428305
0.662
0.438687
0.662
0.253993
0.662
0.662
0.662
0.647652
0.642147
0.662
0.662
0.662
0.487176
0.285154
0.662
0.245334
0.662
0.662
0.662
0.413859
0.662
0.215791
0.0764517
0.662
0.662
0.232832
0.350467
0.662
0.571042
0.662
0.184312
0.247996
0.196756
0.28199
0.662
0.221352
0.662
0.662
0.165852
0.20951
0.662
0.0459863
0.662
0.24535
0.662
0.277564
0.311012
0.157471
0.662
0.0481138
0.329091
0.662
0.662
0.270461
0.662
0.215746
0.589795
0.172838
0.662
0.662
0.63339
0.239116
0.00394755
0.662
0.320844
0.449044
0.662
0.031745
0.662
0.662
0.476543
0.559165
0.0484666
0.662
0.662
0.662
0.563565
0.662
0.662
0.17218
0.349723
0.231725
0.0806479
0.146396
0.662
0.662
0.117425
0.1381
0.429609
0.574398
0.662
0.144668
0.296439
0.404246
0.662
0.662
0.083007
0.144973
0.0524195
0.18494
0.259935
0.485582
0.662
0.190357
0.125891
0.625654
0.390064
0.320508
0.174404
0.662
0.662
0.0440327
0.449696
0.662
0.662
0.0666843
0.192562
0.347966
0.206194
0.662
0.662
0.251671
0.662
0.216594
0.662
0.043621
0.662
0.662
0.662
0.662
0.338965
0.271026
0.662
0.203574
0.662
0.662
0.662
0.662
0.662
0.44405
0.335928
0.449211
0.413631
0.518791
0.182688
0.319343
0.662
0.161433
0.427187
0.662
0.662
0.0322643
0.662
0.281668
0.662
0.662
0.662
0.281972
0.662
0.0571394
0.573142
0.140181
0.662
0.662
0.264938
0.662
0.534198
0.204692
0.662
0.215227
0.662
0.662
0.603186
0.19667
0.662
0.662
0.662
0.409409
0.662
0.273984
0.662
0.335262
0.0583656
0.662
0.662
0.662
0.662
0.318521
0.322003
0.197844
0.274183
0.316672
0.159079
0.278142
0.662
0.625921
0.662
0.189372
0.662
0.334321
0.012718
0.662
0.662
0.184626
0.34183
0.0881828
0.662
0.662
0.546585
0.200649
0.401754
0.662
0.490835
0.662
0.501654
0.00825919
0.0887736
0.662
0.114696
0.662
0.650315
0.523598
0.303929
0.662
0.413762
0.662
0.131965
0.662
0.221214
0.580536
0.20236
0.41366
0.463982
0.662
0.152643
0.662
0.662
0.347744
0.662
0.401204
0.575188
0.662
0.102032
0.324273
0.662
0.0957102
0.662
0.662
0.662
0.662
0.185883
0.662
0.0953605
0.625032
0.0992772
0.463221
0.662
0.642269
0.662
0.499588
0.662
0.662
0.194178
0.237983
0.662
0.662
0.373752
0.233403
0.662
0.662
0.662
0.662
0.455156
0.319507
0.662
0.257099
0.662
0.0887692
0.246187
0.465213
0.662
0.536999
0.662
0.40965
0.422852
0.200272
0.542292
0.662
0.662
0.662
0.662
0.192354
0.250035
0.138615
0.403953
0.204586
0.213086
0.153886
0.422236
0.329157
0.185784
0.662
0.467159
0.440126
0.662
0.61021
0.662
0.662
0.662
0.662
0.662
0.251366
0.246008
0.483133
0.149757
0.662
0.662
0.262066
0.500486
0.00382992
0.662
0.662
0.662
0.662
0.662
0.346106
0.455562
0.120235
0.147272
0.20493
0.39317
0.453363
0.250938
0.177526
0.126089
0.662
0.662
0.177538
0.662
0.296301
0.0652402
0.433943
0.166465
0.662
0.377055
0.662
0.38819
0.662
0.120396
0.662
0.662
0.662
0.230119
0.393909
0.0443131
0.662
0.662
0.462203
0.662
0.18921
0.562191
0.662
0.308083
0.253966
0.662
0.423146
0.662
0.0668974
0.662
0.291839
0.662
0.651496
0.662
0.0282484
0.247449
0.662
0.662
0.150302
0.543089
0.662
0.186282
0.630598
0.662
0.193992
0.302875
0.117292
0.434443
0.662
0.0904345
0.662
0.0979931
0.662
0.0345451
0.205548
0.662
0.475379
0.662
0.0907885
0.136351
0.662
0.662
0.662
0.662
0.662
0.13407
0.440938
0.449138
0.352672
0.258039
0.662
0.190315
0.0651362
0.425808
0.561448
0.458115
0.208634
0.662
0.319224
0.662
0.662
0.269741
0.326301
0.662
0.662
0.309935
0.662
0.662
0.662
0.0391562
0.464776
0.0340436
0.662
0.518328
0.426321
0.662
0.662
0.356874
0.482352
0.514189
0.602876
0.423002
0.0133661
0.178513
0.0985518
0.662
0.260238
0.471413
0.662
0.662
0.273644
0.455702
0.34281
0.354751
0.459961
0.186848
0.0656411
0.298208
0.662
0.0794752
0.662
0.269835
0.226562
0.138786
0.382094
0.662
0.662
0.2119
0.662
0.205795
0.502315
0.181962
0.277871
0.567673
0.662
0.349427
0.662
0.662
0.320379
0.662
0.408246
0.264063
0.662
0.184554
0.49454
0.662
0.411469
0.662
0.662
0.662
0.662
0.399127
0.662
0.0883157
0.0887774
0.433825
0.35696
0.662
0.350618
0.662
0.0729016
0.662
0.0330486
0.199636
0.662
0.0571207
0.644002
0.0823672
0.185845
0.662
0.165912
0.662
0.662
0.662
0.504406
0.465481
0.261887
0.662
0.384295
0.204682
0.662
0.485871
0.256695
0.305242
0.239555
0.427773
0.112925
0.0770993
0.662
0.32237
0.662
0.662
0.575131
0.662
0.298993
0.545226
0.115916
0.255951
0.278402
0.662
0.367885
0.378797
0.306363
0.0340122
0.0512772
0.607779
0.0343854
0.662
0.662
0.662
0.486689
0.662
0.332159
0.431575
0.626173
0.12182
0.170261
0.293225
0.0427177
0.662
0.0853735
0.453211
0.273375
0.0992497
0.662
0.252373
0.478527
0.322573
0.0357814
0.034829
0.194388
0.239461
0.124713
0.662
0.374737
0.633971
0.519838
0.408332
0.0734649
0.662
0.431965
0.152261
0.662
0.0316685
0.322777
0.302512
0.662
0.0518948
0.662
0.662
0.467956
0.662
0.293777
0.0111775
0.419018
0.138597
0.23041
0.3339
0.491401
0.109112
0.560853
0.0233411
0.152901
0.662
0.662
0.662
0.291259
0.662
0.662
0.0713904
0.411593
0.447152
0.662
0.366914
0.662
0.274651
0.320355
0.662
0.333149
0.13532
0.411028
0.662
0.0275869
0.435997
0.0379374
0.0194061
0.662
0.285416
0.0269759
0.662
0.414606
0.662
0.200842
0.662
0.000480457
0.567201
0.529968
0.662
0.498985
0.424635
0.07915
0.0902159
0.405762
0.20978
0.141841
0.129836
0.0932632
0.662
0.662
0.144432
0.613217
0.361164
0.288735
0.351844
0.662
0.662
0.226553
0.0839936
0.394162
0.643934
0.662
0.662
0.383505
0.501012
0.662
0.31299
0.324961
0.397491
0.384219
0.662
0.326846
0.190746
0.46156
0.463312
0.662
0.16446
0.662
0.662
0.0709598
0.583811
0.46269
0.13151
0.662
0.662
0.385702
0.662
0.340976
0.430832
0.0553094
0.359247
0.662
0.662
0.357711
0.107003
0.662
0.662
0.0922466
0.360412
0.662
0.121003
0.662
0.0694183
0.204428
0.662
0.432137
0.059044
0.155191
0.662
0.409746
0.662
0.662
0.122998
0.662
0.0409825
0.416988
0.207917
0.187772
0.626749
0.425961
0.485862
0.662
0.662
0.662
0.662
0.175049
0.662
0.662
0.662
0.0238419
0.0474907
0.611432
0.662
0.123341
0.193419
0.0140252
0.186708
0.460069
0.269755
0.358356
0.291753
0.161158
0.00784727
0.150752
0.662
0.662
0.249112
0.328696
0.426124
0.575336
0.662
0.0878131
0.140958
0.662
0.228782
0.284665
0.662
0.662
0.12892
0.662
0.258905
0.175524
0.345359
0.342822
0.0293179
0.662
0.126886
0.662
0.462519
0.662
0.662
0.543511
0.173079
0.0461611
0.327397
0.195987
0.662
0.281865
0.295668
0.198488
0.662
0.662
0.188975
0.200033
0.662
0.160338
0.204894
0.536266
0.662
0.448141
0.199066
0.19918
0.28874
0.469345
0.662
0.34614
0.0945512
0.662
0.662
0.662
0.145944
0.108845
0.662
0.374118
0.254918
0.208196
0.21234
0.267856
0.16249
0.193458
0.493362
0.186869
0.271314
0.413271
0.662
0.662
0.0755168
0.245547
0.405492
0.489204
0.662
0.523309
0.0734495
0.229502
0.662
0.00839167
0.662
0.206305
0.662
0.200208
0.390104
0.43221
0.380972
0.662
0.118007
0.122273
0.662
0.33141
0.478379
0.0905855
0.228166
0.107988
0.0816979
0.158858
0.31037
0.179413
0.662
0.662
0.662
0.0663461
0.155824
0.436521
0.249473
0.495006
0.662
0.662
0.202008
0.662
0.172212
0.662
0.662
0.381016
0.324923
0.662
0.662
0.662
0.234486
0.416423
0.21043
0.662
0.406374
0.0473168
0.413676
0.240701
0.340661
0.453886
0.222863
0.662
0.203891
0.662
0.662
0.23422
0.101755
0.0875417
0.273614
0.662
0.272759
0.370011
0.215794
0.662
0.662
0.137873
0.477101
0.460939
0.41034
0.325583
0.200791
0.122327
0.214599
0.662
0.662
0.244704
0.391456
0.662
0.0556038
0.186681
0.464998
0.205665
0.662
0.388857
0.662
0.662
0.662
0.223732
0.662
0.242548
0.0189558
0.330185
0.454486
0.285547
0.662
0.40975
0.662
0.102208
0.662
0.357574
0.636505
0.167778
0.519542
0.254457
0.111932
0.118546
0.153207
0.662
0.424864
0.461348
0.662
0.662
0.662
0.662
0.464578
0.183012
0.047726
0.44591
0.327872
0.300301
0.662
0.662
0.217982
0.10067
0.662
0.662
0.221683
0.1061
0.639981
0.435878
0.61066
0.153947
0.316469
0.569003
0.227575
0.0337809
0.185653
0.558807
0.662
0.384692
0.662
0.457466
0.662
0.357693
0.335641
0.564429
0.147518
0.662
0.662
0.662
0.13481
0.20036
0.662
0.36776
0.432983
0.662
0.124237
0.273759
0.25255
0.662
0.479179
0.662
0.308333
0.651167
0.662
0.321802
0.364811
0.299265
0.662
0.108575
0.662
0.469802
0.514286
0.0269246
0.662
0.662
0.662
0.455344
0.662
0.158176
0.662
0.187212
0.662
0.662
0.0657979
0.399557
0.276765
0.662
0.118302
0.349306
0.196828
0.662
0.156159
0.0988079
0.189102
0.662
0.662
0.620593
0.662
0.662
0.662
0.662
0.103337
0.662
0.662
0.662
0.196593
0.662
0.261405
0.376262
0.305303
0.394665
0.662
0.662
0.225825
0.306469
0.662
0.261877
0.58909
0.662
0.662
0.662
0.198374
0.408907
0.662
0.21098
0.160994
0.662
0.300728
0.662
0.662
0.662
0.290201
0.228951
0.0394329
0.0381757
0.662
0.662
0.662
0.00845632
0.662
0.277446
0.662
0.319633
0.662
0.472364
0.435927
0.570256
0.662
0.445168
0.662
0.662
0.662
0.469168
0.181879
0.302265
0.243199
0.289982
0.662
0.662
0.195395
0.192747
0.463398
0.662
0.556334
0.197635
0.662
0.339269
0.172403
0.662
0.662
0.339184
0.0155821
0.175266
0.569523
0.2027
0.372775
0.662
0.377493
0.662
0.662
0.662
0.319066
0.662
0.378636
0.29629
0.662
0.280188
0.262497
0.662
0.203478
0.0267639
0.360552
0.662
0.230472
0.662
0.662
0.243273
0.061738
0.240093
0.194292
0.662
0.467976
0.170789
0.033305
0.283424
0.437945
0.436422
0.662
0.267082
0.194005
0.488002
0.0510927
0.128472
0.662
0.308662
0.662
0.662
0.653757
0.205139
0.129803
0.348948
0.329437
0.395196
0.662
0.0216266
0.292362
0.231497
0.2517
0.662
0.662
0.662
0.662
0.265666
0.24201
0.398278
0.662
0.195909
0.662
0.131007
0.224423
0.417537
0.662
0.662
0.597187
0.662
0.662
0.30512
0.662
0.0226601
0.662
0.30086
0.00536452
0.241601
0.303579
0.647312
0.662
0.163619
0.151276
0.311642
0.206404
0.317445
0.300307
0.662
0.0126543
0.284975
0.0271361
0.662
0.298724
0.468092
0.662
0.348383
0.662
0.662
0.662
0.662
0.21991
0.233231
0.189215
0.207017
0.199971
0.310409
0.262698
0.315612
0.200926
0.662
0.361993
0.614977
0.12198
0.362163
0.535796
0.662
0.0893215
0.334136
0.213193
0.252504
0.278878
0.662
0.662
0.336828
0.435199
0.662
0.524803
0.127785
0.662
0.430917
0.24317
0.0421553
0.282177
0.123562
0.662
0.38283
0.133743
0.186772
0.662
0.662
0.662
0.0195254
0.662
0.117179
0.0223459
0.662
0.662
0.662
0.076681
0.662
0.0363552
0.662
0.185587
0.0345463
0.494669
0.662
0.429561
0.0906965
0.662
0.0490366
0.662
0.191059
0.0844772
0.266519
0.465984
0.662
0.139571
0.662
0.662
0.662
0.0920614
0.409569
0.286278
0.662
0.030347
0.662
0.425332
0.150587
0.161672
0.662
0.211757
0.0829729
0.662
0.360433
0.548246
0.056463
0.633391
0.662
0.662
0.662
0.387753
0.238123
0.404254
0.342165
0.662
0.133408
0.633925
0.662
0.233104
0.4033
0.559261
0.581762
0.450207
0.618577
0.662
0.662
0.662
0.418873
0.662
0.113563
0.157687
0.390668
0.282654
0.260758
0.0602128
0.662
0.330616
0.662
0.662
0.226162
0.511742
0.397597
0.22191
0.0187118
0.212539
0.327165
0.391682
0.194397
0.202514
0.507203
0.250723
0.382837
0.662
0.662
0.662
0.662
0.0423154
0.662
0.662
0.662
0.319465
0.662
0.263388
0.662
0.399128
0.0715596
0.662
0.57522
0.367106
0.662
0.389546
0.199762
0.0763617
0.346326
0.133181
0.0353642
0.144146
0.0365153
0.187044
0.22072
0.210854
0.470483
0.662
0.259463
0.662
0.532371
0.175312
0.283443
0.662
0.377509
0.0804026
0.456074
0.0253647
0.626858
0.662
0.137789
0.662
0.175783
0.662
0.273562
0.440876
0.662
0.418618
0.662
0.604858
0.155289
0.00786214
0.455798
0.63339
0.258932
0.377125
0.662
0.259971
0.0650495
0.527931
0.662
0.128345
0.457419
0.178657
0.662
0.173618
0.401634
0.420384
0.00665343
0.0793882
0.662
0.662
0.662
0.051477
0.662
0.102203
0.390833
0.204052
0.577994
0.662
0.381718
0.36784
0.662
0.050193
0.490361
0.0763559
0.211963
0.662
0.662
0.258666
0.564484
0.516902
0.202373
0.662
0.651567
0.34368
0.466931
0.291573
0.662
0.404975
0.0487533
0.662
0.662
0.0896487
0.662
0.220109
0.0198326
0.662
0.662
0.318196
0.259906
0.573121
0.243761
0.662
0.23818
0.662
0.662
0.662
0.250943
0.105629
0.121637
0.167262
0.470848
0.285105
0.128366
0.303133
0.053416
0.662
0.190208
0.368661
0.405956
0.199997
0.387454
0.157626
0.183141
0.123759
0.221489
0.662
0.59126
0.130469
0.505189
0.662
0.330473
0.662
0.0888809
0.278454
0.662
0.154994
0.662
0.0867295
0.549391
0.662
0.0998804
0.263063
0.662
0.170268
0.219264
0.222743
0.599974
0.662
0.662
0.158963
0.258274
0.011641
0.0299879
0.662
0.347076
0.662
0.0621396
0.662
0.411168
0.662
0.140052
0.245085
0.662
0.662
0.511281
0.148962
0.258347
0.662
0.662
0.205085
0.3492
0.354624
0.103714
0.662
0.662
0.445557
0.662
0.199968
0.396366
0.602479
0.372951
0.25374
0.251313
0.662
0.491615
0.155542
0.662
0.029909
0.103586
0.225817
0.662
0.662
0.247846
0.662
0.28798
0.335509
0.146268
0.662
0.198819
0.316323
0.662
0.662
0.662
0.662
0.140376
0.662
0.418907
0.219495
0.662
0.436022
0.151733
0.284422
0.223061
0.326053
0.289384
0.662
0.52991
0.662
0.0780898
0.662
0.329478
0.662
0.662
0.0643137
0.662
0.167328
0.199854
0.48643
0.662
0.147211
0.340523
0.662
0.0577978
0.429241
0.297456
0.243705
0.662
0.465482
0.662
0.216735
0.662
0.180812
0.0376216
0.336633
0.662
0.662
0.662
0.662
0.253965
0.662
0.258847
0.650545
0.181249
0.662
0.662
0.297802
0.662
0.662
0.15266
0.378168
0.662
0.441486
0.662
0.662
0.662
0.394183
0.662
0.479121
0.662
0.662
0.391251
0.159086
0.223508
0.22795
0.662
0.385544
0.33023
0.432923
0.443153
0.662
0.54257
0.662
0.0253471
0.662
0.662
0.118024
0.227435
0.112217
0.662
0.662
0.0912204
0.520459
0.252736
0.0851413
0.662
0.662
0.209366
0.662
0.662
0.662
0.662
0.662
0.333562
0.662
0.215619
0.368557
0.662
0.662
0.298882
0.10071
0.434217
0.662
0.249456
0.0228663
0.193364
0.662
0.418807
0.460853
0.399703
0.64549
0.662
0.17566
0.662
0.662
0.237593
0.483632
0.662
0.248079
0.456932
0.396347
0.109049
0.197717
0.309376
0.662
0.662
0.0680781
0.662
0.662
0.662
0.168482
0.383097
0.460585
0.381476
0.662
0.393648
0.220706
0.306817
0.483691
0.662
0.662
0.443259
0.662
0.662
0.388384
0.16789
0.167344
0.269101
0.524511
0.611211
0.662
0.262233
0.662
0.0317753
0.459633
0.524311
0.56787
0.319491
0.231854
0.248753
0.120313
0.312297
0.662
0.304802
0.0503177
0.420298
0.111253
0.43995
0.371569
0.662
0.662
0.662
0.640128
0.662
0.327845
0.318243
0.37045
0.459329
0.0148314
0.662
0.391002
0.662
0.485352
0.662
0.307316
0.662
0.662
0.37905
0.336661
0.431937
0.662
0.47613
0.533249
0.0993418
0.184979
0.231754
0.165472
0.0985283
0.140733
0.022054
0.286878
0.406345
0.662
0.16438
0.662
0.0716326
0.228284
0.662
0.662
0.0464715
0.662
0.662
0.453403
0.310917
0.345365
0.127262
0.168764
0.662
0.662
0.114732
0.0853315
0.662
0.662
0.577869
0.325483
0.0843245
0.235585
0.172941
0.27283
0.129768
0.662
0.0764172
0.662
0.662
0.239297
0.160982
0.376151
0.0786023
0.2765
0.237664
0.662
0.383958
0.193399
0.350811
0.170469
0.320758
0.631817
0.285224
0.170535
0.298672
0.662
0.114688
0.662
0.488082
0.662
0.230871
0.186664
0.572582
0.662
0.0181048
0.192085
0.662
0.396621
0.662
0.662
0.317321
0.0768607
0.231475
0.030548
0.456664
0.13
0.266666
0.662
0.369812
0.662
0.662
0.176169
0.662
0.244069
0.0450039
0.217433
0.662
0.226845
0.21684
0.662
0.375652
0.350703
0.662
0.000149064
0.0268744
0.0792605
0.662
0.156902
0.424293
0.389163
0.662
0.662
0.662
0.415421
0.368269
0.39439
0.165185
0.253331
0.662
0.662
0.462918
0.435586
0.186645
0.139355
0.205491
0.239705
0.166072
0.662
0.142987
0.662
0.349321
0.662
0.243079
0.00577349
0.00737794
0.662
0.662
0.662
0.11218
0.280754
0.282594
0.161554
0.662
0.172592
0.109524
0.662
0.304611
0.662
0.623789
0.662
0.550523
0.467901
0.276496
0.662
0.13715
0.662
0.662
0.260083
0.281564
0.0837531
0.662
0.662
0.426879
0.0927464
0.407138
0.29746
0.662
0.662
0.662
0.518386
0.18609
0.287153
0.662
0.51527
0.535278
0.139061
0.134738
0.662
0.546715
0.182471
0.662
0.238965
0.633256
0.358287
0.00210633
0.400587
0.662
0.662
0.299984
0.0193779
0.399513
0.662
0.662
0.307454
0.662
0.214389
0.10605
0.662
0.155078
0.205038
0.662
0.592517
0.104408
0.154209
0.662
0.523259
0.0144822
0.662
0.205082
0.662
0.662
0.662
0.662
0.628937
0.662
0.0870699
0.0617504
0.47599
0.383844
0.149725
0.662
0.55656
0.0416107
0.662
0.201855
0.286215
0.662
0.605973
0.4598
0.20274
0.662
0.662
0.662
0.29493
0.185548
0.662
0.120295
0.130253
0.662
0.662
0.662
0.342184
0.662
0.0467307
0.662
0.662
0.24572
0.250627
0.662
0.662
0.570478
0.177167
0.222828
0.259058
0.0643013
0.450465
0.251378
0.186583
0.470736
0.662
0.662
0.419718
0.402762
0.662
0.662
0.432155
0.0880879
0.487172
0.452717
0.415406
0.115146
0.0261468
0.193744
0.662
0.412984
0.157988
0.161971
0.662
0.00509634
0.102324
0.371136
0.297215
0.439268
0.00775951
0.244503
0.662
0.266145
0.194386
0.662
0.586567
0.605096
0.118889
0.0809448
0.462305
0.347409
0.155285
0.662
0.491831
0.441203
0.522708
0.322071
0.468735
0.453681
0.184666
0.662
0.662
0.662
0.0817598
0.54954
0.413906
0.377415
0.662
0.662
0.662
0.247321
0.101031
0.662
0.499877
0.206842
0.456351
0.300654
0.662
0.662
0.662
0.223727
0.630345
0.662
0.147097
0.192107
0.372887
0.280944
0.302785
0.381135
0.662
0.375902
0.113397
0.138311
0.662
0.208217
0.0199007
0.140106
0.378639
0.299124
0.662
0.662
0.448072
0.2455
0.209182
0.0428747
0.662
0.459463
0.19364
0.662
0.266594
0.662
0.281027
0.662
0.273042
0.307925
0.464036
0.525275
0.662
0.662
0.189566
0.169796
0.662
0.662
0.662
0.191993
0.31673
0.271614
0.0081849
0.229991
0.662
0.662
0.08105
0.253757
0.190877
0.662
0.662
0.17357
0.662
0.433706
0.662
0.662
0.662
0.662
0.181472
0.662
0.280664
0.662
0.662
0.512132
0.187289
0.101717
0.662
0.133287
0.662
0.662
0.662
0.0931464
0.662
0.662
0.461188
0.662
0.146255
0.662
0.168301
0.662
0.200745
0.354706
0.0773585
0.467911
0.381477
0.662
0.143993
0.662
0.662
0.662
0.101389
0.473383
0.662
0.662
0.662
0.662
0.634544
0.275555
0.662
0.329252
0.350284
0.662
0.191651
0.0457224
0.662
0.195151
0.662
0.268053
0.179698
0.65778
0.256501
0.443982
0.662
0.483319
0.170811
0.0343562
0.13175
0.264888
0.662
0.222828
0.20833
0.662
0.662
0.341047
0.353083
0.637397
0.186779
0.33106
0.61029
0.662
0.149477
0.662
0.662
0.662
0.466567
0.33959
0.662
0.0373746
0.662
0.10721
0.662
0.27213
0.662
0.54332
0.574216
0.196644
0.337651
0.173399
0.662
0.0272771
0.662
0.189315
0.442335
0.662
0.662
0.185544
0.662
0.460127
0.433155
0.662
0.662
0.662
0.281852
0.662
0.662
0.581193
0.399132
0.662
0.495953
0.662
0.662
0.662
0.374779
0.416247
0.45956
0.301758
0.662
0.152377
0.189363
0.236278
0.276113
0.44021
0.662
0.284414
0.364035
0.662
0.408637
0.413444
0.662
0.253098
0.188851
0.662
0.662
0.14451
0.484597
0.0183539
0.0753122
0.100789
0.662
0.662
0.398355
0.128653
0.476871
0.662
0.452392
0.662
0.172085
0.40749
0.45805
0.351112
0.411434
0.662
0.132279
0.50329
0.47302
0.0269471
0.242022
0.576175
0.662
0.370335
0.0663173
0.286352
0.218121
0.662
0.235135
0.373506
0.151212
0.289184
0.434645
0.662
0.0167026
0.575865
0.662
0.354498
0.0805699
0.385063
0.0894033
0.662
0.280177
0.662
0.413739
0.662
0.118431
0.46751
0.662
0.208596
0.662
0.358913
0.349104
0.662
0.304637
0.633391
0.302816
0.148813
0.451948
0.390872
0.662
0.536859
0.662
0.662
0.0307193
0.261927
0.662
0.153889
0.662
0.662
0.446887
0.528175
0.568877
0.662
0.662
0.662
0.662
0.420618
0.120652
0.641119
0.662
0.33716
0.662
0.662
0.197002
0.628114
0.455354
0.352721
0.234165
0.25389
0.662
0.662
0.234945
0.467869
0.662
0.536419
0.206497
0.266627
0.136374
0.403565
0.189827
0.662
0.373996
0.267611
0.187858
0.112694
0.159573
0.317953
0.662
0.457256
0.662
0.662
0.440271
0.162496
0.662
0.662
0.662
0.662
0.662
0.124672
0.383531
0.429044
0.662
0.231701
0.662
0.355598
0.42461
0.662
0.662
0.662
0.662
0.454159
0.601447
0.381262
0.662
0.662
0.199077
0.189136
0.272108
0.662
0.43674
0.373524
0.0559384
0.217827
0.434698
0.148847
0.0382597
0.662
0.662
0.194927
0.662
0.517239
0.130827
0.122254
0.23248
0.136005
0.217676
0.426097
0.662
0.0366207
0.395817
0.662
0.276978
0.511129
0.472612
0.662
0.183159
0.436142
0.210733
0.458543
0.0466903
0.395784
0.662
0.662
0.345286
0.662
0.662
0.415223
0.662
0.662
0.435386
0.662
0.662
0.662
0.662
0.662
0.194216
0.300532
0.658055
0.434093
0.299089
0.662
0.410955
0.0806294
0.662
0.352797
0.0876752
0.0254356
0.211095
0.662
0.662
0.544584
0.556011
0.662
0.662
0.369629
0.467091
0.328289
0.448842
0.41701
0.662
0.662
0.359754
0.300868
0.662
0.360998
0.662
0.662
0.149996
0.662
0.0968837
0.376304
0.662
0.00300245
0.520888
0.171813
0.662
0.193955
0.166435
0.662
0.662
0.0296918
0.662
0.25155
0.662
0.252608
0.31397
0.401511
0.662
0.662
0.623477
0.662
0.580802
0.177599
0.662
0.616879
0.328605
0.662
0.469855
0.014309
0.344273
0.34494
0.662
0.311885
0.268717
0.202987
0.250016
0.662
0.209225
0.662
0.135805
0.662
0.357781
0.662
0.0287319
0.201376
0.267834
0.662
0.662
0.167794
0.359672
0.4549
0.0967526
0.0942143
0.662
0.0890319
0.153837
0.133335
0.0370035
0.00539809
0.517981
0.103178
0.578873
0.387334
0.057035
0.100744
0.662
0.149373
0.662
0.662
0.00337147
0.662
0.139242
0.0101341
0.277341
0.662
0.240936
0.471267
0.182146
0.472317
0.188307
0.615454
0.662
0.662
0.0146182
0.487159
0.381968
0.586341
0.662
0.256523
0.172237
0.547648
0.662
0.269657
0.662
0.198611
0.662
0.341969
0.470679
0.559812
0.432425
0.662
0.662
0.662
0.662
0.197251
0.103903
0.415841
0.483372
0.662
0.355497
0.662
0.460143
0.364814
0.662
0.662
0.497413
0.474383
0.626519
0.0453792
0.0855097
0.0904168
0.02897
0.662
0.662
0.421537
0.48157
0.662
0.349149
0.25045
0.299345
0.662
0.276047
0.219109
