0.662
0.612813
0.662
0.662
0.595024
0.609443
0.662
0.662
0.259965
0.354546
0.0646281
0.0324595
0.277823
0.662
0.524146
0.662
0.107954
0.308353
0.585486
0.642382
0.662
0.00604369
0.606399
0.389036
0.624007
0.103824
0.0381686
0.00243858
0.241114
0.480699
0.0508605
0.0455903
0.109238
0.662
0.00621419
0.584448
0.662
0.335741
0.662
0.231671
0.662
0.662
0.279133
0.656014
0.117031
0.520406
0.250972
0.640996
0.662
0.662
0.422805
0.192958
0.662
0.662
0.662
0.22272
0.0284802
0.662
0.483206
0.662
0.447794
0.662
0.662
0.662
0.0939863
0.174679
0.0396389
0.662
0.561228
0.662
0.461706
0.662
0.213148
0.437687
0.662
0.231621
0.662
0.662
0.0208179
0.652652
0.0533183
0.285193
0.172024
0.580616
0.0820396
0.408232
0.146275
0.662
0.662
0.152184
0.558049
0.662
0.662
0.662
0.644135
0.0873204
0.302037
0.662
0.461837
0.662
0.648846
0.662
0.118941
0.210084
0.249236
0.330894
0.662
0.445602
0.456789
0.662
0.216669
0.374029
0.662
0.662
0.36347
0.288852
0.302807
0.0880779
0.662
0.662
0.0986885
0.199695
0.245599
0.269263
0.565262
0.283388
0.0815309
0.0609144
0.662
0.662
0.662
0.662
0.280716
0.662
0.159405
0.600707
0.279411
0.076376
0.469661
0.191055
0.622736
0.35185
0.237846
0.204671
0.662
0.315483
0.558601
0.220189
0.346894
0.662
0.430302
0.194509
0.662
0.196941
0.420342
0.662
0.662
0.115231
0.410523
0.360103
0.551859
0.356711
0.662
0.190939
0.662
0.662
0.662
0.0713097
0.398822
0.423818
0.385466
0.203918
0.372892
0.662
0.29808
0.560983
0.662
0.662
0.60653
0.243576
0.662
0.116529
0.233886
0.609825
0.662
0.261689
0.662
0.287343
0.209617
0.662
0.662
0.131799
0.662
0.366842
0.47251
0.661374
0.252621
0.662
0.0119818
0.157061
0.00964761
0.361226
0.0912001
0.406666
0.266343
0.556507
0.394892
0.552451
0.662
0.662
0.535934
0.169843
0.662
0.188168
0.348406
0.106778
0.662
0.469057
0.644801
0.171604
0.448334
0.0315034
0.121515
0.266375
0.662
0.662
0.662
0.295031
0.662
0.490173
0.643334
0.614647
