0.662
0.662
0.433662
0.311492
0.662
0.662
0.415069
0.662
0.0916467
0.100825
0.167909
0.408394
0.662
0.662
0.208302
0.278728
0.662
0.336433
0.435975
0.530096
0.223252
0.249569
0.662
0.297037
0.662
0.662
0.239009
0.21954
0.662
0.276249
0.662
0.662
0.662
0.6432
0.406115
0.0999943
0.662
0.192238
0.0192887
0.0358277
0.148338
0.445947
0.527073
0.172444
0.203395
0.662
0.662
0.662
0.409693
0.20383
0.662
0.172557
0.532632
0.148974
0.268207
0.180614
0.169107
0.662
0.152407
0.292587
0.152962
0.373875
0.662
0.0515286
0.662
0.662
0.662
0.662
0.662
0.662
0.662
0.211328
0.662
0.662
0.601266
0.0992163
0.464763
0.614443
0.39568
0.000688362
0.365826
0.662
0.376025
0.385368
0.350024
0.484115
0.662
0.662
0.316927
0.400609
0.304986
0.0569939
0.551759
0.256295
0.18084
0.662
0.208781
0.499858
0.662
0.393714
0.291732
0.350249
0.471432
0.662
0.366016
0.0241951
0.258454
0.662
0.343678
0.219778
0.0627675
0.338978
0.552864
0.662
0.662
0.318241
0.210202
0.30785
0.513875
0.131207
0.662
0.564427
0.662
0.662
0.662
0.0662321
0.444687
0.0513066
0.193983
0.23423
0.409741
0.0290411
0.348542
0.662
0.662
0.662
0.662
0.662
0.457047
0.662
0.662
0.345365
0.139138
0.446829
0.662
0.12758
0.662
0.164399
0.212154
0.662
0.662
0.14722
0.662
0.622839
0.458987
0.395667
0.1705
0.662
0.313948
0.214065
0.161957
0.662
0.662
0.662
0.43838
0.178689
0.662
0.662
0.225752
0.0271971
0.105544
0.361417
0.474906
0.662
0.461934
0.662
0.230239
0.115878
0.662
0.662
0.662
0.192708
0.662
0.662
0.209369
0.458538
0.0325465
0.125897
0.288546
0.662
0.0297815
0.241754
0.628847
0.662
0.662
0.347595
0.662
0.202313
0.146464
0.390623
0.220581
0.662
0.245869
0.662
0.16994
0.662
0.662
0.662
0.195794
0.295354
0.443554
0.558399
0.0396204
0.365003
0.34462
0.361122
0.450743
0.662
0.199027
0.21654
0.334122
0.50532
0.662
0.239799
0.662
0.662
0.533396
0.662
0.195547
0.326642
0.662
0.604498
0.662
0.662
0.073837
0.446858
0.377888
0.0677035
0.0151473
0.251095
0.0849937
0.662
0.31384
0.662
0.420642
0.0893152
0.451614
0.271037
0.662
0.037041
0.662
0.174423
0.662
0.662
0.662
0.662
0.0281904
0.197828
0.662
0.190208
0.628411
0.331129
0.541821
0.304428
0.662
0.662
0.662
0.422163
0.662
0.19871
0.000945262
0.476625
0.662
0.335546
0.311913
0.662
0.662
0.662
0.201528
0.506287
0.15485
0.221084
0.662
0.662
0.351464
0.327746
0.66
0.662
0.452486
0.391543
0.450588
0.217236
0.662
0.0884679
0.149593
0.218414
0.586761
0.300837
0.455312
0.0167909
0.662
0.0762413
0.662
0.662
0.104316
0.0982265
0.305867
0.584018
0.108875
0.662
0.662
0.219897
0.470042
0.311757
0.662
0.662
0.15408
0.262522
0.662
0.662
0.662
0.642296
0.551659
0.0695869
0.662
0.0590418
0.662
0.662
0.195259
0.406483
0.14748
0.662
0.237033
0.467804
0.246027
0.159104
0.662
0.662
0.0371847
0.662
0.476472
0.662
0.220467
0.662
0.662
0.345329
0.203429
0.662
0.179126
0.41901
0.409258
0.133903
0.177068
0.390606
0.662
0.662
0.662
0.287091
0.60043
0.249893
0.662
0.662
0.662
0.662
0.466209
0.216196
0.662
0.662
0.543605
0.18275
0.392328
0.371196
0.0127611
0.338131
0.662
0.167008
0.662
0.19142
0.279351
0.401907
0.589662
0.40858
0.102644
0.385769
0.662
0.662
0.195721
0.18415
0.662
0.662
0.662
0.662
0.134923
0.402476
0.368268
0.652432
0.662
0.662
0.265625
0.161602
0.662
0.0376816
0.049941
0.442146
0.536835
0.662
0.662
0.174696
0.662
0.662
0.278174
0.662
0.16748
0.593154
0.470737
0.3984
0.413439
0.13309
0.450951
0.662
0.417869
0.662
0.662
0.177293
0.662
0.662
0.224785
0.459135
0.662
0.382273
0.464494
0.662
0.121526
0.33206
0.342941
0.325198
0.638311
0.662
0.662
0.304765
0.544338
0.209138
0.138796
0.662
0.263551
0.175706
0.662
0.144857
0.500128
0.371156
0.662
0.662
0.662
0.662
0.268991
0.418709
0.662
0.662
0.662
0.662
0.662
0.25284
0.662
0.662
0.662
0.217804
0.0817323
0.662
0.161649
0.40383
0.326324
0.662
0.227502
0.350624
0.304712
0.291697
0.269761
0.627073
0.223952
0.662
0.662
0.662
0.0968756
0.662
0.626036
0.212217
0.28139
0.27095
0.662
0.280335
0.403708
0.662
0.451433
0.427213
0.662
0.662
0.28691
0.662
0.662
0.241969
0.662
0.324824
0.662
0.662
0.662
0.662
0.662
0.268966
0.0472217
0.662
0.662
0.635044
0.311587
0.00648248
0.662
0.662
0.351033
0.662
0.221921
0.405644
0.662
0.662
0.444003
0.662
0.394261
0.138597
0.0846293
0.120357
0.253489
0.187281
0.662
0.216794
0.0568604
0.662
0.662
0.0413168
0.270073
0.42859
0.662
0.313473
0.17919
0.21329
0.662
0.662
0.52281
0.338579
0.662
0.158875
0.482032
0.662
0.662
0.526663
0.15435
0.662
0.191763
0.662
0.662
0.377024
0.171705
0.22748
0.662
0.662
0.662
0.462881
0.0796369
0.662
0.662
0.662
0.662
0.375312
0.251614
0.201624
0.336817
0.658527
0.298276
0.310331
0.662
0.351533
0.662
0.465616
0.237988
0.377755
0.584634
0.662
0.662
0.225104
0.160846
0.662
0.391366
0.0837075
0.154684
0.193046
0.325053
0.314044
0.278453
0.223035
0.265439
0.662
0.662
0.342269
0.662
0.662
0.610949
0.662
0.0298918
0.594027
0.662
0.292612
0.662
0.662
0.364518
0.633832
0.662
0.662
0.172868
0.209125
0.251478
0.0357881
0.0386433
0.662
0.486299
0.513607
0.662
0.662
0.534019
0.662
0.0133158
0.609913
0.421541
0.256709
0.662
0.662
0.313323
0.424671
0.662
0.662
0.227911
0.117122
0.270969
0.0608928
0.167505
0.24
0.662
0.320869
0.315722
0.466263
0.254836
0.662
0.424882
0.252475
0.662
0.246847
0.320786
0.388429
0.662
0.662
0.662
0.0952499
0.662
0.0200923
0.558605
0.662
0.434018
0.662
0.313802
0.662
0.53106
0.00803014
0.467772
0.662
0.270723
0.662
0.646292
0.187647
0.118303
0.0723985
0.377604
0.106497
0.156841
0.224141
0.0204852
0.662
0.470539
0.662
0.0545803
0.662
0.166933
0.662
0.249165
0.662
0.540064
0.662
0.662
0.662
0.403437
0.0299069
0.247028
0.0407784
0.541063
0.462316
0.399377
0.662
0.662
0.0220016
0.662
0.25162
0.276503
0.327796
0.244839
0.475399
0.365782
0.189524
0.0613574
0.524957
0.0934006
0.416873
0.324488
0.185813
0.444453
0.17788
0.359329
0.662
0.608555
0.285689
0.338897
0.662
0.198593
0.170876
0.136918
0.103103
0.58435
0.284387
0.307427
0.38264
0.240896
0.571503
0.0255895
0.406067
0.596223
0.518995
0.662
0.463856
0.511181
0.662
0.662
0.128877
0.662
0.0853586
0.662
0.662
0.464721
0.662
0.662
0.278959
0.0844231
0.384284
0.662
0.662
0.662
0.662
0.662
0.197277
0.390692
0.171621
0.662
0.662
0.662
0.555041
0.662
0.662
0.320711
0.115904
0.662
0.521352
0.662
0.662
0.325986
0.662
0.662
0.662
0.662
0.183062
0.544781
0.0837373
0.662
0.662
0.426738
0.618675
0.314944
0.632571
0.481063
0.17698
0.662
0.0370335
0.304499
0.472001
0.453737
0.662
0.491177
0.219746
0.662
0.662
0.662
0.662
0.0153793
0.662
0.440191
0.479902
0.359911
0.316602
0.474612
0.248898
0.662
0.662
0.662
0.463306
0.0789
0.234175
0.0837314
0.662
0.175254
0.456489
0.423661
0.662
0.662
0.205271
0.126866
0.337909
0.345841
0.229516
0.662
0.442123
0.662
0.109718
0.662
0.662
0.0211541
0.167414
0.280382
0.414205
0.0694482
0.252897
0.232987
0.656064
0.410575
0.418832
0.206475
0.109515
0.662
0.662
0.102034
0.0932369
0.0186543
0.662
0.662
0.662
0.662
0.662
0.126686
0.42949
0.0680585
0.286418
0.453314
0.662
0.300813
0.211641
0.143593
0.662
0.662
0.258388
0.662
0.644949
0.183352
0.231901
0.174496
0.662
0.475695
0.24204
0.662
0.662
0.416264
0.662
0.123227
0.14208
0.662
0.0293018
0.0288327
0.357842
0.662
0.662
0.662
0.662
0.662
0.437047
0.335017
0.662
0.662
0.103143
0.662
0.416077
0.662
0.311533
0.0824342
0.662
0.352085
0.0605792
0.662
0.662
0.662
0.167656
0.483748
0.652106
0.364896
0.457874
0.243398
0.270043
0.435709
0.202215
0.187277
0.193263
0.662
0.662
0.312585
0.662
0.662
0.0092157
0.662
0.662
0.662
0.036268
0.28842
0.662
0.662
0.662
0.052923
0.412381
0.104515
0.144733
0.662
0.281067
0.616596
0.245414
0.625271
0.475508
0.662
0.23588
0.232215
0.0784672
0.0593688
0.132075
0.662
0.471494
0.414526
0.662
0.662
0.662
0.288452
0.0110581
0.662
0.277204
0.662
0.662
0.258244
0.662
0.260074
0.437652
0.662
0.213791
0.662
0.662
0.174877
0.0554306
0.0652435
0.662
0.545548
0.662
0.156374
0.434259
0.306408
0.227422
0.662
0.400282
0.662
0.293876
0.662
0.662
0.444318
0.194886
0.548498
0.16043
0.147146
0.206753
0.662
0.350858
0.662
0.662
0.302407
0.378208
0.18656
0.504804
0.662
0.238807
0.0480235
0.662
0.662
0.662
0.135393
0.152164
0.2285
0.214247
0.141888
0.160391
0.16918
0.484039
0.561353
0.662
0.529726
0.299789
0.499773
0.662
0.662
0.662
0.367575
0.656418
0.125491
0.190731
0.324746
0.662
0.662
0.662
0.662
0.186049
0.219693
0.149285
0.662
0.662
0.194471
0.113614
0.334635
0.662
0.662
0.213499
0.211183
0.190561
0.662
0.483437
0.366914
0.662
0.662
0.662
0.662
0.0267068
0.225931
0.662
0.254441
0.662
0.258847
0.662
0.662
0.662
0.662
0.0906716
0.0281783
0.00207845
0.281052
0.418315
0.203366
0.271733
0.662
0.662
0.253479
0.192779
0.0660715
0.209399
0.662
0.419395
0.269706
0.662
0.243181
0.20867
0.662
0.662
0.662
0.089873
0.662
0.500133
0.350091
0.375158
0.302434
0.433484
0.662
0.342032
0.662
0.662
0.0244554
0.662
0.662
0.267784
0.662
0.662
0.44883
0.29595
0.662
0.662
0.320442
0.404953
0.359999
0.662
0.662
0.348677
0.662
0.632406
0.177692
0.662
0.652323
0.259184
0.662
0.391933
0.662
0.128203
0.229113
0.269862
0.662
0.662
0.662
0.013207
0.388334
0.290202
0.235389
0.273758
0.155994
0.446614
0.013283
0.634307
0.3264
0.0251577
0.230264
0.142952
0.371229
0.284575
0.662
0.000141316
0.267776
0.184917
0.548402
0.328648
0.422807
0.662
0.662
0.423916
0.662
0.201131
0.662
0.662
0.5797
0.662
0.28041
0.320569
0.430209
0.141842
0.662
0.217454
0.662
0.662
0.188645
0.267702
0.468502
0.662
0.404333
0.662
0.662
0.194681
0.373708
0.662
0.389196
0.0873376
0.304071
0.464149
0.166403
0.107231
0.58209
0.13294
0.232668
0.221245
0.662
0.0429423
0.662
0.662
0.662
0.425266
0.355218
0.417471
0.0307508
0.662
0.138738
0.662
0.662
0.185376
0.662
0.194271
0.211885
0.662
0.662
0.662
0.261779
0.235271
0.662
0.614549
0.0171841
0.662
0.105699
0.0138101
0.622755
0.662
0.443174
0.0256322
0.19095
0.609652
0.662
0.662
0.662
0.34585
0.121608
0.662
0.509635
0.662
0.206485
0.662
0.662
0.662
0.248462
0.412401
0.0444885
0.121408
0.222554
0.596234
0.469349
0.662
0.319732
0.0884189
0.398407
0.662
0.515544
0.0603907
0.378937
0.382354
0.662
0.180603
0.662
0.456084
0.170579
0.662
0.662
0.662
0.422774
0.539929
0.662
0.276201
0.0301145
0.0245658
0.662
0.439142
0.427304
0.468141
0.662
0.441667
0.217691
0.348203
0.662
0.141806
0.662
0.546277
0.0234295
0.662
0.662
0.662
0.662
0.662
0.134932
0.300977
0.662
0.289857
0.0473762
0.204246
0.00548482
0.280086
0.662
0.433252
0.256304
0.35348
0.0943942
0.396643
0.642369
0.662
0.124645
0.577848
0.210293
0.0793832
0.393691
0.662
0.192669
0.662
0.0396707
0.662
0.112091
0.133506
0.416074
0.0499149
0.662
0.0570552
0.662
0.194309
0.342186
0.662
0.643888
0.662
0.407504
0.205688
0.662
0.00572526
0.662
0.0402026
0.41291
0.00249739
0.220483
0.617885
0.662
0.164247
0.624298
0.662
0.195344
0.454981
0.239121
0.662
0.573967
0.662
0.662
0.0468014
0.234005
0.0904416
0.143412
0.662
0.306471
0.12501
0.662
0.662
0.436915
0.662
0.484247
0.662
0.118628
0.662
0.662
0.482407
0.662
0.662
0.662
0.662
0.147746
0.142278
0.414372
0.662
0.662
0.34166
0.662
0.662
0.419201
0.662
0.310731
0.194284
0.0623512
0.0827232
0.662
0.662
0.552136
0.358968
0.369446
0.527808
0.200662
0.0450772
0.662
0.39336
0.654842
0.662
0.662
0.251369
0.252182
0.0449174
0.31253
0.662
0.37569
0.662
0.303214
0.662
0.662
0.213266
0.060062
0.145808
0.662
0.218384
0.662
0.178584
0.292189
0.466256
0.0246236
0.477189
0.0631964
0.662
0.00300031
0.0594176
0.337441
0.274214
0.662
0.168475
0.662
0.253898
0.662
0.366404
0.662
0.662
0.0765134
0.19854
0.662
0.238228
0.0627875
0.662
0.0744303
0.366303
0.662
0.216863
0.662
0.171006
0.335715
0.662
0.0611204
0.00521924
0.450801
0.168672
0.662
0.471936
0.339703
0.662
0.388837
0.136074
0.400942
0.18428
0.662
0.662
0.259169
0.0770079
0.200953
0.32272
0.387518
0.662
0.306658
0.475714
0.339861
0.662
0.662
0.510495
0.662
0.522262
0.442613
0.349056
0.287279
0.177144
0.662
0.210646
0.207937
0.141927
0.147819
0.647918
0.662
0.307132
0.662
0.247654
0.548442
0.619648
0.0867224
0.0867802
0.00370993
0.662
0.144575
0.432609
0.273203
0.218373
0.189661
0.662
0.0887495
0.133559
0.662
0.036361
0.662
0.662
0.662
0.205908
0.429695
0.0877911
0.662
0.220194
0.400471
0.281397
0.662
0.22316
0.198294
0.517534
0.662
0.195416
0.662
0.0362298
0.340586
0.662
0.123099
0.662
0.328759
0.209218
0.662
0.662
0.662
0.662
0.437809
0.285387
0.555977
0.297878
0.379502
0.662
0.472765
0.662
0.455217
0.304421
0.474983
0.332146
0.662
0.382387
0.0359765
0.201633
0.0669621
0.662
0.397909
0.662
0.240374
0.662
0.227161
0.662
0.662
0.431273
0.662
0.485486
0.618976
0.093336
0.171034
0.662
0.662
0.662
0.374365
0.360507
0.662
0.158968
0.446919
0.447472
0.593465
0.662
0.287527
0.662
0.0309908
0.662
0.393038
0.662
0.397104
0.581425
0.0703876
0.106159
0.662
0.662
0.440871
0.461271
0.0445915
0.62779
0.662
0.291218
0.276343
0.662
0.0581108
0.662
0.508056
0.662
0.583991
0.269707
0.0922961
0.194703
0.016774
0.183105
0.0998099
0.662
0.233456
0.662
0.662
0.662
0.581636
0.662
0.0196596
0.662
0.0910644
0.150964
0.23111
0.471923
0.493081
0.001158
0.19361
0.662
0.662
0.222684
0.662
0.662
0.12889
0.662
0.107879
0.174607
0.153011
0.662
0.170328
0.662
0.525745
0.662
0.155126
0.536681
0.579992
0.298186
0.0499239
0.662
0.185248
0.284099
0.662
0.662
0.662
0.199657
0.144922
0.662
0.323124
0.662
0.662
0.644442
0.0540556
0.0379639
0.662
0.662
0.0284947
0.586096
0.472798
0.0696408
0.371941
0.662
0.174826
0.421516
0.662
0.375987
0.394248
0.662
0.662
0.0047143
0.662
0.662
0.228487
0.662
0.662
0.662
0.662
0.662
0.662
0.454808
0.152219
0.192492
0.196798
0.62572
0.287144
0.207839
0.662
0.361913
0.662
0.286632
0.333646
0.0783942
0.252452
0.662
0.196832
0.168397
0.148878
0.662
0.662
0.662
0.128386
0.662
0.0185374
0.662
0.0072951
0.662
0.0548841
0.401409
0.191629
0.662
0.403475
0.662
0.448082
0.383544
0.319092
0.251131
0.463416
0.662
0.182083
0.310398
0.387655
0.576096
0.662
0.602769
0.0777253
0.662
0.662
0.662
0.134216
0.432031
0.147444
0.662
0.223547
0.330095
0.662
0.662
0.662
0.37845
0.387912
0.662
0.412722
0.662
0.0808942
0.662
0.662
0.541483
0.662
0.126183
0.662
0.662
0.288976
0.498847
0.355768
0.18925
0.662
0.094442
0.662
0.349906
0.423309
0.163585
0.183693
0.144146
0.323263
0.186816
0.662
0.123197
0.41852
0.662
0.662
0.160428
0.662
0.415125
0.443309
0.0677719
0.102845
0.662
0.662
0.662
0.536137
0.662
0.662
0.420946
0.455327
0.245323
0.425167
0.568142
0.216625
0.233532
0.662
0.662
0.203537
0.662
0.450384
0.183427
0.206907
0.662
0.457447
0.103655
0.662
0.189871
0.325457
0.662
0.124843
0.139598
0.662
0.296554
0.145497
0.550322
0.0485269
0.662
0.0753373
0.662
0.662
0.0983355
0.662
0.012445
0.15164
0.580831
0.662
0.255681
0.456621
0.422471
0.0976212
0.605567
0.662
0.662
0.658963
0.453269
0.662
0.310764
0.0208313
0.360705
0.47214
0.0370022
0.519965
0.662
0.257511
0.325472
0.645763
0.662
0.662
0.222082
0.259883
0.662
0.143646
0.415366
0.662
0.662
0.662
0.41053
0.376226
0.494137
0.662
0.359267
0.261312
0.181126
0.476142
0.662
0.533522
0.662
0.662
0.526697
0.662
0.0864759
0.456796
0.662
0.662
0.593703
0.662
0.662
0.430985
0.196908
0.144972
0.307441
0.295531
0.274725
0.12456
0.662
0.662
0.293805
0.554383
0.662
0.480758
0.201264
0.662
0.662
0.231589
0.662
0.00580679
0.0203387
0.164337
0.450851
0.662
0.463622
0.662
0.662
0.149513
0.131976
0.521491
0.374255
0.025653
0.662
0.353567
0.662
0.272938
0.542199
0.329412
0.206866
0.0909876
0.662
0.0555459
0.133457
0.244014
0.340193
0.476382
0.16448
0.581962
0.445485
0.0172045
0.662
0.145763
0.662
0.402575
0.662
0.662
0.532095
0.662
0.662
0.108638
0.106751
0.109343
0.222856
0.662
0.662
0.441215
0.662
0.317823
0.519922
0.184217
0.275537
0.662
0.437016
0.662
0.159432
0.119713
0.662
0.662
0.26646
0.662
0.513888
0.662
0.314879
0.662
0.662
0.433361
0.662
0.366187
0.33037
0.662
0.0683972
0.102578
0.662
0.362262
0.130598
0.35637
0.019396
0.662
0.35604
0.0744715
0.0140202
0.420309
0.662
0.32369
0.284637
0.118468
0.662
0.481396
0.662
0.353737
0.178591
0.229658
0.269539
0.662
0.181924
0.633391
0.297711
0.603483
0.0852027
0.662
0.413031
0.308667
0.662
0.406964
0.662
0.307051
0.46489
0.235791
0.130433
0.448327
0.084986
0.349171
0.662
0.193604
0.291551
0.662
0.662
0.662
0.662
0.219874
0.662
0.639633
0.465949
0.318609
0.662
0.539081
0.662
0.278838
0.29748
0.494167
0.0395927
0.219481
0.171848
0.36181
0.220603
0.216759
0.314221
0.400045
0.186661
0.662
0.662
0.662
0.0523732
0.164083
0.189387
0.662
0.215983
0.519775
0.221724
0.358172
0.623603
0.46442
0.52464
0.662
0.301137
0.451355
0.26042
0.662
0.662
0.0804699
0.40515
0.335514
0.0864541
0.662
0.389048
0.662
0.123903
0.662
0.662
0.186676
0.376334
0.662
0.30798
0.356379
0.662
0.662
0.662
0.662
0.662
0.251768
0.263036
0.112966
0.242703
0.662
0.644422
0.189442
0.521472
0.662
0.662
0.662
0.662
0.662
0.648706
0.662
0.184463
0.286629
0.662
0.263637
0.372557
0.662
0.662
0.620221
0.662
0.662
0.014609
0.662
0.0176017
0.285411
0.189122
0.10407
0.281889
0.662
0.416794
0.662
0.0885939
0.662
0.456527
0.176672
0.662
0.291846
0.662
0.531396
0.141489
0.662
0.337678
0.662
0.662
0.190809
0.662
0.662
0.198373
0.594687
0.662
0.0790774
0.551858
0.662
0.406314
0.360906
0.077348
0.426427
0.0613871
0.662
0.662
0.171603
0.111121
0.232583
0.453569
0.662
0.477324
0.0318929
0.662
0.167439
0.388344
0.662
0.662
0.662
0.208334
0.662
0.172295
0.0846266
0.137064
0.662
0.662
0.531303
0.0151613
0.662
0.0189546
0.481697
0.662
0.014726
0.662
0.662
0.00365679
0.0886391
0.662
0.582548
0.662
0.0240563
0.662
0.662
0.429803
0.662
0.379616
0.662
0.662
0.0386979
0.589124
0.336664
0.662
0.249835
0.662
0.560736
0.438049
0.206545
0.42982
0.662
0.662
0.12283
0.662
0.330387
0.326139
0.662
0.527777
0.662
0.662
0.641203
0.662
0.330368
0.662
0.0414819
0.662
0.305819
0.662
0.205388
0.662
0.492275
0.0864544
0.184463
0.220995
0.157577
0.662
0.639804
0.0446848
0.125613
0.0872914
0.662
0.233508
0.662
0.662
0.451113
0.662
0.406223
0.662
0.662
0.662
0.662
0.552844
0.019813
0.662
0.662
0.662
0.662
0.217704
0.0588371
0.0434927
0.22713
0.268768
0.662
0.392194
0.134261
0.662
0.113355
0.22152
0.00444283
0.223435
0.662
0.450303
0.662
0.238021
0.195707
0.662
0.197949
0.630206
0.356142
0.390264
0.292623
0.0915999
0.493496
0.536779
0.23421
0.662
0.329397
0.363215
0.0835678
0.383509
0.338402
0.362929
0.364716
0.0559034
0.662
0.662
0.0907256
0.0930631
0.230895
0.662
0.431748
0.0794888
0.0629823
0.281061
0.258042
0.568206
0.0189705
0.207056
0.157232
0.370881
0.662
0.662
0.662
0.418807
0.662
0.357115
0.221363
0.51569
0.317352
0.662
0.386628
0.461063
0.196362
0.000707568
0.136468
0.662
0.662
0.662
0.428578
0.350912
0.364916
0.136913
0.445516
0.0853607
0.50776
0.0671454
0.662
0.231724
0.196905
0.448685
0.12197
0.662
0.376366
0.322571
0.662
0.662
0.150978
0.636114
0.291162
0.356796
0.186009
0.426421
0.533813
0.406907
0.17262
0.662
0.662
0.0347363
0.0506809
0.274181
0.146122
0.662
0.468861
0.310127
0.662
0.216272
0.43075
0.662
0.662
0.394585
0.662
0.423687
0.295499
0.662
0.14836
0.662
0.283481
0.662
0.350405
0.206993
0.418862
0.331108
0.662
0.662
0.316306
0.157284
0.662
0.662
0.472481
0.210511
0.662
0.662
0.662
0.193549
0.662
0.334601
0.0240215
0.587645
0.500994
0.233367
0.17096
0.167463
0.662
0.269471
0.618684
0.210834
0.662
0.608994
0.435291
0.662
0.321723
0.104114
0.279681
0.644409
0.166915
0.168425
0.454577
0.662
0.0872613
0.461826
0.662
0.251122
0.311036
0.662
0.662
0.662
0.49682
0.662
0.36702
0.259825
0.123598
0.165381
0.662
0.3765
0.548587
0.517114
0.261273
0.141754
0.662
0.441036
0.662
0.662
0.144356
0.159245
0.662
0.40089
0.662
0.342219
0.268801
0.133286
0.122858
0.52589
0.183892
0.0572813
0.662
0.023916
0.0547856
0.662
0.220485
0.198314
0.662
0.371035
0.662
0.587619
0.427554
0.662
0.121953
0.116505
0.662
0.541035
0.662
0.662
0.340749
0.662
0.263706
0.662
0.662
0.662
0.662
0.662
0.639306
0.3304
0.271525
0.197482
0.25412
0.497373
0.304647
0.324925
0.35212
0.63143
0.189434
0.662
0.458166
0.662
0.392991
0.538821
0.141391
0.433381
0.245218
0.505044
0.457695
0.662
0.342309
0.209255
0.305374
0.230009
0.216339
0.147656
0.335938
0.555149
0.367085
0.124623
0.524647
0.662
0.63623
0.0844518
0.391386
0.287357
0.115351
0.605227
0.662
0.662
0.471758
0.511454
0.662
0.260303
0.27645
0.305663
0.369399
0.174444
0.662
0.662
0.355948
0.31
0.662
0.434764
0.487277
0.309481
0.662
0.218746
0.324152
0.662
0.458409
0.241562
0.425479
0.662
0.662
0.2915
0.662
0.317611
0.0986572
0.289124
0.445796
0.662
0.227099
0.662
0.382039
0.289872
0.389882
0.199997
0.253401
0.662
0.228424
0.643574
0.662
0.31381
0.662
0.662
0.361101
0.662
0.211158
0.662
0.662
0.0492279
0.258177
0.662
0.431472
0.662
0.662
0.278838
0.585496
0.662
0.662
0.423812
0.662
0.662
0.662
0.170395
0.662
0.662
0.219064
0.186942
0.264992
0.469211
0.21674
0.0559048
0.662
0.662
0.662
0.662
0.0651832
0.189798
0.200903
0.115287
0.662
0.302488
0.270075
0.12282
0.477221
0.662
0.171636
0.115068
0.662
0.662
0.662
0.245633
0.0247162
0.0324182
0.14187
0.267783
0.445273
0.662
0.651469
0.0666276
0.385135
0.519711
0.252184
0.273759
0.662
0.232623
0.209495
0.297843
0.662
0.366435
0.212159
0.480656
0.662
0.662
0.662
0.662
0.245086
0.662
0.45144
0.246492
0.446227
0.368569
0.469199
0.438782
0.271679
0.572714
0.662
0.435272
0.662
0.0176119
0.165466
0.115628
0.433151
0.662
0.225686
0.662
0.662
0.662
0.287273
0.066045
0.662
0.571348
0.0432462
0.439039
0.506614
0.217931
0.354286
0.0915681
0.662
0.112415
0.301667
0.242306
0.266078
0.0969731
0.662
0.289767
0.185302
0.662
0.645879
0.263375
0.422749
0.0578833
0.377661
0.662
0.662
0.104678
0.662
0.662
0.141822
0.662
0.218768
0.214712
0.201432
0.577679
0.397069
0.662
0.662
0.466548
0.236734
0.662
0.0700738
0.0696513
0.300649
0.662
0.436039
0.288701
0.36855
0.121236
0.0125954
0.662
0.0800242
0.299958
0.58601
0.370157
0.662
0.662
0.193922
0.662
0.662
0.346852
0.662
0.112475
0.198646
0.629286
0.31037
0.662
0.662
0.132373
0.184468
0.484588
0.342627
0.0530235
0.404902
0.0218669
0.0132819
0.662
0.662
0.246583
0.208382
0.39083
0.662
0.277969
0.053823
0.662
0.51412
0.662
0.662
0.662
0.662
0.662
0.394955
0.18805
0.662
0.637279
0.309913
0.195254
0.662
0.129033
0.423512
0.186288
0.359106
0.0475557
0.662
0.0222151
0.437698
0.127768
0.426899
0.285189
0.169992
0.498607
0.662
0.586305
0.662
0.124197
0.662
0.662
0.361981
0.174537
0.416976
0.313472
0.662
0.304858
0.160412
0.662
0.662
0.662
0.236671
0.662
0.317773
0.1371
0.412734
0.662
0.662
0.184942
0.295588
0.283466
0.27493
0.662
0.662
0.662
0.204582
0.662
0.662
0.164047
0.464188
0.175523
0.251654
0.00138578
0.106698
0.662
0.0369175
0.12117
0.662
0.662
0.209183
0.662
0.220422
0.298828
0.396983
0.391224
0.101288
0.359815
0.662
0.210132
0.662
0.359362
0.580786
0.475948
0.190997
0.604675
0.411953
0.662
0.292085
0.44308
0.662
0.662
0.434659
0.662
0.200137
0.662
0.662
0.305628
0.412124
0.662
0.096848
0.449517
0.586503
0.0920084
0.403706
0.0160523
0.346234
0.163495
0.662
0.662
0.251688
0.662
0.0262388
0.662
0.662
0.285465
0.138675
0.330321
0.185634
0.662
0.163334
0.484442
0.662
0.654757
0.297774
0.143439
0.633694
0.214443
0.662
0.181385
0.255025
0.0977107
0.662
0.402179
0.662
0.662
0.235645
0.662
0.662
0.646446
0.366425
0.662
0.182782
0.266542
0.662
0.662
0.317882
0.662
0.662
0.545171
0.0916497
0.662
0.265487
0.38043
0.264882
0.662
0.662
0.662
0.127687
0.662
0.267346
0.662
0.164111
0.662
0.662
0.380018
0.152201
0.264944
0.662
0.662
0.662
0.662
0.377746
0.55357
0.241077
0.662
0.662
0.662
0.473884
0.662
0.662
0.461062
0.503416
0.12099
0.115207
0.662
0.214758
0.216878
0.095035
0.343493
0.662
0.39351
0.189785
0.318964
0.31541
0.352319
0.0164154
0.662
0.231907
0.275309
0.012568
0.27525
0.662
0.0886256
0.0712502
0.662
0.1102
0.662
0.26168
0.255265
0.662
0.291046
0.39951
0.421238
0.662
0.160223
0.0868275
0.662
0.0938294
0.573723
0.662
0.323385
0.46133
0.250857
0.256998
0.154344
0.0924232
0.18062
0.662
0.662
0.446797
0.403797
0.662
0.659962
0.183326
0.662
0.120837
0.196038
0.662
0.662
0.322271
0.184462
0.662
0.662
0.360795
0.662
0.296867
0.662
0.133842
0.662
0.228285
0.662
0.411406
0.312639
0.262016
0.662
0.161448
0.662
0.662
0.388858
0.631457
0.662
0.662
0.662
0.662
0.569399
0.662
0.662
0.627079
0.662
0.662
0.541521
0.464855
0.501011
0.662
0.662
0.662
0.368941
0.177296
0.403907
0.23301
0.662
0.662
0.151534
0.315201
0.662
0.505402
0.251668
0.292216
0.431309
0.124692
0.662
0.662
0.457818
0.311694
0.662
0.662
0.464717
0.491767
0.262118
0.662
0.32371
0.010324
0.391398
0.379771
0.0625121
0.662
0.662
0.662
0.113216
0.198388
0.662
0.662
0.450742
0.222157
0.362073
0.142749
0.662
0.285969
0.662
0.662
0.122822
0.662
0.214664
0.462591
0.540097
0.662
0.425557
0.662
0.662
0.662
0.32194
0.662
0.314247
0.662
0.295727
0.0562107
0.662
0.446914
0.662
0.391552
0.328342
0.31103
0.458332
0.662
0.339563
0.662
0.662
0.662
0.139551
0.0873862
0.209815
0.45162
0.39727
0.662
0.413809
0.24005
0.662
0.112277
0.189271
0.662
0.662
0.662
0.662
0.0355317
0.662
0.662
0.191962
0.662
0.662
0.250163
0.125235
0.396488
0.6486
0.393622
0.138394
0.27927
0.662
0.138439
0.662
0.0129401
0.662
0.154444
0.259013
0.662
0.662
0.0179934
0.662
0.662
0.649544
0.662
0.261957
0.662
0.365185
0.662
0.359153
0.244683
0.662
0.188526
0.464188
0.228985
0.0698386
0.270029
0.472837
0.33459
0.662
0.662
0.47306
0.0876443
0.662
0.413985
0.43072
0.22325
0.183332
0.629264
0.662
0.525559
0.662
0.328736
0.381394
0.0183183
0.169357
0.662
0.0170413
0.288654
0.281673
0.132196
0.357737
0.662
0.156022
0.650467
0.0184011
0.662
0.662
0.0990174
0.143651
0.662
0.164028
0.0869456
0.662
0.134913
0.216093
0.0656901
0.662
0.662
0.00508462
0.39899
0.662
0.662
0.662
0.662
0.662
0.381948
0.408324
0.444383
0.285039
0.153604
0.662
0.359888
0.662
0.662
0.132655
0.164901
0.288284
0.249018
0.335327
0.337429
0.294137
0.662
0.0813377
0.662
0.272394
0.0485708
0.143982
0.296534
0.662
0.662
0.418582
0.662
0.138962
0.15365
0.662
0.424899
0.296219
0.662
0.662
0.662
0.388045
0.0165584
0.473095
0.288741
0.662
0.396946
0.186642
0.340765
0.0913704
0.662
0.166912
0.662
0.222406
0.662
0.450415
0.662
0.662
0.379203
0.422454
0.237651
0.173506
0.235416
0.662
0.324906
0.662
0.103358
0.476989
0.317241
0.662
0.662
0.555085
0.161325
0.345289
0.416164
0.662
0.662
0.593527
0.416964
0.662
0.058032
0.662
0.110771
0.116281
0.497553
0.262887
0.258845
0.662
0.222973
0.548782
0.440707
0.297648
0.662
0.662
0.662
0.376117
0.00913576
0.0100206
0.361213
0.281312
0.277973
0.662
0.662
0.313338
0.175412
0.00872646
0.662
0.185061
0.181827
0.662
0.0550501
0.662
0.0442669
0.0784673
0.247537
0.662
0.343652
0.42714
0.662
0.0892431
0.662
0.268451
0.0295273
0.213107
0.662
0.662
0.476749
0.662
0.202272
0.662
0.662
0.497766
0.092652
0.0634382
0.114986
0.662
0.114806
0.0509042
0.42758
0.662
0.662
0.0461399
0.362048
0.228557
0.662
0.662
0.316779
0.0504709
0.0577557
0.204875
0.662
0.138686
0.0284063
0.0462506
0.353161
0.662
0.662
0.207589
0.479289
0.199238
0.662
0.230277
0.239758
0.0191218
0.090156
0.531261
0.230707
0.242461
0.108335
0.299257
0.140414
0.662
0.291433
0.662
0.469654
0.662
0.606999
0.367501
0.372886
0.229005
0.338967
0.0490448
0.0695241
0.662
0.134482
0.142345
0.354498
0.662
0.662
0.662
0.19203
0.0979602
0.662
0.1418
0.199039
0.662
0.662
0.234122
0.595986
0.242914
0.116436
0.662
0.471078
0.41772
0.349677
0.123084
0.662
0.0719682
0.662
0.662
0.662
0.293804
0.420237
0.307279
0.662
0.662
0.662
0.188101
0.294661
0.358451
0.662
0.662
0.662
0.362317
0.131488
0.152454
0.335042
0.267366
0.189201
0.357185
0.140026
0.210956
0.662
0.662
0.139341
0.173473
0.662
0.122469
0.662
0.388932
0.381775
0.441164
0.234261
0.662
0.154029
0.627151
0.220748
0.251503
0.662
0.507826
0.662
0.112566
0.502387
0.662
0.662
0.662
0.417556
0.396468
0.662
0.523776
0.662
0.662
0.662
0.0301414
0.432358
0.662
0.230653
0.0937118
0.124753
0.662
0.279266
0.435407
0.202932
0.463273
0.0737399
0.507108
0.662
0.210482
0.662
0.238537
0.378491
0.347524
0.480803
0.662
0.662
0.144785
0.301695
0.662
0.662
0.0840569
0.662
0.0231555
0.662
0.662
0.0677109
0.16419
0.291314
0.615088
0.662
0.232481
0.662
0.662
0.484478
0.277177
0.307929
0.425447
0.015294
0.167139
0.662
0.662
0.320608
0.662
0.662
0.662
0.662
0.290467
0.662
0.0970235
0.662
0.0199001
0.662
0.375315
0.425341
0.662
0.360397
0.662
0.662
0.290356
0.662
0.0546142
0.226769
0.662
0.576163
0.662
0.251388
0.662
0.255686
0.195698
0.30201
0.475482
0.662
0.495093
0.328334
0.346289
0.377582
0.224735
0.442942
0.150115
0.238122
0.662
0.662
0.0717158
0.203316
0.295821
0.662
0.493896
0.392576
0.470589
0.662
0.477612
0.329054
0.315283
0.207833
0.662
0.597735
0.439132
0.0913836
0.662
0.662
0.662
0.505147
0.226297
0.662
0.396263
0.0890973
0.662
0.662
0.662
0.352411
0.269717
0.302679
0.662
0.345596
0.136727
0.317102
0.25966
0.130145
0.15276
0.205393
0.185182
0.423179
0.351482
0.366318
0.398028
0.0835998
0.662
0.662
0.511225
0.476735
0.494791
0.662
0.662
0.258446
0.662
0.662
0.662
0.192945
0.199591
0.662
0.626303
0.662
0.336915
0.611543
0.662
0.166078
0.347263
0.343234
0.662
0.662
0.662
0.662
0.240231
0.0121269
0.192624
0.338752
0.46292
0.204353
0.119513
0.188391
0.662
0.322176
0.295466
0.619801
0.662
0.229878
0.459913
0.197705
0.450083
0.262252
0.0196804
0.662
0.484853
0.203279
0.25141
0.43109
0.662
0.216134
0.629763
0.662
0.638606
0.327417
0.272839
0.662
0.662
0.135144
0.0607769
0.168473
0.41513
0.362692
0.662
0.033275
0.509566
0.0990798
0.605858
0.0723676
0.662
0.453394
0.203575
0.0626417
0.337063
0.154314
0.662
0.0716129
0.662
0.662
0.662
0.283461
0.662
0.662
0.662
0.661077
0.180696
0.439647
0.662
0.662
0.662
0.191238
0.0995053
0.279934
0.662
0.662
0.662
0.662
0.662
0.662
0.662
0.469179
0.662
0.0694866
0.662
0.241362
0.662
0.392288
0.342112
0.662
0.376192
0.662
0.240823
0.400522
0.32073
0.440814
0.617867
0.662
0.190822
0.662
0.215494
0.662
0.265534
0.409144
0.662
0.662
0.662
0.241526
0.397252
0.442462
0.662
0.176883
0.173782
0.662
0.369014
0.419258
0.37243
0.662
0.39852
0.360653
0.662
0.662
0.195219
0.662
0.406324
0.516627
0.318365
0.662
0.662
0.662
0.173968
0.125059
0.662
0.431746
0.662
0.143484
0.662
0.555242
0.00752783
0.1224
0.0105007
0.160153
0.378521
0.440427
0.158687
0.662
0.662
0.326535
0.451135
0.0745529
0.227158
0.231559
0.662
0.662
0.662
0.662
0.662
0.662
0.662
0.315815
0.662
0.547918
0.407707
0.662
0.662
0.662
0.570548
0.662
0.146955
0.195461
0.662
0.662
0.622339
0.335745
0.455596
0.303272
0.324089
0.483218
0.589058
0.194229
0.662
0.320127
0.662
0.0401787
0.42734
0.0356977
0.573926
0.109575
0.180905
0.275917
0.489942
0.329125
0.451052
0.594255
0.662
0.662
0.662
0.662
0.662
0.662
0.662
0.662
0.662
0.662
0.662
0.662
0.662
0.662
0.412301
0.662
0.0599089
0.662
0.260965
0.320886
0.362145
0.432591
0.662
0.578873
0.662
0.425309
0.662
0.0788152
0.196527
0.16391
0.0443465
0.137817
0.662
0.0299445
0.0262339
0.543835
0.348066
0.662
0.0400158
0.305724
0.662
0.40909
0.662
0.662
0.662
0.662
0.662
0.0931547
0.144628
0.0438977
0.662
0.662
0.231084
0.662
0.305481
0.662
0.662
0.351712
0.662
0.471944
0.662
0.231823
0.370607
0.197644
0.328593
0.662
0.662
0.662
0.662
0.662
0.0199662
0.662
0.660294
0.157245
0.331583
0.0933109
0.662
0.662
0.662
0.377215
0.24784
0.662
0.413618
0.662
0.662
0.662
0.133259
0.662
0.662
0.662
0.159695
0.230973
0.476719
0.662
0.662
0.164307
0.558176
0.0888014
0.404724
0.347182
0.662
0.107684
0.274003
0.213444
0.662
0.662
0.662
0.397167
0.204008
0.179226
0.662
0.662
0.221761
0.662
0.450086
0.0886024
0.338406
0.662
0.62727
0.662
0.662
0.568581
0.662
0.646386
0.298293
0.662
0.0199219
0.427074
0.662
0.662
0.662
0.3769
0.275979
0.246274
0.110666
0.37539
0.662
0.22326
0.567442
0.662
0.662
0.476212
0.662
0.662
0.076966
0.331981
0.662
0.110673
0.662
0.493895
0.208536
0.22608
0.662
0.526816
0.243755
0.116469
0.428374
0.246165
0.37031
0.662
0.516488
0.466038
0.636496
0.510639
0.639751
0.0748004
0.662
0.424215
0.082214
0.00424605
0.275669
0.662
0.662
0.212428
0.662
0.662
0.662
0.296456
0.422578
0.662
0.662
0.115407
0.662
0.662
0.662
0.662
0.277071
0.156204
0.325886
0.067046
0.662
0.662
0.372751
0.337373
0.662
0.425564
0.304619
2.87903e-05
0.244308
0.662
0.333565
0.662
0.264479
0.662
0.105344
0.651099
0.369634
0.472611
0.662
0.56435
0.662
0.662
0.160646
0.0592394
0.662
0.375078
0.662
0.662
0.305349
0.662
0.662
0.258439
0.0720209
0.662
0.225346
0.661885
0.662
0.088535
0.662
0.266863
0.662
0.662
0.662
0.585235
0.201059
0.445589
0.0288605
0.389787
0.662
0.400486
0.662
0.0253712
0.662
0.558256
0.197154
0.394901
0.175691
0.662
0.662
0.092925
0.662
0.0689432
0.662
0.184069
0.662
0.221814
0.0855298
0.0748844
0.252586
0.662
0.0892302
0.393254
0.101656
0.00749222
0.662
0.662
0.114539
0.662
0.662
0.496235
0.662
0.438052
0.662
0.662
0.185939
0.662
0.662
0.0881369
0.0344955
0.30328
0.662
0.282774
0.41948
0.662
0.662
0.451355
0.612878
0.662
0.662
0.662
0.662
0.230242
0.042453
0.662
0.662
0.662
0.662
0.0302042
0.662
0.662
0.662
0.303655
0.655072
0.0462349
0.662
0.274602
0.255654
0.605255
0.330023
0.662
0.211475
0.274637
0.662
0.662
0.351804
0.662
0.662
0.662
0.218378
0.370512
0.383045
0.190156
0.662
0.662
0.662
0.371165
0.662
0.29941
0.242532
0.431282
0.662
0.345942
0.659367
0.662
0.662
0.370124
0.662
0.492295
0.16228
0.662
0.203814
0.662
0.148134
0.644115
0.662
0.239587
0.0175001
0.662
0.662
0.0726386
0.662
0.662
0.662
0.0408891
0.662
0.662
0.0437821
0.191529
0.662
0.205428
0.662
0.314392
0.108797
0.531063
0.022097
0.176394
0.274282
0.369047
0.452441
0.130304
0.662
0.303781
0.186622
0.662
0.303631
0.662
0.662
0.662
0.662
0.426418
0.011151
0.662
0.117169
0.23287
0.662
0.128744
0.181925
0.091564
0.269233
0.035688
0.0740674
0.662
0.662
0.662
0.265668
0.182425
0.47173
0.299605
0.219213
0.662
0.662
0.662
0.229289
0.220693
0.437245
0.110009
0.220925
0.436843
0.662
0.266624
0.407
0.462822
0.662
0.662
0.662
0.662
1.76864e-05
0.662
0.164031
0.227643
0.127563
0.475207
0.662
0.662
0.44712
0.123837
0.63674
0.415047
0.662
0.654672
0.662
0.662
0.255735
0.289544
0.549899
0.09301
0.11922
0.0881232
0.662
0.118167
0.142052
0.206634
0.662
0.0106477
0.259937
0.38801
0.0272174
0.0882848
0.0915446
0.662
0.293753
0.662
0.662
0.662
0.662
0.0486991
0.662
0.662
0.662
0.662
0.516838
0.662
0.283823
0.24171
0.662
0.219033
0.662
0.470361
0.662
0.662
0.322198
0.662
0.662
0.662
0.05057
0.393419
0.662
0.662
0.275261
0.336777
0.662
0.65616
0.662
0.11503
0.230003
0.662
0.503473
0.339812
0.166102
0.662
0.639925
0.662
0.482721
0.662
0.131108
0.662
0.662
0.29463
0.117964
0.243457
0.662
0.15002
0.662
0.266486
0.131877
0.00683199
0.662
0.127076
0.0388679
0.386961
0.0233819
0.421396
0.0313805
0.235156
0.148765
0.184375
0.662
0.197009
0.120301
0.376793
0.276333
0.343192
0.662
0.32544
0.662
0.0993697
0.436921
0.20436
0.656595
0.320116
0.662
0.136
0.462219
0.133047
0.152826
0.250798
0.662
0.662
0.662
0.284172
0.662
0.0215876
0.662
0.0710014
0.140391
0.347561
0.54688
0.318226
0.662
0.423756
0.662
0.409085
0.026164
0.662
0.662
0.577247
0.662
0.662
0.212429
0.18411
0.662
0.662
0.662
0.662
0.662
0.183758
0.136794
0.325092
0.185871
0.198782
0.0251387
0.662
0.445795
0.662
0.40721
0.423206
0.37685
0.0610914
0.662
0.472273
0.337313
0.662
0.430699
0.662
0.0412071
0.662
0.333878
0.155212
0.234371
0.581141
0.632191
0.271003
0.186124
0.188161
0.475284
0.662
0.279066
0.224643
0.662
0.662
0.662
0.662
0.267982
0.271839
0.261624
0.307671
0.662
0.662
0.662
0.662
0.592403
0.662
0.00674567
0.137023
0.662
0.231397
0.365588
0.195589
0.208774
0.662
0.662
0.662
0.413441
0.662
0.662
0.662
0.662
0.109428
0.439425
0.662
0.409599
0.129232
0.284038
0.387773
0.0734663
0.313468
0.662
0.101111
0.662
0.662
0.100277
0.662
0.077391
0.468622
0.649799
0.662
0.207467
0.662
0.136248
0.23926
0.258734
0.223271
0.662
0.662
0.351767
0.240686
0.662
0.168533
0.296754
0.464417
0.506407
0.315318
0.662
0.209875
0.662
0.662
0.662
0.577158
0.113876
0.662
0.662
0.63339
0.308225
0.14453
0.662
0.662
0.662
0.560723
0.662
0.570638
0.0103074
0.314855
0.215076
0.319832
0.662
0.662
0.662
0.662
0.0656504
0.362958
0.195369
0.368031
0.662
0.458127
0.662
0.346809
0.0509489
0.565453
0.200628
0.662
0.297719
0.662
0.662
0.662
0.662
0.11476
0.491224
0.0400225
0.0597176
0.662
0.381414
0.00868092
0.262977
0.662
0.662
0.0539571
0.226659
0.662
0.662
0.252094
0.662
0.662
0.169657
0.662
0.662
0.332463
0.267716
0.202499
0.227023
0.157489
0.662
0.662
0.662
0.662
0.559544
0.411773
0.662
0.260313
0.179803
0.662
0.36055
0.662
0.277419
0.0620678
0.551182
0.170589
0.662
0.196518
0.662
0.662
0.643411
0.0231877
0.468329
0.662
0.662
0.662
0.153663
0.436686
0.546225
0.0470712
0.662
0.45282
0.215854
0.259842
0.237444
0.185495
0.257372
0.18823
0.0578891
0.317718
0.662
0.662
0.343253
0.447085
0.662
0.259864
0.662
0.662
0.536292
0.285672
0.310438
0.457595
0.662
0.586883
0.27044
0.662
0.102957
0.662
0.0875663
0.342097
0.220897
0.241882
0.662
0.300116
0.662
0.422356
0.662
0.662
0.0696254
0.662
0.662
0.182029
0.157309
0.365644
0.662
0.662
0.662
0.662
0.662
0.63121
0.0777305
0.382749
0.0942014
0.662
0.159363
0.587411
0.662
0.662
0.173166
0.662
0.560161
0.662
0.662
0.386186
0.294357
0.345562
0.662
0.385075
0.255015
0.662
0.662
0.662
0.360903
0.0502481
0.359691
0.0450586
0.223724
0.662
0.33426
0.33899
0.662
0.379049
0.25393
0.662
0.662
0.258284
0.425094
0.195955
0.207344
0.662
0.662
0.192529
0.415898
0.662
0.662
0.662
0.658523
0.185131
0.662
0.463815
0.357445
0.155954
0.445942
0.662
0.184239
0.662
0.560558
0.311259
0.430918
0.662
0.662
0.40189
0.662
0.662
0.336696
0.153318
0.662
0.662
0.662
0.662
0.662
0.662
0.269253
0.361051
0.372392
0.3361
0.368041
0.662
0.109621
0.374626
0.638019
0.662
0.335252
0.0658232
0.236422
0.662
0.662
0.229796
0.452256
0.446042
0.662
0.18303
0.662
0.483384
0.567445
0.624883
0.0778092
0.252179
0.253477
0.1872
0.131357
0.662
0.662
0.662
0.662
0.408235
0.662
0.267898
0.51792
0.196347
0.662
0.384994
0.248841
0.150383
0.325706
0.389645
0.277766
0.662
0.460892
0.384264
0.199547
0.121866
0.662
0.0527711
0.345401
0.662
0.662
0.450673
0.396183
0.195681
0.662
0.402871
0.274233
0.662
0.598933
0.662
0.30836
0.297653
0.273979
0.662
0.662
0.296567
0.143705
0.475171
0.463123
0.0608532
0.662
0.0510291
0.662
0.662
0.443242
0.662
0.14617
0.139192
0.407441
0.114428
0.300143
0.662
0.596384
0.0372367
0.0682567
0.345165
0.211967
0.177547
0.461968
0.662
0.662
0.288069
0.662
0.0126702
0.662
0.662
0.434023
0.662
0.228478
0.287513
0.149496
0.211761
0.662
0.317672
0.662
0.173989
0.662
0.662
0.470703
0.301819
0.142251
0.260042
0.662
0.245464
0.43954
0.662
0.662
0.507454
0.479147
0.662
0.419805
0.662
0.662
0.474196
0.662
0.662
0.662
0.492541
0.254419
0.24609
0.265242
0.662
0.662
0.343173
0.126332
0.641887
0.2487
0.662
0.274372
0.662
0.289718
0.662
0.269237
0.484318
0.0970712
0.662
0.662
0.662
0.637044
0.662
0.662
0.662
0.198077
0.292069
0.309849
0.662
0.250622
0.251047
0.198822
0.662
0.18356
0.662
0.662
0.662
0.662
0.30736
0.662
0.232931
0.662
0.113139
0.271338
0.662
0.598921
0.451473
0.564678
0.662
0.662
0.505485
0.662
0.662
0.637754
0.662
0.662
0.662
0.662
0.321426
0.662
0.358118
0.460685
0.196726
0.662
0.389005
0.411305
0.000746836
0.0445464
0.166313
0.157202
0.405737
0.662
0.514456
0.662
0.662
0.563645
0.386563
0.544653
0.469821
0.662
0.426747
0.662
0.662
0.231221
0.662
0.662
0.662
0.662
0.305988
0.662
0.186001
0.662
0.662
0.236378
0.393914
0.662
0.242502
0.662
0.47011
0.662
0.662
0.662
0.662
0.167713
0.368821
0.327554
0.169208
0.662
0.232353
0.662
0.662
0.662
0.103848
0.190355
0.662
0.662
0.209465
0.60366
0.662
0.271524
0.334549
0.662
0.662
0.662
0.27285
0.662
0.662
0.428238
0.316403
0.326989
0.662
0.223045
0.278886
0.305918
0.0425811
0.0620973
0.662
0.633694
0.662
0.662
0.662
0.662
0.662
0.196901
0.365635
0.662
0.428018
0.662
0.662
0.327957
0.218454
0.412924
0.638837
0.237607
0.548535
0.662
0.662
0.662
0.662
0.662
0.0422074
0.662
0.0673148
0.203354
0.662
0.189631
0.662
0.662
0.573457
0.662
0.106025
0.662
0.662
0.662
0.662
0.662
0.31726
0.535198
0.662
0.0800033
0.187443
0.662
0.564576
0.36676
0.662
0.662
0.662
0.662
0.662
0.131868
0.344322
0.0170918
0.146741
0.0299091
0.662
0.177256
0.662
0.345348
0.464928
0.662
0.234281
0.202193
0.424379
0.541351
0.541438
0.244989
0.662
0.249903
0.662
0.115499
0.34274
0.662
0.662
0.129737
0.662
0.278623
0.662
0.662
0.662
0.534939
0.3647
0.0760829
0.181989
0.662
0.317986
0.662
0.313992
0.662
0.336634
0.612536
0.29155
0.329649
0.662
0.216345
0.330607
0.437973
0.662
0.317785
0.394688
0.662
0.367242
0.0492879
0.118276
0.662
0.229572
0.222576
0.662
0.0973784
0.662
0.442103
0.157238
0.662
0.461142
0.175778
0.227466
0.335809
0.662
0.662
0.442661
0.477544
0.230461
0.184691
0.662
0.55954
0.188559
0.662
0.662
0.465718
0.0448388
0.595277
0.0898804
0.145277
0.595516
0.662
0.459056
0.570523
0.662
0.662
0.662
0.416499
0.662
0.662
0.613133
0.157535
0.662
0.336579
0.428637
0.662
0.662
0.662
0.662
0.662
0.2285
0.662
0.451288
0.662
0.205308
0.662
0.14162
0.160091
0.0130006
0.426842
0.00859084
0.662
0.322807
0.618773
0.3023
0.42696
0.662
0.662
0.400748
0.662
0.320823
0.280282
0.662
0.662
0.166476
0.443127
0.161406
0.549853
0.295482
0.662
0.209949
0.171392
0.391794
0.557977
0.325025
0.662
0.418835
0.141761
0.204296
0.662
0.662
0.662
0.662
0.662
0.479049
0.57066
0.662
0.662
0.142806
0.420878
0.188663
0.266765
0.248545
0.294969
0.662
0.662
0.052469
0.505839
0.662
0.21298
0.662
0.662
0.100993
0.325259
0.279439
0.587519
0.0785862
0.420653
0.265074
0.176575
0.662
0.326342
0.453427
0.662
0.662
0.400901
0.133114
0.662
0.358006
0.662
0.356222
0.478451
0.662
0.662
0.647026
0.662
0.662
0.451738
0.430659
0.498942
0.312454
0.220847
0.662
0.376139
0.325454
0.662
0.460414
0.0318085
0.214011
0.662
0.662
0.659271
0.662
0.0466889
0.355959
0.203629
0.159951
0.343643
0.629044
0.522795
0.662
0.662
0.621859
0.662
0.662
0.662
0.662
0.662
0.662
0.662
0.662
0.359947
0.27564
0.662
0.0720435
0.662
0.662
0.0868906
0.334868
0.321229
0.393633
0.21651
0.662
0.371225
0.193561
0.371456
0.44833
0.20636
0.453048
0.662
0.412777
0.0431582
0.662
0.659208
0.431997
0.263813
0.170411
0.662
0.662
0.416638
0.662
0.412666
0.255356
0.0716526
0.0833291
0.436482
0.662
0.466994
0.453209
0.662
0.229906
0.218923
0.154252
0.662
0.662
0.469203
0.662
0.422169
0.662
0.633082
0.128964
0.146137
0.662
0.662
0.0686093
0.147285
0.381906
0.662
0.662
0.196334
0.322811
0.662
0.662
0.0930001
0.405792
0.628607
0.339022
0.222413
0.523127
0.662
0.662
0.662
0.662
0.0581481
0.256485
0.287611
0.344732
0.205407
0.662
0.440551
0.114302
0.181802
0.452243
0.0683662
0.662
0.207445
0.662
0.662
0.662
0.662
0.662
0.332417
0.158112
0.18608
0.4644
0.207469
0.195491
0.0387624
0.263929
0.216506
0.0176065
0.662
0.376758
0.427577
0.662
0.172029
0.152895
0.266929
0.251084
0.496751
0.434625
0.662
0.185154
0.230843
0.0480073
0.160082
0.0903685
0.311328
0.12912
0.416514
0.662
0.0563294
0.662
0.572069
0.398986
0.662
0.0676472
0.454253
0.662
0.403477
0.662
0.394136
0.347493
0.662
0.1683
0.662
0.662
0.272104
0.141318
0.22777
0.4317
0.662
0.280177
0.662
0.551843
0.662
0.662
0.11351
0.324459
0.662
0.662
0.225607
0.211823
0.662
0.662
0.556974
0.178862
0.390048
0.103467
0.227249
0.662
0.363721
0.662
0.662
0.662
0.662
0.662
0.662
0.662
0.195923
0.662
0.20429
0.0793799
0.59097
0.662
0.662
0.662
0.487732
0.32968
0.0284051
0.507012
0.355665
0.461119
0.521293
0.662
0.0128653
0.191785
0.662
0.584982
0.319454
0.109568
0.662
0.15454
0.288387
0.420099
0.151892
0.662
0.43466
0.346813
0.435433
0.662
0.662
0.662
0.662
0.47038
0.662
0.662
0.662
0.662
0.662
0.077876
0.662
0.189256
0.113134
0.47483
0.662
0.381968
0.662
0.662
0.662
0.0744654
0.662
0.0939313
0.174313
0.662
0.662
0.418591
0.662
0.662
0.662
0.215974
0.662
0.602591
0.662
0.313105
0.366304
0.662
0.272736
0.130293
0.522782
0.662
0.662
0.662
0.662
0.471561
0.662
0.662
0.662
0.0150841
0.662
0.0910942
0.662
0.433076
0.662
0.17753
0.406514
0.189803
0.400649
0.477232
0.384235
0.283868
0.560796
0.662
0.662
0.362497
0.662
0.662
0.662
0.170692
0.419981
0.213258
0.662
0.662
0.151979
0.0154613
0.0747583
0.662
0.102151
0.40419
0.662
0.662
0.662
0.662
