0.662
0.410523
0.662
0.00964761
0.114182
0.662
0.0455903
0.535934
0.373971
0.0939863
0.662
0.444755
0.490173
0.662
0.35829
0.461837
0.662
0.169843
0.203918
0.109238
0.266375
0.585486
0.662
0.186694
0.662
0.556507
0.532328
0.662
0.662
0.624007
0.121515
0.252621
0.354546
0.172024
0.662
0.662
0.662
0.177155
0.076376
0.662
0.196941
0.662
0.0815309
0.580616
0.662
0.175794
0.558601
0.0849393
0.662
0.103504
0.348549
0.662
0.430302
0.524146
0.558049
0.437687
0.231621
0.281594
0.61287
0.662
0.662
0.643334
0.662
0.662
0.47251
0.0324595
0.662
0.125693
0.408232
0.185023
0.345634
0.662
0.662
0.269263
0.662
0.360061
0.389036
0.662
0.29808
0.064634
0.398822
0.521879
0.0315034
0.662
0.662
0.199695
0.0873204
0.662
0.662
0.661374
0.242994
0.644135
0.42377
0.662
0.157061
0.662
0.662
0.221143
0.608787
0.14917
0.662
0.372892
0.662
0.662
0.277781
0.308353
0.423501
0.233886
0.39178
0.288852
0.193755
0.561228
0.662
0.13293
0.35185
0.662
0.600707
0.656014
0.335741
0.192958
0.622736
0.346894
0.662
0.191055
0.662
0.302037
0.662
0.612813
0.0594684
0.605453
0.57593
0.374029
0.476461
0.189803
0.662
0.662
0.662
0.662
0.107954
0.223736
0.662
0.369195
0.584448
0.662
0.131799
0.208956
0.361226
0.216669
0.220133
0.662
0.662
0.281311
0.406666
0.662
0.268482
0.483206
0.0912001
0.0360981
0.614647
0.662
0.662
0.662
0.116529
0.551859
0.177305
0.423818
0.662
0.0742311
0.662
0.60653
0.662
0.415705
0.19716
0.662
0.152184
0.662
0.662
0.315483
0.662
0.469661
0.662
0.552451
0.662
0.243576
0.00243858
0.0396389
0.251991
0.646108
0.469057
0.356711
0.662
0.609443
0.283388
0.366842
0.662
0.250972
0.301137
0.616911
0.348189
0.277823
0.253816
0.662
0.662
0.662
0.521709
0.662
0.0381686
0.222178
0.644801
0.560983
0.00604369
0.275935
0.167503
0.303828
0.445602
0.194509
0.348406
0.22272
0.0119818
0.0284802
