0.662
0.662
0.268304
0.23635
0.310743
0.529511
0.240396
0.0234631
0.662
0.662
0.662
0.208232
0.474593
0.294684
0.294949
0.314839
0.662
0.333515
0.396582
0.287483
0.330648
0.576695
0.471199
0.399484
0.238986
0.662
0.662
0.662
0.662
0.117649
0.295031
0.244059
0.662
0.318143
0.662
0.128375
0.555378
0.662
0.108341
0.662
0.226402
0.317203
0.536195
0.636271
0.390523
0.194805
0.0458733
0.640107
0.444634
0.28203
0.662
0.469646
0.178093
0.662
0.662
0.192318
0.0882513
0.41475
0.357615
0.662
0.304466
0.343096
0.102176
0.119284
0.662
0.235556
0.46558
0.662
0.662
0.279312
0.638632
0.309387
0.626863
0.447481
0.662
0.425147
0.364969
0.1997
0.662
0.662
0.165634
0.662
0.208562
0.662
0.662
0.190306
0.662
0.413704
0.662
0.274063
0.420298
0.643012
0.662
0.662
0.662
0.662
0.220944
0.662
0.662
0.662
0.421372
0.141127
0.578112
0.662
0.330381
0.167691
0.593602
0.501878
0.662
0.503431
0.211263
0.662
0.662
0.168599
0.187158
0.280914
0.662
0.0559749
0.315818
0.186649
0.47838
0.553091
0.662
0.662
0.381478
0.0667853
0.45897
0.322603
0.236913
0.274872
0.0938424
0.200603
0.383546
0.662
0.208677
0.552617
0.662
0.662
0.234484
0.155963
0.53987
0.438071
0.444412
0.662
0.186093
0.662
0.662
0.180277
0.491788
0.206055
0.222203
0.15581
0.662
0.586181
0.662
0.240231
0.0687878
0.341327
0.146335
0.351699
0.662
0.662
0.662
0.332095
0.053205
0.0442007
0.507943
0.182893
0.311973
0.291806
0.662
0.662
0.522111
0.601377
0.662
0.662
0.353324
0.424521
0.448096
0.185857
0.185257
0.382857
0.662
0.541431
0.612127
0.149066
0.662
0.662
0.396729
0.0185119
0.24262
0.417336
0.378294
0.662
0.34211
0.138739
0.337798
0.0938685
0.11688
0.662
0.238631
0.662
0.104829
0.230583
0.299297
0.239151
0.328333
0.424891
0.326017
0.37573
0.662
0.184232
0.662
0.438507
0.109549
0.249134
0.566153
0.0506773
0.662
0.662
0.662
0.378801
0.153461
0.0623489
0.654558
0.464837
0.662
0.662
0.659087
0.353121
0.495228
0.304753
0.177346
0.288309
0.662
0.662
0.662
0.537828
0.248895
0.534417
0.0560285
0.662
0.662
0.662
0.662
0.0840493
0.150401
0.662
0.662
0.662
0.0259627
0.662
0.662
0.175086
0.0964458
0.058435
0.662
0.662
0.0413567
0.593922
0.355266
0.049242
0.216393
0.662
0.662
0.662
0.662
0.0431007
0.204857
0.662
0.0956105
0.662
0.292987
0.18768
0.287907
0.662
0.46669
0.534463
0.662
0.214391
0.0783105
0.350279
0.117182
0.662
0.359346
0.662
0.152213
0.0757563
0.108415
0.662
0.662
0.662
0.662
0.582505
0.254274
0.538613
0.662
0.172596
0.260373
0.138781
0.201415
0.662
0.0567406
0.662
0.385765
0.242108
0.229813
0.662
0.662
0.662
0.230688
0.435685
0.662
0.241405
0.662
0.191039
0.662
0.168186
0.390933
0.662
0.662
0.255107
0.662
0.056153
0.662
0.111918
0.662
0.628765
0.662
0.662
0.480528
0.385446
0.469663
0.662
0.0516564
0.662
0.662
0.627644
0.662
0.662
0.616888
0.662
0.524999
0.11324
0.23824
0.538241
0.44314
0.0566106
0.633218
0.662
0.653626
0.238763
0.662
0.662
0.521879
0.575854
0.662
0.662
0.662
0.0536106
0.0265251
0.662
0.0871116
0.662
0.29283
0.662
0.0024309
0.662
0.0388279
0.105875
0.662
0.479043
0.204954
0.0625759
0.44586
0.113824
0.662
0.662
0.193424
0.483194
0.525089
0.239745
0.662
0.662
0.26963
0.662
0.473542
0.662
0.662
0.636649
0.662
0.662
0.216859
0.662
0.662
0.356317
0.508951
0.017735
0.662
0.430811
0.266239
0.192028
0.662
0.0910805
0.15115
0.193484
0.639676
0.259488
0.307589
0.371318
0.662
0.0624944
0.295618
0.662
0.662
0.662
0.0133552
0.662
0.181493
0.443224
0.330087
0.662
0.0886856
0.208033
0.141425
0.431082
0.662
0.311422
0.200374
0.192503
0.662
0.3598
0.09519
0.531052
0.444714
0.662
0.343776
0.662
0.662
0.662
0.189825
0.291963
0.579568
0.662
0.159407
0.626205
0.662
0.457586
0.354304
0.662
0.662
0.388671
0.662
0.457522
0.662
0.203128
0.125808
0.537903
0.662
0.570416
0.434728
0.662
0.0145962
0.448481
0.327392
0.662
0.662
0.201678
0.0729758
0.383446
0.214259
0.619473
0.416675
0.662
0.129701
0.661913
0.137648
0.144558
0.662
0.336517
0.662
0.276817
0.335238
0.292791
0.662
0.369738
0.662
0.548262
0.662
0.485791
0.662
0.662
0.662
0.340298
0.246011
0.395478
0.662
0.075967
0.633861
0.0693309
0.462842
0.662
0.330464
0.38368
0.657037
0.662
0.253844
0.497649
0.266276
0.662
0.662
0.221449
0.289341
0.662
0.254573
0.10953
0.662
0.0248656
0.662
0.499619
0.344488
0.248875
0.662
0.11184
0.662
0.662
0.177401
0.16299
0.662
0.662
0.168251
0.662
0.662
0.662
0.151268
0.662
0.299389
0.228569
0.662
0.662
0.662
0.662
0.662
0.662
0.662
0.247576
0.10335
0.281028
0.559984
0.662
0.0306353
0.662
0.203957
0.662
0.163263
0.424947
0.662
0.29241
0.662
0.346785
0.662
0.159792
0.100118
0.21423
0.27495
0.035336
0.385828
0.00631207
0.116731
0.0798059
0.392224
0.548395
0.352027
0.439081
0.662
0.662
0.328944
0.300237
0.345979
0.662
0.662
0.0122451
0.662
0.662
0.662
0.662
0.448776
0.057309
0.334281
0.388435
0.120342
0.408098
0.662
0.662
0.662
0.551429
0.662
0.134927
0.0244106
0.349983
0.662
0.113994
0.165119
0.219839
0.0499769
0.662
0.662
0.662
0.319258
0.472615
0.228359
0.210953
0.662
0.211508
0.662
0.662
0.662
0.229081
0.662
0.662
0.307478
0.44325
0.662
0.188956
0.343428
0.662
0.505192
0.0840001
0.404586
0.246907
0.662
0.662
0.0888448
0.185826
0.662
0.584999
0.586511
0.0982289
0.10088
0.122189
0.59217
0.01171
0.399831
0.0225955
0.369831
0.592582
0.346156
0.336327
0.662
0.662
0.557084
0.662
0.0495948
0.656773
0.403274
0.662
0.662
0.409276
0.662
0.662
0.662
0.364572
0.348339
0.553305
0.662
0.114679
0.587195
0.445438
0.395678
0.470707
0.370139
0.142368
0.643224
0.169018
0.255089
0.662
0.662
0.60956
0.0182716
0.35119
0.230425
0.0789189
0.662
0.392347
0.662
0.624734
0.52456
0.00134066
0.390714
0.245011
0.40163
0.118121
0.572905
0.662
0.662
0.294344
0.472292
0.148414
0.476812
0.0120155
0.206767
0.662
0.662
0.191602
0.569727
0.662
0.662
0.662
0.662
0.626642
0.662
0.584931
0.261732
0.107205
0.368911
0.635463
0.289088
0.662
0.322517
0.0595904
0.0265069
0.662
0.0731138
0.662
0.468828
0.233377
0.662
0.662
0.264152
0.596225
0.302947
0.662
0.308234
0.618751
0.585603
0.439064
0.271977
0.662
0.378186
0.662
0.0490026
0.293036
0.662
0.662
0.162467
0.599358
0.442043
0.040354
0.662
0.531038
0.662
0.0579796
0.224384
0.597553
0.662
0.472041
0.541624
0.436398
0.662
0.459439
0.662
0.479571
0.160588
0.662
0.406432
0.35363
0.456964
0.228857
0.662
0.662
0.662
0.285773
0.269858
0.662
0.662
0.662
0.662
0.0217418
0.662
0.662
0.505126
0.180006
0.662
0.244994
0.662
0.238493
0.0167848
0.662
0.633694
0.26157
0.239623
0.662
0.465958
0.347983
0.662
0.456335
0.662
0.662
0.167699
0.439859
0.166652
0.662
0.435285
0.662
0.383382
0.21182
0.643207
0.432242
0.662
0.662
0.662
0.550089
0.629887
0.198344
0.603818
0.662
0.418509
0.250442
0.0467914
0.662
0.278863
0.662
0.622085
0.662
0.300272
0.359441
0.662
0.208037
0.662
0.156949
0.436907
0.662
0.621867
0.662
0.40573
0.662
0.0235049
0.494851
0.662
0.341375
0.348821
0.395581
0.662
0.662
0.268254
0.380568
0.203288
0.396264
0.662
0.0947931
0.328335
0.398337
0.370826
0.662
0.202335
0.662
0.549053
0.202341
0.662
0.662
0.184105
0.459746
0.308607
0.482579
0.662
0.662
0.416716
0.575773
0.49889
0.662
0.662
0.188316
0.662
0.662
0.662
0.117927
0.488005
0.362956
0.662
0.338932
0.662
0.662
0.0251845
0.288486
0.25794
0.605163
0.190743
0.0753118
0.2382
0.315515
0.662
0.631599
0.662
0.553383
0.0966091
0.662
0.226609
0.662
0.662
0.336193
0.217819
0.662
0.135296
0.196302
0.662
0.662
0.278245
0.662
0.293629
0.662
0.187419
0.471165
0.662
0.563786
0.476461
0.0256902
0.662
0.100807
0.662
0.662
0.0573717
0.248759
0.662
0.251852
0.304848
0.283085
0.0871571
0.286311
0.388768
0.22938
0.227536
0.662
0.160978
0.662
0.253124
0.217709
0.662
0.302753
0.131281
0.662
0.62897
0.269803
0.651393
0.217288
0.248872
0.662
0.662
0.294608
0.496837
0.165819
0.242998
0.174184
0.337143
0.16984
0.662
0.435804
0.0118712
0.662
0.153881
0.662
0.0528488
0.585247
0.639741
0.662
0.662
0.662
0.662
0.049112
0.629406
0.662
0.533357
0.376565
0.585775
0.169893
0.483679
0.321263
0.662
0.247147
0.169356
0.662
0.228719
0.662
0.392927
0.662
0.276219
0.322297
0.662
0.029657
0.662
0.513753
0.662
0.0971707
0.662
0.0981368
0.662
0.390586
0.662
0.185814
0.0988667
0.183413
0.545096
0.293123
0.618402
0.20389
0.550251
0.174351
0.662
0.662
0.614578
0.662
0.241906
0.662
0.589755
0.662
0.646376
0.662
0.481854
0.662
0.575656
0.493031
0.662
0.195171
0.662
0.662
0.662
0.662
0.423655
0.0576132
0.257132
0.086638
0.662
0.03358
0.662
0.349685
0.244121
0.662
0.662
0.194965
0.662
0.223586
0.0347756
0.662
0.662
0.662
0.662
0.480038
0.296924
0.662
0.444501
0.193846
0.662
0.662
0.662
0.0317678
0.662
0.288565
0.0373516
0.26368
0.385156
0.662
0.662
0.321198
0.662
0.662
0.109967
0.662
0.226561
0.662
0.341711
0.494547
0.662
0.662
0.662
0.336577
0.235572
0.662
0.0565854
0.117033
0.481884
0.369966
0.662
0.187409
0.645821
0.122688
0.662
0.117752
0.438731
0.268724
0.662
0.620222
0.127678
0.610212
0.312304
0.662
0.197854
0.0797853
0.140678
0.150133
0.0903426
0.225448
0.662
0.271424
0.0931481
0.662
0.0827602
0.273823
0.662
0.625337
0.662
0.244531
0.259073
0.662
0.290911
0.124318
0.082922
0.443904
0.277805
0.662
0.071359
0.192993
0.420578
0.435557
0.587493
0.286415
0.322216
0.662
0.253947
0.224918
0.662
0.322769
0.34109
0.662
0.396468
0.372191
0.322883
0.0915428
0.64846
0.197928
0.662
0.651413
