0.4543
0.662
0.428951
0.16702
0.523914
0.662
0.12716
0.467777
0.0784869
0.135651
0.332659
0.662
0.107014
0.141148
0.454941
0.3778
0.0681819
0.220526
0.235876
0.662
0.662
0.662
0.135423
0.196503
0.425791
0.375468
0.363375
0.539163
0.241637
0.662
0.662
0.171572
0.452844
0.662
0.0746249
0.662
0.406896
0.204329
0.0580189
0.484602
0.170013
0.555628
0.662
0.661027
0.598346
0.662
0.481222
0.662
0.0215353
0.662
0.662
0.439607
0.00360765
0.0440216
0.608447
0.559259
0.662
0.0342528
0.662
0.662
0.222449
0.662
0.0909474
0.662
0.107149
0.662
0.141445
0.657624
0.18467
0.662
0.662
0.0908085
0.573721
0.64866
0.00842663
0.211026
0.662
0.234462
0.409302
0.304525
0.662
0.0468388
0.662
0.662
0.149591
0.148276
0.662
0.0252268
0.142104
0.113982
0.417277
0.168555
0.662
0.0172691
0.209184
0.662
0.662
0.305358
0.525505
0.465556
0.228254
0.417363
0.662
0.495686
0.555367
0.662
0.2478
0.662
0.53462
0.537524
0.42188
0.662
0.662
0.662
0.662
0.662
0.224839
0.293094
0.284502
0.124802
0.662
0.0737163
0.213714
0.463419
0.421984
0.00282434
0.662
0.661877
0.372616
0.662
0.662
0.662
0.0409023
0.0205485
0.242751
0.662
0.662
0.662
0.229372
0.227999
0.0438845
0.362071
0.492963
0.410003
0.364429
0.193513
0.363203
0.615106
0.274128
0.238486
0.662
0.484742
0.052441
0.657836
0.186409
0.318934
0.105016
0.193648
0.111703
0.404766
0.662
0.662
0.638951
0.295582
0.0276791
0.662
0.662
0.662
0.00999562
0.662
0.203963
0.662
0.436949
0.662
0.662
0.123903
0.222145
0.449444
0.184774
0.239655
0.567653
0.6264
0.188229
0.662
0.662
0.662
0.0423657
0.13933
0.201561
0.0787115
0.662
0.662
0.460631
0.662
0.260844
0.0901399
0.118792
0.121279
0.24106
0.662
0.0257595
0.662
0.398484
0.542427
0.662
0.662
0.252598
0.390045
0.448702
0.454932
0.662
0.408978
0.662
0.662
0.662
0.372107
0.662
0.395935
0.662
0.662
0.40974
0.598377
0.662
0.165102
0.662
0.00667666
0.662
0.130153
0.199593
0.241349
0.662
0.662
0.173852
0.246486
0.662
0.662
0.210808
0.597388
0.662
0.189572
0.350747
0.320649
0.467266
0.392706
0.384715
0.662
0.0722039
0.662
0.391952
0.662
0.633391
0.662
0.229136
0.263815
0.662
0.33188
0.221174
0.662
0.662
0.208151
0.662
0.326168
0.00843325
0.63339
0.662
0.152741
0.662
0.662
0.64934
0.662
0.406533
0.602719
0.662
0.38773
0.352056
0.467851
0.163392
0.118931
0.662
0.457526
0.137917
0.432074
0.123237
0.346129
0.31831
0.129781
0.0842073
0.0496094
0.340298
0.0858955
0.662
0.662
0.662
0.348301
0.0245719
0.662
0.0439596
0.199776
0.624599
0.32353
0.299816
0.662
0.555023
0.477803
0.286601
0.662
0.515217
0.0333048
0.29582
0.662
0.326535
0.312468
0.662
0.662
0.662
0.662
0.362896
0.629455
0.17682
0.662
0.378789
0.662
0.658765
0.450203
0.61144
0.662
0.433982
0.235009
0.662
0.069713
0.436831
0.662
0.0757373
0.4105
0.418614
0.192939
0.662
0.347484
0.662
0.103139
0.356162
0.558768
0.585831
0.662
0.662
0.223782
0.253963
0.662
0.349152
0.173347
0.177718
0.662
0.499137
0.644492
0.268769
0.662
0.615209
0.461223
