0.662
0.662
0.662
0.662
0.662
0.662
0.340857
0.662
0.245407
0.187667
0.662
0.137714
0.233548
0.547321
0.193093
0.0433646
0.662
0.662
0.662
0.530341
0.662
0.221594
0.547602
0.357931
0.638944
0.308353
0.662
0.662
0.662
0.662
0.662
0.565262
0.245529
0.537537
0.513974
0.225706
0.197474
0.662
0.586949
0.387854
0.11437
0.291633
0.196883
0.298239
0.296491
0.662
0.254326
0.440312
0.0425556
0.293421
0.513811
0.662
0.59587
0.645019
0.112276
0.340674
0.00675111
0.662
0.319099
0.247232
0.0820396
0.260124
0.105589
0.20971
0.266329
0.662
0.662
0.545975
0.126628
0.607435
0.465306
0.293835
0.0954545
0.662
0.662
0.236853
0.10329
0.662
0.662
0.4432
0.662
0.324243
0.0285435
0.662
0.662
0.662
0.662
0.662
0.44225
0.100589
0.0598898
0.449959
0.262302
0.662
0.662
0.662
0.662
0.662
0.640258
0.662
0.359448
0.536865
0.223624
0.662
0.118242
0.526517
0.36137
0.662
0.652367
0.0530372
0.0713097
0.629133
0.662
0.545414
0.662
0.407826
0.469175
0.662
0.203654
0.662
0.464051
0.239118
0.662
0.22436
0.542652
0.632343
0.662
0.662
0.06905
0.662
0.0612943
0.083244
0.0115534
0.36959
0.115413
0.425545
0.314844
0.662
0.662
0.183716
0.541914
0.348349
0.255849
0.412563
0.000445082
0.326812
0.26178
0.502238
0.662
0.241758
0.662
0.464046
0.662
0.662
0.232073
0.662
0.388642
0.252712
0.57027
0.232146
0.662
0.662
0.311354
0.244253
0.433516
0.191309
0.295868
0.662
0.0508605
0.279675
0.420342
0.662
0.662
0.185421
0.662
0.287891
0.662
0.361226
0.662
0.626784
0.662
0.0186662
0.226367
0.662
0.448334
0.440688
0.223518
0.248924
0.0553159
0.662
0.436895
0.166664
0.662
0.662
0.151673
0.540155
0.462396
0.0158916
0.311877
0.253816
0.662
0.350093
0.662
0.159405
0.201985
0.41859
0.213946
0.662
0.0565089
0.662
0.133722
0.312965
0.133576
0.662
0.477954
0.662
0.435737
0.662
0.126628
0.662
0.189708
0.662
0.189851
0.0202641
0.495885
0.0667682
0.308773
0.190939
0.662
0.580429
0.642564
0.662
0.662
0.662
0.441127
0.662
0.662
0.442814
0.640996
0.662
0.310344
0.137587
0.413676
0.356769
0.662
0.0229225
0.662
0.170877
0.641549
0.290814
0.114844
0.461789
0.629763
0.382925
0.613992
0.662
0.662
0.662
0.118248
0.662
0.662
0.319965
0.601509
0.27281
0.662
0.662
0.662
0.327883
0.662
0.433205
0.662
0.305018
0.256595
0.372254
0.507299
0.662
0.363997
0.18056
0.385305
0.167145
0.465786
0.543806
0.642382
0.279145
0.662
0.662
0.600894
0.662
0.00932058
0.662
0.273302
0.662
0.399134
0.234693
0.0031754
0.308422
0.662
0.569567
0.662
0.16154
0.662
0.361734
0.00964761
0.50325
0.244937
0.662
0.481613
0.409957
0.662
0.200413
0.662
0.20836
0.662
0.631398
0.662
0.662
0.0424604
0.497149
0.556584
0.662
0.391689
0.561228
0.662
0.662
0.662
0.601511
0.653928
0.662
0.662
0.162484
0.119251
0.364989
0.081484
0.662
0.338711
0.312246
0.356692
0.662
0.652652
0.141113
0.400089
0.614647
0.508267
0.440534
0.662
0.662
0.662
0.137962
0.662
0.662
0.475439
0.655688
0.332208
0.154792
0.662
0.342735
0.662
0.568744
0.415093
0.662
0.0562287
0.662
0.119792
0.150815
0.0639585
0.197737
0.549314
0.0686734
0.662
0.39127
0.105427
0.472105
0.193479
0.662
0.617175
0.662
0.080569
0.305053
0.214504
0.662
0.662
0.355189
0.298597
0.0275458
0.662
0.662
0.662
0.662
0.404121
0.662
0.662
0.662
0.0639358
0.310765
0.662
0.662
0.662
0.29808
0.231814
0.662
0.272964
0.662
0.662
0.437365
0.662
0.662
0.020472
0.262423
0.662
0.223736
0.374029
0.391676
0.587114
0.395924
0.662
0.662
0.481162
0.15656
0.476461
0.115231
0.460671
0.662
0.662
0.662
0.662
0.396692
0.148
0.662
0.662
0.662
0.399916
0.662
0.662
0.277014
