0.543606
0.506609
0.11324
0.662
0.662
0.662
0.662
0.662
0.222205
0.348821
0.109967
0.662
0.195157
0.108415
0.443224
0.24262
0.274626
0.198344
0.583351
0.0949455
0.662
0.300237
0.662
0.662
0.662
0.34109
0.369738
0.344909
0.624734
0.662
0.292932
0.662
0.662
0.636391
0.662
0.324127
0.662
0.662
0.431046
0.239745
0.278654
0.662
0.662
0.38368
0.378294
0.216393
0.207293
0.199479
0.603818
0.662
0.0971707
0.217709
0.662
0.275818
0.294608
0.348339
0.662
0.662
0.662
0.279312
0.662
0.277805
0.576695
0.15684
0.662
0.260373
0.610212
0.312304
0.507943
0.344488
0.0496624
0.463148
0.662
0.440453
0.234245
0.53987
0.122643
0.226774
0.396679
0.11688
0.662
0.0024309
0.250442
0.662
0.416675
0.151673
0.662
0.662
0.639741
0.154471
0.434515
0.662
0.269006
0.390933
0.541624
0.662
0.662
0.256458
0.662
0.662
0.240396
0.551429
0.662
0.662
0.662
0.385828
0.662
0.439064
0.165119
0.444412
0.303137
0.239151
0.338711
0.662
0.230324
0.662
0.205867
0.0225955
0.228569
0.119251
0.0816627
0.662
0.469663
0.526184
0.138781
0.662
0.662
0.61365
0.238986
0.328944
0.18007
0.302947
0.222444
0.662
0.281494
0.662
0.662
0.662
0.662
0.662
0.283085
0.0871571
0.662
0.618766
0.662
0.662
0.529511
0.216859
0.284074
0.448096
0.662
0.0840493
0.370291
0.20971
0.270287
0.662
0.22436
0.473093
0.177376
0.278245
0.513753
0.662
0.188421
0.169646
0.662
0.170625
0.662
0.470249
0.163263
0.662
0.493061
0.662
0.662
0.662
0.662
0.321263
0.547334
0.662
0.662
0.124494
0.291806
0.499473
0.662
0.165634
0.110256
0.662
0.383546
0.367398
0.662
0.662
0.662
0.144558
0.310086
0.438071
0.662
0.355378
0.390586
0.662
0.40616
0.402157
0.638632
0.250097
0.206767
0.0120465
0.550089
0.14649
0.651413
0.120342
0.560303
0.192503
0.08612
0.243193
0.399759
0.17697
0.524266
0.0915428
0.662
0.187409
0.662
0.534463
0.662
0.662
0.253398
0.205388
0.662
0.00477287
0.662
0.555378
0.156949
0.662
0.662
0.662
0.265966
0.662
0.662
0.146335
0.662
0.662
0.662
0.276219
0.278018
0.071359
0.662
0.212594
0.662
0.0988667
0.471199
0.181439
0.522111
0.662
0.619745
0.662
0.662
0.0676473
0.248499
0.168251
0.585247
0.662
0.217481
0.662
0.321198
0.0133155
0.102176
0.226561
0.662
0.662
0.395581
0.662
0.662
0.0120155
0.310743
0.662
0.290814
0.593602
0.508951
0.228359
0.662
0.396468
0.242494
0.491788
0.575773
0.629133
0.662
0.493031
0.181493
0.104829
0.662
0.380568
0.453606
0.453433
0.28204
0.0495948
0.288486
0.662
0.662
0.310276
0.662
0.662
0.662
0.662
0.324243
0.536392
0.193846
0.662
0.633861
0.337798
0.0982289
0.662
0.662
0.662
0.392224
0.662
0.662
0.206055
0.456964
0.431082
0.662
0.4392
0.114784
0.230425
0.662
0.378186
0.401005
0.662
0.21182
0.029657
0.0840001
0.662
0.188316
0.275483
0.587114
0.662
0.662
0.662
0.662
0.662
0.346156
0.537828
0.662
0.239001
0.0830994
0.662
0.119284
0.413704
0.662
0.662
0.537903
0.52456
0.662
0.662
0.662
0.662
0.662
0.596225
0.645019
0.662
0.445438
0.110871
0.415045
0.626863
0.496837
0.355646
0.662
0.244477
0.662
0.662
0.662
0.20971
0.41475
0.662
0.662
0.465958
0.662
0.476461
0.057309
0.405291
0.315277
0.662
0.662
0.056153
0.465586
0.385446
0.192172
0.254497
0.225448
0.380758
0.392277
0.175509
0.208232
0.186649
0.662
0.227926
0.662
0.643207
0.202324
0.212457
0.286466
0.548638
0.662
0.662
0.043064
0.662
0.201025
0.0729758
0.248189
0.629406
0.185257
0.383454
0.662
0.362559
0.0490026
0.628765
0.15274
0.662
0.0576132
0.612127
0.0499526
0.023057
0.353121
0.662
0.662
0.351699
0.662
0.662
0.662
0.335137
0.662
0.662
0.209776
0.662
0.662
0.662
0.0373516
0.153881
0.662
0.381478
0.662
0.583723
0.222203
0.662
0.662
0.308234
0.0579796
0.291823
0.662
0.0496004
0.662
0.264505
0.0265251
0.109549
0.662
0.662
0.0507139
0.662
0.337143
0.662
0.662
0.408098
0.346785
0.662
0.0566106
0.662
0.543574
0.584711
0.662
0.662
0.662
0.227536
0.662
0.0753118
0.662
0.262881
0.117865
0.234215
0.587493
0.416607
0.662
0.491777
0.0388279
0.32617
0.662
0.662
0.662
0.28203
0.111918
0.662
0.601509
0.409276
0.662
0.662
0.597924
0.322769
0.436398
0.421394
0.165819
0.662
0.662
0.662
0.253947
0.219839
0.662
0.118121
0.662
0.34211
0.18768
0.662
0.102137
0.355266
0.662
0.662
0.662
0.307478
0.415537
0.303739
0.0248656
0.385481
0.156279
0.662
0.292658
0.662
0.122688
0.435685
0.293123
0.485791
0.645821
0.290333
0.662
0.387288
0.662
0.662
0.383446
0.202335
0.159792
0.185857
0.311034
0.155963
0.662
0.424947
0.36346
0.34079
0.662
0.586511
0.662
0.0693309
0.349685
0.242998
0.270324
0.124304
0.662
0.662
0.236488
0.653626
0.662
0.662
0.662
0.301835
0.662
0.662
0.662
0.661913
0.662
0.43638
0.662
0.662
0.662
0.0931047
0.255849
0.662
0.662
0.040354
0.643488
0.457623
0.32567
0.437779
0.0306353
0.464293
0.244531
0.225706
0.662
0.662
0.592582
0.435433
0.1997
0.427369
0.238763
0.662
0.220045
0.194965
0.662
0.395305
0.364969
0.453169
0.619194
0.32898
0.292206
0.662
0.292791
0.662
0.185068
0.220182
0.203128
0.662
0.174431
0.662
0.322297
0.527447
0.662
0.662
0.271401
0.447481
0.330417
0.246011
0.662
0.35988
0.366652
0.513811
0.468733
0.541431
0.210061
0.263871
0.662
0.662
0.533357
0.662
0.359506
0.662
0.454269
0.568744
0.662
0.662
0.643012
0.621545
0.662
0.201678
0.442339
0.662
0.522587
0.527693
0.662
0.190743
0.390714
0.266276
0.350279
0.496574
0.0803759
0.332024
0.035336
0.662
0.662
0.313811
0.662
0.662
0.662
0.0691516
0.662
0.456703
0.314839
0.376129
0.662
0.479043
0.273129
0.47838
0.662
0.329939
0.524999
0.253844
0.229674
0.347983
0.662
0.662
0.120072
0.662
0.190639
0.107309
0.274872
0.662
0.662
0.662
0.662
0.662
0.662
0.00198872
0.468588
0.662
0.662
0.364572
0.192028
0.336577
0.662
0.0157814
0.481912
0.215133
0.127678
0.197928
0.224918
0.44586
0.545414
0.187158
0.662
0.435285
0.0896385
0.424528
0.290025
0.662
0.113824
0.662
0.189471
0.309433
0.315002
0.229813
0.662
0.268254
0.269858
0.662
0.662
0.37573
0.330087
0.075967
0.00631207
0.662
0.662
0.184841
0.651393
0.291406
0.662
0.444501
0.305979
0.03358
0.662
0.662
0.20836
0.462723
0.662
0.637499
0.662
0.532528
0.662
0.0886856
0.448481
0.0595904
0.0564865
0.662
0.662
0.662
0.662
0.662
0.259488
0.439081
0.662
0.503431
0.662
0.49889
0.662
0.0648192
0.384961
0.662
0.13504
0.411705
0.299297
0.40573
0.168186
0.662
0.662
0.16984
0.662
0.254573
0.150133
0.203288
0.662
0.662
0.662
0.662
0.662
0.138739
0.122412
0.289798
0.035216
0.148414
0.00138535
0.625361
0.302632
0.322603
0.180006
0.662
0.662
0.662
0.301283
0.662
0.0743683
0.662
0.662
0.662
0.662
0.0966091
0.268724
0.575854
0.271977
0.662
0.656217
0.174184
0.124318
0.662
0.234825
0.154384
0.269102
0.00336317
0.315999
0.261732
0.185814
0.276817
0.122189
0.192993
0.403274
0.662
0.505192
0.662
0.305387
0.662
0.293036
0.662
0.575362
0.169295
0.662
0.662
0.569727
0.662
0.59587
0.662
0.217288
0.43712
0.247576
0.226402
0.662
0.285773
0.662
0.603228
0.662
0.662
0.082922
0.38792
0.660933
0.662
0.317203
0.492145
0.662
0.187381
0.662
0.0217418
0.662
0.662
0.662
0.662
0.10953
0.16154
0.424891
0.662
0.662
0.136288
0.662
