0.386539
0.662
0.328289
0.219607
0.662
0.662
0.157523
0.403058
0.421999
0.662
0.232136
0.662
0.662
0.662
0.167772
0.0272498
0.226546
0.457164
0.662
0.206842
0.332776
0.258932
0.236592
0.662
0.662
0.376869
0.488129
0.638284
0.4549
0.473636
0.308693
0.662
0.662
0.383611
0.374779
0.662
0.662
0.453597
0.123781
0.662
0.662
0.334321
0.238446
0.662
0.662
0.341207
0.619639
0.644406
0.528175
0.568877
0.270461
0.221352
0.662
0.184785
0.520448
0.234486
0.0498208
0.177098
0.32067
0.662
0.0246437
0.052742
0.662
0.282654
0.273644
0.662
0.662
0.662
0.231475
0.420033
0.0199007
0.233871
0.532087
0.302185
0.662
0.0667462
0.662
0.194005
0.388493
0.662
0.662
0.662
0.662
0.413676
0.323625
0.662
0.346106
0.662
0.293225
0.310078
0.662
0.662
0.216949
0.211751
0.65601
0.161554
0.164784
0.01107
0.614977
0.662
0.362163
0.535796
0.286501
0.400035
0.662
0.294422
0.295545
0.21234
0.662
0.618867
0.297802
0.466985
0.662
0.563165
0.662
0.504825
0.488082
0.378168
0.662
0.234974
0.238308
0.445168
0.662
0.148813
0.203574
0.0217047
0.662
0.350467
0.130634
0.203478
0.448393
0.662
0.408332
0.416908
0.197002
0.525275
0.461914
0.662
0.662
0.662
0.168482
0.12134
0.24904
0.662
0.016965
0.662
0.194216
0.662
0.431436
0.0739135
0.662
0.083007
0.456664
0.154408
0.100042
0.662
0.662
0.534121
0.662
0.662
0.102882
0.662
0.115134
0.201855
0.662
0.550847
0.662
0.104623
0.662
0.104408
0.662
0.662
0.261272
0.139061
0.0583108
0.38208
0.662
0.433825
0.662
0.446565
0.662
0.021605
0.662
0.640407
0.4598
0.662
0.462797
0.662
0.662
0.458543
0.662
0.662
0.177599
0.442799
0.662
0.419115
0.0529544
0.465213
0.662
0.157687
0.381718
0.295668
0.662
0.248156
0.662
0.122281
0.662
0.662
0.214556
0.662
0.662
0.0280216
0.462203
0.375099
0.140052
0.140376
0.662
0.230225
0.195987
0.206209
0.662
0.282056
0.512464
0.449568
0.662
0.662
0.662
0.517436
0.274183
0.487001
0.25155
0.662
0.42498
0.333469
0.662
0.662
0.662
0.44481
0.662
0.662
0.229303
0.662
0.656902
0.027451
0.236206
0.108845
0.662
0.215948
0.202017
0.662
0.0144883
0.662
0.0123725
0.0620893
0.0135093
0.28363
0.596153
0.402213
0.238865
0.662
0.558097
0.429438
0.313218
0.0625738
0.372972
0.20947
0.533249
0.299089
0.662
0.390816
0.111875
0.445541
0.0729016
0.662
0.0536533
0.662
0.12892
0.269755
0.0343854
0.662
0.123562
0.462466
0.662
0.662
0.662
0.335928
0.170152
0.662
0.453845
0.116574
0.453403
0.662
0.333905
0.662
0.523887
0.320844
0.449044
0.662
0.662
0.10067
0.310865
0.305902
0.284665
0.523598
0.193692
0.662
0.662
0.44267
0.662
0.35089
0.456206
0.662
0.311031
0.167761
0.0149691
0.363046
0.175266
0.662
0.487005
0.662
0.662
0.282177
0.662
0.662
0.478527
0.103178
0.157322
0.253966
0.662
0.120235
0.662
0.662
0.662
0.501072
0.662
0.662
0.112088
0.247588
0.437217
0.0764172
0.628114
0.662
0.662
0.662
0.17943
0.662
0.179
0.173203
0.240984
0.662
0.371234
0.303751
0.662
0.312096
0.466139
0.0241887
0.0876019
0.0725755
0.0380744
0.262431
0.187044
0.113823
0.0471123
0.208613
0.662
0.47144
0.0228287
0.348346
0.543208
0.0187118
0.19057
0.123508
0.197941
0.662
0.436351
0.202654
0.662
0.662
0.213086
0.0844772
0.2517
0.662
0.62897
0.662
0.161469
0.662
0.0613028
0.662
0.231602
0.18238
0.662
0.188975
0.285416
0.235274
0.662
0.453551
0.522316
0.608859
0.336229
0.662
0.662
0.368443
0.662
0.662
0.102041
0.416702
0.662
0.273614
0.662
0.456932
0.662
0.662
0.662
0.662
0.662
0.662
0.111721
0.662
0.662
0.0813521
0.148183
0.479907
0.180174
0.662
0.306684
0.202373
0.662
0.662
0.483632
0.229991
0.320508
0.54257
0.662
0.462305
0.386015
0.503547
0.662
0.302265
0.328696
0.251123
0.387454
0.161407
0.662
0.0927464
0.338928
0.266145
0.662
0.34144
0.662
0.662
0.662
0.211411
0.0487533
0.214018
0.171991
0.33716
0.237001
0.143571
0.662
0.662
0.00375955
0.142987
0.560499
0.446255
0.149733
0.189703
0.662
0.546585
0.245334
0.116841
0.376262
0.0678244
0.662
0.662
0.10875
0.124237
0.662
0.662
0.49454
0.0643013
0.242064
0.347076
0.662
0.662
0.560147
0.140545
0.176541
0.420298
0.662
0.427187
0.662
0.662
0.124787
0.371494
0.662
0.662
0.358356
0.403359
0.224733
0.292708
0.662
0.0744212
0.375611
0.662
0.662
0.00572822
0.662
0.662
0.0628497
0.662
0.662
0.662
0.0964609
0.345359
0.662
0.382765
0.662
0.662
0.40179
0.034554
0.469468
0.662
0.662
0.662
0.662
0.316829
0.307993
0.637553
0.363219
0.0662089
0.662
0.426949
0.258274
0.232379
0.440718
0.53436
0.0238419
0.479179
0.424635
0.662
0.381016
0.662
0.0404599
0.662
0.345959
0.662
0.385683
0.662
0.662
0.662
0.662
0.0546826
0.0988079
0.0396232
0.662
0.0136094
0.258209
0.238562
0.467941
0.229212
0.662
0.399513
0.662
0.0656264
0.662
0.393648
0.0770908
0.436041
0.662
0.398467
0.0104684
0.075079
0.662
0.273984
0.662
0.335262
0.662
0.404756
0.592632
0.662
0.433896
0.662
0.393355
0.662
0.662
0.352913
0.662
0.662
0.449696
0.377125
0.106887
0.662
0.31031
0.0413027
0.33106
0.13175
0.662
0.246008
0.177422
0.330809
0.180216
0.662
0.662
0.662
0.122339
0.170811
0.0763118
0.00594174
0.192562
0.662
0.662
0.100789
0.348384
0.662
0.247147
0.113415
0.662
0.317373
0.662
0.662
0.20951
0.662
0.662
0.174346
0.385972
0.360423
0.545238
0.662
0.229502
0.170984
0.662
0.337055
0.662
0.662
0.662
0.501012
0.597944
0.662
0.353035
0.140733
0.633256
0.0855523
0.662
0.103818
0.520459
0.662
0.662
0.575865
0.168431
0.155423
0.662
0.662
0.180382
0.461523
0.662
0.662
0.451413
0.662
0.0904168
0.24535
0.455521
0.662
0.147697
0.264286
0.411434
0.319274
0.662
0.662
0.605372
0.662
0.225104
0.544191
0.662
0.181335
0.662
0.662
0.247321
0.172592
0.662
0.534198
0.662
0.662
0.662
0.362572
0.601447
0.0635403
0.382201
0.662
0.204037
0.0572795
0.329252
0.662
0.662
0.662
0.662
0.241672
0.102899
0.474826
0.662
0.662
0.536859
0.662
0.662
0.0931464
0.477237
0.0904345
0.102334
0.453448
0.227844
0.605973
0.395219
0.662
0.662
0.662
0.662
0.325633
0.463982
0.00564582
0.662
0.534655
0.390086
0.286588
0.323379
0.662
0.662
0.0592066
0.100633
0.454088
0.662
0.395784
0.428073
0.662
0.662
0.265136
0.47302
0.289233
0.662
0.441203
0.662
0.271314
0.662
0.327882
0.662
0.282328
0.662
0.250016
0.662
0.662
0.156973
0.662
0.276214
0.347355
0.0391298
0.523309
0.221683
0.662
0.204806
0.662
0.117511
0.662
0.104855
0.170986
0.662
0.662
0.458803
0.662
0.0967526
0.300046
0.662
0.0715596
0.25962
0.662
0.424293
0.662
0.507164
0.536419
0.149871
0.388534
0.560955
0.592517
0.509693
0.48056
0.662
0.526299
0.662
0.662
0.0129332
0.467159
0.513005
0.157456
0.662
0.189256
0.148172
0.281564
0.289758
0.299265
0.106871
0.127785
0.511445
0.559996
0.188666
0.0467307
0.662
0.524311
0.419862
0.0816979
0.049402
0.662
0.662
0.662
0.138058
0.436183
0.0433431
0.0334235
0.662
0.41366
0.360742
0.354416
0.298882
0.290206
0.662
0.662
0.662
0.22267
0.622818
0.662
0.278381
0.21488
0.469376
0.54332
0.397208
0.662
0.221003
0.606312
0.662
0.205038
0.0119316
0.395723
0.247236
0.573121
0.662
0.662
0.0428323
0.413444
0.056463
0.0282484
0.188228
0.37893
0.662
0.662
0.551881
0.468735
0.662
0.343283
0.17547
0.662
0.0902615
0.125891
0.399558
0.126886
0.662
0.206547
0.398589
0.49436
0.662
0.154655
0.662
0.0345451
0.278878
0.662
0.625921
0.435684
0.44405
0.286278
0.662
0.662
0.195591
0.569787
0.371002
0.662
0.0235985
0.313764
0.337758
0.662
0.171545
0.662
0.662
0.200842
0.500486
0.196844
0.662
0.0550248
0.347431
0.662
0.0790664
0.17002
0.177526
0.662
0.662
0.190544
0.25725
0.217502
0.162294
0.0560441
0.467901
0.662
0.168269
0.259089
0.434742
0.662
0.33141
0.0775409
0.122254
0.23248
0.145479
0.530653
0.185633
0.662
0.318578
0.662
0.397213
0.413631
0.31364
0.059981
0.146919
0.114112
0.662
0.662
0.662
0.422167
0.409277
0.662
0.237664
0.304637
0.662
0.662
0.511129
0.457444
0.402444
0.441886
0.155285
0.464254
0.662
0.662
0.275794
0.662
0.662
0.00825919
0.479274
0.551467
0.662
0.240733
0.280177
0.662
0.27825
0.000768711
0.392215
0.12268
0.454639
0.662
0.662
0.366024
0.662
0.210438
0.662
0.193668
0.0768607
0.483319
0.266277
0.48643
0.662
0.540147
0.662
0.662
0.172885
0.105293
0.177147
0.41701
0.258847
0.226461
0.570313
0.257552
0.272759
0.662
0.418768
0.285547
0.296301
0.024898
0.389806
0.662
0.253466
0.662
0.662
0.662
0.662
0.662
0.205243
0.362079
0.288506
0.662
0.662
0.298298
0.286345
0.662
0.0818114
0.0930219
0.161102
0.662
0.224545
0.546691
0.307124
0.662
0.662
0.103417
0.563565
0.360923
0.355091
0.287856
0.119677
0.256106
0.36776
0.105778
0.0721337
0.260238
0.153636
0.662
0.414988
0.318521
0.662
0.662
0.139355
0.662
0.206616
0.394085
0.131744
0.109527
0.662
0.160384
0.662
0.426672
0.662
0.162333
0.156185
0.662
0.2698
0.189136
0.662
0.205491
0.176251
0.0666799
0.40076
0.662
0.234629
0.662
0.662
0.196593
0.350284
0.662
0.0725969
0.662
0.662
0.0191637
0.177036
0.0587246
0.662
0.440126
0.00943216
0.145205
0.375969
0.662
0.217824
0.33706
0.662
0.204821
0.0397501
0.16789
0.101717
0.365156
0.196857
0.603002
0.251374
0.662
0.472946
0.363971
0.300728
0.345403
0.482352
0.514189
0.662
0.128522
0.00132818
0.347329
0.378139
0.213673
0.662
0.662
0.662
0.00340863
0.217101
0.390658
0.319507
0.662
0.201664
0.216992
0.435183
0.662
0.0844258
0.363247
0.135329
0.662
0.344273
0.110557
0.437319
0.341358
0.0657979
0.0887041
0.126089
0.662
0.308662
0.188003
0.139242
0.513175
0.575944
0.662
0.662
0.559261
0.279382
0.662
0.0672472
0.662
0.662
0.662
0.352797
0.651167
0.662
0.662
0.662
0.166837
0.662
0.373076
0.434645
0.662
0.36396
0.389847
0.662
0.662
0.240334
0.0865198
0.206963
0.662
0.662
0.303133
0.58783
0.333566
0.183012
0.662
0.450542
0.148225
0.662
0.36723
0.662
0.440429
0.0817598
0.658055
0.20356
0.662
0.0225794
0.0307193
0.199235
0.29403
0.0313664
0.662
0.402333
0.662
0.0238921
0.343477
0.283553
0.662
0.377055
0.662
0.178564
0.0162242
0.120652
0.662
0.173618
0.218121
0.662
0.210176
0.422705
0.119132
0.411839
0.64259
0.662
0.0716669
0.662
0.135053
0.662
0.662
0.121024
0.493172
0.662
0.318588
0.00436257
0.662
0.662
0.662
0.434443
0.662
0.134001
0.662
0.662
0.347223
0.662
0.662
0.662
0.185893
0.065769
0.280944
0.192991
0.662
0.155191
0.657577
0.662
0.662
0.662
0.280578
0.662
0.31468
0.662
0.579674
0.517981
0.112435
0.179168
0.662
0.662
0.291259
0.518152
0.104556
0.0431605
0.316944
0.662
0.662
0.29629
0.0786841
0.453096
0.662
0.326846
0.429192
0.662
0.662
0.489702
0.230081
0.479401
0.633391
0.207917
0.575336
0.662
0.662
0.470432
0.209801
0.462013
0.662
0.662
0.192578
0.278071
0.632101
0.662
0.418907
0.236655
0.197469
0.257371
0.662
0.21991
0.243761
0.662
0.662
0.458188
0.175049
0.175776
0.662
0.299345
0.360407
0.662
0.662
0.377021
0.353274
0.662
0.0301773
0.125336
0.662
0.662
0.456324
0.172742
0.662
0.0616532
0.662
0.543089
0.0438796
0.138311
0.662
0.662
0.502602
0.213728
0.662
0.460344
0.436142
0.210733
0.662
0.18921
0.377925
0.386876
0.404254
0.662
0.0316685
0.200086
0.223408
0.662
0.662
0.0782962
0.662
0.243079
0.662
0.143929
0.473446
0.317309
0.0523931
0.662
0.421184
0.360707
0.662
0.662
0.286904
0.399127
0.662
0.135805
0.662
0.662
0.662
0.194388
0.169466
0.48834
0.164989
0.149511
0.293724
0.662
0.433296
0.417617
0.143488
0.662
0.0858129
0.662
0.662
0.305242
0.662
0.597187
0.662
0.192278
0.370929
0.662
0.662
0.662
0.662
0.424973
0.194292
0.311817
0.176137
0.662
0.0439933
0.08105
0.306469
0.0652402
0.433943
0.287501
0.464578
0.662
0.662
0.462485
0.42913
0.662
0.662
0.103337
0.298703
0.259624
0.115146
0.662
0.104875
0.276268
0.252484
0.662
0.366724
0.662
0.577869
0.662
0.662
0.662
0.160522
0.122273
0.662
0.662
0.220109
0.499137
0.662
0.300977
0.662
0.662
0.22072
0.210854
0.662
0.406345
0.305806
0.113563
0.209366
0.662
0.662
0.448896
0.662
0.0832602
0.662
0.435934
0.116385
0.20978
0.662
0.243286
0.291839
0.307454
0.662
0.181202
0.0025636
0.516894
0.662
0.430002
0.662
0.662
0.00182633
0.662
0.253059
0.373752
0.431965
0.548535
0.662
0.662
0.62049
0.0170982
0.351032
0.402617
0.662
0.662
0.662
0.45353
0.0767341
0.662
0.528406
0.50047
0.512132
0.233566
0.187344
0.662
0.143677
0.0258156
0.515825
0.662
0.662
0.662
0.0896377
0.382525
0.156902
0.398172
0.502866
0.662
0.317303
0.662
0.337559
0.403522
0.214265
0.215746
0.462649
0.0459061
0.0491399
0.197044
0.662
0.147246
0.215685
0.662
0.662
0.662
0.662
0.662
0.662
0.0574746
0.415054
0.662
0.0514562
0.662
0.206011
0.662
0.61066
0.177363
0.662
0.662
0.20609
0.662
0.312413
0.215227
0.650315
0.34923
0.662
0.662
0.436521
0.249473
0.662
0.00356125
0.293537
0.0743951
0.00350863
0.426004
0.00364579
0.158858
0.662
0.418183
0.390872
0.44021
0.362913
0.394784
0.448913
0.38467
0.662
0.273295
0.179949
0.507845
0.529575
0.419137
0.537333
0.546715
0.297149
0.662
0.151046
0.194188
0.13151
0.662
0.230515
0.149538
0.662
0.467956
0.312562
0.467911
0.215791
0.0806294
0.457536
0.149996
0.662
0.574855
0.662
0.662
0.662
0.662
0.662
0.219619
0.0442042
0.162389
0.170789
0.662
0.0740374
0.267382
0.234165
0.281356
0.322137
0.352886
0.662
0.422698
0.0517047
0.154715
0.447419
0.0640551
0.247786
0.102033
0.580908
0.662
0.107988
0.123802
0.230735
0.256501
0.15301
0.662
0.272159
0.333147
0.472284
0.662
0.0805699
0.450506
0.581762
0.420559
0.234891
0.633664
0.180812
0.0799401
0.662
0.662
0.290201
0.13481
0.357583
0.63221
0.471698
0.118245
0.351813
0.0748107
0.662
0.185226
0.662
0.445212
0.0161006
0.594022
0.449977
0.39422
0.377848
0.662
0.662
0.641119
0.662
0.582579
0.662
0.490352
0.662
0.196035
0.662
0.452988
0.258627
0.662
0.662
0.391251
0.158774
0.662
0.662
0.662
0.662
0.417537
0.643872
0.662
0.465481
0.189664
0.662
0.142734
0.253098
0.159154
0.662
0.262032
0.662
0.662
0.242022
0.202559
0.385724
0.662
0.0223468
0.591831
0.662
0.351833
0.149373
0.225654
0.278454
0.621784
0.662
0.464036
0.59868
0.662
0.531058
0.214245
0.662
0.224423
0.103903
0.446887
0.223886
0.344692
0.662
0.662
0.662
0.662
0.662
0.249322
0.662
0.449549
0.142648
0.506543
0.150298
0.471267
0.0220048
0.662
0.318486
0.322457
0.662
0.446087
0.0533522
0.403565
0.425455
0.662
0.662
0.161672
0.467091
0.449348
0.662
0.417469
0.572173
0.233235
0.217982
0.146899
0.662
0.0370035
0.00466173
0.662
0.211496
0.349294
0.662
0.36784
0.105024
0.662
0.493177
0.32237
0.16438
0.184256
0.421537
0.662
0.382837
0.662
0.00839167
0.136857
0.662
0.10505
0.298724
0.269831
0.662
0.662
0.44591
0.662
0.662
0.662
0.662
0.0942919
0.113706
0.662
0.471091
0.458719
0.243199
0.662
0.662
0.269835
0.662
0.630598
0.628445
0.372418
0.247833
0.390104
0.662
0.662
0.233833
0.0992772
0.198611
0.0577512
0.662
0.312297
0.57759
0.662
0.614515
0.205923
0.662
0.662
0.127672
0.662
0.662
0.0825365
0.462519
0.193364
0.662
0.417528
0.197717
0.0409825
0.397971
0.211757
0.662
0.34368
0.189215
0.248753
0.289165
0.186168
0.0152826
0.662
0.662
0.0764517
0.517239
0.274807
0.372981
0.109232
0.662
0.22819
0.490095
0.567806
0.449211
0.202782
0.662
0.53092
0.607779
0.157471
0.195151
0.263775
0.169698
0.185853
0.0322207
0.182471
0.222049
0.662
0.662
0.640128
0.296749
0.303931
0.626173
0.245899
0.662
0.662
0.20715
0.202008
0.327797
0.662
0.409569
0.035014
0.662
0.494375
0.523638
0.662
0.449411
0.662
0.662
0.121439
0.208301
0.662
0.18399
0.114732
0.0269886
0.216625
0.662
0.310974
0.433014
0.41034
0.184964
0.324788
0.426429
0.662
0.60287
0.0738313
0.154462
0.662
0.209993
0.26503
0.0155821
0.515226
0.662
0.347575
0.217612
0.351651
0.662
0.642147
0.417095
0.662
0.569132
0.662
0.107177
0.102625
0.197029
0.459364
0.662
0.310397
0.00359406
0.432667
0.662
0.129238
0.662
0.662
0.662
0.45747
0.337778
0.662
0.406758
0.662
0.420618
0.047151
0.662
0.433882
0.268848
0.662
0.194927
0.184875
0.662
0.440876
0.135402
0.0421553
0.458524
0.429414
0.131489
0.202579
0.25591
0.09248
0.662
0.662
0.662
0.662
0.662
0.662
0.292251
0.0184144
0.571543
0.429044
0.366632
0.662
0.662
0.662
0.662
0.475544
0.571042
0.651567
0.662
0.662
0.282084
0.662
0.205167
0.291242
0.662
0.0643315
0.452392
0.39586
0.662
0.091851
0.076681
0.662
0.0363552
0.476142
0.662
0.662
0.141231
0.662
0.12083
0.662
0.472163
0.404975
0.385961
0.0150504
0.255951
0.659873
0.46699
0.119854
0.493362
0.0602128
0.289184
0.662
0.511742
0.240834
0.388929
0.662
0.662
0.662
0.662
0.662
0.102265
0.662
0.214989
0.662
0.461348
0.21684
0.0282293
0.386029
0.662
0.336311
0.662
0.529689
0.662
0.0855782
0.28765
0.662
0.483724
0.266594
0.662
0.576171
0.319881
0.0513708
0.0617504
0.495006
0.252736
0.432728
0.412029
0.662
0.662
0.435207
0.394183
0.662
0.183708
0.662
0.113169
0.448072
0.151911
0.0938581
0.662
0.514286
0.116989
0.133408
0.23422
0.662
0.477101
0.375218
0.356309
0.19008
0.271614
0.400587
0.158607
0.413739
0.662
0.198483
0.474845
0.00394755
0.562191
0.0337204
0.464677
0.662
0.662
0.662
0.287248
0.662
0.189315
0.0853315
0.662
0.319066
0.231497
0.0428747
0.662
0.662
0.358651
0.213333
0.136005
0.662
0.0792605
0.206325
0.662
0.0995072
0.0944669
0.143673
0.240335
0.259058
0.117467
0.31673
0.136351
0.662
0.657978
0.642734
0.11817
0.11218
0.173363
0.662
0.243328
0.264374
0.0770818
0.191348
0.513557
0.360433
0.548246
0.662
0.206687
0.389163
0.130233
0.662
0.561639
0.272104
0.198877
0.182114
0.151173
0.292469
0.662
0.339184
0.00261194
0.662
0.297791
0.251671
0.104323
0.264722
0.662
0.439268
0.0613599
0.662
0.159086
0.39243
0.662
0.313054
0.301387
0.662
0.662
0.453459
0.381417
0.662
0.662
0.132365
0.662
0.0564565
0.499107
0.662
0.343432
0.662
0.336094
0.662
0.662
0.662
0.162402
0.394371
0.662
0.0143295
0.483372
0.0349938
0.662
0.409523
0.0734805
0.662
0.560869
0.662
0.5985
0.662
0.439506
0.662
0.662
0.179948
0.351727
0.662
0.413575
0.389029
0.201406
0.498985
0.662
0.0304777
0.383531
0.299262
0.662
0.186779
0.0406137
0.0387766
0.662
0.662
0.662
0.662
0.662
0.662
0.560853
0.115916
0.662
0.662
0.662
0.166213
0.662
0.244704
0.662
0.238531
0.662
0.334187
0.662
0.662
0.662
0.375652
0.430917
0.215193
0.334435
0.662
0.270619
0.232718
0.251516
0.662
0.662
0.662
0.476055
0.598176
0.396435
0.662
0.453363
0.431223
0.662
0.406374
0.276452
0.205548
0.227852
0.00153187
0.662
0.358095
0.662
0.560521
0.662
0.613382
0.662
0.432137
0.662
0.25591
0.103038
0.314879
0.167735
0.662
0.662
0.662
0.2455
0.534836
0.209182
0.0535052
0.432923
0.443153
0.259689
0.662
0.576614
0.0237424
0.662
0.662
0.633694
0.662
0.662
0.0241985
0.175524
0.172612
0.170242
0.409746
0.130092
0.662
0.121637
0.111695
0.266627
0.662
0.20862
0.37308
0.0655994
0.564907
0.637605
0.662
0.0990211
0.18025
0.326185
0.458052
0.662
0.662
0.392571
0.211169
0.662
0.261083
0.662
0.268053
0.398355
0.220706
0.574952
0.447712
0.662
0.360412
0.662
0.662
0.0851413
0.662
0.349286
0.136543
0.212539
0.33279
0.662
0.201806
0.230877
0.305961
0.0829873
0.662
0.383097
0.662
0.120295
0.382868
0.594236
0.662
0.662
0.174393
0.0829729
0.662
0.662
0.395817
0.167562
0.40177
0.662
0.662
0.303929
0.662
0.402993
0.662
0.139571
0.662
0.0880879
0.588029
0.275422
0.662
0.214042
0.269342
0.48157
0.662
0.428474
0.662
0.0457224
0.633045
0.662
0.143973
0.662
0.662
0.162597
0.662
0.40965
0.399728
0.662
0.357693
0.574216
0.204857
0.0466903
0.662
0.662
0.662
0.283877
0.186854
0.662
0.10693
0.403142
0.662
0.321701
0.662
0.15934
0.662
0.662
0.269657
0.0113672
0.662
0.301712
0.246177
0.390408
0.662
0.199762
0.236558
0.282963
0.386451
0.122892
0.578873
0.662
0.662
0.0459863
0.148962
0.184526
0.662
0.299314
0.236793
0.490835
0.662
0.662
0.189765
0.152565
0.662
0.15377
0.19573
0.662
0.475256
0.189767
0.662
0.217433
0.319491
0.107003
0.181561
0.662
0.0974383
0.662
0.201114
0.419443
0.18529
0.662
0.662
0.24934
0.46156
0.254834
0.662
0.196582
0.474097
0.186645
0.662
0.266519
0.212699
0.34183
0.662
0.662
0.662
0.333152
0.344558
0.662
0.39486
0.662
0.268812
0.662
0.325116
0.153207
0.662
0.188632
0.662
0.561869
0.410731
0.662
0.0779285
0.505158
0.346326
0.429831
0.318548
0.0918601
0.488797
0.662
0.490361
0.662
0.0529747
0.0150127
0.144973
0.662
0.662
0.177831
0.662
0.662
0.0462232
0.270222
0.662
0.662
0.662
0.662
0.662
0.256695
0.309285
0.662
0.000934547
0.0625703
0.208043
0.662
0.0268744
0.358927
0.262817
0.549894
0.254918
0.662
0.662
0.202325
0.662
0.0876752
0.390064
0.455344
0.662
0.662
0.662
0.662
0.313681
0.662
0.201472
0.230871
0.184638
0.662
0.662
0.411564
0.229018
0.340263
0.573142
0.173118
0.662
0.662
0.287178
0.662
0.452717
0.523543
0.152261
0.662
0.326342
0.475788
0.662
0.606446
0.227163
0.662
0.662
0.662
0.662
0.0905029
0.487172
0.662
0.662
0.325053
0.662
0.662
0.662
0.163663
0.0481138
0.662
0.662
0.0680289
0.662
0.662
0.662
0.486539
0.0701752
0.581204
0.662
0.662
0.662
0.187212
0.277564
0.311012
0.10551
0.162327
0.437366
0.469345
0.46109
0.662
0.347633
0.247846
0.662
0.662
0.226845
0.662
0.190877
0.662
0.0957102
0.197844
0.456016
0.662
0.626554
0.208869
0.662
0.133743
0.436243
0.662
0.40655
0.570856
0.662
0.0140134
0.326724
0.662
0.662
0.471186
0.331944
0.662
0.380753
0.662
0.316085
0.320393
0.173236
0.341458
0.662
0.0667182
0.662
0.18448
0.280754
0.662
0.662
0.586341
0.631817
0.662
0.390556
0.662
0.410781
0.461527
0.662
0.662
0.662
0.662
0.101674
0.275297
0.113083
0.662
0.662
0.201861
0.662
0.0988795
0.46641
0.662
0.662
0.150124
0.662
0.620157
0.441532
0.662
0.662
0.662
0.404109
0.662
0.142091
0.662
0.297215
0.527415
0.662
0.662
0.578268
0.150661
0.0165599
0.251378
0.662
0.107128
0.662
0.662
0.662
0.383739
0.403422
0.109396
0.0735987
0.662
0.427258
0.662
0.349063
0.298056
0.0393456
0.662
0.441486
0.662
0.336828
0.570478
0.662
0.320047
0.662
0.219131
0.662
0.327513
0.432461
0.662
0.10071
0.662
0.662
0.178696
0.662
0.662
0.23818
0.662
0.662
0.126549
0.487775
0.534418
0.662
0.662
0.167262
0.435927
0.179673
0.662
0.350337
0.662
0.38271
0.662
0.662
0.662
0.049462
0.662
0.395196
0.371569
0.40343
0.662
0.441698
0.0974123
0.279921
0.662
0.148554
0.149477
0.426124
0.660667
0.662
0.662
0.662
0.146396
0.65012
0.0411331
0.109994
0.662
0.0878131
0.662
0.168011
0.190315
0.0651362
0.144644
0.563794
0.328225
0.379435
0.662
0.662
0.662
0.238123
0.319316
0.636505
0.337489
0.662
0.128777
0.0723682
0.129836
0.0951339
0.198359
0.468415
0.512433
0.454135
0.306198
0.437327
0.227428
0.662
0.662
0.662
0.662
0.662
0.662
0.304777
0.308269
0.662
0.662
0.256803
0.662
0.662
0.00755839
0.166719
0.431545
0.662
0.301925
0.662
0.662
0.27213
0.327872
0.469802
0.662
0.0694183
0.662
0.416065
0.160994
0.200023
0.237707
0.662
0.581566
0.430651
0.166476
0.277392
0.662
0.46865
0.662
0.662
0.368557
0.662
0.529459
0.33271
0.133077
0.259971
0.345335
0.662
0.312988
0.662
0.662
0.44059
0.662
0.424864
0.434698
0.662
0.253331
0.188851
0.0459962
0.262698
0.365691
0.449172
0.0711031
0.301963
0.193229
0.662
0.445634
0.395151
0.620593
0.631036
0.662
0.154915
0.273875
0.662
0.179908
0.662
0.359754
0.243284
0.195765
0.443016
0.448141
0.662
0.199997
0.662
0.662
0.423541
0.276287
0.532371
0.385329
0.662
0.238784
0.222092
0.662
0.131205
0.186869
0.662
0.575131
0.480241
0.662
0.662
0.456351
0.370897
0.341707
0.247032
0.662
0.10943
0.662
0.662
0.0537678
0.570232
0.319319
0.662
0.147926
0.463701
0.469748
0.662
0.662
0.403953
0.335509
0.662
0.261927
0.0425763
0.315612
0.187901
0.662
0.662
0.378636
0.0547273
0.342165
0.422236
0.329157
0.061361
0.662
0.409354
0.429609
0.662
0.0730634
0.101542
0.0443131
0.191651
0.662
0.265343
0.662
0.662
0.0616423
0.662
0.0123668
0.263166
0.662
0.0217886
0.222743
0.057281
0.20274
0.331178
0.491188
0.594229
0.662
0.206194
0.662
0.662
0.261887
0.662
0.662
0.0256701
0.662
0.413906
0.610426
0.547648
0.662
0.273042
0.202514
0.662
0.287263
0.306201
0.662
0.357711
0.140958
0.293556
0.662
0.662
0.434456
0.280681
0.459463
0.338562
0.662
0.662
0.662
0.602876
0.662
0.486789
0.463312
0.345818
0.302974
0.197635
0.662
0.388131
0.162588
0.10806
0.15973
0.662
0.535136
0.662
0.470483
0.559812
0.327845
0.318243
0.662
0.334136
0.662
0.45956
0.409218
0.662
0.662
0.662
0.114696
0.662
0.341634
0.187289
0.474654
0.389749
0.088128
0.662
0.662
0.662
0.649546
0.2662
0.226307
0.0357059
0.662
0.662
0.309595
0.417598
0.658108
0.662
0.662
0.662
0.662
0.662
0.19333
0.204052
0.14434
0.0766135
0.662
0.578002
0.662
0.242298
0.0423046
0.662
0.662
0.373506
0.176693
0.425961
0.426879
0.662
0.464998
0.51221
0.662
0.046041
0.662
0.340661
0.662
0.662
0.0556038
0.662
0.662
0.662
0.25115
0.411168
0.267773
0.662
0.208361
0.389546
0.441099
0.424511
0.395787
0.0867756
0.662
0.366697
0.476543
0.354706
0.193478
0.170261
0.423719
0.380972
0.275989
0.518753
0.0384602
0.662
0.429241
0.407943
0.0794752
0.176605
0.128653
0.476871
0.188335
0.397186
0.0056722
0.662
0.662
0.289823
0.662
0.603186
0.191685
0.415406
0.322986
0.443455
0.231069
0.238823
0.662
0.662
0.000480457
0.662
0.22664
0.662
0.495972
0.289162
0.662
0.662
0.10208
0.32728
0.0175506
0.662
0.662
0.662
0.662
0.384909
0.662
0.336633
0.167766
0.662
0.662
0.349104
0.205085
0.157539
0.531844
0.370011
0.499151
0.662
0.662
0.0236288
0.373012
0.178458
0.662
0.662
0.662
0.232457
0.137789
0.303881
0.372464
0.223727
0.249861
0.13006
0.662
0.662
0.472612
0.371656
0.188307
0.333149
0.13532
0.442244
0.662
0.662
0.196828
0.662
0.662
0.181249
0.468822
0.662
0.398114
0.60758
0.189827
0.662
0.0942143
0.00389391
0.662
0.304322
0.186596
0.662
0.662
0.662
0.109112
0.366914
0.404394
0.40315
0.457354
0.133181
0.345067
0.662
0.662
0.0820793
0.580802
0.662
0.662
0.662
0.222875
0.233403
0.0896487
0.662
0.662
0.235687
0.662
0.246517
0.500813
0.570256
0.365734
0.662
0.351379
0.662
0.562445
0.662
0.145604
0.334846
0.01613
0.178893
0.662
0.135179
0.212498
0.662
0.662
0.662
0.393217
0.662
0.477124
0.662
0.591511
0.263388
0.114363
0.569523
0.662
0.434591
0.580536
0.217676
0.140747
0.233738
0.662
0.012718
0.662
0.277446
0.360402
0.31958
0.662
0.0427177
0.662
0.394162
0.662
0.411892
0.662
0.542292
0.662
0.662
0.662
0.223123
0.475163
0.662
0.662
0.534381
0.520468
0.662
0.195395
0.277116
0.2765
0.119854
0.20833
0.662
0.433078
0.434663
0.662
0.388384
0.353003
0.629706
0.662
0.0867167
0.662
0.486689
0.376354
0.192095
0.662
0.373665
0.397409
0.662
0.165852
0.303033
0.662
0.516902
0.0968837
0.376304
0.000149064
0.550013
0.662
0.583919
0.662
0.20493
0.322071
0.662
0.22191
0.394665
0.146658
0.455156
0.0827792
0.662
0.662
0.279207
0.0421016
0.662
0.0557868
0.410955
0.662
0.662
0.624893
0.662
0.662
0.662
0.348948
0.662
0.662
0.309851
0.0553094
0.662
0.662
0.336712
0.17515
0.271739
0.258905
0.0317753
0.662
0.56921
0.662
0.662
0.224738
0.243194
0.529267
0.122691
0.385063
0.139104
0.0172728
0.402732
0.464589
0.662
0.662
0.105637
0.221174
0.00487973
0.608212
0.662
0.662
0.000474128
0.662
0.043613
0.277124
0.131693
0.273325
0.354498
0.662
0.246445
0.264888
0.145465
0.0978161
0.662
0.228782
0.479423
0.319929
0.1061
0.317953
0.662
0.662
0.662
0.0902725
0.662
0.0643137
0.192529
0.162651
0.662
0.01853
0.316094
0.662
0.662
0.226162
0.11627
0.662
0.298993
0.103954
0.662
0.415816
0.31037
0.226935
0.373058
0.274226
0.662
0.662
0.662
0.403669
0.256523
0.172237
0.140166
0.43221
0.662
0.0415025
0.369117
0.518136
0.662
0.662
0.477147
0.00735213
0.423146
0.397965
0.368555
0.248787
0.662
0.662
0.662
0.261761
0.234529
0.662
0.662
0.104964
0.579889
0.190445
0.29655
0.00737794
0.100103
0.404246
0.662
0.662
0.162732
0.662
0.662
0.014309
0.414606
0.0140252
0.333972
0.662
0.434926
0.662
0.328074
0.216458
0.258193
0.491831
0.265666
0.662
0.662
0.416988
0.662
0.430537
0.28679
0.188697
0.250723
0.662
0.449138
0.662
0.567201
0.398634
0.662
0.266028
0.662
0.222502
0.304802
0.662
0.633391
0.20546
0.662
0.25234
0.662
0.295302
0.0624567
0.662
0.465984
0.339218
0.206252
0.495953
0.170116
0.662
0.147097
0.186327
0.0611807
0.355497
0.662
0.111344
0.0583656
0.235585
0.662
0.662
0.208239
0.589229
0.29493
0.662
0.347933
0.154994
0.227954
0.18129
0.218692
0.662
0.662
0.308333
0.662
0.120396
0.662
0.230261
0.662
0.49997
0.325242
0.177875
0.230407
0.662
0.662
0.662
0.662
0.0461611
0.470684
0.63
0.662
0.396422
0.662
0.560559
0.192659
0.662
0.248145
0.250807
0.659792
0.182588
0.412648
0.662
0.297119
0.662
0.401282
0.164934
0.662
0.373377
0.150752
0.662
0.342893
0.118302
0.662
0.542055
0.202987
0.662
0.247947
0.276277
0.280326
0.662
0.662
0.125284
0.190137
0.221214
0.377736
0.208097
0.222139
0.0173304
0.111538
0.414892
0.0409405
0.16879
0.662
0.646823
0.662
0.20063
0.140716
0.269354
0.625654
0.522149
0.371305
0.0207414
0.64549
0.197276
0.662
0.13715
0.292585
0.662
0.283424
0.027263
0.662
0.214312
0.662
0.403697
0.329091
0.662
0.662
0.222758
0.17348
0.662
0.305272
0.662
0.185168
0.662
0.435878
0.2119
0.662
0.532956
0.186708
0.273375
0.37905
0.662
0.550523
0.0217387
0.662
0.249456
0.662
0.199077
0.662
0.23715
0.662
0.574036
0.0919173
0.16249
0.662
0.466448
0.204305
0.662
0.0678303
0.363993
0.662
0.662
0.662
0.191993
0.37045
0.336872
0.662
0.662
0.662
0.662
0.662
0.32258
0.662
0.0152791
0.633694
0.0738395
0.00509634
0.153385
0.132279
0.564975
0.523259
0.370637
0.114215
0.662
0.503259
0.662
0.609191
0.662
0.530507
0.474382
0.662
0.471691
0.402191
0.354715
0.276496
0.120582
0.0885733
0.185999
0.662
0.662
0.264063
0.184554
0.625032
0.503109
0.662
0.228284
0.662
0.200272
0.662
0.662
0.196644
0.662
0.662
0.050193
0.589795
0.0148314
0.532437
0.198819
0.316323
0.12981
0.194178
0.237983
0.410319
0.662
0.275598
0.561709
0.338967
0.662
0.662
0.434189
0.130972
0.286259
0.662
0.344643
0.65778
0.185136
0.454088
0.295106
0.149405
0.662
0.662
0.359816
0.647652
0.144384
0.180875
0.401511
0.662
0.623477
0.662
0.53957
0.662
0.194806
0.101031
0.430328
0.302875
0.519838
0.0243791
0.662
0.399658
0.300301
0.0914861
0.662
0.314066
0.662
0.0397469
0.56933
0.662
0.662
0.377493
0.183141
0.662
0.381476
0.410892
0.309591
0.212802
0.0979931
0.662
0.416119
0.181879
0.245085
0.160982
0.0715793
0.558807
0.048547
0.149381
0.280377
0.158827
0.0923372
0.662
0.102623
0.483669
0.228876
0.662
0.582193
0.662
0.50468
0.662
0.235135
0.435285
0.0946911
0.662
0.117172
0.304743
0.301369
0.662
0.662
0.662
0.662
0.662
0.467869
0.662
0.0795549
0.662
0.469228
0.662
0.662
0.00416789
0.662
0.662
0.291928
0.135679
0.0511227
0.662
0.662
0.662
0.195954
0.397309
0.662
0.662
0.426826
0.443254
0.373996
0.267611
0.662
0.13684
0.372775
0.662
0.662
0.25746
0.410736
0.0559384
0.662
0.217827
0.117986
0.0906965
0.662
0.448063
0.308491
0.147518
0.140734
0.322777
0.116582
0.278377
0.377231
0.130306
0.662
0.206305
0.162496
0.662
0.423535
0.434918
0.024525
0.0376428
0.200654
0.662
0.162312
0.190788
0.662
0.208217
0.311885
0.662
0.662
0.662
0.378786
0.0423154
0.205082
0.506921
0.662
0.662
0.39507
0.0197928
0.184626
0.19299
0.517254
0.229523
0.363486
0.033305
0.205213
0.20236
0.336661
0.383505
0.158487
0.355587
0.662
0.400286
0.633391
0.160338
0.272278
0.662
0.0485408
0.204666
0.0440327
0.27219
0.234451
0.378797
0.443222
0.641357
0.662
0.112694
0.53906
0.662
0.197251
0.662
0.43481
0.662
0.662
0.662
0.473706
0.662
0.461081
0.662
0.39439
0.273459
0.0149645
0.142374
0.662
0.360552
0.143993
0.662
0.307492
0.469937
0.118007
0.611432
0.544117
0.438069
0.470749
0.662
0.233044
0.553377
0.662
0.30026
0.662
0.390124
0.471201
0.298672
0.0397595
0.662
0.179172
0.561171
0.13
0.662
0.531709
0.662
0.219473
0.271626
0.432155
0.166072
0.662
0.662
0.223941
0.261243
0.391499
0.662
0.309847
0.662
0.537661
0.275555
0.134629
0.35893
0.662
0.336494
0.116735
0.556334
0.662
0.240701
0.662
0.0210555
0.260726
0.662
0.282186
0.662
0.662
0.102203
0.662
0.662
0.662
0.0393764
0.662
0.011407
0.172212
0.662
0.270349
0.172392
0.448476
0.154293
0.15789
0.662
0.662
0.40975
0.393002
0.662
0.662
0.662
0.357202
0.272415
0.0781322
0.284975
0.405171
0.662
0.36178
0.0732731
0.662
0.428532
0.311927
0.486143
0.662
0.278082
0.151984
0.662
0.662
0.662
0.662
0.223844
0.02897
0.00688081
0.372951
0.381205
0.327397
0.251321
0.0734927
0.657287
0.198374
0.408907
0.193955
0.0639321
0.409554
0.298208
0.662
0.137686
0.662
0.431575
0.662
0.245986
0.289868
0.609108
0.662
0.662
0.605096
0.118889
0.421511
0.371729
0.354007
0.491401
0.0742078
0.28577
0.662
0.348383
0.662
0.428649
0.662
0.401634
0.235427
0.158176
0.0202571
0.371136
0.662
0.454884
0.548785
0.290295
0.662
0.328622
0.167328
0.319264
0.662
0.209258
0.128031
0.662
0.295018
0.499588
0.662
0.662
0.662
0.662
0.662
0.378282
0.662
0.662
0.662
0.662
0.662
0.259906
0.102604
0.211548
0.353821
0.662
0.227121
0.662
0.277871
0.300654
0.662
0.641982
0.00681739
0.194386
0.424069
0.456852
0.657426
0.662
0.131422
0.00993508
0.383328
0.662
0.213884
0.450429
0.662
0.662
0.11873
0.0852516
0.043621
0.662
0.165185
0.280664
0.425332
0.04309
0.227212
0.367106
0.410056
0.386953
0.662
0.662
0.662
0.662
0.314427
0.662
0.662
0.254567
0.662
0.213193
0.155915
0.485415
0.615454
0.662
0.461188
0.0162007
0.510679
0.662
0.383958
0.133108
0.662
0.662
0.266769
0.662
0.470848
0.385164
0.627746
0.323967
0.119653
0.662
0.305674
0.470679
0.248428
0.662
0.0944951
0.662
0.457466
0.381886
0.144146
0.662
0.448232
0.662
0.26073
0.250948
0.662
0.283838
0.662
0.169796
0.662
0.662
0.662
0.662
0.662
0.662
0.662
0.138451
0.662
0.0373776
0.387986
0.662
0.121815
0.662
0.219495
0.0148565
0.662
0.440938
0.662
0.336265
0.0847041
0.662
0.47132
0.242387
0.662
0.226581
0.505189
0.662
0.216735
0.662
0.662
0.1237
0.662
0.47003
0.213533
0.488002
0.289366
0.191783
0.662
0.0304575
0.662
0.177055
0.261792
0.25045
0.315049
0.662
0.158269
0.662
0.215794
0.662
0.662
0.19364
0.662
0.255206
0.090457
0.662
0.211963
0.42674
0.142619
0.116653
0.662
0.251366
0.662
0.47522
0.662
0.0932059
0.487159
0.120755
0.335551
0.662
0.662
0.366154
0.228951
0.23846
0.169044
0.185454
0.662
0.0383658
0.292133
0.303205
0.662
0.662
0.662
0.644003
0.59777
0.188999
0.398278
0.662
0.1521
0.0126543
0.662
0.329437
0.34385
0.662
0.459961
0.224397
0.519907
0.180311
0.662
0.317445
0.300307
0.427714
0.269104
0.547316
0.507203
0.662
0.281851
0.404991
0.282697
0.0381757
0.662
0.0588836
0.472798
0.00896393
0.186272
0.0934783
0.662
0.199881
0.468937
0.662
0.662
0.396366
0.602479
0.399908
0.328605
0.399703
0.651385
0.662
0.431443
0.662
0.662
0.526328
0.234806
0.541759
0.662
0.662
0.0780898
0.662
0.662
0.662
0.0677363
0.240816
0.435699
0.361993
0.464238
0.662
0.432625
0.662
0.0421532
0.392408
0.662
0.662
0.230119
0.208717
0.662
0.662
0.511878
0.662
0.662
