0.662
0.199695
0.184214
0.461837
0.551859
0.348549
0.169843
0.212903
0.0297122
0.354546
0.662
0.656014
0.612813
0.662
0.662
0.42377
0.662
0.111103
0.641736
0.662
0.47251
0.229784
0.535934
0.61287
0.076376
0.662
0.662
0.35829
0.177305
0.662
0.662
0.662
0.13293
0.302037
0.585486
0.231621
0.469661
0.315483
0.662
0.430302
0.662
0.662
0.381284
0.662
0.561228
0.0815309
0.243576
0.22272
0.521879
0.356711
0.281594
0.373971
0.0324595
0.60653
0.288852
0.415705
0.192958
0.121515
0.410523
0.662
0.662
0.662
0.109238
0.662
0.662
0.164374
0.662
0.131799
0.662
0.189803
0.560983
0.326836
0.552451
0.39178
0.662
0.250972
0.662
0.580616
0.662
0.662
0.559082
0.106943
0.19957
0.464596
0.253816
0.662
0.662
0.662
0.662
0.207348
0.132978
0.196941
0.662
0.600707
0.662
0.661374
0.142369
0.662
0.0491901
0.609443
0.423818
0.662
0.662
0.423501
0.277823
0.662
0.662
0.662
0.116529
0.662
0.125693
0.662
0.0396389
0.0381686
0.185023
0.19716
0.277781
0.452252
0.495336
0.622736
0.203918
0.662
0.662
0.662
0.0762386
0.389036
0.064634
0.348406
0.208956
0.662
0.662
0.662
0.0742311
0.662
0.662
0.0912001
0.235045
0.490173
0.662
0.662
0.605453
0.662
0.00243858
0.662
0.644801
0.15957
0.266375
0.376985
0.469057
0.194509
0.662
0.662
0.29808
0.662
0.233886
0.221143
0.245158
0.624007
0.191055
0.644135
0.222178
0.0315034
0.251991
0.172024
0.167503
0.662
0.437687
0.662
0.35185
0.616911
0.662
0.0873204
0.662
0.662
0.328899
0.398822
0.662
0.157061
0.434568
0.247335
0.345634
0.662
0.662
0.662
0.335741
0.646108
0.603092
0.650447
0.360061
0.00604369
0.114182
0.662
0.366842
0.242994
0.556507
0.643334
0.662
0.662
0.584448
0.0284802
0.0455903
0.308353
0.445602
0.103504
0.0119818
0.348189
0.477008
0.662
0.301137
0.372892
0.193755
0.662
0.338111
