0.395273
0.662
0.221001
0.662
0.662
0.662
0.322845
0.0686892
0.0412668
0.162242
0.465496
0.296694
0.299302
0.227677
0.662
0.662
0.448826
0.662
0.354947
0.0321276
0.523385
0.662
0.662
0.107608
0.227694
0.662
0.460123
0.0770029
0.393368
0.0886971
0.608236
0.129895
0.172292
0.07555
0.662
0.255294
0.282482
0.1433
0.456726
0.0436448
0.165701
0.662
0.0140784
0.662
0.135018
0.662
0.232197
0.129566
0.181039
0.365319
0.515049
0.405985
0.662
0.662
0.0694658
0.168171
0.662
0.662
0.583657
0.526163
0.662
0.474268
0.662
0.283993
0.19255
0.207114
0.494659
0.662
0.0159688
0.633545
0.268018
0.662
0.411822
0.0192511
0.504123
0.662
0.662
0.583638
0.323655
0.078891
0.662
0.161549
0.00467927
0.662
0.662
0.662
0.423734
0.662
0.204053
0.662
0.662
0.531938
0.0695084
0.662
0.32899
0.296134
0.662
0.257175
0.483348
0.397569
0.662
0.662
0.11307
0.453517
0.662
0.0043455
0.475605
0.164641
0.29271
0.542426
0.54531
0.425991
0.662
0.0549481
0.126544
0.662
0.0219847
0.662
0.662
0.57096
0.284826
0.578296
0.662
0.662
0.662
0.662
0.662
0.285623
0.405225
0.255555
0.552402
0.329819
0.662
0.662
0.662
0.0783037
0.381913
0.662
0.267026
0.215021
0.662
0.662
0.662
0.447449
0.662
0.118101
0.633599
0.468183
0.662
0.255481
0.662
0.136229
0.662
0.662
0.662
0.543031
0.198571
0.662
0.208484
0.662
0.662
0.0110992
0.635339
0.19199
0.662
0.102033
0.128015
0.662
0.662
0.249854
0.00490724
0.409059
0.192492
0.216484
0.662
0.464397
0.137458
0.381167
0.617295
0.47549
0.0269155
0.498302
0.662
0.567128
0.662
0.662
0.230199
0.452679
0.662
0.257752
0.662
0.599453
0.0930141
0.0181052
0.662
0.0283065
0.324104
0.662
0.277839
0.196639
0.662
0.662
0.662
0.26433
0.662
0.0703305
0.604635
0.220379
0.231527
0.626613
0.662
0.662
0.461805
0.377184
0.662
0.0677607
0.1789
0.662
0.0144664
0.412507
0.422093
0.662
0.230536
0.662
0.662
0.522969
0.0969654
0.662
0.278412
0.486547
0.271081
0.640436
0.442505
0.168508
0.229255
0.662
0.350458
0.278859
0.662
0.00898677
0.351198
0.523273
0.243117
0.172889
0.662
0.662
0.662
0.662
0.57291
0.00411303
0.428025
0.349345
0.336885
0.662
0.662
0.0245992
0.662
0.610396
0.662
0.662
0.662
0.308104
0.318865
0.662
0.137585
0.662
0.262027
0.119926
0.662
0.662
0.353716
0.284838
0.662
0.29726
0.649431
0.662
0.482436
0.235143
0.565468
0.126359
0.662
0.662
0.662
0.0636755
0.233014
0.662
0.662
0.605904
0.120968
0.561276
0.270756
0.507725
0.231547
0.463484
0.266296
0.605547
0.110699
0.416471
0.211519
0.401424
0.197955
0.0560943
0.662
0.410362
0.242444
0.662
0.662
0.662
0.0326764
0.547982
0.335114
0.327273
0.469117
0.227012
0.109658
0.662
0.662
0.574563
0.616278
0.32576
0.0462235
0.662
0.662
0.239474
0.0409996
0.0692465
0.662
0.134817
0.25916
0.662
0.268809
0.662
0.662
0.264379
0.541623
0.662
0.662
0.113298
0.358709
0.660819
0.162811
0.402272
0.334479
0.662
0.259068
0.662
0.662
0.662
0.662
0.662
0.210344
0.662
0.453135
0.6563
0.233684
0.409354
0.662
0.662
0.662
0.199836
0.662
0.286652
0.232422
0.473368
0.662
0.311482
0.662
0.662
0.104947
0.429761
0.662
0.280602
0.244463
0.389583
0.155754
0.101533
0.234332
0.363716
0.306678
0.280103
0.662
0.378688
0.662
0.279879
0.439422
0.211086
0.467731
0.589136
0.114877
0.11472
0.33255
0.0592656
0.121249
0.432687
0.662
0.662
0.662
0.200157
0.662
0.323347
0.332847
0.662
0.662
0.34851
0.561447
0.0392601
0.662
0.662
0.320861
0.662
0.662
0.0229517
0.662
0.451774
0.469499
0.662
0.208755
0.662
0.564139
0.662
0.00428356
0.0901716
0.662
0.0190379
0.662
0.180429
0.118194
0.401014
0.091806
0.183192
0.0836748
0.662
0.662
0.291425
0.0272562
0.391577
0.662
0.662
0.640253
0.662
0.662
0.164818
0.429165
0.0448596
0.371856
0.286609
0.0844482
0.662
0.0110219
0.662
0.662
0.662
0.662
0.0720864
0.0633359
0.662
0.662
0.662
0.0209522
0.303832
0.285077
0.335626
0.467464
0.662
0.360079
0.100388
0.636769
0.662
0.662
0.662
0.662
0.662
0.599753
0.1249
0.263923
0.313484
0.00827899
0.50477
0.662
0.360254
0.662
0.299875
0.662
0.662
0.662
0.662
0.0912485
0.470656
0.662
0.662
0.662
0.499943
0.230382
0.244518
0.662
0.104969
0.62653
0.309102
0.366684
0.455239
0.203129
0.463245
0.662
0.662
0.484257
0.662
0.662
0.662
0.662
0.662
0.662
0.0730492
0.16989
0.662
0.662
0.532111
0.0769472
0.28255
0.19339
0.662
0.0923152
0.557602
0.212416
0.0988076
0.155967
0.662
0.662
0.184373
0.177961
0.587079
0.662
0.195657
0.495267
0.662
0.662
0.662
0.662
0.0341305
0.378858
0.514969
0.338792
0.307283
0.366488
0.232273
0.662
0.662
0.494249
0.103368
0.491098
0.216089
0.662
0.0609383
0.169676
0.448089
0.599634
0.473472
0.662
0.044407
0.186747
0.662
0.195057
0.662
0.0463127
0.451607
0.662
0.662
0.662
0.662
0.662
0.575729
0.662
0.662
0.662
0.195756
0.255216
0.662
0.629229
0.662
0.0061013
0.662
0.662
0.357244
0.513247
0.198088
0.662
0.0440649
0.291764
0.662
0.662
0.326365
0.332536
0.0640176
0.662
0.662
0.448253
0.662
0.158035
0.662
0.662
0.662
0.108792
0.332519
0.36427
0.662
0.642508
0.225036
0.662
0.487481
0.0658772
0.376098
0.112058
0.156759
0.0781315
0.413319
0.209241
0.631376
0.174394
0.119974
0.306046
0.298032
0.662
0.0413047
0.662
0.257908
0.433079
0.479327
0.0937614
0.551613
0.662
0.355108
0.194381
0.270704
0.238333
0.433766
0.238769
0.662
0.662
0.597632
0.662
0.551068
0.220472
0.0497244
0.410991
0.0719118
0.662
0.372705
0.662
0.662
0.662
0.358443
0.43561
0.577606
0.352734
0.116896
0.364865
0.042843
0.662
0.230484
0.019653
0.335372
0.662
0.119352
0.662
0.662
0.637805
0.301076
0.662
0.312377
0.155406
0.662
0.630661
0.662
0.662
0.662
0.195142
0.662
0.0927615
0.256783
0.662
0.662
0.347007
0.662
0.197404
0.0886353
0.0209422
0.229105
0.448113
0.116579
0.110217
0.662
0.662
0.645674
0.662
0.662
0.24464
0.662
0.401079
0.350682
0.571734
0.128371
0.202269
0.345462
0.0450933
0.662
0.288157
0.662
0.662
0.662
0.662
0.662
0.463517
0.662
0.169901
0.124189
0.417835
0.175832
0.0920854
0.0171802
0.662
0.0609829
0.662
0.662
0.355225
0.291991
0.149836
0.0912359
0.277791
0.286801
0.36538
0.565677
0.187275
0.662
0.421419
0.353647
0.34859
0.35835
0.662
0.662
0.662
0.170174
0.263122
0.544921
0.185399
0.662
0.662
0.375979
0.268015
0.450843
0.378324
0.662
0.282071
0.662
0.662
0.20331
0.46996
0.290073
0.220197
0.662
0.163346
0.0322216
0.662
0.662
0.405006
0.181524
0.0424809
0.662
0.421159
0.0262192
0.662
0.173065
0.439275
0.218638
0.459756
0.662
0.13138
0.179791
0.303836
0.18209
0.662
0.405228
0.662
0.662
0.662
0.328438
0.662
0.287371
0.520152
0.339548
0.4732
0.258523
0.662
0.464546
0.662
0.662
0.258436
0.156204
0.198826
0.662
0.662
0.247175
0.206749
0.662
0.662
0.662
0.480326
0.300822
0.305924
0.662
0.21963
0.409119
0.662
0.194895
0.662
0.266056
0.108586
0.240884
0.662
0.246575
0.662
0.282542
0.342659
0.628413
0.286073
0.662
0.506653
0.662
0.0473187
0.662
0.662
0.62747
0.195216
0.286926
0.150358
0.43512
0.0857066
0.463279
0.204504
0.662
0.586612
0.344682
0.662
0.662
0.662
0.514613
0.662
0.188365
0.487776
0.507021
0.382468
0.106157
0.662
0.662
0.662
0.586265
0.662
0.662
0.458322
0.662
0.0157509
0.662
0.662
0.0530198
0.662
0.451862
0.0528616
0.662
0.076529
0.662
0.2004
0.199864
0.662
0.63339
0.0332948
0.662
0.313374
0.286946
0.216796
0.662
0.207468
0.662
0.662
0.662
0.44824
0.662
0.396835
0.662
0.662
0.432441
0.589755
0.471833
0.662
0.0814801
0.0125037
0.0949628
0.449453
0.309583
0.662
0.281024
0.662
0.662
0.556509
0.398508
0.208984
0.662
0.267615
0.662
0.138573
0.462319
0.334046
0.451366
0.00718898
0.456653
0.100732
0.662
0.662
0.315796
0.417295
0.662
0.662
0.114427
0.268327
0.662
0.0994504
0.598711
0.433228
0.662
0.32067
0.662
0.662
0.662
0.662
0.112589
0.560129
0.54079
0.208275
0.662
0.662
0.662
0.30657
0.299797
0.073584
0.140553
0.662
0.196404
0.662
0.662
0.440608
0.436552
0.215784
0.662
0.662
0.195743
0.186247
0.62452
0.662
0.662
0.424144
0.313414
0.231202
0.662
0.662
0.662
0.627855
0.190213
0.662
0.20191
0.46102
0.0943466
0.131542
0.662
0.218481
0.662
0.125783
0.213032
0.0367196
0.412934
0.188035
0.662
0.0845341
0.403636
0.0508619
0.601892
0.662
0.662
0.426802
0.662
0.662
0.531529
0.110008
0.319881
0.355836
0.662
0.662
0.480882
0.354306
0.230956
0.662
0.662
0.662
0.662
0.215787
0.206753
0.241107
0.662
0.662
0.198214
0.290569
0.0209806
0.569167
0.230614
0.413961
0.662
0.319398
0.662
0.662
0.145814
0.324147
0.266477
0.628715
0.217577
0.662
0.0869456
0.383233
0.0966937
0.360508
0.186057
0.662
0.365402
0.232879
0.188155
0.662
0.647966
0.501458
0.105942
0.307898
0.50125
0.439576
0.662
0.254139
0.00961965
0.633391
0.408313
0.217796
0.662
0.662
0.08219
0.662
0.106977
0.477863
0.305076
0.662
0.662
0.662
0.662
0.662
0.330997
0.378925
0.446892
0.662
0.252252
0.662
0.588951
0.0307632
0.459581
0.570043
0.662
0.305268
0.586562
0.123408
0.446112
0.662
0.662
0.590693
0.662
0.662
0.609258
0.662
0.662
0.107625
0.0830507
0.600228
0.260554
0.161761
0.326436
0.662
0.662
0.662
0.268661
0.220559
0.247903
0.53779
0.125259
0.116016
0.662
0.146168
0.0524179
0.15772
0.482362
0.0327627
0.164719
0.413031
0.13731
0.662
0.516665
0.662
0.27278
0.662
0.595178
0.241705
0.598931
0.301772
0.662
0.38639
0.662
0.662
0.402641
0.662
0.30519
0.662
0.00355071
0.408992
0.662
0.662
0.662
0.095424
0.318577
0.590103
0.618436
0.102719
0.190863
0.662
0.662
0.350042
0.662
0.458612
0.273036
0.242335
0.662
0.662
0.172579
0.662
0.450062
0.662
0.662
0.435721
0.662
0.247232
0.24011
0.662
0.662
0.44401
0.662
0.662
0.662
0.649035
0.254345
0.108246
0.662
0.528523
0.581323
0.440327
0.662
0.409256
0.583439
0.662
0.662
0.125115
0.251174
0.175383
0.662
0.0376551
0.278467
0.662
0.349878
0.662
0.409568
0.662
0.662
0.428429
0.662
0.370573
0.431453
0.544506
0.578094
0.662
0.31679
0.542334
0.279081
0.165819
0.662
0.201442
0.366246
0.662
0.304428
0.167842
0.662
0.662
0.218586
0.262533
0.1553
0.229904
0.300646
0.662
0.662
0.662
0.0396331
0.110896
0.662
0.446992
0.0696197
0.179721
0.649311
0.475504
0.248892
0.200861
0.194589
0.203613
0.482942
0.425069
0.662
0.662
0.662
0.662
0.342207
0.662
0.49414
0.409907
0.662
0.264817
0.591327
0.106978
0.467021
0.145453
0.0495321
0.609049
0.222086
0.193924
0.662
0.662
0.454739
0.662
0.662
0.414063
0.637169
0.662
0.662
0.240143
0.33944
0.131514
0.662
0.662
0.662
0.662
0.220523
0.136793
0.662
0.0505525
0.662
0.662
0.208929
0.662
0.419277
0.069719
0.662
0.380089
0.662
0.646912
0.429746
0.590977
0.323427
0.357334
0.220659
0.135749
0.662
0.662
0.360606
0.662
0.123398
0.662
0.0935378
0.605414
0.662
0.662
0.662
0.662
0.410848
0.317544
0.662
0.247935
0.372936
0.643259
0.662
0.330814
0.48576
0.662
0.202701
0.502929
0.662
0.01878
0.179365
0.556241
0.206145
0.20198
0.343946
0.205547
0.106771
0.662
0.662
0.181191
0.0565384
0.662
0.662
0.662
0.662
0.662
0.662
0.559873
0.18802
0.365979
0.457513
0.662
0.662
0.0208603
0.662
0.419521
0.23349
0.0860265
0.457797
0.574782
0.318312
0.662
0.455567
0.662
0.662
0.386462
0.132945
0.662
0.0357365
0.662
0.662
0.619251
0.662
0.0150023
0.307232
0.662
0.662
0.501198
0.136936
0.490563
0.48006
0.662
0.662
0.250299
0.416432
0.191137
0.662
0.257286
0.252803
0.434941
0.662
0.615578
0.463585
0.662
0.069231
0.238974
0.662
0.0200047
0.662
0.414362
0.104599
0.662
0.30445
0.392145
0.150029
0.150231
0.452465
0.662
0.400411
0.662
0.340263
0.608392
0.273468
0.223724
0.662
0.382861
0.429799
0.211357
0.0826705
0.351151
0.315087
0.61902
0.357671
0.0981366
0.116312
0.478734
0.363773
0.328278
0.476015
0.662
0.150269
0.35963
0.220207
0.662
0.00310528
0.662
0.636632
0.560335
0.0177331
0.41202
0.662
0.124305
0.405224
0.662
0.168757
0.0548116
0.662
0.464303
0.662
0.240013
0.662
0.662
0.662
0.207401
0.371321
0.662
0.662
0.1431
0.601986
0.662
0.188133
0.25782
0.662
0.103078
0.404185
0.461974
0.243951
0.553247
0.373768
0.285004
0.357336
0.42533
0.662
0.236521
0.662
0.315553
0.260656
0.398033
0.341524
0.502316
0.662
0.640298
0.41475
0.662
0.294042
0.662
0.0865766
0.401398
0.444841
0.203333
0.662
0.277978
0.662
0.662
0.662
0.221856
0.204977
0.662
0.662
0.312544
0.252537
0.365422
0.226045
0.141633
0.0627281
0.470085
0.662
0.662
0.156876
0.662
0.515501
0.41805
0.135863
0.313479
0.662
0.189638
0.438614
0.521995
0.586452
0.328492
0.157662
0.214446
0.132269
0.0948721
0.218429
0.207455
0.120809
0.226342
0.662
0.0226283
0.662
0.3005
0.289798
0.276426
0.197493
0.662
0.0360971
0.662
0.259526
0.662
0.265727
0.662
0.489826
0.0667798
0.38468
0.662
0.662
0.11156
0.278384
0.520502
0.662
0.104096
0.662
0.42001
0.020134
0.662
0.662
0.181166
0.662
0.0709716
0.662
0.662
0.0667056
0.310527
0.662
0.557118
0.223215
0.0790036
0.662
0.662
0.301273
0.662
0.662
0.662
0.662
0.527471
0.662
0.19558
0.662
0.126871
0.662
0.092095
0.662
0.367162
0.0457939
0.662
0.662
0.146709
0.203748
0.104939
0.0879728
0.246241
0.344016
0.662
0.129817
0.408463
0.662
0.662
0.121953
0.468425
0.189649
0.228512
0.224086
0.662
0.662
0.476946
0.266901
0.0271595
0.662
0.662
0.366074
0.383395
0.177269
0.358065
0.279789
0.662
0.662
0.662
0.547387
0.279498
0.393823
0.159955
0.0941698
0.612097
0.662
0.453678
0.426646
0.21281
0.662
0.481209
0.662
0.662
0.42669
0.21675
0.503673
0.662
0.567774
0.662
0.177143
0.662
0.308906
0.153681
0.308934
0.100291
0.662
0.259522
0.23397
0.28749
0.495768
0.076674
0.662
0.194239
0.299279
0.662
0.294706
0.157149
0.430304
0.0628703
0.186916
0.662
0.389159
0.0136932
0.0490183
0.388577
0.450157
0.455316
0.662
0.662
0.208554
0.397526
0.662
0.154079
0.662
0.169373
0.277123
0.393798
0.580655
0.0407998
0.306367
0.662
0.203554
0.215559
0.505737
0.135312
0.662
0.662
0.459869
0.0888357
0.662
0.445814
0.238509
0.0322447
0.662
0.301849
0.427492
0.0607844
0.662
0.371418
0.412132
0.063609
0.662
0.615866
0.107791
0.662
0.662
0.00710563
0.662
0.662
0.662
0.0858172
0.406486
0.0641056
0.662
0.662
0.0691713
0.374471
0.662
0.662
0.31238
0.352679
0.662
0.203631
0.662
0.394114
0.662
0.269363
0.335666
0.46908
0.0351436
0.412953
0.194741
0.0679894
0.280301
0.203982
0.662
0.662
0.662
0.445637
0.662
0.0598582
0.10149
0.151019
0.515278
0.662
0.0288971
0.662
0.662
0.476714
0.647498
0.18973
0.24718
0.301519
0.469693
0.417328
0.355473
0.204972
0.0116047
0.445429
0.182268
0.0676701
0.662
0.329456
0.662
0.56035
0.662
0.446669
0.199252
0.385141
0.0226532
0.662
0.662
0.234765
0.12838
0.0089698
0.662
0.359539
0.48457
0.236139
0.662
0.38013
0.103431
0.662
0.501988
0.22668
0.662
0.5582
0.197092
0.184675
0.662
0.662
0.602078
0.662
0.662
0.0572657
0.15041
0.662
0.662
0.662
0.576717
0.138958
0.662
0.662
0.662
0.459811
0.329432
0.231602
0.662
0.662
0.00239097
0.321648
0.662
0.154782
0.662
0.207993
