0.192993
0.662
0.662
0.569267
0.662
0.413704
0.651393
0.662
0.151673
0.324243
0.201678
0.0258194
0.662
0.0926157
0.662
0.660933
0.0186662
0.216293
0.662
0.662
0.322603
0.424947
0.169889
0.662
0.662
0.383454
0.28204
0.0217418
0.551429
0.201246
0.575854
0.662
0.424891
0.662
0.662
0.109818
0.16154
0.662
0.380822
0.0425556
0.253947
0.524999
0.439064
0.643207
0.662
0.662
0.463148
0.440315
0.468588
0.399759
0.662
0.438426
0.662
0.662
0.381478
0.662
0.364572
0.0496004
0.18546
0.662
0.662
0.020472
0.291406
0.250442
0.662
0.662
0.662
0.444501
0.338711
0.364685
0.505192
0.264505
0.546201
0.364969
0.244477
0.662
0.662
0.202324
0.188646
0.662
0.43638
0.162484
0.412059
0.432787
0.662
0.216859
0.662
0.0840493
0.205388
0.662
0.662
0.662
0.390933
0.662
0.499473
0.662
0.662
0.662
0.662
0.662
0.643012
0.275483
0.662
0.662
0.662
0.0648192
0.071359
0.662
0.208232
0.662
0.662
0.308234
0.255849
0.543574
0.127678
0.470979
0.534543
0.662
0.662
0.662
0.662
0.662
0.230434
0.662
0.662
0.662
0.575362
0.662
0.465306
0.662
0.662
0.113824
0.309433
0.586444
0.202335
0.184841
0.335157
0.662
0.465586
0.662
0.239001
0.344909
0.662
0.20971
0.319965
0.197928
0.196874
0.662
0.415537
0.205867
0.662
0.108415
0.193846
0.439154
0.662
0.185857
0.187158
0.035336
0.662
0.104829
0.662
0.662
0.335137
0.385828
0.319728
0.662
0.662
0.376129
0.662
0.662
0.537903
0.662
0.662
0.109549
0.662
0.153881
0.662
0.526184
0.662
0.662
0.662
0.662
0.662
0.64055
0.662
0.662
0.315002
0.662
0.481912
0.213379
0.662
0.201025
0.114784
0.32567
0.146335
0.32438
0.662
0.40616
0.662
0.662
0.435685
0.662
0.34109
0.662
0.222444
0.59587
0.662
0.017187
0.156949
0.34211
0.0725829
0.662
0.238986
0.466513
0.290333
0.603818
0.383446
0.190639
0.126848
0.159792
0.662
0.662
0.138781
0.170635
0.168251
0.118242
0.209776
0.472433
0.662
0.305018
0.438517
0.412563
0.206055
0.271401
0.636391
0.662
0.299139
0.111918
0.400643
0.662
0.391953
0.662
0.0766063
0.587493
0.225706
0.253844
0.32898
0.662
0.662
0.322769
0.269858
0.662
0.662
0.537828
0.608287
0.322297
0.527447
0.149532
0.444412
0.272854
0.346156
0.217288
0.305979
0.418712
0.662
0.193006
0.662
0.662
0.491788
0.392277
0.00138535
0.0595904
0.234215
0.662
0.390714
0.651413
0.193692
0.201415
0.058665
0.662
0.106784
0.508951
0.662
0.662
0.023057
0.662
0.662
0.662
0.637499
0.662
0.662
0.34079
0.435433
0.20861
0.525512
0.662
0.137167
0.662
0.400142
0.662
0.662
0.350814
0.662
0.643488
0.662
0.271977
0.36959
0.185814
0.662
0.470249
0.662
0.53987
0.662
0.43799
0.383546
0.421394
0.662
0.266276
0.662
0.506609
0.0120155
0.13504
0.240854
0.645019
0.17184
0.662
0.662
0.662
0.662
0.662
0.662
0.568744
0.662
0.441725
0.10673
0.662
0.0896385
0.424528
0.240396
0.440453
0.165819
0.156279
0.545414
0.662
0.230425
0.662
0.21182
0.127944
0.057309
0.662
0.475228
0.143006
0.618766
0.662
0.363997
0.496189
0.662
0.217481
0.662
0.00631207
0.585247
0.20836
0.283085
0.0871571
0.662
0.367398
0.662
0.226402
0.662
0.245842
0.277014
0.163263
0.11324
0.662
0.431046
0.662
0.662
0.662
0.662
0.61365
0.056153
0.224918
0.230236
0.662
0.662
0.415045
0.212457
0.0024309
0.35988
0.662
0.662
0.434515
0.457586
0.385446
0.662
0.662
0.270324
0.347983
0.575773
0.662
0.662
0.662
0.194965
0.662
0.662
0.662
0.294869
0.465878
0.661913
0.220182
0.119251
0.662
0.351699
0.0915428
0.662
0.292658
0.263871
0.337798
0.305308
0.513753
0.662
0.662
0.662
0.662
0.4583
0.662
0.300993
0.279312
0.359506
0.662
0.662
0.317203
0.215133
0.662
0.00198872
0.662
0.662
0.662
0.662
0.583723
0.662
0.292791
0.390586
0.228484
0.207293
0.662
0.662
0.662
0.21599
0.662
0.196105
0.662
0.662
0.252218
0.629133
0.198449
0.175509
0.0352802
0.662
0.49889
0.375618
0.211382
0.238763
0.464293
0.189471
0.168186
0.14649
0.662
0.584711
0.0248656
0.662
0.210061
0.662
0.662
0.192503
0.522587
0.645821
0.662
0.078618
0.303137
0.212594
0.662
0.662
0.662
0.662
0.662
0.109967
0.461629
0.662
0.242998
0.18007
0.324143
0.662
0.633861
0.438071
0.165634
0.662
0.286466
0.548638
0.185257
0.311034
0.592582
0.662
0.0564865
0.662
0.41475
0.662
0.11688
0.662
0.181994
0.264234
0.662
0.662
0.199479
0.662
0.453606
0.403895
0.122048
0.662
0.203007
0.662
0.662
0.0982289
0.237281
0.662
0.17697
0.248189
0.284074
0.662
0.662
0.439081
0.662
0.293036
0.662
0.662
0.662
0.662
0.0676473
0.350777
0.662
0.310276
0.662
0.118121
0.28203
0.186649
0.337143
0.662
0.350279
0.281494
0.38792
0.22436
0.662
0.270287
0.292956
0.662
0.662
0.254573
0.662
0.662
0.32617
0.127385
0.154384
0.253862
0.662
0.586511
0.314839
0.217709
0.662
0.662
0.453169
0.662
0.624734
0.138739
0.075967
0.443224
0.662
0.0977016
0.0576132
0.153408
0.662
0.662
0.662
0.646965
0.662
0.662
0.188316
0.662
0.662
0.662
0.236488
0.380568
0.662
0.662
0.662
0.662
0.662
0.17609
0.662
0.662
0.662
0.247576
0.662
0.37573
0.230802
0.169646
0.318213
0.662
0.0902971
0.515588
0.662
0.292932
0.662
0.191718
0.662
0.385481
0.355646
0.47743
0.662
0.662
0.0084174
0.662
0.0499526
0.0729758
0.435285
0.662
0.10953
0.593602
0.621545
0.324127
0.662
0.662
0.376379
0.0667913
0.662
0.443404
0.662
0.124304
0.662
0.662
0.0579796
0.465958
0.629406
0.408865
0.0966091
0.662
0.169207
0.36346
0.0133155
0.254497
0.239151
0.365666
0.299964
0.662
0.662
0.662
0.456964
0.625361
0.102176
0.529511
0.662
0.392224
0.314616
0.662
0.662
0.662
0.662
0.476461
0.0691516
0.206767
0.0167848
0.0265251
0.550089
0.040354
0.24262
0.274626
0.203288
0.662
0.192028
0.273129
0.438275
0.662
0.619745
0.244531
0.448096
0.492145
0.555378
0.662
0.662
0.662
0.228569
0.662
0.662
0.0306353
0.249478
0.662
0.08612
0.662
0.662
0.662
0.256458
0.227926
0.524266
0.662
0.662
0.03358
0.174431
0.187409
0.268254
0.534463
0.313811
0.662
0.403274
0.662
0.44586
0.662
0.0257043
0.292366
0.662
0.662
0.662
0.662
0.662
0.0660672
0.601509
0.188421
0.341918
0.24646
0.662
0.533357
0.0373516
0.367588
0.612127
0.278245
0.294608
0.662
0.150133
0.587114
0.4392
0.141113
0.230324
0.226774
0.351914
0.0167996
0.513811
0.662
0.0589497
0.628765
0.434878
0.662
0.302632
0.40573
