0.662
0.474793
0.0117691
0.332659
0.0126602
0.556537
0.0921612
0.372726
0.662
0.156235
0.662
0.0735548
0.397852
0.662
0.495686
0.662
0.185239
0.662
0.0991681
0.471093
0.123464
0.0750306
0.350373
0.662
0.0170977
0.662
0.109685
0.226022
0.125259
0.622721
0.662
0.0882059
0.662
0.416568
0.662
0.00344401
0.213294
0.320272
0.373527
0.408327
0.459154
0.58006
0.0496094
0.662
0.564398
0.662
0.662
0.662
0.493557
0.368551
0.107188
0.662
0.31831
0.662
0.56239
0.361757
0.0349553
0.662
0.409065
0.662
0.662
0.662
0.597669
0.0715726
0.255909
0.652166
0.662
0.662
0.403639
0.155303
0.293094
0.662
0.662
0.250429
0.562131
0.169966
0.662
0.662
0.662
0.662
0.662
0.662
0.151808
0.662
0.0923152
0.236904
0.253963
0.273979
0.662
0.470706
0.662
0.613225
0.53407
0.320209
0.386623
0.391279
0.259201
0.662
0.308975
0.629098
0.662
0.662
0.495357
0.467259
0.662
0.662
0.662
0.436403
0.662
0.0516803
0.106141
0.61308
0.603605
0.524353
0.662
0.662
0.292487
0.662
0.662
0.37199
0.662
0.0256603
0.278466
0.397862
0.662
0.662
0.330923
0.455707
0.662
0.472721
0.611424
0.0112218
0.662
0.450552
0.232131
0.560314
0.662
0.459739
0.519749
0.409947
0.45343
0.2077
0.213208
0.548602
0.583847
0.656966
0.150923
0.602719
0.662
0.662
0.662
0.0355996
0.348433
0.662
0.308041
0.198087
0.265785
0.312729
0.19974
0.662
0.662
0.662
0.662
0.44275
0.581771
0.662
0.27843
0.239268
0.476302
0.254517
0.637848
0.662
0.220282
0.662
0.662
0.662
0.10271
0.662
0.64976
0.26293
0.143111
0.307334
0.662
0.208355
0.662
0.467761
0.662
0.662
0.640436
0.662
0.184
0.662
0.662
0.30905
0.208984
0.662
0.360508
0.551963
0.0685745
0.662
0.345927
0.662
0.46515
0.454195
0.492921
0.518853
0.662
0.662
0.662
0.228024
0.662
0.662
0.552643
0.605278
0.249678
0.362245
0.662
0.662
0.662
0.381658
0.662
0.662
0.614866
0.231677
0.420362
0.244061
0.489126
0.662
0.0817763
0.662
0.201308
0.662
0.0861748
0.662
0.0396465
0.662
0.662
0.252252
0.312468
0.461827
0.0894955
0.27338
0.662
0.20325
0.251826
0.662
0.373059
0.00437642
0.063609
0.339913
0.276014
0.383248
0.308514
0.662
0.00416383
0.662
0.662
0.662
0.285841
0.316978
0.662
0.662
0.662
0.662
0.273301
0.588039
0.662
0.526664
0.409302
0.305079
0.662
0.0541248
0.662
0.662
0.662
0.662
0.262233
0.662
0.662
0.428393
0.662
0.662
0.339738
0.662
0.123986
0.0490183
0.662
0.662
0.219887
0.662
0.211653
0.0956332
0.662
0.0402191
0.176152
0.315799
0.662
0.662
0.662
0.662
0.197729
0.469693
0.0390788
0.409565
0.159696
0.607404
0.419003
0.662
0.0494252
0.523915
0.631481
0.569905
0.303115
0.592754
0.0209422
0.648621
0.0698147
0.445992
0.224459
0.0178581
0.662
0.186403
0.662
0.225451
0.662
0.104989
0.662
0.219001
0.178062
0.336242
0.456653
0.571638
0.276431
0.216841
0.662
0.38082
0.10594
0.264281
0.661241
0.662
0.118561
0.211026
0.4233
0.171355
0.662
0.662
0.405672
0.662
0.161263
0.311644
0.662
0.662
0.0847702
0.662
0.662
0.2398
0.462128
0.42188
0.662
0.217985
0.367294
0.487339
0.093765
0.662
0.662
0.457464
0.662
0.191313
0.0328945
0.49868
0.298887
0.30578
0.662
0.129056
0.0118282
0.410506
0.657376
0.662
0.662
0.137522
0.567819
0.662
0.160047
0.662
0.171701
0.662
0.146711
0.19613
0.143417
0.662
0.330862
0.609258
0.0909195
0.0572575
0.39491
0.164818
0.0564971
0.427378
0.585524
0.465263
0.369312
0.502612
0.323655
0.662
0.513599
0.662
0.662
0.47863
0.525754
0.662
0.285638
0.662
0.313255
0.260554
0.356203
0.662
0.200957
0.141411
0.313308
0.428715
0.516588
0.269602
0.241071
0.194689
0.662
0.662
0.662
0.484742
0.0815531
0.194741
0.40683
0.293043
0.239528
0.143486
0.558327
0.429582
0.662
0.662
0.581266
0.662
0.343895
0.554582
0.662
0.366162
0.306493
0.662
0.428387
0.662
0.447328
0.197921
0.662
0.0439205
0.662
0.490951
0.0765824
0.00340775
0.662
0.395949
0.375319
0.229715
0.662
0.339164
0.435437
0.374132
0.595178
0.0395061
0.553208
0.662
0.503877
0.203039
0.462487
0.157603
0.662
0.662
0.0754055
0.105098
0.335436
0.294117
0.469477
0.662
0.662
0.662
0.530899
0.662
0.494869
0.233424
0.662
0.662
0.417482
0.662
0.662
0.662
0.210689
0.662
0.52222
0.662
0.501961
0.590653
0.148927
0.662
0.0301504
0.662
0.633206
0.481779
0.662
0.662
0.0937782
0.662
0.22154
0.64114
0.627376
0.116068
0.189553
0.662
0.376117
0.662
0.0443029
0.291885
0.410317
0.167951
0.662
0.321514
0.186916
0.138096
0.226231
0.662
0.225061
0.0539605
0.437404
0.14657
0.662
0.662
0.178018
0.593357
0.606982
0.662
0.0316918
0.633253
0.662
0.07555
0.662
0.662
0.662
0.397526
0.662
0.348477
0.255503
0.268769
0.662
0.525085
0.0667118
0.203464
0.0766669
0.662
0.15829
0.480187
0.146481
0.156709
0.662
0.599453
0.662
0.0777673
0.662
0.662
0.662
0.662
0.427691
0.592436
0.662
0.662
0.43014
0.176477
0.131872
0.662
0.271744
0.53683
0.0432676
0.583657
0.662
0.350393
0.34555
0.152684
0.662
0.662
0.662
0.224086
0.662
0.662
0.529252
0.496382
0.203405
0.167084
0.0269155
0.662
0.662
0.436827
0.230017
0.662
0.189988
0.0363677
0.662
0.38647
0.662
0.269516
0.190314
0.00428356
0.142496
0.0350413
0.647534
0.538049
0.286688
0.165941
0.467631
0.229255
0.54108
0.302691
0.261334
0.029127
0.662
0.434507
0.373452
0.284838
0.199162
0.163601
0.36089
0.201118
0.271834
0.0799225
0.662
0.505716
0.662
0.0375195
0.16802
0.662
0.501466
0.662
0.135605
0.649465
0.281682
0.662
0.662
0.316795
0.662
0.662
0.229661
0.662
0.662
0.662
0.34859
0.476056
0.558768
0.080835
0.206995
0.170607
0.457507
0.272405
0.662
0.62947
0.662
0.662
0.129895
0.662
0.662
0.662
0.208484
0.473306
0.662
0.662
0.168959
0.412991
0.603478
0.0603165
0.196404
0.618205
0.405217
0.475882
0.662
0.123608
0.160985
0.239355
0.207532
0.662
0.662
0.0512032
0.443895
0.191632
0.662
0.0910725
0.148967
0.565697
0.31129
0.662
0.362896
0.154782
0.327857
0.497845
0.662
0.662
0.662
0.662
0.134635
0.318519
0.662
0.0577244
0.191237
0.296954
0.237431
0.662
0.570253
0.662
0.221911
0.482247
0.0578993
0.347578
0.390796
0.34351
0.302995
0.662
0.381787
0.215241
0.518131
0.662
0.188682
0.273511
0.0502873
0.662
0.529523
0.450632
0.554521
0.21675
0.206153
0.0894982
0.662
0.411438
0.462628
0.241904
0.420157
0.662
0.391952
0.0182946
0.263186
0.163346
0.0972987
0.662
0.427997
0.481707
0.167882
0.144083
0.42408
0.662
0.177217
0.587026
0.662
0.662
0.0427852
0.258851
