0.662
0.200374
0.662
0.0982289
0.305308
0.303137
0.225706
0.197474
0.0646791
0.662
0.662
0.662
0.662
0.0786486
0.396468
0.276817
0.453606
0.662
0.071359
0.0352802
0.662
0.395581
0.297843
0.661913
0.662
0.159792
0.28204
0.0524956
0.11324
0.362559
0.223586
0.0871116
0.662
0.499473
0.163263
0.0576132
0.412059
0.10953
0.662
0.318109
0.662
0.162484
0.662
0.662
0.662
0.0497556
0.662
0.4392
0.662
0.352056
0.662
0.324243
0.662
0.242998
0.153408
0.662
0.32617
0.201678
0.662
0.662
0.662
0.629133
0.293036
0.662
0.175001
0.203226
0.289088
0.0595904
0.662
0.662
0.122688
0.555378
0.0827602
0.662
0.662
0.269858
0.185257
0.662
0.113824
0.181493
0.662
0.17697
0.0167996
0.17609
0.421394
0.643207
0.662
0.662
0.662
0.443904
0.587114
0.194592
0.662
0.662
0.403274
0.309387
0.448481
0.0520683
0.412377
0.662
0.662
0.605453
0.662
0.142368
0.390933
0.662
0.453169
0.300464
0.662
0.662
0.003658
0.255849
0.0579796
0.0999017
0.432787
0.470707
0.662
0.662
0.386829
0.351699
0.305018
0.662
0.217288
0.662
0.28203
0.662
0.0926157
0.367588
0.32898
0.662
0.662
0.660933
0.424947
0.21378
0.662
0.281028
0.662
0.447481
0.662
0.197737
0.662
0.364969
0.268254
0.585247
0.448147
0.291806
0.662
0.662
0.202324
0.662
0.211573
0.662
0.385446
0.21182
0.662
0.116757
0.662
0.637499
0.438071
0.662
0.662
0.662
0.452502
0.662
0.662
0.514866
0.255089
0.662
0.662
0.662
0.662
0.662
0.456964
0.496007
0.662
0.662
0.0971707
0.662
0.299139
0.662
0.662
0.319728
0.109549
0.413704
0.606709
0.468828
0.47888
0.662
0.662
0.469646
0.662
0.229081
0.662
0.662
0.171577
0.662
0.188421
0.355266
0.292658
0.612127
0.662
0.662
0.662
0.187158
0.662
0.662
0.0915428
0.00198872
0.440453
0.202335
0.662
0.662
0.662
0.0882851
0.349972
0.662
0.662
0.159049
0.122511
0.439064
0.662
0.128828
0.153881
0.165119
0.290333
0.610186
0.662
0.264152
0.119099
0.662
0.308607
0.312246
0.655031
0.217366
0.662
0.442663
0.662
0.190639
0.367398
0.274385
0.662
0.662
0.253844
0.662
0.193006
0.662
0.662
0.1997
0.662
0.650496
0.662
0.662
0.082922
0.662
0.392224
0.662
0.662
0.332024
0.362575
0.119251
0.543574
0.438517
0.348339
0.553305
0.378294
0.314839
0.200603
0.501721
0.17184
0.662
0.526048
0.662
0.113994
0.474593
0.402783
0.252218
0.085626
0.18007
0.662
0.0797853
0.603228
0.0566574
0.28382
0.662
0.662
0.49042
0.662
0.120342
0.129589
0.662
0.662
0.662
0.662
0.0286096
0.662
0.465958
0.662
0.662
0.167699
0.340857
0.299297
0.346156
0.662
0.662
0.662
0.662
0.409957
0.513811
0.662
0.266764
0.0753118
0.198344
0.662
0.244531
0.472041
0.662
0.175667
0.662
0.662
0.662
0.662
0.587493
0.359714
0.138739
0.444412
0.662
0.146335
0.662
0.662
0.662
0.662
0.0442007
0.344909
0.108415
0.356317
0.662
0.662
0.155963
0.355746
0.662
0.662
0.619745
0.662
0.662
0.662
0.662
0.493031
0.193424
0.662
0.61365
0.211382
0.662
0.662
0.662
0.662
0.545414
0.662
0.208562
0.169207
0.302632
0.662
0.601509
0.248895
0.662
0.34109
0.191039
0.662
0.0682223
0.0797824
0.162467
0.534543
0.217485
0.408865
0.20389
0.662
0.508951
0.223442
0.662
0.248499
0.196746
0.662
0.0024309
0.347983
0.224918
0.662
0.266724
0.629406
0.315002
0.662
0.662
0.156279
0.198449
0.662
0.192503
0.0122451
0.239745
0.537903
0.438426
0.123282
0.662
0.662
0.263871
0.662
0.244004
0.115978
0.390714
0.662
0.296196
0.209776
0.0507139
0.662
0.662
0.215405
0.194965
0.662
0.369966
0.662
0.662
0.662
0.435285
0.26157
0.185814
0.075967
0.149532
0.549053
0.32567
0.332498
0.662
0.497649
0.50962
0.243516
0.662
0.662
0.0217418
0.385481
0.234215
0.313811
0.145157
0.662
0.271977
0.662
0.0504292
0.337143
0.462842
0.203288
0.249134
0.662
0.341918
0.662
0.196874
0.662
0.347944
0.482642
0.238763
0.315999
0.472433
0.322769
0.22436
0.0528488
0.34079
0.662
0.206767
0.210061
0.662
0.129129
0.380492
0.18165
0.144558
0.662
0.138771
0.180203
0.0181914
0.266239
0.662
0.20836
0.131697
0.204857
0.662
0.08612
0.153357
0.106854
0.662
0.662
0.185857
0.308234
0.662
0.593602
0.336193
0.235319
0.662
0.476434
0.662
0.662
0.662
0.141113
0.662
0.205867
0.662
0.662
0.662
0.662
0.409276
0.662
0.662
0.662
0.662
0.662
0.249478
0.471165
0.364572
0.662
0.479168
0.0411576
0.378186
0.496837
0.0660672
0.662
0.662
0.0517413
0.0687878
0.127385
0.193846
0.0490026
0.662
0.662
0.220614
0.221449
0.21599
0.662
0.596225
0.662
0.662
0.662
0.662
0.662
0.569727
0.109967
0.0705105
0.250442
0.532528
0.662
0.03358
0.0613971
0.224772
0.662
0.275771
0.638632
0.023057
0.131281
0.419624
0.662
0.662
0.247576
0.0902971
0.575854
0.443404
0.266276
0.662
0.439859
0.435685
0.662
0.170635
0.428776
0.662
0.371885
0.220182
0.277805
0.662
0.662
0.00631207
0.662
0.330464
0.662
0.281412
0.645019
0.0306353
0.201025
0.662
0.0248656
0.175086
0.34707
0.641549
0.165819
0.662
0.466513
0.662
0.662
0.662
0.0938424
0.651393
0.399334
0.217481
0.495862
0.226402
0.14649
0.662
0.662
0.335137
0.662
0.416147
0.662
0.205388
0.0766063
0.662
0.444501
0.0425556
0.293835
0.365666
0.0840001
0.293123
0.115237
0.37573
0.662
0.239151
0.309433
0.124304
0.341375
0.0386808
0.524999
0.662
0.662
0.365206
0.548638
0.488005
0.383446
0.435433
0.439081
0.226561
0.406282
0.186649
0.662
0.662
0.662
0.306098
0.465306
0.314844
0.662
0.390488
0.225448
0.364685
0.0276816
0.662
0.234484
0.116731
0.662
0.662
0.255885
0.268724
0.158328
0.178093
0.662
0.276219
0.662
0.279312
0.662
0.269803
0.0106455
0.419577
0.40573
0.418712
0.229792
0.35539
0.228484
0.187405
0.11996
0.662
0.0725829
0.662
0.215133
0.35988
0.340954
0.290911
0.662
0.662
0.662
0.662
0.662
0.165634
0.404586
0.33349
0.662
0.662
0.44586
0.662
0.199479
0.541624
0.662
0.662
0.336577
0.662
0.203128
0.662
0.662
0.0332847
0.21423
0.260995
0.230434
0.196105
0.0667853
0.662
0.662
0.381478
0.662
0.408098
0.184232
0.020472
0.390586
0.156949
0.150401
0.0624944
0.662
0.662
0.662
0.058665
0.259394
0.662
0.662
0.662
0.228569
0.165232
0.326352
0.662
0.310344
0.0840493
0.317203
0.662
0.605163
0.662
0.53987
0.662
0.284074
0.151673
0.662
0.117656
0.231238
0.662
0.662
0.662
0.36346
0.662
0.261732
0.662
0.383546
0.189471
0.0896385
0.424528
0.651413
0.662
0.662
0.197928
0.372254
0.0171744
0.322297
0.527447
0.184841
0.662
0.639741
0.662
0.20971
0.273823
0.662
0.338711
0.114784
0.662
0.662
0.357931
0.662
0.133576
0.415045
0.550089
0.662
0.662
0.220045
0.175509
0.662
0.662
0.662
0.277014
0.42708
0.643012
0.662
0.662
0.206055
0.040354
0.248189
0.180006
0.662
0.662
0.659087
0.662
0.130264
0.662
0.662
0.662
0.310276
0.0220155
0.246745
0.234245
0.0988667
0.257132
0.413194
0.662
0.264505
0.608287
0.662
0.228359
0.662
0.389581
0.380568
0.491788
0.111918
0.662
0.448096
0.662
0.249682
0.662
0.174431
0.506609
0.662
0.0676473
0.662
0.0265251
0.187409
0.307478
0.0757827
0.104829
0.662
0.662
0.309325
0.275483
0.392277
0.222671
0.254573
0.434515
0.662
0.662
0.174351
0.311671
0.662
0.190512
0.662
0.662
0.492145
0.0186662
0.568744
0.0515554
0.662
0.138781
0.662
0.117649
0.662
0.541431
0.662
0.385828
0.662
0.632307
0.662
0.662
0.456335
0.294344
0.299964
0.06905
0.469663
0.662
0.662
0.210953
0.662
0.344488
0.282168
0.319965
0.603906
0.662
0.662
0.662
0.0889755
0.513753
0.662
0.270324
0.662
0.24262
0.274626
0.238986
0.662
0.253947
0.174184
0.187419
0.150133
0.652367
0.0783105
0.200413
0.521879
0.662
0.0496004
0.378801
0.212457
0.412563
0.662
0.662
0.662
0.271665
0.479043
0.575773
0.662
0.154384
0.244477
0.437853
0.143856
0.338932
0.328944
0.586511
0.662
0.34211
0.349685
0.291406
0.029657
0.14683
0.628765
0.662
0.271401
0.662
0.662
0.164456
0.0182716
0.16154
0.470249
0.230425
0.603818
0.662
0.465586
0.208232
0.127678
0.211263
0.119284
0.0481615
0.11688
0.50325
0.283085
0.0871571
0.102176
0.662
0.636391
0.272148
0.662
0.662
0.0977016
0.662
0.662
0.305979
0.10329
0.662
0.124318
0.662
0.313413
0.47838
0.662
0.169893
0.334281
0.217709
0.346785
0.169646
0.662
0.662
0.662
0.0729758
0.645821
0.662
0.035336
0.529511
0.224153
0.00241212
0.216859
0.662
0.633861
0.662
0.110256
0.20861
0.0888448
0.662
0.207293
0.40616
0.662
0.135454
0.230324
0.11184
0.187818
0.26384
0.662
0.192028
