0.455707
0.662
0.328094
0.662
0.662
0.142404
0.300646
0.662
0.137112
0.0303312
0.54531
0.297721
0.662
0.313255
0.465263
0.339738
0.662
0.327857
0.114877
0.429582
0.0956332
0.662
0.368741
0.0577244
0.149729
0.662
0.163601
0.175612
0.544921
0.662
0.506185
0.198087
0.662
0.622367
0.662
0.662
0.662
0.662
0.61308
0.662
0.633253
0.291885
0.662
0.662
0.662
0.427997
0.627376
0.284838
0.633599
0.530105
0.599453
0.293763
0.662
0.271834
0.381787
0.662
0.446857
0.408327
0.43014
0.129056
0.0833743
0.662
0.255481
0.323655
0.538049
0.371321
0.264281
0.662
0.486153
0.662
0.134395
0.662
0.368551
0.239355
0.226022
0.502612
0.662
0.0502873
0.662
0.397862
0.134858
0.308041
0.662
0.662
0.156235
0.526664
0.489126
0.662
0.146481
0.317121
0.277839
0.135605
0.229715
0.597669
0.662
0.609229
0.493557
0.182726
0.0490183
0.662
0.662
0.220282
0.662
0.662
0.450632
0.662
0.200957
0.0875219
0.169242
0.0543353
0.593357
0.232131
0.662
0.230017
0.662
0.583847
0.063609
0.142496
0.31679
0.186916
0.25782
0.320272
0.428715
0.226231
0.490951
0.157582
0.657376
0.662
0.617285
0.552643
0.0103533
0.662
0.0494252
0.662
0.662
0.178018
0.487675
0.409947
0.135292
0.165941
0.662
0.662
0.177598
0.30578
0.308503
0.662
0.270704
0.252252
0.110593
0.662
0.0972987
0.662
0.662
0.410848
0.662
0.662
0.00428356
0.305079
0.662
0.662
0.662
0.662
0.10594
0.273511
0.164641
0.469477
0.662
0.662
0.643259
0.263532
0.639153
0.476737
0.00437642
0.662
0.188584
0.404232
0.294117
0.518853
0.283993
0.59913
0.215241
0.417482
0.662
0.662
0.479187
0.662
0.476056
0.662
0.552402
0.648621
0.213208
0.38561
0.0667103
0.447328
0.375979
0.190314
0.391279
0.662
0.156759
0.123464
0.662
0.662
0.472721
0.611424
0.107098
0.662
0.194689
0.419003
0.174943
0.330143
0.53683
0.662
0.154782
0.662
0.339913
0.587026
0.252803
0.662
0.662
0.662
0.158066
0.56239
0.465478
0.17537
0.662
0.347542
0.0814868
0.0829932
0.0117691
0.285638
0.662
0.462128
0.401014
0.662
0.662
0.662
0.662
0.581266
0.15041
0.662
0.662
0.529837
0.189988
0.662
0.312729
0.103657
0.201118
0.261334
0.662
0.0439205
0.0620111
0.421159
0.320966
0.662
0.0377438
0.592436
0.662
0.662
0.199864
0.356347
0.208484
0.219001
0.602078
0.662
0.108387
0.662
0.0390788
0.276014
0.483348
0.662
0.662
0.191237
0.581771
0.478699
0.662
0.080835
0.662
0.554218
0.662
0.131872
0.662
0.662
0.31129
0.0375195
0.662
0.437836
0.662
0.62947
0.440182
0.603478
0.306493
0.29505
0.216841
0.662
0.161263
0.662
0.330923
0.476302
0.449442
0.558327
0.416568
0.662
0.163346
0.104096
0.662
0.554582
0.662
0.662
0.64976
0.662
0.171701
0.348433
0.564398
0.662
0.105098
0.406551
0.46515
0.662
0.662
0.424295
0.468002
0.321527
0.20325
0.467761
0.662
0.213294
0.279093
0.662
0.197921
0.316978
0.319348
0.410506
0.662
0.610396
0.585228
0.662
0.662
0.607404
0.662
0.553208
0.0753358
0.662
0.662
0.280602
0.108622
0.662
0.662
0.583657
0.662
0.0395061
0.662
0.0765824
0.0159181
0.662
0.255503
0.662
0.467631
0.662
0.662
0.523915
0.273301
0.453219
0.184
0.208969
0.397852
0.311644
0.101884
0.662
0.383248
0.58115
0.662
0.662
0.38082
0.408992
0.191313
0.54108
0.662
0.662
0.662
0.462487
0.662
0.662
0.662
0.171355
0.0596434
0.37199
0.15829
0.372726
0.554738
0.235183
0.371856
0.143111
0.30905
0.176477
0.36943
0.64634
0.662
0.125259
0.0564971
0.0335473
0.203464
0.476451
0.322273
0.662
0.559916
0.662
0.662
0.662
0.516766
0.197359
0.662
0.436403
0.0286095
0.27843
0.477018
0.10997
0.222652
0.259184
0.159696
0.0126602
0.467939
0.0316918
0.662
0.49868
0.662
0.437404
0.0578993
0.662
0.662
0.0788698
0.373452
0.160047
0.502316
0.576106
0.36089
0.260554
0.188682
0.662
0.662
0.455567
0.487339
0.662
0.208355
0.21675
0.370571
0.403639
0.219887
0.662
0.58006
0.556537
0.662
0.39491
0.662
0.423081
0.662
0.104989
0.662
0.662
0.23546
0.211026
0.138096
0.298887
0.556599
0.203405
0.167084
0.662
0.662
0.501466
0.662
0.518131
0.0226004
0.241904
0.456653
0.662
0.662
0.19613
0.662
0.662
0.496212
0.0550075
0.662
0.0349553
0.662
0.466781
0.662
0.385981
0.316795
0.662
0.662
0.622721
0.0572575
0.267026
0.0750306
0.662
0.662
0.163349
0.662
0.40683
0.459739
0.0921612
0.662
0.662
0.662
0.0192519
0.278008
0.662
0.662
0.662
0.662
0.662
0.662
0.191632
0.241071
0.269516
0.26293
0.503877
0.662
0.160985
0.184675
0.27338
0.662
0.662
0.662
0.151808
0.662
0.347578
0.662
0.662
0.0735548
0.450552
0.662
0.662
0.662
0.662
0.285841
0.397526
0.662
0.446859
0.662
0.0843609
0.662
0.276431
0.143417
0.662
0.662
0.662
0.302691
0.662
0.387812
0.0182946
0.315799
0.249678
0.662
0.199358
0.662
0.662
0.374132
0.662
0.662
0.662
0.310092
0.662
0.192809
0.513599
0.288157
0.662
0.662
0.286883
0.459154
0.662
0.271744
0.0118282
0.0861748
0.436518
0.374188
0.332847
0.116068
0.662
0.662
0.0261956
0.662
0.356734
0.159128
0.662
0.107625
0.475882
0.662
0.178062
0.662
0.129895
0.477031
0.0923152
0.236904
0.662
0.662
0.224459
0.662
0.0882059
0.618205
0.662
0.605278
0.562131
0.169966
0.662
0.662
0.595178
0.662
0.662
0.410317
0.109625
0.143486
0.2398
0.662
0.142203
0.356764
0.662
0.606982
0.662
0.320209
0.470706
0.662
0.662
0.565697
0.360508
0.662
0.492737
0.662
0.662
0.416468
0.20839
0.662
0.620545
0.208984
0.0586268
0.146711
0.662
0.0909195
0.662
0.662
0.230509
0.154765
0.662
0.318519
0.662
0.0539605
0.293043
0.177217
0.662
0.662
0.0698147
0.336152
0.662
0.662
0.434507
0.0112218
0.397303
0.170715
0.441865
0.34555
0.613225
0.328578
0.41799
0.148927
0.161712
0.370712
0.662
0.420362
0.662
0.229255
0.662
0.373059
0.167951
0.506337
0.243927
0.0772539
0.436827
0.299329
0.662
0.662
0.662
0.662
0.118561
0.662
0.0845111
0.662
0.141633
0.662
0.662
0.194741
0.662
0.341492
0.280153
0.662
0.662
0.661241
0.0555194
0.07555
0.662
0.209155
0.254924
0.123398
0.193821
0.662
0.662
0.527524
0.308934
0.557118
0.662
0.652166
0.153681
0.662
0.390796
0.662
0.0815531
0.662
0.287371
0.109685
0.443895
0.313308
0.662
0.662
0.662
0.00416383
0.367294
0.369312
0.22154
0.308975
0.151467
0.107188
0.345927
0.662
0.662
0.454195
0.52222
0.662
0.321082
0.395949
0.519749
0.176157
0.350373
0.662
0.326274
0.303115
0.662
0.662
0.530247
0.662
0.662
0.206346
0.38647
0.394156
0.662
0.662
0.435437
0.378858
0.662
0.627834
0.197729
0.662
0.154301
0.646912
0.0443029
0.662
0.291871
0.225036
0.100325
0.356203
0.662
0.0847702
0.621684
0.312875
0.00340775
0.0910725
0.0355996
0.221911
0.662
0.640436
0.53407
0.202202
0.126871
0.0991681
0.177961
0.0992973
0.296347
0.269602
0.226675
0.0173902
0.503664
0.14657
0.662
0.144854
0.662
0.148967
0.656966
0.662
0.662
0.224086
0.430825
0.304428
0.106141
0.457507
0.0522637
0.662
0.110841
0.302995
0.428393
0.662
0.145846
0.524353
0.168959
0.410658
0.237431
0.197955
0.44275
0.0603165
0.662
0.662
0.195817
0.662
0.662
0.254517
0.363234
0.164818
0.662
0.255909
0.229661
0.662
0.273979
0.614866
0.409065
0.560314
0.662
0.662
0.662
0.662
0.662
0.0209422
0.632502
0.0269155
0.662
0.167882
0.420157
0.662
0.662
0.662
0.16802
0.320861
0.123608
0.0912485
0.481779
0.662
0.101472
0.321514
0.0697842
0.662
0.482247
0.662
0.662
0.662
0.258851
