0.661877
0.263815
0.274128
0.378421
0.662
0.510856
0.662
0.662
0.215721
0.209839
0.662
0.0681819
0.375468
0.0189083
0.662
0.530987
0.625071
0.555628
0.230908
0.215549
0.0252268
0.486283
0.141445
0.662
0.399096
0.662
0.662
0.452844
0.177742
0.662
0.662
0.217121
0.386217
0.662
0.454932
0.655323
0.204329
0.662
0.662
0.304525
0.0842073
0.470215
0.2478
0.406533
0.00360765
0.662
0.662
0.534456
0.168735
0.295582
0.175298
0.0807853
0.662
0.384715
0.168555
0.0681497
0.0492056
0.0245719
0.662
0.130267
0.421984
0.3778
0.633694
0.0423657
0.208912
0.573479
0.662
0.163392
0.523914
0.591494
0.580404
0.662
0.041728
0.390337
0.662
0.0872483
0.662
0.662
0.123903
0.177014
0.662
0.203936
0.53462
0.582625
0.220526
0.662
0.372107
0.461223
0.417363
0.662
0.662
0.148276
0.185072
0.662
0.392706
0.6264
0.12127
0.662
0.662
0.662
0.588054
0.390045
0.662
0.662
0.662
0.662
0.662
0.476761
0.199593
0.186884
0.662
0.662
0.183764
0.662
0.484078
0.662
0.662
0.41749
0.0172691
0.0901399
0.0787115
0.352056
0.290879
0.662
0.367254
0.662
0.134179
0.131683
0.188229
0.448702
0.199654
0.662
0.199776
0.662
0.662
0.228254
0.13933
0.662
0.31354
0.417277
0.662
0.662
0.121279
0.662
0.662
0.0468388
0.165102
0.478113
0.190602
0.450733
0.105016
0.573721
0.229311
0.662
0.662
0.608447
0.0033837
0.662
0.237189
0.662
0.128532
0.18467
0.129247
0.241637
0.469321
0.130683
0.662
0.433982
0.00999562
0.118931
0.662
0.408978
0.229136
0.17256
0.0885801
0.662
0.186409
0.374451
0.202726
0.0986972
0.662
0.662
0.232297
0.531847
0.585831
0.107014
0.457526
0.597388
0.662
0.662
0.662
0.657624
0.662
0.662
0.390974
0.662
0.662
0.662
0.638043
0.662
0.64934
0.293169
0.583305
0.104442
0.140966
0.662
0.169429
0.207332
0.662
0.633917
0.662
0.221174
0.193648
0.284302
0.662
0.188316
0.432074
0.141148
0.467266
0.222449
0.662
0.662
0.662
0.410003
0.240064
0.662
0.627147
0.662
0.189572
0.467851
0.662
0.19857
0.662
0.0974685
0.662
0.194502
0.662
0.052441
0.662
0.368806
0.333819
0.313532
0.127019
0.662
0.416796
0.114741
0.662
0.662
0.662
0.202688
0.662
0.662
0.662
0.0309798
0.662
0.639257
0.570048
0.436949
0.454941
0.210922
0.662
0.328937
0.662
0.662
0.458837
0.316412
0.245395
0.199441
0.662
0.38825
0.0784869
0.658765
0.662
0.282838
0.662
0.662
0.288707
0.372616
0.304529
0.662
0.157775
0.32353
0.612391
0.332718
0.229372
0.238486
0.356162
0.0221496
0.662
0.662
0.481222
0.286893
0.320145
0.432245
0.136185
0.662
