0.0491901
0.194509
0.60653
0.662
0.662
0.35829
0.662
0.662
0.428496
0.653425
0.15957
0.0396389
0.169863
0.0371939
0.662
0.650447
0.662
0.616911
0.404456
0.315483
0.662
0.152184
0.204811
0.469661
0.469057
0.423501
0.0915075
0.662
0.167503
0.662
0.00243858
0.662
0.662
0.138192
0.462849
0.535934
0.62088
0.222178
0.348406
0.207348
0.662
0.29808
0.142369
0.140856
0.662
0.524413
0.624007
0.354546
0.662
0.656014
0.662
0.662
0.302037
0.0297122
0.560983
0.277781
0.584334
0.461837
0.662
0.247335
0.0284802
0.521879
0.0762386
0.662
0.662
0.103504
0.662
0.662
0.47251
0.662
0.662
0.366842
0.455009
0.381284
0.662
0.662
0.250972
0.556507
0.662
0.662
0.171604
0.585486
0.643334
0.603092
0.340496
0.469849
0.242994
0.231621
0.0490176
0.328899
0.251991
0.662
0.0742311
0.373971
0.190819
0.662
0.622736
0.076376
0.662
0.243576
0.221143
0.477008
0.436439
0.42377
0.662
0.423818
0.662
0.19716
0.552451
0.662
0.662
0.644135
0.662
0.233886
0.113484
0.662
0.662
0.662
0.189803
0.193755
0.662
0.21093
0.288852
0.217518
0.418967
0.662
0.103824
0.208956
0.609443
0.39178
0.0324595
0.235045
0.0381686
0.662
0.662
0.0739361
0.293676
0.662
0.662
0.19957
0.184214
0.109238
0.326836
0.131799
0.584448
0.661374
0.452252
0.203918
0.662
0.338174
0.00604369
0.335741
0.662
0.641736
0.299781
0.662
0.129007
0.064634
0.0815309
0.430302
0.662
0.0455903
0.662
0.157061
0.125693
0.662
0.199695
0.191055
0.423859
0.662
0.662
0.201437
0.662
0.185023
0.301137
0.0873204
0.0893825
0.345114
0.0815187
0.398822
0.360061
0.0315034
0.132978
0.369195
0.662
0.283388
0.42908
0.464596
0.192958
0.662
0.251545
0.348189
0.662
0.600707
0.114182
0.662
0.662
0.662
