0.638951
0.293763
0.662
0.468607
0.662
0.662
0.662
0.662
0.515217
0.2478
0.662
0.467266
0.662
0.662
0.662
0.209612
0.00667666
0.492573
0.662
0.492963
0.662
0.662
0.662
0.662
0.662
0.0757373
0.229372
0.662
0.0423657
0.124802
0.168959
0.662
0.662
0.052441
0.657836
0.662
0.662
0.662
0.662
0.662
0.0468388
0.662
0.0908085
0.177718
0.0164201
0.356162
0.433982
0.662
0.209184
0.662
0.274128
0.336641
0.598377
0.31831
0.662
0.12716
0.662
0.662
0.305528
0.662
0.662
0.268769
0.123986
0.0564971
0.173852
0.629455
0.662
0.417277
0.195258
0.590653
0.196503
0.4105
0.454941
0.362896
0.484742
0.662
0.0172691
0.662
0.581004
0.450203
0.46515
0.395935
0.201761
0.662
0.662
0.662
0.0438845
0.0991371
0.602719
0.662
0.662
0.573721
0.455847
0.137917
0.662
0.391952
0.398484
0.427483
0.194047
0.184774
0.261199
0.662
0.363375
0.662
0.297401
0.00842663
0.662
0.221911
0.0342528
0.662
0.0257595
0.662
0.662
0.352056
0.392321
0.495686
0.662
0.165941
0.0746249
0.649465
0.569905
0.069713
0.116323
0.662
0.662
0.662
0.318934
0.662
0.0375195
0.211293
0.0667118
0.421984
0.662
0.662
0.608447
0.204971
0.662
0.175717
0.296545
0.662
0.211026
0.315799
0.402605
0.10271
0.555859
0.304525
0.662
0.662
0.250491
0.662
0.452844
0.0784869
0.260261
0.662
0.259184
0.484602
0.662
0.340298
0.293094
0.662
0.662
0.384092
0.662
0.662
0.347484
0.179703
0.662
0.631802
0.326168
0.429582
0.662
0.662
0.194689
0.0309798
0.645516
0.662
0.662
0.0726661
0.662
0.627376
0.662
0.570253
0.662
0.311644
0.347578
0.467486
0.60548
0.207068
0.652899
0.123903
0.436827
0.210922
0.629101
0.29243
0.662
0.501961
0.363203
0.260844
0.24106
0.465556
0.475042
0.38773
0.210808
0.203963
0.662
0.0861748
0.374774
0.459739
0.406896
0.662
0.409302
0.63339
0.118774
0.246486
0.657624
0.130153
0.460631
0.121279
0.662
0.662
0.662
0.662
0.662
0.587026
0.372107
0.436831
0.464095
0.662
0.0333048
0.662
0.662
0.155496
0.152741
0.408978
0.15268
0.662
0.662
0.662
0.662
0.13933
0.0316918
0.220964
0.187393
0.525505
0.662
0.439607
0.406533
0.48651
0.15829
0.662
0.0737163
0.436949
0.662
0.662
0.0786902
0.451311
0.477803
0.164818
0.250429
0.662
0.363081
0.199162
0.523914
0.662
0.390337
0.662
0.662
0.662
0.624599
0.0276791
0.392706
0.662
0.252598
0.662
0.267218
0.467777
0.00414928
0.662
0.662
0.662
0.32353
0.318738
0.0920539
0.461223
0.662
0.0787115
0.662
0.235876
0.662
0.168555
0.662
0.192939
0.479767
0.384715
0.144238
0.362245
0.662
0.440419
0.662
0.174636
0.637309
0.253963
0.662
0.207532
0.0178581
0.388659
0.662
0.272405
0.662
0.106106
0.364429
0.51553
0.662
0.662
0.591521
0.208151
0.0901399
0.2398
0.524353
0.113982
0.662
0.404594
0.289384
0.662
0.167951
0.242751
0.00843325
0.662
0.204329
0.517146
0.525754
0.219001
0.662
0.662
0.662
0.631481
0.148276
0.349152
0.130847
0.662
0.381809
0.537524
0.448702
0.662
0.662
0.234145
0.378789
0.558768
0.662
0.0367266
0.189487
0.171572
0.0252268
0.457526
0.662
0.662
0.662
0.597388
0.0205485
0.110228
0.262335
0.0737671
0.530753
0.0681819
0.662
0.241349
0.662
0.662
0.593357
0.390045
0.662
0.341778
0.662
0.285549
0.662
0.42188
0.0496094
0.662
0.662
0.662
0.555628
0.633693
0.662
0.529252
0.484844
0.62823
0.662
0.0118282
0.662
0.662
0.222145
0.662
0.662
0.127554
0.143417
0.662
0.662
0.662
0.216
0.286601
0.223782
0.662
0.662
0.350408
0.129781
0.662
0.662
0.425791
0.213294
0.221174
0.662
0.0260097
0.0398029
0.323736
0.29582
0.228254
0.105016
