0.662
0.277823
0.172024
0.366842
0.302807
0.662
0.203918
0.612813
0.190939
0.662
0.461706
0.0474413
0.408232
0.456789
0.662
0.266343
0.662
0.662
0.348406
0.662
0.662
0.0815309
0.169843
0.22272
0.171604
0.177305
0.152184
0.216669
0.662
0.116529
0.662
0.157061
0.662
0.00604369
0.662
0.10753
0.520406
0.662
0.662
0.00964761
0.662
0.552451
0.614647
0.656014
0.0284802
0.551859
0.662
0.662
0.372892
0.662
0.662
0.606399
0.609443
0.524146
0.662
0.662
0.609825
0.335741
0.662
0.662
0.279411
0.36347
0.662
0.356711
0.0880779
0.196941
0.662
0.662
0.0324595
0.0508605
0.662
0.662
0.1527
0.662
0.0820396
0.662
0.662
0.461837
0.560983
0.662
0.354546
0.640996
0.192958
0.662
0.279133
0.237846
0.389036
0.295031
0.106778
0.208956
0.241114
0.561228
0.0713097
0.398822
0.662
0.0873204
0.281155
0.29808
0.308353
0.192957
0.662
0.0315034
0.556507
0.600707
0.662
0.662
0.121515
0.558601
0.662
0.469661
0.535934
0.662
0.662
0.159405
0.662
0.283388
0.0939863
0.662
0.245599
0.662
0.528668
0.558049
0.60653
0.662
0.662
0.199695
0.662
0.662
0.231621
0.469057
0.652652
0.445602
0.662
0.662
0.252621
0.117031
0.662
0.662
0.644801
0.131799
0.076376
0.360103
0.210084
0.334117
0.584448
0.188168
0.302037
0.662
0.662
0.109238
0.345634
0.662
0.662
0.287343
0.288281
0.146275
0.259965
0.410523
0.662
0.103504
0.107954
0.00243858
0.0455903
0.585486
0.662
0.346894
0.315483
0.480699
0.457285
0.360061
0.219223
0.394892
0.266375
0.662
0.361226
0.644135
0.662
0.662
0.422805
0.490173
0.194509
0.185023
0.233886
0.437687
0.662
0.483206
0.643334
0.115231
0.662
0.662
0.243576
0.662
0.35185
0.0084253
0.662
0.330894
0.0912001
0.406666
0.269263
0.662
0.662
0.662
0.220189
0.580616
0.423818
0.662
0.622736
0.249236
0.662
0.662
0.0119818
0.662
0.47251
0.0208179
0.280716
0.288852
0.662
0.430302
0.0986885
0.662
0.624007
0.174679
0.374029
0.0381686
0.250972
0.0396389
0.661374
0.261689
0.191055
