0.662
0.662
0.346785
0.662
0.662
0.114844
0.662
0.625803
0.596225
0.151673
0.537537
0.662
0.662
0.662
0.209776
0.662
0.0553159
0.662
0.662
0.465306
0.662
0.0902971
0.14649
0.662
0.662
0.244531
0.662
0.200413
0.418712
0.118242
0.350093
0.0265251
0.115413
0.319965
0.651413
0.0934703
0.433002
0.526048
0.183647
0.662
0.284074
0.662
0.127678
0.662
0.662
0.259394
0.465786
0.412563
0.662
0.651393
0.434515
0.309433
0.568744
0.662
0.20971
0.0386808
0.0424604
0.28382
0.234215
0.0915428
0.662
0.662
0.138781
0.367588
0.438071
0.433516
0.0285435
0.593602
0.662
0.662
0.662
0.378186
0.662
0.283085
0.0871571
0.662
0.662
0.224772
0.327883
0.662
0.662
0.385446
0.662
0.662
0.662
0.662
0.271401
0.13272
0.256294
0.662
0.141113
0.200417
0.662
0.180006
0.23891
0.662
0.662
0.0507139
0.0713097
0.419577
0.392224
0.241758
0.20836
0.21824
0.662
0.662
0.0425556
0.662
0.030751
0.662
0.532528
0.662
0.662
0.662
0.662
0.662
0.40616
0.299964
0.662
0.217288
0.619745
0.0755557
0.223518
0.0576132
0.662
0.141663
0.203654
0.281242
0.662
0.662
0.201025
0.662
0.662
0.366515
0.0321453
0.600894
0.662
0.662
0.187158
0.436895
0.662
0.466374
0.381478
0.120342
0.071359
0.317621
0.465958
0.662
0.662
0.662
0.662
0.242108
0.0293088
0.662
0.242546
0.662
0.18007
0.662
0.395924
0.662
0.252712
0.662
0.662
0.570762
0.312246
0.249977
0.154384
0.215133
0.662
0.662
0.662
0.497149
0.662
0.662
0.662
0.133332
0.00920545
0.662
0.662
0.23289
0.17609
0.662
0.135454
0.163263
0.662
0.287891
0.193479
0.662
0.343828
0.662
0.662
0.355189
0.0433646
0.308422
0.662
0.223624
0.662
0.362011
0.281028
0.226561
0.662
0.662
0.317203
0.314844
0.662
0.371885
0.0252697
0.662
0.230425
0.607435
0.225908
0.322297
0.527447
0.415045
0.662
0.662
0.226402
0.662
0.472105
0.662
0.475439
0.229792
0.662
0.652652
0.662
0.662
0.662
0.662
0.314839
0.662
0.438426
0.299139
0.662
0.440453
0.662
0.597896
0.00479504
0.494597
0.460671
0.357931
0.340857
0.575854
0.202324
0.0532134
0.0496004
0.293835
0.171577
0.662
0.662
0.457623
0.662
0.662
0.514109
0.078765
0.662
0.662
0.601511
0.359448
0.32617
0.662
0.119747
0.662
0.0270539
0.587114
0.109967
0.662
0.503532
0.311877
0.0982289
0.662
0.00631207
0.395581
0.35988
0.131697
0.423628
0.383446
0.662
0.662
0.303739
0.603228
0.662
0.110833
0.662
0.662
0.662
0.662
0.40573
0.662
0.268724
0.32898
0.308773
0.662
0.239151
0.662
0.662
0.662
0.662
0.185388
0.662
0.662
0.662
0.662
0.380492
0.239745
0.629406
0.28204
0.437853
0.32124
0.352056
0.268279
0.662
0.174184
0.105589
0.334281
0.319099
0.662
0.662
0.662
0.440688
0.0747783
0.435685
0.0024309
0.347983
0.198449
0.0552598
0.662
0.366224
0.153881
0.662
0.495885
0.662
0.34109
0.662
0.308234
0.420342
0.0556604
0.655031
0.662
0.662
0.291406
0.662
0.198344
0.211382
0.662
0.662
0.217481
0.662
0.34211
0.662
0.660933
0.662
0.274019
0.193006
0.388642
0.11324
0.662
0.662
0.181662
0.248189
0.189851
0.662
0.518801
0.662
0.662
0.390714
0.550089
0.662
0.268254
0.24262
0.274626
0.263871
0.137962
0.249478
0.662
0.662
0.186649
0.385481
0.4392
0.185257
0.127385
0.662
0.247576
0.662
0.291633
0.0305759
0.440534
0.244253
0.662
0.662
0.662
0.042073
0.113824
0.393431
0.645821
0.37573
0.529511
0.662
0.1997
0.662
0.662
0.662
0.187667
0.662
0.205867
0.641549
0.230429
0.26178
0.662
0.0562287
0.234693
0.388202
0.277014
0.133576
0.183755
0.662
0.662
0.34707
0.479043
0.541624
0.662
0.0840001
0.232146
0.330464
0.275483
0.662
0.391689
0.662
0.185857
0.662
0.540155
0.435737
0.662
0.0705105
0.662
0.662
0.0669538
0.659489
0.0308098
0.119284
0.653928
0.0797824
0.17697
0.662
0.661913
0.452079
0.662
0.442671
0.296196
0.662
0.662
0.322769
0.662
0.425545
0.040354
0.662
0.148514
0.273302
0.175509
0.444501
0.662
0.324243
0.0797853
0.269858
0.192028
0.407826
0.662
0.662
0.636391
0.662
0.052175
0.662
0.326321
0.662
0.372254
0.662
0.662
0.662
0.100589
0.221594
0.662
0.662
0.662
0.662
0.264152
0.0202641
0.242998
0.470249
0.18745
0.194965
0.303006
0.662
0.195613
0.120991
0.165232
0.432787
0.606709
0.662
0.254573
0.351699
0.413676
0.310765
0.61365
0.662
0.662
0.403274
0.337464
0.291806
0.662
0.601509
0.662
0.662
0.399334
0.662
0.662
0.662
0.662
0.662
0.662
0.313811
0.192503
0.513811
0.434012
0.170877
0.545975
0.49042
0.448481
0.549314
0.0579796
0.662
0.662
0.662
0.662
0.549272
0.183084
0.311354
0.662
0.662
0.662
0.126628
0.662
0.082922
0.442814
0.253844
0.662
0.239118
0.628765
0.41859
0.662
0.662
0.662
0.409957
0.662
0.662
0.0332847
0.336327
0.662
0.184841
0.11688
0.662
0.276817
0.256595
0.662
0.162467
0.662
0.543806
0.279851
0.662
0.662
0.662
0.348339
0.187409
0.190512
0.208232
0.364989
0.159725
0.116603
0.662
0.180203
0.662
0.162484
0.185814
0.662
0.662
0.662
0.149532
0.569267
0.662
0.301188
0.113994
0.421221
0.298597
0.662
0.0217418
0.165819
0.118248
0.424528
0.356769
0.216859
0.109549
0.662
0.662
0.165634
0.06905
0.075967
0.210061
0.662
0.462396
0.0605863
0.662
0.662
0.21182
0.662
0.340674
0.213185
0.111918
0.662
0.662
0.4519
0.466513
0.643012
0.228359
0.662
0.662
0.662
0.662
0.662
0.197737
0.541431
0.662
0.292658
0.542652
0.626784
0.585247
0.0300678
0.387854
0.138796
0.273823
0.342423
0.662
0.36532
0.662
0.662
0.662
0.156949
0.41557
0.662
0.662
0.232073
0.662
0.448096
0.662
0.392277
0.188421
0.637499
0.491788
0.662
0.629763
0.252441
0.03358
0.461789
0.662
0.138943
0.0490026
0.603906
0.155963
0.233548
0.662
0.225448
0.412377
0.662
0.662
0.662
0.169207
0.023057
0.662
0.400089
0.244937
0.224918
0.276458
0.662
0.217709
0.185421
0.662
0.645019
0.159405
0.662
0.137714
0.662
0.662
0.662
0.662
0.220182
0.255089
0.225706
0.197474
0.662
0.662
0.146335
0.662
0.662
0.662
0.662
0.662
0.662
0.662
0.662
0.356692
0.0306353
0.662
0.629133
0.662
0.662
0.315002
0.662
0.662
0.518586
0.617175
0.662
0.08612
0.662
0.50325
0.662
0.0186662
0.443404
0.0840493
0.072546
0.116964
0.662
0.476434
0.662
0.568134
0.662
0.350578
0.662
0.44586
0.335137
0.662
0.22436
0.456335
0.404434
0.303057
0.16154
0.662
0.662
0.305018
0.662
0.0660672
0.255849
0.662
0.020472
0.662
0.662
0.338711
0.662
0.310344
0.0668908
0.532163
0.453606
0.662
0.662
0.643207
0.662
0.662
0.662
0.642382
0.420713
0.237298
0.146412
0.662
0.153408
