0.201112
0.409277
0.489977
0.408709
0.0185573
0.10309
0.382382
0.453906
0.194216
0.307443
0.210536
0.115031
0.34391
0.662
0.662
0.335726
0.662
0.641922
0.0527837
0.0709802
0.477124
0.464988
0.662
0.662
0.27052
0.272437
0.662
0.147097
0.406596
0.662
0.584037
0.163133
0.214319
0.464393
0.386327
0.662
0.15159
0.176153
0.0658181
0.123382
0.222049
0.570856
0.236567
0.445481
0.662
0.662
0.662
0.204328
0.126672
0.662
0.375099
0.662
0.662
0.318625
0.122348
0.233044
0.351005
0.0662089
0.379497
0.194836
0.662
0.662
0.156973
0.662
0.662
0.00762783
0.552498
0.0542174
0.0974123
0.297304
0.633694
0.303642
0.275255
0.196009
0.273674
0.662
0.200128
0.662
0.211427
0.217689
0.198615
0.238198
0.182665
0.150842
0.662
0.458149
0.35267
0.662
0.662
0.662
0.662
0.199829
0.260595
0.328875
0.662
0.00386172
0.17189
0.662
0.335056
0.438137
0.356376
0.198593
0.662
0.476666
0.208687
0.662
0.00388878
0.36237
0.662
0.352011
0.104188
0.066422
0.662
0.378168
0.306393
0.662
0.287484
0.572173
0.232792
0.662
0.18818
0.186864
0.662
0.583768
0.657792
0.0859185
0.214125
0.662
0.46998
0.534408
0.662
0.662
0.088128
0.273867
0.662
0.214011
0.206735
0.108399
0.155254
0.165225
0.662
0.00573205
0.229678
0.662
0.0964792
0.653992
0.608158
0.229312
0.662
0.392971
0.34819
0.662
0.21411
0.42825
0.164126
0.0906005
0.609108
0.662
0.20295
0.00497791
0.662
0.571787
0.236558
0.460344
0.633694
0.163582
0.662
0.662
0.662
0.234453
0.662
0.662
0.662
0.218587
0.211825
0.662
0.0620589
0.174699
0.36312
0.662
0.504866
0.662
0.201728
0.662
0.253917
0.662
0.32866
0.659792
0.175697
0.237065
0.64011
0.422195
0.0656264
0.400806
0.662
0.662
0.205496
0.0989149
0.662
0.662
0.662
0.445814
0.662
0.262876
0.662
0.662
0.228166
0.338277
0.215745
0.662
0.494243
0.0872234
0.662
0.632836
0.662
0.322292
0.28435
0.402831
0.662
0.316085
0.388494
0.662
0.662
0.632849
0.237609
0.436993
0.175461
0.662
0.662
0.662
0.322466
0.0258995
0.34963
0.589229
0.662
0.384416
0.146366
0.0991317
0.662
0.121345
0.257891
0.313207
0.209237
0.168058
0.662
0.662
0.412812
0.662
0.121815
0.662
0.199558
0.507779
0.662
0.285573
0.296093
0.56636
0.149467
0.246554
0.662
0.662
0.014002
0.662
0.00159473
0.662
0.662
0.0827842
0.662
0.0321466
0.301591
0.213911
0.257823
0.662
0.0215778
0.461914
0.1725
0.662
0.662
0.662
0.662
0.662
0.662
0.407451
0.180705
0.494375
0.222325
0.662
0.662
0.662
0.332516
0.662
0.58845
0.0529969
0.662
0.662
0.386306
0.662
0.662
0.217242
0.186178
0.302844
0.662
0.356937
0.662
0.662
0.166218
0.163937
0.662
0.361042
0.145284
0.179192
0.275001
0.418271
0.430492
0.662
0.299324
0.242118
0.112214
0.662
0.294484
0.662
0.662
0.662
0.469589
0.265087
0.658055
0.662
0.662
0.024898
0.190413
0.223515
0.194834
0.244955
0.043687
0.111781
0.662
0.336048
0.00237219
0.624893
0.275343
0.227418
0.3182
0.328321
0.102746
0.662
0.139493
0.662
0.185999
0.662
0.662
0.662
0.426008
0.662
0.417415
0.145205
0.513631
0.44892
0.662
0.0506221
0.662
0.157559
0.0729016
0.662
0.140197
0.553534
0.234165
0.234966
0.438505
0.122391
0.662
0.354416
0.662
0.650478
0.662
0.415647
0.662
0.340922
0.662
0.26135
0.660916
0.122067
0.0696603
0.0994804
0.662
0.662
0.662
0.662
0.185321
0.161506
0.291963
0.38983
0.235546
0.662
0.662
0.0619289
0.662
0.32067
0.662
0.462911
0.211548
0.198649
0.571523
0.273529
0.374793
0.651695
0.118918
0.110167
0.225694
0.662
0.0633759
0.662
0.136876
0.195765
0.289823
0.248205
0.466864
0.662
0.251703
0.662
0.662
0.388339
0.662
0.662
0.662
0.0285071
0.662
0.662
0.662
0.662
0.207889
0.662
0.0785487
0.209827
0.471633
0.576585
0.581046
0.662
0.662
0.0164084
0.149979
0.662
0.276753
0.341908
0.662
0.615475
0.480804
0.662
0.466028
0.233738
0.662
0.662
0.125641
0.662
0.215453
0.662
0.662
0.662
0.662
0.393618
0.426483
0.662
0.143973
0.525964
0.662
0.148858
0.409487
0.662
0.662
0.219254
0.662
0.662
0.581232
0.662
0.662
0.219619
0.276055
0.49436
0.662
0.139381
0.1667
0.594229
0.662
0.384277
0.459082
0.33992
0.662
0.662
0.594947
0.662
0.662
0.308165
0.356728
0.662
0.662
0.329225
0.656665
0.414977
0.263775
0.19993
0.0794866
0.08105
0.662
0.662
0.0744558
0.0980762
0.477147
0.152624
0.662
0.20063
0.239214
0.662
0.120182
0.662
0.380399
0.398397
0.00478167
0.662
0.0347565
0.179467
0.458062
0.341801
0.317533
0.348826
0.662
0.191203
0.298366
0.662
0.114653
0.385122
0.55945
0.0394805
0.243647
0.505374
0.375142
0.662
0.137491
0.359626
0.662
0.662
0.662
0.662
0.197922
0.551593
0.170781
0.633694
0.662
0.17351
0.147546
0.662
0.662
0.181981
0.662
0.510997
0.378327
0.430651
0.662
0.268931
0.662
0.662
0.464175
0.662
0.662
0.188194
0.279051
0.17542
0.141811
0.473726
0.662
0.662
0.0711434
0.662
0.662
0.129852
0.151586
0.662
0.662
0.288519
0.277592
0.662
0.322205
0.662
0.662
0.42815
0.190736
0.157687
0.338886
0.662
0.171646
0.662
0.0172014
0.148657
0.662
0.363324
0.263171
0.662
0.092752
0.240126
0.356377
0.662
0.662
0.662
0.662
0.662
0.662
0.662
0.662
0.214806
0.113637
0.487177
0.399814
0.662
0.596492
0.662
0.662
0.407608
0.465851
0.570465
0.139218
0.662
0.00494889
0.201939
0.662
0.557127
0.662
0.354829
0.662
0.662
0.325027
0.063653
0.443
0.232136
0.662
0.662
0.0888736
0.164262
0.371245
0.452789
0.399703
0.391937
0.662
0.236442
0.528047
0.110494
0.662
0.126184
0.0932209
0.662
0.146899
0.662
0.662
0.662
0.662
0.186864
0.662
0.342637
0.662
0.0592547
0.417819
0.17074
0.344813
0.662
0.319103
0.662
0.662
0.494433
0.662
0.662
0.415112
0.270619
0.662
0.662
0.662
0.0320266
0.662
0.135953
0.367037
0.662
0.371656
0.188232
0.662
0.0172797
0.259288
0.176416
0.226111
0.213633
0.101481
0.422836
0.335246
0.662
0.126549
0.0724071
0.662
0.432751
0.654721
0.662
0.579339
0.201188
0.662
0.402993
0.662
0.662
0.269204
0.492756
0.386702
0.0109915
0.0161439
0.332028
0.662
0.42119
0.662
0.317831
0.336937
0.662
0.662
0.187915
0.413798
0.662
0.662
0.377978
0.590358
0.00943216
0.363432
0.386803
0.45669
0.287226
0.662
0.475856
0.168421
0.344984
0.336338
0.402209
0.309268
0.378392
0.0326259
0.662
0.184429
0.105447
0.662
0.662
0.662
0.662
0.220226
0.662
0.662
0.371461
0.662
0.292316
0.250502
0.4608
0.662
0.662
0.358704
0.144816
0.662
0.662
0.662
0.429347
0.468202
0.662
0.283997
0.662
0.0479251
0.448637
0.439244
0.655511
0.110606
0.662
0.662
0.262904
0.662
0.291541
0.303357
0.0151328
0.167585
0.118301
0.662
0.199726
0.0767226
0.262748
0.454762
0.53347
0.165304
0.662
0.662
0.662
0.246513
0.662
0.0309807
0.442858
0.662
0.26836
0.201194
0.0517972
0.662
0.336353
0.662
0.476308
0.662
0.169979
0.0897627
0.662
0.662
0.662
0.662
0.662
0.202747
0.299973
0.662
0.662
0.506543
0.662
0.662
0.41314
0.662
0.662
0.146919
0.267045
0.662
0.395248
0.148185
0.662
0.404028
0.361561
0.115672
0.236508
0.662
0.565682
0.372363
0.662
0.662
0.488399
0.230569
0.662
0.662
0.662
0.0304671
0.662
0.202037
0.662
0.662
0.125904
0.217824
0.662
0.662
0.396732
0.662
0.501072
0.176022
0.0497865
0.0488686
0.384988
0.662
0.662
0.347245
0.588601
0.194821
0.114356
0.662
0.662
0.407943
0.114396
0.121592
0.146068
0.426437
0.662
0.235401
0.662
0.0200717
0.294877
0.197738
0.662
0.662
0.662
0.662
0.368555
0.386993
0.34792
0.00865105
0.480217
0.30411
0.178033
0.131631
0.174595
0.216629
0.662
0.662
0.235986
0.662
0.638791
0.271225
0.375143
0.0153631
0.380846
0.345316
0.376141
0.38297
0.662
0.220842
0.662
0.341341
0.106638
0.662
0.163792
0.166386
0.662
0.0459599
0.662
0.0498557
0.662
0.13954
0.164028
0.662
0.172505
0.140194
0.0970122
0.662
0.0650229
0.212642
0.662
0.662
0.224815
0.578268
0.560243
0.280462
0.042223
0.383452
0.558256
0.44254
0.253466
0.382555
0.209832
0.662
0.662
0.350357
0.251321
0.421003
0.33672
0.0167026
0.662
0.437138
0.103842
0.301759
0.645217
0.451621
0.662
0.187121
0.121625
0.0867756
0.662
0.436673
0.662
0.662
0.440083
0.662
0.339172
0.346891
0.568941
0.662
0.662
0.662
0.414289
0.662
0.405201
0.662
0.662
0.0793537
0.0298381
0.163995
0.662
0.236252
0.662
0.662
0.451871
0.323308
0.662
0.662
0.548464
0.133307
0.662
0.662
0.319064
0.662
0.0464504
0.662
0.267161
0.221056
0.440002
0.662
0.330628
0.0907885
0.222844
0.662
0.452877
0.662
0.18439
0.662
0.368236
0.279759
0.662
0.308167
0.0165933
0.136199
0.662
0.29577
0.0529076
0.662
0.474654
0.437067
0.419115
0.662
0.662
0.661142
0.219667
0.662
0.662
0.662
0.662
0.662
0.292062
0.140641
0.170024
0.0741576
0.629763
0.25586
0.0999903
0.0585095
0.0393456
0.231822
0.366274
0.23259
0.23846
0.421665
0.662
0.316289
0.0904643
0.220509
0.308294
0.662
0.183708
0.283397
0.186168
0.171662
0.662
0.640128
0.120464
0.365251
0.662
0.662
0.149531
0.371508
0.407968
0.662
0.410924
0.423329
0.486191
0.662
0.662
0.662
0.558456
0.455406
0.486789
0.219449
0.444212
0.0790489
0.446257
0.0542325
0.662
0.235523
0.297737
0.0752325
0.561683
0.221753
0.273851
0.662
0.297234
0.301387
0.662
0.231362
0.591672
0.426429
0.19485
0.412483
0.305968
0.183081
0.430917
0.322439
0.662
0.662
0.0657979
0.662
0.478563
0.0278077
0.662
0.458052
0.314277
0.0776121
0.173858
0.475051
0.662
0.350078
0.120652
0.662
0.527288
0.424667
0.662
0.662
0.662
0.175505
0.607734
0.255945
0.662
0.228337
0.662
0.468353
0.31037
0.310137
0.662
0.15409
0.662
0.116739
0.436808
0.0631958
0.563794
0.662
0.337706
0.265564
0.185238
0.492491
0.281326
0.336366
0.285516
0.451539
0.201855
0.401079
0.0734555
0.662
0.414382
0.120935
0.206252
0.662
0.558001
0.662
0.11743
0.234841
0.662
0.662
0.644406
0.164038
0.662
0.662
0.394665
0.352515
0.116616
0.175797
0.211545
0.420322
0.566526
0.0362202
0.184767
0.662
0.293006
0.662
0.662
0.0165193
0.194324
0.221579
0.483683
0.222936
0.410266
0.503998
0.310539
0.662
0.43229
0.489784
0.00665343
0.662
0.662
0.662
0.362773
0.414305
0.187806
0.461546
0.662
0.443282
0.434103
0.662
0.555391
0.662
0.307561
0.662
0.163226
0.645295
0.662
0.36177
0.526658
0.662
0.521388
0.317464
0.662
0.192794
0.203945
0.662
0.291851
0.662
0.545129
0.593893
0.662
0.662
0.280757
0.662
0.662
0.388109
0.0881474
0.024261
0.102277
0.662
0.0504674
0.662
0.662
0.662
0.216968
0.202376
0.662
0.2696
0.0966575
0.190416
0.527068
0.509254
0.342367
0.31758
0.662
0.381515
0.662
0.427241
0.418444
0.191129
0.662
0.662
0.203519
0.638189
0.342613
0.027274
0.109553
0.662
0.662
0.662
0.662
0.278702
0.538952
0.662
0.662
0.269541
0.662
0.27468
0.00924439
0.455897
0.662
0.662
0.019901
0.662
0.199195
0.662
0.662
0.648892
0.662
0.662
0.386118
0.662
0.662
0.361612
0.53436
0.662
0.662
0.307216
0.662
0.335844
0.257181
0.662
0.540505
0.662
0.372265
0.662
0.459927
0.662
0.662
0.519874
0.185936
0.141618
0.194388
0.307662
0.165809
0.39162
0.662
0.662
0.662
0.662
0.63339
0.662
0.419863
0.108892
0.662
0.304548
0.319817
0.662
0.629706
0.662
0.662
0.427772
0.116841
0.574178
0.662
0.662
0.662
0.662
0.29403
0.328304
0.662
0.662
0.442152
0.457371
0.662
0.485771
0.662
0.662
0.397974
0.451413
0.0959782
0.662
0.306611
0.0387161
0.662
0.28946
0.375988
0.179881
0.662
0.346261
0.193899
0.662
0.662
0.16183
0.250386
0.447419
0.0322733
0.662
0.0720134
0.186327
0.131128
0.137648
0.386219
0.662
0.662
0.662
0.339399
0.662
0.277317
0.662
0.142648
0.662
0.256894
0.662
0.0439708
0.296172
0.662
0.199452
0.392708
0.662
0.662
0.425864
0.662
0.105674
0.662
0.455313
0.662
0.662
0.34593
0.662
0.360722
0.0187706
0.105772
0.662
0.623062
0.204166
0.662
0.662
0.0135469
0.662
0.302892
0.266256
0.662
0.0438786
0.633694
0.662
0.662
0.662
0.387303
0.0682761
0.662
0.662
0.168339
0.662
0.36963
0.4736
0.662
0.606915
0.0959086
0.662
0.662
0.280427
0.662
0.230785
0.11218
0.662
0.40043
0.0698631
0.198879
0.214898
0.27375
0.662
0.662
0.658415
0.432485
0.14229
0.662
0.440436
0.371251
0.662
0.662
0.662
0.662
0.141659
0.0228497
0.662
0.325182
0.662
0.662
0.662
0.29216
0.132113
0.492796
0.662
0.106635
0.247337
0.662
0.662
0.499746
0.140974
0.662
0.662
0.662
0.662
0.606939
0.662
0.152951
0.662
0.271305
0.29367
0.458597
0.353792
0.281393
0.177764
0.00249675
0.0975347
0.662
0.132549
0.40904
0.131829
0.662
0.662
0.662
0.390505
0.441264
0.662
0.662
0.197315
0.0434656
0.0566185
0.000340998
0.662
0.630052
0.265719
0.186272
0.0934783
0.000976959
0.192064
0.0777282
0.000934547
0.662
0.662
0.662
0.662
0.531619
0.539259
0.26989
0.282738
0.243565
0.662
0.164478
0.4779
0.662
0.264286
0.662
0.562162
0.662
0.0985869
0.662
0.662
0.476289
0.259966
0.467348
0.662
0.278086
0.175835
0.662
0.227698
0.342736
0.386245
0.662
0.662
0.662
0.18937
0.662
0.374815
0.113558
0.295545
0.662
0.0543808
0.295876
0.662
0.299706
0.415217
0.190856
0.662
0.662
0.0738313
0.208896
0.240846
0.138325
0.558807
0.195598
0.0269886
0.323003
0.041009
0.0324575
0.130973
0.662
0.662
0.627916
0.174633
0.432701
0.662
0.662
0.191541
0.19422
0.662
0.662
0.662
0.662
0.662
0.662
0.662
0.662
0.4243
0.143717
0.662
0.662
0.617239
0.662
0.662
0.662
0.143848
0.662
0.662
0.662
0.130185
0.167408
0.498713
0.386617
0.470025
0.40779
0.662
0.244837
0.226226
0.190137
0.101567
0.620182
0.140386
0.558029
0.325231
0.662
0.286259
0.443617
0.351651
0.502565
0.294106
0.0625641
0.662
0.662
0.181335
0.512433
0.662
0.662
0.662
0.313785
0.279342
0.319929
0.662
0.662
0.662
0.463269
0.481056
0.621632
0.662
0.0873366
0.213962
0.662
0.192567
0.243515
0.0511227
0.662
0.449909
0.383687
0.249905
0.101954
0.46863
0.229506
0.662
0.170082
0.155395
0.238425
0.449715
0.472571
0.662
0.501681
0.242796
0.248367
0.0904345
0.323798
0.00652381
0.252316
0.0856871
0.309139
0.268357
0.00487973
0.251192
0.662
0.471697
0.078907
0.662
0.452067
0.662
0.0944495
0.662
0.420665
0.282844
0.193377
0.410157
0.0502565
0.662
0.662
0.662
0.410434
0.104323
0.410104
0.662
0.268709
0.662
0.256813
0.187864
0.662
0.662
0.662
0.395552
0.662
0.662
0.662
0.400489
0.662
0.662
0.297459
0.557517
0.00790054
0.662
0.662
0.354814
0.124347
0.662
0.662
0.226303
0.278168
0.0156145
0.446679
0.272481
0.196836
0.662
0.471116
0.565082
0.344273
0.176947
0.662
0.654697
0.0260022
0.00107715
0.33352
0.215685
0.662
0.662
0.605848
0.662
0.130378
0.46609
0.120254
0.375124
0.2839
0.662
0.248615
0.134576
0.255891
0.662
0.0451009
0.502265
0.130968
0.662
0.662
0.166768
0.662
0.466055
0.427729
0.561233
0.219888
0.662
0.248558
0.510788
0.278256
0.174382
0.0107733
0.0528454
0.589378
0.209277
0.156023
0.662
0.662
0.333149
0.13151
0.662
0.662
0.662
0.207911
0.209779
0.349031
0.513327
0.662
0.31958
0.662
0.662
0.662
0.662
0.662
0.662
0.0177351
0.224189
0.131693
0.260137
0.242983
0.662
0.576902
0.392391
0.662
0.418691
0.662
0.31084
0.383397
0.662
0.662
0.233525
0.262173
0.452089
0.568347
0.662
0.662
0.435141
0.662
0.662
0.662
0.662
0.662
0.662
0.461436
0.662
0.02983
0.240837
0.662
0.662
0.238254
0.48659
0.225638
0.123818
0.276842
0.48791
0.468735
0.424221
0.662
0.254294
0.662
0.379574
0.662
0.249861
0.25115
0.545466
0.168496
0.265862
0.662
0.387317
0.264404
0.214375
0.383944
0.662
0.662
0.246917
0.0986105
0.662
0.662
0.0397867
0.0452272
0.358056
0.662
0.0682683
0.0583806
0.662
0.318165
0.662
0.221747
0.258274
0.662
0.369187
0.662
0.662
0.662
0.662
0.662
0.305315
0.662
0.116905
0.662
0.662
0.435594
0.0384855
0.471419
0.16593
0.400382
0.296396
0.662
0.662
0.145897
0.372471
0.662
0.13862
0.22743
0.380574
0.370867
0.662
0.662
0.662
0.662
0.0774988
0.662
0.388422
0.424993
0.489219
0.400028
0.662
0.662
0.662
0.361816
0.467312
0.662
0.0491177
0.186875
0.182938
0.662
0.662
0.662
0.295708
0.276366
0.396542
0.662
0.49191
0.489855
0.662
0.481762
0.553776
0.316944
0.499841
0.221993
0.662
0.441876
0.662
0.391978
0.436243
0.662
0.642491
0.662
0.662
0.662
0.662
0.662
0.457863
0.467652
0.284497
0.467911
0.213713
0.0465809
0.662
0.425118
0.662
0.662
0.103114
0.662
0.662
0.662
0.390492
0.662
0.0143518
0.662
0.20026
0.423892
0.0925333
0.630277
0.662
0.449473
0.402633
0.304655
0.662
0.662
0.500748
0.662
0.381381
0.139174
0.335103
0.0311161
0.246535
0.156044
0.346215
0.662
0.662
0.662
0.453398
0.400542
0.375389
0.250948
0.249788
0.662
0.662
0.343085
0.662
0.662
0.132884
0.662
0.662
0.192326
0.222503
0.045649
0.662
0.350717
0.429476
0.224559
0.155849
0.662
0.154715
0.662
0.230035
0.17998
0.662
0.234246
0.662
0.662
0.662
0.497411
0.412739
0.15301
0.662
0.662
0.662
0.346473
0.576171
0.658804
0.219052
0.662
0.653103
0.662
0.251219
0.316694
0.208252
0.581199
0.662
0.326071
0.40639
0.31547
0.220919
0.327397
0.416988
0.169006
0.471378
0.166837
0.662
0.662
0.662
0.307845
0.0213083
0.286708
0.662
0.662
0.662
0.175776
0.196288
0.576996
0.440718
0.662
0.662
0.25942
0.19561
0.467635
0.662
0.662
0.190788
0.195108
0.166608
0.662
0.662
0.167162
0.662
0.120647
0.201299
0.505582
0.662
0.662
0.662
0.662
0.199822
0.230845
0.165043
0.332351
0.662
0.231984
0.171043
0.0772171
0.4442
0.233089
0.662
0.662
0.662
0.662
0.20053
0.179673
0.662
0.662
0.662
0.268733
0.662
0.367716
0.662
0.429937
0.662
0.00548452
0.149144
0.556266
0.26688
0.284999
0.662
0.0957102
0.19295
0.189136
0.401648
0.190281
0.215437
0.350948
0.218295
0.662
0.445053
0.123696
0.404103
0.0856291
0.370552
0.662
0.662
0.218852
0.473648
0.662
0.033424
0.662
0.662
0.662
0.662
0.662
0.457908
0.184608
0.416736
0.177365
0.662
0.240153
0.233566
0.417438
0.286657
0.190249
0.454467
0.309503
0.304328
0.662
0.634657
0.432728
0.662
0.662
0.00926427
0.527876
0.570313
0.257552
0.662
0.662
0.100842
0.662
0.0485408
0.229633
0.0207282
0.192278
0.105355
0.151173
0.610842
0.662
0.181796
0.282792
0.662
0.662
0.662
0.130634
0.516976
0.574378
0.662
0.298384
0.662
0.208659
0.662
0.270895
0.662
0.662
0.662
0.662
0.662
0.662
0.255884
0.0492211
0.662
0.0992104
0.662
0.102665
0.24147
0.662
0.662
0.0397501
0.444493
0.271383
0.103451
0.325849
0.382538
0.0866104
0.122213
0.662
0.367061
0.256937
0.662
0.662
0.662
0.371502
0.301602
0.557064
0.131536
0.662
0.620369
0.662
0.662
0.641459
0.109473
0.662
0.549381
0.40248
0.298945
0.196464
0.303373
0.0305792
0.662
0.0815258
0.662
0.662
0.662
0.191783
0.146749
0.407553
0.0487696
0.662
0.662
0.28679
0.250723
0.662
0.578158
0.0208501
0.156078
0.662
0.662
0.662
0.109247
0.159086
0.269835
0.662
0.662
0.0843541
0.0769658
0.453743
0.301261
0.0328352
0.662
0.662
0.184814
0.303905
0.552235
0.662
0.662
0.222506
0.364155
0.090457
0.662
0.0681282
0.04185
0.369239
0.0368411
0.188127
0.162868
0.454416
0.196644
0.662
0.378652
0.0113064
0.662
0.142528
0.662
0.300198
0.662
0.662
0.462212
0.662
0.662
0.662
0.0597247
0.146889
0.338519
0.167993
0.539938
0.662
0.136933
0.0025636
0.448727
0.329697
0.662
0.385487
0.662
0.351212
0.358839
0.633256
0.182619
0.662
0.662
0.174481
0.561709
0.256331
0.142275
0.662
0.189917
0.662
0.154587
0.403632
0.662
0.41402
0.162597
0.537661
0.362153
0.184869
0.320668
0.662
0.117511
0.0689269
0.662
0.662
0.662
0.662
0.662
0.662
0.238987
0.0240008
0.662
0.430177
0.662
0.126579
0.214245
0.368799
0.239927
0.460113
0.200835
0.0142419
0.268733
0.0330762
0.662
0.31607
0.662
0.404069
0.662
0.662
0.120311
0.266559
0.483724
0.110872
0.517981
0.231124
0.221493
0.662
0.662
0.447677
0.662
0.662
0.213743
0.121024
0.108925
0.283746
0.662
0.0390583
0.448573
0.319896
0.254834
0.662
0.384909
0.203914
0.134144
0.0666558
0.662
0.662
0.119763
0.204774
0.474995
0.662
0.426032
0.662
0.452575
0.434937
0.662
0.662
0.662
0.662
0.52154
0.662
0.662
0.662
0.420618
0.188953
0.245991
0.2605
0.167772
0.386592
0.662
0.433269
0.660991
0.365003
0.662
0.662
0.444579
0.662
0.26326
0.662
0.100875
0.662
0.286903
0.310865
0.338583
0.662
0.286301
0.662
0.351083
0.0383844
0.0400552
0.245269
0.427359
0.253872
0.440387
0.233303
0.662
0.662
0.65601
0.442907
0.30388
0.584243
0.544117
0.662
0.0241488
0.662
0.275932
0.0202072
0.25112
0.43302
0.0498208
0.662
0.00955202
0.125844
0.662
0.662
0.662
0.555324
0.295292
0.202291
0.101218
0.320672
0.217038
0.642177
0.0140328
0.0511722
0.0326207
0.662
0.662
0.662
0.362853
0.286902
0.662
0.662
0.662
0.662
0.197951
0.324106
0.633045
0.268851
0.662
0.44816
0.662
0.159241
0.662
0.662
0.662
0.478635
0.662
0.408153
0.662
0.662
0.212108
0.662
0.662
0.566391
0.194573
0.662
0.0135929
0.0575468
0.0422067
0.397866
0.662
0.662
0.0726644
0.508028
0.662
0.662
0.288269
0.662
0.331614
0.3382
0.662
0.662
0.662
0.0464883
0.290206
0.414329
0.366779
0.662
0.662
0.548553
0.557337
0.260451
0.662
0.662
0.284145
0.462493
0.0914861
0.409186
0.192208
0.510636
0.662
0.430084
0.351727
0.662
0.662
0.114264
0.110593
0.662
0.662
0.0866281
0.596281
0.433863
0.662
0.662
0.662
0.209101
0.103031
0.500446
0.662
0.34818
0.140708
0.662
0.442548
0.141536
0.207794
0.330166
0.369117
0.518136
0.598176
0.322137
0.652156
0.429067
0.175325
0.249187
0.459364
0.381019
0.186017
0.662
0.268181
0.662
0.0856442
0.662
0.214018
0.210176
0.00503904
0.662
0.662
0.0649761
0.251688
0.662
0.180875
0.439568
0.662
0.662
0.662
0.662
0.662
0.426943
0.662
0.181039
0.295634
0.198473
0.420686
0.524035
0.49969
0.257646
0.662
0.475946
0.043982
0.249077
0.417772
0.42179
0.466299
0.662
0.0278901
0.26671
0.662
0.448547
0.662
0.223408
0.662
0.065769
0.105459
0.662
0.127315
0.662
0.30461
0.382944
0.206919
0.163653
0.169977
0.237662
0.539694
0.662
0.662
0.0135247
0.662
0.662
0.635509
0.347146
0.10767
0.662
0.649546
0.351651
0.358591
0.290201
0.206663
0.662
0.135737
0.363286
0.662
0.662
0.27908
0.662
0.662
0.662
0.192444
0.425413
0.474382
0.662
0.263991
0.448896
0.662
0.361413
0.220069
0.662
0.662
0.448685
0.135716
0.662
0.144421
0.166921
0.48056
0.499445
0.448673
0.129035
0.140423
0.37336
0.412029
0.416951
0.662
0.0281771
0.662
0.365149
0.162398
0.662
0.389042
0.662
0.407451
0.662
0.662
0.662
0.662
0.504825
0.662
0.0243791
0.662
0.282853
0.662
0.406683
0.662
0.662
0.642734
0.662
0.0858129
0.662
0.188345
0.0369019
0.662
0.353821
0.488886
0.382246
0.662
0.662
0.662
0.151301
0.131789
0.127085
0.662
0.322208
0.662
0.662
0.236029
0.662
0.662
0.275403
0.170789
0.314731
0.234053
0.662
0.196361
0.662
0.320145
0.662
0.662
0.276591
0.373152
0.662
0.223628
0.662
0.456922
0.662
0.442537
0.198804
0.269677
0.287864
0.223434
0.662
0.184891
0.145805
0.655493
0.218408
0.662
0.0406989
0.47243
0.41821
0.261792
0.662
0.213043
0.142068
0.662
0.119806
0.301499
0.662
0.662
0.317264
0.12284
0.662
0.662
0.09429
0.662
0.641251
0.662
0.662
0.662
0.550671
0.132247
0.486143
0.181352
0.196935
0.35317
0.54723
0.606312
0.662
0.183101
0.427222
0.138311
0.662
0.662
0.662
0.236076
0.141981
0.368176
0.662
0.662
0.439158
0.662
0.662
0.406152
0.338804
0.181309
0.662
0.662
0.662
0.662
0.102208
0.495453
0.662
0.662
0.263983
0.429975
0.32962
0.233833
0.137776
0.153713
0.215345
0.436724
0.515968
0.662
0.11889
0.0182184
0.402617
0.50833
0.662
0.662
0.662
0.662
0.662
0.662
0.11732
0.284737
0.16053
0.452015
0.662
0.0712378
0.280282
0.662
0.662
0.662
0.6001
0.338508
0.061107
0.662
0.662
0.662
0.442273
0.662
0.662
0.248755
0.421512
0.270299
0.00281339
0.0502695
0.662
0.297823
0.222234
0.662
0.384164
0.0915815
0.662
0.662
0.0326847
0.36968
0.187724
0.538029
0.628064
0.184964
0.204827
0.662
0.662
0.662
0.662
0.662
0.662
0.662
0.148191
0.662
0.135882
0.206209
0.411782
0.192266
0.662
0.0467726
0.302972
0.662
0.26345
0.662
0.306544
0.145816
0.662
0.207018
0.195383
0.358927
0.662
0.44356
0.274443
0.130306
0.662
0.496902
0.662
0.120039
0.662
0.369952
0.662
0.22988
0.534457
0.662
0.662
0.152392
0.0960641
0.662
0.662
0.132142
0.662
0.662
0.441166
0.662
0.662
0.662
0.256803
0.324665
0.662
0.662
0.642468
0.221394
0.662
0.662
0.59868
0.06912
0.52847
0.662
0.400755
0.416745
0.443018
0.662
0.662
0.213719
0.278559
0.0749526
0.249088
0.474845
0.662
0.119677
0.662
0.374421
0.289383
0.0742078
0.662
0.662
0.054377
0.10806
0.662
0.0483776
0.44733
0.459557
0.315049
0.662
0.235511
0.320047
0.26174
0.662
0.662
0.377453
0.662
0.662
0.662
0.530496
0.4595
0.443593
0.519596
0.154173
0.457828
0.43196
0.662
0.618
0.351513
0.470025
0.182832
0.311408
0.295541
0.386953
0.662
0.11817
0.662
0.409441
0.662
0.267878
0.322388
0.662
0.460632
0.662
0.191053
0.20791
0.662
0.662
0.396919
0.662
0.662
0.662
0.662
0.212219
0.662
0.335983
0.662
0.445145
0.250082
0.428024
0.44721
0.662
0.421793
0.662
0.135099
0.00283074
0.662
0.153385
0.347528
0.439912
0.662
0.0781322
0.568828
0.271739
0.662
0.662
0.662
0.1703
0.234734
0.662
0.482423
0.477112
0.662
0.662
0.129775
0.506921
0.575681
0.206963
0.543115
0.662
0.0263463
0.199203
0.189731
0.662
0.232575
0.218208
0.345958
0.662
0.662
0.217101
0.254559
0.612712
0.01012
0.173692
0.662
0.401663
0.662
0.662
0.662
0.171023
0.101634
0.662
0.0233353
0.0876776
0.459767
0.0515411
0.425172
0.261232
0.428647
0.662
0.662
0.20169
0.528284
0.662
0.37396
0.310358
0.19573
0.407528
0.277003
0.662
0.662
0.662
0.368276
0.560955
0.143571
0.662
0.662
0.662
0.662
0.415749
0.531955
0.662
0.662
0.662
0.33279
0.196478
0.566476
0.00233359
0.662
0.662
0.662
0.126225
0.186336
0.662
0.100638
0.613857
0.0184739
0.506021
0.662
0.662
0.662
0.662
0.662
0.130971
0.243761
0.662
0.662
0.437025
0.199736
0.662
0.662
0.229902
0.116968
0.429926
0.662
0.101015
0.662
0.353098
0.595558
0.217923
0.662
0.662
0.453875
0.442156
0.22432
0.662
0.482874
0.662
0.079839
0.662
0.662
0.0917112
0.61995
0.662
0.386471
0.413441
0.662
0.662
0.267036
0.12268
0.662
0.662
0.25746
0.662
0.662
0.662
0.1265
0.33755
0.232252
0.435183
0.662
0.0062408
0.662
0.0182417
0.662
0.447137
0.206991
0.662
0.0670136
0.662
0.198176
0.662
0.538563
0.0717504
0.662
0.662
0.220344
0.130446
0.39371
0.233871
0.662
0.457115
0.00644738
0.30026
0.0907971
0.612076
0.33706
0.662
0.662
0.368503
0.662
0.662
0.662
0.252524
0.237218
0.345175
0.662
0.232279
0.111829
0.662
0.212459
0.459049
0.280651
0.0700646
0.0108934
0.662
0.662
0.654737
0.662
0.328125
0.225513
0.103982
0.139456
0.662
0.236655
0.0226919
0.662
0.217703
0.184666
0.142672
0.662
0.230407
0.608555
0.436209
0.662
0.662
0.5985
0.662
0.103727
0.20539
0.470247
0.662
0.100239
0.303569
0.470546
0.662
0.228273
0.662
0.111022
0.662
0.269315
0.204983
0.662
0.662
0.662
0.196384
0.662
0.662
0.416396
0.662
0.229995
0.361127
0.662
0.126242
0.213822
0.410841
0.323412
0.0817517
0.662
0.183067
0.141254
0.248339
0.401811
0.385636
0.347469
0.324109
0.330813
0.662
0.374311
0.120551
0.229363
0.411051
0.662
0.662
0.105293
0.530268
0.662
0.17464
0.662
0.294079
0.662
0.12729
0.644003
0.32757
0.662
0.198185
0.507622
0.662
0.260724
0.662
0.662
0.225159
0.646335
0.662
0.0785686
0.662
0.479597
0.208618
0.662
0.428744
0.348736
0.181489
0.215442
0.347591
0.662
0.475844
0.0827687
0.662
0.662
0.226956
0.662
0.19635
0.21395
0.25591
0.139326
0.341356
0.662
0.662
0.662
0.140287
0.214765
0.00299585
0.117583
0.662
0.346213
0.231219
0.574524
0.366523
0.662
0.530296
0.316581
0.363809
0.662
0.443822
0.072973
0.407033
0.346869
0.662
0.662
0.10208
0.662
0.424343
0.662
0.662
0.466312
0.662
0.0573475
0.477339
0.148185
0.408852
0.188502
0.662
0.662
0.662
0.43156
0.270688
0.662
0.414865
0.172685
0.0180466
0.107395
0.662
0.662
0.25199
0.332186
0.662
0.211997
0.440429
0.662
0.662
0.30095
0.151046
0.194188
0.662
0.00318142
0.662
0.216875
0.662
0.256286
0.358792
0.361949
0.438684
0.630792
0.2428
0.0880461
0.628445
0.662
0.0434732
0.188371
0.407338
0.460927
0.662
0.145279
0.658556
0.416803
0.113988
0.240079
0.662
0.662
0.240326
0.295481
0.033641
0.0583086
0.0983783
0.261347
0.662
0.662
0.193711
0.134293
0.065438
0.153039
0.436175
0.385273
0.343051
0.662
0.457138
0.54324
0.662
0.230448
0.662
0.235409
0.045478
0.662
0.662
0.195515
0.662
0.662
0.364855
0.33252
0.662
0.662
0.162174
0.662
0.545967
0.269547
0.662
0.662
0.172617
0.649967
0.109232
0.660447
0.184145
0.662
0.229731
0.662
0.389676
0.289165
0.662
0.180963
0.423285
0.478768
0.662
0.662
0.662
0.662
0.662
0.662
0.159138
0.182032
0.291242
0.662
0.662
0.414956
0.153076
0.662
0.662
0.293829
0.446717
0.329025
0.245645
0.662
0.662
0.365983
0.0274218
0.226749
0.662
0.273134
0.662
0.662
0.662
0.629706
0.662
0.0957312
0.662
0.662
0.58779
0.0223147
0.33641
0.462327
0.662
0.394654
0.662
0.0625845
0.57967
0.434704
0.0940493
0.662
0.186301
0.662
0.662
0.662
0.312937
0.165489
0.51389
0.662
0.295494
0.353488
0.366362
0.230015
0.213257
0.232891
0.229623
0.197469
0.662
0.427607
0.136543
0.662
0.109547
0.305293
0.662
0.394731
0.662
0.662
0.427473
0.16466
0.662
0.0523674
0.177071
0.662
0.0285651
0.304163
0.662
0.0544765
0.456363
0.662
0.389237
0.432306
0.662
0.662
0.662
0.662
0.660265
0.662
0.269939
0.446951
0.471489
0.525719
0.111125
0.449411
0.258697
0.476142
0.397889
0.662
0.662
0.662
0.267655
0.449975
0.0175062
0.662
0.662
0.292199
0.662
0.0528049
0.662
0.662
0.173111
0.0963046
0.140306
0.320547
0.312127
0.662
0.311091
0.189304
0.308126
0.0226275
0.391706
0.287968
0.191589
0.231069
0.473343
0.227046
0.662
0.662
0.176536
0.662
0.270267
0.373312
0.186476
0.238387
0.162486
0.300654
0.142984
0.662
0.662
0.280351
0.179396
0.103576
0.662
0.202782
0.045022
0.265826
0.430975
0.391532
0.662
0.328236
0.00753964
0.1243
0.118654
0.436609
0.335262
0.216368
0.662
0.662
0.628894
0.491082
0.662
0.662
0.662
0.633391
0.423131
0.662
0.341532
0.224206
0.0974176
0.662
0.527793
0.33667
0.557122
0.662
0.662
0.184785
0.162349
0.662
0.662
0.662
0.662
0.191796
0.50322
0.662
0.662
0.662
0.31155
0.0714006
0.383528
0.380026
0.361404
0.149154
0.470775
0.662
0.662
0.12319
0.478162
0.662
0.199162
0.662
0.662
0.298265
0.0323315
0.188666
0.627715
0.226315
0.270349
0.662
0.254841
0.662
0.242075
0.114462
0.662
0.192355
0.40138
0.0742515
0.302756
0.469361
0.662
0.662
0.662
0.483495
0.662
0.662
0.2455
0.104222
0.534836
0.245155
0.208261
0.420264
0.0291815
0.662
0.176922
0.662
0.662
0.447958
0.46614
0.456915
0.430139
0.662
0.662
0.213627
0.662
0.662
0.11714
0.169755
0.343502
0.662
0.662
0.540016
0.0861246
0.0184144
0.662
0.179172
0.561171
0.662
0.302712
0.0824067
0.16303
0.245988
0.302232
0.486208
0.353503
0.406654
0.16578
0.662
0.274807
0.25828
0.289284
0.662
0.334726
0.437921
0.178564
0.386704
0.365031
0.662
0.662
0.0667182
0.662
0.662
0.662
0.382525
0.349306
0.0864293
0.662
0.201861
0.370906
0.0370237
0.662
0.662
0.368577
0.40343
0.662
0.021789
0.662
0.336728
0.156552
0.285978
0.0880787
0.662
0.202387
0.554321
0.662
0.213734
0.662
0.662
0.456379
0.0666799
0.295342
0.662
0.662
0.360996
0.42871
0.662
0.275392
0.188335
0.662
0.662
0.312082
0.117062
0.662
0.0172344
0.27017
0.209672
0.662
0.662
0.662
0.15898
0.0238886
0.265901
0.298627
0.662
0.662
0.46752
0.346581
0.127839
0.5902
0.418671
0.118546
0.662
0.47156
0.662
0.310317
0.397379
0.662
0.662
0.38702
0.589883
0.318568
0.209729
0.662
0.00443439
0.463319
0.358205
0.330086
0.472441
0.377925
0.0780508
0.347223
0.662
0.195297
0.361481
0.662
0.662
0.662
0.662
0.363979
0.439023
0.662
0.662
0.662
0.597953
0.662
0.430638
0.662
0.127717
0.324271
0.289758
0.249983
0.356565
0.338487
0.662
0.312892
0.0733994
0.662
0.662
0.662
0.191682
0.0748846
0.189643
0.446474
0.17457
0.387208
0.46933
0.662
0.662
0.24781
0.433647
0.662
0.06565
0.114905
0.0441271
0.205445
0.127763
0.109994
0.058597
0.456851
0.466139
0.358434
0.210498
0.198611
0.205397
0.46906
0.254454
0.662
0.19383
0.662
0.325814
0.204631
0.662
0.450909
0.662
0.662
0.290786
0.410082
0.662
0.662
0.389752
0.364504
0.662
0.662
0.117518
0.662
0.662
0.662
0.662
0.160597
0.445325
0.245011
0.662
0.182448
0.662
0.662
0.108506
0.662
0.385622
0.0311055
0.653762
0.448515
0.192174
0.440113
0.424582
0.662
0.297807
0.0896341
0.544191
0.0348143
0.442936
0.409569
0.367154
0.26541
0.424044
0.662
0.210687
0.398534
0.035258
0.358293
0.285784
0.26837
0.662
0.428765
0.662
0.262496
0.662
0.236812
0.0750801
0.662
0.662
0.662
0.495328
0.371906
0.662
0.662
0.662
0.100479
0.363374
0.369512
0.250062
0.49403
0.46322
0.662
0.662
0.662
0.662
0.638167
0.221574
0.662
0.662
0.662
0.662
0.209042
0.662
0.135053
0.662
0.662
0.662
0.134615
0.470399
0.190912
0.203849
0.197441
0.231503
0.604623
0.662
0.279133
0.143815
0.147509
0.662
0.662
0.0566026
0.280009
0.456905
0.354199
0.230832
0.166548
0.0515247
0.662
0.200467
0.662
0.662
0.510376
0.370098
0.662
0.662
0.662
0.294346
0.662
0.662
0.118856
0.662
0.434694
0.308262
0.662
0.662
0.662
0.662
0.662
0.623715
0.370605
0.12879
0.662
0.662
0.425382
0.662
0.662
0.366632
0.103916
0.332878
0.662
0.052814
0.149813
0.291928
0.662
0.662
0.662
0.662
0.662
0.662
0.0547902
0.662
0.22439
0.215643
0.438941
0.0865618
0.662
0.537598
0.351046
0.662
0.662
0.662
0.107128
0.662
0.662
0.209668
0.0550383
0.0598813
0.481283
0.0784485
0.364858
0.662
0.454759
0.443631
0.662
0.226519
0.462188
0.17427
0.0248306
0.662
0.662
0.662
0.662
0.662
0.662
0.662
0.192882
0.337505
0.662
0.662
0.567127
0.407356
0.662
0.278943
0.132365
0.662
0.254646
0.662
0.159103
0.428745
0.180544
0.662
0.662
0.0843033
0.662
0.632101
0.0885317
0.662
0.583816
0.662
0.304946
0.573805
0.662
0.423237
0.165483
0.268272
0.476439
0.662
0.288287
0.662
0.0378198
0.662
0.662
0.662
0.662
0.01107
0.449977
0.0282975
0.662
0.209672
0.654137
0.235011
0.662
0.662
0.303291
0.445223
0.662
0.261995
0.163147
0.313024
0.175994
0.662
0.216671
0.552845
0.305772
0.62232
0.261611
0.662
0.662
0.662
0.630982
0.650315
0.662
0.449308
0.662
0.662
0.259349
0.182629
0.662
0.662
0.0376305
0.644899
0.662
0.662
0.515793
0.597191
0.43743
0.168884
0.188747
0.33271
0.412922
0.342443
0.0315099
0.662
0.287719
0.662
0.258728
0.558704
0.662
0.0595381
0.662
0.0968837
0.662
0.662
0.3587
0.188607
0.369364
0.26951
0.548535
0.662
0.629706
0.662
0.662
0.662
0.662
0.32252
0.068308
0.503259
0.662
0.282373
0.662
0.204916
0.182819
0.316909
0.0920821
0.352538
0.662
0.662
0.662
0.130506
0.436045
0.662
0.300266
0.39826
0.202772
0.662
0.662
0.662
0.0976403
0.662
0.662
0.292025
0.662
0.103566
0.263504
0.662
0.157423
0.0253575
0.662
0.662
0.355091
0.134604
0.246451
0.136898
0.662
0.662
0.348854
0.121809
0.662
0.0974035
0.485622
0.24656
0.331944
0.662
0.662
0.662
0.633391
0.662
0.468118
0.662
0.181389
0.190825
0.662
0.258404
0.00925887
0.186174
0.378091
0.662
0.51995
0.0892967
0.467852
0.246879
0.662
0.662
0.662
0.662
0.434799
0.662
0.409554
0.399096
0.0220048
0.422546
0.457212
0.190152
0.662
0.362973
0.352966
0.662
0.662
0.0439907
0.662
0.662
0.662
0.370901
0.36506
0.33702
0.245846
0.235531
0.662
0.285849
0.177988
0.40234
0.662
0.41034
0.662
0.662
0.406479
0.149473
0.662
0.386522
0.0882834
0.662
0.662
0.662
0.662
0.0884503
0.662
0.662
0.662
0.202022
0.335949
0.113415
0.122231
0.662
0.662
0.276848
0.324699
0.662
0.441611
0.202876
0.662
0.225104
0.44319
0.662
0.243266
2.22735e-06
0.662
0.662
0.662
0.662
0.662
0.636172
0.205923
0.662
0.128268
0.567518
0.559939
0.537601
0.452527
0.662
0.662
0.216284
0.331659
0.220986
0.662
0.596153
0.234486
0.061738
0.125996
0.662
0.662
0.469539
0.662
0.662
0.662
0.232367
0.0828211
0.223134
0.074933
0.662
0.145604
0.268439
0.271835
0.570598
0.102644
0.448636
0.246057
0.662
0.223285
0.662
0.0550551
0.662
0.662
0.514151
0.185523
0.449514
0.357444
0.3975
0.662
0.428516
0.56921
0.662
0.190114
0.615634
0.405339
0.224397
0.196651
0.662
0.371002
0.621989
0.382937
0.385798
0.241958
0.662
0.365826
0.662
0.178159
0.662
0.258176
0.662
0.662
0.662
0.343926
0.662
0.283385
0.275571
0.662
0.425137
0.268079
0.347729
0.276033
0.082034
0.344625
0.316013
0.00350863
0.662
0.662
0.662
0.264448
0.464254
0.269337
0.662
0.662
0.0361863
0.662
0.662
0.662
0.662
0.0865694
0.662
0.0887264
0.288881
0.114482
0.541717
0.0954969
0.662
0.102936
0.202332
0.353972
0.131422
0.586073
0.513005
0.440673
0.662
0.0867167
0.662
0.14239
0.341712
0.662
0.662
0.134871
0.662
0.662
0.662
0.424596
0.250057
0.662
0.288861
0.662
0.158607
0.350208
0.662
0.0841439
0.662
0.662
0.290965
0.662
0.40833
0.662
0.578665
0.662
0.402333
0.054324
0.648634
0.662
0.304987
0.662
0.662
0.515945
0.662
0.662
0.662
0.662
0.427077
0.265452
0.163086
0.629763
0.662
0.364715
0.662
0.395501
0.463748
0.106326
0.152825
0.136692
0.133787
0.662
0.662
0.295262
0.232051
0.450551
0.662
0.662
0.17443
0.662
0.658755
0.662
0.640992
0.149757
0.206914
0.488595
0.662
0.372897
0.576614
0.47132
0.662
0.662
0.551112
0.601563
0.662
0.662
0.662
0.662
0.0339087
0.189545
0.146209
0.662
0.174404
0.285956
0.0250233
0.400118
0.662
0.0804407
0.0310174
0.662
0.20803
0.249508
0.451612
0.662
0.662
0.493101
0.102459
0.662
0.662
0.391922
0.2704
0.662
0.291868
0.662
0.415758
0.662
0.202756
0.200579
0.195987
0.507639
0.662
0.662
0.618598
0.662
0.403359
0.193071
0.662
0.336408
0.284732
0.483319
0.255762
0.340455
0.588029
0.662
0.42686
0.662
0.557201
0.405377
0.386527
0.304079
0.0795065
0.662
0.662
0.360994
0.289573
0.662
0.662
0.431687
0.662
0.574724
0.278562
0.662
0.662
0.662
0.57395
0.343114
0.139179
0.312807
0.473887
0.189872
0.662
0.435403
0.0341359
0.101321
0.662
0.192659
0.662
0.383693
0.662
0.172019
0.098061
0.26851
0.297004
0.328578
0.0422587
0.662
0.195954
0.155761
0.294394
0.65798
0.0123668
0.461261
0.662
0.662
0.0217641
0.198759
0.26014
0.38467
0.370484
0.662
0.662
0.21993
0.439996
0.367714
0.0540886
0.00393852
0.662
0.662
0.198845
0.101347
0.463038
0.239389
0.662
0.315252
0.290355
0.330023
0.627932
0.12541
0.438708
0.662
0.651144
0.325837
0.662
0.379089
0.187344
0.662
0.379281
0.662
0.662
0.18225
0.662
0.461527
0.335209
0.662
0.253686
0.662
0.662
0.402797
0.662
0.0408951
0.662
0.662
0.0849407
0.0752289
0.577397
0.210077
0.199207
0.24636
0.662
0.662
0.662
0.236559
0.147665
0.662
0.63167
0.600584
0.212161
0.662
0.0243184
0.662
0.662
0.23697
0.22372
0.315904
0.662
0.662
0.293537
0.074316
0.21637
0.434884
0.662
0.662
0.320844
0.476308
0.662
0.528886
0.662
0.216149
0.662
0.61386
0.19008
0.662
0.275554
0.662
0.115224
0.662
0.646448
0.0583558
0.662
0.112088
0.425192
0.662
0.662
0.403249
0.662
0.611868
0.43299
0.170672
0.662
0.662
0.303613
0.232445
0.383243
0.225817
0.468272
0.540239
0.662
0.237389
0.561639
0.165502
0.0485589
0.662
0.662
0.662
0.271331
0.205012
0.662
0.388674
0.662
0.112135
0.516263
0.580817
0.533977
0.662
0.108018
0.662
0.662
0.337523
0.260862
0.504525
0.662
0.662
0.662
0.563471
0.662
0.662
0.662
0.176765
0.197034
0.662
0.450529
0.390816
0.662
0.105008
0.0579698
0.662
0.662
0.662
0.662
0.131474
0.279362
0.0411852
0.0745106
0.295071
0.662
0.314406
0.156422
0.653136
0.275065
0.208528
0.454649
0.662
0.662
0.107031
0.121739
0.662
0.662
0.662
0.19451
0.662
0.461805
0.261083
0.137476
0.662
0.662
0.570232
0.554219
0.0851009
0.432579
0.662
0.662
0.344666
0.38321
0.662
0.281077
0.662
0.352023
0.208902
0.662
0.182852
0.662
0.662
0.662
0.145284
0.662
0.301396
0.211408
0.246142
0.662
0.662
0.00534781
0.180216
0.372811
0.324154
0.662
0.359971
0.662
0.626654
0.302784
0.157919
0.574036
0.133719
0.412124
0.662
0.662
0.662
0.178696
0.197397
0.335165
0.413738
0.662
0.464784
0.270847
0.662
0.341974
0.394545
0.411685
0.579674
0.662
0.662
0.662
0.662
0.0700689
0.662
0.662
0.0352693
0.0940985
0.662
0.456013
0.0537233
0.662
0.662
0.207822
0.434469
0.662
0.629748
0.183417
0.0500468
0.662
0.662
0.662
0.662
0.239135
0.29775
0.130371
0.662
0.282378
0.296478
0.662
0.398785
0.103547
0.194913
0.0694321
0.662
0.0302474
0.662
0.185136
0.662
0.662
0.662
0.662
0.0434466
0.091851
0.662
0.0363552
0.662
0.662
0.415662
0.662
0.368659
0.487001
0.662
0.243093
0.145245
0.457164
0.0993351
0.662
0.25851
0.27547
0.662
0.412962
0.0250949
0.512389
0.326416
0.662
0.130973
0.662
0.581518
0.0944288
0.662
0.662
0.0767341
0.520933
0.662
0.662
0.0621396
0.662
0.638541
0.270826
0.662
0.292995
0.662
0.222139
0.281581
0.662
0.189703
0.353958
0.662
0.467001
0.662
0.414242
0.662
0.320129
0.662
0.16302
0.662
0.151104
0.230686
0.662
0.409575
0.370261
0.501034
0.0611946
0.662
0.113452
0.266979
0.198736
0.139823
0.347035
0.215978
0.174372
0.175514
0.662
0.122655
0.662
0.305113
0.662
0.460811
0.662
0.427934
0.662
0.178755
0.662
0.662
0.4598
0.627524
0.342726
0.344303
0.213485
0.662
0.0885048
0.248966
0.0882697
0.178879
0.511348
0.439346
0.618768
0.212781
0.212658
0.662
0.553842
0.662
0.647695
0.243194
0.662
0.601771
0.662
0.188632
0.662
0.662
0.0770107
0.346178
0.662
0.40459
0.351073
0.465231
0.662
0.096352
0.155868
0.178902
0.662
0.24752
0.662
0.662
0.662
0.662
0.662
0.187442
0.141375
0.657577
0.662
0.0449009
0.345359
0.186258
0.285625
0.662
0.534418
0.100103
0.394822
0.203197
0.662
0.315825
0.177186
0.662
0.662
0.222271
0.251146
0.662
0.298984
0.514286
0.0858137
0.662
0.206096
0.191863
0.374532
0.131441
0.213854
0.326647
0.662
0.0467192
0.662
0.24651
0.662
0.376318
0.208302
0.380958
0.0781741
0.177719
0.582004
0.662
0.662
0.662
0.186284
0.662
0.172641
0.662
0.427288
0.312482
0.471912
0.354715
0.0776193
0.662
0.662
0.662
0.298766
0.20378
0.662
0.386733
0.212253
0.45928
0.223897
0.093803
0.261621
0.662
0.662
0.447536
0.17808
0.662
0.122691
0.129568
0.152405
0.662
0.662
0.562144
0.662
0.662
0.448161
0.352918
0.143201
0.662
0.662
0.446758
0.1694
0.282906
0.256679
0.536838
0.333932
0.662
0.200587
0.662
0.358752
0.313375
0.222731
0.521804
0.662
0.25426
0.662
0.662
0.20821
0.456518
0.310298
0.662
0.662
0.287205
0.435433
0.662
0.207661
0.138099
0.662
0.662
0.354007
0.207219
0.306491
0.00424774
0.0282397
0.409991
0.446314
0.662
0.662
0.662
0.662
0.279682
0.157955
0.662
0.100863
0.0537491
0.195477
0.662
0.280952
0.662
0.115497
0.185944
0.662
0.477923
0.394943
0.662
0.662
0.241345
0.662
0.186395
0.229502
0.162141
0.470145
0.377586
0.662
0.662
0.662
0.662
0.662
0.169695
0.0899247
0.195588
0.662
0.347382
0.202017
0.451087
0.356309
0.662
0.205068
0.359094
0.662
0.353018
0.196468
0.220645
0.662
0.461869
0.441728
0.515701
0.662
0.462427
0.056435
0.466938
0.662
0.662
0.662
0.14434
0.315935
0.662
0.662
0.662
0.325633
0.255271
0.44766
0.137037
0.0174591
0.662
0.662
0.201335
0.662
0.662
0.662
0.662
0.662
0.662
0.662
0.633391
0.662
0.0867295
0.433321
0.585541
0.662
0.170152
0.241876
0.243224
0.143716
0.361557
0.662
0.223472
0.277956
0.479808
0.456965
0.662
0.662
0.662
0.450077
0.117178
0.214221
0.662
0.427886
0.662
0.225049
0.412989
0.0936169
0.511944
0.263043
0.657287
0.662
0.662
0.662
0.662
0.662
0.662
0.323959
0.170059
0.121707
0.662
0.42341
0.662
0.218669
0.255564
0.0459863
0.364309
0.440706
0.662
0.00466173
0.227076
0.196345
0.662
0.0152985
0.126403
0.186889
0.274156
0.227544
0.465984
0.661389
0.662
0.172097
0.662
0.662
0.64784
0.431998
0.662
0.404654
0.662
0.662
0.662
0.227428
0.662
0.476661
0.662
0.662
0.284069
0.569112
0.123665
0.168414
0.662
0.662
0.662
0.662
0.0200278
0.467714
0.662
0.252727
0.243296
0.0506337
0.662
0.662
0.662
0.00966865
0.379249
0.662
0.184626
0.128129
0.130845
0.662
0.662
0.662
0.320287
0.172422
0.3513
0.25173
0.662
0.662
0.662
0.284533
0.281498
0.39424
0.0190698
0.393355
0.662
0.662
0.176294
0.310663
0.145708
0.662
0.551467
0.248411
0.253937
0.251322
0.662
0.151911
0.0480075
0.662
0.14545
0.662
0.319799
0.33333
0.201166
0.110297
0.304454
0.662
0.662
0.662
0.0215944
0.189363
0.113823
0.404459
0.402713
0.0694623
0.662
0.662
0.662
0.396435
0.662
0.662
0.662
0.662
0.0813521
0.0965971
0.484544
0.204857
0.203152
0.662
0.662
0.662
0.662
0.662
0.31604
0.662
0.196295
0.662
0.662
0.20978
0.278619
0.662
0.365125
0.44785
0.662
0.12083
0.224694
0.662
0.192095
0.662
0.425962
0.213699
0.662
0.361529
0.346548
0.662
0.213517
0.504848
0.662
0.662
0.419052
0.429641
0.222162
0.203508
0.321648
0.268389
0.534753
0.491293
0.2031
0.138723
0.0135404
0.662
0.15382
0.295022
0.278878
0.662
0.662
0.260246
0.219005
0.318887
0.662
0.189761
0.0766254
0.214759
0.662
0.120905
0.140733
0.662
0.373788
0.242448
0.348106
0.662
0.0788462
0.442196
0.662
0.403783
0.197411
0.187094
0.453751
0.662
0.0734051
0.0326692
0.289875
0.662
0.662
0.327781
0.293858
0.465445
0.114071
0.219691
0.0560969
0.662
0.152864
0.501329
0.662
0.0161631
0.332197
0.176341
0.662
0.662
0.196838
0.21583
0.570067
0.662
0.662
0.662
0.268413
0.332641
0.274226
0.325404
0.662
0.662
0.50591
0.486039
0.562447
0.107509
0.324071
0.405908
0.20958
0.662
0.361125
0.0878878
0.175083
0.0410908
0.662
0.662
0.662
0.662
0.662
0.333903
0.662
0.662
0.415742
0.206582
0.372179
0.313793
0.662
0.243442
0.662
0.03407
0.38772
0.222193
0.260681
0.662
0.179
0.314497
0.337467
0.179066
0.294413
0.338677
0.662
0.384754
0.662
0.662
0.42098
0.31113
0.662
0.239302
0.662
0.468573
0.333117
0.662
0.662
0.347327
0.487172
0.188845
0.0850517
0.662
0.662
0.581836
0.662
0.38192
0.592844
0.447251
0.662
0.413573
0.41699
0.557174
0.435308
0.145494
0.662
0.662
0.400168
0.332168
0.0598403
0.662
0.0503177
0.662
0.328896
0.0237188
0.225654
0.662
0.223522
0.463342
0.190211
0.662
0.662
0.053416
0.662
0.554009
0.474916
0.662
0.266519
0.30003
0.662
0.662
0.417811
0.662
0.662
0.462401
0.0364496
0.477233
0.16956
0.662
0.662
0.186708
0.228987
0.027451
0.183202
0.115524
0.662
0.548726
0.0326463
0.662
0.199478
0.662
0.253644
0.29111
0.662
0.662
0.662
0.662
0.0174403
0.581313
0.662
0.0723667
0.559133
0.662
0.662
0.662
0.143964
0.0246057
0.0970061
0.346382
0.143058
0.662
0.144376
0.662
0.168194
0.662
0.444023
0.391556
0.45328
0.0567663
0.662
0.662
0.10245
0.444371
0.624215
0.662
0.115275
0.1967
0.307463
0.662
0.325907
0.662
0.662
0.11679
0.565854
0.026428
0.662
0.446459
0.662
0.662
0.194295
0.454088
0.662
0.662
0.662
0.662
0.121081
0.179164
0.339923
0.662
0.505281
0.662
0.632671
0.662
0.352913
0.295668
0.662
0.662
0.282207
0.166057
0.134345
0.163259
0.0140663
0.295589
0.303667
0.662
0.0518708
0.662
0.662
0.422159
0.662
0.394637
0.262262
0.238113
0.380753
0.129146
0.188723
0.289499
0.537888
0.238891
0.662
0.315063
0.138747
0.662
0.662
0.662
0.662
0.266966
0.602777
0.515534
0.662
0.662
0.662
0.662
0.662
0.28773
0.662
0.165342
0.196289
0.172871
0.452141
0.393434
0.285916
0.0778771
0.114183
0.157917
0.0995072
0.662
0.662
0.662
0.31853
0.096057
0.150607
0.662
0.109255
0.662
0.36405
0.0610548
0.0715596
0.662
0.662
0.662
0.340421
0.137833
0.11526
0.662
0.473485
0.662
0.662
0.30092
0.662
0.187426
0.255286
0.30136
0.402884
0.662
0.662
0.30917
0.000759305
0.411824
0.617635
0.286179
0.662
0.662
0.233687
0.333676
0.662
0.662
0.00310174
0.520026
0.591831
0.0658384
0.0456501
0.216335
0.150661
0.662
0.662
0.378797
0.662
0.383958
0.46993
0.228571
0.0907579
0.662
0.313681
0.277662
0.662
0.662
0.662
0.662
0.105101
0.377393
0.662
0.260888
0.662
0.321007
0.396469
0.258288
0.574174
0.662
0.0708673
0.202654
0.223606
0.662
0.662
0.332352
0.349049
0.434825
0.662
0.173765
0.40386
0.0397469
0.0369713
0.250605
0.662
0.185853
0.472348
0.662
0.0685706
0.375819
0.423219
0.426228
0.408266
0.359891
0.396971
0.662
0.215126
0.662
0.606687
0.370684
0.662
0.662
0.662
0.345682
0.413813
0.0476987
0.662
0.662
0.384592
0.662
0.142852
0.220196
0.243749
0.662
0.104786
0.110056
0.25697
0.662
0.662
0.336905
0.28577
0.542292
0.356676
0.662
0.327406
0.183675
0.662
0.662
0.0493176
0.662
0.662
0.479824
0.662
0.131345
0.40693
0.22082
0.503725
0.517732
0.232075
0.11543
0.662
0.224384
0.223365
0.110857
0.662
0.282186
0.662
0.662
0.161551
0.160359
0.662
0.662
0.662
0.336828
0.662
0.662
0.662
0.662
0.662
0.127028
0.20759
0.212632
0.149532
0.170356
0.261243
0.23054
0.286501
0.400035
0.187482
0.662
0.355772
0.662
0.478316
0.54645
0.219039
0.662
0.662
0.155981
0.248156
0.341873
0.1521
0.662
0.662
0.662
0.448704
0.359537
0.123562
0.662
0.0275704
0.0487408
0.0301664
0.345259
0.0988889
0.341277
0.108963
0.662
0.453493
0.662
0.495503
0.0887824
0.662
0.662
0.662
0.195556
0.662
0.4549
0.519838
0.662
0.0261028
0.662
0.120543
0.514873
0.662
0.117177
0.261544
0.189517
0.662
0.242502
0.662
0.411567
0.662
0.662
0.250105
0.0482735
0.473706
0.129103
0.662
0.662
0.350206
0.389181
0.662
0.190664
0.00436235
0.662
0.662
0.662
0.293225
0.662
0.117786
0.662
0.330398
0.275305
0.487907
0.0725947
0.492862
0.180404
0.212098
0.602527
0.0283415
0.284296
0.662
0.162961
0.0329731
0.662
0.0391105
0.383311
0.0913049
0.662
0.662
0.541232
0.662
0.662
0.662
0.662
0.274176
0.348266
0.662
0.454373
0.662
0.662
0.111151
0.234629
0.340646
0.393418
0.337489
0.662
0.169537
0.662
0.662
0.28292
0.662
0.662
0.488229
0.225875
0.195591
0.662
0.0197461
0.662
0.662
0.662
0.470682
0.434915
0.662
0.259043
0.662
0.662
0.662
0.173777
0.662
0.662
0.400027
0.662
0.437724
0.0270834
0.662
0.662
0.662
0.662
0.1671
0.662
0.278943
0.269632
0.25863
0.662
0.5805
0.393002
0.662
0.112279
0.662
0.662
0.10305
0.318323
0.662
0.662
0.0853837
0.20862
0.662
0.662
0.128983
0.152261
0.662
0.662
0.337973
0.662
0.0106069
0.662
0.536549
0.196844
0.199769
0.436914
0.662
0.265575
0.441054
0.662
0.0969937
0.662
0.0214262
0.0766198
0.662
0.0313813
0.34122
0.662
0.184801
0.662
0.334446
0.364105
0.451385
0.24927
0.662
0.662
0.0989375
0.214906
0.0587246
0.469634
0.662
0.662
0.339452
0.662
0.662
0.242074
0.662
0.662
0.662
0.152463
0.662
0.120855
0.0621434
0.662
0.662
0.489561
0.0964551
0.00536452
0.217926
0.293107
0.563565
0.0801788
0.25458
0.0332116
0.147357
0.39466
0.553346
0.192991
0.662
0.318059
0.0432038
0.284735
0.489005
0.545027
0.662
0.257048
0.662
0.0720102
0.662
0.662
0.344837
0.321921
0.499475
0.186951
0.165162
0.263356
0.365389
0.292028
0.274872
0.0732627
0.662
0.662
0.212551
0.31908
0.662
0.458171
0.662
0.294344
0.662
0.662
0.255355
0.662
0.449138
0.374318
0.253449
0.662
0.372583
0.0954442
0.318148
0.662
0.110841
0.377052
0.213553
0.276166
0.414865
0.102625
0.22946
0.347587
0.319674
0.662
0.662
0.158289
0.0843459
0.662
0.349761
0.144636
0.662
0.218682
0.352452
0.279277
0.119349
0.662
0.153362
0.662
0.662
0.662
0.393217
0.662
0.128951
0.362777
0.662
0.231337
0.322696
0.237889
0.662
0.662
0.135402
0.00421948
0.662
0.662
0.662
0.204233
0.662
0.213743
0.0363252
0.496602
0.31619
0.202697
0.20546
0.173163
0.662
0.662
0.662
0.346411
0.113823
0.183931
0.662
0.359177
0.662
0.662
0.662
0.355814
0.496852
0.132842
0.379787
0.198493
0.148808
0.193478
0.244242
0.581068
0.384516
0.662
0.20942
0.191041
0.332723
0.662
0.104122
0.662
0.124728
0.470684
0.545238
0.645905
0.662
0.0633537
0.662
0.662
0.526008
0.662
0.662
0.662
0.359144
0.413574
0.452898
0.662
0.282904
0.305559
0.0960563
0.662
0.662
0.0832602
0.0267639
0.662
0.662
0.662
0.662
0.388296
0.477313
0.662
0.403138
0.114846
0.662
0.560369
0.325978
0.345037
0.152565
0.123507
0.232682
0.662
0.662
0.181788
0.662
0.382195
0.448217
0.577393
0.662
0.0191111
0.402928
0.0651362
0.662
0.662
0.217109
0.446971
0.22899
0.176887
0.435581
0.662
0.662
0.197844
0.662
0.240606
0.0721132
0.380834
0.152145
0.349125
0.662
0.662
0.662
0.110542
0.662
0.492501
0.0566564
0.269167
0.662
0.599892
0.347572
0.662
0.662
0.527503
0.496797
0.662
0.662
0.662
0.41214
0.561869
0.374437
0.662
0.117362
0.662
0.662
0.218105
0.279921
0.233296
0.0692016
0.293745
0.275749
0.662
0.662
0.662
0.325284
0.0624567
0.374502
0.277475
0.208293
0.662
0.187224
0.544175
0.662
0.662
0.282937
0.0228287
0.662
0.457511
0.662
0.375665
0.21619
0.0682483
0.662
0.061361
0.230544
0.159937
0.228699
0.170057
0.450782
0.567806
0.420097
0.501647
0.662
0.180677
0.167735
0.662
0.662
0.266814
0.111944
0.662
0.461374
0.246417
0.0178506
0.662
0.662
0.662
0.0980623
0.19057
0.402624
0.219852
0.419037
0.662
0.662
0.662
0.456852
0.520715
0.41926
0.662
0.662
0.309464
0.662
0.662
0.089621
0.662
0.662
0.0279205
0.662
0.362376
0.387785
0.662
0.270692
0.662
0.662
0.662
0.155421
0.662
0.305505
0.391965
0.344621
0.0404024
0.37633
0.211642
0.662
0.662
0.267554
0.662
0.147565
0.504652
0.241445
0.238784
0.64844
0.178458
0.629865
0.000116829
0.662
0.110547
0.662
0.33344
0.264769
0.393128
0.662
0.288743
0.662
0.0108171
0.268812
0.12138
0.308609
0.662
0.173183
0.282963
0.662
0.474826
0.487159
0.201114
0.20217
0.662
0.662
0.186596
0.662
0.662
0.662
0.263754
0.662
0.662
0.56933
0.0578093
0.086217
0.281749
0.662
0.662
0.116961
0.571248
0.662
0.199698
0.565827
0.662
0.662
0.47333
0.206572
0.110966
