0.662
0.662
0.336641
0.662
0.221911
0.662
0.662
0.362071
0.272405
0.174636
0.492963
0.123986
0.662
0.250429
0.268769
0.285549
0.349152
0.283144
0.311644
0.662
0.052441
0.657836
0.662
0.662
0.362896
0.436827
0.164818
0.662
0.662
0.662
0.525754
0.0726661
0.4105
0.0276791
0.234166
0.662
0.246485
0.662
0.196503
0.452844
0.662
0.602719
0.662
0.662
0.662
0.32353
0.10271
0.318738
0.570253
0.0118282
0.352056
0.234462
0.662
0.221174
0.662
0.51553
0.187393
0.267218
0.289384
0.118774
0.593357
0.390337
0.208151
0.436949
0.662
0.152741
0.548737
0.362245
0.29243
0.662
0.143417
0.113982
0.29582
0.210808
0.662
0.662
0.123903
0.662
0.2398
0.598377
0.662
0.476255
0.607057
0.204329
0.662
0.662
0.662
0.662
0.440419
0.137917
0.662
0.662
0.241349
0.662
0.459739
0.662
0.451311
0.392706
0.662
0.662
0.552265
0.129781
0.323736
0.0409023
0.662
0.260261
0.526664
0.662
0.155496
0.629101
0.657624
0.112293
0.461223
0.662
0.13933
0.364429
0.523914
0.662
0.069713
0.213294
0.223782
0.168959
0.121279
0.662
0.662
0.24106
0.662
0.662
0.627376
0.662
0.2478
0.0667118
0.662
0.384092
0.662
0.104974
0.662
0.662
0.0333048
0.0205485
0.624599
0.555859
0.662
0.460631
0.662
0.662
0.662
0.00414928
0.293763
0.662
0.662
0.326168
0.662
0.392321
0.424032
0.0257595
0.662
0.662
0.662
0.569905
0.608447
0.662
0.467908
0.116323
0.662
0.175717
0.555628
0.104213
0.60548
0.0342528
0.662
0.130847
0.662
0.406533
0.384715
0.470706
0.429582
0.0908085
0.662
0.662
0.662
0.501961
0.229372
0.662
0.662
0.662
0.662
0.372107
0.391952
0.213714
0.467266
0.42188
0.662
0.467486
0.662
0.573721
0.662
0.62823
0.0423657
0.662
0.662
0.347578
0.662
0.662
0.390045
0.00667666
0.0861748
0.662
0.465556
0.305528
0.315799
0.433982
0.631802
0.356162
0.0737163
0.662
0.662
0.662
0.464095
0.202885
0.662
0.662
0.12716
0.662
0.378789
0.662
0.529252
0.662
0.0784869
0.219001
0.0316918
0.184774
0.0681819
0.662
0.515217
0.195258
0.662
0.286601
0.204971
0.0178581
0.662
0.662
0.662
0.662
0.228254
0.46515
0.638951
0.00455159
0.105016
0.662
0.662
0.525505
0.662
0.297401
0.00842663
0.31831
0.662
0.662
0.631481
0.590653
0.243476
0.213363
0.479767
0.167951
0.662
0.662
0.484602
0.15829
0.293094
0.537524
0.662
0.425791
0.530753
0.0991371
0.662
0.0757373
0.662
0.30905
0.15268
0.261199
0.662
0.363375
0.13631
0.165941
0.662
0.662
0.662
0.174417
0.130153
0.662
0.234145
0.475042
0.492573
0.211026
0.662
0.652899
0.296545
0.662
0.662
0.246486
0.581004
0.0468388
0.408978
0.253963
0.662
0.0252268
0.662
0.662
0.662
0.20325
0.448702
0.340298
0.662
0.662
0.370115
0.421984
0.00843325
0.662
0.662
0.662
0.210922
0.110228
0.450203
0.662
0.347484
0.189487
0.0901399
0.629455
0.662
0.495686
0.250491
0.457526
0.0746249
0.194689
0.274128
0.144238
0.0564971
0.490951
0.645516
0.106106
0.207068
0.662
0.436831
0.662
0.662
0.662
0.168555
0.63339
0.649465
0.0309798
0.0496094
0.662
0.662
0.260844
0.203963
0.662
0.439607
0.363081
0.127554
0.0438845
0.220964
0.662
0.662
0.637309
0.38773
0.662
0.0787115
0.222145
0.662
0.662
0.374774
0.662
0.209612
0.177718
0.662
0.484742
0.662
0.406896
0.662
0.259184
0.0375195
0.433894
0.207532
0.409302
0.468607
0.417277
0.148276
0.662
0.662
0.454941
0.199162
0.662
0.662
0.201761
0.662
0.587026
0.0737671
0.0486679
0.662
0.477803
0.662
0.558768
0.662
0.662
0.662
0.467777
0.152452
0.249678
0.662
0.591521
0.662
0.0367266
0.402605
0.209184
0.00610895
0.363203
0.192939
0.235876
0.662
0.252598
0.395935
0.597388
0.242751
0.0398029
0.124802
0.318934
0.662
0.211293
0.662
