0.662
0.662
0.662
0.662
0.662
0.39236
0.330297
0.662
0.561897
0.662
0.293364
0.384523
0.4128
0.272341
0.365214
0.625545
0.0786486
0.125348
0.0772891
0.33901
0.240885
0.6035
0.662
0.662
0.662
0.033714
0.662
0.474383
0.364286
0.420848
0.0145962
0.453404
0.227232
0.378475
0.662
0.128653
0.469577
0.662
0.261668
0.2903
0.211263
0.662
0.662
0.0694183
0.27003
0.345986
0.662
0.662
0.662
0.0773531
0.662
0.504073
0.437652
0.260903
0.125808
0.662
0.662
0.115345
0.410455
0.177129
0.662
0.166465
0.662
0.298882
0.520888
0.372887
0.662
0.478527
0.662
0.443331
0.0217562
0.284422
0.39001
0.662
0.204503
0.662
0.643934
0.662
0.185107
0.035014
0.662
0.662
0.662
0.441227
0.570536
0.662
0.662
0.161433
0.44396
0.374737
0.473708
0.259935
0.662
0.662
0.281668
0.662
0.662
0.217967
0.662
0.341375
0.122132
0.662
0.662
0.662
0.662
0.100984
0.138611
0.662
0.475392
0.662
0.200594
0.09772
0.643024
0.613453
0.214552
0.533931
0.47302
0.589919
0.159374
0.662
0.236231
0.524803
0.356632
0.504658
0.340831
0.10721
0.224384
0.09519
0.258086
0.340661
0.662
0.662
0.435804
0.340006
0.0447637
0.305566
0.662
0.662
0.662
0.416423
0.662
0.662
0.494505
0.662
0.662
0.662
0.0919781
0.266412
0.030347
0.662
0.662
0.28798
0.367995
0.254851
0.32434
0.127255
0.610216
0.475444
0.323317
0.59453
0.041572
0.662
0.662
0.662
0.26775
0.662
0.662
0.410165
0.662
0.44325
0.48643
0.662
0.594886
0.662
0.662
0.173325
0.662
0.421661
0.662
0.47407
0.662
0.662
0.352225
0.662
0.662
0.662
0.662
0.0148314
0.20389
0.662
0.172596
0.423955
0.662
0.220109
0.295723
0.111741
0.662
0.662
0.464482
0.221992
0.186772
0.225379
0.176194
0.662
0.114666
0.662
0.656773
0.448194
0.0317777
0.662
0.662
0.0208888
0.199636
0.103051
0.119029
0.662
0.662
0.509878
0.662
0.0655885
0.248563
0.662
0.662
0.411261
0.662
0.182417
0.222472
0.244994
0.662
0.662
0.478801
0.295087
0.0516564
0.609245
0.23248
0.662
0.157614
0.574442
0.473116
0.662
0.662
0.373668
0.0185119
0.662
0.496646
0.0888448
0.662
0.070612
0.220911
0.459463
0.295211
0.636649
0.223971
0.662
0.0798159
0.0904168
0.662
0.430999
0.135636
0.662
0.195487
0.662
0.31364
0.662
0.626858
0.662
0.246678
0.662
0.381262
0.121619
0.662
0.277993
0.386619
0.662
0.370409
0.23041
0.365389
0.662
0.579684
0.662
0.355401
0.662
0.662
0.662
0.662
0.634234
0.662
0.18609
0.134354
0.265966
0.311469
0.208754
0.662
0.22981
0.662
0.662
0.205795
0.662
0.312865
0.402062
0.662
0.179061
0.662
0.61021
0.662
0.427732
0.203077
0.662
0.193424
0.662
0.662
0.557084
0.0876543
0.581777
0.662
0.0313664
0.662
0.31926
0.662
0.321392
0.311422
0.200374
0.662
0.662
0.247846
0.306152
0.0624944
0.662
0.250035
0.357138
0.403368
0.472163
0.0995796
0.157437
0.266108
0.427603
0.43908
0.492246
0.567201
0.662
0.196519
0.662
0.386503
0.249134
0.30675
0.436306
0.399166
0.544242
0.662
0.628742
0.228908
0.638323
0.349274
0.662
0.191993
0.44892
0.244069
0.662
0.340384
0.0114182
0.445347
0.311885
0.662
0.637951
0.579027
0.059044
0.250627
0.662
0.220646
0.103546
0.662
0.293864
0.662
0.148939
0.384692
0.20833
0.439109
0.425332
0.087382
0.199997
0.300443
0.521269
0.0882513
0.0129651
0.195909
0.662
0.0230645
0.356352
0.112367
0.248261
0.662
0.662
0.2143
0.662
0.01171
0.205085
0.418873
0.662
0.220364
0.207017
0.253942
0.662
0.343428
0.662
0.662
0.662
0.50381
0.211021
0.223732
0.414953
0.662
0.662
0.0229189
0.562238
0.310639
0.414831
0.662
0.662
0.53702
0.180006
0.662
0.0436161
0.584931
0.470299
0.662
0.216308
0.117649
0.190357
0.662
0.411769
0.231475
0.325982
0.556011
0.302047
0.662
0.459477
0.306817
0.662
0.592877
0.276039
0.662
0.083007
0.00688081
0.250756
0.662
0.633925
0.453211
0.354624
0.640107
0.194805
0.662
0.662
0.116588
0.387014
0.20263
0.177839
0.496621
0.142484
0.662
0.662
0.527931
0.662
0.0595904
0.413423
0.662
0.377482
0.536859
0.662
0.0316685
0.662
0.376151
0.320257
0.277899
0.361122
0.389183
0.353625
0.409427
0.0121147
0.662
0.139296
0.662
0.436481
0.662
0.662
0.246435
0.662
0.400383
0.662
0.158133
0.183341
0.11708
0.0783105
0.237847
0.526475
0.310572
0.302265
0.311295
0.0167877
0.406312
0.0834558
0.662
0.614515
0.137328
0.237661
0.144558
0.120396
0.662
0.357281
0.460585
0.662
0.449211
0.584017
0.0259627
0.475379
0.662
0.480019
0.175524
0.350098
0.300532
0.662
0.662
0.662
0.0393412
0.104408
0.0768914
0.662
0.662
0.321262
0.662
0.462519
0.117292
0.662
0.365126
0.39094
0.662
0.224979
0.0352249
0.154076
0.223586
0.359441
0.430874
0.166522
0.207903
0.388857
0.662
0.662
0.365691
0.564484
0.205479
0.662
0.053205
0.662
0.185226
0.362373
0.662
0.662
0.662
0.662
0.662
0.569523
0.662
0.40596
0.52817
0.662
0.662
0.471229
0.662
0.498568
0.111916
0.0771491
0.174384
0.236285
0.05673
0.148554
0.662
0.662
0.662
0.662
0.366024
0.645582
0.28522
0.662
0.662
0.45222
0.079666
0.662
0.662
0.45107
0.168991
0.622085
0.662
0.662
0.558894
0.22072
0.662
0.662
0.209225
0.356094
0.662
0.541296
0.662
0.171941
0.351112
0.0442007
0.399513
0.547289
0.155847
0.131205
0.232738
0.390075
0.430832
0.194982
0.202333
0.213193
0.662
0.214624
0.662
0.497294
0.448481
0.268597
0.0766135
0.363507
0.662
0.151276
0.469887
0.490461
0.436422
0.208301
0.544584
0.514193
0.662
0.266942
0.427288
0.388671
0.472615
0.299389
0.101031
0.662
0.191666
0.237983
0.432242
0.662
0.0453792
0.15581
0.43995
0.662
0.0146182
0.185548
0.37307
0.356099
0.102623
0.300685
0.210623
0.662
0.662
0.662
0.479179
0.662
0.643395
0.137734
0.200603
0.662
0.662
0.0888809
0.254017
0.47706
0.528152
0.662
0.550584
0.662
0.220944
0.662
0.662
0.362579
0.662
0.030548
0.662
0.449859
0.52963
0.515922
0.1689
0.662
0.662
0.230405
0.462918
0.459746
0.0910805
0.0725969
0.496837
0.125961
0.4707
0.662
0.369615
0.491585
0.401924
0.662
0.208634
0.662
0.539536
0.662
0.281445
0.369966
0.662
0.241906
0.662
0.662
0.0744561
0.662
0.434733
0.42219
0.662
0.662
0.307478
0.0127717
0.0122451
0.633971
0.662
0.662
0.0716326
0.361865
0.0496198
0.448472
0.544093
0.662
0.206842
0.604917
0.237928
0.375902
0.264152
0.54717
0.662
0.221214
0.423002
0.258916
0.566081
0.214391
0.662
0.357305
0.324808
0.445751
0.662
0.662
0.662
0.662
0.335928
0.423321
0.248875
0.662
0.154027
0.043299
0.662
0.662
0.659087
0.52991
0.166608
0.198902
0.586567
0.662
0.0896487
0.167778
0.531604
0.0252923
0.178093
0.662
0.20493
0.228782
0.662
0.300177
0.657037
0.662
0.0782768
0.0899652
0.205963
0.662
0.517091
0.179275
0.405196
0.0266718
0.0475536
0.305242
0.662
0.318143
0.662
0.639981
0.662
0.662
0.294905
0.471413
0.552922
0.662
0.515017
0.20871
0.662
0.545098
0.209035
0.662
0.257132
0.304753
0.173363
0.024746
0.354758
0.431114
0.662
0.291573
0.376056
0.479043
0.0643013
0.103337
0.314056
0.494547
0.662
0.141089
0.179606
0.662
0.57627
0.211508
0.411715
0.543511
0.0304861
0.662
0.662
0.20036
0.662
0.662
0.448705
0.162335
0.335509
0.590794
0.319465
0.662
0.662
0.168108
0.545335
0.0178056
0.662
0.330993
0.190746
0.319224
0.399128
0.662
0.662
0.119448
0.662
0.662
0.521134
0.215313
0.11189
0.585603
0.662
0.662
0.149758
0.662
0.662
0.219264
0.510705
0.662
0.12802
0.268417
0.0583253
0.239477
0.0646791
0.188851
0.192508
0.191602
0.662
0.204769
0.349723
0.0428064
0.662
0.2765
0.372191
0.401204
0.662
0.662
0.201183
0.286352
0.236961
0.553091
0.662
0.662
0.662
0.662
0.0985283
0.0398977
0.662
0.351844
0.429656
0.193691
0.662
0.662
0.158774
0.662
0.485927
0.0936258
0.39008
0.186899
0.662
0.465482
0.316829
0.662
0.0571207
0.662
0.662
0.0191637
0.662
0.0953605
0.0819227
0.0640758
0.117182
0.636561
0.116277
0.356681
0.44296
0.551861
0.662
0.304848
0.662
0.377509
0.0481615
0.0825365
0.662
0.392459
0.547637
0.662
0.662
0.662
0.49925
0.198791
0.335641
0.258181
0.0678303
0.662
0.17706
0.662
0.662
0.173005
0.21371
0.294344
0.662
0.662
0.662
0.379539
0.263233
0.226562
0.398467
0.0573717
0.00289303
0.662
0.662
0.137789
0.520368
0.106692
0.368638
0.662
0.557652
0.662
0.361477
0.263471
0.662
0.662
0.662
0.074787
0.662
0.207437
0.117033
0.662
0.453886
0.452895
0.134307
0.662
0.336193
0.662
0.120253
0.32327
0.662
0.188228
0.662
0.130092
0.662
0.662
0.19918
0.662
0.662
0.662
0.662
0.662
0.468906
0.662
0.172212
0.662
0.662
0.228904
0.662
0.291215
0.145077
0.662
0.662
0.662
0.0710914
0.119005
0.180498
0.662
0.208011
0.576826
0.662
0.566587
0.568633
0.662
0.259604
0.662
0.662
0.662
0.662
0.662
0.459304
0.260238
0.155285
0.662
0.662
0.0748466
0.662
0.472364
0.116385
0.368661
0.662
0.43991
0.662
0.378214
0.46891
0.662
0.662
0.329502
0.662
0.662
0.348888
0.17547
0.371595
0.439675
0.662
0.662
0.0613028
0.662
0.239128
0.251313
0.265175
0.662
0.662
0.662
0.463632
0.662
0.255609
0.662
0.446887
0.662
0.662
0.391936
0.121968
0.228209
0.662
0.662
0.138278
0.295302
0.194242
0.662
0.000474128
0.662
0.510629
0.208717
0.662
0.217453
0.580657
0.381198
0.662
0.389839
0.409723
0.662
0.662
0.662
0.662
0.271424
0.0309416
0.662
0.12981
0.174351
0.662
0.393238
0.320508
0.184139
0.299265
0.662
0.173399
0.662
0.364479
0.234484
0.382583
0.0159037
0.662
0.0150203
0.158858
0.0116365
0.162496
0.347871
0.662
0.662
0.662
0.618751
0.662
0.160549
0.264938
0.287817
0.662
0.16043
0.422058
0.336094
0.660851
0.0625703
0.231725
0.186475
0.194903
0.662
0.403832
0.337618
0.253966
0.348074
0.239051
0.504019
0.179108
0.114679
0.245085
0.179953
0.481508
0.00537111
0.229867
0.431014
0.468828
0.0425718
0.583566
0.00578299
0.433706
0.302512
0.419064
0.662
0.175049
0.662
0.170469
0.31673
0.203495
0.662
0.662
0.514411
0.382641
0.295169
0.662
0.128785
0.304611
0.662
0.662
0.662
0.523227
0.662
0.198819
0.662
0.39684
0.662
0.494669
0.662
0.369882
0.247973
0.205038
0.179818
0.295075
0.662
0.362956
0.296688
0.662
0.662
0.662
0.157166
0.501721
0.184105
0.662
0.110265
0.662
0.662
0.662
0.147643
0.185653
0.149381
0.662
0.662
0.233585
0.192318
0.662
0.235571
0.534777
0.662
0.551761
0.487186
0.153889
0.662
0.0533522
0.382837
0.662
0.662
0.211095
0.662
0.145606
0.662
0.282654
0.168599
0.479662
0.285535
0.591671
0.13383
0.253912
0.315202
0.204283
0.387622
0.245689
0.662
0.662
0.58909
0.662
0.662
0.243516
0.336349
0.662
0.390872
0.470483
0.36187
0.20327
0.662
0.553279
0.483511
0.662
0.523888
0.361959
0.662
0.662
0.662
0.0623489
0.662
0.162517
0.646737
0.662
0.662
0.396422
0.260373
0.662
0.354706
0.239124
0.662
0.0871116
0.662
0.662
0.169356
0.662
0.607779
0.0462232
0.311505
0.662
0.293057
0.190978
0.0404546
0.662
0.43056
0.274297
0.662
0.285105
0.261732
0.605973
0.662
0.594965
0.662
0.34909
0.662
0.323625
0.255825
0.426218
0.575994
0.130469
0.259184
0.642441
0.172838
0.662
0.26293
0.662
0.235135
0.662
0.321208
0.662
0.322883
0.662
0.662
0.130253
0.0915837
0.662
0.195171
0.577596
0.190877
0.662
0.662
0.662
0.123079
0.662
0.485413
0.407838
0.0571394
0.204857
0.593751
0.222863
0.476034
0.23148
0.662
0.225902
0.228709
0.662
0.274807
0.662
0.472172
0.606455
0.662
0.662
0.662
0.662
0.662
0.662
0.63339
0.364814
0.662
0.662
0.506577
0.232614
0.0195085
0.196914
0.293123
0.0565854
0.303033
0.390884
0.662
0.662
0.0938424
0.662
0.662
0.662
0.662
0.197854
0.157098
0.662
0.455344
0.197002
0.499001
0.116731
0.510545
0.662
0.662
0.387297
0.662
0.662
0.122688
0.662
0.394597
0.662
0.662
0.300827
0.662
0.338433
0.311973
0.455675
0.418882
0.662
0.100118
0.250943
0.662
0.549053
0.174859
0.187442
0.662
0.415853
0.297593
0.218747
0.627816
0.319881
0.353482
0.26094
0.662
0.662
0.662
0.662
0.662
0.662
0.662
0.303118
0.292607
0.361602
0.662
0.341047
0.00134066
0.662
0.631599
0.662
0.254021
0.338272
0.662
0.38517
0.304291
0.662
0.662
0.662
0.509107
0.624767
0.149477
0.4959
0.261405
0.530667
0.196828
0.662
0.563786
0.478938
0.662
0.662
0.187044
0.0640551
0.662
0.388412
0.662
0.662
0.662
0.333515
0.662
0.662
0.233104
0.21933
0.662
0.130213
0.0447245
0.387108
0.00648347
0.662
0.371318
0.603275
0.0370808
0.103895
0.662
0.399831
0.438687
0.258556
0.225487
0.383809
0.130284
0.319427
0.484597
0.137741
0.185364
0.662
0.216594
0.525089
0.114837
0.15238
0.662
0.649565
0.529678
0.622818
0.458009
0.0148897
0.662
0.662
0.662
0.662
0.662
0.470707
0.662
0.42461
0.291012
0.662
0.444314
0.662
0.662
0.662
0.0809463
0.662
0.144432
0.662
0.662
0.0512164
0.662
0.00147278
0.59126
0.310942
0.662
0.662
0.433711
0.662
0.0964003
0.283974
0.662
0.662
0.507252
0.222403
0.145293
0.662
0.244747
0.542529
0.244704
0.381421
0.662
0.136488
0.662
0.240335
0.662
0.594018
0.306387
0.270461
0.474522
0.192855
0.662
0.388244
0.181465
0.222301
0.662
0.326185
0.0180526
0.662
0.228359
0.0942143
0.301286
0.531038
0.558235
0.0143269
0.194071
0.662
0.114696
0.392276
0.419997
0.175806
0.662
0.0788525
0.662
0.104801
0.384132
0.662
0.662
0.464375
0.457437
0.208037
0.662
0.488005
0.262854
0.662
0.662
0.662
0.121961
0.662
0.219109
0.43674
0.662
0.662
0.426321
0.210438
0.0935984
0.55656
0.233224
0.128528
0.662
0.662
0.515812
0.315515
0.331981
0.154096
0.662
0.224544
0.448147
0.215465
0.662
0.133743
0.120292
0.213884
0.283528
0.662
0.662
0.662
0.39644
0.644076
0.121003
0.137125
0.662
0.662
0.285931
0.229303
0.0716669
0.0602007
0.400549
0.267454
0.662
0.662
0.662
0.662
0.662
0.0650495
0.47908
0.483372
0.344488
0.662
0.245011
0.662
0.662
0.651496
0.557351
0.299345
0.662
0.474182
0.662
0.355746
0.662
0.150401
0.549373
0.662
0.662
0.662
0.662
0.316672
0.662
0.0789189
0.662
0.662
0.289341
0.662
0.662
0.353003
0.525275
0.662
0.662
0.100789
0.054332
0.000932257
0.662
0.662
0.424521
0.662
0.662
0.288552
0.662
0.662
0.171721
0.326371
0.422293
0.189566
0.662
0.662
0.662
0.64846
0.28871
0.226929
0.0187118
0.662
0.387197
0.662
0.507127
0.253059
0.662
0.548808
0.351779
0.381886
0.353083
0.662
0.662
0.315092
0.183413
0.536999
0.17376
0.662
0.39812
0.662
0.434901
0.39816
0.662
0.332159
0.292987
0.662
0.106695
0.18492
0.662
0.260995
0.662
0.317061
0.662
0.662
0.0210555
0.662
0.204692
0.485582
0.347744
0.662
0.12037
0.177167
0.662
0.662
0.397491
0.662
0.357693
0.662
0.034829
0.662
0.662
0.139996
0.448063
0.402728
0.618577
0.662
0.402512
0.478379
0.26157
0.190849
0.116757
0.593152
0.662
0.294949
0.662
0.465367
0.662
0.032106
0.119446
0.0357814
0.498483
0.29283
0.401623
0.117752
0.0940911
0.231537
0.662
0.0303018
0.413998
0.662
0.662
0.16628
0.0182716
0.662
0.662
0.212774
0.662
0.662
0.662
0.0518915
0.130827
0.266594
0.459584
0.416578
0.519542
0.0574372
0.57961
0.662
0.270658
0.662
0.506411
0.151566
0.311364
0.662
0.410203
0.662
0.646376
0.662
0.114363
0.662
0.474593
0.662
0.446135
0.662
0.128366
0.214079
0.662
0.0251845
0.662
0.29914
0.662
0.32484
0.297456
0.382524
0.662
0.662
0.477101
0.662
0.177302
0.662
0.662
0.255107
0.506768
0.0964458
0.662
0.240093
0.662
0.488
0.662
0.662
0.107244
0.200842
0.459633
0.662
0.662
0.368269
0.41699
0.222167
0.662
0.382193
0.210953
0.283912
0.176005
0.38384
0.662
0.262497
0.662
0.216808
0.662
0.403065
0.656681
0.605163
0.662
0.625337
0.662
0.662
0.22553
0.662
0.662
0.410877
0.158829
0.662
0.199854
0.662
0.0303014
0.662
0.662
0.662
0.662
0.40299
0.375073
0.533172
0.431575
0.0661273
0.14827
0.662
0.360551
0.0431007
0.17218
0.499877
0.662
0.54954
0.291753
0.182688
0.443904
0.662
0.189113
0.440582
0.12198
0.662
0.662
0.662
0.166803
0.345643
0.283074
0.190074
0.291458
0.662
0.2698
0.469663
0.421785
0.325914
0.662
0.662
0.662
0.0706366
0.662
0.0238173
0.662
0.662
0.221126
0.662
0.662
0.0815896
0.399365
0.0264579
0.354605
0.370261
0.662
0.484923
0.662
0.277446
0.330473
0.0052899
0.398404
0.604858
0.662
0.325825
0.662
0.486001
0.45897
0.205665
0.145895
0.662
0.662
0.303689
0.647568
0.0808202
0.662
0.158176
0.662
0.662
0.229789
0.389082
0.662
0.378521
0.662
0.559505
0.404999
0.0452289
0.220614
0.211963
0.662
0.617687
0.481313
0.0471418
0.360763
0.662
0.662
0.13008
0.439213
0.305303
0.662
0.00658852
0.449171
0.0349018
0.451948
0.631137
0.662
0.662
0.662
0.00385305
0.662
0.662
0.214599
0.477471
0.473574
0.199827
0.662
0.169773
0.662
0.465087
0.311642
0.086638
0.192894
0.224733
0.662
0.037274
0.0317678
0.163777
0.142838
0.0235049
0.57496
0.662
0.21433
0.560409
0.633218
0.557459
0.475236
0.252608
0.471159
0.662
0.114732
0.0640603
0.281852
0.202913
0.662
0.662
0.499619
0.0343562
0.160588
0.662
0.662
0.170385
0.166182
0.205386
0.662
0.189076
0.462396
0.0938581
0.378082
0.662
0.662
0.662
0.662
0.340263
0.129129
0.441694
0.384707
0.662
0.662
0.236939
0.0394329
0.662
0.662
0.185019
0.422102
0.575131
0.0669538
0.377493
0.662
0.0471123
0.11184
0.639881
0.179407
0.662
0.662
0.583811
0.662
0.421564
0.184232
0.180679
0.662
0.228476
0.153837
0.662
0.662
0.247893
0.309079
0.168939
0.393104
0.441976
0.662
0.350091
0.662
0.639741
0.535136
0.662
0.201679
0.189791
0.0254404
0.662
0.662
0.325481
0.662
0.359896
0.662
0.309376
0.662
0.0667853
0.662
0.662
0.187289
0.662
0.135483
0.0452231
0.641186
0.157565
0.662
0.275386
0.662
0.382094
0.425314
0.260227
0.384308
0.662
0.169893
0.662
0.662
0.662
0.199194
0.662
0.208196
0.355893
0.220951
0.156417
0.662
0.662
0.207268
0.187056
0.372018
0.0572345
0.329091
0.276139
0.662
0.000149064
0.372202
0.662
0.662
0.662
0.0237424
0.551881
0.662
0.662
0.470833
0.662
0.00837449
0.644002
0.0365125
0.277777
0.662
0.282559
0.200896
0.41456
0.353773
0.662
0.662
0.609932
0.0981368
0.41973
0.662
0.662
0.456703
0.125285
0.518433
0.47296
0.662
0.245547
0.662
0.266145
0.662
0.662
0.208782
0.662
0.476676
0.662
0.168845
0.502919
0.662
0.662
0.0645992
0.662
0.662
0.633391
0.186645
0.0468281
0.208151
0.662
0.177363
0.0528488
0.297215
0.662
0.442335
0.003658
0.642269
0.40996
0.429015
0.662
0.193992
0.662
0.352805
0.662
0.662
0.662
0.288416
0.0956105
0.662
0.662
0.0467307
0.662
