0.448096
0.488973
0.662
0.662
0.198499
0.0202641
0.286052
0.662
0.308773
0.0840493
0.209967
0.434786
0.662
0.183647
0.393431
0.256595
0.0031754
0.252545
0.171577
0.662
0.662
0.662
0.228484
0.662
0.357237
0.662
0.662
0.0902971
0.476434
0.10953
0.141347
0.0265251
0.662
0.662
0.346156
0.310833
0.534543
0.281242
0.662
0.071359
0.140678
0.183755
0.662
0.476284
0.662
0.217709
0.662
0.662
0.078765
0.334659
0.230583
0.662
0.662
0.624734
0.662
0.645019
0.0668908
0.662
0.662
0.601509
0.372254
0.662
0.425545
0.0131538
0.244253
0.412377
0.35988
0.49042
0.662
0.662
0.291633
0.242998
0.662
0.322516
0.650496
0.642332
0.141113
0.151673
0.607435
0.548638
0.662
0.364989
0.547978
0.440453
0.212457
0.340857
0.662
0.383446
0.662
0.438517
0.662
0.662
0.228569
0.415835
0.662
0.662
0.0507139
0.296196
0.508667
0.662
0.263871
0.20971
0.662
0.32898
0.465306
0.641549
0.469257
0.662
0.194965
0.340674
0.216859
0.387854
0.662
0.662
0.552014
0.662
0.662
0.662
0.199479
0.662
0.662
0.291406
0.224772
0.315002
0.475439
0.453606
0.662
0.662
0.141663
0.662
0.662
0.575854
0.662
0.36137
0.662
0.662
0.34211
0.662
0.179412
0.193382
0.662
0.662
0.111918
0.456964
0.497149
0.182623
0.636692
0.662
0.662
0.662
0.662
0.338089
0.662
0.11688
0.352056
0.662
0.122439
0.662
0.442663
0.0915428
0.662
0.662
0.310765
0.433002
0.662
0.270737
0.662
0.662
0.662
0.662
0.601511
0.662
0.643488
0.28382
0.38198
0.0517413
0.662
0.24262
0.413178
0.504617
0.198449
0.662
0.662
0.0667913
0.662
0.537537
0.273302
0.662
0.526517
0.662
0.114844
0.662
0.0186662
0.662
0.662
0.662
0.662
0.662
0.662
0.0024309
0.197928
0.40616
0.190639
0.662
0.436869
0.040354
0.662
0.662
0.662
0.224918
0.59587
0.662
0.319099
0.662
0.662
0.0926157
0.662
0.662
0.32567
0.662
0.147368
0.662
0.662
0.662
0.662
0.662
0.662
0.662
0.605453
0.197737
0.443404
0.355189
0.662
0.208033
0.435727
0.606709
0.203226
0.617175
0.356769
0.662
0.662
0.277014
0.662
0.662
0.603906
0.662
0.662
0.409957
0.153733
0.662
0.320685
0.14649
0.431562
0.445752
0.662
0.662
0.19642
0.662
0.336018
0.042073
0.127944
0.662
0.293835
0.628765
0.662
0.662
0.127385
0.662
0.30191
0.524999
0.312246
0.458017
0.152515
0.313811
0.153408
0.222311
0.138781
0.06905
0.662
0.0332847
0.662
0.457036
0.371885
0.18007
0.335137
0.662
0.0555549
0.662
0.662
0.311354
0.662
0.506609
0.169207
0.150133
0.636391
0.324243
0.662
0.61365
0.338711
0.662
0.662
0.385481
0.305018
0.0934703
0.422198
0.662
0.662
0.662
0.662
0.156279
0.637499
0.662
0.154384
0.662
0.662
0.652367
0.365666
0.662
0.662
0.363997
0.662
0.185257
0.0605863
0.550089
0.662
0.457623
0.662
0.25077
0.612999
0.569267
0.392224
0.662
0.201025
0.020472
0.662
0.608287
0.209776
0.423315
0.587114
0.525512
0.36959
0.662
0.0810974
0.319965
0.575362
0.20836
0.662
0.662
0.385616
0.0643915
0.109967
0.612127
0.249478
0.662
0.275483
0.629133
0.662
0.662
0.662
0.227619
0.662
0.255849
0.16154
0.662
0.662
0.22436
0.03358
0.662
0.156197
0.662
0.662
0.662
0.365076
0.412563
0.662
0.399334
0.058665
0.484959
0.254573
0.545975
0.44197
0.662
0.496617
0.542652
0.190743
0.143594
0.238763
0.549314
0.662
0.662
0.662
0.133576
0.568744
0.118248
0.424528
0.662
0.662
0.438071
0.660933
0.119251
0.662
0.135454
0.662
0.483188
0.662
0.355085
0.662
0.188421
0.310276
0.50325
0.287891
0.662
0.230425
0.603818
0.662
0.662
0.45345
0.662
0.175509
0.319728
0.299139
0.225706
0.197474
0.662
0.662
0.643207
0.526048
0.163609
0.357931
0.662
0.256294
0.662
0.662
0.662
0.626784
0.205388
0.08612
0.11324
0.237298
0.662
0.391689
0.415045
0.650592
0.100589
0.662
0.230434
0.272148
0.28204
0.662
0.662
0.268254
0.205867
0.268759
0.662
0.193006
0.662
0.0579796
0.423518
0.662
0.269532
0.662
0.200413
0.332024
0.643012
0.629406
0.444501
0.436895
0.34707
0.0660672
0.193846
0.662
0.215133
0.284399
0.119747
0.472433
0.662
0.555378
0.126628
0.272772
0.0424604
0.0904132
0.662
0.662
0.662
0.0228812
0.662
0.662
0.662
0.0347756
0.662
0.437853
0.662
0.662
0.662
0.662
0.662
0.662
0.223624
0.662
0.388642
0.662
0.109549
0.662
0.496912
0.662
0.149532
0.322603
0.513811
0.162484
0.023057
0.191718
0.662
0.662
0.662
0.184841
0.662
0.390933
0.412059
0.170877
0.115413
0.156949
0.662
0.662
0.662
0.390488
0.0496004
0.252441
0.662
0.418712
0.395122
0.662
0.234127
0.37573
0.662
0.662
0.292658
0.662
0.190512
0.662
0.236853
0.41338
0.283085
0.0077446
0.662
0.336327
0.26178
0.442814
0.460671
0.42708
0.0576132
0.651393
0.662
0.662
0.662
0.662
0.662
0.309433
0.207293
0.662
0.408865
0.310344
0.180203
0.662
0.389581
0.380568
0.244004
0.337464
0.116112
0.662
0.399891
0.314844
0.432787
0.165634
0.662
0.466513
0.662
0.41859
0.662
0.376379
0.662
0.662
0.662
0.0425556
0.662
0.223518
