0.362016
0.662
0.415059
0.501536
0.224874
0.159989
0.662
0.153319
0.662
0.662
0.662
0.662
0.38874
0.457474
0.161769
0.615749
0.447658
0.56068
0.429761
0.58073
0.301441
0.210826
0.291658
0.29487
0.0366316
0.134499
0.24394
0.662
0.106955
0.323692
0.28392
0.662
0.333767
0.662
0.395765
0.126618
0.662
0.339732
0.476572
0.662
0.282912
0.0935378
0.662
0.662
0.628715
0.47981
0.608011
0.38967
0.662
0.385766
0.662
0.412667
0.662
0.662
0.662
0.478734
0.644162
0.288233
0.662
0.222503
0.602467
0.286316
0.662
0.5761
0.662
0.662
0.358838
0.0764845
0.111588
0.571976
0.662
0.177143
0.267242
0.449376
0.249272
0.28402
0.662
0.255745
0.662
0.285428
0.662
0.662
0.662
0.662
0.662
0.426055
0.656912
0.48457
0.392942
0.0852339
0.662
0.369558
0.662
0.124305
0.618436
0.662
0.662
0.557157
0.27736
0.21801
0.532194
0.662
0.310527
0.386032
0.449146
0.662
0.325343
0.458137
0.239537
0.159998
0.662
0.662
0.222895
0.200418
0.042839
0.662
0.136936
0.662
0.0922421
0.33486
0.395273
0.417586
0.415549
0.662
0.492175
0.270308
0.543942
0.238949
0.269041
0.662
0.662
0.622809
0.211773
0.662
0.662
0.396388
0.662
0.123593
0.217941
0.662
0.662
0.406118
0.0804488
0.261486
0.557602
0.400411
0.317303
0.410064
0.662
0.423515
0.272129
0.638741
0.116579
0.371593
0.451552
0.203135
0.662
0.136683
0.662
0.662
0.125639
0.245181
0.662
0.543818
0.662
0.124798
0.203554
0.402034
0.442609
0.347874
0.309583
0.662
0.184508
0.662
0.251622
0.279622
0.075892
0.255805
0.662
0.462406
0.0836823
0.152731
0.419981
0.359939
0.662
0.662
0.160581
0.662
0.23877
0.441448
0.338356
0.0141199
0.451862
0.662
0.662
0.662
0.662
0.662
0.384852
0.416825
0.389577
0.662
0.236211
0.662
0.302476
0.0125441
0.205726
0.101772
0.662
0.469499
0.662
0.662
0.391079
0.662
0.110066
0.662
0.662
0.622401
0.662
0.463245
0.576432
0.00424532
0.337425
0.255751
0.662
0.662
0.383417
0.0618968
0.634166
0.662
0.662
0.662
0.662
0.662
0.382151
0.117136
0.662
0.662
0.121935
0.274864
0.547556
0.662
0.389875
0.0802737
0.165335
0.399244
0.662
0.0683791
0.662
0.662
0.662
0.148493
0.662
0.239314
0.662
0.662
0.662
0.662
0.662
0.360254
0.217796
0.288901
0.433766
0.159036
0.327024
0.458612
0.201995
0.662
0.456815
0.151925
0.630736
0.126544
0.20324
0.662
0.455301
0.203186
0.662
0.0573418
0.204972
0.662
0.421064
0.110885
0.467275
0.095075
0.131403
0.404185
0.288454
0.0459863
0.662
0.662
0.662
0.662
0.426646
0.662
0.261126
0.197987
0.662
5.79814e-06
0.662
0.662
0.662
0.240311
0.237531
0.315087
0.424583
0.386166
0.180429
0.0987288
0.503385
0.069231
0.633694
0.409354
0.647952
0.154328
0.662
0.351254
0.662
0.556241
0.449453
0.419161
0.569167
0.662
0.662
0.661831
0.195657
0.408821
0.165271
0.662
0.363483
0.000226922
0.613561
0.662
0.105448
0.575797
0.662
0.102908
0.499802
0.662
0.662
0.662
0.192883
0.570043
0.662
0.1433
0.0110992
0.0822823
0.172901
0.216484
0.662
0.662
0.662
0.662
0.176142
0.662
0.662
0.496554
0.212605
0.474261
0.662
0.207468
0.380796
0.247399
0.646893
0.565677
0.211118
0.662
0.36279
0.275657
0.219225
0.200743
0.475092
0.662
0.662
0.662
0.662
0.46559
0.662
0.662
0.494661
0.204739
0.43512
0.662
0.481018
0.496698
0.662
0.662
0.293281
0.392302
0.662
0.662
0.194895
0.617913
0.567774
0.530937
0.4288
0.193998
0.425945
0.156625
0.0667798
0.268531
0.662
0.382468
0.26852
0.662
0.416668
0.662
0.662
0.662
0.175435
0.662
0.541001
0.662
0.446805
0.662
0.421166
0.662
0.301849
0.311465
0.0439218
0.322782
0.662
0.662
0.106981
0.539563
0.19161
0.402794
0.662
0.662
0.0422975
0.662
0.662
0.662
0.662
0.599753
0.115026
0.239697
0.662
0.662
0.185274
0.460113
0.33018
0.169901
0.662
0.662
0.48006
0.217741
0.662
0.0187211
0.321802
0.0747546
0.154428
0.359539
0.662
0.217438
0.609796
0.662
0.53913
0.309953
0.662
0.203233
0.591007
0.662
0.662
0.662
0.662
0.662
0.662
0.176105
0.519797
0.598702
0.0292474
0.462405
0.221557
0.236576
0.409119
0.378925
0.321246
0.317544
0.662
0.285004
0.177104
0.625741
0.662
0.419541
0.265727
0.662
0.662
0.0510121
0.331706
0.330997
0.154648
0.662
0.662
0.340835
0.342207
0.44824
0.662
0.452271
0.345722
0.662
0.317046
0.109418
0.662
0.431904
0.662
0.451424
0.662
0.575729
0.0101531
0.0927596
0.161335
0.0445143
0.36082
0.662
0.043575
0.662
0.415081
0.0860931
0.649035
0.48576
0.662
0.662
0.327036
0.151614
0.32403
0.662
0.312655
0.662
0.662
0.205877
0.662
0.395713
0.662
0.196585
0.662
0.662
0.662
0.21483
0.608552
0.226571
0.662
0.11726
0.254212
0.338537
0.528677
0.164908
0.468425
0.189649
0.662
0.662
0.662
0.662
0.0602651
0.662
0.0515781
0.662
0.576717
0.409653
0.662
0.662
0.159983
0.413031
0.187821
0.662
0.662
0.662
0.11701
0.478498
0.0488489
0.286652
0.662
0.283452
0.662
0.662
0.0178515
0.662
0.662
0.484675
0.0282223
0.445637
0.26077
0.132309
0.0562849
0.159955
0.0823204
0.364827
0.662
0.662
0.246983
0.460676
0.00840246
0.662
0.662
0.266056
0.662
0.662
0.662
0.662
0.425069
0.662
0.0134232
0.16408
0.246661
0.0298258
0.332536
0.390942
0.335611
0.573166
0.200064
0.662
0.393303
0.350042
0.119541
0.0814026
0.0899617
0.239841
0.277978
0.246198
0.662
0.57096
0.662
0.0740163
0.124564
0.533046
0.131603
0.222199
0.207269
0.105511
0.662
0.357671
0.662
0.209325
0.662
0.662
0.322629
0.662
0.23056
0.434994
0.662
0.00361133
0.159351
0.662
0.572056
0.155312
0.455887
0.112505
0.275811
0.0635561
0.662
0.662
0.194958
0.587012
0.148949
0.662
0.662
0.662
0.662
0.662
0.25223
0.522574
0.407031
0.128717
0.495488
0.532328
0.662
0.487739
0.662
0.637169
0.662
0.0103767
0.393873
0.203987
0.662
0.662
0.220605
0.160723
0.662
0.297282
0.268661
0.662
0.201999
0.662
0.288075
0.662
0.197524
0.159333
0.662
0.248892
0.386462
0.662
0.282482
0.129817
0.302484
0.428086
0.468183
0.662
0.20331
0.662
0.662
0.577248
0.29075
0.0683113
0.264873
0.329791
0.0545579
0.113323
0.662
0.36204
0.62653
0.552781
0.240187
0.662
0.583638
0.26805
0.279879
0.662
0.254275
0.662
0.0703305
0.0643424
0.662
0.13731
0.662
0.492388
0.364511
0.662
0.662
0.457111
0.662
0.451358
0.0114556
0.19984
0.662
0.15687
0.662
0.439166
0.412934
0.139537
0.662
0.662
0.351855
0.18076
0.418249
0.196639
0.662
0.21924
0.662
0.662
0.220542
0.44722
0.473061
0.459822
0.492967
0.662
0.662
0.662
0.662
0.662
0.114195
0.475743
0.662
0.38598
0.195756
0.662
0.218865
0.662
0.662
0.383698
0.261573
0.662
0.140405
0.00231543
0.662
0.662
0.517167
0.662
0.662
0.662
0.448712
0.173242
0.662
0.197404
0.254191
0.355225
0.662
0.246962
0.333384
0.2296
0.479611
0.662
0.662
0.662
0.662
0.662
0.662
0.662
0.662
0.470452
0.19229
0.148646
0.662
0.662
0.198088
0.662
0.662
0.662
0.494849
0.220197
0.662
0.662
0.183376
0.662
0.0944378
0.208643
0.662
0.662
0.467021
0.512488
0.398033
0.315466
0.662
0.662
0.274369
0.191344
0.181012
0.188155
0.662
0.662
0.662
0.0625901
0.662
0.415641
0.662
0.280301
0.662
0.277068
0.121249
0.662
0.459206
0.662
0.317296
0.410362
0.662
0.662
0.457259
0.184986
0.204543
0.516296
0.326081
0.662
0.375932
0.343874
0.662
0.491763
0.662
0.266196
0.0851408
0.662
0.211711
0.240903
0.606389
0.239907
0.175499
0.00552173
0.662
0.0624861
0.662
0.662
0.662
0.473213
0.662
0.367689
0.662
0.191201
0.662
0.109897
0.322845
0.384037
0.462805
0.662
0.193806
0.179029
0.662
0.0658772
0.021164
0.662
0.662
0.662
0.237878
0.141114
0.152018
0.487293
0.0696197
0.20198
0.416471
0.173343
0.418735
0.100769
0.662
0.203285
0.397038
0.190962
0.0458132
0.265264
0.203504
0.350682
0.662
0.662
0.194086
0.0456105
0.394198
0.309886
0.201359
0.463701
0.0292339
0.127052
0.339996
0.32364
0.615578
0.662
0.450314
0.662
0.411822
0.662
0.189227
0.346339
0.135246
0.633694
0.662
0.0709716
0.347965
0.224426
0.252683
0.1321
0.515501
0.185878
0.498112
0.0450944
0.662
0.113298
0.662
0.662
0.662
0.637805
0.145228
0.439616
0.211992
0.283732
0.662
0.230843
0.662
0.662
0.586265
0.662
0.662
0.386233
0.401079
0.297418
0.633694
0.662
0.275477
0.496584
0.662
0.257227
0.504123
0.638907
0.19473
0.366586
0.158124
0.231202
0.246619
0.593687
0.46955
0.662
0.110008
0.35963
0.119669
0.582484
0.118194
0.21417
0.107859
0.350377
0.662
0.662
0.662
0.662
0.662
0.662
0.553049
0.0604966
0.505527
0.103431
0.633959
0.662
0.226437
0.662
0.110322
0.662
0.662
0.111248
0.662
0.384351
0.662
0.662
0.662
0.413938
0.0839442
0.205393
0.0217925
0.205451
0.62989
0.647498
0.412077
0.140863
0.00487378
0.259123
0.253308
0.662
0.529899
0.662
0.662
0.338333
0.452679
0.662
0.333864
0.113662
0.284957
0.662
0.106157
0.438785
0.295904
0.626613
0.662
0.060371
0.331894
0.0871746
0.405908
0.384079
0.662
0.107119
0.662
0.662
0.662
0.662
0.222486
0.348194
0.662
0.662
0.662
0.343946
0.292574
0.662
0.189468
0.662
0.207565
0.0940501
0.105774
0.206145
0.357334
0.662
0.662
0.662
0.662
0.662
0.662
0.662
0.662
0.662
0.435057
0.00100757
0.030496
0.662
0.662
0.309517
0.51479
0.181166
0.662
0.662
0.662
0.662
0.561422
0.235147
0.185563
0.662
0.662
0.662
0.0691713
0.501988
0.412953
0.38468
0.131023
0.662
0.267078
0.662
0.662
0.662
0.204467
0.317874
0.199195
0.42533
0.579062
0.185309
0.0514326
0.662
0.0957896
0.598807
0.662
0.662
0.662
0.15333
0.0879728
0.662
0.662
0.177269
0.179564
0.447521
0.400053
0.662
0.662
0.291991
0.662
0.0627277
0.614099
0.662
0.318679
0.200175
0.548586
0.0209806
0.539235
0.662
0.61576
0.346042
0.351125
0.195645
0.0619951
0.0956953
0.448249
0.662
0.662
0.400228
0.662
0.662
0.662
0.662
0.662
0.289579
0.662
0.000678321
0.103078
0.662
0.477568
0.662
0.449701
0.0159881
0.662
0.293584
0.134144
0.662
0.477863
0.1789
0.662
0.662
0.173068
0.102801
0.514969
0.662
0.149203
0.459658
0.313343
0.430648
0.0415093
0.49298
0.0352556
0.0233077
0.322761
0.0147488
0.217321
0.177784
0.0494439
0.662
0.662
0.0794745
0.662
0.309007
0.205776
0.0709138
0.662
0.302731
0.662
0.500268
0.0233944
0.057676
0.662
0.662
0.662
0.113105
0.151863
0.00669067
0.450197
0.284874
0.264031
0.662
0.393906
0.327273
0.21945
0.270495
0.502064
0.662
0.0781755
0.328644
0.662
0.312377
0.662
0.114816
0.662
0.23365
0.263874
0.63033
0.216161
0.235776
0.348753
0.443483
0.201222
0.662
0.662
0.0412424
0.254494
0.100732
0.662
0.233289
0.507725
0.662
0.13104
0.132269
0.3628
0.175235
0.513544
0.604924
0.662
0.662
0.662
0.662
0.632459
0.481182
0.662
0.662
0.662
0.662
0.662
0.0976649
0.216796
0.156062
0.0296901
0.23153
0.662
0.272271
0.213032
0.662
0.455886
0.662
0.662
0.34661
0.439963
0.662
0.0103107
0.662
0.662
0.662
0.307078
0.153499
0.067293
0.294899
0.662
0.662
0.166285
0.144566
0.662
0.186288
0.662
0.662
0.662
0.662
0.662
0.289393
0.662
0.630661
0.662
0.306102
0.238501
0.352326
0.226342
0.292006
0.662
0.456465
0.204977
0.160082
0.33944
0.269776
0.28918
0.662
0.0713918
0.0984208
0.662
0.662
0.439488
0.662
0.492878
0.205547
0.662
0.0797257
0.00898677
0.313643
0.0462235
0.298032
0.662
0.316112
0.662
0.20038
0.490701
0.662
0.19983
0.0559466
0.337606
0.313631
0.306645
0.153525
0.662
0.662
0.202445
0.662
0.25916
0.662
0.229939
0.662
0.163272
0.405006
0.104947
0.662
0.280103
0.662
0.662
0.000163173
0.247935
0.326097
0.203447
0.403434
0.158061
0.168008
0.140713
0.662
0.662
0.343881
0.193534
0.332004
0.103018
0.304825
0.662
0.199506
0.0136932
0.662
0.42243
0.465496
0.481328
0.480574
0.662
0.662
0.0208027
0.268018
0.662
0.0547051
0.248039
0.0565384
0.662
0.0422936
0.413637
0.662
0.349601
0.162298
0.358276
0.662
0.662
0.602378
0.662
0.116039
0.465449
0.553247
0.662
0.0934747
0.662
0.436541
0.463484
0.662
0.126756
0.662
0.00808944
0.306404
0.662
0.351321
0.45969
0.194381
0.207449
0.502929
0.437693
0.269363
0.0326764
0.431851
0.0963702
0.116896
0.662
0.303059
0.552099
0.396078
0.136323
0.179236
0.49917
0.407682
0.662
0.486484
0.662
0.426607
0.374547
0.662
0.577398
0.662
0.0451784
0.662
0.662
0.662
0.488901
0.662
0.349301
0.662
0.662
0.662
0.188718
0.223215
0.662
0.237738
0.662
0.662
0.0680657
0.187553
0.0290263
0.32067
0.0631835
0.255555
0.347451
0.225459
0.47642
0.662
0.662
0.184008
0.662
0.37624
0.41787
0.387928
0.662
0.370765
0.366374
0.570998
0.429419
0.471598
0.00338322
0.513094
0.0679894
0.662
0.412049
0.662
0.201184
0.662
0.662
0.373776
0.662
0.169281
0.0421361
0.662
0.164878
0.315906
0.662
0.62739
0.449077
0.662
0.140784
0.296107
0.226837
0.373879
0.473629
0.662
0.470546
0.38152
0.0966937
0.448334
0.292988
0.0712622
0.194684
0.438739
0.473252
0.662
0.662
0.32067
0.467819
0.662
0.221784
0.310762
0.662
0.662
0.483348
0.662
0.268679
0.347376
0.125573
0.662
0.662
0.662
0.662
0.51581
0.662
0.662
0.662
0.210308
0.662
0.662
0.3896
0.236139
0.542198
0.349345
0.503045
0.662
0.569107
0.662
0.409568
0.662
0.473512
0.581323
0.420082
0.662
0.0922675
0.662
0.343687
0.662
0.113143
0.662
0.283064
0.475473
0.612097
0.662
0.574782
0.525863
0.508845
0.662
0.205006
0.129196
0.662
0.331334
0.596785
0.662
0.291209
0.12733
0.207287
0.123745
0.662
0.26298
0.140829
0.662
0.337774
0.578094
0.662
0.629408
0.256815
0.343923
0.0745621
0.223146
0.231318
0.618969
0.662
0.42126
0.58714
0.24699
0.414063
0.211303
0.662
0.662
0.0377044
0.117493
0.330361
0.662
0.0700398
0.0825516
0.401482
0.228438
0.291202
0.461739
0.36427
0.662
0.624424
0.662
0.272761
0.662
0.662
0.531134
0.24011
0.307603
0.319618
0.662
0.0695774
0.0492861
0.662
0.161532
0.55282
0.0818429
0.506094
0.662
0.662
0.298334
0.662
0.662
0.376461
0.119974
0.217577
0.0830507
0.523708
0.363773
0.339278
0.662
0.304489
0.662
0.662
0.102275
0.662
0.217411
0.0426836
0.195216
0.662
0.530602
0.156464
0.662
0.662
0.662
0.662
0.283284
0.0428685
0.116964
0.239008
0.619533
0.607799
0.194899
0.662
0.662
0.465334
0.662
0.290569
0.662
0.301264
0.662
0.209726
0.662
0.662
0.197245
0.153935
0.31148
0.662
0.662
0.207822
0.662
0.340249
0.210289
0.662
0.473472
0.63339
0.662
0.0177441
0.344682
0.4219
0.275302
0.397569
0.446213
0.177177
0.166223
0.275431
0.662
0.335742
0.43842
0.277882
0.662
0.0260148
0.249989
0.662
0.662
0.662
0.662
0.662
0.662
0.522605
0.3005
0.352958
0.217039
0.405224
0.559586
0.662
0.662
0.0491359
0.0107952
0.25319
0.297121
0.295359
0.662
0.662
0.662
0.00849907
0.410019
0.300146
0.662
0.375759
0.4509
0.662
0.28774
0.22046
0.227243
0.662
0.662
0.662
0.662
0.351151
0.662
0.363233
0.129635
0.471676
0.156942
0.261395
0.156107
0.435883
0.386108
0.233456
0.662
0.662
0.0948414
0.662
0.34851
0.381666
0.389836
0.419359
0.360856
0.662
0.186057
0.662
0.224673
0.573112
0.0614857
0.662
0.43847
0.210814
0.476362
0.373768
0.662
0.662
0.264647
0.507332
0.0137147
0.623299
0.297862
0.662
0.662
0.21606
0.458127
0.662
0.353861
0.583147
0.655301
0.662
0.500978
0.662
0.358191
0.0492135
0.453773
0.662
0.662
0.203613
0.268926
0.311322
0.662
0.429828
0.397956
0.319368
0.205887
0.662
0.662
0.662
0.662
0.662
0.167163
0.23417
0.209951
0.00411946
0.0981366
0.662
0.662
0.662
0.662
0.662
0.126002
0.0905752
0.230199
0.403786
0.662
0.594948
0.662
0.465993
0.662
0.269324
0.375628
0.0976639
0.353646
0.590082
0.662
0.61218
0.324104
0.198825
0.0753488
0.0157509
0.563712
0.662
0.662
0.662
0.42802
0.0272057
0.662
0.270391
0.0816029
0.330267
0.662
0.662
0.50372
0.662
0.184705
0.662
0.0555202
0.662
0.185399
0.423779
0.598931
0.301772
0.176099
0.662
0.662
0.130657
0.0288971
0.662
0.662
0.662
0.662
0.317059
0.0763765
0.197373
0.559689
0.358065
0.104471
0.01312
0.461279
0.662
0.0873179
0.358219
0.662
0.461666
0.0542172
0.662
0.662
0.0770029
0.202865
0.196968
0.257911
0.198157
0.485581
0.662
0.662
0.347229
0.572076
0.662
0.405394
0.662
0.662
0.0978206
0.0609829
0.343818
0.662
0.437033
0.662
0.662
0.534788
0.26643
0.218066
0.634113
0.662
0.241107
0.662
0.16843
0.662
0.662
0.161063
0.329017
0.662
0.662
0.301921
0.392005
0.111968
0.190984
0.240028
0.256775
0.662
0.662
0.662
0.26433
0.662
0.600784
0.662
0.104969
0.242969
0.349016
0.547636
0.396354
0.662
0.662
0.560129
0.595757
0.0766524
0.405761
0.471185
0.342745
0.299302
0.0210125
0.662
0.0934695
0.662
0.489463
0.213901
0.0256232
0.453631
0.662
0.440392
0.199252
0.242284
0.662
0.662
0.662
0.662
0.662
0.101324
0.533885
0.29017
0.40225
0.662
0.640638
0.413289
0.662
0.212084
0.529842
0.436608
0.0377881
0.226376
0.248049
0.422895
0.662
0.662
0.0832756
0.662
0.343572
0.137585
0.603187
0.51782
0.24406
0.662
0.374238
0.557613
0.662
0.237819
0.553655
0.662
0.291067
0.662
0.471247
0.245316
0.388682
0.662
0.222075
0.15322
0.152431
0.0345764
0.0385802
0.662
0.294094
0.481573
0.662
0.0579676
0.207777
0.349533
0.300822
0.662
0.552482
0.0448596
0.662
0.662
0.441148
0.662
0.662
0.241508
0.39191
0.232535
0.628748
0.662
0.541673
0.662
0.662
0.629162
0.207401
0.289101
0.468566
0.539773
0.466928
0.662
0.662
0.50477
0.662
0.138958
0.474616
0.662
0.662
0.662
0.438039
0.478326
0.27845
0.468923
0.662
0.268625
0.576981
0.144821
0.662
0.662
0.662
0.662
0.199805
0.0568524
0.662
0.306405
0.662
0.662
0.662
0.662
0.447999
0.0216614
0.662
0.369632
0.317283
0.165476
0.662
0.167174
0.435897
0.542334
0.207135
0.311023
0.370573
0.440967
0.662
0.0985021
0.197929
0.19339
0.0321276
0.662
0.127667
0.197578
0.662
0.662
0.298584
0.662
0.305738
0.405784
0.325161
0.662
0.572669
0.0825418
0.662
0.117385
0.336013
0.662
0.614006
0.483176
0.559532
0.282689
0.662
0.012947
0.662
0.662
0.320106
0.528867
0.36538
0.215559
0.156903
0.185867
0.0367196
0.198271
0.654645
0.308933
0.24532
0.393666
0.255336
0.662
0.203
0.210511
0.157055
0.662
0.597398
0.662
0.18921
0.370061
0.662
0.357271
0.662
0.612465
0.2301
0.368568
0.0219056
0.00310528
0.662
0.662
0.460756
0.16475
0.201597
0.463359
0.535625
0.226827
0.662
0.293729
0.154079
0.088209
0.224199
0.314099
0.256851
0.662
0.182334
0.222521
0.662
0.232197
0.546271
0.253856
0.216089
0.662
0.509208
0.422408
0.413102
0.11829
0.495557
0.0723111
0.320074
0.524686
0.181203
0.107791
0.662
0.173734
0.43795
0.559295
0.662
0.219162
0.662
0.348481
0.24464
0.662
0.662
0.662
0.432301
0.351468
0.516823
0.228114
0.662
0.320222
0.662
0.662
0.662
0.662
0.290887
0.292521
0.662
0.186814
0.291563
0.662
0.662
0.0738533
0.662
0.404673
0.662
0.187525
0.315985
0.443035
0.238974
0.149542
0.662
0.458524
0.662
0.535317
0.662
0.210344
0.518684
0.0988134
0.662
0.0163943
0.418329
0.263041
0.470388
0.100724
0.264817
0.135749
0.0179962
0.662
0.662
0.412989
0.662
0.411945
0.662
0.440327
0.662
0.662
0.608236
0.662
0.276485
0.46996
0.144047
0.662
0.150962
0.662
0.38013
0.164887
0.111479
0.662
0.458322
0.662
0.662
0.628486
0.117329
0.0118604
0.662
0.313526
0.291283
0.114029
0.662
0.405014
0.382815
0.56829
0.662
0.330722
0.459481
0.290319
0.21526
0.466072
0.263256
0.191033
0.395558
0.662
0.0373431
0.0822592
0.495169
0.258047
0.662
0.421934
0.662
0.133131
0.662
0.662
0.662
0.102127
0.119358
0.662
0.148961
0.433553
0.662
0.276422
0.290835
0.662
0.662
0.171095
0.268015
0.477265
0.0515167
0.0617605
0.662
0.662
0.662
0.463498
0.103384
0.0810578
0.662
0.662
0.662
0.284611
0.662
0.494409
0.662
0.221856
0.104246
0.662
0.662
0.662
0.501458
0.547387
0.662
0.0682269
0.662
0.662
0.218908
0.410548
0.662
0.552397
0.267829
0.440804
0.271819
0.187814
0.662
0.662
0.223063
0.662
0.128947
0.415757
0.197454
0.123593
0.10801
0.372285
0.122866
0.565776
0.229568
0.240013
0.420559
0.312562
0.662
0.382933
0.190277
0.229527
0.232422
0.402272
0.662
0.662
0.263291
0.662
0.221001
0.662
0.0607033
0.336569
0.540513
0.199836
0.662
0.506367
0.159572
0.662
0.416744
0.662
0.662
0.662
0.662
0.513103
0.662
0.0707345
0.367673
0.662
0.662
0.259233
0.188035
0.621179
0.172496
0.662
0.662
0.662
0.247017
0.215597
0.662
0.0823812
0.662
0.0130665
0.662
0.556509
0.531851
0.437739
0.0730492
0.167878
0.662
0.186753
0.662
0.544912
0.304969
0.239253
0.200661
0.0694558
0.233014
0.591433
0.46971
0.276291
0.662
0.114782
0.662
0.158126
0.628413
0.662
0.218712
0.662
0.467464
0.312544
0.291764
0.662
0.662
0.407318
0.273873
0.0468532
0.0211247
0.449189
0.528755
0.662
0.662
0.662
0.662
0.662
0.0536931
0.194589
0.494659
0.0624846
0.266789
0.165583
0.358878
0.295817
0.342832
0.228808
0.662
0.218784
0.434334
0.662
0.466871
0.662
0.551378
0.424283
0.377099
0.293853
0.161761
0.351733
0.074629
0.382447
0.26313
0.662
0.662
0.0369238
0.662
0.662
0.492672
0.662
0.228512
0.662
0.136132
0.382699
0.396022
0.662
0.261798
0.662
0.662
0.428183
0.16226
0.662
0.267884
0.662
0.295783
0.662
0.209389
0.444314
0.318882
0.662
0.662
0.662
0.569267
0.498916
0.401153
0.544506
0.445337
0.662
0.586118
0.600228
0.0971232
0.465731
0.662
0.296088
0.0818004
0.662
0.662
0.662
0.270658
0.0984014
0.358709
0.146216
0.406156
0.0474589
0.586673
0.421089
0.448113
0.0825115
0.355633
0.467903
0.0397592
0.037632
0.308419
0.662
0.662
0.232072
0.662
0.526037
0.0843937
0.198529
0.662
0.0119173
0.026314
0.123194
0.0693826
0.0842837
0.464627
0.355501
0.0345468
0.00156717
0.459401
0.662
0.662
0.662
0.446027
0.662
0.662
0.662
0.360796
0.21606
0.662
0.256134
0.112559
0.662
0.240445
0.0871346
0.662
0.662
0.602565
0.662
0.662
0.122483
0.294042
0.228465
0.662
0.0171802
0.220777
0.173217
0.662
0.359966
0.662
0.662
0.0106952
0.085442
0.121534
0.662
0.466588
0.00467927
0.662
0.662
0.662
0.63339
0.00578995
0.389105
0.188726
0.662
0.662
0.662
0.662
0.190863
0.662
0.0548994
0.445042
0.581985
0.662
0.586452
0.662
0.453659
0.214912
0.266477
0.201265
0.262533
0.471037
0.578009
0.662
0.662
0.662
0.45127
0.0368906
0.47628
0.662
0.49141
0.169514
0.662
0.662
0.390085
0.131603
0.662
0.192836
0.258298
0.662
0.178819
0.662
0.662
0.410808
0.662
0.221776
0.108246
0.662
0.518703
0.565468
0.662
0.00861044
0.662
0.520903
0.662
0.43952
0.541057
0.328164
0.267197
0.392046
0.662
0.262723
0.438997
0.662
0.395325
0.662
0.605547
0.662
0.290073
0.662
0.189638
0.101987
0.300133
0.163326
0.662
0.662
0.296134
0.168604
0.662
0.0915199
0.662
0.662
0.175701
0.662
0.378725
0.341695
0.436552
0.662
0.662
0.124063
0.440487
0.123408
0.662
0.539336
0.445959
0.662
0.514398
0.516966
0.639491
0.402478
0.202316
0.662
0.244518
0.389364
0.662
0.461784
0.183977
0.662
0.114222
0.269812
0.334016
0.433411
0.662
0.303836
0.200157
0.662
0.662
0.662
0.662
0.662
0.374367
0.289045
0.201442
0.292304
0.662
0.494714
0.662
0.23314
0.170174
0.360236
0.203333
0.662
0.487376
0.169676
0.159993
0.162299
0.507345
0.138471
0.662
0.662
0.662
0.052251
0.177304
0.384178
0.329847
0.608568
0.353994
0.662
0.299875
0.208554
0.63043
0.662
0.662
0.662
0.662
0.492051
0.528744
0.404424
0.160212
0.662
0.536578
0.427653
0.138593
0.662
0.662
0.186916
0.353068
0.40819
0.298275
0.20492
0.662
0.662
0.208929
0.557448
0.153732
0.547825
0.25751
0.331668
0.00902725
0.662
0.662
0.662
0.348856
0.0814446
0.353409
0.435804
0.508803
0.662
0.201828
0.242481
0.0112906
0.176924
0.662
0.567662
0.662
0.231243
0.662
0.159117
0.662
0.662
0.475105
0.424287
0.662
0.662
0.662
0.328492
0.169226
0.172438
0.231527
0.662
0.662
0.662
0.203292
0.662
0.443764
0.662
0.32109
0.181039
0.662
0.662
0.380134
0.494407
0.503673
0.460123
0.662
0.662
0.000474898
0.460665
0.321596
0.120951
0.662
0.608392
0.386947
0.125512
0.16808
0.380162
0.662
0.208755
0.0560943
0.192492
0.662
0.166386
0.0557363
0.261574
0.204504
0.301645
0.229966
0.23349
0.152562
0.662
0.662
0.662
0.282485
0.374486
0.393344
0.222715
0.610563
0.662
0.662
