0.662
0.327883
0.662
0.4519
0.515298
0.153408
0.0605863
0.112276
0.50325
0.607435
0.528713
0.662
0.662
0.234693
0.662
0.337464
0.662
0.662
0.662
0.549314
0.35988
0.662
0.277014
0.303057
0.543806
0.662
0.643488
0.662
0.662
0.138796
0.662
0.0555549
0.662
0.269532
0.232073
0.186011
0.436895
0.442491
0.51323
0.28382
0.138738
0.662
0.223624
0.662
0.188584
0.237298
0.662
0.662
0.293744
0.0024309
0.662
0.418712
0.518586
0.662
0.32898
0.273302
0.434012
0.287891
0.662
0.0829955
0.388202
0.637499
0.569267
0.14631
0.629763
0.662
0.651393
0.395924
0.26344
0.662
0.629133
0.329323
0.0562287
0.662
0.662
0.189851
0.662
0.131697
0.633694
0.662
0.662
0.419577
0.137962
0.662
0.170877
0.0532134
0.662
0.14649
0.268254
0.662
0.256595
0.662
0.662
0.628765
0.165634
0.662
0.24262
0.274626
0.415045
0.292206
0.323606
0.417461
0.662
0.662
0.662
0.310765
0.058435
0.662
0.193479
0.357931
0.18949
0.11688
0.662
0.365666
0.662
0.115413
0.0425556
0.08612
0.466513
0.662
0.662
0.662
0.662
0.662
0.662
0.209776
0.662
0.662
0.662
0.662
0.662
0.662
0.452079
0.314844
0.372254
0.662
0.662
0.0300678
0.662
0.350093
0.356769
0.662
0.322603
0.0667913
0.662
0.081484
0.052175
0.0747783
0.540155
0.247517
0.662
0.311354
0.526517
0.435737
0.662
0.662
0.183755
0.662
0.662
0.20836
0.653928
0.662
0.162484
0.0518985
0.159405
0.315002
0.100589
0.662
0.185421
0.662
0.324243
0.662
0.662
0.364989
0.0668908
0.425545
0.421604
0.0840493
0.453606
0.662
0.662
0.542652
0.252712
0.241758
0.359448
0.442814
0.662
0.375773
0.41338
0.662
0.200417
0.308773
0.662
0.253092
0.336018
0.258956
0.348618
0.23289
0.662
0.194965
0.062
0.180203
0.133576
0.399891
0.336327
0.662
0.662
0.645019
0.0660672
0.0031754
0.259965
0.662
0.460671
0.393431
0.662
0.662
0.662
0.662
0.308422
0.171577
0.662
0.662
0.601509
0.118248
0.424528
0.662
0.662
0.662
0.662
0.662
0.06905
0.0186662
0.662
0.662
0.59587
0.662
0.662
0.186384
0.119747
0.363223
0.223518
0.293835
0.225706
0.197474
0.662
0.662
0.440453
0.340857
0.111918
0.655688
0.662
0.662
0.497149
0.636692
0.116964
0.465786
0.347775
0.151673
0.613465
0.194907
0.198449
0.042073
0.662
0.458017
0.650129
0.16154
0.662
0.662
0.126628
0.239118
0.0496004
0.252441
0.440688
0.127385
0.61365
0.662
0.662
0.25077
0.662
0.355189
0.662
0.413676
0.45345
0.472105
0.662
0.408865
0.338711
0.301188
0.662
0.236853
0.662
0.310344
0.0433646
0.662
0.340674
0.636391
0.652652
0.662
0.662
0.662
0.662
0.549272
0.268759
0.0116202
0.662
0.040354
0.662
0.662
0.662
0.662
0.662
0.662
0.36959
0.462396
0.242998
0.575362
0.388642
0.26178
0.0915428
0.495885
0.399334
0.154384
0.438517
0.662
0.0553159
0.662
0.662
0.0424604
0.232146
0.617175
0.409957
0.662
0.42845
0.190512
0.662
0.587114
0.662
0.641549
0.662
0.526048
0.0202641
0.662
0.141113
0.662
0.255849
0.662
0.662
0.0517413
0.642332
0.549788
0.599424
0.662
0.310833
0.662
0.662
0.442663
0.662
0.261633
0.0308098
0.133332
0.232035
0.201025
0.662
0.352056
0.662
0.298597
0.366515
0.305018
0.272772
0.662
0.148693
0.215133
0.662
0.0507139
0.662
0.662
0.476434
0.662
0.363997
0.312246
0.662
0.0576132
0.662
0.662
0.0270539
0.244253
0.103428
0.662
0.221594
0.187667
0.20971
0.412563
0.662
0.662
0.249478
0.41859
0.224918
0.233548
0.288378
0.513811
0.662
0.436869
0.662
0.662
0.34707
0.135454
0.662
0.662
0.421221
0.319099
0.263871
0.503532
0.662
0.662
0.137714
0.356692
0.0934703
0.0218349
0.274019
0.662
0.662
0.662
0.244937
0.206095
0.662
0.259768
0.662
0.184841
0.662
0.662
0.432787
0.058665
0.662
0.457623
0.376379
0.226367
0.662
0.0530372
0.437853
0.0252697
0.662
0.550089
0.299139
0.662
0.662
0.337391
0.0467551
0.662
0.18007
0.371885
0.662
0.662
0.601511
0.662
0.412377
0.626784
0.662
0.662
0.0265251
0.662
0.662
0.662
0.391689
0.662
0.422198
0.203654
0.662
0.662
0.114844
0.662
0.662
0.662
0.253358
0.662
0.465306
0.200413
0.662
0.205867
0.319965
0.662
0.662
0.291633
0.292658
0.662
0.662
0.159246
0.662
0.387854
0.188421
0.662
0.662
0.662
0.176306
0.078765
0.662
0.662
0.662
0.433516
0.169207
0.188521
0.475439
0.443404
0.191718
0.609676
0.284208
0.662
0.245529
0.228569
0.625803
0.197737
0.662
0.407826
0.020472
0.660933
0.365076
0.141663
0.22436
0.331106
0.537537
0.662
0.662
0.568744
0.662
0.335137
0.662
0.662
0.472433
0.193006
0.662
0.662
0.545975
0.662
0.179412
0.461789
0.40616
0.662
0.662
0.662
0.224772
0.662
0.662
0.600894
0.662
0.606709
0.662
0.662
