0.662
0.0578993
0.310092
0.662
0.662
0.662
0.493557
0.265785
0.0651029
0.662
0.063609
0.61308
0.286688
0.662
0.49868
0.0303312
0.662
0.662
0.386623
0.662
0.662
0.0603165
0.362896
0.662
0.07555
0.662
0.273511
0.186916
0.662
0.163349
0.662
0.0269155
0.62947
0.383248
0.662
0.262233
0.662
0.252252
0.251826
0.662
0.167951
0.0117691
0.437404
0.662
0.203449
0.330923
0.631481
0.662
0.298887
0.390796
0.662
0.210523
0.662
0.315799
0.662
0.662
0.203405
0.167084
0.662
0.197729
0.662
0.662
0.457507
0.272405
0.110841
0.109685
0.397303
0.229661
0.387812
0.249678
0.662
0.175147
0.291885
0.662
0.239355
0.229255
0.662
0.662
0.662
0.332659
0.308514
0.662
0.150923
0.662
0.302995
0.435437
0.583847
0.662
0.662
0.583657
0.0395061
0.606982
0.455707
0.656966
0.374132
0.662
0.662
0.126871
0.0355996
0.191313
0.0972987
0.188682
0.188837
0.56239
0.123608
0.662
0.191237
0.38082
0.15829
0.633206
0.63569
0.416032
0.19613
0.662
0.441865
0.662
0.376435
0.254517
0.662
0.662
0.662
0.662
0.45343
0.467761
0.662
0.196404
0.216841
0.171476
0.123464
0.662
0.567819
0.367294
0.241904
0.276431
0.662
0.459739
0.513599
0.320272
0.0577244
0.662
0.156759
0.0921612
0.323655
0.293094
0.492737
0.313255
0.662
0.595178
0.125259
0.490951
0.662
0.662
0.213208
0.184675
0.662
0.416568
0.528523
0.582552
0.662
0.312729
0.188062
0.0512032
0.538049
0.662
0.53407
0.403639
0.0766806
0.446947
0.462628
0.662
0.208984
0.662
0.662
0.662
0.662
0.0286095
0.662
0.199864
0.662
0.269516
0.410506
0.662
0.662
0.208969
0.459154
0.662
0.0912485
0.662
0.662
0.293043
0.293763
0.271834
0.662
0.662
0.662
0.0572575
0.420157
0.662
0.662
0.129056
0.662
0.662
0.662
0.0209422
0.421159
0.662
0.210689
0.662
0.39491
0.662
0.466234
0.662
0.34555
0.184
0.662
0.108387
0.640436
0.662
0.494869
0.0502873
0.428715
0.273979
0.662
0.0715726
0.662
0.515735
0.662
0.280153
0.662
0.232131
0.662
0.131872
0.226675
0.592436
0.101884
0.662
0.627376
0.294117
0.514845
0.209155
0.347578
0.662
0.167882
0.176477
0.581771
0.662
0.255503
0.516766
0.558768
0.197921
0.467259
0.662
0.480187
0.0735548
0.378858
0.362245
0.10594
0.371321
0.192809
0.30578
0.254924
0.0991681
0.609258
0.529523
0.662
0.260554
0.215241
0.603478
0.662
0.105098
0.171701
0.662
0.556537
0.160985
0.100811
0.411438
0.455568
0.662
0.632502
0.219887
0.662
0.662
0.501466
0.565697
0.662
0.372726
0.662
0.0350413
0.662
0.185239
0.477018
0.662
0.662
0.662
0.662
0.0882059
0.231677
0.662
0.64976
0.0555194
0.662
0.529837
0.0667103
0.260832
0.662
0.662
0.0910725
0.154782
0.662
0.599453
0.662
0.208355
0.662
0.53683
0.148927
0.14657
0.662
0.264281
0.662
0.661241
0.0750306
0.476056
0.161712
0.113153
0.31679
0.662
0.339738
0.662
0.662
0.253963
0.397852
0.381787
0.424295
0.662
0.0349553
0.283993
0.143417
0.662
0.118561
0.662
0.322338
0.438223
0.0328945
0.462128
0.662
0.662
0.518131
0.662
0.662
0.662
0.161263
0.371856
0.662
0.662
0.21675
0.356203
0.305079
0.129895
0.38561
0.662
0.469477
0.662
0.27843
0.613225
0.509231
0.429582
0.662
0.662
0.662
0.662
0.0363677
0.662
0.662
0.436518
0.00573766
0.662
0.328578
0.662
0.662
0.553208
0.662
0.662
0.487339
0.144083
0.191632
0.662
0.114877
0.662
0.0539605
0.241071
0.662
0.213294
0.54313
0.662
0.38647
0.00416383
0.662
0.423081
0.475882
0.662
0.662
0.139949
0.43014
0.662
0.662
0.316978
0.662
0.00344401
0.350803
0.239268
0.519749
0.231169
0.410317
0.662
0.662
0.168959
0.662
0.662
0.662
0.146711
0.662
0.361757
0.0894982
0.36089
0.662
0.662
0.662
0.302691
0.662
0.662
0.436827
0.662
0.0316918
0.483348
0.200957
0.178062
0.0118282
0.421755
0.219001
0.391279
0.662
0.288157
0.211653
0.308975
0.558327
0.604221
0.171355
0.350373
0.662
0.662
0.476302
0.662
0.193821
0.662
0.0443029
0.401014
0.428393
0.662
0.397977
0.662
0.662
0.662
0.605278
0.104989
0.662
0.40683
0.456653
0.164818
0.10997
0.143486
0.0564971
0.662
0.107625
0.662
0.397526
0.662
0.373059
0.662
0.304428
0.618205
0.662
0.0698147
0.54108
0.126156
0.0596434
0.662
0.431786
0.409065
0.52222
0.662
0.427997
0.662
0.662
0.662
0.562131
0.169966
0.518853
0.0103533
0.170607
0.308041
0.156235
0.163601
0.0923152
0.236904
0.26293
0.662
0.2398
0.662
0.224086
0.652166
0.467631
0.360508
0.419003
0.662
0.551963
0.662
0.339913
0.269602
0.225061
0.0815531
0.662
0.0390788
0.648621
0.662
0.662
0.0168613
0.220282
0.662
0.0541248
0.662
0.662
0.165941
0.662
0.462487
0.662
0.0494252
0.321514
0.0937782
0.481779
0.662
0.345927
0.373452
0.461827
0.20325
0.662
0.465263
0.597669
0.348433
0.443895
0.194741
0.273301
0.662
0.662
0.306493
0.662
0.662
0.189988
0.470706
0.270704
0.208484
0.281682
0.177217
0.142496
0.552643
0.662
0.662
0.662
0.662
0.410658
0.427691
0.662
0.662
0.662
0.662
0.662
0.649465
0.662
0.151643
0.662
0.662
0.662
0.211026
0.374188
0.154301
0.0956332
0.662
0.194689
0.622367
0.30905
0.454195
0.662
0.490018
0.662
0.368253
0.662
0.138096
0.41799
0.0765824
0.226022
0.524353
0.44275
0.657376
0.0747838
0.662
0.662
0.201118
0.544921
0.0375195
0.662
0.662
0.662
0.662
0.10271
0.662
0.662
0.375979
0.0992973
0.0460866
0.26055
0.106141
0.27338
0.662
0.662
0.320209
0.662
0.587026
0.622721
0.662
0.37199
0.227759
0.106075
0.662
0.447328
0.662
0.516588
0.276014
0.472721
0.611424
0.662
0.662
0.637727
0.633599
0.662
0.662
0.58006
0.662
0.607404
0.0126602
0.662
0.662
0.633253
0.203464
0.316795
0.554582
0.160047
0.662
0.0182946
0.662
0.0861748
0.148967
0.581266
0.15041
0.237431
0.285638
0.285841
0.0550075
0.261334
0.662
0.409947
0.152684
0.22154
0.368551
0.31129
0.255481
0.16802
0.00428356
0.080835
0.321527
0.0685745
0.482247
0.662
0.00437642
0.662
0.662
0.560314
0.206153
0.0490183
0.662
0.662
0.614866
0.417928
0.109189
0.662
0.629098
0.662
0.436403
0.146481
0.123986
0.662
0.502612
0.0377438
0.662
0.408327
0.0112218
0.552199
0.224459
0.662
0.395949
0.107188
0.662
0.662
0.368741
0.284838
0.159696
0.564398
0.327857
0.0439205
0.662
0.183578
0.662
0.42018
0.662
0.662
0.0667118
0.417482
0.00340775
0.662
0.477031
0.662
0.190314
0.489126
0.662
0.318519
0.662
0.529252
0.0847702
0.258851
0.0909195
0.271744
0.662
0.662
0.582366
0.434507
0.662
0.662
0.662
0.397862
0.461732
0.221911
0.093765
0.0833743
0.197955
0.662
0.557118
0.501961
0.662
0.313308
0.198087
0.135605
0.178018
0.116068
0.558632
0.662
0.523915
0.571638
0.303115
0.420362
0.230017
0.163346
0.263186
0.46515
0.662
0.229715
0.446405
0.662
0.366162
0.255909
0.662
0.450552
0.369312
0.526664
0.662
0.662
0.496212
0.570253
0.503877
0.662
0.229446
0.311644
0.662
0.153681
0.450632
0.226231
0.662
0.662
0.381658
0.143111
0.590653
0.662
0.662
0.593357
0.662
0.662
0.506337
