0.149562
0.313992
0.337429
0.662
0.662
0.662
0.0656504
0.588526
0.161045
0.662
0.662
0.662
0.662
0.662
0.662
0.662
0.251654
0.224572
0.0210521
0.379945
0.662
0.144825
0.566337
0.279548
0.0911077
0.415125
0.218908
0.534119
0.662
0.266788
0.662
0.410688
0.423916
0.466235
0.215123
0.662
0.580182
0.475482
0.581246
0.662
0.662
0.662
0.662
0.502412
0.311322
0.11128
0.461826
0.662
0.662
0.176059
0.274725
0.533322
0.374921
0.662
0.662
0.28289
0.190208
0.27989
0.412301
0.100027
0.631242
0.662
0.221761
0.662
0.222046
0.106728
0.662
0.256485
0.16364
0.662
0.301819
0.662
0.440067
0.195254
0.126923
0.254261
0.662
0.187974
0.0588371
0.226753
0.36439
0.227285
0.662
0.576655
0.220069
0.662
0.192779
0.662
0.323585
0.495912
0.662
0.243558
0.0417467
0.644949
0.165036
0.170539
0.199027
0.662
0.633082
0.662
0.662
0.662
0.662
0.662
0.401458
0.0592394
0.28401
0.662
0.0166938
0.662
0.297774
0.272358
0.662
0.0808942
0.662
0.662
0.662
0.241654
0.354208
0.425974
0.105164
0.529177
0.361471
0.026819
0.0675844
0.0229188
0.0373343
0.400497
0.662
0.246584
0.662
0.447999
0.361731
0.22002
0.247205
0.440618
0.662
0.145142
0.190355
0.662
0.662
0.662
0.662
0.461907
0.0989166
0.662
0.520253
0.183035
0.196888
0.662
0.662
0.662
0.662
0.420727
0.26556
0.326241
0.267049
0.191204
0.37509
0.213915
0.178971
0.662
0.662
0.474851
0.662
0.0852909
0.418807
0.186832
0.107214
0.662
0.662
0.42168
0.449953
0.477198
0.366914
0.662
0.272839
0.662
0.367793
0.662
0.662
0.662
0.0846293
0.244487
0.223074
0.316602
0.440378
0.662
0.427208
0.0836144
0.443221
0.167575
0.662
0.397993
0.364652
0.662
0.317388
0.600961
0.365693
0.662
0.662
0.183007
0.326479
0.662
0.662
0.662
0.662
0.662
0.662
0.662
0.658527
0.662
0.176558
0.05585
0.324869
0.556314
0.360472
0.662
0.662
0.252195
0.662
0.0573276
0.662
0.662
0.608555
0.133914
0.662
0.133114
0.662
0.458267
0.662
0.662
0.415386
0.312089
0.244593
0.177758
0.310743
0.662
0.456507
0.662
0.662
0.662
0.339563
0.319229
0.251369
0.483218
0.189948
0.301873
0.662
0.426396
0.662
0.322451
0.331262
0.662
0.662
0.491583
0.21222
0.0384941
0.426076
0.272975
0.418862
0.491592
0.662
0.662
0.662
0.209465
0.259851
0.662
0.662
0.517165
0.446605
0.022051
0.0395927
0.526343
0.662
0.662
0.205734
0.662
0.308899
0.662
0.543965
0.662
0.368368
0.265534
0.270075
0.662
0.662
0.231684
0.394776
0.438481
0.175756
0.662
0.476719
0.662
0.295781
0.662
0.659105
0.662
0.662
0.289002
0.662
0.325472
0.662
0.662
0.662
0.272196
0.425726
0.662
0.662
0.274552
0.662
0.0986937
0.340074
0.094916
0.662
0.00424113
0.36733
0.662
0.292623
0.299241
0.245472
0.662
0.621859
0.662
0.234122
0.226665
0.623858
0.192857
0.662
0.22345
0.662
0.222973
0.662
0.301557
0.662
0.545641
0.332702
0.424232
0.662
0.662
0.139598
0.662
0.112018
0.0176065
0.395745
0.662
0.662
0.456599
0.201274
0.193895
0.633694
0.177505
0.209983
0.428573
0.0798658
0.662
0.662
0.334601
0.18497
0.0182124
0.662
0.662
0.130712
0.662
0.332888
0.221781
0.662
0.0116914
0.662
0.0806951
0.121605
0.662
0.104
0.336915
0.0745529
0.624013
0.18602
0.662
0.662
0.189747
0.662
0.130652
0.178689
0.36173
0.209255
0.662
0.159528
0.225092
0.281939
0.662
0.125611
0.662
0.43059
0.215272
0.662
0.36836
0.0862172
0.45645
0.0373476
0.662
0.191518
0.0206052
0.662
0.296264
0.195486
0.396488
0.662
0.280907
0.232573
0.49485
0.476749
0.0932452
0.662
0.662
0.662
0.371956
0.513579
0.23381
0.470321
0.436787
0.252586
0.438273
0.129393
0.0736669
0.662
0.662
0.381385
0.0281783
0.662
0.313655
0.361081
0.662
0.662
0.574082
0.188523
0.249368
0.445277
0.172442
0.226563
0.662
0.662
0.662
0.423756
0.662
0.662
0.662
0.493496
0.467824
0.662
0.662
0.22738
0.662
0.662
0.252495
0.136958
0.221363
0.0907809
0.216915
0.316779
0.415593
0.662
0.137657
0.210959
0.324459
0.118875
0.151525
0.430659
0.546632
0.384279
0.548697
0.11083
0.662
0.433951
0.633694
0.662
0.390098
0.662
0.662
0.662
0.259708
0.201945
0.312608
0.662
0.29498
0.662
0.662
0.196807
0.225575
0.202457
0.442123
0.208681
0.662
0.549853
0.662
0.662
0.662
0.275764
0.391095
0.662
0.28842
0.662
0.287513
0.382356
0.20429
0.662
0.278314
0.230366
0.145427
0.662
0.662
0.662
0.299863
0.333111
0.231724
0.448685
0.12197
0.662
0.424882
0.407174
0.662
0.662
0.662
0.662
0.370296
0.662
0.428138
0.196432
0.285095
0.332762
0.662
0.662
0.0717158
0.312063
0.443904
0.0253985
0.113853
0.662
0.662
0.0288293
0.454786
0.603483
0.662
0.455254
0.18015
0.127615
0.406967
0.103649
0.662
0.0677109
0.350091
0.469199
0.662
0.662
0.662
0.373875
0.409014
0.614549
0.662
0.322176
0.11503
0.289583
0.153108
0.253122
0.662
0.662
0.209259
0.662
0.398028
0.345012
0.252184
0.256255
0.662
0.662
0.662
0.662
0.662
0.43223
0.384054
0.00300031
0.391185
0.395595
0.662
0.662
0.42693
0.412048
0.188916
0.662
0.0504709
0.370047
0.662
0.214583
0.470589
0.366275
0.49682
0.428238
0.119959
0.662
0.333728
0.662
0.460972
0.218307
0.190603
0.662
0.484478
0.662
0.345801
0.269233
0.0560684
0.400901
0.00175134
0.662
0.191272
0.452491
0.662
0.662
0.662
0.448568
0.0949896
0.223784
0.662
0.304428
0.662
0.145165
0.413618
0.177492
0.662
0.662
0.194309
0.276875
0.662
0.510639
0.654755
0.233456
0.662
0.662
0.662
0.0244554
0.0728489
0.662
0.0388829
0.662
0.349415
0.397583
0.662
0.133225
0.0470746
0.662
0.662
0.313948
0.471722
0.46722
0.662
0.352411
0.474596
0.662
0.662
0.226005
0.0140262
0.372321
0.0938315
0.662
0.662
0.322135
0.57257
0.662
0.662
0.353161
0.279283
0.178792
0.362951
0.662
0.128086
0.359911
0.662
0.420642
0.662
0.0873122
0.367832
0.00731309
0.471561
0.222684
0.126418
0.0756517
0.175585
0.662
0.0743536
0.201157
0.662
0.322356
0.11723
0.662
0.102322
0.662
0.321697
0.662
0.260074
0.229574
0.011573
0.662
0.351767
0.662
0.662
0.0369616
0.552848
0.662
0.402393
0.31033
0.263706
0.141535
0.662
0.515423
0.316712
0.131407
0.0955552
0.301559
0.662
0.332125
0.52989
0.409628
0.156374
0.662
0.662
0.565629
0.0965457
0.213444
0.29748
0.662
0.218777
0.351641
0.662
0.591003
0.238817
0.258182
0.239799
0.119986
0.110666
0.268071
0.662
0.329716
0.662
0.230403
0.0910644
0.471346
0.140015
0.662
0.662
0.187707
0.0753991
0.662
0.497766
0.18347
0.400021
0.662
0.662
0.467933
0.0545609
0.168424
0.477261
0.427555
0.166976
0.662
0.662
0.662
0.210555
0.450574
0.662
0.662
0.229878
0.243618
0.324324
0.320869
0.315722
0.270029
0.662
0.259697
0.0837734
0.337678
0.251047
0.233078
0.662
0.662
0.662
0.662
0.662
0.269763
0.662
0.662
0.662
0.662
0.662
0.0932369
0.662
0.172898
0.129326
0.662
0.164028
0.662
0.116381
0.35035
0.137124
0.0667866
0.662
0.662
0.662
0.662
0.662
0.662
0.475207
0.354999
0.662
0.612968
0.65963
0.662
0.354623
0.464763
0.532188
0.662
0.345882
0.662
0.662
0.662
0.662
0.662
0.28335
0.662
0.442585
0.331292
0.491215
0.326204
0.172286
0.258208
0.174125
0.662
0.169473
0.378069
0.440829
0.627073
0.1653
0.662
0.539081
0.662
0.371196
0.356794
0.0498811
0.662
0.662
0.544703
0.255976
0.662
0.241526
0.180593
0.662
0.560249
0.337927
0.662
0.662
0.116469
0.662
0.662
0.3086
0.662
0.103162
0.662
0.35351
0.604949
0.280177
0.643888
0.662
0.0295702
0.372436
0.662
0.135945
0.169334
0.105576
0.280891
0.662
0.00409122
0.662
0.378233
0.662
0.243684
0.546323
0.376139
0.348207
0.662
0.439503
0.103655
0.248116
0.150056
0.256377
0.0137361
0.662
0.662
0.662
0.662
0.146504
0.538991
0.289544
0.192586
0.622839
0.662
0.662
0.27693
0.398455
0.662
0.431586
0.662
0.440926
0.0425375
0.00714616
0.662
0.662
0.662
0.59731
0.662
0.465994
0.36944
0.0790018
0.662
0.662
0.355985
0.353261
0.662
0.662
0.185677
0.490608
0.0696891
0.314944
0.662
0.383563
0.662
0.296567
0.662
0.662
0.160334
0.206751
0.531997
0.662
0.662
0.662
0.22815
0.194599
0.342849
0.385058
0.662
0.30588
0.662
0.662
0.662
0.662
0.662
0.102532
0.662
0.55954
0.662
0.662
0.662
0.662
0.232165
0.662
0.636161
0.662
0.662
0.453006
0.367804
0.260557
0.216625
0.241676
0.38801
0.399821
0.662
0.662
0.662
0.306342
0.662
0.662
0.0871781
0.0432135
0.59366
0.33715
0.662
0.662
0.134923
0.662
0.362262
0.662
0.189088
0.662
0.41977
0.662
0.662
0.662
0.209202
0.501608
0.534695
0.465792
0.172029
0.52485
0.0673537
0.0696408
0.662
0.662
0.497373
0.315346
0.662
0.662
0.194036
0.531754
0.0449155
0.662
0.0194557
0.301487
0.662
0.473204
0.662
0.0669621
0.662
0.162206
0.662
0.63339
0.166816
0.662
0.191473
0.662
0.662
0.662
0.090924
0.316861
0.197687
0.586831
0.13886
0.662
0.399401
0.283724
0.274523
0.662
0.375987
0.662
0.459
0.662
0.258042
0.151283
0.394646
0.00830105
0.145074
0.0923708
0.151597
0.662
0.473994
0.234608
0.662
0.310527
0.662
0.662
0.662
0.662
0.447441
0.662
0.264219
0.144778
0.0142801
0.0434326
0.242553
0.662
0.152219
0.29433
0.201043
0.662
0.662
0.662
0.662
0.356509
0.662
0.105699
0.662
0.137298
0.231812
0.192749
0.662
0.662
0.430206
0.238306
0.662
0.202929
0.452436
0.316126
0.662
0.477612
0.498607
0.0849937
0.646292
0.457232
0.662
0.497386
0.472495
0.318373
0.509566
0.662
0.47288
0.355868
0.662
0.258908
0.0263844
0.184239
0.157456
0.252539
0.662
0.662
0.149961
0.159944
0.453209
0.662
0.662
0.662
0.662
0.42909
0.458493
0.595867
0.662
0.243853
0.662
0.223592
0.356726
0.617867
0.662
0.212464
0.0279842
0.532512
0.170083
0.0224339
0.662
0.662
0.0840569
0.662
0.662
0.40909
0.583991
0.662
0.224643
0.0163753
0.662
0.213147
0.662
0.570672
0.121066
0.662
0.400748
0.319408
0.344846
0.644634
0.0238992
0.662
0.147746
0.662
0.662
0.394261
0.662
0.142985
0.662
0.363301
0.159382
0.270574
0.155374
0.00735545
0.662
0.662
0.468009
0.450036
0.404983
0.662
0.662
0.0481603
0.662
0.0348794
0.662
0.297167
0.104414
0.662
0.250602
0.191312
0.662
0.236929
0.662
0.151518
0.662
0.280017
0.662
0.662
0.504001
0.662
0.329228
0.0704416
0.0897531
0.0661527
0.00646007
0.108592
0.662
0.269273
0.662
0.507454
0.662
0.662
0.290568
0.662
0.173976
0.133136
0.467983
0.560547
0.225283
0.286337
0.662
0.662
0.2203
0.421222
0.133424
0.605706
0.20798
0.196754
0.662
0.646132
0.416976
0.662
0.662
0.267132
0.19203
0.662
0.662
0.662
0.13659
0.662
0.662
0.0794562
0.322428
0.208258
0.360397
0.662
0.211422
0.234704
0.437721
0.350669
0.662
0.662
0.078691
0.147396
0.662
0.662
0.213202
0.662
0.619101
0.0383043
0.662
0.0445156
0.662
0.662
0.662
0.238091
0.662
0.662
0.227161
0.662
0.662
0.225565
0.397343
0.255192
0.304765
0.163867
0.162551
0.662
0.282266
0.238247
0.662
0.662
0.662
0.662
0.662
0.192133
0.662
0.423773
0.561353
0.662
0.22777
0.446984
0.662
0.0943043
0.115542
0.0843217
0.662
0.00506456
0.411753
0.326386
0.426705
0.662
0.25951
0.475204
0.662
0.662
0.662
0.196716
0.330004
0.177972
0.182803
0.62572
0.0261999
0.662
0.469443
0.172933
0.510965
0.232733
0.450912
0.174554
0.278217
0.010129
0.318365
0.662
0.635523
0.234862
0.662
0.554867
0.662
0.662
0.662
0.204246
0.207344
0.151951
0.2285
0.451288
0.662
0.348823
0.662
0.0609617
0.206395
0.10302
0.662
0.0525983
0.301719
0.278873
0.462934
0.567062
0.662
0.0967068
0.662
0.472608
0.662
0.63674
0.405792
0.662
0.662
0.47214
0.615427
0.662
0.192061
0.245086
0.65616
0.662
0.662
0.40039
0.662
0.263312
0.662
0.467999
0.185726
0.646386
0.662
0.607257
0.436636
0.662
0.0118362
0.463486
0.157712
0.196901
0.662
0.662
0.0200906
0.662
0.662
0.662
0.662
0.173009
0.662
0.0615273
0.662
0.483384
0.662
0.526697
0.662
0.244002
0.662
0.662
0.151322
0.526562
0.662
0.662
0.620489
0.234781
0.662
0.662
0.246727
0.355533
0.662
0.662
0.0227998
0.662
0.239586
0.662
0.662
0.662
0.356629
0.662
0.662
0.128352
0.662
0.145763
0.304233
0.192669
0.662
0.390343
0.662
0.252341
0.662
0.531396
0.166665
0.662
0.662
0.122848
0.0256348
0.171825
0.662
0.662
0.158739
0.230892
0.150115
0.0504361
0.00201523
0.031674
0.662
0.662
0.25141
0.110641
0.454638
0.186687
0.662
0.662
0.166933
0.662
0.149666
0.202893
0.201017
0.662
0.656959
0.237027
0.395236
0.0544058
0.662
0.285387
0.19436
0.27823
0.662
0.506614
0.238552
0.662
0.220467
0.242058
0.498203
0.325886
0.662
0.662
0.662
0.55033
0.662
0.118398
0.430181
0.26938
0.34416
0.135128
0.251945
0.44206
0.0797606
0.662
0.405136
0.186207
0.650402
0.662
0.662
0.118998
0.18104
0.252482
0.589124
0.662
0.076061
0.577666
0.330034
0.524816
0.662
0.662
0.662
0.662
0.366404
0.578774
0.133457
0.13528
0.0547348
0.662
0.20182
0.0156789
0.186585
0.662
0.560796
0.178482
0.251131
0.469654
0.382749
0.00428143
0.211411
0.1349
0.234531
0.662
0.662
0.143593
0.272104
0.662
0.0490448
0.382145
0.662
0.112088
0.662
0.530634
0.461994
0.418545
0.309631
0.662
0.282374
0.662
0.662
0.662
0.662
0.399907
0.662
0.195605
0.662
0.0881912
0.191151
0.406069
0.662
0.662
0.215443
0.622547
0.662
0.552864
0.177196
0.32697
0.0508411
0.656026
0.2471
0.133194
0.448574
0.227156
0.18925
0.251174
0.662
0.0157815
0.24436
0.265487
0.420861
0.662
0.662
0.662
0.270834
0.264963
0.0997072
0.662
0.147656
0.662
0.115243
0.199997
0.637279
0.22407
0.205412
0.309863
0.00279131
0.662
0.0413168
0.231494
0.662
0.27525
0.405828
0.255677
0.279789
0.662
0.662
0.467026
0.146681
0.662
0.662
0.662
0.662
0.30798
0.662
0.662
0.662
0.662
0.662
0.662
0.147385
0.430985
0.662
0.0619451
0.535037
0.39446
0.164844
0.452061
0.662
0.662
0.662
0.00950527
0.662
0.395103
0.264592
0.662
0.662
0.620734
0.308926
0.195951
0.662
0.662
0.42791
0.0200382
0.662
0.492122
0.224389
0.32605
0.662
0.662
0.0120476
0.662
0.435708
0.662
0.662
0.662
0.662
0.148559
0.462546
0.662
0.114302
0.662
0.514122
0.162928
0.662
0.200879
0.0918214
0.164177
0.121408
0.662
0.321347
0.662
0.662
0.298073
0.252984
0.131171
0.0605711
0.662
0.411586
0.512479
0.662
0.359044
0.0269952
0.347404
0.470703
0.662
0.0594176
0.662
0.0996117
0.662
0.154491
0.662
0.219738
0.662
0.416871
0.662
0.662
0.573834
0.178753
0.662
0.419395
0.662
0.36657
0.281522
0.571791
0.411467
0.164111
0.306658
0.662
0.288569
0.575691
0.662
0.24726
0.1298
0.662
0.443473
0.172353
0.662
0.662
0.423032
0.662
0.662
0.175076
0.074937
0.323563
0.0572788
0.422465
0.662
0.353017
0.428438
0.258798
0.226395
0.418515
0.457841
0.364554
0.336274
0.662
0.00486287
0.35754
0.265963
0.662
0.662
0.662
0.224141
0.435961
0.350878
0.415029
0.245603
0.662
0.662
0.307671
0.321178
0.383509
0.662
0.0762504
0.662
0.662
0.662
0.662
0.471943
0.143637
0.662
0.662
0.662
0.217031
0.162321
0.662
0.662
0.662
0.524649
0.191884
0.295324
0.125956
0.202954
0.564678
0.3106
0.0937118
0.124717
0.422593
0.0648765
0.0640979
0.00865975
0.662
0.662
0.386918
0.289699
0.164275
0.662
0.250038
0.662
0.662
0.228487
0.662
0.385821
0.662
0.30146
0.662
0.662
0.662
0.403859
0.161707
0.168243
0.662
0.0838758
0.451433
0.662
0.364429
0.0876534
0.662
0.662
0.220714
0.283967
0.0205706
0.662
0.662
0.656418
0.662
0.416264
0.662
0.403164
0.550906
0.188002
0.662
0.189313
0.662
0.662
0.313238
0.194703
0.662
0.662
0.662
0.279001
0.303644
0.366571
0.107684
0.040929
0.589058
0.456926
0.662
0.403086
0.662
0.599139
0.662
0.121875
0.0608532
0.662
0.662
0.662
0.0387624
0.341024
0.662
0.350858
0.204296
0.662
0.662
0.329537
0.278924
0.662
0.330914
0.210874
0.468329
0.662
0.662
0.662
0.186661
0.662
0.44434
0.662
0.662
0.209815
0.662
0.38959
0.662
0.218033
0.195087
0.513875
0.131207
0.183306
0.0370335
0.662
0.0638183
0.230895
0.231559
0.662
0.593159
0.662
0.605858
0.0870336
0.662
0.475535
0.17458
0.662
0.662
0.0630532
0.662
0.270683
0.321253
0.357673
0.0753543
0.0303023
0.662
0.291218
0.662
0.662
0.39351
0.109084
0.662
0.440427
0.400925
0.662
0.612878
0.662
0.662
0.483374
0.662
0.662
0.21587
0.111657
0.49823
0.41901
0.543605
0.662
0.662
0.662
0.618755
0.662
0.186334
0.42389
0.662
0.364597
0.662
0.200053
0.413104
0.662
0.662
0.662
0.195508
0.452725
0.107713
0.273143
0.662
0.662
0.209077
0.512077
0.412611
0.155297
0.369088
0.204582
0.516488
0.424379
0.662
0.218768
0.338594
0.16413
0.662
0.662
0.662
0.119481
0.149285
0.491328
0.662
0.662
0.0298717
0.265109
0.662
0.429695
0.662
0.662
0.493531
0.0323864
0.561817
0.1848
0.662
0.214037
0.201647
0.662
0.662
0.231425
0.336503
0.662
0.662
0.0107122
0.298908
0.361147
0.345289
0.662
0.0487951
0.662
0.270331
0.0591836
0.662
0.391398
0.662
0.659026
0.0861964
0.0926206
0.662
0.662
0.012445
0.662
0.662
0.662
0.0985073
0.229625
0.0867287
0.289041
0.662
0.194624
0.662
0.662
0.182305
0.606151
0.662
0.188824
0.662
0.255686
0.662
0.662
0.262887
0.258845
0.662
0.662
0.595997
0.662
0.190171
0.662
0.448226
0.263679
0.662
0.0443465
0.132775
0.645721
0.662
0.378318
0.219055
0.306043
0.662
0.339703
0.662
0.224829
0.203031
0.100474
0.495821
0.190459
0.662
0.662
0.662
0.662
0.335288
0.372284
0.656729
0.0428282
0.144478
0.235953
0.327881
0.662
0.662
0.353737
0.254647
0.10505
0.389963
0.27645
0.6486
0.393622
0.662
0.0424845
0.300739
0.662
0.0511889
0.662
0.662
0.572638
0.662
0.662
0.0751961
0.00550048
0.662
0.662
0.320953
0.234644
0.434811
0.595986
0.0964995
0.444428
0.183062
0.544781
0.662
0.662
0.662
0.662
0.103824
0.662
0.662
0.452831
0.38948
0.662
0.662
0.125065
0.662
0.662
0.662
0.532977
0.0436714
0.496263
0.0350977
0.662
0.381127
0.432591
0.314759
0.268624
0.00763869
0.132079
0.662
0.662
0.662
0.662
0.132536
0.662
0.203429
0.280433
0.662
0.662
0.32883
0.662
0.369088
0.239011
0.406499
0.655072
0.662
0.119249
0.434299
0.18031
0.476625
0.334868
0.662
0.662
0.662
0.14904
0.112091
0.490648
0.662
0.662
0.182782
0.165233
0.263375
0.0917447
0.270968
0.433647
0.273396
0.562831
0.662
0.394136
0.207445
0.622812
0.662
0.662
0.662
0.638761
0.662
0.662
0.356079
0.280817
0.662
0.161848
0.662
0.662
0.415877
0.662
0.662
0.406483
0.424457
0.0568133
0.421858
0.477532
0.247028
0.662
0.662
0.662
0.662
0.662
0.335809
0.662
0.287669
0.126721
0.112061
0.460748
0.662
0.24
0.662
0.130966
0.273616
0.662
0.595476
0.625225
0.662
0.388838
0.662
0.340956
0.662
0.662
0.662
0.662
0.0434075
0.422749
0.174573
0.135864
0.0704645
0.662
0.104433
0.0661641
0.662
0.424612
0.420918
0.188645
0.662
0.662
0.185198
0.662
0.662
0.109209
0.127758
0.662
0.616441
0.0130366
0.573777
0.662
0.199039
0.662
0.662
0.662
0.662
0.662
0.547297
0.526067
0.336036
0.171679
0.249941
0.198712
0.662
0.349171
0.662
0.662
0.309469
0.180096
0.662
0.376025
0.0632358
0.662
0.533439
0.120106
0.285465
0.289697
0.115715
0.226769
0.359109
0.36984
0.662
0.662
0.425447
0.375312
0.568829
0.662
0.662
0.157426
0.405096
0.254626
0.498942
0.45282
0.142804
0.309481
0.256662
0.662
0.562717
0.479771
0.509297
0.633693
0.662
0.103856
0.318205
0.662
0.587251
0.20357
0.662
0.662
0.45599
0.32371
0.0466889
0.103075
0.44863
0.211475
0.255396
0.662
0.286431
0.0318433
0.662
0.217041
0.389789
0.662
0.379493
0.662
0.25184
0.275382
0.633716
0.429124
0.590466
0.386675
0.662
0.356266
0.662
0.38141
0.435272
0.662
0.662
0.286163
0.19359
0.662
0.555085
0.378528
0.662
0.639804
0.662
0.121578
0.368941
0.662
0.662
0.547523
0.347799
0.662
0.0846266
0.662
0.137064
0.261405
0.662
0.283325
0.662
0.107844
0.17482
0.00458053
0.662
0.314258
0.405472
0.0346367
0.39083
0.430088
0.430235
0.662
0.662
0.548512
0.662
0.242394
0.662
0.0576459
0.0251577
0.283868
0.198474
0.662
0.307322
0.292142
0.256992
0.271338
0.662
0.662
0.662
0.232972
0.150807
0.268991
0.662
0.181828
0.662
0.662
0.662
0.532192
0.662
0.662
0.231729
0.106318
0.322185
0.498434
0.282934
0.20373
0.466418
0.235803
0.662
0.662
0.662
0.351712
0.176269
0.0777666
0.662
0.0437391
0.221726
0.384264
0.325876
0.662
0.578131
0.0880972
0.662
0.352988
0.439357
0.662
0.215083
0.619824
0.199242
0.662
0.662
0.662
0.20796
0.251688
0.133632
0.662
0.662
0.357115
0.441855
0.221363
0.306471
0.234354
0.234178
0.431337
0.393554
0.662
0.13814
0.190156
0.0231635
0.293938
0.218477
0.662
0.484247
0.662
0.342627
0.662
0.662
0.12485
0.662
0.381359
0.662
0.381636
0.188186
0.441784
0.662
0.662
0.662
0.401044
0.48487
0.298335
0.291112
0.662
0.662
0.316403
0.589316
0.662
0.351827
0.213733
0.536681
0.413473
0.504804
0.15554
0.662
0.0607387
0.543883
0.662
0.375894
0.160293
0.462222
0.0147388
0.100415
0.107367
0.662
0.662
0.0254601
0.243666
0.662
0.0986746
0.0362017
0.0568871
0.276643
0.209846
0.154553
0.662
0.24706
0.438518
0.662
0.019396
0.662
0.227422
0.662
0.349263
0.208719
0.429821
0.654889
0.11092
0.658841
0.662
0.662
0.662
0.662
0.662
0.0495971
0.263679
0.195849
0.435786
0.662
0.170442
0.392917
0.349792
0.662
0.320849
0.264882
0.222714
0.656595
0.171805
0.0228397
0.570888
0.118468
0.20731
0.268207
0.662
0.346074
0.662
0.466548
0.662
0.2881
0.662
0.662
0.662
0.662
0.446414
0.662
0.309798
0.387785
0.0871751
0.662
0.370395
0.135144
0.662
0.662
0.31433
0.00203874
0.662
0.662
0.662
0.238462
0.662
0.662
0.117732
0.662
0.64442
0.0938384
0.154291
0.662
0.662
0.310653
0.0940663
0.662
0.662
0.662
0.320425
0.662
0.662
0.347524
0.04068
0.662
0.662
0.197445
0.128365
0.576163
0.662
0.3765
0.411633
0.44833
0.449517
0.386563
0.662
0.662
0.00956438
0.662
0.662
0.303899
0.09835
0.385914
0.662
0.119204
0.662
0.391907
0.235809
0.401158
0.198566
0.42852
0.275307
0.625034
0.662
0.662
0.206413
0.439209
0.450718
0.662
0.00272275
0.474477
0.225717
0.662
0.662
0.331974
0.208988
0.174834
0.298583
0.342281
0.662
0.662
0.253753
0.0171383
0.18201
0.0548815
0.0540556
0.662
0.387518
0.242006
0.662
0.662
0.662
0.662
0.662
0.417726
0.662
0.0560937
0.662
0.662
0.458987
0.00785933
0.662
0.662
0.255015
0.63004
0.662
0.500155
0.269471
0.662
0.0661173
0.662
0.378166
0.662
0.662
0.0665246
0.330619
0.358441
0.662
0.136305
0.662
0.474196
0.23001
0.249374
0.662
0.662
0.662
0.134932
0.662
0.236882
0.00190614
0.662
0.0834113
0.662
0.551659
0.656075
0.260294
0.304986
0.281667
0.662
0.0294291
0.0595315
0.0583975
0.41704
0.37544
0.646497
0.662
0.365644
0.660738
0.662
0.305494
0.646666
0.149766
0.071852
0.662
0.266267
0.662
0.133559
0.662
0.450086
0.15449
0.310251
0.0332428
0.41095
0.662
0.287611
0.662
0.249519
0.234281
0.0581636
0.662
0.368374
0.256709
0.376803
0.662
0.662
0.292106
0.177166
0.27847
0.662
0.638606
0.296791
0.300977
0.662
0.573723
0.662
0.662
0.310865
0.295727
0.662
0.662
0.662
0.662
0.634675
0.662
0.662
0.124623
0.14764
0.662
0.662
0.273112
0.662
0.237435
0.426576
0.524362
0.193263
0.235416
0.662
0.662
0.258446
0.263799
0.662
0.662
0.662
0.367778
0.585754
0.141391
0.351873
0.41703
0.201086
0.662
0.0776402
0.452723
0.662
0.662
0.0298156
0.662
0.198578
0.0795206
0.00782577
0.0760758
0.662
0.662
0.662
0.662
0.377233
0.662
0.514969
0.269932
0.0779681
0.391933
0.163444
0.662
0.223959
0.368305
0.356222
0.446797
0.662
0.144356
0.662
0.265121
0.662
0.428299
0.662
0.319558
0.662
0.662
0.662
0.0682567
0.662
0.662
0.170729
0.259968
0.662
0.406115
0.397252
0.0517345
0.662
0.594027
0.19364
0.662
0.297855
0.662
0.662
0.00777663
0.662
0.662
0.662
0.215969
0.662
0.662
0.466209
0.662
0.662
0.391575
0.662
0.362332
0.467876
0.312552
0.253006
0.662
0.662
0.662
0.249176
0.466263
0.170818
0.662
0.199639
0.647918
0.397909
0.451614
0.548498
0.659208
0.108794
0.296669
0.662
0.238189
0.662
0.403485
0.662
0.171603
0.192454
0.106803
0.662
0.662
0.454558
0.0036282
0.469224
0.662
0.124949
0.423855
0.662
0.144658
0.213457
0.662
0.470507
0.47528
0.662
0.311
0.0233453
0.189785
0.113461
0.525132
0.662
0.135161
0.326168
0.205388
0.662
0.662
0.662
0.108884
0.662
0.662
0.662
0.11363
0.662
0.662
0.486472
0.372355
0.662
0.0937687
0.213766
0.406514
0.662
0.33874
0.662
0.227144
0.323567
0.234217
0.662
0.459993
0.375036
0.662
0.335205
0.662
0.662
0.662
0.38264
0.211175
0.129475
0.662
0.662
0.662
0.662
0.371971
0.255201
0.333482
0.139125
0.180626
0.0137059
0.231142
0.211761
0.662
0.662
0.0884904
0.662
0.662
0.306416
0.336405
0.662
0.611893
0.00515357
0.662
0.662
0.662
0.662
0.662
0.662
0.662
0.662
0.305703
0.662
0.241882
0.15197
0.662
0.325845
0.296219
0.0813131
0.374249
0.662
0.240223
0.106255
0.424803
0.662
0.432201
0.464044
0.662
0.297303
0.662
0.662
0.383393
0.0993713
0.329572
0.189506
0.662
0.510557
0.286425
0.662
0.458641
0.0499149
0.470042
0.45078
0.662
0.662
0.662
0.0909876
0.0451608
0.662
0.030023
0.469826
0.662
0.0470816
0.26325
0.314914
0.200879
0.662
0.391543
0.662
0.662
0.662
0.662
0.45454
0.37775
0.389412
0.0158866
0.662
0.327156
0.370305
0.0502481
0.276646
0.662
0.116635
0.662
0.203972
0.465453
0.662
0.653364
0.662
0.662
0.430257
0.516838
0.662
0.0255124
0.138962
0.317369
0.0813827
0.0778369
0.662
0.166728
0.063386
0.303628
0.364438
0.662
0.196774
0.166244
0.544124
0.264992
0.220995
0.157577
0.662
0.662
0.284264
0.167935
0.662
0.28953
0.294711
0.662
0.25393
0.662
0.47455
0.662
0.52281
0.662
0.133151
0.539929
0.662
0.292314
0.198969
0.662
0.27125
0.207076
0.662
0.365157
0.662
0.235271
0.662
0.662
0.242003
0.0411205
0.478726
0.181115
0.662
0.662
0.370472
0.513502
0.454895
0.662
0.1147
0.662
0.253898
0.0831929
0.662
0.229796
0.662
0.524918
0.197488
0.438668
0.204454
0.662
0.265547
0.0535781
0.662
0.254543
0.662
0.00734277
0.662
0.428346
0.662
0.662
0.340599
0.118888
0.412537
0.00534587
0.364962
0.662
0.360437
0.371138
0.662
0.285383
0.662
0.263678
0.0329429
0.503213
0.358004
0.0778294
0.662
0.295751
0.662
0.662
0.0827976
0.466407
0.662
0.158789
0.214758
0.216878
0.482729
0.662
0.662
0.186111
0.149825
0.227911
0.249285
0.00321802
0.403152
0.227278
0.16835
0.505875
0.380646
0.482212
0.479189
0.489016
0.662
0.662
0.351972
0.662
0.662
0.227744
0.662
0.662
0.0386433
0.662
0.0555841
0.318345
0.126957
0.44024
0.662
0.0669732
0.239906
0.236147
0.662
0.19956
0.123223
0.386628
0.662
0.632191
0.271003
0.662
0.439447
0.215983
0.662
0.0704766
0.348647
0.425966
0.662
0.13312
0.198699
0.662
0.662
0.662
0.662
0.662
0.105357
0.662
0.662
0.395388
0.662
0.662
0.187522
0.662
0.662
0.476212
0.518584
0.0223093
0.233955
0.318609
0.662
0.223952
0.123909
0.225752
0.662
0.291043
0.27285
0.157489
0.662
0.662
0.213368
0.142806
0.14118
0.213788
0.662
0.662
0.217708
0.662
0.547918
0.0950556
0.610971
0.662
0.23818
0.662
0.662
0.228424
0.475261
0.662
0.209633
0.133647
0.662
0.662
0.662
0.068059
0.662
0.662
0.440223
0.38043
0.0939528
0.270043
0.116134
0.240686
0.0915446
0.0513197
0.245662
0.049941
0.662
0.383308
0.20151
0.454981
0.314281
0.400979
0.662
0.142251
0.662
0.662
0.192141
0.662
0.317795
0.662
0.0478631
0.331583
0.374484
0.662
0.121722
0.196967
0.215683
0.292587
0.327418
0.662
0.662
0.662
0.391552
0.395458
0.662
0.221552
0.430673
0.150218
0.662
0.00821301
0.662
0.463103
0.246016
0.0862725
0.209609
0.662
0.403581
0.489416
0.662
0.034943
0.662
0.438598
0.646446
0.453394
0.203575
0.250381
0.190885
0.403941
0.662
0.662
0.662
0.662
0.192708
0.662
0.535895
0.662
0.124753
0.629706
0.0736177
0.193525
0.141822
0.420601
0.0954258
0.662
0.662
0.19777
0.0115035
0.662
0.662
0.662
0.294549
0.662
0.37505
0.662
0.305029
0.0887495
0.662
0.662
0.662
0.662
0.662
0.219016
0.662
0.378521
0.662
0.115868
0.245976
0.662
0.662
0.6281
0.484034
0.00625089
0.471902
0.460706
0.244379
0.662
0.136561
0.390763
0.0292707
0.317302
0.662
0.239766
0.0446111
0.662
0.662
0.662
0.365331
0.662
0.140414
0.662
0.488509
0.448082
0.168946
0.662
0.311533
0.433717
0.650189
0.322989
0.662
0.245045
0.244711
0.100625
0.662
0.662
0.662
0.662
0.219446
0.446838
0.331352
0.00362045
0.662
0.662
0.662
0.662
0.262834
0.662
0.196832
0.0176017
0.616814
0.560723
0.0613574
0.380018
0.371035
0.343543
0.662
0.662
0.662
0.236197
0.0365718
0.530096
0.223252
0.662
0.143705
0.365636
0.180696
0.662
0.662
0.353598
0.662
0.337216
0.361625
0.0692634
0.429406
0.662
0.662
0.144372
0.662
0.0710552
0.369798
0.662
0.473441
0.662
0.426166
0.662
0.447981
0.0295648
0.45384
0.44913
0.662
0.662
0.446406
0.231015
0.446028
0.0383697
0.662
0.305058
0.296303
0.272609
0.662
0.662
0.102957
0.662
0.268801
0.662
0.662
0.662
0.228818
0.330858
0.662
0.662
0.324201
0.0206653
0.379198
0.662
0.0485729
0.662
0.662
0.662
0.560697
0.662
0.662
0.339034
0.305604
0.662
0.194797
0.662
0.164485
0.513621
0.662
0.662
0.341603
0.662
0.662
0.662
0.154318
0.252524
0.662
0.662
0.662
0.0716883
0.662
0.442252
0.17859
0.662
0.273381
0.662
0.288976
0.662
0.662
0.437245
0.662
0.317609
0.662
0.662
0.330035
0.0429423
0.14846
0.128722
0.662
0.662
0.662
0.662
0.662
0.42654
0.613538
0.33067
0.662
0.0744516
0.662
0.266863
0.315906
0.13102
0.558714
0.346813
0.37724
0.189523
0.421565
0.426952
0.191231
0.377024
0.662
0.662
0.662
0.248016
0.0262442
0.662
0.0318713
0.123862
0.662
0.662
0.013283
0.214317
0.662
0.662
0.308759
0.521946
0.662
0.526874
0.116281
0.662
0.375321
0.273036
0.662
0.662
0.629465
0.142725
0.541023
0.396031
0.143982
0.0398148
0.662
0.662
0.397808
0.104483
0.446485
0.662
0.122582
0.566802
0.662
0.0394084
0.662
0.330454
0.55357
0.255018
0.662
0.429941
0.350301
0.08133
0.0478451
0.188161
0.111369
0.662
0.662
0.489186
0.598921
0.523151
0.330387
0.662
0.662
0.389787
0.21654
0.334122
0.610649
0.662
0.140081
0.475399
0.153506
0.662
0.191238
0.149356
0.662
0.662
0.107007
0.662
0.191874
0.241512
0.125031
0.662
0.33931
0.0982696
0.270849
0.171668
0.21072
0.662
0.332872
0.662
0.390443
0.662
0.161095
0.23441
0.639306
0.397118
0.571187
0.460648
0.662
0.375115
0.662
0.55452
0.662
0.347795
0.0264786
0.286369
0.213107
0.0430892
0.30233
0.662
0.0138412
0.328824
0.16868
0.662
0.21391
0.280403
0.452441
0.662
0.284387
0.311401
0.662
0.662
0.30836
0.297653
0.662
0.0549299
0.325173
0.662
0.0788538
0.308084
0.510228
0.256419
0.146283
0.662
0.567719
0.662
0.1123
0.0147753
0.0844045
0.47383
0.662
0.211149
0.0555779
0.282763
0.662
0.424067
0.662
0.158186
0.422383
0.662
0.17393
0.432873
0.662
0.662
0.526643
0.193277
0.662
0.457783
0.320035
0.144802
0.215798
0.470916
0.154458
0.197705
0.508709
0.32649
0.226521
0.662
0.120309
0.0767794
0.662
0.662
0.47011
0.465064
0.662
0.214247
0.662
0.306499
0.152407
0.662
0.32215
0.662
0.308736
0.0461399
0.14235
0.662
0.324078
0.662
0.662
0.0943942
0.204208
0.271849
0.662
0.196533
0.564189
0.014225
0.662
0.367981
0.317418
0.662
0.49204
0.272736
0.393839
0.662
0.123056
0.662
0.561104
0.662
0.0707034
0.662
0.29038
0.519782
0.662
0.662
0.24149
0.280269
0.332727
0.22748
0.662
0.128618
0.241969
0.327603
0.662
0.220925
0.445355
0.662
0.244567
0.204463
0.662
0.453691
0.368626
0.258177
0.211097
0.193187
0.662
0.47446
0.662
0.662
0.0468014
0.662
0.662
0.0414819
0.662
0.082994
0.295354
0.0943968
0.254707
0.662
0.202798
0.377042
0.0987343
0.033504
0.662
0.421894
0.0556133
0.662
0.528398
0.194471
0.56435
0.662
0.662
0.272604
0.662
0.339463
0.662
0.662
0.0923725
0.581636
0.662
0.426944
0.662
0.238666
0.0634382
0.177265
0.467734
0.37031
0.662
0.662
0.662
0.662
0.662
0.662
0.662
0.317823
0.662
0.662
0.481396
0.662
0.402606
0.370726
0.158986
0.0786509
0.163828
0.476382
0.295479
0.662
0.383987
0.417556
0.396468
0.370157
0.662
0.323407
0.104813
0.662
0.117327
0.662
0.662
0.662
0.338131
0.662
0.326607
0.548587
0.291846
0.0837373
0.662
0.0690619
0.662
0.439901
0.662
0.218651
0.415047
0.329498
0.194591
0.155203
0.151236
0.662
0.266892
0.535743
0.662
0.29286
0.0519846
0.517201
0.662
0.497418
0.320407
0.541396
0.3304
0.662
0.00890772
0.507145
0.662
0.662
0.134894
0.662
0.662
0.662
0.662
0.470737
0.662
0.662
0.662
0.476142
0.662
0.662
0.291398
0.662
0.353548
0.293753
0.662
0.228402
0.515544
0.476244
0.662
0.172295
0.0109973
0.177092
0.662
0.662
0.274372
0.319254
0.662
0.300143
0.662
0.338703
0.425615
0.402476
0.376374
0.662
0.662
0.134361
0.662
0.333414
0.132357
0.662
0.320711
0.28393
0.246101
0.662
0.36624
0.402852
0.0444329
0.154193
0.438169
0.281596
0.387453
0.227843
0.0854755
0.418569
0.662
0.607199
0.662
0.586574
0.662
0.16994
0.662
0.662
0.258244
0.237889
0.588443
0.643654
0.206357
0.662
0.365658
0.218267
0.136854
0.662
0.633505
0.482109
0.443854
0.662
0.167909
0.239587
0.662
0.382393
0.130777
0.569749
0.50776
0.662
0.662
0.146626
0.629264
0.452749
0.159031
0.662
0.454999
0.662
0.322844
0.333519
0.377348
0.467651
0.214302
0.662
0.00853501
0.662
0.468697
0.262588
0.217102
0.662
0.354059
0.20572
0.0618177
0.267191
0.425309
0.155044
0.662
0.662
0.662
0.662
0.487788
0.662
0.278691
0.435771
0.253709
0.662
0.21298
0.377175
0.662
0.662
0.185495
0.662
0.228849
0.434407
0.662
0.662
0.191044
0.185165
0.244282
0.281675
0.0184011
0.662
0.261312
0.275663
0.0524636
0.662
0.662
0.662
0.206475
0.456754
0.662
0.401432
0.379417
0.346467
0.662
0.215475
0.355848
0.662
0.49055
0.662
0.313826
0.243181
0.018512
0.662
0.429116
0.662
0.405149
0.662
0.380863
0.662
0.347774
0.227643
0.192945
0.662
0.662
0.662
0.310273
0.662
0.662
0.301558
0.662
0.350734
0.662
0.169007
0.662
0.271679
0.0746082
0.296614
0.167141
0.0273282
0.349361
0.22292
0.662
0.662
0.344525
0.662
0.267383
0.662
0.044369
0.662
0.662
0.662
0.662
0.662
0.343893
0.123084
0.20751
0.662
0.662
0.662
0.662
0.177758
0.127232
0.662
0.43109
0.662
0.662
0.662
0.375315
0.662
0.662
0.662
0.662
0.662
0.123099
0.180107
0.442068
0.000938637
0.209671
0.662
0.662
0.662
0.662
0.662
0.206976
0.183586
0.662
0.0262616
0.662
0.491496
0.662
0.662
0.662
0.000570395
0.662
0.662
0.526663
0.662
0.662
0.662
0.22188
0.0590342
0.662
0.662
0.424505
0.662
0.470593
0.408901
0.0427288
0.662
0.662
0.662
0.662
0.662
0.193366
0.662
0.117169
0.266401
0.662
0.662
0.662
0.501615
0.662
0.662
0.329754
0.0240372
0.580831
0.207937
0.662
0.662
0.662
0.257359
0.662
0.128422
0.137693
0.209218
0.662
0.26279
0.184462
0.0191218
0.662
0.662
0.662
0.662
0.662
0.135231
0.662
0.27597
0.208302
0.278728
0.119718
0.370532
0.240143
0.00119744
0.0170918
0.213818
0.662
0.435951
0.662
0.442179
0.662
0.163409
0.0323251
0.662
0.662
0.662
0.309913
0.0225648
0.662
0.292429
0.0816587
0.662
0.00672835
0.662
0.662
0.228285
0.185045
0.662
0.466556
0.358996
0.450384
0.183427
0.662
0.336579
0.0485652
0.662
0.662
0.662
0.363215
0.479434
0.281168
0.662
0.208781
0.240601
0.209138
0.662
0.391303
0.262561
0.358118
0.460685
0.282702
0.301667
0.0423727
0.37472
0.107605
0.190551
0.662
0.662
0.446278
0.662
0.287867
0.469699
0.20295
0.662
0.662
0.309973
0.456752
0.112966
0.187951
0.662
0.662
0.24491
0.662
0.662
0.111445
0.662
0.359267
0.662
0.662
0.488647
0.545669
0.406933
0.662
0.400175
0.0782153
0.662
0.57066
0.662
0.662
0.248462
0.283004
0.139015
0.662
0.47306
0.662
0.662
0.121662
0.0540768
0.142399
0.662
0.400595
0.662
0.475395
0.342269
0.662
0.200451
0.662
0.251029
0.662
0.296097
0.321942
0.662
0.186738
0.362145
0.0556183
0.662
0.662
0.662
0.662
0.662
0.662
0.39989
0.132075
0.177585
0.662
0.662
0.662
0.343087
0.0224179
0.175016
0.662
0.469379
0.662
0.662
0.0177666
0.249168
0.275647
0.514827
0.662
0.662
0.241772
0.662
0.662
0.0477296
0.242816
0.119584
0.662
0.401749
0.577848
0.328534
0.336298
0.209612
0.662
0.662
0.439078
0.662
0.597735
0.0222365
0.452029
0.0737082
0.662
0.420653
0.416506
0.172616
0.392847
0.402594
0.662
0.35731
0.662
0.141567
0.346852
0.0345646
0.662
0.0656396
0.662
0.662
0.662
0.265815
0.662
0.168412
0.30328
0.109625
0.0451679
0.662
0.464247
0.0591996
0.241695
0.0482332
0.662
0.48506
0.662
0.327554
0.107341
0.315283
0.207833
0.662
0.252548
0.0349713
0.466088
0.593703
0.662
0.662
0.615481
0.0716718
0.111073
0.0374236
0.662
0.348414
0.662
0.0547856
0.662
0.231084
0.662
0.662
0.208433
0.182041
0.284282
0.662
0.662
0.195508
0.662
0.662
0.170152
0.132694
0.164025
0.662
0.662
0.502297
0.154029
0.627151
0.662
0.662
0.0928819
0.1431
0.662
0.161912
0.662
0.140911
0.36256
0.230686
0.662
0.532632
0.610966
0.662
0.662
0.368195
0.645659
0.662
0.0880995
0.166476
0.662
0.662
0.662
0.192861
0.0920407
0.662
0.662
0.382242
0.662
0.197736
0.369161
0.345798
0.40246
0.220304
0.52554
0.304712
0.269022
0.433936
0.197087
0.201113
0.662
0.529726
0.140498
0.232032
0.0717189
0.454577
0.266381
0.662
0.32212
0.464201
0.14193
0.529864
0.361104
0.662
0.229505
0.662
0.224681
0.586652
0.0309805
0.662
0.375859
0.107461
0.0628362
0.251902
0.409467
0.662
0.662
0.19331
0.00900503
0.662
0.403431
0.198822
0.662
0.662
0.662
0.0528258
0.353036
0.662
0.618868
0.12134
0.662
0.213353
0.458724
0.662
0.0306348
0.662
0.641096
0.662
0.662
0.445485
0.662
0.466652
0.662
0.662
0.307958
0.226609
0.115333
0.446496
0.389006
0.022097
0.367978
0.235164
0.325454
0.0879341
0.584956
0.530162
0.335883
0.131747
0.211508
0.2117
0.662
0.451772
0.552493
0.662
0.474369
0.345809
0.662
0.662
0.266793
0.357618
0.196455
0.662
0.520717
0.59025
0.116485
0.662
0.230749
0.172887
0.375078
0.193046
0.662
0.662
0.184162
0.232484
0.361904
0.242306
0.115483
0.314855
0.662
0.203086
0.662
0.355218
0.0680101
0.026441
0.367085
0.662
0.437388
0.662
0.662
0.263991
0.43813
0.315462
0.401981
0.244178
0.0534049
0.662
0.209144
0.224085
0.662
0.0113918
0.196336
0.662
0.0769984
0.662
0.370599
0.486614
0.662
0.0853026
0.630206
0.421159
0.662
0.105077
0.301129
0.292488
0.269891
0.662
0.253201
0.424503
0.196758
0.132006
0.662
0.662
0.0496584
0.426362
0.0520869
0.662
0.32591
0.479965
0.190822
0.254814
0.602591
0.0352122
0.35858
0.662
0.662
0.184422
0.446165
0.599553
0.177246
0.49879
0.0544283
0.662
0.120357
0.0761428
0.0971514
0.662
0.225686
0.152945
0.131513
0.310353
0.478451
0.368031
0.350216
0.097009
0.662
0.438775
0.662
0.662
0.662
0.175523
0.134373
0.633694
0.167414
0.111455
0.317048
0.461179
0.44497
0.27134
0.662
0.288579
0.662
0.535089
0.246393
0.431273
0.662
0.662
0.662
0.454431
0.662
0.375398
0.47542
0.662
0.647087
0.208547
0.662
0.662
0.274951
0.326535
0.662
0.218847
0.662
0.373435
0.662
0.662
0.662
0.662
0.313105
0.662
0.662
0.662
0.259864
0.329054
0.446924
0.655099
0.27283
0.440193
0.22465
0.662
0.471047
0.562989
0.198794
0.122946
0.662
0.662
0.473591
0.662
0.0723676
0.367018
0.662
0.662
0.662
0.314044
0.160024
0.484639
0.662
0.199657
0.200981
0.662
0.662
0.484376
0.662
0.426467
0.281736
0.662
0.662
0.168473
0.0781059
0.0434368
0.662
0.662
0.662
0.662
0.48389
0.662
0.202475
0.332735
0.447718
0.123039
0.396679
0.662
0.662
0.0423761
0.519772
0.0726581
0.46292
0.297727
0.662
0.31
0.0461364
0.662
0.15365
0.0661142
0.44954
0.0162196
0.662
0.662
0.662
0.219513
0.248978
0.585747
0.590225
0.44675
0.0905156
0.47411
0.450303
0.662
0.662
0.495668
0.511596
0.477189
0.168475
0.133286
0.662
0.662
0.39105
0.188117
0.662
0.0280907
0.402056
0.662
0.662
0.352288
0.662
0.662
0.662
0.662
0.618515
0.662
0.283697
0.149475
0.0452454
0.451738
0.219778
0.662
0.662
0.662
0.0400158
0.305724
0.388041
0.451381
0.2446
0.662
0.662
0.0625164
0.662
0.662
0.662
0.199427
0.662
0.662
0.662
0.662
0.0199001
0.662
0.662
0.287345
0.243114
0.295204
0.662
0.0962206
0.237803
0.662
0.63339
0.662
0.451602
0.183758
0.277611
0.21799
0.148337
0.218657
0.251539
0.662
0.662
0.662
0.662
0.662
0.662
0.634168
0.662
0.121016
0.140488
0.337619
0.662
0.662
0.211133
0.188648
0.662
0.320646
0.355948
0.189287
0.662
0.202374
0.662
0.356353
0.306496
0.0169661
0.169992
0.0924192
0.398989
0.285969
0.363238
0.662
0.147421
0.662
0.662
0.662
0.196422
0.662
0.662
0.0698892
0.662
0.29595
0.662
0.311883
0.383484
0.527563
0.662
0.479147
0.63182
0.662
0.401908
0.504392
0.0873772
0.188644
0.662
0.624883
0.555242
0.262768
0.280714
0.662
0.308681
0.662
0.18062
0.0280436
0.277627
0.662
0.0369607
0.662
0.111519
0.353661
0.0995425
0.30479
0.517819
0.662
0.369399
0.196266
0.662
0.662
0.129195
0.662
0.662
0.153663
0.446406
0.081109
0.662
0.662
0.206225
0.662
0.0297349
0.662
0.394132
0.187604
0.100751
0.183822
0.28154
0.662
0.141761
0.366532
0.44308
0.207537
0.473638
0.320187
0.198389
0.361133
0.00112386
0.662
0.662
0.232481
0.181924
0.662
0.662
0.662
0.662
0.192249
0.475495
0.506276
0.0980172
0.203885
0.0703191
0.380205
0.662
0.226132
0.422342
0.303803
0.383148
0.662
0.662
0.313191
0.662
0.25778
0.117645
0.662
0.09007
0.662
0.415032
0.662
0.662
0.662
0.137159
0.662
0.169142
0.662
0.229058
0.662
0.662
0.662
0.662
0.368058
0.079826
0.662
0.465861
0.662
0.662
0.662
0.356782
0.662
0.319349
0.662
0.662
0.305988
0.662
0.662
0.662
0.662
0.474616
0.662
0.662
0.662
0.31037
0.261624
0.245069
0.662
0.662
0.662
0.662
0.41948
0.662
0.197864
0.205454
0.338651
0.159869
0.187647
0.662
0.129209
0.662
0.369339
0.439463
0.558359
0.377582
0.545141
0.112397
0.252452
0.662
0.589863
0.662
0.662
0.662
0.0372044
0.662
0.662
0.662
0.0720372
0.662
0.45371
0.662
0.364736
0.314468
0.587645
0.662
0.662
0.413298
0.026225
0.662
0.270032
0.0189097
0.662
0.626303
0.662
0.209807
0.261957
0.322781
0.662
0.662
0.252897
0.662
0.0518344
0.654785
0.480407
0.186184
0.16856
0.662
0.662
0.43336
0.662
0.662
0.00290986
0.662
0.662
0.442613
0.0267185
0.662
0.662
0.662
0.662
0.662
0.662
0.511181
0.362497
0.123745
0.125663
0.0581108
0.249664
0.211536
0.498045
0.158364
0.0210793
0.284466
0.506606
0.662
0.662
0.252379
0.662
0.662
0.662
0.346222
0.195908
0.662
0.0753853
0.374708
0.662
0.374111
0.662
0.662
0.497185
0.662
0.14492
0.107601
0.633694
0.60728
0.662
0.662
0.19149
0.210378
0.189661
0.17747
0.204577
0.662
0.148792
0.662
0.662
0.279503
0.662
0.662
0.662
0.662
0.0644701
0.578066
0.136794
0.662
0.662
0.520418
0.662
0.662
0.662
0.662
0.29514
0.611082
0.101011
0.0267167
0.662
0.0800033
0.256808
0.419176
0.223435
0.103358
0.219213
0.662
0.0789
0.662
0.165902
0.143835
0.211677
0.662
0.662
0.469164
0.485554
0.662
0.662
0.322555
0.662
0.662
0.277368
0.240513
0.662
0.0823028
0.156255
0.662
0.243077
0.662
0.321571
0.253445
0.160091
0.662
0.662
0.662
0.662
0.566479
0.662
0.662
0.006282
0.29433
0.662
0.662
0.656064
0.647026
0.00725891
0.193604
0.402208
0.19254
0.662
0.662
0.203093
0.662
0.166462
0.425266
0.275398
0.245503
0.116889
0.252179
0.662
0.662
0.662
0.338941
0.662
0.262026
0.0831411
0.236124
0.662
0.123837
0.662
0.128505
0.406314
0.240374
0.0685831
0.662
0.453237
0.662
0.240767
0.584018
0.506291
0.662
0.662
0.662
0.662
0.0517863
0.662
0.190997
0.221921
0.350227
0.423309
0.391204
0.662
0.662
0.41228
0.662
0.284575
0.268132
0.662
0.254441
0.265226
0.210202
0.616952
0.662
0.216234
0.215753
0.294639
0.662
0.292465
0.215974
0.339812
0.416437
0.186392
0.201845
0.662
0.427554
0.662
0.615088
0.662
0.662
0.422979
0.178591
0.601693
0.662
0.301834
0.18659
0.395
0.662
0.662
0.471936
0.662
0.442103
0.189896
0.198998
0.0694866
0.662
0.662
0.662
0.662
0.662
0.316515
0.132789
0.662
0.152963
0.662
0.662
0.662
0.0793371
0.396342
0.662
0.364589
0.662
0.400592
0.662
0.37117
0.135304
0.32307
0.662
0.143646
0.38165
0.662
0.22656
0.662
0.340911
0.662
0.0352637
0.662
0.662
0.662
0.500962
0.352094
0.662
0.662
0.662
0.170596
0.443826
0.14856
0.662
0.466887
0.0800744
0.290911
0.330332
0.42661
0.662
0.324906
0.268231
0.662
0.463836
0.662
0.242106
0.393985
0.225245
0.39899
0.484318
0.662
0.662
0.662
0.662
0.662
0.427521
0.662
0.220831
0.277204
0.00121105
0.662
0.662
0.202979
0.194928
0.36109
0.178164
0.662
0.0395718
0.237143
0.160541
0.0281477
0.304697
0.443474
0.417432
0.446125
0.662
0.641043
0.361268
0.194831
0.662
0.401129
0.662
0.0920084
0.662
0.231716
0.117122
0.310632
0.445947
0.475695
0.24204
0.148016
0.218343
0.278051
0.185968
0.662
0.260536
0.0727928
0.662
0.0196979
0.662
0.662
0.662
0.130344
0.450742
0.0599089
0.447801
0.285189
0.38965
0.312293
0.253565
0.662
0.160428
0.662
0.662
0.662
0.662
0.387565
0.235087
0.198959
0.662
0.160691
0.198393
0.662
0.0213409
0.539388
0.248889
0.228275
0.289965
0.15485
0.161854
0.244309
0.662
0.662
0.662
0.324746
0.0189266
0.522511
0.661847
0.557158
0.345401
0.0237558
0.289939
0.0613871
0.662
0.304264
0.662
0.188158
0.662
0.139267
0.108872
0.662
0.239599
0.15603
0.258344
0.640462
0.0480235
0.662
0.49582
0.446327
0.662
0.31211
0.662
0.662
0.662
0.360499
0.662
0.0854877
0.657376
0.431673
0.662
0.262406
0.450743
0.43838
0.17157
0.662
0.662
0.662
0.662
0.00859084
0.0492879
0.183371
0.662
0.313984
0.662
0.621447
0.662
0.662
0.521293
0.0538489
0.5035
0.293242
0.662
0.352178
0.421379
0.40178
0.445926
0.662
0.511248
0.190101
0.50236
0.131494
0.412381
0.662
0.432322
0.419603
0.662
0.662
0.305395
0.112566
0.205356
0.0923829
0.253317
0.662
0.662
0.662
0.662
0.662
0.477544
0.0753939
0.644442
0.201528
0.662
0.662
0.0272371
0.528953
0.150219
0.0446231
0.0125156
0.662
0.662
0.662
0.662
0.662
0.063182
0.662
0.662
0.422007
0.151919
0.499181
0.187381
0.149642
0.662
0.662
0.416905
0.192641
0.43297
0.266557
0.0736477
0.458304
0.457385
0.662
0.424922
0.29267
0.135293
0.4978
0.299308
0.311587
0.662
0.14693
0.236244
0.544801
0.662
0.0360055
0.257203
0.662
0.292716
0.662
0.662
0.0748004
0.662
0.662
0.440854
0.662
0.645291
0.662
0.459847
0.662
0.662
0.662
0.662
0.662
0.00410506
0.213258
0.662
0.142076
0.442361
0.47857
0.197916
0.173166
0.331082
0.662
0.662
0.662
0.431959
0.0270755
0.227623
0.662
0.0287627
0.162757
0.565845
0.440741
0.662
0.158546
0.662
0.384265
0.197651
0.464717
0.0710014
0.140391
0.371552
0.0235759
0.463273
0.332672
0.301137
0.662
0.560641
0.446899
0.26131
0.271202
0.662
0.455192
0.662
0.662
0.662
0.217605
0.25284
0.662
0.662
0.662
0.662
0.477071
0.662
0.453269
0.160269
0.365774
0.0795649
0.217991
0.046326
0.662
0.32073
0.153318
0.0493058
0.662
0.0784673
0.219977
0.191525
0.183693
0.662
0.248648
0.0409345
0.662
0.284038
0.662
0.451355
0.167301
0.447263
0.458538
0.0860503
0.662
0.662
0.0297357
0.156753
0.422774
0.662
0.446397
0.283481
0.218963
0.320498
0.662
0.662
0.662
0.360624
0.662
0.662
0.082013
0.18118
0.662
0.662
0.587519
0.662
0.662
0.386338
0.316523
0.359362
0.230907
0.42671
0.32557
0.662
0.662
0.410022
0.662
0.405626
0.0106477
0.258957
0.299244
0.477096
0.225931
0.461174
0.662
0.662
0.227422
0.662
0.662
0.662
0.662
0.662
0.354346
0.461415
0.250978
0.412418
0.662
0.662
0.163063
0.42523
0.662
0.662
0.186305
0.608997
0.662
0.334536
0.662
0.662
0.662
0.416898
0.023916
0.662
0.417585
0.418309
0.251492
0.662
0.612589
0.662
0.662
0.119926
0.368994
0.662
0.193549
0.170397
0.463158
0.332231
0.662
0.226619
0.662
0.440551
0.415118
0.612536
0.650467
0.0682907
0.220194
0.662
0.21657
0.523127
0.662
0.323604
0.0322173
0.662
0.0100493
0.0135399
0.281067
0.662
0.662
0.662
0.196917
0.662
0.224681
0.19316
0.662
0.662
0.662
0.662
0.209399
0.287357
0.0136559
0.662
0.662
0.48357
0.44775
0.311342
0.26168
0.440477
0.183712
0.232797
0.344888
0.0875332
0.192011
0.307547
0.337944
0.662
0.248898
0.397383
0.393168
0.662
0.373302
0.32886
0.317893
0.132204
0.56822
0.662
0.662
0.289012
0.202529
0.662
0.662
0.484834
0.662
0.662
0.223079
0.468502
0.662
0.174351
0.662
0.471149
0.662
0.203537
0.170861
0.662
0.662
0.313706
0.375699
0.432474
0.065807
0.662
0.119388
0.493673
0.222881
0.0209765
0.115991
0.0284798
0.662
0.201231
0.209183
0.280086
0.662
0.189535
0.662
0.662
0.213164
0.121131
0.239758
0.662
0.388268
0.196527
0.492541
0.404951
0.0770079
0.224031
0.662
0.0960772
0.00726339
0.662
0.297439
0.186921
0.333153
0.662
0.662
0.116271
0.267898
0.117339
0.435916
0.0389434
0.123227
0.33414
0.662
0.23806
0.306234
0.662
0.0782392
0.192626
0.206634
0.0873862
0.662
0.321513
0.146956
0.662
0.0610489
0.662
0.458197
0.144439
0.236067
0.662
0.0873369
0.662
0.662
0.349051
0.0891668
0.662
0.662
0.267982
0.662
0.472586
0.322807
0.618773
0.348782
0.662
0.0707199
0.142404
0.479902
0.662
0.0688508
0.409296
0.376461
0.662
0.662
0.662
0.411533
0.662
0.254937
0.180739
0.662
0.116084
0.662
0.265127
0.320485
0.534205
0.436492
0.407235
0.21167
0.214518
0.124047
0.448327
0.139834
0.662
0.407558
0.214011
0.233297
0.662
0.662
0.240009
0.32849
0.153655
0.36338
0.268497
0.632867
0.662
0.662
0.104062
0.662
0.116436
0.662
0.662
0.0107522
0.102
0.448761
0.338459
0.301507
0.662
0.422578
0.662
0.335434
0.662
0.661114
0.362677
0.662
0.662
0.662
0.570906
0.234005
0.1558
0.662
0.219033
0.409552
0.18303
0.0239741
0.171024
0.662
0.662
0.662
0.662
0.199303
0.662
0.662
0.163334
0.455795
0.662
0.662
0.331007
0.21754
0.662
0.662
0.0240562
0.662
0.542368
0.387046
0.662
0.565192
0.428168
0.662
0.158234
0.573457
0.463547
0.319502
0.343493
0.13294
0.662
0.662
0.337634
0.207056
0.157232
0.662
0.662
0.135997
0.384436
0.260303
0.662
0.662
0.662
0.326642
0.559413
0.0445464
0.166313
0.662
0.110679
0.277834
0.662
0.021664
0.354358
0.122504
0.00830117
0.472151
0.311259
0.251388
0.258604
0.662
0.662
0.662
0.326789
0.606172
0.231896
0.193323
0.145121
0.0687783
0.413176
0.354425
0.382537
0.662
0.590796
0.0257853
0.605227
0.167713
0.527808
0.102469
0.192167
0.662
0.514257
0.100825
0.35656
0.662
0.30201
0.662
0.317882
0.662
0.0475161
0.344254
0.662
0.662
0.466038
0.662
0.662
0.662
0.103143
0.662
0.177794
0.0618931
0.212928
0.362925
0.477084
0.662
0.662
0.662
0.629083
0.195344
0.365614
0.426519
0.471626
0.662
0.313114
0.662
0.480891
0.461968
0.00445846
0.259431
0.145277
0.118601
0.554299
0.512112
0.464205
0.473992
0.130596
0.112578
0.662
0.662
0.397635
0.410805
0.284763
0.183271
0.662
0.662
0.662
0.662
0.308029
0.662
0.28682
0.662
0.356385
0.482252
0.433386
0.662
0.15461
0.662
0.662
0.431003
0.662
0.406913
0.662
0.00528858
0.662
0.662
0.662
0.212428
0.139341
0.662
0.662
0.662
0.662
0.662
0.370467
0.327755
0.662
0.43177
0.386186
0.662
0.203854
0.381883
0.427092
0.0458062
0.129081
0.662
0.662
0.662
0.136948
0.662
0.206868
0.514079
0.406708
0.662
0.39198
0.662
0.662
0.0843409
0.0156758
0.662
0.0602635
0.662
0.662
0.147285
0.47671
0.197867
0.662
0.195461
0.662
0.662
0.234652
0.514822
0.233426
0.662
0.218097
0.107879
0.662
0.662
0.662
0.519191
0.0974997
0.348055
0.274266
0.0272698
0.217237
0.00765335
0.662
0.662
0.662
0.543319
0.326553
0.132655
0.142349
0.0335731
0.26683
0.662
0.662
0.279709
0.282036
0.662
0.662
0.437847
0.194759
0.38521
0.662
0.662
0.527741
0.662
0.662
0.0195441
0.296754
0.0523732
0.0874101
0.662
0.662
0.231021
0.134482
0.412169
0.662
0.662
0.662
0.312389
0.0998099
0.417743
0.348883
0.662
0.152838
0.167429
0.662
0.283171
0.0225971
0.367249
0.662
0.173113
0.662
0.662
0.211328
0.662
0.662
0.266643
0.225346
0.662
0.424558
0.342336
0.14175
0.256021
0.662
0.189159
0.0266548
0.662
0.328772
0.436686
0.0816281
0.310438
0.662
0.3361
0.179451
0.620907
0.213733
0.129557
0.662
0.292295
0.662
0.378564
0.277429
0.662
0.216297
0.662
0.662
0.662
0.662
0.662
0.662
0.409017
0.257278
0.289244
0.231672
0.0122758
0.499776
0.662
0.186175
0.662
0.144551
0.662
0.421708
0.495385
0.0597266
0.189993
0.159773
0.1532
0.0507931
0.260476
0.172341
0.662
0.477096
0.0499439
0.662
0.187258
0.174851
0.277177
0.204798
0.662
0.00550627
0.372781
0.581554
0.185209
0.447728
0.662
0.132786
0.242929
0.222781
0.662
0.154847
0.662
0.484033
0.189434
0.263652
0.662
0.208334
0.662
0.458585
0.662
0.662
0.662
0.662
0.662
0.662
0.662
0.662
0.662
0.662
0.619801
0.191801
0.662
0.662
0.390623
0.652178
0.662
0.662
0.432193
0.662
0.108029
0.662
0.0319191
0.218454
0.026164
0.582548
0.186942
0.662
0.297648
0.662
0.360482
0.662
0.662
0.662
0.464069
0.0480254
0.167118
0.192385
0.167447
0.662
0.662
0.242406
0.662
0.405276
0.662
0.0906148
0.398753
0.124172
0.511225
0.268949
0.376969
0.250163
0.223271
0.662
0.662
0.187742
0.662
0.152201
0.44551
0.176547
0.259937
0.662
0.428613
0.662
0.662
0.662
0.662
0.185068
0.662
0.282076
0.193922
0.436764
0.216838
0.662
0.662
0.391504
0.469325
0.662
0.404073
0.223222
0.246492
0.446227
0.662
0.279928
0.428095
0.206397
0.330736
0.243402
0.176464
0.0970071
0.662
0.517116
0.589854
0.259066
0.604483
0.273838
0.17763
0.662
0.142952
0.382353
0.141154
0.238233
0.662
0.466086
0.137023
0.149065
0.662
0.662
0.662
0.662
0.236833
0.662
0.0678482
0.662
0.662
0.662
0.160412
0.366333
0.662
0.662
0.0476417
0.302207
0.662
0.18887
0.360864
0.0371629
0.662
0.662
0.435494
0.283168
0.294861
0.662
0.321469
0.0359765
0.662
0.203121
0.662
0.112925
0.0254385
0.263196
0.377243
0.662
0.218818
0.480458
0.291697
0.662
0.176084
0.194961
0.0723646
0.662
0.132219
0.196806
0.20833
0.550322
0.0616492
0.397636
0.152654
0.335979
0.570846
0.20373
0.662
0.662
0.217931
0.662
0.0422896
0.662
0.154365
0.274181
0.0527263
0.662
0.0337595
0.457617
0.662
0.662
0.246007
0.253334
0.317102
0.662
0.387578
0.33474
0.253225
0.423512
0.662
0.173234
0.237696
0.662
0.246274
0.662
0.0740674
0.465624
0.662
0.662
0.150062
0.662
0.662
0.662
0.0851007
0.298629
0.230242
0.543752
0.662
0.382126
0.455844
0.155095
0.662
0.662
0.317465
0.459917
0.662
0.662
0.246986
0.392836
0.662
0.392991
0.0465366
0.662
0.662
0.662
0.662
0.662
0.423836
0.102578
0.662
0.491778
0.662
0.662
0.662
0.662
0.662
0.191461
0.18162
0.58209
0.342335
0.416256
0.662
0.633694
0.314218
0.662
0.032916
0.662
0.29296
0.513039
0.662
0.158994
0.662
0.198392
0.662
0.662
0.662
0.397528
0.662
0.138925
0.124086
0.662
0.662
0.662
0.662
0.662
0.159695
0.509016
0.662
0.662
0.662
0.662
0.181679
0.0915488
0.00638843
0.662
0.207963
0.248996
0.338817
0.289124
0.662
0.662
0.662
0.147118
0.446919
0.662
0.159137
0.662
0.29085
0.276507
0.662
0.31363
0.229724
0.662
0.662
0.541521
0.662
0.143223
0.408138
0.662
0.190826
0.106751
0.662
0.487875
0.294969
0.377755
0.31569
0.222712
0.19915
0.662
0.662
0.122263
0.0371297
0.145407
0.0627875
0.662
0.662
0.662
0.0604566
0.662
0.662
0.16918
0.560834
0.662
0.240476
0.0916467
0.564576
0.466723
0.662
0.313044
0.354358
0.287911
0.165325
0.377001
0.662
0.662
0.662
0.0322741
0.662
0.662
0.203887
0.198351
0.662
0.381353
0.662
0.317352
0.423024
0.34104
0.662
0.454087
0.176883
0.0228481
0.410657
0.574303
0.662
0.662
0.0237695
0.124395
0.22471
0.662
0.517147
0.0170413
0.228662
0.38291
0.662
0.662
0.0362113
0.662
0.442458
0.631007
0.236329
0.662
0.662
0.5278
0.662
0.662
0.662
0.662
0.662
0.662
0.337008
0.662
0.662
0.451249
0.229113
0.662
0.662
0.662
0.662
0.662
0.166995
0.18176
0.662
0.173684
0.662
0.389866
0.0836902
0.237033
0.242709
0.423179
0.196881
0.310458
0.13309
0.32194
0.00453022
0.105456
0.0864759
0.662
0.662
0.169762
0.128203
0.337735
0.442301
0.087942
0.0553439
0.662
0.662
0.662
0.662
0.662
0.0397362
0.235307
0.35331
0.228708
0.662
0.239837
0.662
0.251503
0.662
0.662
0.593154
0.662
0.633391
0.140058
0.113025
0.0702595
0.662
0.268796
0.662
0.30021
0.228891
0.421107
0.438678
0.119335
0.0603709
0.147146
0.206753
0.376678
0.123168
0.662
0.0509489
0.0805068
0.662
0.187434
0.662
0.662
0.143678
0.403548
0.307125
0.662
0.662
0.0278196
0.550062
0.229005
0.0339109
0.662
0.348203
0.460414
0.106185
0.662
0.321256
0.479602
0.100085
0.19948
0.662
0.187947
0.194008
0.662
0.662
0.479956
0.00300598
0.662
0.662
0.662
0.499858
0.310819
0.355959
0.0251165
0.294753
0.0855641
0.662
0.662
0.0338661
0.440881
0.151794
0.662
0.147711
0.257372
0.20686
0.658626
0.662
0.662
0.276627
0.662
0.395235
0.662
0.134261
0.547311
0.662
0.50464
0.662
0.0157107
0.394955
0.118076
0.662
0.662
0.184503
0.00749222
0.662
0.662
0.242703
0.662
0.193604
0.291551
0.380996
0.235645
0.384404
0.662
0.0357881
0.662
0.662
0.0147481
0.55221
0.662
0.662
0.119198
0.149572
0.662
0.662
0.0886195
0.181989
0.270483
0.662
0.379853
0.0777534
0.662
0.662
0.276168
0.278174
0.662
0.662
0.662
0.584966
0.104342
0.234261
0.662
0.662
0.662
0.662
0.053823
0.288709
0.105072
0.662
0.662
0.2487
0.362042
0.184657
0.440174
0.441061
0.25013
0.557529
0.314415
0.662
0.662
0.63339
0.269717
0.662
0.662
0.284046
0.172039
0.144857
0.288104
0.17284
0.235798
0.294357
0.345562
0.257992
0.240309
0.662
0.662
0.0565969
0.662
0.662
0.662
0.390264
0.133019
0.0183071
0.376525
0.253477
0.265915
0.288896
0.195278
0.287144
0.662
0.658772
0.337476
0.662
0.112475
0.662
0.254643
0.662
0.282061
0.656372
0.400376
0.629983
0.347782
0.352994
0.662
0.662
0.300515
0.662
0.39336
0.117948
0.195828
0.662
0.235888
0.13457
0.662
0.340309
0.447266
0.481642
0.343969
0.662
0.0148779
0.199238
0.461934
0.287317
0.662
0.20953
0.12283
0.175339
0.0436415
0.313993
0.209079
0.400261
0.662
0.0192975
0.243779
0.202587
0.18191
0.662
0.662
0.335758
0.523916
0.172557
0.329325
0.662
0.662
0.662
0.319948
0.06349
0.225817
0.662
0.662
0.22325
0.662
0.286298
0.107056
0.412724
0.662
0.215907
0.142749
0.662
0.207965
0.150964
0.662
0.077596
0.662
0.662
0.223424
0.662
0.130104
0.662
0.662
0.20317
0.407272
0.662
0.329649
0.662
0.662
0.344084
0.139259
0.662
0.0921162
0.662
0.388792
0.295506
0.662
0.104108
0.214039
0.290393
0.0585827
0.662
0.662
0.298539
0.395716
0.0874344
0.256196
0.255977
0.186642
0.662
0.472277
0.555977
0.0548841
0.0949384
0.222406
0.471234
0.174423
0.130273
0.182361
0.358968
0.662
0.0952499
0.662
0.662
0.219559
0.304789
0.662
0.496363
0.153321
0.36469
0.405365
0.184889
0.662
0.441533
0.662
0.382273
0.662
0.188447
0.393648
0.662
0.662
0.32544
0.662
0.662
0.542199
0.358187
0.00934856
0.662
0.272237
0.250798
0.127687
0.334721
0.00782462
0.662
0.662
0.552844
0.232701
0.24041
0.350519
0.468887
0.662
0.662
0.113216
0.277879
0.30706
0.376105
0.633694
0.662
0.062978
0.662
0.156185
0.234634
0.662
0.461652
0.662
0.662
0.662
0.383216
0.180075
0.101765
0.651099
0.662
0.662
0.662
0.195589
0.662
0.170321
0.446826
0.0858977
0.355883
0.612117
0.220178
0.0103977
0.349853
0.662
0.662
0.662
0.366447
0.228147
0.185498
0.662
0.441739
0.662
0.269284
0.314879
0.474839
0.662
0.265306
0.200414
0.428109
0.464906
0.440279
0.31989
0.197009
0.662
0.117292
0.662
0.0341824
0.604379
0.461558
0.428673
0.376416
0.18529
0.2008
0.662
0.430276
0.120827
0.662
0.662
0.662
0.137233
0.260151
0.662
0.0396204
0.175326
0.209545
0.662
0.444215
0.399759
0.302938
0.326139
0.662
0.662
0.354569
0.357737
0.199666
0.380198
0.21674
0.65536
0.315912
0.263318
0.662
0.336362
0.662
0.604857
0.220485
0.152206
0.662
0.242052
0.328901
0.662
0.173114
0.146976
0.662
0.662
0.367359
0.527547
0.33383
0.662
0.185939
0.662
0.143259
0.166495
0.662
0.506424
0.283192
0.0818139
0.662
0.226969
0.50729
0.15819
0.662
0.0694482
0.662
0.662
0.207469
0.172868
0.662
0.127768
0.426899
