0.0752438
0.175473
0.662
0.662
0.417409
0.381385
0.662
0.12693
0.473569
0.47138
0.218762
0.662
0.453965
0.360534
0.464581
0.662
0.245965
0.196073
0.662
0.112856
0.15276
0.662
0.662
0.191063
0.205302
0.662
0.461324
0.333254
0.662
0.662
0.406341
0.662
0.662
0.277204
0.0934307
0.662
0.662
0.662
0.286631
0.662
0.662
0.590109
0.662
0.609042
0.661684
0.0253109
0.662
0.216084
0.38545
0.234113
0.0109559
0.299052
0.251498
0.662
0.662
0.179555
0.276644
0.662
0.394162
0.634127
0.55834
0.13497
0.155584
0.662
0.131847
0.3672
0.662
0.211391
0.0152458
0.343917
0.209664
0.00418949
0.0432462
0.0711266
0.256143
0.281857
0.662
0.562541
0.159169
0.662
0.662
0.662
0.27659
0.0302042
0.37691
0.0793832
0.0678269
0.108699
0.290901
0.198029
0.662
0.442209
0.413555
0.464723
0.662
0.662
0.0551482
0.213928
0.0861929
0.436378
0.564416
0.226479
0.391889
0.150683
0.662
0.263364
0.315261
0.206544
0.234088
0.302172
0.374744
0.662
0.182019
0.662
0.116426
0.662
0.55039
0.0368732
0.662
0.662
0.361627
0.311907
0.662
0.168728
0.0886391
0.632456
0.0718457
0.662
0.400819
0.460381
0.662
0.145184
0.0631359
0.483514
0.373454
0.662
0.662
0.662
0.662
0.201604
0.392141
0.269055
0.662
0.662
0.662
0.662
0.245536
0.187942
0.662
0.393333
0.662
0.432814
0.114676
0.662
0.662
0.662
0.304543
0.1066
0.281855
0.0862718
0.446497
0.662
0.538649
0.662
0.102052
0.662
0.115789
0.662
0.52519
0.186512
0.0890695
0.662
0.227197
0.184882
0.135121
0.0888804
0.662
0.152261
0.135097
0.455631
0.662
0.46899
0.265214
0.214024
0.27986
0.1039
0.662
0.662
0.331123
0.662
0.0219448
0.48812
0.50939
0.228095
0.00669419
0.0706603
0.662
0.662
0.226071
0.108829
0.21633
0.176674
0.662
0.662
0.662
0.662
0.201435
0.365605
0.129917
0.283782
0.513418
0.662
0.411803
0.662
0.276521
0.190922
0.482478
0.445933
0.311738
0.0818512
0.014383
0.272486
0.417068
0.662
0.662
0.662
0.101905
0.094599
0.662
0.145122
0.643534
0.485739
0.662
0.145687
0.144628
0.662
0.143248
0.0785649
0.273166
0.398474
0.501825
0.023145
0.662
0.662
0.232543
0.662
0.662
0.662
0.0941097
0.662
0.259373
0.413208
0.416079
0.17824
0.662
0.255088
0.506018
0.470334
0.258284
0.166989
0.662
0.662
0.662
0.191877
0.302935
0.662
0.468175
0.28559
0.0993697
0.443096
0.245961
0.481229
0.662
0.22813
0.662
0.154322
0.662
0.417144
0.155589
0.0920718
0.128744
0.662
0.662
0.466854
0.394924
0.129647
0.662
0.662
0.662
0.0977107
0.662
0.162207
0.662
0.408271
0.662
0.522544
0.25054
0.662
0.207557
0.198416
0.662
0.337095
0.662
0.51577
0.290728
0.662
0.242261
0.537308
0.563133
0.512309
0.662
0.662
0.544113
0.466104
0.245831
0.662
0.662
0.188404
0.129729
0.203574
0.662
0.662
0.470339
0.662
0.662
0.662
0.202153
0.129653
0.206427
0.662
0.0350156
0.28317
0.32117
0.459608
0.141468
0.140943
0.61242
0.59224
0.47801
0.464813
0.662
0.662
0.662
0.213403
0.156282
0.20866
0.347944
0.516756
0.137302
0.662
0.662
0.442789
0.662
0.292227
0.662
0.662
0.54573
0.188451
0.662
0.662
0.121897
0.446685
0.00291583
0.662
0.662
0.124659
0.205576
0.238529
0.103358
0.434336
0.662
0.662
0.243755
0.23315
0.130338
0.612312
0.662
0.159869
0.391944
0.409618
0.166262
0.327432
0.662
0.254786
0.582947
0.296503
0.662
0.218826
0.662
0.662
0.662
0.662
0.662
0.112681
0.662
0.114154
0.437648
0.662
0.0653621
0.662
0.662
0.662
0.294753
0.52263
0.125299
0.487287
0.662
0.662
0.32192
0.0341165
0.161485
0.662
0.660891
0.662
0.451941
0.662
0.0299217
0.662
0.662
0.662
0.662
0.662
0.662
0.300768
0.169979
0.118276
0.662
0.662
0.415517
0.561136
0.662
0.662
0.452597
0.662
0.148929
0.662
0.355584
0.32398
0.662
0.560797
0.333634
0.36451
0.117546
0.044799
0.662
0.662
0.170328
0.657621
0.452862
0.251711
0.0645055
0.192868
0.103776
0.347615
0.0293848
0.0396707
0.662
0.252714
0.0365513
0.141359
0.11258
0.0845213
0.197128
0.0195268
0.233409
0.313568
0.185571
0.662
0.459717
0.257344
0.647899
0.662
0.216779
0.183957
0.255304
0.15367
0.0440298
0.56131
0.302331
0.36855
0.373885
0.662
0.214833
0.267229
0.494694
0.662
0.316541
0.287475
0.582224
0.662
0.301735
0.59174
0.257318
0.662
0.275317
0.0950697
0.584401
0.152233
0.411483
0.662
0.16601
0.201736
0.266068
0.662
0.358165
0.662
0.662
0.250389
0.30898
0.662
0.294281
0.662
0.662
0.572228
0.662
0.22749
0.281759
0.19673
0.662
0.662
0.662
0.238826
0.403311
0.228723
0.334291
0.662
0.436605
0.115688
0.662
0.267795
0.662
0.662
0.331657
0.42586
0.662
0.662
0.530965
0.662
0.662
0.263173
0.662
0.00101702
0.0633591
0.662
0.124807
0.533029
0.662
0.019869
0.662
0.175908
0.0733297
0.662
0.662
0.662
0.392234
0.130289
0.662
0.662
0.375255
0.662
0.662
0.527777
0.198705
0.398808
0.3213
0.340141
0.150129
0.662
0.415635
0.372323
0.662
0.662
0.323663
0.33971
0.662
0.335225
0.267942
0.191075
0.662
0.662
0.47069
0.420205
0.662
0.255488
0.220369
0.36183
0.662
0.662
0.0755671
0.662
0.440272
0.162873
0.265439
0.0814387
0.445438
0.662
0.662
0.292713
0.00276288
0.217262
0.662
0.236018
0.216373
0.192385
0.22268
0.201066
0.662
0.602264
0.012383
0.442785
0.096071
0.662
0.364648
0.110009
0.371487
0.264371
0.662
0.662
0.540307
0.25836
0.36275
0.121415
0.662
0.22238
0.662
0.662
0.662
0.662
0.662
0.402951
0.187277
0.662
0.258448
0.662
0.375036
0.554626
0.356208
0.662
0.0141507
0.327496
0.329005
0.340838
0.662
0.662
0.00146922
0.148424
0.442921
0.145842
0.662
0.662
0.662
0.449923
0.372273
0.360948
0.200336
0.662
0.256003
0.662
0.181074
0.662
0.662
0.0306943
0.0813596
0.253275
0.662
0.662
0.662
0.351855
0.105639
0.199796
0.311546
0.396337
0.0263905
0.307158
0.662
0.662
0.662
0.294458
0.528182
0.662
0.662
0.409097
0.421295
0.198491
0.326699
0.12117
0.00625848
0.462269
0.662
0.297252
0.152284
0.0719653
0.662
0.364189
0.276503
0.0386308
0.249469
0.662
0.662
0.194727
0.662
0.563622
0.366179
0.482707
0.662
0.214037
0.662
0.662
0.460233
0.548776
0.0350015
0.219906
0.432441
0.100821
0.662
0.662
0.136875
0.199375
0.662
0.464041
0.662
0.662
0.662
0.662
0.397322
0.377542
0.0100634
0.449083
0.0121674
0.662
0.662
0.0346813
0.120487
0.165037
0.161655
0.662
0.662
0.621828
0.662
0.592375
0.550343
0.383116
0.448994
0.0608438
0.15762
0.218701
0.662
0.662
0.662
0.260158
0.662
0.438621
0.272938
0.327652
0.285865
0.0141424
0.4188
0.289502
0.662
0.662
0.610907
0.662
0.271382
0.662
0.662
0.0347579
0.662
0.086033
0.662
0.419486
0.300376
0.662
0.227526
0.184346
0.662
0.064929
0.0872501
0.662
0.0850552
0.662
0.00582476
0.662
0.188391
0.261208
0.127343
0.662
0.243177
0.662
0.662
0.662
0.662
0.225387
0.251074
0.363112
0.662
0.345536
0.11922
0.132573
0.596852
0.438965
0.662
0.662
0.28385
0.662
0.28031
0.365042
0.662
0.28779
0.453907
0.0222151
0.206462
0.662
0.436048
0.461865
0.662
0.441816
0.441045
0.47235
0.662
0.136457
0.185215
0.662
0.300588
0.662
0.320458
0.290653
0.377613
0.662
0.237311
0.662
0.662
0.543492
0.19022
0.0545298
0.618741
0.662
0.379257
0.662
0.662
0.283753
0.0651801
0.150041
0.662
0.267438
0.662
0.662
0.171171
0.662
0.371845
0.662
0.662
0.434839
0.662
0.252414
0.0931678
0.662
0.662
0.0566674
0.662
0.34169
0.103843
0.319345
0.501719
0.274454
0.662
0.434603
0.449321
0.209032
0.604675
0.662
0.393714
0.490608
0.118303
0.489041
0.653353
0.261759
0.662
0.662
0.13604
0.340895
0.442604
0.662
0.477103
0.662
0.0538811
0.226428
0.384284
0.662
0.094249
0.317627
0.662
0.203513
0.211806
0.0158447
0.662
0.635291
0.662
0.662
0.071839
0.0103866
0.227023
0.396865
0.382194
0.199604
0.415729
0.584734
0.439727
0.27927
0.35384
0.271173
0.208352
0.662
0.327559
0.242089
0.175568
0.662
0.0379015
0.477858
0.477511
0.218373
0.662
0.547429
0.662
0.565356
0.218626
0.225752
0.120487
0.572191
0.389283
0.662
0.046873
0.662
0.346183
0.306803
0.662
0.539075
0.662
0.324736
0.0298918
0.12834
0.395755
0.662
0.172501
0.662
0.662
0.662
0.662
0.662
0.210937
0.662
0.464828
0.662
0.546626
0.101842
0.113699
0.144755
0.277454
0.662
0.314901
0.662
0.662
0.475633
0.488793
0.0455181
0.477111
0.662
0.239121
0.662
0.349625
0.662
0.662
0.662
0.662
0.662
0.253724
0.357867
0.468819
0.144484
0.100761
0.132438
0.0922961
0.662
0.662
0.242782
0.662
0.396797
0.0496836
0.186486
0.210335
0.586503
0.662
0.350804
0.184082
0.662
0.0500128
0.249691
0.662
0.219897
0.0447369
0.662
0.662
0.662
0.662
0.247437
0.662
0.149513
0.662
0.105504
0.662
0.212211
0.662
0.434945
0.662
0.227249
0.0801319
0.350111
0.662
0.662
0.335855
0.346915
0.193388
0.00395354
0.183828
0.662
0.470406
0.662
0.662
0.489264
0.662
0.0926956
0.0164289
0.254802
0.184564
0.1203
0.284401
0.421985
0.662
0.662
0.124555
0.190731
0.662
0.458141
0.254272
0.519432
0.486645
0.428515
0.636723
0.305031
0.454913
0.494443
0.450022
0.662
0.662
0.430435
0.394816
0.662
0.6028
0.662
0.513373
0.169914
0.44319
0.662
0.377425
0.41416
0.237491
0.662
0.42212
0.497496
0.280206
0.662
0.182938
0.367585
0.526685
0.662
0.0284063
0.603082
0.174435
0.0487735
0.662
0.151458
0.486065
0.411122
0.289124
0.0202003
0.178623
0.662
0.662
0.109747
0.341513
0.662
0.409779
0.373025
0.0746959
0.588408
0.23647
0.662
0.276045
0.128352
0.662
0.662
0.32011
0.308737
0.229512
0.128634
0.662
0.662
0.249345
0.662
0.662
0.482194
0.662
0.464576
0.373491
0.459471
0.0663441
0.611559
0.195874
0.414768
0.662
0.188243
0.223352
0.240679
0.197717
0.0506292
0.20667
0.662
0.463366
0.662
0.404392
0.662
0.0200187
0.288741
0.181403
0.631472
0.0990682
0.234409
0.186297
0.235751
0.273547
0.137436
0.10192
0.271324
0.0394024
0.36283
0.662
0.298534
0.0864043
0.0464761
0.596284
0.10407
0.662
0.105153
0.662
0.662
0.229572
0.612378
0.653171
0.323646
0.662
0.631685
0.280086
0.649374
0.403797
0.273017
0.41182
0.662
0.662
0.662
0.662
0.138013
0.391067
0.300982
0.662
0.233677
0.545928
0.190954
0.468305
0.414648
0.37049
0.0982908
0.21846
0.295594
0.662
0.116254
0.383396
0.662
0.662
0.0944647
0.515854
0.120827
0.662
0.200708
0.411953
0.662
0.0200166
0.662
0.345604
0.389044
0.662
0.134648
0.635544
0.165368
0.403385
0.517614
0.581092
0.662
0.209685
0.156132
0.662
0.662
0.662
0.365181
0.662
0.320166
0.243789
0.662
0.198135
0.662
0.376016
0.357757
0.154611
0.662
0.209081
0.662
0.662
0.59636
0.0884628
0.662
0.662
0.662
0.456675
0.0755115
0.527353
0.662
0.662
0.00246906
0.384769
0.662
0.662
0.333346
0.662
0.377451
0.44712
0.162021
0.37995
0.662
0.26922
0.335042
0.662
0.662
0.662
0.100511
0.41474
0.141846
0.228666
0.0479561
0.227206
0.622212
0.18428
0.480079
0.0663352
0.238179
0.458658
0.11429
0.662
0.037041
0.662
0.207467
0.458423
0.662
0.0600068
0.438049
0.662
0.249893
0.447778
0.195407
0.662
0.662
0.182577
0.124985
0.470804
0.662
0.662
0.0758683
0.662
0.269438
0.662
0.189523
0.662
0.314815
0.662
0.399379
0.662
0.662
0.341572
0.63403
0.420727
0.575587
0.122491
0.233398
0.662
0.662
0.647436
0.662
0.279266
0.662
0.654327
0.228773
0.199727
0.662
0.125872
0.29801
0.273867
0.420828
0.662
0.0326404
0.662
0.662
0.540968
0.0854269
0.463524
0.662
0.234498
0.400919
0.662
0.0451335
0.662
0.415802
0.330853
0.168883
0.103409
0.662
0.409721
0.360009
0.344378
0.455775
0.662
0.662
0.662
0.662
0.662
0.367273
0.074079
0.22847
0.469454
0.662
0.662
0.46744
0.425113
0.662
0.0172333
0.506823
0.424706
0.361518
0.204292
0.124737
0.459046
0.477225
0.206071
0.662
0.427372
0.205336
0.201824
0.528718
0.19147
0.662
0.0680298
0.229184
0.662
0.662
0.246935
0.0156323
0.0624617
0.662
0.436698
0.538672
0.176738
0.467583
0.2706
0.185687
0.662
0.131348
0.662
0.308313
0.237293
0.662
0.365461
0.45484
0.442144
0.662
0.662
0.218141
0.464391
0.323361
0.260128
0.662
0.0914759
0.576093
0.662
0.662
0.662
0.562388
0.447601
0.662
0.125819
0.662
0.0214261
0.0090296
0.662
0.0580393
0.207118
0.662
0.662
0.662
0.408749
0.502863
0.662
0.0771895
0.221182
0.662
0.352291
0.662
0.00726437
0.371226
0.662
0.201254
0.603845
0.264087
0.662
0.662
0.235223
0.622552
0.0844596
0.0838321
0.615864
0.0688996
0.0499149
0.662
0.662
0.525445
0.197612
0.662
0.218045
0.295171
0.625816
0.0719934
0.155017
0.662
0.662
0.662
0.444127
0.662
0.662
0.135529
0.147061
0.662
0.577679
0.662
0.192173
0.30721
0.287735
0.404137
0.360225
0.387262
0.662
0.662
0.319859
0.662
0.0648207
0.662
0.419613
0.245391
0.662
0.284463
0.662
0.662
0.662
0.0977753
0.662
0.328514
0.662
0.34964
0.280153
0.662
0.264752
0.224764
0.262137
0.475952
0.0793185
0.00211937
0.662
0.235791
0.662
0.352937
0.662
0.195173
0.387589
0.458735
0.662
0.128174
0.455519
0.662
0.662
0.241252
0.41734
0.131299
0.206168
0.335261
0.0375845
0.346808
0.662
0.662
0.662
0.662
0.529925
0.262252
0.295531
0.662
0.206466
0.179454
0.143775
0.662
0.38943
0.662
0.394702
0.147149
0.662
0.0309995
0.368048
0.662
0.662
0.662
0.0718029
0.159786
0.198018
0.662
0.662
0.662
0.324562
0.662
0.662
0.662
0.184959
0.343048
0.163433
0.662
0.181225
0.21895
0.574923
0.662
0.662
0.326294
0.662
0.662
0.355296
0.171467
0.662
0.662
0.364277
0.406314
0.153036
0.662
0.335085
0.295689
0.422117
0.442763
0.518378
0.191807
0.233042
0.662
0.662
0.236485
0.127002
0.0581622
0.058398
0.662
0.662
0.454435
0.400297
0.662
0.530483
0.289107
0.525244
0.0649325
0.424029
0.387483
0.662
0.2829
0.548689
0.662
0.662
0.202313
0.662
0.662
0.259842
0.662
0.0361552
0.549972
0.484656
0.410981
0.231032
0.193591
0.662
0.662
0.212302
0.340767
0.191061
0.510167
0.662
0.400043
0.662
0.252703
0.410214
0.627258
0.662
0.429551
0.227192
0.0633285
0.345365
0.662
0.467511
0.440944
0.211809
0.662
0.106159
0.0262388
0.662
0.662
0.175778
0.662
0.662
0.616147
0.214022
0.662
0.662
0.662
0.608033
0.139619
0.186914
0.662
0.662
0.662
0.590887
0.662
0.662
0.110803
0.662
0.123233
0.186561
0.15457
0.662
0.204914
0.662
0.44724
0.345547
0.662
0.356325
0.662
0.0663849
0.662
0.662
0.546231
0.662
0.302981
0.662
0.513812
0.0411216
0.122981
0.127109
0.198179
0.21016
0.662
0.180237
0.352858
0.1001
0.0166312
0.0649435
0.662
0.402784
0.662
0.218973
0.662
0.518044
0.662
0.346938
0.662
0.185103
0.409911
0.533427
0.0651189
0.391341
0.611089
0.113319
0.146038
0.662
0.662
0.415092
0.464255
0.565705
0.263202
0.662
0.662
0.662
0.259671
0.662
0.308203
0.40419
0.308396
0.280172
0.0499239
0.291145
0.161406
0.599793
0.315261
0.662
0.000931784
0.548856
0.0918371
0.278698
0.150294
0.396748
0.419693
0.662
0.593966
0.280018
0.662
0.465306
0.409262
0.210143
0.0921128
0.662
0.382239
0.376263
0.104836
0.115102
0.662
0.459655
0.172778
0.560791
0.458335
0.218567
0.197262
0.03061
0.140817
0.662
0.662
0.286306
0.662
0.337517
0.262397
0.0106244
0.662
0.00358416
0.662
0.662
0.662
0.266886
0.20196
0.258946
0.662
0.196981
0.0117392
0.460843
0.662
0.237284
0.32811
0.662
0.662
0.100588
0.662
0.662
0.502565
0.13256
0.369014
0.230649
0.445218
0.662
0.216684
0.243698
0.662
0.662
0.662
0.276698
0.383856
0.558739
0.339983
0.237259
0.0421867
0.0755333
0.662
0.465791
0.662
0.19361
0.0928235
0.498317
0.202963
0.662
0.121132
0.662
0.662
0.0200844
0.662
0.662
0.662
0.100062
0.433207
0.473526
0.37409
0.662
0.0672782
0.352689
0.412931
0.246336
0.00832179
0.397408
0.662
0.19895
0.662
0.44007
0.662
0.662
0.237214
0.524192
0.662
0.481917
0.286477
0.25378
0.203577
0.375128
0.662
0.662
0.40268
0.196177
0.607658
0.39075
0.179777
0.662
0.301069
0.158968
0.662
0.23949
0.169972
0.351183
0.662
0.0242495
0.662
0.251282
0.226316
0.444395
0.662
0.391902
0.035399
0.222502
0.251136
0.0249148
0.662
0.662
0.0255895
0.662
0.662
0.180235
0.0832359
0.662
0.502387
0.28808
0.230008
0.662
0.28901
0.00933617
0.662
0.263847
0.662
0.662
0.0180646
0.662
0.395497
0.510232
0.0640069
0.295072
0.445811
0.662
0.472765
0.662
0.413425
0.534717
0.421563
0.0429509
0.0713668
0.662
0.374365
0.662
0.662
0.170967
0.277973
0.359215
0.279702
0.662
0.662
0.662
0.611684
0.662
0.662
0.521243
0.199641
0.185029
0.033934
0.662
0.280076
0.164643
0.662
0.155325
0.662
0.0285781
0.662
0.306041
0.662
9.49877e-05
0.662
0.169502
0.569405
0.529937
0.104186
0.662
0.344827
0.261886
0.38892
0.662
0.662
0.662
0.662
0.0637525
0.0911843
0.279738
0.0709042
0.179888
0.662
0.662
0.662
0.662
0.0422755
0.451518
0.0781189
0.397252
0.337385
0.662
0.2001
0.499753
0.159524
0.662
0.370372
0.391744
0.502785
0.662
0.662
0.465822
0.530095
0.662
0.266063
0.00866951
0.662
0.427102
0.346234
0.109756
0.407553
0.662
0.662
0.244949
0.416055
0.662
0.431513
0.268763
0.501447
0.265407
0.662
0.662
0.662
0.434768
0.291819
0.527037
0.215029
0.662
0.662
0.351535
0.662
0.662
0.662
0.105354
0.662
0.130881
0.388853
0.451226
0.342452
0.295007
0.662
0.191696
0.424188
0.0623725
0.662
0.135806
0.662
0.305257
0.38685
0.662
0.134659
0.242156
0.285382
0.310302
0.662
0.662
0.304294
0.157196
0.662
0.662
0.662
0.276029
0.233321
0.662
0.662
0.662
0.479966
0.662
0.662
0.0896095
0.290657
0.114948
0.154496
0.662
0.195217
0.571598
0.662
0.264948
0.266467
0.329203
0.662
0.235462
0.446449
0.662
0.662
0.624471
0.579337
0.451052
0.0437136
0.285003
0.662
0.280057
0.454832
0.662
0.288497
0.662
0.426965
0.660837
0.112006
0.224908
0.123424
0.373299
0.329489
0.662
0.604151
0.288479
0.215479
0.087221
0.662
0.130172
0.0379264
0.662
0.155422
0.262263
0.662
0.662
0.643796
0.189387
0.662
0.467203
0.662
0.662
0.662
0.309465
0.662
0.386366
0.450801
0.662
0.662
0.662
0.662
0.662
0.662
0.662
0.11365
0.395889
0.384259
0.662
0.318218
0.0806592
0.495922
0.662
0.125613
0.616453
0.436631
0.662
0.378719
0.662
0.662
0.150474
0.115068
0.662
0.662
0.662
0.662
0.527484
0.662
0.445122
0.662
0.360747
0.294701
0.11962
0.662
0.0899575
0.662
0.662
0.372622
0.662
0.198077
0.292069
0.662
0.0687091
0.584965
0.17311
0.45931
0.223728
0.117667
0.616988
0.148434
0.662
0.662
0.58204
0.662
0.0645625
0.579381
0.185064
0.168758
0.662
0.374594
0.0204078
0.662
0.0970235
0.662
0.449449
0.0559408
0.0817486
0.662
0.166403
0.065834
0.317578
0.0349123
0.381389
0.226746
0.528295
0.0436473
0.662
0.637008
0.662
0.293882
0.662
0.137691
0.0417184
0.230444
0.662
0.662
0.145501
0.307048
0.420678
0.0250222
0.156699
0.662
0.192761
0.102114
0.00261306
0.229984
0.662
0.331564
0.662
0.265209
0.0150379
0.662
0.213768
0.558757
0.209112
0.000433071
0.202319
0.662
0.208241
0.662
0.121919
0.662
0.0482111
0.603429
0.662
0.612378
0.662
0.281203
0.662
0.052938
0.590133
0.515239
0.648286
0.662
0.662
0.324789
0.662
0.662
0.662
0.662
0.196179
0.143484
0.465638
0.423187
0.662
0.662
0.24805
0.662
0.142571
0.277344
0.471272
0.538595
0.555046
0.662
0.196504
0.662
0.426541
0.20699
0.538821
0.662
0.221794
0.511171
0.219423
0.235733
0.662
0.662
0.133669
0.662
0.0233117
0.463507
0.012701
0.0599578
0.0393259
0.424392
0.330084
0.506001
0.379935
0.34541
0.190302
0.633977
0.662
0.459037
0.662
0.0826298
0.243295
0.662
0.225335
0.00138578
0.35131
0.444581
0.475258
0.662
0.132109
0.662
0.330784
0.193413
0.662
0.662
0.662
0.480076
0.374737
0.44832
0.208172
0.662
0.483897
0.0400987
0.194669
0.662
0.662
0.564899
0.0854386
0.65207
0.161602
0.25644
0.405764
0.420904
0.222806
0.401273
0.343742
0.10487
0.25783
0.662
0.662
0.351924
0.662
0.662
0.432435
0.492689
0.662
0.307591
0.087126
0.0161604
0.662
0.14162
0.662
0.662
0.634405
0.662
0.164624
0.662
0.251259
0.662
0.487342
0.118464
0.118101
0.365359
0.19785
0.443157
0.0073577
0.179926
0.662
0.662
0.662
0.662
0.662
0.613119
0.200412
0.352589
0.250739
0.455628
0.662
0.218518
0.122574
0.191473
0.455455
0.255312
0.230825
0.662
0.121224
0.662
0.598313
0.662
0.662
0.547379
0.3799
0.332183
0.398729
0.00450445
0.55871
0.662
0.662
0.472189
0.662
0.2425
0.45863
0.131573
0.152219
0.160833
0.548535
0.338778
0.104263
0.662
0.662
0.17612
0.0958146
0.308413
0.662
0.211885
0.662
0.325028
0.581635
0.00306309
0.662
0.319108
0.175032
0.662
0.361243
0.0176545
0.487687
0.662
0.353775
0.662
0.116396
0.412666
0.0466124
0.134362
0.417979
0.287839
0.347471
0.662
0.237727
0.294689
0.227244
0.662
0.359435
0.662
0.272309
0.619495
0.267315
0.662
0.216214
0.662
0.0847448
0.604417
0.662
0.662
0.662
0.103328
0.662
0.662
0.234228
0.662
0.662
0.373691
0.146151
0.662
0.358297
0.162584
0.662
0.398555
0.0373794
0.662
0.468245
0.0527721
0.662
0.662
0.662
0.0339215
0.662
0.248917
0.662
0.404417
0.36673
0.581244
0.380176
0.148422
0.593903
0.273571
0.662
0.662
0.216453
0.449536
0.329279
0.304363
0.136693
0.105315
0.662
0.662
0.590847
0.662
0.274958
0.369915
0.614768
0.260568
0.389468
0.662
0.662
0.0872926
0.662
0.273624
0.662
0.595516
0.662
0.245705
0.217529
0.0275527
0.662
0.137903
0.446545
0.385486
0.662
0.146003
0.413565
0.502997
0.294216
0.662
0.0792544
0.161325
0.197908
0.243304
0.239789
0.257986
0.409547
0.472221
0.662
0.662
0.662
0.0893563
0.227949
0.170915
0.186737
0.170589
0.196014
0.162628
0.256345
0.468439
0.184905
0.165079
0.0946742
0.662
0.662
0.662
0.089879
0.451087
0.29467
0.662
0.178047
0.390388
0.662
0.184469
0.0717306
0.0675659
0.459221
0.662
0.124942
0.662
0.418125
0.662
0.662
0.336901
0.369068
0.474238
0.177547
0.662
0.234597
0.662
0.446042
0.490954
0.662
0.418783
0.662
0.662
0.184732
0.662
0.197946
0.662
0.194536
0.662
0.0472217
0.662
0.427937
0.662
0.548678
0.662
0.548442
0.0608443
0.662
0.43062
0.566697
0.363853
0.519261
0.0632195
0.228251
0.0929485
0.122577
0.662
0.363574
0.436461
0.662
0.662
0.391944
0.38191
0.662
0.413065
0.406079
0.108588
0.662
0.49144
0.426241
0.293634
0.457079
0.662
0.662
0.205433
0.391453
0.573389
0.23971
0.35598
0.08066
0.160913
0.662
0.662
0.662
0.263153
0.662
0.662
0.3165
0.662
0.350738
0.662
0.127805
0.380798
0.316881
0.416969
0.404416
0.0495605
0.662
0.357175
0.487894
0.64717
0.1637
0.00955797
0.45475
0.142199
0.662
0.0589246
0.145117
0.662
0.662
0.485137
0.198646
0.197825
0.662
0.358658
0.20606
0.662
0.662
0.662
0.662
0.182174
0.431315
0.475714
0.142603
0.51125
0.662
0.457364
0.490463
0.267456
0.662
0.0778977
0.510676
0.662
0.023887
0.200553
0.453372
0.662
0.662
0.0318627
0.643722
0.0264037
0.662
0.159766
0.662
0.278886
0.445644
0.12622
0.556567
0.374735
0.621738
0.473884
0.297612
0.328891
0.111833
0.662
0.662
0.227519
0.468891
0.662
0.662
0.0565713
0.662
0.662
0.662
0.454042
0.417916
0.662
0.14836
0.662
0.241176
0.454836
0.270144
0.602044
0.0363959
0.195463
0.351282
0.196894
0.662
0.662
0.662
0.662
0.3604
0.662
0.662
0.567376
0.662
0.662
0.118618
0.615813
0.662
0.139615
0.299942
0.00636502
0.197644
0.662
0.662
0.662
0.0484867
0.662
0.662
0.662
0.607126
0.40699
0.0656965
0.338868
0.205543
0.662
0.662
0.662
0.662
0.0116932
0.000437011
0.403595
0.22025
0.222045
0.662
0.18805
0.163797
0.404468
0.662
0.489308
0.0513636
0.569355
0.535878
0.662
0.662
0.325683
0.662
0.0605082
0.567902
0.129914
0.2359
0.227137
0.662
0.320461
0.120837
0.599824
0.384377
0.0304745
0.662
0.662
0.662
0.446415
0.18923
0.662
0.662
0.172208
0.662
0.662
0.195219
0.0231344
0.55874
0.266607
0.206869
0.17671
0.662
0.44937
0.510738
0.662
0.125694
0.212591
0.662
0.597671
0.13602
0.662
0.429179
0.0730336
0.662
0.662
0.220874
0.662
0.142299
0.662
0.34159
0.122768
0.662
0.320215
0.606979
0.388128
0.662
0.662
0.0131244
0.0380854
0.662
0.466293
0.364205
0.662
0.662
0.662
0.0596542
0.156204
0.662
0.662
0.426586
0.571969
0.662
0.143701
0.138994
0.338786
0.0153313
0.662
0.140372
0.179889
0.00874898
0.307641
0.453262
0.662
0.324407
0.566778
0.423382
0.662
0.139089
0.0462409
0.162951
0.662
0.662
0.105922
0.357339
0.37088
0.287697
0.662
0.662
0.496089
0.27962
0.30126
0.200731
0.0124497
0.352873
0.193259
0.662
0.165859
0.321109
0.116022
0.662
0.662
0.662
0.0542668
0.435433
0.33662
0.193398
0.34053
0.662
0.0165423
0.244745
0.243677
0.334881
0.662
0.484583
0.53178
0.662
0.271699
0.102675
0.183713
0.662
0.180823
0.662
0.662
0.662
0.158224
0.409085
0.662
0.353602
0.18818
0.266367
0.161496
0.662
0.521973
0.662
0.242318
0.149158
0.261889
0.0691478
0.662
0.242165
0.138819
0.157735
0.180611
0.242222
0.662
0.110092
0.662
0.125452
0.246713
0.405816
0.212104
0.662
0.662
0.41833
0.282229
0.662
0.662
0.662
0.662
0.404448
0.662
0.156959
0.381296
0.206963
0.516334
0.40242
0.201913
