0.143411
0.645821
0.594141
0.662
0.662
0.572937
0.629887
0.184105
0.662
0.378868
0.330648
0.137125
0.292987
0.469663
0.208033
0.662
0.662
0.662
0.662
0.534463
0.457586
0.662
0.247576
0.0910805
0.138781
0.545096
0.662
0.662
0.0235049
0.662
0.593922
0.662
0.662
0.123736
0.662
0.208037
0.640107
0.662
0.662
0.0566106
0.181537
0.662
0.533357
0.317061
0.11324
0.285931
0.0431007
0.103396
0.662
0.662
0.354605
0.082922
0.662
0.662
0.662
0.465958
0.470707
0.0982289
0.216859
0.155963
0.662
0.62897
0.428014
0.662
0.662
0.0947931
0.489979
0.662
0.662
0.190074
0.360536
0.0882513
0.662
0.662
0.341327
0.230583
0.662
0.662
0.49889
0.662
0.662
0.537903
0.468828
0.473247
0.0729758
0.60956
0.339008
0.662
0.662
0.0264579
0.662
0.175512
0.381515
0.662
0.662
0.662
0.662
0.662
0.662
0.395581
0.211263
0.662
0.505192
0.572905
0.662
0.442885
0.071359
0.479571
0.326776
0.057309
0.662
0.662
0.167699
0.662
0.662
0.585603
0.439064
0.662
0.662
0.662
0.662
0.662
0.100807
0.0988667
0.662
0.172596
0.166652
0.150401
0.395502
0.662
0.104829
0.662
0.335648
0.568737
0.662
0.113285
0.18457
0.10551
0.257132
0.333515
0.662
0.117343
0.23824
0.239623
0.245011
0.662
0.550251
0.0024309
0.662
0.187158
0.111918
0.315126
0.662
0.662
0.0513574
0.24698
0.662
0.260373
0.555378
0.266276
0.662
0.522111
0.662
0.277486
0.0950814
0.352027
0.662
0.662
0.662
0.662
0.261732
0.662
0.642441
0.662
0.424891
0.662
0.0964888
0.392936
0.120342
0.13829
0.662
0.662
0.0956105
0.662
0.189471
0.336577
0.662
0.423655
0.662
0.662
0.656773
0.160488
0.474593
0.277899
0.662
0.662
0.185857
0.0104543
0.202341
0.1997
0.315092
0.398337
0.662
0.273823
0.167691
0.662
0.662
0.0667853
0.050324
0.194805
0.662
0.504617
0.278876
0.633218
0.662
0.662
0.383213
0.662
0.448481
0.266239
0.15757
0.662
0.0303018
0.662
0.241906
0.662
0.662
0.662
0.662
0.322769
0.37573
0.496837
0.662
0.662
0.662
0.653626
0.447481
0.349274
0.662
0.662
0.277224
0.118121
0.357615
0.410351
0.308607
0.639741
0.207268
0.212339
0.217288
0.364572
0.206767
0.662
0.662
0.333719
0.662
0.0259921
0.578112
0.369882
0.385828
0.525089
0.239745
0.434786
0.662
0.261668
0.662
0.473578
0.662
0.0118712
0.250442
0.208562
0.565937
0.662
0.662
0.191039
0.438731
0.662
0.662
0.305504
0.395678
0.233377
0.0938685
0.214391
0.355266
0.662
0.152213
0.128971
0.247973
0.340897
0.662
0.635463
0.662
0.662
0.169356
0.662
0.134927
0.345979
0.662
0.05673
0.662
0.404586
0.255089
0.420461
0.586511
0.0536106
0.193484
0.442043
0.15581
0.0886856
0.133728
0.662
0.662
0.64846
0.662
0.180006
0.255107
0.514866
0.662
0.109967
0.662
0.662
0.662
0.346156
0.238763
0.396468
0.125808
0.00335392
0.599358
0.217819
0.0748038
0.197853
0.662
0.662
0.662
0.204283
0.662
0.04999
0.553383
0.662
0.662
0.662
0.226201
0.20389
0.0687878
0.0789189
0.350279
0.662
0.662
0.113994
0.662
0.662
0.662
0.557084
0.662
0.662
0.230425
0.253124
0.0490026
0.480528
0.314839
0.662
0.110931
0.392224
0.633391
0.364969
0.662
0.662
0.301356
0.435685
0.662
0.203128
0.192028
0.416675
0.192993
0.204033
0.0298681
0.662
0.662
0.662
0.271424
0.662
0.662
0.662
0.662
0.662
0.662
0.622085
0.079338
0.291806
0.662
0.662
0.204857
0.18768
0.662
0.662
0.153881
0.140678
0.431082
0.228359
0.662
0.315515
0.228064
0.434787
0.537828
0.196302
0.349685
0.662
0.481854
0.0888448
0.131281
0.64426
0.662
0.222612
0.122688
0.662
0.589755
0.10335
0.302753
0.353324
0.150133
0.127678
0.662
0.302947
0.44586
0.127098
0.579568
0.0565854
0.135483
0.286311
0.142368
0.181493
0.662
0.271977
0.0145962
0.662
0.662
0.347871
0.476812
0.488005
0.514109
0.662
0.446888
0.662
0.662
0.43991
0.662
0.294344
0.472292
0.075967
0.662
0.0251845
0.17376
0.371318
0.662
0.276817
0.662
0.616888
0.0731138
0.662
0.586181
0.438071
0.638632
0.222203
0.201415
0.0182716
0.272214
0.585775
0.0961998
0.445438
0.662
0.0495948
0.662
0.456964
0.662
0.639676
0.662
0.662
0.662
0.28203
0.662
0.174351
0.269858
0.662
0.616472
0.435285
0.407548
0.131205
0.0783105
0.469887
0.662
0.0253084
0.391431
0.261617
0.244994
0.053205
0.593602
0.310284
0.643224
0.10088
0.457522
0.662
0.338932
0.03358
0.662
0.380568
0.662
0.659087
0.283085
0.0871571
0.662
0.101708
0.342321
0.662
0.174184
0.169893
0.304848
0.289341
0.662
0.662
0.236421
0.300443
0.287907
0.662
0.40573
0.168186
0.624734
0.448776
0.662
0.631599
0.662
0.395301
0.304753
0.662
0.662
0.662
0.662
0.662
0.662
0.662
0.352805
0.00631207
0.00903615
0.662
0.662
0.483194
0.662
0.208232
0.662
0.21423
0.626863
0.422102
0.435557
0.662
0.662
0.137328
0.279312
0.46669
0.0971707
0.662
0.662
0.662
0.330464
0.662
0.34211
0.567088
0.595654
0.292791
0.369966
0.662
0.662
0.521879
0.362956
0.0827602
0.248895
0.383446
0.354983
0.0559749
0.558235
0.444269
0.171721
0.662
0.662
0.487576
0.662
0.662
0.341375
0.348821
0.464837
0.0965813
0.46558
0.662
0.662
0.244059
0.191602
0.662
0.3598
0.444224
0.311422
0.200374
0.559984
0.0625759
0.0918404
0.0265251
0.108415
0.581579
0.549053
0.662
0.0267786
0.662
0.41475
0.662
0.662
0.0167848
0.408098
0.662
0.444501
0.618751
0.662
0.153461
0.541431
0.0938424
0.0498814
0.662
0.662
0.662
0.662
0.187994
0.662
0.0779905
0.0317678
0.584931
0.0120155
0.17609
0.439081
0.662
0.662
0.662
0.238986
0.28706
0.10953
0.226609
0.662
0.187796
0.662
0.662
0.662
0.662
0.274872
0.225448
0.459439
0.524999
0.0499769
0.0939318
0.662
0.086638
0.662
0.662
0.0808202
0.257851
0.381478
0.662
0.662
0.662
0.288309
0.293123
0.0797853
0.198365
0.662
0.294684
0.313458
0.662
0.551429
0.657037
0.662
0.165819
0.439109
0.42219
0.0567406
0.651413
0.662
0.326017
0.290911
0.541624
0.506557
0.473542
0.662
0.662
0.662
0.228719
0.610212
0.312304
0.411373
0.587493
0.662
0.662
0.662
0.203288
0.177346
0.348339
0.553305
0.499001
0.59217
0.136488
0.662
0.662
0.177401
0.11102
0.226402
0.662
0.264152
0.0306353
0.410203
0.376129
0.378801
0.662
0.318143
0.0217337
0.662
0.170181
0.372191
0.44325
0.662
0.625337
0.268417
0.185257
0.662
0.662
0.662
0.662
0.662
0.662
0.662
0.493031
0.0560285
0.276809
0.508951
0.0740812
0.36944
0.662
0.662
0.662
0.165119
0.168045
0.317203
0.0238173
0.269803
0.662
0.662
0.437644
0.280914
0.662
0.405861
0.662
0.662
0.192503
0.662
0.662
0.0624944
0.662
0.0964458
0.372202
0.383137
0.662
0.540373
0.121534
0.494547
0.610216
0.159792
0.662
0.662
0.662
0.459746
0.107244
0.662
0.229813
0.0614269
0.662
0.351699
0.662
0.479043
0.0888353
0.035336
0.385446
0.0666858
0.662
0.662
0.662
0.662
0.16949
0.483684
0.00134066
0.662
0.662
0.662
0.662
0.662
0.580734
0.662
0.0465272
0.662
0.223971
0.121619
0.187409
0.390933
0.116731
0.662
0.662
0.0052899
0.531038
0.206055
0.497649
0.229303
0.662
0.662
0.397588
0.100118
0.662
0.662
0.662
0.216393
0.662
0.491585
0.224384
0.662
0.472041
0.214259
0.448159
0.306354
0.353121
0.662
0.378294
0.122189
0.166608
0.11688
0.438507
0.662
0.117649
0.221449
0.113824
0.322297
0.343776
0.240116
0.416716
0.185826
0.53987
0.662
0.662
0.294608
0.662
0.208677
0.413704
0.029657
0.181765
0.662
0.410154
0.662
0.662
0.662
0.178093
0.436098
0.192318
0.272893
0.499619
0.355746
0.662
0.576695
0.117033
0.662
0.662
0.507943
0.471165
0.174098
0.662
0.643012
0.114679
0.194169
0.662
0.200603
0.424521
0.472615
0.662
0.662
0.244531
0.301389
0.662
0.662
0.160588
0.662
0.396582
0.0442007
0.349983
0.12037
0.121451
0.662
0.38368
0.443904
0.662
0.419624
0.230405
0.662
0.662
0.197854
0.270013
0.117752
0.661913
0.0373516
0.056153
0.662
0.662
0.116407
0.281028
0.476926
0.0840001
0.662
0.662
0.601377
0.223586
0.291963
0.662
0.662
0.0971222
0.525354
0.662
0.662
0.295618
0.662
0.662
0.662
0.662
0.662
0.662
0.662
0.662
0.239051
0.662
0.241405
0.432242
0.33583
0.156949
0.238696
0.480038
0.127246
0.662
0.662
0.01171
0.246011
0.662
0.459032
0.662
0.158318
0.662
0.662
0.662
0.662
0.662
0.662
0.585247
0.662
0.29241
0.102804
0.182227
0.0185119
0.187419
0.662
0.662
0.142915
0.662
0.362953
0.662
0.662
0.662
0.570022
0.184232
0.662
0.343096
0.0168081
0.646376
0.0248656
0.197928
0.182893
0.438693
0.0579796
0.29283
0.662
0.662
0.662
0.662
0.369831
0.09519
0.217709
0.482579
0.662
0.229081
0.215021
0.303757
0.662
0.310743
0.288486
0.259073
0.662
0.662
0.662
0.168599
0.0122451
0.662
0.559538
0.336193
0.344488
0.662
0.662
0.643207
0.538613
0.239151
0.505829
0.0423486
0.341711
0.662
0.0964522
0.430811
0.662
0.25794
0.356317
0.662
0.629406
0.390714
0.322883
0.185814
0.536195
0.388671
0.662
0.662
0.662
0.452502
0.662
0.662
0.228857
0.428776
0.662
0.605163
0.633861
0.662
0.406432
0.662
0.226561
0.662
0.364286
0.662
0.327392
0.662
0.662
0.382857
0.253844
0.662
0.662
0.0966091
0.259488
0.438848
0.242108
0.547998
0.662
0.186649
0.662
0.636649
0.662
0.662
0.662
0.662
0.662
0.662
0.45897
0.662
0.286415
0.636271
0.336517
0.662
0.569727
0.282271
0.128375
0.662
0.570416
0.209619
0.662
0.662
0.234484
0.117182
0.309387
0.662
0.276816
0.619473
0.138159
0.148414
0.307478
0.662
0.11184
0.662
0.381684
0.662
0.662
0.662
0.514728
0.435804
0.662
0.210953
0.390523
0.662
0.220944
0.456335
0.662
0.662
0.157614
0.299389
0.334281
0.137741
0.293036
0.370826
0.662
0.662
0.662
0.390586
0.643024
0.662
0.662
0.662
0.441976
0.385765
0.0357936
0.397154
0.0225955
0.662
0.119284
0.583055
0.277993
0.662
0.662
0.315818
0.369738
0.202335
0.0753118
0.343428
0.553091
0.662
0.328944
0.129701
0.662
0.662
0.563786
0.275771
0.662
0.662
0.198344
0.501824
0.662
0.662
0.662
0.201678
0.124318
0.337143
0.662
0.662
0.662
0.181662
0.662
0.175086
0.219839
0.662
0.322603
0.190306
0.163263
0.476676
0.26157
0.359441
0.294949
0.662
0.0981368
0.347983
0.662
0.085502
0.21166
0.662
0.21371
0.531052
0.0871116
0.662
0.200929
0.662
0.662
0.21182
0.403274
0.662
0.0217418
0.361477
0.662
0.424947
0.501721
0.612127
0.105875
0.328335
0.662
0.299297
0.330087
0.462842
0.592582
0.278245
0.662
0.457437
0.268724
0.287483
0.277805
0.276219
0.662
0.662
0.180277
0.392927
0.662
0.662
0.183413
0.378186
0.439859
0.408485
0.399484
0.0573717
0.288565
0.662
0.662
0.662
0.469646
0.26963
0.614578
0.300237
0.662
0.662
0.498568
0.662
0.310639
0.471199
0.662
0.662
0.162467
0.47296
0.662
0.0259627
0.254573
0.249134
0.662
0.248875
0.195171
0.662
0.49592
0.539536
0.662
0.442891
0.086722
0.662
0.193424
0.662
0.44314
0.662
0.662
0.662
0.146335
0.553155
0.186093
0.662
0.662
