0.311644
0.662
0.662
0.188062
0.662
0.0309798
0.217858
0.662
0.662
0.662
0.143417
0.315799
0.631481
0.662
0.363203
0.471934
0.590653
0.662
0.274617
0.64089
0.662
0.493557
0.192939
0.662
0.0541248
0.194689
0.0667118
0.662
0.662
0.259184
0.268769
0.662
0.662
0.662
0.465478
0.129197
0.662
0.662
0.662
0.662
0.662
0.465556
0.662
0.0578993
0.614866
0.662
0.428976
0.535456
0.629105
0.362071
0.662
0.143111
0.503877
0.662
0.662
0.662
0.368957
0.0178581
0.662
0.0430899
0.662
0.662
0.598377
0.662
0.662
0.662
0.0496094
0.436827
0.219001
0.0375195
0.221174
0.662
0.591521
0.572575
0.490951
0.662
0.662
0.662
0.211026
0.475042
0.308041
0.662
0.383248
0.629101
0.117835
0.327857
0.17231
0.254517
0.223782
0.662
0.662
0.553208
0.0746249
0.662
0.662
0.237035
0.662
0.629884
0.29912
0.36089
0.209184
0.0126602
0.558768
0.281546
0.0882059
0.0423657
0.417277
0.662
0.662
0.372107
0.662
0.406896
0.477803
0.460631
0.662
0.4105
0.662
0.362896
0.525754
0.662
0.103714
0.134635
0.373747
0.506094
0.2077
0.662
0.662
0.26375
0.501466
0.227999
0.662
0.42307
0.662
0.662
0.662
0.29359
0.381658
0.0956332
0.662
0.662
0.337467
0.0765824
0.208355
0.164722
0.662
0.351908
0.51553
0.167951
0.587026
0.385961
0.00340775
0.205947
0.213294
0.207068
0.0113386
0.662
0.608447
0.662
0.406533
0.662
0.268651
0.592436
0.662
0.662
0.662
0.276014
0.662
0.0333048
0.37875
0.15829
0.662
0.662
0.662
0.529252
0.662
0.395935
0.662
0.567385
0.152452
0.234145
0.411438
0.629455
0.12716
0.662
0.662
0.250491
0.662
0.391952
0.294117
0.662
0.662
0.130153
0.0908085
0.649465
0.329792
0.607404
0.30905
0.0894982
0.470215
0.293094
0.390337
0.198087
0.285549
0.662
0.662
0.534952
0.662
0.439607
0.201761
0.662
0.0909195
0.00842663
0.250429
0.376217
0.123903
0.211653
0.137917
0.662
0.289384
0.207532
0.662
0.627376
0.662
0.31831
0.662
0.662
0.662
0.24106
0.662
0.662
0.662
0.330427
0.0252268
0.603478
0.662
0.662
0.662
0.226617
0.662
0.662
0.662
0.440419
0.662
0.570253
0.361918
0.662
0.502612
0.347578
0.17148
0.336958
0.662
0.228254
0.246606
0.662
0.662
0.662
0.662
0.379441
0.662
0.495686
0.323736
0.296545
0.662
0.235876
0.0355996
0.175673
0.662
0.203464
0.484602
0.459739
0.662
0.272405
0.305079
0.199544
0.662
0.0205485
0.662
0.076585
0.662
0.0988941
0.0861748
0.518853
0.427997
0.152741
0.662
0.662
0.42188
0.662
0.662
0.304729
0.662
0.662
0.581004
0.349152
0.287549
0.302691
0.274128
0.537524
0.0257595
0.409565
0.0698147
0.436831
0.662
0.443833
0.409302
0.147923
0.662
0.124802
0.333561
0.662
0.408978
0.141203
0.5605
0.253024
0.0894955
0.231017
0.602719
0.0256109
0.474421
0.662
0.662
0.22154
0.662
0.662
0.563873
0.0398029
0.662
0.185239
0.662
0.352056
0.179935
0.662
0.555859
0.209612
0.662
0.0443029
0.129781
0.662
0.168959
0.662
0.662
0.662
0.662
0.152155
0.263815
0.49868
0.662
0.662
0.662
0.662
0.429582
0.318519
0.362245
0.116068
0.0737163
0.199073
0.662
0.662
0.368551
0.645516
0.0921612
0.187393
0.662
0.374774
0.484742
0.525505
0.246485
0.107995
0.177986
0.530753
0.13226
0.662
0.403639
0.234792
0.188682
0.340825
0.0564971
0.60548
0.298887
0.662
0.287384
0.167882
0.662
0.164818
0.662
0.116323
0.00667666
0.662
0.0942385
0.470706
0.662
0.662
0.402605
0.188858
0.662
0.217364
0.291885
0.662
0.100396
0.662
0.662
0.662
0.286601
0.662
0.468607
0.662
0.241349
0.25942
0.052441
0.143303
0.281982
0.662
0.0025715
0.662
0.622721
0.662
0.251785
0.445126
0.0763832
0.0407131
0.662
0.308514
0.16979
0.608291
0.434507
0.253963
0.662
0.662
0.203405
0.47863
0.658364
0.459772
0.204971
0.49312
0.638951
0.593357
0.516588
0.0681819
0.163681
0.662
0.123986
0.662
0.58577
0.347484
0.662
0.00414928
0.336641
0.249678
0.00296654
0.224459
0.421984
0.662
0.155496
0.307754
0.526664
0.662
0.104974
0.662
0.367936
0.2398
0.221911
0.662
0.662
0.662
0.0396465
0.662
0.221027
0.308465
0.662
0.606982
0.0316918
0.41501
0.662
0.450203
0.530036
0.662
0.222145
0.423091
0.662
0.165941
0.229715
0.662
0.662
0.204329
0.662
0.246486
0.662
0.0118282
0.454941
0.662
0.662
0.662
0.345927
0.662
0.662
0.20325
0.662
0.313255
0.226231
0.10271
0.326168
0.662
0.569905
0.662
0.141955
0.662
0.194184
0.662
0.0402571
0.662
0.474087
0.518464
0.105016
0.662
0.662
0.509229
0.501961
0.495772
0.662
0.564398
