0.662
0.492562
0.3778
0.295582
0.238486
0.658765
0.662
0.662
0.608447
0.555628
0.662
0.662
0.662
0.152761
0.662
0.662
0.481222
0.246486
0.0842073
0.242523
0.662
0.662
0.662
0.426634
0.189572
0.662
0.367254
0.114741
0.169429
0.662
0.585831
0.452844
0.662
0.662
0.662
0.639257
0.222145
0.662
0.662
0.386217
0.662
0.570048
0.332718
0.662
0.662
0.148276
0.123903
0.662
0.432245
0.53462
0.662
0.368806
0.410003
0.662
0.190602
0.221174
0.662
0.627147
0.662
0.215549
0.662
0.421984
0.32353
0.662
0.597388
0.121279
0.467851
0.662
0.0392492
0.245395
0.283475
0.0221496
0.662
0.041728
0.662
0.304525
0.662
0.194502
0.193648
0.448702
0.129247
0.662
0.375468
0.662
0.662
0.0519145
0.0205485
0.333819
0.217121
0.484078
0.662
0.417277
0.2478
0.662
0.523914
0.530987
0.476761
0.199593
0.662
0.199776
0.470215
0.662
0.274128
0.41749
0.215721
0.390045
0.0681497
0.163392
0.662
0.168555
0.662
0.232297
0.416796
0.229372
0.199654
0.406533
0.542427
0.662
0.0901399
0.662
0.0784869
0.662
0.662
0.662
0.12127
0.433982
0.251325
0.130267
0.662
0.662
0.436949
0.662
0.625071
0.662
0.573479
0.188229
0.662
0.127019
0.372107
0.662
0.662
0.199441
0.31354
0.208151
0.662
0.657624
0.662
0.612391
0.328937
0.662
0.662
0.0440216
0.131683
0.282838
0.0245719
0.168735
0.118931
0.378421
0.604025
0.662
0.13933
0.662
0.142104
0.662
0.662
0.539163
0.662
0.19857
0.183764
0.314047
0.662
0.6264
0.220526
0.662
0.662
0.372616
0.31784
0.591494
0.573721
0.105016
0.107014
0.662
0.0876142
0.222449
0.662
0.662
0.0423657
0.241637
0.237189
0.662
0.662
0.177014
0.356162
0.288707
0.461223
0.188316
0.00999562
0.363203
0.284302
0.320145
0.662
0.469321
0.0681819
0.582625
0.450733
0.0309798
0.588054
0.201901
0.136185
0.390974
0.661877
0.229136
0.662
0.165102
0.286893
0.147344
0.417363
0.662
0.662
0.662
0.662
0.662
0.313532
0.662
0.204329
0.203936
0.662
0.662
0.316412
0.228254
0.352056
0.662
0.655323
0.662
0.0189083
0.457526
0.629455
0.239834
0.662
0.263815
0.0468388
0.454941
0.0974685
0.134525
0.662
0.052441
0.662
0.662
0.0252268
0.141148
0.662
0.209839
0.662
0.384715
0.662
0.662
0.0986972
0.662
0.662
0.477803
0.662
0.454932
0.662
0.662
0.202688
0.0172691
0.0787115
0.583305
0.399096
0.467266
0.662
0.662
0.47715
0.186409
0.662
0.395935
0.229311
0.392706
0.202726
0.633917
0.368722
0.364429
0.157775
0.175298
0.662
0.390337
0.662
0.662
0.432074
0.662
0.64934
0.662
0.662
0.141445
0.18467
0.177742
0.662
0.00360765
0.0439596
0.293169
