0.299781
0.653425
0.662
0.213804
0.662
0.483206
0.662
0.398822
0.584334
0.662
0.662
0.172348
0.39127
0.480699
0.250972
0.125693
0.0455903
0.29808
0.430302
0.662
0.521879
0.15957
0.251545
0.662
0.194509
0.191478
0.222178
0.109238
0.280849
0.00243858
0.0483717
0.187453
0.0147433
0.662
0.138192
0.662
0.662
0.221143
0.113484
0.280969
0.524413
0.342872
0.132978
0.662
0.662
0.0284802
0.662
0.662
0.404456
0.338111
0.103504
0.305053
0.131799
0.662
0.140856
0.297713
0.624479
0.142369
0.402412
0.39446
0.326836
0.662
0.662
0.616911
0.191496
0.662
0.662
0.643334
0.184214
0.650447
0.335741
0.428496
0.511925
0.203918
0.556507
0.662
0.360061
0.662
0.35185
0.0815187
0.662
0.662
0.171604
0.340496
0.609443
0.423818
0.464596
0.662
0.423859
0.0249545
0.21093
0.348189
0.632121
0.60653
0.47251
0.123662
0.662
0.650918
0.662
0.0333021
0.662
0.39178
0.662
0.662
0.662
0.193755
0.381284
0.662
0.35829
0.281013
0.0762386
0.064634
0.662
0.157061
0.452252
0.389833
0.462849
0.603092
0.383322
0.191055
0.662
0.622238
0.201437
0.624007
0.641736
0.310047
0.0490176
0.348406
0.655956
0.393691
0.600707
0.585486
0.423501
0.36981
0.662
0.662
0.662
0.223518
0.662
0.662
0.662
0.328899
0.0324595
0.662
0.662
0.17865
0.159631
0.251991
0.301137
0.662
0.0742311
0.209585
0.662
0.662
0.410158
0.662
0.662
0.662
0.662
0.552451
0.662
0.477008
0.662
0.662
0.076376
0.167503
0.185023
0.662
0.152938
0.19957
0.242994
0.662
0.233886
0.0297122
0.112486
0.662
0.373971
0.277781
0.171536
0.662
0.369195
0.662
0.644135
0.662
0.560983
0.0396389
0.0491901
0.0381686
0.345114
0.250408
0.0371939
0.22014
