0.246485
0.321203
0.077728
0.662
0.662
0.611147
0.114741
0.655323
0.662
0.662
0.465253
0.215549
0.662
0.19428
0.662
0.625071
0.662
0.638043
0.64934
0.136185
0.000933679
0.48083
0.578982
0.0189083
0.662
0.281607
0.367254
0.507031
0.662
0.662
0.474996
0.189673
0.38825
0.662
0.0238287
0.276528
0.662
0.290481
0.662
0.250827
0.029674
0.399379
0.354003
0.165102
0.0155991
0.203936
0.662
0.0681497
0.395724
0.662
0.597846
0.582625
0.509259
0.662
0.449444
0.215721
0.662
0.662
0.662
0.481222
0.1713
0.295582
0.501668
0.228235
0.662
0.183947
0.199593
0.253676
0.33188
0.376003
0.662
0.662
0.662
0.366612
0.662
0.237053
0.662
0.157775
0.342444
0.222449
0.202167
0.662
0.462538
0.204812
0.608893
0.467926
0.449984
0.662
0.662
0.126837
0.662
0.134539
0.662
0.662
0.462988
0.165589
0.274738
0.662
0.191095
0.662
0.228298
0.662
0.217121
0.662
0.456769
0.0958563
0.428209
0.400854
0.269093
0.63508
0.186367
0.179549
0.0658218
0.662
0.206535
0.219327
0.662
0.662
0.662
0.284302
0.662
0.436183
0.662
0.662
0.287184
0.340839
0.662
0.20707
0.00492133
0.461207
0.593818
0.633694
0.662
0.459182
0.662
0.395762
0.181096
0.662
0.118931
0.198474
0.662
0.566483
0.229311
0.258944
0.113263
0.662
0.662
0.130267
0.458837
0.0246618
0.662
0.0832836
0.662
0.662
0.662
0.0430818
0.00360765
0.265816
0.662
0.329516
0.662
0.662
0.662
0.31622
0.0666711
0.485523
0.662
0.340875
0.0695891
0.662
0.137459
0.265715
0.238486
0.65735
0.662
0.662
0.283922
0.278042
0.662
0.237497
0.662
0.662
0.342431
0.19857
0.0370197
0.106574
0.208912
0.141148
0.279742
0.102012
0.370013
0.0645079
0.163392
0.65867
0.662
0.662
0.258028
0.662
0.662
0.662
0.662
0.662
0.279661
0.662
0.147704
