0.187628
0.433505
0.158599
0.662
0.662
0.662
0.10049
0.336496
0.360194
0.662
0.662
0.662
0.205915
0.282799
0.324681
0.227841
0.662
0.662
0.662
0.261298
0.434143
0.662
0.662
0.573758
0.662
0.0255392
0.662
0.0634037
0.438606
0.662
0.662
0.258331
0.0464618
0.242055
0.00657426
0.222169
0.662
0.662
0.367335
0.662
0.662
0.304309
0.662
0.113691
0.627231
0.536178
0.662
0.425128
0.662
0.0492515
0.0931882
0.591859
0.662
0.662
0.446415
0.495406
0.254426
0.312596
0.198807
0.370849
0.108151
0.166034
0.662
0.388125
0.662
0.662
0.402838
0.20703
0.327007
0.662
0.250405
0.662
0.409551
0.0669265
0.481573
0.121141
0.662
0.569933
0.662
0.662
0.124391
0.194837
0.662
0.081676
0.169121
0.662
0.296602
0.423304
0.298644
0.393933
0.662
0.0200841
0.45219
0.662
0.662
0.662
0.0251531
0.468897
0.517053
0.115253
0.662
0.662
0.343438
0.662
0.409117
0.527725
0.662
0.136661
0.662
0.0117431
0.254564
0.662
0.662
0.662
0.171287
0.548928
0.223706
0.662
0.327815
0.160167
0.337647
0.662
0.207206
0.305791
0.382473
0.662
0.485006
0.662
0.662
0.0541804
0.427819
0.33204
0.271259
0.662
0.662
0.311162
0.0415753
0.393557
0.0302849
0.607217
0.159818
0.489746
0.415713
0.662
0.662
0.662
0.257503
0.210746
0.275449
0.164699
0.223462
0.428957
0.662
0.662
0.124721
0.662
0.273275
0.393999
0.263037
0.142593
0.164407
0.153468
0.425649
0.198482
0.211874
0.439625
0.19926
0.662
0.662
0.338593
0.253023
0.662
0.22822
0.662
0.235225
0.43298
0.44041
0.662
0.662
0.662
0.662
0.311804
0.183951
0.662
0.662
0.0980955
0.662
0.43214
0.662
0.337758
0.662
0.147697
0.260313
0.662
0.0900605
0.43744
0.662
0.133336
0.349889
0.662
0.174349
0.251168
0.662
0.662
0.257603
0.662
0.151117
0.239748
0.193786
0.00835972
0.38268
0.662
0.662
0.45904
0.395765
0.662
0.191807
0.49131
0.359196
0.662
0.212339
0.577063
0.0782616
0.344711
0.142194
0.662
0.662
0.662
0.354361
0.662
0.383412
0.344647
0.527143
0.117957
0.662
0.662
0.662
0.0439593
0.461832
0.182677
0.43443
0.0853796
0.312699
0.662
0.399149
0.662
0.662
0.662
0.292855
0.0234997
0.530078
0.0271887
0.14178
0.662
0.662
0.183514
0.262002
0.662
0.239479
0.662
0.242322
0.320506
0.662
0.270174
0.202072
0.662
0.192581
0.0333883
0.662
0.277302
0.662
0.376011
0.662
0.662
0.0344011
0.662
0.0447767
0.662
0.662
0.662
0.662
0.662
0.0858473
0.0460896
0.662
0.488459
0.662
0.561499
0.437307
0.662
0.369099
0.269755
0.267125
0.442062
0.208452
0.662
0.662
0.0021543
0.662
0.662
0.506587
0.38178
0.662
0.662
0.185793
0.662
0.662
0.662
0.662
0.21361
0.0952123
0.652633
0.662
0.252169
0.662
0.00727716
0.414872
0.373899
0.662
0.662
0.662
0.662
0.403469
0.368713
0.662
0.333122
0.404316
0.182522
0.103774
0.662
0.498393
0.373382
0.662
0.662
0.353742
0.662
0.662
0.662
0.311733
0.662
0.662
0.662
0.662
0.662
0.406396
0.488438
0.0710562
0.662
0.327746
0.407004
0.335293
0.0786561
0.662
0.303618
0.662
0.267358
0.0227547
0.0360716
0.662
0.460891
0.662
0.277786
0.662
0.227145
0.662
0.179802
0.159831
0.211944
0.197547
0.430688
0.294516
0.662
0.342068
0.437788
0.404967
0.375054
0.524034
0.662
0.662
0.20337
0.662
0.426011
0.10234
0.205029
0.425676
0.662
0.3055
0.386063
0.0580265
0.522727
0.662
0.284968
0.662
0.426163
0.188717
0.662
0.406157
0.290147
0.214311
0.303891
0.662
0.662
0.502882
0.315824
0.662
0.263522
0.662
0.534884
0.223897
0.161178
0.0777658
0.349193
0.0153408
0.326522
0.662
0.662
0.662
0.662
0.662
0.540397
0.662
0.141787
0.662
0.662
0.217019
0.198065
0.158285
0.662
0.234669
0.662
0.00321057
0.3744
0.132816
0.327379
0.353853
0.247323
0.0757293
0.662
0.662
0.0995477
0.281268
0.0906537
0.662
0.662
0.223227
0.662
0.662
0.662
0.215943
0.626269
0.08987
0.0609734
0.393122
0.662
0.662
0.662
0.662
0.662
0.662
0.246802
0.209854
0.308554
0.292803
0.0676508
0.349471
0.454778
0.662
0.347124
0.474342
0.662
0.0514098
0.26134
0.662
0.264467
0.185801
0.339748
0.662
0.195617
0.394852
0.28481
0.662
0.140629
0.20745
0.201303
0.498473
0.0761028
0.266255
0.342979
0.662
0.194017
0.192928
0.366285
0.662
0.300172
0.662
0.0518285
0.285735
0.662
0.222202
0.199973
0.222128
0.324052
0.18038
0.662
0.61016
0.0771519
0.148575
0.662
0.499314
0.319577
0.119593
0.471462
0.640443
0.170452
0.662
0.555648
0.0530186
0.662
0.0287675
0.510028
0.195025
0.662
0.662
0.28268
0.662
0.201676
0.0643194
0.662
0.0944507
0.662
0.662
0.662
0.0505128
0.188975
0.662
0.156722
0.662
0.151678
0.198418
0.662
0.148731
0.358118
0.396444
0.662
0.662
0.662
0.662
0.194367
0.163327
0.0713453
0.662
0.662
0.662
0.662
0.662
0.217014
0.103774
0.287211
0.206308
0.330491
0.350046
0.364776
0.113534
0.376286
0.485495
0.0274238
0.662
0.301113
0.349715
0.662
0.114968
0.662
0.662
0.662
0.323351
0.433638
0.446319
0.00748289
0.652514
0.193257
0.662
0.48792
0.226972
0.662
0.026885
0.280036
0.662
0.0537311
0.343061
0.435826
0.662
0.662
0.662
0.662
0.662
0.662
0.00110208
0.17796
0.105324
0.662
0.267415
0.247874
0.196606
0.128392
0.662
0.276141
0.129103
0.662
0.662
0.355071
0.662
0.662
0.419119
0.662
0.373912
0.662
0.110215
0.197228
0.662
0.662
0.513606
0.662
0.302649
0.35706
0.441317
0.186602
0.662
0.662
0.662
0.326965
0.553932
0.310805
0.662
0.221289
0.662
0.239299
0.662
0.131076
0.662
0.662
0.00274526
0.0857434
0.0377995
0.0894264
0.662
0.662
0.662
0.492693
0.163702
0.662
0.372789
0.35316
0.662
0.371395
0.662
0.119591
0.529442
0.662
0.108858
0.662
0.302182
0.662
0.177898
0.662
0.0491387
0.0511559
0.662
0.203148
0.0797802
0.138511
0.662
0.662
0.662
0.662
0.662
0.662
0.662
0.662
0.00213435
0.0807995
0.662
0.303305
0.463722
0.662
0.662
0.187084
0.338494
0.662
0.662
0.318554
0.662
0.417314
0.662
0.146038
0.368597
0.662
0.474052
0.27942
0.282986
0.662
0.19622
0.662
0.662
0.131543
0.603804
0.347565
0.0918086
0.152253
0.659459
0.318462
0.662
0.662
0.0423777
0.662
0.168928
0.645984
0.262615
0.247134
0.64977
0.209802
0.401672
0.236227
0.0556858
0.662
0.231902
0.522537
0.662
0.239452
0.212493
0.662
0.662
0.662
0.662
0.529349
0.255578
0.375516
0.0837542
0.662
0.662
0.00637162
0.0449005
0.345345
0.22553
0.175456
0.18978
0.662
0.662
0.662
0.662
0.468974
0.662
0.194771
0.662
0.662
0.184147
0.662
0.662
0.662
0.242755
0.416287
0.467585
0.305102
0.335341
0.170925
0.662
0.662
0.662
0.662
0.662
0.309817
0.662
0.377542
0.662
0.107866
0.662
0.347917
0.662
0.269667
0.059415
0.126671
0.662
0.662
0.55222
0.662
0.0137662
0.662
0.074699
0.577269
0.662
0.469811
0.033546
0.611816
0.187407
0.356923
0.336877
0.662
0.629763
0.404661
0.437912
0.129602
0.0629248
0.662
0.662
0.662
0.193905
0.649115
0.662
0.221531
0.662
0.662
0.662
0.360017
0.147386
0.662
0.661735
0.662
0.261475
0.20694
0.367478
0.285159
0.575424
0.413366
0.329061
0.137033
0.662
0.0965658
0.356776
0.363496
0.662
0.662
0.662
0.662
0.197713
0.662
0.550166
0.224203
0.112407
0.56339
0.662
0.486088
0.662
0.372896
0.662
0.132035
0.369218
0.412044
0.189989
0.271071
0.346897
0.347901
0.662
0.211519
0.364488
0.50154
0.662
0.519603
0.114933
0.465747
0.662
0.30079
0.329831
0.477161
0.662
0.217751
0.662
0.662
0.284479
0.662
0.662
0.0649346
0.662
0.336448
0.462612
0.443047
0.395605
0.662
0.662
0.336779
0.662
0.662
0.201849
0.387809
0.0925189
0.18733
0.319455
0.662
0.662
0.662
0.471568
0.0916417
0.0589045
0.398094
0.662
0.0557824
0.662
0.662
0.442309
0.389709
0.662
0.30008
0.15468
0.486107
0.662
0.213319
0.662
0.662
0.662
0.662
0.135296
0.662
0.606825
0.392344
0.662
0.662
0.662
0.344352
0.662
0.662
0.263906
0.0901123
0.662
0.27178
0.662
0.662
0.0603694
0.24752
0.322472
0.525859
0.662
0.453327
0.421023
0.0851896
0.0541711
0.662
0.662
0.662
0.0366294
0.293813
0.662
0.30726
0.539202
0.261266
0.133503
0.46432
0.133453
0.410096
0.639298
0.14679
0.146887
0.464339
0.416171
0.662
0.662
0.203694
0.662
0.662
0.226252
0.662
0.102189
0.662
0.464671
0.662
0.662
0.334933
0.662
0.662
0.662
0.230496
0.662
0.15296
0.662
0.182184
0.288646
0.114808
0.173556
0.0976564
0.502872
0.662
0.332532
0.116288
0.0627123
0.662
0.115252
0.0792199
0.254604
0.662
0.511546
0.662
0.280559
0.151243
0.189115
0.223327
0.662
0.662
0.0237145
0.0153494
0.103568
0.384951
0.662
0.662
0.409282
0.662
0.495765
0.121249
0.662
0.270251
0.403558
0.498027
0.0117473
0.662
0.358811
0.579484
0.369686
0.662
0.512693
0.662
0.662
0.476579
0.160618
0.662
0.217436
0.662
0.662
0.662
0.402962
0.0634524
0.383663
0.508966
0.191382
0.164968
0.348742
0.0405343
0.405066
0.474612
0.20657
0.662
0.264365
0.352806
0.219896
0.662
0.197095
0.662
0.662
0.662
0.662
0.189037
0.563442
0.26613
0.22888
0.401953
0.662
0.505929
0.662
0.662
0.597875
0.662
0.662
0.29849
0.460363
0.662
0.572666
0.488159
0.105025
0.662
0.662
0.662
0.662
0.662
0.356815
0.563718
0.168306
0.309522
0.662
0.244204
0.0857672
0.0628198
0.662
0.662
0.166478
0.662
0.196359
0.0209828
0.129925
0.101031
0.234488
0.0891568
0.662
0.395442
0.662
0.237748
0.186462
0.662
0.662
0.113723
0.470465
0.662
0.662
0.662
0.286265
0.326157
0.662
0.185788
0.662
0.635467
0.662
0.449015
0.662
0.571482
0.108564
0.662
0.606898
0.322998
0.662
0.24932
0.12795
0.461493
0.324315
0.36458
0.606018
0.662
0.150402
0.237154
0.36123
0.39257
0.33227
0.440473
0.307158
0.434858
0.662
0.662
0.662
0.141236
0.662
0.662
0.662
0.219981
0.164694
0.662
0.230821
0.250586
0.662
0.0302265
0.555794
0.071435
0.249914
0.216473
0.213418
0.313788
0.208547
0.225307
0.662
0.662
0.662
0.199682
0.153239
0.662
0.15479
0.456021
0.662
0.390486
0.662
0.662
0.662
0.662
0.527288
0.662
0.227249
0.107931
0.662
0.182251
0.662
0.0469823
0.0329224
0.662
0.227224
0.132943
0.662
0.502212
0.340167
0.300324
0.310522
0.589002
0.662
0.662
0.407907
0.299428
0.0157965
0.662
0.224396
0.229521
0.248663
0.662
0.128075
0.443422
0.00867394
0.135984
0.566725
0.0799203
0.662
0.144811
0.192087
0.381656
0.662
0.662
0.662
0.248976
0.662
0.345998
0.662
0.445127
0.145595
0.662
0.131355
0.330808
0.22193
0.662
0.0457143
0.662
0.662
0.662
0.110372
0.662
0.4078
0.277057
0.217892
0.116872
0.662
0.662
0.662
0.662
0.37513
0.402391
0.113775
0.427086
0.412144
0.662
0.382727
0.449809
0.194017
0.37325
0.662
0.662
0.270929
0.229022
0.662
0.662
0.533365
0.662
0.386264
0.662
0.217107
0.662
0.417286
0.662
0.420384
0.662
0.662
0.662
0.0835541
0.0351303
0.662
0.307763
0.341067
0.0800349
0.0856797
0.0926848
0.662
0.662
0.0454861
0.327908
0.662
0.662
0.662
0.0827684
0.361574
0.435523
0.662
0.662
0.0174712
0.515706
0.443969
0.662
0.298222
0.456089
0.662
0.662
0.187807
0.262887
0.57229
0.0336304
0.662
0.662
0.26441
0.0907818
0.201515
0.308453
0.16027
0.662
0.00285117
0.424649
0.188204
0.116784
0.492048
0.105042
0.662
0.662
0.662
0.171624
0.662
0.251501
0.662
0.662
0.662
0.0183077
0.335285
0.539462
0.200772
0.101877
0.0323726
0.0794446
0.662
0.481479
0.379537
0.662
0.239128
0.662
0.662
0.662
0.662
0.423115
0.0282658
0.523503
0.662
0.662
0.416128
0.108855
0.090327
0.19636
0.127186
0.175798
0.662
0.00529674
0.341284
0.204211
0.224727
0.267497
0.413342
0.334721
0.520728
0.217817
0.371644
0.223601
0.662
0.662
0.662
0.662
0.340204
0.662
0.275158
0.406805
0.662
0.448568
0.143849
0.114554
0.320897
0.0827372
0.287867
0.430992
0.351825
0.0807619
0.0698833
0.348588
0.473133
0.662
0.57804
0.662
0.167122
0.662
0.213211
0.414918
0.662
0.124669
0.066964
0.662
0.212392
0.123525
0.17763
0.421332
0.103342
0.662
0.184656
0.662
0.662
0.662
0.00957913
0.196597
0.37445
0.65339
0.662
0.653367
0.662
0.662
0.484919
0.662
0.662
0.248145
0.433516
0.209737
0.662
0.662
0.662
0.166597
0.122683
0.662
0.376161
0.244592
0.543117
0.662
0.405351
0.662
0.662
0.386589
0.662
0.662
0.662
0.276122
0.38857
0.662
0.662
0.662
0.370202
0.254769
0.0660952
0.662
0.449491
0.359102
0.399919
0.37989
0.438001
0.65296
0.390564
0.062792
0.662
0.37596
0.662
0.261562
0.0190721
0.38925
0.30907
0.662
0.440864
0.662
0.0535976
0.572417
0.662
0.662
0.520476
0.0628701
0.404334
0.662
0.175564
0.662
0.662
0.662
0.485558
0.662
0.662
0.662
0.662
0.439029
0.662
0.374168
0.405578
0.197338
0.636985
0.333981
0.662
0.662
0.472528
0.44154
0.662
0.662
0.411109
0.091264
0.333611
0.0450175
0.662
0.189633
0.468732
0.42748
0.662
0.662
0.210697
0.662
0.286919
0.482166
0.662
0.662
0.154069
0.593185
0.662
0.662
0.187196
0.662
0.336856
0.662
0.662
0.662
0.10504
0.465186
0.158665
0.662
0.452639
0.662
0.623331
0.189311
0.248523
0.496508
0.195799
0.20742
0.547289
0.0883541
0.662
0.295765
0.662
0.383084
0.224416
0.351239
0.662
0.521675
0.387074
0.183673
0.520226
0.662
0.662
0.662
0.260485
0.42744
0.0549059
0.662
0.662
0.239101
0.10757
0.315434
0.662
0.0592913
0.662
0.0486891
0.402685
0.0203986
0.467292
0.662
0.572469
0.413487
0.662
0.0407467
0.47691
0.662
0.275049
0.662
0.101566
0.161937
0.262651
0.422014
0.662
0.185361
0.441153
0.662
0.587413
0.662
0.662
0.662
0.353509
0.662
0.662
0.139378
0.421146
0.662
0.297199
0.558685
0.326846
0.254067
0.257409
0.662
0.62173
0.0993676
0.105533
0.662
0.515076
0.231675
0.52021
0.428013
0.186374
0.306238
0.333999
0.662
0.145739
0.662
0.662
0.662
0.198965
0.285186
0.369838
0.295781
0.0507129
0.662
0.315307
0.0988044
0.134523
0.262879
0.294333
0.545959
0.515085
0.506772
0.462239
0.114074
0.401642
0.313276
0.141581
0.426144
0.467791
0.157128
0.662
0.324973
0.350706
0.0770819
0.199632
0.504887
0.662
0.662
0.527986
0.662
0.12684
0.662
0.0863209
0.662
0.662
0.124912
0.0119339
0.368938
0.21159
0.662
0.405663
0.662
0.662
0.252728
0.551954
0.662
0.662
0.398342
0.566356
0.543413
0.662
0.207703
0.662
0.346682
0.662
0.662
0.662
0.429748
0.662
0.207149
0.224858
0.571959
0.286012
0.662
0.245872
0.662
0.439633
0.662
0.662
0.0453256
0.00406143
0.662
0.0119605
0.207802
0.662
0.392152
0.0300052
0.395141
0.228027
0.427555
0.274292
0.447042
0.451259
0.642121
0.662
0.364998
0.295974
0.615632
0.175538
0.662
0.662
0.662
0.662
0.662
0.662
0.170488
0.202829
0.0475133
0.662
0.662
0.311653
0.178975
0.246399
0.662
0.286015
0.422499
0.662
0.662
0.0389666
0.409644
0.662
0.18296
0.377249
0.494786
0.662
0.0146813
0.500348
0.327976
0.662
0.366831
0.346048
0.662
0.193475
0.198966
0.0677906
0.475406
0.451777
0.662
0.0634921
0.159359
0.662
0.662
0.434
0.458413
0.662
0.662
0.296162
0.662
0.0440147
0.201326
0.413544
0.220414
0.08998
0.40889
0.259186
0.189049
0.198852
0.619365
0.309919
0.662
0.662
0.662
0.375536
0.201217
0.235843
0.0544502
0.662
0.558158
0.0774297
0.662
0.662
0.662
0.183869
0.662
0.266375
0.419339
0.270661
0.462313
0.662
0.662
0.360672
0.0993603
0.662
0.662
0.148581
0.170091
0.469019
0.0372593
0.290581
0.662
0.485536
0.662
0.327322
0.662
0.482695
0.199534
0.662
0.44993
0.662
0.633391
0.640209
0.27833
0.662
0.437793
0.662
0.248733
0.662
0.194143
0.548096
0.29021
0.662
0.119407
0.000815722
0.368266
0.215521
0.0213265
0.591661
0.370574
0.171369
0.662
0.00462082
0.498635
0.662
0.662
0.24989
0.0769367
0.201582
0.0622105
0.263291
0.662
0.662
0.351864
0.662
0.662
0.287333
0.601456
0.662
0.662
0.662
0.242558
0.0717202
0.662
0.288602
0.272792
0.662
0.662
0.662
0.101193
0.662
0.310325
0.397361
0.00148252
0.116608
0.155258
0.662
0.383766
0.553872
0.662
0.0748814
0.422111
0.474185
0.662
0.190809
0.104247
0.0485522
0.662
0.405852
0.0196123
0.481487
0.662
0.4977
0.520466
0.267998
0.24641
0.568071
0.242884
0.662
0.662
0.662
0.501555
0.256823
0.285916
0.155177
0.662
0.283702
0.0782168
0.224288
0.662
0.505933
0.441257
0.662
0.257628
0.255967
0.454363
0.252742
0.33043
0.120588
0.444376
0.449706
0.245617
0.614105
0.237105
0.151777
0.662
0.662
0.662
0.297251
0.144658
0.492115
0.199712
0.182328
0.22348
0.662
0.308389
0.47332
0.662
0.140065
0.662
0.662
0.118873
0.241404
0.193138
0.658562
0.130265
0.662
0.484971
0.398215
0.662
0.309664
0.634929
0.662
0.662
0.662
0.189179
0.105785
0.269553
0.116999
0.174314
0.662
0.137581
0.662
0.0811295
0.325795
0.644979
0.662
0.637306
0.298466
0.264859
0.297493
0.0806687
0.0959527
0.206552
0.662
0.573906
0.27489
0.662
0.662
0.662
0.303785
0.662
0.498487
0.257541
0.662
0.662
0.662
0.370913
0.662
0.662
0.491974
0.364493
0.437732
0.662
0.127592
0.207985
0.0512948
0.662
0.49991
0.463726
0.296156
0.0241648
0.171151
0.45756
0.662
0.662
0.376449
0.143506
0.399561
0.465303
0.518765
0.212355
0.0780964
0.662
0.128863
0.662
0.0730084
0.00735725
0.662
0.662
0.662
0.662
0.662
0.662
0.209729
0.475626
0.0880847
0.662
0.662
0.662
0.510321
0.662
0.384421
0.092308
0.662
0.439411
0.365637
0.0142144
0.662
0.036845
0.248439
0.662
0.662
0.662
0.00902016
0.0192895
0.662
0.191287
0.280681
0.0560055
0.343407
0.144036
0.022325
0.662
0.662
0.352868
0.662
0.662
0.200915
0.662
0.662
0.383727
0.297432
0.34213
0.355606
0.392524
0.00224264
0.662
0.224731
0.234187
0.662
0.110074
0.662
0.662
0.419253
0.662
0.17931
0.245258
0.662
0.287805
0.296118
0.463881
0.662
0.662
0.380103
0.662
0.365127
0.662
0.242908
0.453697
0.450052
0.304995
0.237028
0.00469825
0.0213675
0.189915
0.662
0.662
0.662
0.0666964
0.662
0.662
0.662
0.226435
0.503019
0.662
0.257357
0.662
0.662
0.241704
0.302887
0.534747
0.188654
0.395526
0.662
0.124625
0.533524
0.662
0.662
0.478774
0.154958
0.0795621
0.0623523
0.144061
0.662
0.662
0.0579176
0.0770043
0.133047
0.270869
0.00499891
0.662
0.662
0.62604
0.661413
0.662
0.495596
0.662
0.139779
0.313137
0.662
0.662
0.0822672
0.125559
0.662
0.662
0.365373
0.0941837
0.457148
0.662
0.662
0.662
0.168127
0.604911
0.205642
0.488327
0.234546
0.31493
0.193773
0.171499
0.140156
0.662
0.196696
0.662
0.662
0.662
0.662
0.662
0.190736
0.662
0.453959
0.319193
0.275463
0.662
0.0888328
0.119425
0.297342
0.662
0.192638
0.0308747
0.124396
0.383601
0.233041
0.662
0.662
0.045331
0.247712
0.662
0.662
0.431216
0.435494
0.450728
0.263175
0.455734
0.167797
0.1551
0.255203
0.662
0.554086
0.246911
0.375691
0.662
0.379187
0.662
0.543228
0.662
0.291978
0.662
0.662
0.338557
0.377446
0.662
0.043887
0.258567
0.35803
0.662
0.249285
0.18009
0.382581
0.140537
0.193771
0.127391
0.662
0.30816
0.118232
0.444387
0.662
0.580465
0.445682
0.662
0.398671
0.662
0.460047
0.426526
0.117871
0.221915
0.474557
0.570989
0.662
0.168763
0.572843
0.662
0.186193
0.662
0.662
0.286359
0.337282
0.415654
0.211486
0.662
0.662
0.117633
0.662
0.369259
0.475933
0.662
0.662
0.316803
0.324641
0.406065
0.662
0.662
0.37086
0.662
0.00337836
0.397398
0.617059
0.470305
0.662
0.662
0.244271
0.0278769
0.662
0.432085
0.662
0.239596
0.407358
0.310242
0.662
0.241769
0.232909
0.427638
0.152225
0.0703726
0.189848
0.662
0.662
0.111955
0.662
0.662
0.662
0.380435
0.315537
0.597052
0.662
0.662
0.662
0.3225
0.662
0.462863
0.205733
0.144226
0.662
0.604377
0.396508
0.613592
0.662
0.245469
0.662
0.027006
0.662
0.0891432
0.662
0.322668
0.615309
0.662
0.662
0.41455
0.409004
0.662
0.662
0.662
0.662
0.662
0.0521644
0.14777
0.662
0.508863
0.662
0.0517448
0.662
0.662
0.662
0.662
0.242035
0.191026
0.0421403
0.662
0.102143
0.662
0.345608
0.662
0.209841
0.662
0.662
0.44851
0.662
0.662
0.138748
0.215959
0.30327
0.436212
0.662
0.662
0.386782
0.662
0.426072
0.416103
0.662
0.295387
0.519272
0.662
0.037402
0.638758
0.0797694
0.0448251
0.0849926
0.310396
0.0746574
0.602931
0.662
0.0159494
0.416118
0.662
0.662
0.198863
0.662
0.155095
0.362821
0.236054
0.14576
0.280234
0.061806
0.494221
0.454544
0.529582
0.662
0.2617
0.662
0.38552
0.179186
0.662
0.121125
0.169305
0.646186
0.161129
0.662
0.351646
0.255341
0.0390064
0.278574
0.240252
0.401151
0.662
0.181091
0.548211
0.417901
0.326152
0.662
0.662
0.662
0.592858
0.662
0.17003
0.308801
0.662
0.662
0.662
0.662
0.414831
0.229823
0.00281897
0.389543
0.662
0.210983
0.0144107
0.603548
0.188758
0.662
0.400452
0.662
0.48498
0.662
0.662
0.662
0.492055
0.227014
0.662
0.0781469
0.310093
0.240605
0.662
0.190133
0.0727861
0.0938639
0.177225
0.23371
0.662
0.662
0.662
0.662
0.662
0.171704
0.0487266
0.168719
0.548488
0.461976
0.19035
0.662
0.408146
0.662
0.310425
0.662
0.0543798
0.175913
0.393604
0.438107
0.273323
0.662
0.0322309
0.198408
0.4335
0.328221
0.275679
0.662
0.225696
0.0260704
0.662
0.662
0.662
0.662
0.509926
0.662
0.253581
0.662
0.527754
0.125594
0.281844
0.0372224
0.460998
0.198013
0.205113
0.662
0.473925
0.403785
0.549123
0.501616
0.327011
0.662
0.462812
0.179554
0.662
0.662
0.0180278
0.662
0.431946
0.662
0.662
0.183466
0.0382225
0.404275
0.344149
0.662
0.662
0.428842
0.662
0.353475
0.0871326
0.662
0.662
0.662
0.662
0.662
0.662
0.618601
0.246297
0.119174
0.151869
0.662
0.118751
0.242325
0.662
0.275932
0.0804697
0.662
0.196549
0.37856
0.38882
0.392604
0.662
0.55653
0.436624
0.396122
0.0638616
0.662
0.0628096
0.662
0.126352
0.200958
0.470725
0.410404
0.662
0.288865
0.662
0.662
0.526291
0.662
0.32775
0.452773
0.275023
0.000868454
0.476286
0.40021
0.0885582
0.101677
0.096093
0.662
0.237045
0.662
0.662
0.662
0.185084
0.662
0.289674
0.662
0.516706
0.156959
0.662
0.147294
0.255202
0.105404
0.662
0.0303097
0.662
0.0537555
0.404717
0.662
0.662
0.0905256
0.662
0.152465
0.37311
0.142782
0.0198487
0.662
0.32979
0.415425
0.662
0.662
0.548988
0.649465
0.662
0.150457
0.300026
0.662
0.208863
0.662
0.0322284
0.662
0.662
0.491917
0.662
0.578778
0.662
0.662
0.220434
0.662
0.662
0.131379
0.662
0.662
0.235094
0.662
0.398437
0.181081
0.662
0.614995
0.30763
0.264068
0.448975
0.662
0.662
0.662
0.469762
0.116313
0.332275
0.154889
0.165261
0.662
0.37006
0.662
0.292411
0.662
0.241317
0.123152
0.662
0.0840445
0.093713
0.662
0.10762
0.662
0.662
0.18298
0.423863
0.662
0.397263
0.0617902
0.294796
0.662
0.662
0.139651
0.133611
0.662
0.662
0.614174
0.662
0.662
0.205315
0.262797
0.0784451
0.0149497
0.0900291
0.662
0.0827948
0.662
0.455714
0.349181
0.662
0.662
0.262917
0.409058
0.662
0.297711
0.33553
0.117806
0.368939
0.323296
0.645932
0.662
0.630767
0.662
0.433283
0.644709
0.182315
0.662
0.420417
0.662
0.215919
0.662
0.208616
0.662
0.662
0.195061
0.662
0.662
0.131434
0.426771
0.264601
0.578349
0.117254
0.662
0.129079
0.662
0.662
0.440499
0.166944
0.56226
0.662
0.13201
0.662
0.381193
0.662
0.395411
0.20733
0.381031
0.662
0.232198
0.113866
0.49922
0.42474
0.113192
0.389205
0.327924
0.103327
0.662
0.390632
0.242187
0.36647
0.662
0.465556
0.0142864
0.144939
0.239085
0.627719
0.313076
0.0672781
0.0807647
0.662
0.0641095
0.472544
0.562328
0.52722
0.2378
0.423016
0.662
0.484764
0.662
0.23212
0.662
0.422785
0.662
0.662
0.266796
0.319767
0.183957
0.0520671
0.662
0.248003
0.662
0.662
0.403243
0.654847
0.602242
0.442817
0.512474
0.662
0.188251
0.000968126
0.662
0.662
0.662
0.662
0.407409
0.662
0.323978
0.417271
0.131116
0.320211
0.554692
0.662
0.416025
0.244226
0.0699438
0.411729
0.218995
0.228728
0.662
0.662
0.276335
0.617853
0.313653
0.662
0.383611
0.012061
0.05334
0.662
0.416854
0.384357
0.294145
0.532574
0.339646
0.662
0.222463
0.476477
0.159465
0.662
0.662
0.0341073
0.189682
0.167573
0.662
0.201167
0.10442
0.456479
0.121311
0.662
0.207057
0.016032
0.146311
0.452833
0.398545
0.529478
0.0996984
0.183346
0.406494
0.572505
0.291106
0.662
0.662
0.203314
0.662
0.662
0.662
0.337333
0.143744
0.399107
0.379715
0.0867407
0.662
0.239131
0.213916
0.662
0.225426
0.512534
0.662
0.0550952
0.170341
0.444436
0.357249
0.225817
0.662
0.662
0.329729
0.0351292
0.306689
0.662
0.348347
0.662
0.662
0.28064
0.662
0.587503
0.662
0.420386
0.0791778
0.132701
0.662
0.662
0.640135
0.521267
0.384238
0.343643
0.662
0.386308
0.662
0.309694
0.662
0.288568
0.662
0.153617
0.662
0.34769
0.322106
0.662
0.662
0.206874
0.662
0.245758
0.662
0.319051
0.662
0.158187
0.37224
0.178053
0.662
0.373563
0.454481
0.0375571
0.662
0.0242504
0.492372
0.377893
0.662
0.0199805
0.147016
0.662
0.0480185
0.394358
0.317363
0.662
0.443011
0.662
0.64961
0.000987174
0.662
0.573699
0.662
0.365996
0.662
0.269784
0.577829
0.0909917
0.662
0.662
0.662
0.662
0.662
0.346941
0.424658
0.244248
0.306383
0.20424
0.203425
0.332642
0.473871
0.133108
0.662
0.662
0.396962
0.545698
0.662
0.393735
0.271875
0.662
0.662
0.41621
0.0657536
0.161482
0.662
0.0868674
0.493332
0.407083
0.161798
0.192317
0.217587
0.331278
0.0587521
0.662
0.564994
0.662
0.662
0.000726306
0.662
0.214092
0.21318
0.662
0.0942913
0.662
0.662
0.0663512
0.662
0.0324807
0.662
0.382294
0.34999
0.498993
0.403491
0.235859
0.662
0.170476
0.662
0.662
0.400931
0.33028
0.662
0.662
0.0083425
0.662
0.0702416
0.662
0.662
0.662
0.662
0.387293
0.126813
0.662
0.38956
0.264818
0.662
0.662
0.321487
0.608007
0.662
0.662
0.0304506
0.475971
0.662
0.662
0.221557
0.662
0.471117
0.662
0.391504
0.331094
0.311664
0.662
0.662
0.286188
0.332673
0.451429
0.662
0.342981
0.535009
0.662
0.00701272
0.386724
0.0660692
0.412918
0.314037
0.445351
0.662
0.489356
0.662
0.662
0.426149
0.20002
0.572967
0.662
0.560192
0.0122126
0.0987602
0.662
0.178233
0.00942608
0.662
0.240597
0.662
0.379171
0.209723
0.227519
0.414774
0.662
0.320792
0.662
0.279922
0.0473094
0.465719
0.0709556
0.302281
0.420501
0.05868
0.662
0.139564
0.662
0.189313
0.211694
0.409955
0.662
0.235569
0.662
0.0916443
0.232423
0.117419
0.365107
0.662
0.662
0.662
0.107588
0.662
0.662
0.662
0.198916
0.201242
0.236821
0.231713
0.662
0.662
0.632189
0.662
0.662
0.268963
0.662
0.662
0.662
0.175538
0.0687368
0.304738
0.342298
0.662
0.256063
0.662
0.458679
0.422895
0.662
0.277138
0.662
0.209332
0.662
0.247753
0.662
0.464399
0.17601
0.0467806
0.662
0.30679
0.186767
0.375996
0.662
0.396816
0.017838
0.564864
0.662
0.280519
0.662
0.0606134
0.241099
0.216648
0.605254
0.662
0.35918
0.446051
0.499855
0.662
0.629023
0.287336
0.387408
0.261634
0.358184
0.662
0.0983856
0.662
0.404611
0.0286124
0.662
0.415128
0.317884
0.662
0.262053
0.208383
0.339931
0.662
0.662
0.256558
0.354314
0.078564
0.30251
0.492923
0.371573
0.662
0.265191
0.662
0.662
0.166649
0.459112
0.364326
0.229479
0.113929
0.662
0.662
0.243345
0.153235
0.222038
0.567954
0.662
0.662
0.440429
0.662
0.662
0.240903
0.371715
0.662
0.662
0.662
0.461383
0.662
0.116767
0.111496
0.532843
0.662
0.187143
0.662
0.662
0.40512
0.662
0.338022
0.451289
0.401303
0.361854
0.453098
0.336175
0.318726
0.662
0.472852
0.410203
0.534105
0.34191
0.662
0.662
0.232782
0.418116
0.662
0.0993105
0.120873
0.455811
0.662
0.209856
0.506754
0.662
0.126164
0.180053
0.662
0.662
0.662
0.662
0.476387
0.384288
0.662
0.662
0.527469
0.102747
0.662
0.662
0.522353
0.074317
0.662
0.0260411
0.221591
0.266127
0.424101
0.662
0.460213
0.220225
0.662
0.554245
0.468044
0.381219
0.662
0.556994
0.421632
0.662
0.662
0.224912
0.662
0.445059
0.662
0.662
0.485962
0.187636
0.662
0.419343
0.662
0.662
0.449342
0.201719
0.662
0.109987
0.0882452
0.662
0.170276
0.662
0.662
0.119978
0.38025
0.272043
0.662
0.662
0.662
0.261128
0.477276
0.138744
0.0717896
0.153906
0.662
0.0462394
0.204318
0.662
0.447913
0.462529
0.231521
0.154122
0.662
0.459346
0.00412814
0.249109
0.0947338
0.662
0.00218672
0.662
0.662
0.447404
0.662
0.120242
0.309462
0.379917
0.567901
0.491141
0.346793
0.433296
0.221465
0.355727
0.662
0.620127
0.662
0.330888
0.579233
0.662
0.662
0.353498
0.212043
0.183959
0.206173
0.662
0.561018
0.248102
0.378146
0.302352
0.662
0.462381
0.199388
0.400835
0.311128
0.662
0.542713
0.407692
0.0499896
0.0705074
0.662
0.0713983
0.0228994
0.469254
0.662
0.0896262
0.36805
0.0313174
0.662
0.341804
0.422863
0.662
0.662
0.662
0.371012
0.340066
0.059078
0.318926
0.00565377
0.662
0.4467
0.0901771
0.250832
0.190353
0.662
0.034561
0.236966
0.212317
0.662
0.291835
0.308752
0.313514
0.127299
0.0251107
0.335858
0.346347
0.406163
0.366424
0.415022
0.0650627
0.662
0.0148843
0.289964
0.339199
0.604533
0.208278
0.662
0.662
0.662
0.662
0.249041
0.00573584
0.327157
0.662
0.662
0.399603
0.629103
0.0800407
0.444362
0.0440007
0.116785
0.172178
0.662
0.662
0.662
0.278726
0.662
0.662
0.109441
0.662
0.31446
0.662
0.355045
0.662
0.275669
0.0709339
0.162469
0.211237
0.0596892
0.255036
0.662
0.328912
0.31615
0.484886
0.662
0.199766
0.272334
0.58731
0.662
0.662
0.662
0.662
0.18748
0.475904
0.662
0.662
0.662
0.24988
0.662
0.420854
0.100291
0.10956
0.145388
0.241026
0.276612
0.23805
0.29507
0.422266
0.662
0.41989
0.161227
0.662
0.394067
0.662
0.230033
0.252877
0.662
0.226024
0.515297
0.416973
0.662
0.190141
0.483222
0.0809177
0.662
0.397367
0.662
0.662
0.435889
0.159599
0.662
0.309126
0.662
0.209239
0.662
0.0184547
0.662
0.189275
0.662
0.662
0.662
0.328879
0.662
0.302953
0.41451
0.520404
0.662
0.662
0.225335
0.662
0.281234
0.279016
0.255642
0.438708
0.144108
0.662
0.0490269
0.281968
0.359574
0.662
0.0547816
0.662
0.225103
0.662
0.662
0.318282
0.662
0.466866
0.196303
0.100026
0.420816
0.466464
0.662
0.253223
0.114903
0.662
0.335265
0.662
0.662
0.662
0.662
0.662
0.38807
0.203878
0.662
0.263918
0.00115646
0.602211
0.249364
0.138786
0.0636879
0.662
0.487695
0.245686
0.662
0.662
0.34009
0.185816
0.662
0.662
0.345409
0.0636916
0.220366
0.0378712
0.129898
0.354489
0.662
0.662
0.153969
0.662
0.172496
0.662
0.662
0.662
0.261539
0.662
0.359277
0.39808
0.210929
0.118398
0.662
0.268495
0.50342
0.513957
0.662
0.366893
0.371488
0.0680458
0.662
0.662
0.386898
0.141236
0.131306
0.662
0.662
0.239524
0.304319
0.576247
0.662
0.662
0.143187
0.662
0.388957
0.455115
0.0236629
0.215881
0.15637
0.418413
0.387197
0.364864
0.0730532
0.0934945
0.290425
0.0757898
0.0465785
0.0805227
0.114702
0.662
0.606537
0.662
0.662
0.0702098
0.107484
0.430757
0.524912
0.224745
0.13995
0.662
0.186524
0.187615
0.662
0.662
0.260294
0.357304
0.306994
0.336856
0.119226
0.662
0.418102
0.662
0.402606
0.662
0.313895
0.53667
0.518996
0.170377
0.234384
0.321008
0.305794
0.104421
0.662
0.584119
0.662
0.662
0.0658498
0.208677
0.379562
0.370102
0.491952
0.26439
0.405109
0.489235
0.135769
0.289203
0.581488
0.0547629
0.319292
0.00937676
0.0812961
0.662
0.662
0.320908
0.188323
0.181608
0.194361
0.458985
0.186123
0.662
0.662
0.662
0.535088
0.662
0.400487
0.662
0.324193
0.662
0.662
0.22375
0.662
0.662
0.0255145
0.418402
0.453341
0.662
0.662
0.013384
0.662
0.662
0.0846827
0.662
0.361869
0.0313519
0.102886
0.299149
0.645159
0.662
0.149949
0.361673
0.437701
0.662
0.662
0.0169509
0.586219
0.12859
0.111104
0.243937
0.477497
0.465808
0.346667
0.662
0.249327
0.422545
0.662
0.269348
0.218864
0.444793
0.662
0.662
0.245665
0.18645
0.662
0.662
0.662
0.330411
0.298099
0.359891
0.432981
0.184724
0.406978
0.625226
0.662
0.333047
0.662
0.180536
0.662
0.662
0.629777
0.427532
0.662
0.313827
0.662
0.662
0.428958
0.203838
0.405011
0.662
0.662
0.0105607
0.662
0.336822
0.279234
0.020651
0.595284
0.424991
0.626145
0.662
0.662
0.662
0.415589
0.662
0.228626
0.410354
0.662
0.662
0.49173
0.558511
0.0904249
0.317879
0.178294
0.662
0.175441
0.138537
0.0851154
0.662
0.0404631
0.517058
0.296572
0.0394055
0.126021
0.047579
0.662
0.226215
0.662
0.178949
0.24924
0.218215
0.369967
0.21402
0.284578
0.451653
0.662
0.160685
0.662
0.169113
0.245086
0.241599
0.662
0.573828
0.109883
0.662
0.662
0.662
0.26766
0.466948
0.360524
0.0189561
0.662
0.222833
0.662
0.662
0.388071
0.662
0.0138509
0.158361
0.00931544
0.662
0.270163
0.00974252
0.662
0.662
0.105841
0.617669
0.451443
0.152364
0.662
0.49465
0.427306
0.344811
0.101632
0.0259716
0.662
0.662
0.375693
0.20159
0.087501
0.662
0.196281
0.662
0.410399
0.662
0.662
0.0857799
0.662
0.402864
0.653138
0.0444562
0.662
0.333491
0.460783
0.178051
0.662
0.428616
0.154833
0.621463
0.289811
0.662
0.0217574
0.553176
0.127127
0.662
0.3079
0.312347
0.662
0.418738
0.662
0.388939
0.297955
0.662
0.0177561
0.601184
0.228418
0.662
0.279335
0.188316
0.373132
0.332709
0.309153
0.11538
0.229172
0.662
0.662
0.662
0.104883
0.32302
0.37143
0.662
0.288652
0.104282
0.289647
0.0661965
0.0406533
0.662
0.662
0.662
0.307547
0.0415486
0.662
0.662
0.0574039
0.432256
0.044577
0.261049
0.474369
0.662
0.290928
0.593793
0.230113
0.662
0.662
0.264197
0.662
0.224821
0.586447
0.361627
0.0121821
0.253192
0.302989
0.0539827
0.219913
0.597652
0.136774
0.183944
0.587395
0.662
0.0662004
0.662
0.662
0.662
0.662
0.276769
0.482067
0.585664
0.134595
0.176052
0.00490461
0.304524
0.662
0.169026
0.284176
0.662
0.662
0.662
0.662
0.662
0.24188
0.00304556
0.023041
0.468276
0.662
0.207728
0.311583
0.467973
0.507453
0.662
0.366377
0.213671
0.325314
0.0247908
0.162377
0.428963
0.163443
0.662
0.35138
0.501236
0.0987957
0.471576
0.478516
0.360224
0.461747
0.407495
0.662
0.662
0.382046
0.201611
0.382427
0.19041
0.158721
0.662
0.396656
0.662
0.284257
0.662
0.662
0.662
0.334184
0.662
0.662
0.419747
0.166113
0.125078
0.38183
0.662
0.662
0.423451
0.662
0.338632
0.662
0.334072
0.3646
0.194707
0.304267
0.662
0.0535596
0.156545
0.40117
0.16501
0.564292
0.662
0.439862
0.156416
0.451895
0.490139
0.452321
0.3276
0.471107
0.662
0.481502
0.114718
0.186418
0.662
0.186411
0.0505693
0.137907
0.662
0.174507
0.662
0.662
0.662
0.0159535
0.00279757
0.662
0.662
0.340039
0.0963959
0.271147
0.130031
0.145624
0.662
0.194602
0.395634
0.612826
0.662
0.374312
0.116511
0.662
0.057919
0.398396
0.662
0.159336
0.140856
0.184209
0.528827
0.34522
0.0557835
0.662
0.662
0.100179
