0.45999
0.662
0.273302
0.0508605
0.662
0.662
0.141113
0.287891
0.662
0.662
0.368921
0.0202641
0.433516
0.614647
0.662
0.459962
0.662
0.662
0.0603409
0.524146
0.580429
0.467578
0.662
0.00964761
0.513811
0.388642
0.105589
0.662
0.0639585
0.662
0.0186662
0.662
0.310765
0.662
0.662
0.493814
0.662
0.456572
0.662
0.382925
0.461789
0.662
0.662
0.0820396
0.400089
0.662
0.561228
0.15656
0.549314
0.364989
0.437365
0.662
0.662
0.340857
0.662
0.239118
0.00675111
0.662
0.308773
0.662
0.662
0.662
0.475439
0.190939
0.0667682
0.662
0.662
0.115413
0.295868
0.126628
0.662
0.57027
0.241758
0.536865
0.632905
0.662
0.193479
0.0229225
0.196883
0.662
0.355081
0.662
0.662
0.507299
0.319099
0.662
0.100589
0.626784
0.662
0.225706
0.197474
0.662
0.543806
0.459483
0.114508
0.662
0.422308
0.662
0.425545
0.662
0.662
0.662
0.662
0.236703
0.389507
0.312246
0.483639
0.481162
0.629763
0.5982
0.0612943
0.662
0.413676
0.662
0.547602
0.359448
0.476607
0.0425556
0.262302
0.233548
0.409957
0.244937
0.12363
0.436895
0.224221
0.18546
0.399916
0.166664
0.642564
0.437644
0.662
0.221594
0.369068
0.170877
0.642382
0.291633
0.662
0.662
0.311877
0.420342
0.150815
0.0031754
0.376319
0.59587
0.662
0.601511
0.662
0.187667
0.662
0.662
0.662
0.427217
0.0553159
0.440688
0.662
0.662
0.662
0.472105
0.36137
0.662
0.662
0.256595
0.0433646
0.372254
0.662
0.662
0.662
0.399134
0.112276
0.662
0.662
0.662
0.115231
0.629133
0.440343
0.600894
0.36959
0.50325
0.662
0.662
0.662
0.4432
0.216669
0.662
0.234693
0.20836
0.662
0.662
0.526517
0.601509
0.508267
0.662
0.319965
0.662
0.662
0.662
0.662
0.662
0.314844
0.465786
0.662
0.569567
0.662
0.162431
0.482666
0.662
0.293421
0.641549
0.662
0.20861
0.662
0.308353
0.114844
0.441127
0.662
0.631398
0.662
0.26178
0.311354
0.662
0.276517
0.662
0.662
0.387854
0.259424
0.355189
0.324243
0.19056
0.262423
0.154792
0.662
0.607435
0.662
0.020472
0.133576
0.081484
0.662
0.0639358
0.662
0.662
0.662
0.568744
0.662
0.18056
0.453169
0.279946
0.537537
0.29808
0.662
0.547321
0.256113
0.662
0.662
0.662
0.662
0.565262
0.613992
0.244253
0.662
0.662
0.361734
0.545975
0.662
0.200413
0.542652
0.185421
0.189851
0.0563529
0.568765
0.6494
0.476461
0.662
0.183716
0.363731
0.279675
0.650448
0.0424604
0.662
0.356692
0.266329
0.662
0.662
0.464051
0.06905
0.662
0.340674
0.327883
0.662
0.662
0.662
0.421221
0.638944
0.662
0.662
0.254749
0.662
0.374029
0.438327
0.11437
0.238486
0.530341
0.361226
0.662
0.465306
0.0172293
0.137714
0.662
0.174515
0.460671
0.662
0.126628
0.662
0.662
0.26488
0.662
0.20971
0.338711
0.497149
0.372892
0.223624
0.405275
0.662
0.662
0.652652
0.159405
0.662
0.662
0.448334
0.617175
0.662
0.417849
0.469175
0.435769
0.462396
0.662
0.0115534
0.586949
0.662
0.662
0.214504
0.0713097
0.662
0.449959
0.105685
0.595024
0.203654
0.137587
0.271652
0.662
0.308422
0.391689
0.662
0.662
0.220321
0.223736
0.662
0.281167
0.332208
0.254326
0.662
0.305018
0.662
0.363997
0.293835
0.481441
0.247232
0.662
0.662
0.662
0.382272
0.137962
0.253816
0.662
0.662
0.083244
0.412563
0.305053
0.198308
0.312965
0.189708
0.16154
0.12438
0.662
0.326812
0.259768
0.298597
0.662
0.662
0.605453
0.662
0.442814
0.662
0.662
0.41859
0.477954
0.662
0.226367
0.225561
0.662
0.632343
0.509485
0.662
0.342735
0.464046
0.162484
0.662
0.118248
0.652367
0.662
0.44197
0.252712
0.118242
0.662
0.662
0.662
