0.662
0.662
0.662
0.662
0.235157
0.662
0.662
0.662
0.662
0.357488
0.303583
0.346645
0.227864
0.662
0.253143
0.112332
0.283934
0.662
0.231366
0.210585
0.662
0.662
0.206278
0.662
0.0867407
0.215337
0.459704
0.662
0.440303
0.0157609
0.265231
0.662
0.232909
0.662
0.397592
0.662
0.662
0.448382
0.662
0.662
0.662
0.0945943
0.375064
0.662
0.426417
0.349121
0.123643
0.24368
0.189523
0.112791
0.650192
0.662
0.123733
0.181929
0.662
0.662
0.662
0.210571
0.392907
0.436899
0.662
0.178634
0.239032
0.358747
0.368215
0.662
0.2261
0.224194
0.662
0.0545621
0.413381
0.662
0.206123
0.286039
0.268749
0.662
0.523899
0.662
0.662
0.453206
0.609231
0.662
0.396293
0.491232
0.662
0.310369
0.519438
0.662
0.662
0.269549
0.118145
0.662
0.230339
0.324211
0.0344834
0.662
0.619173
0.662
0.290184
0.205107
0.662
0.215425
0.503471
0.385015
0.662
0.426771
0.662
0.662
0.662
0.448956
0.0396752
0.662
0.393735
0.0919486
0.329124
0.662
0.438803
0.30999
0.0440846
0.225684
0.662
0.451213
0.12858
0.138364
0.0421788
0.388892
0.27322
0.0646696
0.662
0.405847
0.489377
0.662
0.45645
0.252494
0.0276603
0.662
0.396737
0.112637
0.431664
0.171339
0.581434
0.0609164
0.246529
0.662
0.662
0.194738
0.662
0.323266
0.662
0.662
0.662
0.502619
0.189146
0.662
0.30603
0.333942
0.0752363
0.662
0.662
0.26778
0.445127
0.324487
0.662
0.525129
0.662
0.662
0.662
0.119631
0.521754
0.662
0.662
0.343519
0.662
0.036206
0.0683308
0.230722
0.0126062
0.662
0.167851
0.341922
0.368389
0.546957
0.662
0.662
0.662
0.662
0.662
0.58783
0.662
0.662
0.185375
0.662
0.662
0.166832
0.662
0.256007
0.662
0.516445
0.432295
0.126794
0.543837
0.453495
0.188937
0.662
0.137743
0.0858782
0.0289515
0.150257
0.662
0.662
0.266122
0.662
0.662
0.0413786
0.662
0.267422
0.662
0.334493
0.099363
0.355415
0.166804
0.348634
0.443826
0.0518875
0.106859
0.192257
0.0550338
0.662
0.454734
0.662
0.431149
0.396487
0.470695
0.289754
0.121888
0.0717595
0.187143
0.193256
0.662
0.236246
0.662
0.327198
0.224236
0.00867394
0.662
0.376449
0.0221785
0.407143
0.421256
0.235182
0.392355
0.662
0.220376
0.662
0.152893
0.662
0.144485
0.00439337
0.169127
0.662
0.662
0.542778
0.662
0.0351087
0.321622
0.136141
0.572868
0.441589
0.123293
0.662
0.118367
0.662
0.327022
0.350298
0.265737
0.662
0.662
0.12235
0.662
0.185539
0.662
0.00237327
0.662
0.0248193
0.247919
0.662
0.457858
0.662
0.662
0.662
0.662
0.662
0.44299
0.190785
0.0891875
0.662
0.325559
0.662
0.431946
0.462863
0.232709
0.242851
0.555367
0.662
0.662
0.188251
0.438606
0.403184
0.662
0.260697
0.0620921
0.284318
0.386789
0.662
0.662
0.207305
0.662
0.662
0.0222859
0.662
0.466698
0.662
0.243081
0.662
0.566447
0.148241
0.662
0.610845
0.662
0.662
0.479247
0.662
0.662
0.213506
0.193822
0.104072
0.456479
0.201492
0.434724
0.0724291
0.662
0.57168
0.662
0.662
0.555124
0.13201
0.138863
0.17582
0.604533
0.208278
0.662
0.0218551
0.662
0.662
0.662
0.590562
0.0629601
0.211385
0.0440275
0.271651
0.14081
0.662
0.662
0.662
0.416084
0.408615
0.0828575
0.662
0.0153163
0.265435
0.662
0.243764
0.290391
0.102429
0.0926848
0.396816
0.384232
0.0725511
0.0461607
0.662
0.320639
0.662
0.662
0.114351
0.056042
0.267689
0.174123
0.385231
0.158641
0.133318
0.286417
0.447753
0.662
0.576247
0.276017
0.408867
0.614174
0.284229
0.662
0.662
0.662
0.662
0.206726
0.118109
0.0299928
0.160772
0.243588
0.212742
0.100558
0.662
0.662
0.311109
0.257978
0.173931
0.0977798
0.662
0.218371
0.211054
0.170368
0.662
0.499315
0.662
0.662
0.459319
0.383185
0.662
0.244921
0.662
0.478898
0.466801
0.662
0.662
0.328777
0.275387
0.662
0.662
0.662
0.31503
0.662
0.462829
0.454687
0.523755
0.662
0.445442
0.568111
0.662
0.00905397
0.662
0.662
0.16947
0.197134
0.277087
0.662
0.18156
0.140774
0.642648
0.662
0.662
0.662
0.394439
0.212769
0.309955
0.427901
0.354944
0.186569
0.662
0.457431
0.662
0.662
0.662
0.662
0.359179
0.364908
0.209286
0.216539
0.388635
0.205247
0.335183
0.662
0.214394
0.180024
0.662
0.662
0.00799515
0.662
0.457579
0.662
0.353814
0.094899
0.662
0.601704
0.22072
0.263708
0.220258
0.535872
0.662
0.235481
0.662
0.662
0.662
0.638132
0.0224583
0.344188
0.546258
0.371653
0.232669
0.34548
0.237886
0.662
0.662
0.662
0.662
0.662
0.597967
0.662
0.151408
0.662
0.662
0.662
0.577269
0.486487
0.662
0.475921
0.322774
0.0160959
0.662
0.662
0.662
0.179209
0.294569
0.244534
0.47691
0.34112
0.662
0.0904972
0.662
0.297163
0.115579
0.662
0.662
0.662
0.46809
0.662
0.0211091
0.325196
0.221219
0.662
0.662
0.662
0.364755
0.000102999
0.189982
0.130955
0.357188
0.36968
0.662
0.465964
0.0553088
0.0204959
0.199007
0.0535596
0.662
0.0856968
0.662
0.662
0.242088
0.141161
0.267353
0.662
0.662
0.662
0.662
0.662
0.0702245
0.662
0.583896
0.392614
0.662
0.662
0.662
0.427027
0.358558
0.451957
0.0772662
0.0091737
0.400049
0.662
0.662
0.365974
0.239813
0.18629
0.662
0.370057
0.662
0.662
0.334595
0.483162
0.662
0.662
0.427285
0.0328954
0.210925
0.662
0.662
0.662
0.199032
0.288441
0.501236
0.315094
0.351486
0.662
0.294268
0.662
0.662
0.33643
0.662
0.493005
0.0752256
0.530701
0.208547
0.172911
0.425969
0.119365
0.662
0.196588
0.662
0.662
0.479719
0.0523567
0.408053
0.662
0.40137
0.234136
0.662
0.490122
0.316049
0.662
0.149188
0.108314
0.662
0.434628
0.252112
0.193905
0.662
0.662
0.268637
0.467623
0.0964722
0.240392
0.662
0.280045
0.662
0.11231
0.0732506
0.662
0.662
0.0342422
0.206045
0.350886
0.662
0.302887
0.0792767
0.662
0.593185
0.39799
0.662
0.471541
0.494999
0.192655
0.129003
0.326311
0.662
0.322298
0.261161
0.662
0.235829
0.205658
0.29534
0.0513296
0.266375
0.662
0.662
0.662
0.442255
0.137095
0.189598
0.357543
0.662
0.662
0.662
0.662
0.439568
0.453127
0.229934
0.662
0.319441
0.208407
0.0717636
0.662
0.662
0.0512447
0.662
0.662
0.135182
0.252867
0.536077
0.171084
0.245086
0.41659
0.315988
0.196042
0.0231583
0.0152691
0.405011
0.138985
0.597652
0.159225
0.662
0.124252
0.011245
0.245469
0.122188
0.300191
0.116664
0.662
0.261758
0.0282366
0.662
0.0996702
0.197715
0.662
0.662
0.258783
0.439799
0.662
0.317809
0.401136
0.446028
0.662
0.593793
0.104452
0.380097
0.195821
0.00130518
0.185958
0.379134
0.207628
0.252917
0.470178
0.43423
0.234197
0.471787
0.591647
0.165945
0.395006
0.121992
0.0823108
0.662
0.206112
0.483321
0.425621
0.475106
0.662
0.475575
0.234169
0.146202
0.662
0.155851
0.662
0.0927788
0.392356
0.239674
0.662
0.616089
0.205203
0.662
0.0908833
0.321966
0.336779
0.662
0.662
0.662
0.662
0.226146
0.0488206
0.662
0.24204
0.0404042
0.189089
0.587321
0.185788
0.231837
0.662
0.662
0.662
0.662
0.0411805
0.196357
0.191961
0.662
0.10873
0.59687
0.342941
0.662
0.244099
0.367295
0.662
0.662
0.609664
0.662
0.533365
0.376309
0.662
0.662
0.120423
0.662
0.0527521
0.662
0.245
0.433706
0.180253
0.662
0.0577935
0.342163
0.0776208
0.662
0.662
0.564994
0.245829
0.264839
0.379151
0.357318
0.0139146
0.662
0.217793
0.225025
0.662
0.627623
0.382818
0.238078
0.315139
0.662
0.662
0.172906
0.188067
0.662
0.452917
0.177246
0.36731
0.662
0.168306
0.662
0.372877
0.662
0.662
0.662
0.138562
0.662
0.41848
0.662
0.239936
0.474363
0.662
0.662
0.597105
0.662
0.473861
0.212805
0.662
0.145015
0.312688
0.662
0.662
0.662
0.248005
0.233416
0.11372
0.270321
0.662
0.186598
0.1446
0.051408
0.0373366
0.465186
0.0543151
0.195778
0.175358
0.662
0.132816
0.545501
0.662
0.29699
0.274112
0.402905
0.662
0.33068
0.255625
0.225391
0.662
0.511891
0.662
0.10202
0.159818
0.662
0.168843
0.662
0.662
0.171526
0.662
0.662
0.662
0.0791778
0.662
0.38807
0.662
0.662
0.242552
0.261564
0.662
0.662
0.662
0.662
0.65388
0.662
0.662
0.662
0.574614
0.255358
0.409848
0.662
0.443133
0.662
0.578062
0.408133
0.228181
0.216719
0.662
0.235856
0.42133
0.662
0.0512058
0.367062
0.662
0.662
0.662
0.360778
0.662
0.0664983
0.327918
0.170635
0.311463
0.412784
0.662
0.0931764
0.342187
0.467876
0.0562965
0.409237
0.662
0.662
0.662
0.662
0.662
0.234146
0.277399
0.662
0.662
0.662
0.662
0.126863
0.662
0.617131
0.662
0.208212
0.662
0.37053
0.662
0.662
0.0380506
0.293049
0.154052
0.662
0.304046
0.32938
0.259186
0.135759
0.662
0.553932
0.441178
0.125283
0.339082
0.662
0.362402
0.662
0.218868
0.537062
0.662
0.662
0.577143
0.0640395
0.0326949
0.662
0.142593
0.662
0.662
0.662
0.19399
0.662
0.282359
0.662
0.662
0.166999
0.187531
0.662
0.662
0.662
0.662
0.662
0.662
0.286039
0.232793
0.323418
0.662
0.662
0.579234
0.113221
0.662
0.155493
0.214864
0.662
0.270696
0.237947
0.297947
0.242859
0.662
0.662
0.301098
0.294304
0.662
0.217733
0.622964
0.430846
0.36027
0.376278
0.472759
0.662
0.248733
0.0892519
0.662
0.386792
0.0665237
0.446537
0.567546
0.593489
0.627231
0.662
0.662
0.335536
0.168719
0.486594
0.372088
0.546462
0.0253652
0.0885763
0.246242
0.202022
0.149949
0.662
0.194978
0.372578
0.662
0.327458
0.402349
0.662
0.662
0.306788
0.124912
0.662
0.187206
0.662
0.662
0.271147
0.130031
0.662
0.483109
0.662
0.406805
0.343554
0.448683
0.246335
0.29167
0.179094
0.662
0.662
0.662
0.393435
0.443125
0.554774
0.662
0.662
0.359102
0.367129
0.662
0.122483
0.440744
0.161482
0.484472
0.662
0.0680458
0.662
0.662
0.662
0.662
0.276728
0.216137
0.131807
0.317159
0.16483
0.662
0.181173
0.511634
0.662
0.263111
0.557659
0.662
0.440216
0.375993
0.150802
0.147643
0.352748
0.662
0.662
0.299016
0.662
0.662
0.167078
0.171979
0.40539
0.588364
0.55539
0.228486
0.662
0.0597582
0.195841
0.241392
0.38055
0.662
0.662
0.322735
0.662
0.437039
0.595285
0.0462083
0.297336
0.404415
0.662
0.280958
0.662
0.662
0.512573
0.662
0.149463
0.264824
0.658563
0.256179
0.662
0.0264957
0.427506
0.662
0.662
0.24558
0.0464936
0.662
0.662
0.443406
0.662
0.191833
0.205459
0.270473
0.167473
0.103279
0.18748
0.236829
0.361349
0.477795
0.232308
0.662
0.247482
0.304895
0.34933
0.662
0.662
0.271271
0.248925
0.190967
0.293506
0.662
0.211146
0.385727
0.386724
0.311583
0.0352254
0.662
0.135969
0.662
0.662
0.662
0.662
0.662
0.662
0.361693
0.478813
0.0875029
0.662
0.333664
0.388559
0.161909
0.155853
0.407436
0.56619
0.0901611
0.434137
0.662
0.659848
0.618686
0.129547
0.662
0.623085
0.198013
0.256641
0.159706
0.0523448
0.633694
0.662
0.662
0.360166
0.0622481
0.662
0.662
0.662
0.662
0.590092
0.225443
0.458641
0.294515
0.399215
0.363559
0.10412
0.0643194
0.222457
0.383484
0.412838
0.662
0.662
0.662
0.201674
0.662
0.175544
0.0311648
0.662
0.425717
0.662
0.536403
0.183071
0.662
0.662
0.662
0.662
0.609323
0.471948
0.393309
0.631188
0.0622981
0.416439
0.576532
0.206297
0.0867595
0.662
0.662
0.662
0.662
0.662
0.462242
0.31713
0.459199
0.662
0.08987
0.662
0.0297267
0.313981
0.143081
0.538252
0.224207
0.374928
0.469719
0.243403
0.662
0.360168
0.450069
0.662
0.662
0.662
0.662
0.208414
0.662
0.261146
0.267358
0.662
0.269925
0.156834
0.662
0.068476
0.0160978
0.206624
0.662
0.195412
0.558459
0.145875
0.0259775
0.662
0.338753
0.114619
0.662
0.334158
0.00239227
0.136214
0.662
0.386491
0.662
0.303785
0.312822
0.308634
0.2534
0.662
0.33028
0.662
0.662
0.662
0.26966
0.662
0.241617
0.347508
0.273977
0.315013
0.171352
0.0166075
0.662
0.332221
0.430723
0.0611798
0.435315
0.069586
0.17931
0.662
0.173958
0.662
0.333476
0.662
0.662
0.662
0.220223
0.426921
0.21174
0.399969
0.662
0.155496
0.662
0.296115
0.662
0.336155
0.662
0.662
0.190667
0.662
0.662
0.662
0.254405
0.301128
0.20044
0.285424
0.262312
0.542161
0.662
0.00777933
0.209207
0.581404
0.662
0.662
0.0607394
0.309094
0.263657
0.364929
0.247922
0.662
0.0234997
0.662
0.662
0.524326
0.662
0.0480855
0.143605
0.662
0.269698
0.662
0.662
0.662
0.0113248
0.662
0.662
0.662
0.470312
0.662
0.207816
0.662
0.417783
0.312551
0.243784
0.662
0.195146
0.469955
0.662
0.662
0.0857216
0.00551212
0.0918757
0.63259
0.0799203
0.662
0.662
0.662
0.264316
0.662
0.0491387
0.662
0.662
0.401007
0.662
0.662
0.662
0.662
0.468427
0.662
0.195343
0.662
0.652827
0.412737
0.234277
0.662
0.402346
0.28154
0.270053
0.662
0.662
0.662
0.112715
0.242632
0.429722
0.419497
0.662
0.662
0.662
0.662
0.415467
0.488817
0.643656
0.105382
0.483969
0.0927206
0.343238
0.662
0.662
0.662
0.662
0.172387
0.00373903
0.235471
0.534304
0.449978
0.149725
0.662
0.444858
0.662
0.110009
0.394354
0.390368
0.438327
0.182315
0.662
0.662
0.662
0.662
0.173699
0.272879
0.357231
0.295487
0.574621
0.538678
0.246638
0.19044
0.662
0.45781
0.219019
0.0909917
0.662
0.330577
0.384498
0.205642
0.662
0.662
0.321578
0.386478
0.184963
0.662
0.158944
0.662
0.662
0.662
0.662
0.335926
0.662
0.424066
0.590561
0.662
0.662
0.144807
0.662
0.662
0.662
0.390545
0.274809
0.662
0.662
0.416631
0.62173
0.446969
0.662
0.204318
0.662
0.459952
0.662
0.662
0.272297
0.662
0.662
0.662
0.662
0.662
0.0668386
0.662
0.662
0.324523
0.662
0.662
0.662
0.662
0.662
0.662
0.46151
0.229683
0.662
0.519343
0.662
0.262466
0.248003
0.359232
0.397863
0.236862
0.655378
0.467284
0.235865
0.662
0.395112
0.662
0.662
0.00112874
0.15236
0.662
0.662
0.207662
0.662
0.269005
0.387073
0.200639
0.662
0.0245734
0.662
0.662
0.662
0.348327
0.662
0.254349
0.326288
0.273685
0.0682041
0.198451
0.662
0.474591
0.662
0.166192
0.662
0.0197552
0.118937
0.059415
0.11878
0.258458
0.249393
0.428754
0.662
0.662
0.292226
0.662
0.186114
0.662
0.662
0.662
0.662
0.662
0.662
0.242396
0.662
0.63223
0.108909
0.620714
0.662
0.103981
0.0204423
0.662
0.662
0.0294018
0.662
0.452807
0.225103
0.662
0.199002
0.227803
0.43007
0.0441163
0.0240937
0.148964
0.32973
0.662
0.239592
0.662
0.284327
0.618391
0.186602
0.662
0.109548
0.662
0.0983683
0.213543
0.197006
0.662
0.276555
0.662
0.662
0.378289
0.662
0.0794326
0.298637
0.0440007
0.662
0.178746
0.597211
0.662
0.196489
0.293025
0.662
0.485419
0.662
0.662
0.00304556
0.662
0.662
0.328781
0.378286
0.413476
0.20813
0.0451037
0.0713606
0.241099
0.216648
0.662
0.189275
0.662
0.662
0.427126
0.662
0.662
0.0413955
0.332381
0.662
0.209456
0.662
0.223283
0.662
0.474819
0.464349
0.662
0.662
0.662
0.245198
0.52397
0.243861
0.404053
0.417807
0.0674504
0.157541
0.290692
0.00242889
0.662
0.662
0.25531
0.220486
0.0827372
0.584668
0.662
0.0805227
0.351332
0.662
0.662
0.662
0.189311
0.124952
0.662
0.206091
0.490858
0.662
0.196752
0.158486
0.188654
0.662
0.177363
0.235377
0.358627
0.420312
0.662
0.196964
0.662
0.345191
0.662
0.662
0.662
0.285796
0.31232
0.195434
0.182371
0.0839994
0.215679
0.017767
0.662
0.662
0.662
0.267363
0.662
0.662
0.431182
0.662
0.662
0.662
0.662
0.316904
0.662
0.237024
0.354025
0.292138
0.274349
0.339634
0.36886
0.662
0.662
0.32754
0.401123
0.229636
0.0361619
0.662
0.236687
0.662
0.431587
0.628382
0.290331
0.557116
0.662
0.3503
0.478391
0.662
0.662
0.484
0.662
0.059078
0.187695
0.662
0.236227
0.535842
0.662
0.662
0.160831
0.277336
0.662
0.456846
0.662
0.44872
0.112796
0.450121
0.29073
0.114488
0.319135
0.255341
0.662
0.662
0.358715
0.662
0.662
0.358324
0.197013
0.194537
0.662
0.0158906
0.662
0.662
0.0796624
0.481573
0.662
0.266787
0.662
0.212267
0.212985
0.441807
0.137076
0.662
0.222903
0.195436
0.395668
0.662
0.662
0.662
0.207695
0.337838
0.0785994
0.542778
0.662
0.438101
0.278115
0.0768834
0.662
0.0740165
0.18832
0.658327
0.435008
0.366802
0.480082
0.0922037
0.0313519
0.240163
0.404356
0.662
0.662
0.2179
0.200162
0.00148546
0.505958
0.662
0.333113
0.213683
0.411364
0.289647
0.662
0.147474
0.662
0.662
0.371671
0.662
0.0926837
0.662
0.662
0.432906
0.25407
0.662
0.662
0.151961
0.195411
0.566284
0.324642
0.662
0.662
0.120094
0.662
0.138786
0.313322
0.532966
0.662
0.247567
0.416529
0.222858
0.662
0.53071
0.382646
0.611179
0.471675
0.662
0.662
0.233461
0.389964
0.30989
0.217107
0.662
0.662
0.0848212
0.662
0.0697666
0.196479
0.110303
0.662
0.0292311
0.662
0.0222328
0.473899
0.449913
0.662
0.0486612
0.205582
0.00835299
0.149294
0.261062
0.354349
0.645385
0.662
0.421023
0.113813
0.451943
0.30569
0.401484
0.284768
0.395582
0.269664
0.351196
0.00582375
0.383876
0.662
0.453798
0.662
0.662
0.662
0.662
0.332815
0.175425
0.27665
0.662
0.432837
0.46598
0.278018
0.353509
0.662
0.227819
0.119212
0.662
0.662
0.249681
0.0565714
0.662
0.662
0.398157
0.662
0.2069
0.00442891
0.0905259
0.260703
0.141191
0.189915
0.662
0.662
0.662
0.622044
0.662
0.662
0.657356
0.249185
0.662
0.198328
0.662
0.662
0.662
0.384499
0.529582
0.387446
0.662
0.662
0.00809201
0.662
0.160151
0.120613
0.251639
0.117828
0.47934
0.151296
0.15281
0.662
0.183684
0.321239
0.302796
0.303701
0.662
0.662
0.185114
0.662
0.281838
0.0466032
0.662
0.188323
0.357799
0.662
0.662
0.662
0.204788
0.662
0.662
0.662
0.662
0.662
0.206941
0.662
0.238891
0.662
0.291428
0.334477
0.662
0.662
0.662
0.662
0.662
0.441584
0.101031
0.301748
0.50868
0.662
0.454463
0.00160207
0.662
0.1956
0.662
0.119366
0.151484
0.461339
0.217386
0.662
0.201719
0.662
0.24396
0.662
0.297662
0.25164
0.361349
0.271256
0.662
0.587247
0.439338
0.662
0.188792
0.662
0.662
0.662
0.662
0.445763
0.662
0.307401
0.101382
0.662
0.662
0.0559079
0.439453
0.662
0.662
0.327496
0.662
0.662
0.662
0.349184
0.662
0.662
0.342105
0.31926
0.235357
0.662
0.271305
0.055153
0.459003
0.662
0.24673
0.101348
0.662
0.367615
0.330572
0.292103
0.662
0.222858
0.305095
0.33663
0.425591
0.662
0.662
0.106049
0.330411
0.142172
0.662
0.42168
0.262797
0.662
0.662
0.662
0.301183
0.370072
0.274178
0.662
0.0731485
0.662
0.197951
0.191607
0.662
0.359436
0.662
0.431478
0.662
0.662
0.662
0.236622
0.303385
0.441103
0.662
0.586503
0.584847
0.662
0.662
0.662
0.662
0.662
0.490093
0.662
0.183905
0.298646
0.176191
0.662
0.422609
0.0477849
0.473459
0.286609
0.662
0.291125
0.662
0.0126155
0.662
0.662
0.662
0.662
0.662
0.15039
0.527143
0.534566
0.662
0.662
0.662
0.0331769
0.662
0.223601
0.662
0.250641
0.55082
0.662
0.352042
0.662
0.662
0.439945
0.0953223
0.183076
0.166322
0.662
0.461328
0.197662
0.662
0.662
0.662
0.0505085
0.662
0.662
0.194637
0.662
0.270909
0.662
0.108921
0.662
0.439293
0.662
0.466629
0.125042
0.662
0.662
0.662
0.12909
0.354778
0.662
0.662
0.186501
0.480214
0.235387
0.662
0.197897
0.662
0.662
0.212724
0.129163
0.662
0.219549
0.662
0.662
0.662
0.268209
0.662
0.354215
0.148108
0.662
0.355463
0.533759
0.197424
0.662
0.476441
0.662
0.267998
0.243944
0.3605
0.662
0.157541
0.182879
0.20826
0.479347
0.662
0.337844
0.364721
0.662
0.0370133
0.365927
0.226577
0.599345
0.597582
0.390018
0.317962
0.100031
0.393961
0.252939
0.662
0.27594
0.190428
0.662
0.662
0.465303
0.662
0.662
0.02392
0.662
0.395113
0.429498
0.29305
0.0235288
0.662
0.662
0.196644
0.285281
0.662
0.180477
0.202723
0.220042
0.220005
0.662
0.342288
0.0434887
0.662
0.205383
0.042552
0.00988115
0.337955
0.662
0.0579768
0.453697
0.662
0.198188
0.662
0.22821
0.662
0.0218194
0.462448
0.662
0.582824
0.650995
0.410908
0.662
0.417766
0.662
0.342547
0.662
0.662
0.173435
0.223737
0.023202
0.662
0.336379
0.662
0.662
0.197991
0.0551247
0.122738
0.662
0.182875
0.662
0.0908953
0.662
0.662
0.181819
0.662
0.414016
0.662
0.662
0.268786
0.12982
0.662
0.369967
0.662
0.26089
0.305203
0.109225
0.0456056
0.275588
0.662
0.420112
0.656657
0.240284
0.288925
0.662
0.426751
0.476365
0.662
0.366637
0.662
0.297942
0.0668289
0.662
0.662
0.267646
0.409273
0.662
0.662
0.492636
0.105466
0.662
0.662
0.662
0.662
0.0163094
0.297179
0.320585
0.170768
0.00342766
0.662
0.372105
0.662
0.662
0.226376
0.233611
0.497765
0.662
0.662
0.45293
0.661716
0.29497
0.197125
0.662
0.24792
0.662
0.662
0.499783
0.373655
0.662
0.662
0.211333
0.325655
0.1061
0.662
0.0591729
0.222551
0.662
0.0923483
0.662
0.00394554
0.422236
0.427967
0.550119
0.0723285
0.394422
0.379119
0.436481
0.662
0.647548
0.424524
0.662
0.0352054
0.103721
0.662
0.507506
0.662
0.0680004
0.131847
0.520006
0.357216
0.662
0.286057
0.209313
0.662
0.160957
0.2165
0.196586
0.662
0.662
0.568513
0.380119
0.420632
0.0719617
0.216842
0.662
0.19851
0.662
0.225371
0.662
0.662
0.330888
0.662
0.662
0.54074
0.662
0.662
0.462097
0.662
0.662
0.146311
0.662
0.281659
0.134056
0.0379662
0.662
0.662
0.662
0.216526
0.662
0.212355
0.61076
0.216167
0.662
0.662
0.662
0.462845
0.662
0.662
0.352639
0.0171421
0.2634
0.662
0.290117
0.662
0.662
0.374729
0.662
0.455198
0.448687
0.662
0.448681
0.662
0.228341
0.121572
0.41965
0.662
0.662
0.662
0.104105
0.622466
0.47164
0.102747
0.662
0.393396
0.263438
0.662
0.662
0.520636
0.336183
0.662
0.662
0.662
0.662
0.662
0.238613
0.347989
0.199804
0.100161
0.109712
0.202634
0.662
0.662
0.407915
0.193785
0.662
0.662
0.196281
0.662
0.662
0.662
0.411045
0.62806
0.662
0.0271427
0.098155
0.141521
0.159027
0.446763
0.219785
0.662
0.662
0.0906138
0.662
0.662
0.196947
0.228883
0.53843
0.194243
0.375553
0.662
0.349563
0.555673
0.123359
0.662
0.466768
0.111164
0.662
0.593792
0.662
0.18576
0.0175911
0.167957
0.456475
0.662
0.454872
0.662
0.24192
0.442543
0.283221
0.160761
0.268544
0.129266
0.199712
0.342474
0.448804
0.348835
0.304916
0.47054
0.0563159
0.0248957
0.662
0.662
0.651119
0.662
0.218864
0.662
0.378717
0.662
0.501831
0.662
0.447042
0.662
0.662
0.470582
0.0862581
0.388071
0.59158
0.662
0.411282
0.662
0.320142
0.224895
0.365698
0.444119
0.411732
0.285889
0.541644
0.662
0.662
0.122492
0.173409
0.198211
0.390351
0.354332
0.662
0.456054
0.189898
0.54966
0.662
0.377907
0.0970804
0.442354
0.14659
0.416592
0.341764
0.662
0.662
0.250461
0.207202
0.173023
0.343099
0.662
0.662
0.121546
0.187196
0.0219033
0.207057
0.361711
0.246169
0.475077
0.662
0.394236
0.391077
0.115621
0.662
0.00400752
0.58236
0.662
0.662
0.376778
0.235584
0.662
0.139149
0.317131
0.468892
0.15282
0.543994
0.0163533
0.34009
0.304102
0.492581
0.0724432
0.167692
0.159021
0.662
0.180053
0.655006
0.662
0.126475
0.0219076
0.662
0.662
0.100147
0.662
0.462529
0.662
0.012703
0.43319
0.662
0.410264
0.19426
0.0495747
0.317454
0.148503
0.159647
0.310528
0.0828973
0.233579
0.202563
0.0293931
0.172711
0.214908
0.662
0.662
0.387805
0.173696
0.242319
0.662
0.287793
0.662
0.0912909
0.386965
0.526091
0.469077
0.218488
0.662
0.53097
0.662
0.662
0.229338
0.159826
0.0457873
0.662
0.428276
0.662
0.662
0.662
0.662
0.485662
0.662
0.662
0.588791
0.591079
0.187875
0.662
0.281055
0.163904
0.662
0.662
0.662
0.662
0.238473
0.357182
0.662
0.245148
0.301257
0.662
0.173985
0.371348
0.662
0.662
0.252283
0.662
0.575566
0.443237
0.662
0.148187
0.662
0.385458
0.343438
0.342168
0.662
0.0736384
0.308121
0.411666
0.192733
0.197678
0.39543
0.232773
0.662
0.328814
0.0511519
0.392309
0.493281
0.662
0.160934
0.610545
0.132966
0.445736
0.0494462
0.662
0.472443
0.662
0.621099
0.662
0.662
0.373036
0.175728
0.662
0.364772
0.340335
0.662
0.30711
0.442925
0.429431
0.198372
0.21307
0.470345
0.184487
0.175441
0.662
0.425859
0.399048
0.0110177
0.1377
0.662
0.100895
0.22968
0.662
0.662
0.0344621
0.599408
0.371201
0.662
0.226241
0.143747
0.662
0.203048
0.326785
0.435536
0.609639
0.662
0.662
0.00696848
0.329396
0.279234
0.662
0.218065
0.130009
0.0573233
0.662
0.662
0.494505
0.523677
0.662
0.662
0.0999306
0.193034
0.662
0.282615
0.308275
0.262274
0.434685
0.662
0.097377
0.407198
0.183937
0.0848058
0.206774
0.201611
0.0614318
0.0590136
0.662
0.274098
0.662
0.320926
0.466768
0.324373
0.272846
0.662
0.109703
0.165158
0.141896
0.389993
0.322202
0.199372
0.413177
0.662
0.248855
0.0224018
0.0742026
0.145067
0.662
0.0100928
0.027519
0.245927
0.662
0.662
0.630503
0.662
0.662
0.196606
0.662
0.662
0.325094
0.370005
0.662
0.197454
0.244906
0.473394
0.662
0.105999
0.18978
0.283115
0.662
0.41191
0.63447
0.662
0.662
0.213254
0.145384
0.309244
0.662
0.662
0.366132
0.662
0.637588
0.662
0.183304
0.662
0.662
0.38226
0.662
0.662
0.227154
0.100915
0.440123
0.662
0.425252
0.662
0.298917
0.441204
0.165098
0.459759
0.628097
0.174878
0.251911
0.662
0.166012
0.187084
0.517421
0.0510991
0.349368
0.245228
0.282117
0.662
0.322413
0.662
0.662
0.662
0.662
0.662
0.285143
0.354842
0.104696
0.0758895
0.0358265
0.169051
0.324482
0.389369
0.662
0.662
0.0233164
0.0366608
0.662
0.662
0.397695
0.662
0.448022
0.662
0.506429
0.662
0.662
0.202222
0.0768368
0.356453
0.662
0.662
0.473917
0.662
0.0629563
0.203546
0.662
0.0496488
0.0648825
0.662
0.334576
0.181965
0.662
0.303233
0.662
0.662
0.218035
0.197195
0.0639979
0.662
0.11838
0.662
0.0453677
0.662
0.398838
0.662
0.259461
0.662
0.662
0.245605
0.395171
0.0548543
0.436955
0.662
0.662
0.31489
0.21428
0.399351
0.662
0.662
0.483457
0.662
0.662
0.0568368
0.269285
0.23133
0.181944
0.148125
0.167464
0.662
0.662
0.339535
0.662
0.377338
0.0767685
0.100207
0.377602
0.662
0.413537
0.458302
0.368777
0.155606
0.413776
0.267553
0.444143
0.555566
0.181699
0.283638
0.190317
0.662
0.662
0.662
0.262357
0.662
0.662
0.362003
0.00151264
0.284968
0.662
0.294836
0.450354
0.662
0.380622
0.178525
0.437007
0.316788
0.267129
0.399114
0.188986
0.662
0.662
0.124925
0.662
0.662
0.175825
0.0168226
0.224396
0.1305
0.662
0.517381
0.0166517
0.662
0.224935
0.662
0.00485626
0.0275631
0.662
0.191107
0.662
0.662
0.60974
0.322085
0.354209
0.662
0.317182
0.662
0.662
0.147731
0.440085
0.662
0.662
0.118116
0.312745
0.310254
0.329792
0.292075
0.662
0.662
0.128088
0.662
0.115121
0.134552
0.662
0.662
0.453159
0.409299
0.099559
0.332221
0.384449
0.662
0.115687
0.47619
0.236231
0.459869
0.41989
0.190513
0.217536
0.662
0.276684
0.406331
0.309362
0.662
0.662
0.662
0.164723
0.662
0.662
0.255645
0.269104
0.662
0.00748289
0.114666
0.662
0.461796
0.662
0.165492
0.207028
0.662
0.662
0.662
0.662
0.662
0.00316747
0.0494211
0.234052
0.352465
0.393735
0.662
0.262064
0.346418
0.662
0.187093
0.662
0.0111956
0.662
0.422327
0.662
0.662
0.662
0.0921613
0.413048
0.601254
0.662
0.662
0.662
0.266735
0.662
0.226548
0.0321035
0.0520695
0.156124
0.463269
0.662
0.394152
0.662
0.662
0.11549
0.419568
0.662
0.662
0.372354
0.352985
0.662
0.452709
0.118768
0.662
0.290249
0.203139
0.11177
0.319165
0.203933
0.390193
0.454865
0.260376
0.0497362
0.330426
0.237102
0.269868
0.312073
0.00669263
0.410421
0.283241
0.662
0.662
0.215521
0.458363
0.662
0.662
0.662
0.662
0.662
0.377747
0.662
0.662
0.347548
0.438461
0.184588
0.410702
0.139083
0.0936736
0.662
0.662
0.2239
0.662
0.662
0.466242
0.38565
0.662
0.662
0.347956
0.662
0.662
0.309701
0.662
0.343152
0.662
0.389228
0.662
0.662
0.204936
0.662
0.662
0.468442
0.393817
0.662
0.662
0.662
0.305233
0.662
0.662
0.662
0.662
0.662
0.348627
0.0907818
0.286876
0.129152
0.211578
0.662
0.662
0.173424
0.662
0.662
0.377485
0.107666
0.502102
0.392372
0.32545
0.347581
0.135395
0.532855
0.0893904
0.662
0.147654
0.662
0.134616
0.662
0.0871309
0.662
0.662
0.399707
0.156645
0.662
0.662
0.12859
0.296205
0.203748
0.332622
0.662
0.662
0.354071
0.343494
0.662
0.343204
0.0767305
0.227043
0.575424
0.0764642
0.186354
0.662
0.0925279
0.662
0.177898
0.662
0.133006
0.0211524
0.136695
0.125484
0.296598
0.662
0.305267
0.174289
0.662
0.0532786
0.255543
0.0834245
0.662
0.21879
0.250645
0.309757
0.662
0.662
0.659491
0.0803319
0.662
0.662
0.410124
0.662
0.24241
0.533805
0.444074
0.662
0.662
0.662
0.413393
0.662
0.562938
0.662
0.435827
0.662
0.0356048
0.252742
0.662
0.662
0.662
0.662
0.272233
0.247829
0.0213249
0.427819
0.662
0.662
0.379294
0.662
0.662
0.439681
0.247232
0.192722
0.270205
0.161129
0.452753
0.33013
0.662
0.662
0.168607
0.38802
0.662
0.198422
0.377944
0.662
0.662
0.662
0.662
0.117751
0.448202
0.662
0.662
0.662
0.0893942
0.407223
0.0216964
0.101423
0.210011
0.300643
0.662
0.662
0.662
0.662
0.448469
0.431888
0.662
0.338209
0.11593
0.662
0.361807
0.417012
0.36106
0.392099
0.662
0.662
0.416446
0.196579
0.662
0.205951
0.662
0.380975
0.662
0.126005
0.302521
0.662
0.358127
0.115464
0.161667
0.307547
0.662
0.662
0.296691
0.00349213
0.0584199
0.433725
0.229722
0.662
0.30251
0.27616
0.662
0.662
0.110616
0.187033
0.0855323
0.216601
0.122262
0.662
0.662
0.113705
0.662
0.271875
0.254522
0.221687
0.248047
0.662
0.662
0.051835
0.662
0.245665
0.662
0.662
0.308154
0.585369
0.000750125
0.361788
0.509339
0.662
0.662
0.252423
0.662
0.281113
0.495401
0.662
0.183604
0.662
0.12939
0.662
0.662
0.662
0.662
0.416799
0.173617
0.232529
0.662
0.662
0.336196
0.662
0.605951
0.662
0.384779
0.242222
0.357306
0.662
0.505677
0.662
0.380342
0.662
0.662
0.460881
0.0667714
0.662
0.352993
0.247636
0.0271658
0.0663983
0.662
0.662
0.375446
0.662
0.0177307
0.662
0.662
0.285271
0.662
0.413505
0.662
0.222639
0.662
0.132466
0.505191
0.252021
0.662
0.358764
0.176052
0.244781
0.522577
0.389084
0.662
0.201166
0.0632039
0.209865
0.0329224
0.142827
0.662
0.342708
0.177974
0.413221
0.662
0.346559
0.662
0.365261
0.485294
0.198953
0.455057
0.662
0.662
0.662
0.313799
0.662
0.181325
0.662
0.477314
0.236821
0.0890959
0.662
0.662
0.517457
0.157868
0.662
0.662
0.662
0.539209
0.179932
0.662
0.286312
0.460601
0.140161
0.237097
0.0220421
0.662
0.662
0.113028
0.277049
0.421613
0.662
0.304376
0.662
0.0688555
0.662
0.0158752
0.155828
0.662
0.244615
0.347061
0.333482
0.267125
0.384037
0.232198
0.662
0.26737
0.123604
0.128175
0.662
0.662
0.662
0.42333
0.252127
0.0694029
0.0267566
0.560901
0.350949
0.660375
0.363346
0.0282772
0.583125
0.662
0.0152063
0.662
0.0945596
0.662
0.662
0.662
0.662
0.662
0.0473622
0.37529
0.662
0.299803
0.662
0.117806
0.662
0.393441
0.41486
0.100533
0.312207
0.147227
0.189138
0.662
0.395677
0.662
0.131193
0.0921094
0.662
0.662
0.19997
0.662
0.59732
0.203461
0.335293
0.177075
0.341445
0.141199
0.662
0.662
0.212709
0.662
0.146414
0.662
0.662
0.662
0.371913
0.447777
0.350337
0.662
0.662
0.563515
0.639231
0.108215
0.662
0.662
0.662
0.248105
0.662
0.662
0.662
0.662
0.475794
0.0800349
0.662
0.399055
0.245318
0.662
0.662
0.202336
0.289153
0.581488
0.470988
0.662
0.0771502
0.662
0.200597
0.426954
0.388511
0.662
0.662
0.662
0.237311
0.662
0.184938
0.346492
0.380642
0.662
0.194727
0.422399
0.662
0.271492
0.662
0.458753
0.662
0.243986
0.280856
0.662
0.662
0.358241
0.662
0.0199161
0.476387
0.477441
0.281049
0.436212
0.281297
0.37143
0.662
0.662
0.131543
0.662
0.662
0.662
0.662
0.662
0.662
0.102032
0.430098
0.551909
0.260251
0.0743492
0.417106
0.16357
0.238141
0.561195
0.662
0.43472
0.390058
0.320468
0.454672
0.662
0.237501
0.646316
0.0442236
0.662
0.168372
0.463222
0.159823
0.662
0.662
0.205363
0.415654
0.198482
0.662
0.47686
0.0304315
0.662
0.497758
0.662
0.0370743
0.662
0.662
0.662
0.460881
0.0663772
0.194179
0.0657292
0.29108
0.0729373
0.463683
0.164726
0.662
0.662
0.334885
0.308567
0.662
0.0723166
0.662
0.580712
0.390459
0.224627
0.149041
0.662
0.662
0.188285
0.255747
0.160797
0.192674
0.215838
0.146595
0.373417
0.662
0.038908
0.662
0.333491
0.289382
0.468186
0.251903
0.472294
0.662
0.210488
0.662
0.662
0.273662
0.662
0.662
0.662
0.662
0.232156
0.394379
0.662
0.403622
0.217436
0.200096
0.662
0.662
0.307763
0.662
0.662
0.578778
0.594883
0.305418
0.302209
0.475601
0.662
0.13848
0.20886
0.454406
0.662
0.261562
0.662
0.180731
0.186304
0.662
0.223407
0.662
0.268931
0.294592
0.225348
0.344585
0.162657
0.222081
0.662
0.662
0.384552
0.21871
0.241026
0.523577
0.429186
0.381888
0.124156
0.297007
0.269597
0.394028
0.421947
0.662
0.179979
0.662
0.662
0.662
0.662
0.262687
0.662
0.21607
0.662
0.662
0.41621
0.662
0.662
0.662
0.662
0.255002
0.433291
0.20655
0.621326
0.440898
0.662
0.662
0.626775
0.662
0.422526
0.354636
0.270383
0.662
0.493857
0.24682
0.662
0.292198
0.662
0.662
0.662
0.387112
0.285309
0.662
0.275754
0.0486125
0.174551
0.662
0.662
0.346789
0.338185
0.587365
0.647529
0.662
0.382609
0.4262
0.497736
0.244617
0.662
0.662
0.662
0.180202
0.150472
0.662
0.208863
0.61415
0.299501
0.185124
0.662
0.662
0.218446
0.662
0.189786
0.422563
0.445035
0.662
0.424649
0.445823
0.434581
0.196733
0.662
0.662
0.662
0.206521
0.0601959
0.0987064
0.259244
0.0277539
0.248228
0.662
0.309894
0.131076
0.491871
0.22118
0.14604
0.629037
0.131222
0.143254
0.662
0.438893
0.282991
0.259294
0.134005
0.430414
0.662
0.24764
0.662
0.18067
0.0472155
0.190817
0.662
0.563283
0.662
0.662
0.529204
0.662
0.662
0.662
0.468732
0.662
0.662
0.14102
0.405992
0.0915974
0.662
0.662
0.324104
0.273068
0.662
0.012726
0.662
0.630655
0.662
0.302079
0.662
0.110372
0.618125
0.246737
0.662
0.43548
0.198807
0.662
0.370849
0.148098
0.239651
0.662
0.473061
0.424407
0.134387
0.662
0.139691
0.662
0.662
0.662
0.662
0.320433
0.0398584
0.469745
0.662
0.423883
0.310664
0.662
0.662
0.503
0.390745
0.662
0.31316
0.530444
0.244705
0.662
0.662
0.430162
0.662
0.424633
0.0584975
0.396255
0.208387
0.277101
0.662
0.662
0.13964
0.0805946
0.556137
0.662
0.662
0.662
0.110601
0.0830957
0.662
0.651965
0.662
0.124721
0.662
0.662
0.00558804
0.662
0.144689
0.266021
0.662
0.130183
0.316134
0.106082
0.334188
0.281563
0.255647
0.362301
0.0937666
0.289961
0.662
0.662
0.438438
0.662
0.127241
0.662
0.662
0.301636
0.662
0.150457
0.662
0.201458
0.201083
0.576177
0.662
0.662
0.662
0.662
0.662
0.662
0.662
0.27799
0.265402
0.662
0.155979
0.541442
0.662
0.146204
0.511788
0.662
0.582693
0.30309
0.417879
0.0141187
0.139779
0.195446
0.549196
0.156039
0.564558
0.372036
0.662
0.315988
0.205262
0.462789
0.0458802
0.241728
0.232128
0.296974
0.0855354
0.662
0.662
0.662
0.662
0.07744
0.662
0.162131
0.22126
0.662
0.369003
0.425838
0.662
0.662
0.662
0.352974
0.336877
0.662
0.462547
0.662
0.662
0.348919
0.313653
0.320343
0.0581959
0.219354
0.563865
0.662
0.662
0.662
0.263522
0.408509
0.192411
0.132893
0.662
0.0702677
0.162027
0.289192
0.24297
0.425433
0.662
0.662
0.461033
0.45608
0.662
0.0987632
0.235625
0.0873852
0.576962
0.327027
0.403745
0.662
0.524395
0.334955
0.185481
0.0371209
0.662
0.0827684
0.662
0.45456
0.480442
0.429853
0.184473
0.358463
0.662
0.330855
0.325657
0.0276314
0.322668
0.168763
0.292405
0.41478
0.29257
0.235859
0.662
0.395473
0.0538845
0.662
0.282552
0.662
0.374193
0.44983
0.196665
0.662
0.662
0.662
0.662
0.662
0.0535011
0.662
0.0351038
0.662
0.601819
0.19152
0.243937
0.0264991
0.42933
0.202991
0.115729
0.662
0.662
0.448534
0.662
0.662
0.662
0.208431
0.0108352
0.199985
0.185585
0.662
0.662
0.22688
0.662
0.125942
0.420309
0.662
0.662
0.280058
0.301316
0.662
0.18278
0.0700071
0.265772
0.308258
0.662
0.256706
0.662
0.662
0.310241
0.662
0.0344453
0.398948
0.662
0.215023
0.662
0.517721
0.168935
0.662
0.662
0.383191
0.662
0.419119
0.114933
0.461531
0.662
0.49419
0.291973
0.181118
0.316265
0.390632
0.319772
0.28728
0.662
0.151539
0.0656193
0.662
0.662
0.662
0.662
0.662
0.662
0.662
0.662
0.662
0.500156
0.662
0.501429
0.243753
0.255678
0.453784
0.29934
0.114948
0.662
0.168292
0.259311
0.315849
0.565293
0.0070592
0.279942
0.662
0.107527
0.662
0.662
0.145377
0.662
0.437431
0.265762
0.225968
0.0380876
0.449299
0.135298
0.326364
0.264306
0.662
0.662
0.662
0.521689
0.540246
0.662
0.174719
0.662
0.00522158
0.232045
0.236868
0.662
0.278937
0.662
0.146916
0.320068
0.412106
0.339382
0.0326402
0.249869
0.662
0.174251
0.147671
0.208879
0.662
0.662
0.070077
0.662
0.662
0.495339
0.343728
0.662
0.384357
0.222069
0.662
0.462588
0.0251036
0.0310221
0.662
0.648097
0.433047
0.662
0.24556
0.0349441
0.394483
0.19578
0.662
0.0871574
0.581226
0.252763
0.21803
0.662
0.662
0.662
0.38089
0.132285
0.146608
0.662
0.662
0.662
0.662
0.662
0.139744
0.0197223
0.206426
0.662
0.662
0.662
0.475904
0.231608
0.662
0.406882
0.0948699
0.275449
0.400406
0.607275
0.662
0.260781
0.662
0.192181
0.434658
0.293869
0.0365615
0.384891
0.205377
0.662
0.0066459
0.190602
0.662
0.657648
0.662
0.057676
0.155003
0.339199
0.662
0.0027876
0.34062
0.662
0.662
0.662
0.452639
0.662
0.662
0.142383
0.403264
0.662
0.491653
0.354022
0.115674
0.493021
0.359251
0.662
0.529659
0.275071
0.235957
0.0392688
0.0123387
0.662
0.470555
0.068996
0.358602
0.106349
0.295068
0.662
0.212154
0.0815748
0.662
0.195572
0.433386
0.336875
0.662
0.662
0.00693929
0.194975
0.11278
0.216051
0.117452
0.342129
0.662
0.662
0.662
0.524827
0.662
0.662
0.662
0.662
0.662
0.270251
0.347136
0.268334
0.15868
0.120626
0.0641421
0.350632
0.381878
0.662
0.20335
0.425899
0.339993
0.407554
0.207745
0.00218672
0.108813
0.580506
0.625877
0.220906
0.662
0.662
0.662
0.278326
0.161804
0.247333
0.225599
0.662
0.662
0.0816446
0.0375233
0.360413
0.313171
0.566296
0.108779
0.218983
0.0965976
0.252555
0.19207
0.662
0.153239
0.117709
0.298266
0.662
0.595512
0.662
0.219832
0.662
0.662
0.662
0.00990675
0.174079
0.662
0.301792
0.174031
0.662
0.662
0.662
0.662
0.405592
0.179343
0.662
0.662
0.156819
0.18046
0.136175
0.352087
0.662
0.23344
0.0702098
0.225426
0.305616
0.662
0.31137
0.662
0.662
0.0842427
0.662
0.442411
0.452179
0.259102
0.560593
0.662
0.175488
0.662
0.662
0.419372
0.662
0.59629
0.291722
0.254221
0.662
0.662
0.0793056
0.662
0.662
0.662
0.31261
0.262002
0.203474
0.290317
0.00910538
0.3057
0.233513
0.178441
0.448749
0.484751
0.524034
0.196583
0.254859
0.0395712
0.662
0.416687
0.133156
0.0349845
0.447292
0.662
0.611398
0.662
0.662
0.662
0.369463
0.390577
0.23413
0.327927
0.26277
0.152253
0.021676
0.195857
0.662
0.410315
0.0571691
0.00201336
0.662
0.584335
0.458417
0.662
0.286094
0.0308198
0.662
0.662
0.482687
0.662
0.201784
0.662
0.130789
0.00311215
0.194757
0.662
0.662
0.0334881
0.246428
0.662
0.662
0.160218
0.429109
0.216223
0.662
0.662
0.452227
0.382235
0.662
0.426005
0.662
0.045839
0.662
0.662
0.662
0.662
0.11913
0.492825
0.662
0.44687
0.164343
0.160271
0.30366
0.0718417
0.662
0.662
0.159731
0.196632
0.0781018
0.240387
0.211642
0.184538
0.387534
0.473766
0.662
0.114412
0.142034
0.662
0.662
0.142834
0.296835
0.471615
0.662
0.662
0.153508
0.662
0.213916
0.348758
0.355235
0.236948
0.335658
0.154184
0.662
0.662
0.317025
0.662
0.662
0.526151
0.662
0.662
0.134353
0.425676
0.0266292
0.206025
0.662
0.0970824
0.208941
0.662
0.662
0.118128
0.662
0.662
0.318972
0.215678
0.389947
0.54471
0.662
0.662
0.168899
0.662
0.226928
0.391484
0.662
0.0704559
0.476917
0.662
0.351511
0.254263
0.353353
0.340786
0.196393
0.512439
0.12819
0.662
0.662
0.327242
0.305249
0.455547
0.209994
0.548571
0.662
0.662
0.27603
0.229499
0.0974614
0.326152
0.662
0.662
0.345581
0.662
0.662
0.0010772
0.47964
0.662
0.411729
0.564532
0.662
0.341592
0.662
0.30506
0.662
0.165891
0.0797513
0.115853
0.662
0.662
0.302489
0.662
0.662
0.296998
0.662
0.299468
0.662
0.338489
0.0518285
0.232731
0.343785
0.0121821
0.259397
0.160905
0.662
0.662
0.0547461
0.107866
0.662
0.584119
0.0309356
0.662
0.366893
0.583966
0.0804426
0.662
0.662
0.451582
0.331884
0.0384403
0.662
0.154123
0.213101
0.644772
0.00882188
0.0842627
0.560026
0.0759259
0.294081
0.112274
0.563639
0.476186
0.662
0.662
0.662
0.587536
0.250436
0.470865
0.360306
0.162386
0.389091
0.451891
0.662
0.391778
0.662
0.662
0.17582
0.380414
0.139794
0.457794
0.260501
0.662
0.662
0.165637
0.662
0.662
0.237312
0.662
0.662
0.0361124
0.022571
0.228618
0.348968
0.662
0.662
0.662
0.0457143
0.662
0.350448
0.438739
0.371821
0.517714
0.368443
0.424646
0.232161
0.191873
0.662
0.101189
0.662
0.13621
0.662
0.662
0.662
0.20258
0.662
0.629706
0.0988654
0.662
0.662
0.500631
0.379956
0.473495
0.225737
0.662
0.262879
0.662
0.662
0.262962
0.305905
0.430028
0.591912
0.662
0.387679
0.662
0.151243
0.532945
0.0840884
0.662
0.662
0.327011
0.146766
0.662
0.069074
0.188118
0.662
0.43182
0.662
0.0617902
0.419587
0.662
0.480786
0.530811
0.104555
0.254328
0.376391
0.204304
0.232114
0.662
0.367939
0.220434
0.144679
0.510218
0.138538
0.662
0.662
0.19565
0.662
0.662
0.662
0.662
0.662
0.474064
0.188096
0.662
0.662
0.662
0.102023
0.165813
0.334
0.0360642
0.100049
0.662
0.313034
0.535155
0.662
0.51765
0.662
0.279543
0.0776192
0.236171
0.662
0.662
0.332374
0.662
0.345359
0.241031
0.339045
0.662
0.662
0.629706
0.0784049
0.160878
0.662
0.0222549
0.544463
0.383791
0.108052
0.356954
0.297521
0.662
0.110974
0.292259
0.0916213
0.474309
0.662
0.0787396
0.482266
0.662
0.61282
0.168961
0.662
0.227857
0.328764
0.245473
0.662
0.662
0.314068
0.556645
0.402849
0.151796
0.142434
0.662
0.662
0.632132
0.662
0.264526
0.237362
0.0566042
0.0973535
0.192079
0.211144
0.527288
0.462742
0.0822983
0.323317
0.15468
0.404946
0.24691
0.165956
0.185739
0.662
0.662
0.662
0.467742
0.662
0.662
0.197771
0.254117
0.662
0.185215
0.428616
0.662
0.662
0.242873
0.0818261
0.662
0.662
0.360552
0.662
0.206321
0.561459
0.218813
0.662
0.0831152
0.179919
0.662
0.607615
0.100275
0.662
0.418843
0.239289
0.662
0.662
0.397439
0.662
0.185816
0.662
0.662
0.367795
0.662
0.662
0.662
0.468545
0.462812
0.296845
0.662
0.35815
0.590337
0.604791
0.466282
0.292691
0.662
0.0645613
0.228532
0.662
0.662
0.023274
0.267013
0.662
0.0259716
0.302935
0.662
0.398682
0.0883117
0.264195
0.273325
0.662
0.662
0.662
0.379971
0.662
0.0535741
0.553778
0.662
0.662
0.0482802
0.574375
0.662
0.469972
0.171975
0.662
0.0562757
0.00473501
0.184724
0.420057
0.362686
0.1212
0.662
0.306261
0.359265
0.373086
0.662
0.109014
0.245463
0.662
0.466265
0.201725
0.138743
0.128653
0.662
0.513708
0.122736
0.310471
0.13773
0.107671
0.662
0.662
0.662
0.662
0.534706
0.325578
0.543572
0.325767
0.662
0.00445799
0.562448
0.662
0.272546
0.520404
0.492109
0.662
0.135793
0.662
0.190943
0.662
0.33043
0.662
0.290894
0.662
0.0292425
0.662
0.442848
0.662
0.662
0.662
0.416377
0.0708874
0.431679
0.662
0.0842666
0.662
0.126525
0.276129
0.494049
0.108335
0.662
0.0598299
0.33561
0.191807
0.662
0.662
0.484387
0.291835
0.662
0.156053
0.662
0.340449
0.409826
0.198106
0.275435
0.374347
0.0455634
0.662
0.662
0.0257092
0.125594
0.391706
0.201823
0.662
0.662
0.347902
0.662
0.200961
0.107931
0.447913
0.399107
0.300396
0.0791779
0.212739
0.403947
0.479025
0.294343
0.257438
0.613845
0.662
0.662
0.297767
0.263083
0.662
0.254244
0.662
0.219491
0.662
0.0415909
0.151473
0.080928
0.162207
0.662
0.297647
0.158331
0.339864
0.127166
0.279473
0.533524
0.357688
0.483083
0.419924
0.662
0.474488
0.662
0.196576
0.313513
0.330243
0.0906168
0.196715
0.344782
0.469915
0.662
0.662
0.662
0.385495
0.0902655
0.274299
0.34797
0.521009
0.224816
0.662
0.458084
0.662
0.662
0.199576
0.608105
0.204992
0.358118
0.469967
0.418807
0.662
0.225247
0.662
0.16385
0.585262
0.0983429
0.185559
0.462946
0.662
0.662
0.662
0.662
0.662
0.269534
0.237657
0.255284
0.662
0.242716
0.2815
0.310116
0.662
0.587824
0.577302
0.336779
0.662
0.171774
0.435976
0.662
0.662
0.153221
0.286672
0.662
0.636286
0.211795
0.265692
0.662
0.662
0.662
0.417732
0.4556
0.238769
0.197171
0.311804
0.176192
0.662
0.375099
0.662
0.273748
0.22485
0.344374
0.131547
0.662
0.488901
0.221782
0.137412
0.0782616
0.268491
0.0987981
0.662
0.0578197
0.662
0.662
0.183001
0.12738
0.662
0.662
0.662
0.662
0.662
0.236966
0.254834
0.13313
0.662
0.662
0.188015
0.294055
0.143852
0.399856
0.145104
0.662
0.662
0.502751
0.662
0.662
0.377336
0.231472
0.341308
0.527497
0.0655139
0.133336
0.0218753
0.155471
0.662
0.662
0.662
0.120794
0.662
0.496577
0.662
0.154706
0.27033
0.415674
0.237084
0.566329
0.144658
0.0561174
0.662
0.112979
0.32493
0.662
0.662
0.225546
0.287567
0.662
0.662
0.19535
0.247874
0.662
0.0563064
0.662
0.662
0.662
0.139675
0.662
0.662
0.437064
0.662
0.103501
0.662
0.160618
0.390748
0.196156
0.662
0.446835
0.662
0.390544
0.189049
0.662
0.437394
0.224573
0.662
0.198599
0.0963997
0.207855
0.662
0.662
0.662
0.45553
0.259917
0.0237607
0.662
0.415096
0.662
0.662
0.196027
0.51266
0.123046
0.662
0.662
0.233373
0.228752
0.662
0.289568
0.662
0.0584356
0.662
0.521314
0.662
0.313043
0.662
0.288924
0.243335
0.662
0.4168
0.154976
0.662
0.34744
0.532212
0.630364
0.662
0.264956
0.206728
0.113568
0.662
0.0213684
0.662
0.347588
0.662
0.662
0.192458
0.4743
0.662
0.662
0.393414
0.370145
0.251905
0.662
0.392978
0.262329
0.447336
0.662
0.662
0.662
0.662
0.26234
0.662
0.662
0.107578
0.42454
0.662
0.260908
0.218745
0.28368
0.620452
0.208622
0.662
0.662
0.454426
0.27767
0.541987
0.662
0.31029
0.20112
0.662
0.220284
0.160873
0.426156
0.662
0.0240243
0.383037
0.454778
0.384434
0.662
0.203514
0.662
0.191531
0.662
0.0560393
0.376464
0.0672735
0.662
0.659579
0.662
0.662
0.662
0.662
0.155219
0.157746
0.662
0.662
0.662
0.283545
0.662
0.211185
0.662
0.20706
0.365901
0.46775
0.225353
0.662
0.662
0.168515
0.662
0.420982
0.361935
0.0426289
0.428427
0.22696
0.171704
0.129371
0.0166447
0.4291
0.355109
0.291054
0.609264
0.506034
0.0451972
0.110554
0.401183
0.662
0.662
0.662
0.415079
0.662
0.313318
0.0406592
0.662
0.390782
0.463058
0.156866
0.662
0.662
0.0574039
0.662
0.662
0.229201
0.271503
0.662
0.0525764
0.662
0.418273
0.662
0.662
0.420677
0.101236
0.662
0.106092
0.662
0.662
0.206716
0.662
0.262944
0.201912
0.576174
0.192581
0.323721
0.428865
0.662
0.662
0.662
0.345176
0.207261
0.662
0.529178
0.235155
0.465872
0.662
0.373504
0.662
0.0171054
0.662
0.662
0.411692
0.231159
0.158119
0.118283
0.662
0.195245
0.546736
0.42217
0.662
0.364197
0.478355
0.360524
0.0213342
0.455812
0.662
0.212588
0.662
0.662
0.662
0.373738
0.216075
0.479269
0.662
0.219215
0.662
0.662
0.0639812
0.662
0.63339
0.662
0.389434
0.0967392
0.288482
0.00935983
0.140594
0.662
0.189812
0.662
0.662
0.119407
0.446862
0.662
0.169429
0.662
0.155796
0.208402
0.662
0.662
0.131922
0.0885877
0.662
0.662
0.221855
0.423882
0.205915
0.204541
0.428649
0.205234
0.662
0.662
0.468411
0.142768
0.662
0.250604
0.228875
0.418679
0.195263
0.0906737
0.645664
0.432317
0.347332
0.662
0.0161194
0.123658
0.662
0.468724
0.200136
0.662
0.662
0.26825
0.289586
0.462313
0.191739
0.662
0.0901628
0.352018
0.662
0.662
0.662
0.662
0.19407
0.662
0.0472088
0.0688908
0.662
0.662
0.662
0.662
0.460551
0.372803
0.390083
0.160098
0.229823
0.0717896
0.401265
0.284877
0.362532
0.390407
0.662
0.662
0.662
0.137282
0.452321
0.662
0.345484
0.0716616
0.662
0.267023
0.662
0.662
0.662
0.662
0.662
0.27942
0.128884
0.582797
0.198797
0.662
0.662
0.662
0.349181
0.116139
0.662
0.0300052
0.662
0.312696
0.027682
0.465242
0.0836436
0.662
0.164802
0.454579
0.395744
0.262199
0.662
0.233741
0.134335
0.109995
0.662
0.662
0.662
0.20122
0.662
0.402289
0.242521
0.248732
0.156688
0.34421
0.183673
0.241599
0.120413
0.662
0.422785
0.583148
0.662
0.11919
0.662
0.211811
0.662
0.621178
0.263291
0.387734
0.458038
0.114343
0.177278
0.0865747
0.116767
0.428462
0.0126485
0.662
0.662
0.100777
0.662
0.23934
0.662
0.282645
0.442424
0.211866
0.662
0.662
0.226527
0.458772
0.188648
0.502125
0.264859
0.126746
0.40046
0.326403
0.148844
0.438245
0.292722
0.662
0.399922
0.510989
0.662
0.662
0.170377
0.662
0.612345
0.485093
0.240448
0.662
0.282284
0.242177
0.221337
0.662
0.662
0.207245
0.662
0.442847
0.643616
0.161426
0.277755
0.662
0.662
0.274925
0.39034
0.382142
0.662
0.662
0.21724
0.226252
0.662
0.662
0.662
0.662
0.662
0.394583
0.131028
0.182528
0.18608
0.381938
0.352278
0.662
0.12351
0.515297
0.416973
0.662
0.407931
0.662
0.119083
0.355456
0.662
0.662
0.329073
0.272288
0.662
0.538612
0.662
0.180418
0.550629
0.662
0.178051
0.662
0.00279694
0.142137
0.662
0.326475
0.451545
0.0820089
0.662
0.413094
0.22898
0.0284612
0.0650505
0.263096
0.225817
0.404241
0.662
0.662
0.662
0.193475
0.55697
0.662
0.227498
0.233945
0.113124
0.00429057
0.168894
0.662
0.222155
0.662
0.662
0.333003
0.595745
0.466733
0.662
0.077898
0.295295
0.400461
0.662
0.662
0.367438
0.662
0.0933788
0.42522
0.662
0.402962
0.662
0.662
0.662
0.662
0.153632
0.309129
0.2308
0.430221
0.0106682
0.357048
0.335468
0.419327
0.292875
0.280633
0.662
0.163461
0.662
0.662
0.662
0.662
0.662
0.178926
0.483046
0.271599
0.41439
0.662
0.260593
0.662
0.662
0.561373
0.285987
0.662
0.662
0.422059
0.317943
0.152821
0.662
0.218237
0.476579
0.662
0.662
0.444746
0.662
0.292269
0.0788219
0.662
0.662
0.355973
0.370265
0.371322
0.662
0.662
0.27004
0.15279
0.662
0.087583
0.662
0.662
0.662
0.662
0.0567269
0.662
0.0827948
0.396573
0.662
0.662
0.131379
0.0822037
0.131268
0.391942
0.275032
0.416336
0.662
0.103342
0.309762
0.363403
0.662
0.0831563
0.662
0.132428
0.0436455
0.662
0.210581
0.662
0.357699
0.662
0.662
0.0836432
0.515085
0.151397
0.662
0.236998
0.662
0.662
0.172094
0.361434
0.0821002
0.096093
0.00472023
0.662
0.662
0.662
0.662
0.282187
0.662
0.662
0.00709676
0.374015
0.23138
0.274446
0.662
0.47986
0.0476416
0.662
0.662
0.265429
0.485006
0.0280039
0.34614
0.427582
0.246451
0.360235
0.662
0.2874
0.204101
0.466253
0.662
0.662
0.662
0.662
0.411447
0.662
0.662
0.20547
0.421106
0.662
0.662
0.2822
0.0525211
0.102276
0.109438
0.662
0.0535156
0.380083
0.662
0.273347
0.206918
0.0664217
0.662
0.211975
0.662
0.662
0.662
0.218893
0.21462
0.662
0.662
0.206866
0.662
0.0884991
0.662
0.389867
0.662
0.662
0.108611
0.131944
0.662
0.662
0.662
0.475124
0.640209
0.329702
0.378084
0.662
0.222751
0.192687
0.236643
0.222836
0.662
0.365386
0.662
0.279331
0.650513
0.662
0.241578
0.189669
0.218714
0.648124
0.662
0.102659
0.431355
0.662
0.662
0.662
0.662
0.271885
0.28447
0.662
0.662
0.662
0.662
0.662
0.0715377
0.580982
0.0510335
0.104547
0.624596
0.662
0.662
0.472074
0.306831
0.662
0.2616
0.662
0.225176
0.390242
0.569363
0.176215
0.448983
0.306116
0.445062
0.251247
0.256965
0.256468
0.45184
0.662
0.662
0.12277
0.265485
0.662
0.662
0.662
0.662
0.331242
0.257284
0.662
0.609695
0.221149
0.12709
0.662
0.279925
0.433229
0.444827
0.417381
0.0698771
0.662
0.662
0.0591615
0.2552
0.0658498
0.662
0.662
0.276122
0.662
0.0183628
0.39353
0.362369
0.662
0.662
0.33661
0.194697
0.243109
0.0636313
0.437209
0.302168
0.0372224
0.0955689
0.662
0.223195
0.662
0.211789
0.160663
0.662
0.662
0.317489
0.416089
0.0574184
0.282642
0.662
0.197793
0.382008
0.359466
0.454705
0.157771
0.662
0.383492
0.137293
0.662
0.662
0.662
0.662
0.662
0.662
0.10656
0.662
0.662
0.14924
0.0198047
0.662
0.109516
0.28489
0.54588
0.0313153
0.395411
0.370613
0.109124
0.214186
0.188976
0.302171
0.190262
0.361694
0.19035
0.662
0.392299
0.315288
0.348956
0.0608629
0.0305694
0.557644
0.466663
0.305013
0.223038
0.10326
0.125845
0.662
0.369439
0.161178
0.662
0.47888
0.184303
0.350789
0.27281
0.662
0.240142
0.662
0.37596
0.505601
0.662
0.188273
0.662
0.662
0.10983
0.168866
0.273389
0.24208
0.662
0.662
0.165483
0.17345
0.662
0.662
0.204666
0.154089
0.662
0.662
0.244379
0.662
0.662
0.106664
0.412035
0.662
0.662
0.204031
0.662
0.239703
0.126813
0.662
0.662
0.372719
0.662
0.202156
0.662
0.0839417
0.400127
0.662
0.22869
0.200096
0.662
0.662
0.440347
0.662
0.0428805
0.162622
0.662
0.262651
0.662
0.392666
0.103182
0.612333
0.404378
0.259363
0.662
0.662
0.199808
0.662
0.662
0.347742
0.662
0.662
0.413944
0.318113
0.662
0.157051
0.573221
0.24034
0.157444
0.101677
0.662
0.257936
0.662
0.662
0.140369
0.662
0.434719
0.662
0.662
0.662
0.138534
0.0869714
0.323296
0.432922
0.662
0.0877927
0.000335116
0.577037
0.662
0.662
0.0436258
0.662
0.662
0.662
0.584596
0.466144
0.662
0.662
0.662
0.662
0.662
0.662
0.662
0.30382
0.662
0.662
0.299336
0.662
0.662
0.461509
0.405905
0.188316
0.662
0.662
0.662
0.0021543
0.238776
0.662
0.662
0.0469254
0.662
0.629706
0.117006
0.662
0.00166926
0.402227
0.31005
0.409076
0.485999
0.0309847
0.386766
0.337066
0.662
0.662
0.138269
0.662
0.662
0.0356926
0.183198
0.111964
0.267163
0.539115
0.112224
0.662
0.662
0.662
0.662
0.446154
0.128587
0.662
0.459542
0.662
0.662
0.662
0.662
0.662
0.149118
0.662
0.294023
0.662
0.662
0.144167
0.169823
0.402227
0.662
0.236887
0.329813
0.43825
0.180404
0.394927
0.662
0.548919
0.459754
0.113922
0.662
0.662
0.416559
0.3253
0.662
0.362256
0.12684
0.662
0.662
0.20113
0.299975
0.464101
0.662
0.662
0.662
0.129602
0.00637914
0.45847
0.662
0.662
0.182878
0.181119
0.327469
0.209844
0.395065
0.305612
0.164753
0.662
0.0383155
0.662
0.662
0.33244
0.159235
0.662
0.402606
0.461266
0.209161
0.662
0.662
0.662
0.10173
0.662
0.662
0.537739
0.219832
0.377781
0.662
0.125459
0.332179
0.224566
0.662
0.552287
0.662
0.662
0.026745
0.662
0.308987
0.662
0.431607
0.662
0.662
0.0486891
0.217971
0.270496
0.212423
0.320631
0.662
0.399342
0.239586
0.662
0.662
0.662
0.640443
0.0575579
0.22922
0.246347
0.662
0.442691
0.457751
0.662
0.662
0.662
0.522727
0.50079
0.0968795
0.662
0.091264
0.658771
0.662
0.662
0.0782875
0.662
0.662
0.662
0.292222
0.507023
0.095855
0.21624
0.662
0.662
0.268124
0.662
0.662
0.0571214
0.220912
0.161125
0.0116625
0.410414
0.662
0.178703
0.662
0.0281614
0.662
0.662
0.345502
0.662
0.0514962
0.0233696
0.662
0.194463
0.216267
0.0134834
0.219985
0.0873853
0.0871337
0.662
0.662
0.31455
0.555673
0.28334
0.662
0.084599
0.662
0.0142267
0.567079
0.0121223
0.455378
0.182251
0.662
0.345438
0.0874048
0.662
0.393489
0.273406
0.662
0.182023
0.00580229
0.662
0.232594
0.662
0.480795
0.227198
0.662
0.633694
0.386802
0.597875
0.662
0.194528
0.208291
0.662
0.662
0.0536236
0.318928
0.242461
0.157873
0.19062
0.662
0.192117
0.662
0.662
0.281112
0.662
0.662
0.662
0.662
0.662
0.340304
0.662
0.662
