0.0627281
0.295311
0.598055
0.411139
0.662
0.662
0.662
0.662
0.662
0.249593
0.433228
0.119926
0.662
0.662
0.448253
0.662
0.01878
0.495267
0.131782
0.155406
0.662
0.662
0.318882
0.302484
0.286946
0.218481
0.213032
0.662
0.662
0.662
0.523385
0.286926
0.662
0.662
0.211357
0.662
0.662
0.381913
0.649431
0.631504
0.236951
0.662
0.662
0.43512
0.662
0.662
0.662
0.347542
0.30445
0.661831
0.328644
0.0451206
0.662
0.315553
0.287371
0.112559
0.662
0.662
0.662
0.11156
0.662
0.662
0.662
0.662
0.437739
0.00836169
0.662
0.304428
0.100288
0.370765
0.299797
0.459658
0.28209
0.590752
0.230614
0.0948721
0.662
0.662
0.57096
0.186814
0.339732
0.0871746
0.269324
0.201686
0.662
0.1433
0.445637
0.662
0.230199
0.215559
0.662
0.0089698
0.573701
0.393823
0.662
0.432441
0.662
0.377184
0.475092
0.662
0.401424
0.197955
0.662
0.662
0.662
0.118194
0.629229
0.578296
0.519797
0.195756
0.319881
0.246241
0.0159688
0.0381487
0.463245
0.662
0.662
0.370122
0.523273
0.151019
0.662
0.662
0.372725
0.387464
0.641197
0.226342
0.147481
0.408463
0.257548
0.204438
0.423779
0.598931
0.301772
0.073584
0.622809
0.662
0.125783
0.662
0.15686
0.405224
0.256414
0.480326
0.375685
0.662
0.378925
0.220207
0.491098
0.506858
0.408313
0.662
0.135749
0.25558
0.662
0.0110992
0.522969
0.662
0.662
0.453852
0.662
0.662
0.187081
0.466814
0.114816
0.0707345
0.662
0.662
0.662
0.329819
0.413961
0.0941815
0.608568
0.662
0.662
0.308934
0.662
0.138573
0.179029
0.334293
0.190863
0.397569
0.662
0.23397
0.662
0.662
0.227677
0.598702
0.662
0.218066
0.662
0.197404
0.662
0.621179
0.662
0.662
0.450157
0.662
0.501988
0.276291
0.601986
0.104969
0.662
0.559873
0.18802
0.19339
0.662
0.285004
0.399721
0.095424
0.662
0.416432
0.00827899
0.436552
0.450843
0.662
0.126544
0.662
0.662
0.167842
0.296134
0.346042
0.450062
0.326797
0.401079
0.115125
0.662
0.417295
0.135312
0.0565384
0.662
0.012947
0.662
0.323692
0.200282
0.363773
0.499943
0.0506052
0.662
0.194381
0.645674
0.662
0.662
0.662
0.0424809
0.38967
0.662
0.662
0.308404
0.0730492
0.445429
0.662
0.662
0.277791
0.662
0.38468
0.13731
0.662
0.662
0.0869456
0.662
0.662
0.662
0.0574235
0.662
0.662
0.455301
0.662
0.271081
0.188374
0.273468
0.662
0.279116
0.265727
0.662
0.662
0.662
0.662
0.386233
0.547387
0.163221
0.662
0.662
0.428282
0.0703305
0.42126
0.503673
0.662
0.662
0.218638
0.576717
0.528548
0.545259
0.662
0.00467927
0.514969
0.312377
0.662
0.300646
0.255555
0.380089
0.101451
0.569107
0.577248
0.662
0.662
0.662
0.478543
0.207455
0.183477
0.146709
0.662
0.0656794
0.410392
0.531968
0.146216
0.378858
0.662
0.514398
0.46971
0.358203
0.0306015
0.662
0.487776
0.19983
0.430304
0.169676
0.286801
0.561447
0.662
0.662
0.512418
0.662
0.0439297
0.662
0.0407579
0.327746
0.662
0.119974
0.513103
0.662
0.109658
0.662
0.379612
0.662
0.627855
0.308906
0.10535
0.222086
0.402004
0.662
0.662
0.662
0.662
0.201666
0.662
0.173003
0.662
0.662
0.501458
0.386674
0.04394
0.358709
0.27106
0.48006
0.662
0.521995
0.0328493
0.0609829
0.662
0.662
0.662
0.207401
0.18209
0.23349
0.662
0.599753
0.662
0.366246
0.32576
0.443035
0.460123
0.662
0.662
0.662
0.662
0.662
0.475605
0.168757
0.446892
0.662
0.662
0.589755
0.662
0.185399
0.335626
0.00355071
0.662
0.662
0.421166
0.662
0.0412424
0.318577
0.42669
0.0844482
0.481573
0.662
0.207114
0.162811
0.662
0.370573
0.662
0.662
0.268809
0.417835
0.41805
0.135863
0.0679894
0.280602
0.565677
0.280103
0.366074
0.395273
0.256134
0.401025
0.417328
0.595555
0.38598
0.328164
0.662
0.179721
0.12676
0.662
0.15333
0.544506
0.662
0.203028
0.425069
0.169901
0.291764
0.572669
0.662
0.662
0.0194919
0.662
0.450466
0.662
0.662
0.605414
0.349345
0.467021
0.662
0.385141
0.662
0.395325
0.662
0.662
0.0912485
0.662
0.662
0.538201
0.00718898
0.371532
0.662
0.662
0.50477
0.199481
0.309583
0.662
0.662
0.662
0.662
0.662
0.662
0.18668
0.662
0.662
0.662
0.410848
0.662
0.11701
0.398033
0.662
0.231202
0.662
0.662
0.125115
0.464897
0.350682
0.662
0.277978
0.24464
0.662
0.662
0.0219847
0.662
0.662
0.360079
0.662
0.662
0.662
0.188109
0.662
0.464546
0.662
0.662
0.662
0.662
0.199252
0.303836
0.078891
0.662
0.0474175
0.326436
0.662
0.662
0.113263
0.384852
0.526163
0.243951
0.662
0.406118
0.184508
0.439488
0.662
0.11307
0.662
0.662
0.0208603
0.662
0.415549
0.1553
0.662
0.545697
0.364865
0.313198
0.635339
0.217411
0.662
0.102719
0.146893
0.182334
0.662
0.162643
0.662
0.662
0.157721
0.268018
0.662
0.0321276
0.662
0.451862
0.293118
0.440608
0.398772
0.4057
0.662
0.146265
0.662
0.115052
0.662
0.662
0.662
0.304989
0.662
0.0292474
0.662
0.416414
0.662
0.662
0.48576
0.662
0.189638
0.402272
0.662
0.135018
0.567128
0.00024941
0.141633
0.662
0.662
0.278859
0.567774
0.662
0.0761175
0.662
0.662
0.662
0.478734
0.662
0.662
0.332979
0.662
0.156204
0.198571
0.62747
0.233665
0.266056
0.662
0.0615358
0.351855
0.282039
0.597632
0.463484
0.221094
0.662
0.240013
0.186916
0.662
0.662
0.156903
0.121249
0.00710563
0.528523
0.662
0.129817
0.626613
0.662
0.556241
0.137407
0.132945
0.662
0.392145
0.662
0.0845442
0.444841
0.044407
0.326365
0.662
0.600228
0.155967
0.547982
0.662
0.453659
0.0935378
0.409119
0.0157509
0.544453
0.266427
0.662
0.357334
0.220659
0.210924
0.454739
0.294042
0.662
0.331584
0.662
0.188133
0.662
0.412049
0.204544
0.662
0.409059
0.417053
0.662
0.616278
0.662
0.662
0.662
0.208554
0.162242
0.0667798
0.298032
0.662
0.0927615
0.662
0.662
0.494714
0.662
0.150231
0.075246
0.662
0.315087
0.662
0.662
0.350377
0.278412
0.662
0.662
0.367162
0.188035
0.116822
0.4398
0.221001
0.662
0.662
0.150461
0.413169
0.0796338
0.662
0.155222
0.469499
0.266901
0.195425
0.0944378
0.225029
0.662
0.610396
0.45969
0.0488489
0.453659
0.413031
0.187821
0.41202
0.662
0.662
0.430238
0.574782
0.440327
0.28918
0.429165
0.389159
0.662
0.662
0.662
0.662
0.334567
0.0101531
0.552397
0.116896
0.0676701
0.459811
0.662
0.662
0.662
0.662
0.662
0.440487
0.195743
0.662
0.662
0.662
0.662
0.370061
0.506846
0.662
0.320861
0.662
0.0781315
0.573112
0.25782
0.0842885
0.662
0.322845
0.384037
0.662
0.0691635
0.312655
0.225353
0.662
0.662
0.433079
0.479327
0.0694658
0.662
0.263935
0.662
0.482362
0.359539
0.424484
0.662
0.0341305
0.00808944
0.556509
0.111248
0.138593
0.662
0.662
0.577606
0.289798
0.185878
0.552402
0.662
0.516823
0.405287
0.286726
0.431453
0.662
0.369011
0.0498327
0.282482
0.662
0.662
0.127052
0.662
0.662
0.344682
0.0696197
0.662
0.383395
0.662
0.662
0.35835
0.459822
0.104947
0.221856
0.578094
0.1789
0.300822
0.662
0.598711
0.0457939
0.490563
0.260832
0.531938
0.427357
0.229527
0.587216
0.175383
0.189468
0.0919421
0.264379
0.306678
0.662
0.209149
0.504853
0.194926
0.0968857
0.662
0.63339
0.662
0.120674
0.267026
0.181039
0.28392
0.422895
0.442505
0.662
0.662
0.181193
0.662
0.373768
0.662
0.557582
0.662
0.662
0.662
0.662
0.277839
0.355108
0.201995
0.662
0.104939
0.662
0.662
0.662
0.158035
0.47725
0.662
0.662
0.199506
0.0136932
0.406776
0.662
0.542334
0.116579
0.110217
0.289101
0.589136
0.662
0.138064
0.0981366
0.0448596
0.382468
0.00310528
0.525839
0.0886971
0.662
0.662
0.0607844
0.662
0.662
0.0110219
0.216484
0.662
0.230484
0.581323
0.134361
0.662
0.222503
0.265264
0.662
0.28255
0.662
0.0288971
0.134817
0.32899
0.103431
0.662
0.662
0.312562
0.662
0.662
0.341524
0.043575
0.662
0.662
0.323017
0.42533
0.527471
0.136229
0.270308
0.662
0.662
0.375979
0.237819
0.455666
0.62452
0.0627277
0.662
0.331894
0.662
0.14271
0.662
0.103505
0.319368
0.0144664
0.662
0.257693
0.0636755
0.662
0.408992
0.172657
0.662
0.0949628
0.299302
0.0969654
0.662
0.662
0.311577
0.662
0.106771
0.461739
0.386462
0.0934695
0.477863
0.561276
0.455567
0.0994504
0.328492
0.321246
0.662
0.288264
0.662
0.662
0.230382
0.662
0.126359
0.662
0.255805
0.542257
0.662
0.0632573
0.662
0.662
0.184373
0.252956
0.662
0.662
0.227694
0.205547
0.560129
0.0272562
0.0858172
0.429527
0.195142
0.205887
0.393344
0.172901
0.662
0.340222
0.662
0.220934
0.0263095
0.301849
0.427492
0.662
0.636632
0.189077
0.662
0.0723451
0.662
0.662
0.532111
0.0255539
0.0119136
0.580655
0.152562
0.204977
0.662
0.223215
0.412953
0.662
0.467903
0.446112
0.540835
0.662
0.662
0.544315
0.662
0.662
0.395934
0.662
0.184675
0.363716
0.268015
0.286652
0.217741
0.662
0.662
0.36124
0.662
0.069719
0.662
0.662
0.0116047
0.662
0.662
0.662
0.305076
0.286073
0.608236
0.280301
0.662
0.662
0.662
0.662
0.662
0.662
0.452679
0.662
0.662
0.329432
0.662
0.00419985
0.662
0.662
0.662
0.0631835
0.268343
0.00811614
0.468183
0.557602
0.332536
0.662
0.612097
0.662
0.44824
0.662
0.107791
0.0061013
0.170174
0.0920854
0.662
0.662
0.662
0.662
0.24011
0.662
0.662
0.278384
0.662
0.662
0.433766
0.238769
0.428429
0.201187
0.19255
0.423564
0.662
0.662
0.0497244
0.0560943
0.662
0.662
0.662
0.662
0.0691713
0.662
0.211711
0.662
0.536317
0.164719
0.662
0.662
0.103078
0.662
0.268226
0.276426
0.662
0.662
0.662
0.372705
0.232197
0.106157
0.269363
0.203333
0.662
0.409568
0.662
0.662
0.289393
0.662
0.662
0.070536
0.662
0.34851
0.57891
0.217039
0.507021
0.640298
0.0853786
0.662
0.0677607
0.371468
0.467731
0.164818
0.662
0.662
0.131403
0.662
0.662
0.276795
0.662
0.0999263
0.662
0.662
0.0495196
0.388577
0.49414
0.43561
0.414063
0.564139
0.354306
0.505737
0.662
0.301441
0.662
0.662
0.662
0.167383
0.0322216
0.662
0.662
0.246858
0.435721
0.119352
0.239841
0.0163288
0.662
0.415081
0.640253
0.0509832
0.662
0.662
0.0283509
0.113298
0.662
0.662
0.662
0.662
0.406535
0.448113
0.476015
0.198826
0.662
0.662
0.662
0.121953
0.0181052
0.662
0.662
0.335666
0.3005
0.662
0.662
0.247399
0.0351436
0.296088
0.0367196
0.393368
0.662
0.449453
0.569167
0.662
0.162117
0.069231
0.662
0.662
0.662
0.662
0.662
0.633391
0.0631365
0.462319
0.268926
0.108246
0.662
0.583638
0.042843
0.433841
0.197493
0.662
0.56035
0.662
0.662
0.662
0.649311
0.662
0.410064
0.15041
0.307232
0.286316
0.124189
0.112436
0.662
0.177784
0.662
0.0369238
0.662
0.662
0.480574
0.662
0.539235
0.662
0.662
0.34198
0.495768
0.662
0.662
0.112589
0.267615
0.213366
0.0392601
0.662
0.662
0.662
0.227243
0.208929
0.662
0.246661
0.371418
0.20038
0.502316
0.662
0.412934
0.662
0.662
0.36538
0.662
0.410362
0.242444
0.157149
0.662
0.360937
0.241107
0.375932
0.662
0.136936
0.0984014
0.00961965
0.662
0.662
0.662
0.168171
0.313484
0.662
0.506367
0.394715
0.662
0.662
0.662
0.0105101
0.6563
0.196639
0.0171802
0.286609
0.662
0.662
0.228116
0.583439
0.465496
0.300933
0.662
0.662
0.662
0.00411303
0.459581
0.0548116
0.413637
0.207468
0.291202
0.662
0.358065
0.662
0.662
0.415757
0.662
0.662
0.160582
0.108792
0.662
0.160684
0.662
0.662
0.662
0.0492979
0.25916
0.662
0.292988
0.662
0.662
0.662
0.662
0.662
0.312544
0.50125
0.252803
0.631376
0.48683
0.662
0.247232
0.283452
0.662
0.662
0.662
0.332519
0.231527
0.232879
0.352679
0.662
0.662
0.662
0.615866
0.662
0.544091
0.076529
0.26433
0.662
0.206145
0.662
0.582656
0.662
0.290569
0.313414
0.263906
0.662
0.587079
0.227012
0.0770029
0.662
0.200157
0.108622
0.662
0.228512
0.659765
0.132269
0.175832
0.565898
0.0192511
0.481182
0.662
0.425991
0.482942
0.294299
0.230536
0.193924
0.301076
0.662
0.106978
0.662
0.662
0.662
0.352734
0.439422
0.468425
0.189649
0.662
0.309102
0.366684
0.662
0.46996
0.358276
0.662
0.662
0.484257
0.662
0.0226283
0.662
0.662
0.662
0.662
0.662
0.219658
0.494124
0.662
0.212416
0.486547
0.662
0.662
0.328438
0.662
0.662
0.277123
0.436591
0.611826
0.638297
0.0462235
0.483348
0.662
0.177143
0.210344
0.236211
0.220197
0.662
0.233684
0.662
0.662
0.662
0.185155
0.381403
0.458322
0.138958
0.338792
0.350042
0.662
0.436608
0.662
0.355225
0.662
0.169373
0.662
0.662
0.553247
0.586452
0.48457
0.613145
0.461805
0.291991
0.165819
0.662
0.662
0.662
0.662
0.477531
0.432687
0.662
0.662
0.4732
0.447658
0.507725
0.567662
0.100388
0.330997
0.482537
0.153961
0.662
0.662
0.217796
0.165271
0.177269
0.308104
0.662
0.479611
0.662
0.368322
0.662
0.662
0.217438
0.46908
0.235776
0.662
0.421064
0.419521
0.246575
0.126837
0.19199
0.383417
0.122169
0.218429
0.662
0.404185
0.520146
0.283656
0.662
0.0407998
0.194589
0.0226004
0.662
0.233014
0.662
0.662
0.61902
0.21963
0.0327627
0.110008
0.628715
0.457797
0.495169
0.071716
0.24699
0.662
0.662
0.18973
0.453631
0.395765
0.125901
0.662
0.0568524
0.00552173
0.195657
0.388393
0.662
0.662
0.662
0.473213
0.662
0.439275
0.400411
0.497995
0.662
0.515278
0.349671
0.349878
0.662
0.382464
0.644162
0.662
0.24376
0.186753
0.175139
0.662
0.662
0.662
0.416471
0.464397
0.128371
0.0814446
0.662
0.431954
0.662
0.0111613
0.220408
0.628413
0.388585
0.662
0.662
0.662
0.271109
0.662
0.257286
0.426646
0.343881
0.177961
0.120809
0.662
0.662
0.262027
0.402641
0.329456
0.161761
0.36134
0.258523
0.662
0.662
0.198088
0.662
0.615578
0.662
0.662
0.639491
0.204972
0.307869
0.662
0.494659
0.662
0.463279
0.204504
0.116695
0.662
0.103368
0.110896
0.662
0.629635
0.217577
0.327036
0.280153
0.299289
0.0450933
0.662
0.467464
0.307898
0.662
0.421419
0.49141
0.107884
0.394114
0.124516
0.662
0.247935
0.326097
0.662
0.188155
0.248892
0.662
0.264817
0.662
0.327273
0.662
0.104096
0.662
0.662
0.456726
0.662
0.154079
0.662
0.662
0.662
0.266874
0.646912
0.220472
0.279879
0.662
0.662
0.599634
0.238974
0.334479
0.608392
0.21368
0.662
0.565468
0.662
0.200861
0.365979
0.329611
0.216089
0.662
0.203
0.662
0.374471
0.662
0.662
0.411822
0.620442
0.503045
0.0658772
0.662
0.362081
0.203554
0.410991
0.662
0.211118
0.662
0.662
0.156977
0.662
0.203982
0.662
0.520502
0.335114
0.662
0.10034
0.123398
0.636769
0.41648
0.36427
0.236139
0.136793
0.633391
0.662
0.662
0.513247
0.662
0.662
0.662
0.180429
0.290073
0.660819
0.662
0.357336
0.0912359
0.413102
0.0241521
0.203631
0.662
0.662
0.455572
0.401557
0.662
0.228465
0.258298
0.662
0.369558
0.662
0.618436
0.27278
0.662
0.637169
0.244891
0.662
0.662
0.064217
0.131542
0.285623
0.662
0.187942
0.299875
0.662
0.406486
0.371042
0.662
0.109897
0.586265
0.115623
0.662
0.334046
0.662
0.344016
0.470656
0.575729
0.101987
0.662
0.662
0.0901716
0.0209806
0.637805
0.225397
0.662
0.662
0.638379
0.633545
0.647498
0.662
0.20198
0.102033
0.308896
0.519619
0.150358
0.365312
0.662
0.45127
0.357671
0.0396331
0.203613
0.262533
0.662
0.204053
0.463585
0.168871
0.137992
0.590693
0.239474
0.0549481
0.0326764
0.208755
0.662
0.545346
0.662
0.0742177
0.662
0.662
0.662
0.0826705
0.351151
0.110885
0.662
0.181524
0.662
0.662
0.305924
0.124305
0.2296
0.0865766
0.552099
0.57291
0.380358
0.137585
0.181166
0.502929
0.176993
0.315796
0.405225
0.515049
0.662
0.662
0.186747
0.545156
0.662
0.229904
0.662
0.154043
0.0937614
0.551613
0.0159881
0.236768
0.455316
0.662
0.405761
0.405228
0.662
0.310527
0.416253
0.288157
0.662
0.458612
0.207993
0.392942
0.208275
0.662
0.343483
0.353716
0.0976639
0.662
0.662
0.453107
0.619251
0.420095
0.0628703
0.662
0.662
0.0518039
0.201442
0.662
0.662
0.570043
0.662
0.643259
0.263874
0.35496
0.270756
0.244518
0.232422
0.662
0.00669067
0.188365
0.212084
0.662
0.54531
0.321757
0.394362
0.306367
0.662
0.323427
0.662
0.4648
0.662
0.476946
0.319398
0.186046
0.165399
0.662
0.0816029
0.515501
0.0230779
0.256815
0.662
0.662
0.473472
0.429761
0.662
0.0440649
0.340263
0.662
0.662
0.272131
0.662
0.23153
0.235865
0.662
0.394821
0.662
0.302731
0.147541
0.341279
0.23365
0.391577
0.128338
0.662
0.662
0.662
0.1899
0.662
0.662
0.662
0.255216
0.194895
0.662
0.405006
0.299279
0.437729
0.126871
0.190213
0.662
0.662
0.662
0.4509
0.426802
0.0260148
0.38639
0.10171
0.662
0.284932
0.409907
0.199836
0.142183
0.662
0.662
0.455485
0.458127
0.401002
0.392302
0.662
0.360254
0.19984
0.203465
0.451607
0.662
0.630661
0.00439417
0.109801
0.662
0.422408
0.662
0.662
0.407682
0.422093
0.662
0.266477
0.662
0.0332948
0.148977
0.662
0.332847
0.662
0.389583
0.223724
0.46102
0.662
0.159955
0.150029
0.662
0.0572657
0.268661
0.662
0.662
0.551378
0.662
0.662
0.662
0.412507
0.355501
0.0879728
0.504123
0.306046
0.612465
0.283993
0.291425
0.662
0.342207
0.662
0.107262
0.54079
0.401398
0.209325
0.317544
0.126755
0.019653
0.335372
0.355836
0.590103
0.215784
0.662
0.33944
0.662
0.662
0.302476
0.662
0.662
0.536295
0.0483098
0.324104
0.481018
0.336569
0.662
0.662
0.649035
0.662
0.467819
0.285119
0.0797257
0.00898677
0.154355
0.338333
0.115563
0.605547
0.446992
0.662
0.535912
0.662
0.415059
0.662
0.662
0.662
0.156444
0.662
0.662
0.662
0.662
0.0297625
0.662
0.0830507
0.662
0.268327
0.662
0.267079
0.662
0.306405
0.662
0.0709716
0.662
0.662
0.192492
0.662
0.662
0.662
0.62653
0.662
0.216796
0.662
0.186057
0.20331
0.662
