0.662
0.662
0.367061
0.662
0.662
0.662
0.0707866
0.169698
0.185853
0.390408
0.662
0.242282
0.662
0.662
0.195395
0.662
0.44733
0.409218
0.662
0.662
0.662
0.662
0.40975
0.393002
0.662
0.17876
0.358704
0.338508
0.10505
0.0583656
0.279983
0.240811
0.662
0.422107
0.00512431
0.662
0.662
0.441965
0.428754
0.662
0.662
0.29403
0.24535
0.662
0.295997
0.315049
0.121439
0.662
0.662
0.391373
0.197844
0.361413
0.662
0.166072
0.662
0.662
0.39422
0.277564
0.311012
0.662
0.499445
0.272201
0.286904
0.422236
0.329157
0.120202
0.504487
0.662
0.320047
0.104473
0.662
0.166918
0.662
0.415698
0.223844
0.00855076
0.662
0.1521
0.107128
0.662
0.202763
0.365691
0.650801
0.179172
0.561171
0.13
0.336578
0.662
0.449172
0.417528
0.230261
0.168667
0.31472
0.253338
0.662
0.662
0.186327
0.0896377
0.662
0.662
0.662
0.662
0.121625
0.109138
0.662
0.375972
0.662
0.662
0.0511227
0.182114
0.662
0.0464504
0.662
0.462075
0.338308
0.636505
0.662
0.212539
0.163401
0.662
0.662
0.243754
0.298993
0.103954
0.349133
0.109994
0.0643315
0.186168
0.0152826
0.0236288
0.662
0.0443131
0.45275
0.662
0.311167
0.662
0.165852
0.0150772
0.522149
0.0243068
0.15673
0.456664
0.440126
0.387251
0.313054
0.662
0.188632
0.662
0.343107
0.215746
0.245899
0.662
0.217824
0.4579
0.662
0.662
0.662
0.511878
0.502602
0.104122
0.662
0.662
0.361993
0.464238
0.175833
0.487005
0.548535
0.662
0.290427
0.23422
0.508953
0.428474
0.502565
0.353821
0.662
0.363105
0.653766
0.662
0.662
0.251671
0.662
0.662
0.599799
0.274183
0.662
0.445223
0.662
0.621574
0.662
0.370011
0.358783
0.0978161
0.662
0.265068
0.662
0.662
0.662
0.638189
0.0855782
0.662
0.662
0.662
0.662
0.0348143
0.662
0.537661
0.197315
0.662
0.46322
0.662
0.345403
0.167735
0.0376428
0.128044
0.126579
0.338193
0.662
0.662
0.662
0.594229
0.662
0.662
0.662
0.0129332
0.662
0.376262
0.130306
0.459777
0.336287
0.662
0.414988
0.415054
0.088128
0.662
0.662
0.662
0.456298
0.662
0.564975
0.613601
0.206914
0.271739
0.662
0.21637
0.19364
0.662
0.662
0.0269886
0.662
0.662
0.306198
0.423892
0.662
0.222756
0.662
0.323444
0.0130177
0.474654
0.194216
0.468353
0.471489
0.662
0.103576
0.320508
0.662
0.125891
0.0744558
0.265137
0.122281
0.289413
0.193364
0.0245614
0.358651
0.487172
0.0975162
0.516902
0.571042
0.280681
0.226162
0.662
0.358665
0.662
0.433896
0.662
0.201114
0.662
0.0813521
0.403953
0.662
0.662
0.114154
0.221683
0.662
0.662
0.172392
0.662
0.662
0.478561
0.197029
0.459364
0.662
0.662
0.518152
0.104556
0.353587
0.662
0.0459061
0.455344
0.149357
0.0135601
0.222758
0.116644
0.662
0.341207
0.493177
0.32237
0.445541
0.140423
0.662
0.139447
0.10771
0.476871
0.164934
0.102625
0.422321
0.159154
0.662
0.462808
0.461869
0.301712
0.449738
0.282339
0.504023
0.662
0.424511
0.569132
0.123709
0.274956
0.104033
0.662
0.352797
0.0993418
0.28765
0.214319
0.662
0.662
0.567451
0.0566564
0.477147
0.662
0.662
0.0156977
0.662
0.602876
0.662
0.608859
0.662
0.662
0.662
0.662
0.179
0.662
0.662
0.0487037
0.0270834
0.662
0.387064
0.662
0.642177
0.662
0.23818
0.662
0.662
0.662
0.662
0.0354826
0.269831
0.299356
0.262698
0.196582
0.474097
0.662
0.465984
0.662
0.662
0.172592
0.662
0.450859
0.438069
0.419137
0.28679
0.662
0.250723
0.662
0.213415
0.662
0.662
0.130972
0.360742
0.662
0.199762
0.501229
0.0056722
0.201306
0.662
0.151173
0.292469
0.662
0.662
0.416314
0.265452
0.173236
0.167772
0.0165599
0.662
0.628445
0.619482
0.662
0.406345
0.0845046
0.377037
0.662
0.184256
0.421537
0.367106
0.000768711
0.435599
0.184119
0.109627
0.662
0.234806
0.272392
0.546691
0.32498
0.435684
0.662
0.662
0.10875
0.662
0.465436
0.662
0.300728
0.662
0.185136
0.467901
0.109049
0.662
0.662
0.237001
0.662
0.19333
0.202373
0.662
0.626554
0.417537
0.643872
0.662
0.388264
0.662
0.662
0.258847
0.662
0.662
0.239841
0.312096
0.662
0.662
0.381843
0.493172
0.662
0.662
0.407221
0.435285
0.433321
0.2314
0.478843
0.662
0.424635
0.662
0.147518
0.662
0.662
0.662
0.662
0.662
0.0299625
0.327797
0.458524
0.0628497
0.662
0.662
0.662
0.662
0.662
0.662
0.662
0.662
0.662
0.662
0.204857
0.21684
0.291259
0.0490366
0.476289
0.259966
0.289383
0.305806
0.657287
0.662
0.269342
0.662
0.107988
0.162294
0.224397
0.193744
0.583919
0.662
0.454088
0.11607
0.662
0.662
0.178696
0.410731
0.505158
0.662
0.662
0.662
0.31958
0.662
0.662
0.662
0.386326
0.4903
0.662
0.662
0.662
0.662
0.574036
0.403172
0.220706
0.0643137
0.662
0.39512
0.662
0.662
0.662
0.662
0.456852
0.434915
0.662
0.212699
0.662
0.282151
0.411168
0.0442042
0.0744212
0.662
0.474845
0.222193
0.433769
0.102041
0.662
0.372981
0.662
0.46641
0.54257
0.662
0.381157
0.391964
0.00904899
0.662
0.133181
0.345067
0.662
0.662
0.662
0.456872
0.221174
0.161102
0.63221
0.662
0.662
0.286259
0.662
0.381417
0.662
0.259689
0.662
0.409523
0.275555
0.0356353
0.224434
0.163301
0.0404599
0.108489
0.0742078
0.662
0.337055
0.429438
0.208361
0.154915
0.273875
0.662
0.436551
0.662
0.662
0.322137
0.383958
0.474382
0.662
0.662
0.455128
0.318521
0.662
0.351651
0.662
0.128777
0.662
0.662
0.662
0.500167
0.641459
0.662
0.199077
0.207053
0.511129
0.400848
0.192278
0.370929
0.662
0.432461
0.0148314
0.662
0.561709
0.662
0.157471
0.589229
0.662
0.349286
0.465139
0.320353
0.662
0.662
0.256803
0.300615
0.319491
0.662
0.662
0.381718
0.0457224
0.662
0.498985
0.207166
0.662
0.121637
0.292708
0.250807
0.394637
0.662
0.662
0.206305
0.276287
0.143145
0.39586
0.226581
0.662
0.662
0.165809
0.662
0.287205
0.269204
0.662
0.662
0.147479
0.662
0.100633
0.0844258
0.363247
0.450542
0.662
0.261272
0.317953
0.662
0.000480457
0.117516
0.214906
0.0587246
0.662
0.662
0.662
0.103992
0.662
0.473446
0.367654
0.549381
0.662
0.501072
0.662
0.28363
0.416988
0.662
0.469539
0.113083
0.461914
0.662
0.15301
0.662
0.662
0.662
0.40177
0.280664
0.102623
0.336872
0.582193
0.662
0.662
0.662
0.346213
0.662
0.662
0.4549
0.473636
0.519838
0.328605
0.258573
0.386619
0.0494998
0.113706
0.0553094
0.662
0.662
0.662
0.662
0.395784
0.210176
0.662
0.033305
0.233833
0.662
0.260835
0.662
0.476055
0.620157
0.662
0.305242
0.221608
0.341873
0.380592
0.662
0.324788
0.132896
0.662
0.234397
0.183382
0.662
0.437319
0.179948
0.287302
0.645217
0.662
0.662
0.662
0.294586
0.0774988
0.276496
0.213673
0.190544
0.662
0.218158
0.0497775
0.540805
0.22664
0.0983783
0.662
0.662
0.0680289
0.662
0.429831
0.265343
0.253098
0.662
0.166476
0.288264
0.131033
0.491188
0.196593
0.184638
0.0851413
0.454884
0.28577
0.22307
0.216671
0.0453531
0.662
0.23375
0.662
0.18238
0.662
0.662
0.662
0.193596
0.662
0.662
0.662
0.662
0.398397
0.303881
0.61066
0.662
0.000299991
0.509693
0.378636
0.125284
0.190137
0.231469
0.440876
0.662
0.662
0.662
0.662
0.598711
0.052742
0.153207
0.662
0.150298
0.131385
0.534418
0.662
0.273042
0.0616423
0.199881
0.24934
0.202696
0.209832
0.366632
0.662
0.662
0.662
0.662
0.662
0.235135
0.285212
0.662
0.662
0.140734
0.184429
0.485415
0.177764
0.625921
0.662
0.348384
0.662
0.662
0.363433
0.0390451
0.662
0.53436
0.0220048
0.662
0.232279
0.662
0.662
0.215948
0.662
0.662
0.662
0.0995072
0.140381
0.662
0.215791
0.00178617
0.277392
0.410104
0.662
0.662
0.0332116
0.662
0.237664
0.394042
0.662
0.397186
0.272104
0.662
0.222092
0.393217
0.662
0.26073
0.124415
0.662
0.662
0.662
0.662
0.662
0.263166
0.662
0.662
0.0358841
0.455475
0.363993
0.201299
0.662
0.662
0.662
0.662
0.662
0.471691
0.0583347
0.441611
0.662
0.662
0.293225
0.162405
0.0395814
0.280177
0.662
0.336712
0.347575
0.662
0.662
0.334846
0.467582
0.349149
0.662
0.135053
0.662
0.269657
0.662
0.662
0.448393
0.0439529
0.662
0.662
0.13175
0.662
0.181879
0.378168
0.20978
0.155076
0.662
0.206963
0.662
0.162651
0.53092
0.302875
0.0243791
0.175266
0.408913
0.452717
0.242534
0.662
0.662
0.662
0.662
0.269886
0.238391
0.185999
0.662
0.180311
0.662
0.45353
0.0147745
0.439506
0.198062
0.313944
0.0968836
0.662
0.662
0.662
0.13712
0.662
0.662
0.662
0.19008
0.122892
0.35911
0.211487
0.662
0.282186
0.00536452
0.662
0.662
0.662
0.0841439
0.0954442
0.411892
0.662
0.0816979
0.133848
0.409354
0.198262
0.662
0.223292
0.662
0.2038
0.662
0.311636
0.47003
0.662
0.01107
0.662
0.250334
0.192659
0.662
0.662
0.10806
0.111344
0.413906
0.662
0.662
0.662
0.398278
0.00359406
0.360504
0.344558
0.215182
0.258905
0.475788
0.00755839
0.662
0.662
0.288753
0.537601
0.452527
0.0625703
0.662
0.662
0.662
0.140016
0.0542467
0.33106
0.057281
0.584226
0.434645
0.394162
0.579674
0.662
0.662
0.662
0.381844
0.662
0.662
0.0341838
0.0923372
0.296301
0.499151
0.662
0.0485231
0.662
0.117556
0.662
0.243194
0.529267
0.662
0.662
0.242064
0.427132
0.662
0.662
0.183137
0.662
0.521199
0.48976
0.0780898
0.662
0.0720963
0.404975
0.196644
0.662
0.58779
0.399658
0.234124
0.662
0.662
0.014309
0.662
0.289875
0.662
0.123635
0.223941
0.261243
0.0717504
0.176095
0.253636
0.662
0.662
0.662
0.662
0.25746
0.662
0.178458
0.662
0.0423046
0.430917
0.662
0.233235
0.370637
0.662
0.215685
0.189767
0.662
0.2696
0.459944
0.662
0.662
0.0944288
0.449696
0.662
0.662
0.662
0.662
0.33706
0.378484
0.662
0.525275
0.662
0.12892
0.194836
0.573121
0.264063
0.164126
0.431848
0.662
0.317563
0.116735
0.556334
0.183274
0.662
0.409569
0.662
0.662
0.662
0.160023
0.352913
0.000340998
0.289823
0.662
0.170763
0.471633
0.0617504
0.662
0.662
0.662
0.246177
0.662
0.662
0.0475593
0.0404024
0.343477
0.366175
0.662
0.0867167
0.362422
0.157322
0.486539
0.662
0.184964
0.662
0.202317
0.125622
0.290201
0.662
0.00389391
0.233403
0.662
0.662
0.146899
0.662
0.0370035
0.599792
0.490361
0.662
0.662
0.662
0.231602
0.662
0.338478
0.559812
0.333566
0.183012
0.200842
0.382644
0.404069
0.662
0.662
0.146396
0.187442
0.307454
0.662
0.662
0.263063
0.522191
0.0440559
0.345335
0.0307193
0.210623
0.179673
0.402732
0.662
0.544175
0.662
0.662
0.514286
0.116989
0.561869
0.393886
0.283553
0.0195085
0.592632
0.474826
0.662
0.662
0.106887
0.246445
0.662
0.662
0.0798428
0.122691
0.142374
0.190844
0.662
0.662
0.252736
0.130634
0.662
0.550847
0.329437
0.662
0.462797
0.662
0.471186
0.662
0.0316685
0.662
0.523259
0.511742
0.102033
0.662
0.662
0.417098
0.47132
0.193737
0.169132
0.0887824
0.662
0.0513708
0.662
0.662
0.354745
0.151984
0.265666
0.662
0.662
0.35632
0.662
0.662
0.662
0.189136
0.662
0.365732
0.662
0.662
0.662
0.49436
0.214011
0.132279
0.0303472
0.662
0.449138
0.231069
0.662
0.662
0.662
0.662
0.662
0.662
0.662
0.662
0.662
0.662
0.366697
0.288287
0.39439
0.273459
0.317445
0.300307
0.157218
0.662
0.662
0.662
0.22267
0.558029
0.165742
0.454254
0.38208
0.662
0.662
0.662
0.197123
0.25591
0.662
0.662
0.662
0.166213
0.662
0.186178
0.662
0.456206
0.662
0.662
0.59868
0.399703
0.377925
0.662
0.662
0.515226
0.108399
0.0930219
0.662
0.662
0.642734
0.234841
0.662
0.38192
0.42498
0.371154
0.662
0.472798
0.0867756
0.662
0.662
0.662
0.0957102
0.208674
0.625032
0.176137
0.662
0.558807
0.161407
0.158963
0.662
0.662
0.193575
0.363971
0.386451
0.662
0.662
0.408463
0.170261
0.0832602
0.0556038
0.261927
0.452988
0.258627
0.102334
0.662
0.662
0.210441
0.0880879
0.662
0.0706663
0.457164
0.0993351
0.371136
0.114215
0.662
0.662
0.246517
0.662
0.570256
0.0946911
0.0705486
0.245382
0.662
0.662
0.426672
0.0872744
0.101656
0.662
0.373665
0.215794
0.20546
0.30592
0.136877
0.0223147
0.021605
0.662
0.662
0.406479
0.440549
0.457444
0.222139
0.355497
0.662
0.0625738
0.25045
0.430002
0.662
0.662
0.0309416
0.662
0.385844
0.237983
0.141231
0.662
0.15835
0.662
0.222442
0.368503
0.532087
0.662
0.451087
0.138058
0.662
0.318486
0.191651
0.0439933
0.662
0.29071
0.464254
0.0160023
0.662
0.395817
0.0553759
0.152565
0.662
0.662
0.662
0.662
0.662
0.662
0.0624567
0.662
0.162312
0.190788
0.350521
0.297894
0.201855
0.519452
0.662
0.662
0.649546
0.662
0.347528
0.662
0.662
0.662
0.662
0.662
0.662
0.662
0.662
0.631151
0.00433128
0.497156
0.193899
0.277299
0.469937
0.205131
0.2119
0.662
0.662
0.662
0.41776
0.662
0.662
0.236558
0.272278
0.0025636
0.20063
0.269945
0.662
0.662
0.632101
0.662
0.662
0.662
0.286345
0.662
0.191783
0.662
0.330809
0.116582
0.278377
0.257371
0.346518
0.13967
0.393434
0.662
0.548402
0.662
0.402617
0.291851
0.158827
0.172742
0.0640449
0.319061
0.00469914
0.662
0.662
0.662
0.662
0.421184
0.434456
0.22706
0.662
0.25962
0.662
0.17465
0.51221
0.00960568
0.25255
0.662
0.295545
0.0575448
0.662
0.557517
0.0282293
0.361386
0.282328
0.662
0.119854
0.117511
0.00767328
0.357693
0.125961
0.0210864
0.299089
0.618867
0.479179
0.662
0.519424
0.139355
0.662
0.0764172
0.662
0.087229
0.386539
0.373076
0.620593
0.10551
0.662
0.220514
0.527876
0.448517
0.153818
0.533249
0.0880787
0.0768607
0.394864
0.380972
0.492796
0.11715
0.662
0.512433
0.506921
0.662
0.662
0.662
0.272415
0.34122
0.031694
0.0337204
0.260888
0.368577
0.418387
0.662
0.301387
0.471267
0.0855523
0.662
0.662
0.662
0.31084
0.167498
0.120652
0.323587
0.0459863
0.126089
0.662
0.662
0.0650229
0.662
0.662
0.662
0.403142
0.662
0.581566
0.63339
0.636625
0.662
0.662
0.662
0.662
0.495003
0.662
0.430177
0.20053
0.37905
0.662
0.662
0.242022
0.662
0.184116
0.0865198
0.662
0.214125
0.0517047
0.554009
0.191685
0.520089
0.322986
0.662
0.238393
0.0770501
0.662
0.181335
0.137686
0.107003
0.181561
0.0172547
0.372877
0.662
0.662
0.662
0.50047
0.512132
0.313681
0.309139
0.38772
0.0148565
0.423459
0.662
0.662
0.662
0.662
0.662
0.662
0.662
0.662
0.662
0.44405
0.428026
0.662
0.662
0.282844
0.662
0.215227
0.327451
0.410955
0.420033
0.662
0.662
0.00859485
0.20274
0.145245
0.662
0.445053
0.662
0.662
0.273984
0.335262
0.662
0.56933
0.351727
0.442244
0.2765
0.449633
0.662
0.662
0.341701
0.581204
0.662
0.0397501
0.110874
0.278381
0.249322
0.565044
0.429241
0.662
0.369117
0.518136
0.302185
0.229173
0.662
0.662
0.662
0.398355
0.232841
0.662
0.269677
0.662
0.0253575
0.310078
0.477237
0.435878
0.197992
0.662
0.281851
0.218295
0.197635
0.0369558
0.558097
0.34368
0.0730454
0.315167
0.0726644
0.662
0.662
0.662
0.466448
0.105919
0.403422
0.662
0.662
0.335922
0.662
0.483669
0.228876
0.0483287
0.413407
0.451421
0.662
0.662
0.65601
0.662
0.662
0.404254
0.662
0.172885
0.0721132
0.336828
0.160338
0.662
0.193478
0.19309
0.397309
0.195765
0.662
0.399558
0.662
0.207589
0.233566
0.230237
0.662
0.607779
0.162597
0.0542325
0.0662089
0.0421532
0.39486
0.662
0.370154
0.662
0.208302
0.498979
0.285778
0.467956
0.662
0.662
0.503814
0.183341
0.201132
0.203508
0.373752
0.360423
0.160982
0.0357059
0.0266718
0.224545
0.662
0.40965
0.662
0.096352
0.219607
0.662
0.395196
0.662
0.662
0.578546
0.155423
0.448636
0.472946
0.662
0.314879
0.662
0.138451
0.0123668
0.083007
0.0410908
0.244704
0.150232
0.662
0.318323
0.215947
0.145547
0.357573
0.662
0.226845
0.662
0.262161
0.194005
0.376543
0.340626
0.19057
0.135492
0.662
0.658755
0.662
0.368719
0.63827
0.347223
0.662
0.177422
0.0918601
0.662
0.144139
0.186708
0.149979
0.272069
0.233219
0.662
0.601447
0.662
0.662
0.440718
0.662
0.0745563
0.662
0.42699
0.662
0.448141
0.314105
0.662
0.2662
0.226307
0.469802
0.662
0.662
0.206194
0.662
0.337489
0.180216
0.533857
0.483724
0.662
0.270461
0.662
0.460344
0.0271207
0.00825919
0.194388
0.560243
0.662
0.235228
0.662
0.662
0.136122
0.0729016
0.177045
0.435795
0.662
0.662
0.12319
0.360412
0.662
0.662
0.662
0.401634
0.204217
0.366243
0.169393
0.0320947
0.0557868
0.662
0.662
0.662
0.0652402
0.433943
0.0730634
0.101542
0.662
0.112605
0.461348
0.0777483
0.187344
0.662
0.662
0.662
0.662
0.662
0.0812891
0.662
0.662
0.318239
0.662
0.225654
0.0625117
0.468735
0.662
0.505892
0.414242
0.298724
0.291242
0.282963
0.284732
0.231012
0.606446
0.140733
0.366309
0.653103
0.191506
0.662
0.309595
0.383097
0.341416
0.0944495
0.211121
0.662
0.662
0.662
0.586341
0.662
0.479633
0.662
0.662
0.226935
0.188975
0.115335
0.140596
0.662
0.489686
0.167137
0.0779285
0.179168
0.662
0.662
0.662
0.662
0.0315893
0.346581
0.414606
0.432768
0.300198
0.276452
0.394085
0.662
0.662
0.651567
0.662
0.555324
0.662
0.0112919
0.662
0.412029
0.342614
0.662
0.00364579
0.227946
0.662
0.662
0.50368
0.183708
0.221003
0.606312
0.662
0.662
0.247321
0.25725
0.325242
0.662
0.0987087
0.385724
0.561488
0.248667
0.201194
0.613716
0.533179
0.32067
0.594433
0.301369
0.115916
0.662
0.194664
0.0921188
0.662
0.662
0.397971
0.375611
0.434122
0.192562
0.34494
0.662
0.461436
0.662
0.169462
0.41608
0.525562
0.662
0.209256
0.662
0.662
0.130233
0.662
0.256695
0.662
0.662
0.173692
0.662
0.122339
0.375462
0.355091
0.243328
0.391499
0.24927
0.475256
0.129836
0.662
0.476543
0.241904
0.266028
0.240816
0.148183
0.581762
0.238396
0.500748
0.323145
0.662
0.487001
0.25155
0.662
0.662
0.211751
0.159242
0.662
0.662
0.0313664
0.662
0.219096
0.358927
0.662
0.54366
0.206325
0.397208
0.168869
0.662
0.126549
0.662
0.662
0.00312935
0.662
0.662
0.213517
0.662
0.662
0.167262
0.662
0.0817598
0.206687
0.592173
0.662
0.345359
0.534655
0.551881
0.662
0.242194
0.166719
0.227954
0.418768
0.662
0.325633
0.662
0.662
0.275989
0.662
0.33141
0.225513
0.0732731
0.577869
0.662
0.662
0.662
0.519048
0.146919
0.662
0.214269
0.219246
0.585619
0.662
0.662
0.271314
0.662
0.447419
0.140376
0.662
0.523543
0.229991
0.186596
0.382525
0.156902
0.372775
0.196564
0.568877
0.0376305
0.165685
0.662
0.662
0.662
0.347642
0.389546
0.4438
0.662
0.662
0.662
0.158197
0.0110701
0.161554
0.214245
0.445634
0.333152
0.195987
0.446887
0.662
0.18356
0.662
0.260903
0.662
0.662
0.662
0.362474
0.233738
0.37045
0.662
0.197077
0.514189
0.441264
0.662
0.231696
0.562191
0.215734
0.168482
0.662
0.662
0.0546826
0.487159
0.38672
0.346382
0.662
0.662
0.662
0.662
0.662
0.39507
0.662
0.266519
0.25115
0.662
0.219244
0.662
0.449977
0.662
0.319274
0.0393412
0.251321
0.283877
0.662
0.39292
0.363219
0.662
0.513005
0.662
0.0789218
0.439378
0.662
0.662
0.403522
0.391944
0.211878
0.41034
0.662
0.0619665
0.662
0.662
0.415844
0.662
0.662
0.662
0.233044
0.389847
0.436175
0.351932
0.0132396
0.369876
0.662
0.0602128
0.662
0.662
0.517602
0.356396
0.0974265
0.662
0.178399
0.662
0.662
0.348948
0.444036
0.158607
0.327397
0.0345451
0.27825
0.0631554
0.0551024
0.542951
0.644406
0.510679
0.662
0.662
0.181039
0.662
0.354814
0.662
0.494954
0.128914
0.430537
0.214312
0.662
0.662
0.250035
0.230515
0.662
0.662
0.319507
0.630598
0.168708
0.662
0.0533431
0.469228
0.174078
0.197002
0.662
0.662
0.662
0.383531
0.662
0.662
0.338747
0.381205
0.195151
0.36178
0.0373073
0.016472
0.58845
0.578268
0.269354
0.662
0.368555
0.366731
0.633256
0.434742
0.203849
0.368443
0.662
0.662
0.561242
0.245334
0.198615
0.213728
0.436243
0.662
0.662
0.454135
0.433825
0.662
0.443016
0.662
0.662
0.662
0.662
0.662
0.662
0.662
0.385683
0.398395
0.662
0.175505
0.122254
0.23248
0.662
0.411564
0.562948
0.206209
0.14434
0.662
0.193648
0.662
0.662
0.435207
0.15973
0.553697
0.106871
0.0844043
0.145708
0.662
0.551467
0.662
0.461374
0.0113672
0.343283
0.662
0.662
0.360527
0.167761
0.560559
0.37308
0.0431255
0.276629
0.662
0.47522
0.432728
0.347933
0.0110664
0.434619
0.662
0.662
0.50277
0.662
0.412984
0.662
0.154873
0.00928623
0.322071
0.662
0.336633
0.560521
0.662
0.662
0.662
0.123155
0.181202
0.662
0.0373892
0.316829
0.529459
0.19573
0.468937
0.327513
0.0233813
0.316944
0.662
0.662
0.399728
0.217101
0.124237
0.0725755
0.269324
0.138311
0.00822725
0.662
0.662
0.662
0.662
0.662
0.662
0.346415
0.577755
0.662
0.0361863
0.662
0.050193
0.662
0.662
0.456016
0.662
0.662
0.619639
0.152643
0.200403
0.662
0.213193
0.662
0.662
0.662
0.633694
0.580536
0.326342
0.20609
0.0656264
0.403359
0.272159
0.662
0.494375
0.216629
0.662
0.407515
0.662
0.150124
0.285797
0.662
0.413444
0.662
0.570478
0.662
0.402191
0.221352
0.218682
0.449411
0.662
0.662
0.662
0.220986
0.378757
0.662
0.662
0.343926
0.264286
0.662
0.432848
0.222875
0.121815
0.377284
0.662
0.560499
0.109527
0.662
0.21991
0.333149
0.13532
0.0766135
0.204806
0.0517237
0.0352693
0.22819
0.259859
0.576585
0.0413027
0.366523
0.154655
0.662
0.327872
0.320672
0.0739016
0.186272
0.662
0.0308629
0.36784
0.662
0.614977
0.141581
0.342613
0.297816
0.0682377
0.662
0.40234
0.373012
0.405687
0.378209
0.662
0.189545
0.193229
0.13006
0.662
0.470684
0.662
0.662
0.662
0.331178
0.0320078
0.662
0.550013
0.195705
0.0504279
0.140396
0.204071
0.11218
0.209801
0.462013
0.578002
0.662
0.386327
0.662
0.276842
0.236592
0.572781
0.145205
0.375969
0.373286
0.574855
0.292251
0.412475
0.662
0.662
0.358205
0.179281
0.00670507
0.634437
0.0150938
0.662
0.662
0.129482
0.662
0.662
0.662
0.137531
0.662
0.0278438
0.652918
0.662
0.658055
0.115182
0.012718
0.0235985
0.662
0.477124
0.662
0.309851
0.454088
0.149473
0.662
0.662
0.662
0.188884
0.00394755
0.234159
0.169044
0.076012
0.662
0.662
0.119167
0.662
0.570232
0.386953
0.018942
0.495972
0.289162
0.662
0.0382932
0.0974123
0.419443
0.662
0.278454
0.621784
0.189526
0.662
0.247947
0.662
0.662
0.475544
0.662
0.444371
0.311817
0.662
0.303613
0.205416
0.189664
0.161469
0.662
0.662
0.662
0.662
0.662
0.631817
0.562144
0.390104
0.114112
0.047726
0.140052
0.662
0.132902
0.166837
0.662
0.491401
0.662
0.310865
0.312297
0.385063
0.546389
0.662
0.435699
0.662
0.386592
0.296563
0.536419
0.539259
0.568924
0.419115
0.390585
0.662
0.186657
0.135329
0.662
0.662
0.21837
0.662
0.277966
0.662
0.662
0.48157
0.662
0.403697
0.662
0.103178
0.662
0.662
0.662
0.662
0.662
0.18196
0.172531
0.662
0.196035
0.208293
0.662
0.426826
0.0155821
0.361224
0.633694
0.662
0.662
0.177831
0.234629
0.151046
0.194188
0.280377
0.662
0.662
0.428532
0.113563
0.202366
0.278395
0.185914
0.641119
0.662
0.662
0.507203
0.662
0.327882
0.659792
0.170152
0.662
0.662
0.341707
0.202292
0.505189
0.662
0.328896
0.662
0.362913
0.394784
0.662
0.441591
0.344273
0.342165
0.238865
0.2548
0.224509
0.662
0.662
0.278878
0.065769
0.333905
0.441486
0.662
0.662
0.378251
0.211548
0.662
0.17351
0.19993
0.528185
0.662
0.662
0.334321
0.00419786
0.415758
0.180284
0.151911
0.662
0.662
0.662
0.184781
0.662
0.662
0.662
0.00909277
0.422167
0.409277
0.453498
0.372589
0.0229539
0.0651362
0.561639
0.0961353
0.076681
0.662
0.0363552
0.662
0.366486
0.662
0.662
0.662
0.662
0.628114
0.280326
0.23846
0.308901
0.193955
0.0554465
0.261792
0.603002
0.662
0.325978
0.662
0.662
0.181249
0.235057
0.574216
0.34144
0.164989
0.453403
0.208613
0.662
0.303929
0.662
0.0170426
0.188666
0.0467307
0.157687
0.255951
0.659873
0.662
0.148847
0.139005
0.136351
0.115134
0.407943
0.662
0.297119
0.217433
0.455156
0.662
0.188851
0.0790664
0.0555449
0.467885
0.662
0.336366
0.305313
0.662
0.149871
0.143677
0.662
0.662
0.40076
0.27213
0.318673
0.662
0.662
0.662
0.336265
0.0847041
0.216234
0.662
0.0927464
0.240701
0.0482735
0.129024
0.0257078
0.662
0.662
0.662
0.0888206
0.662
0.405492
0.346564
0.662
0.662
0.662
0.0902615
0.030742
0.662
0.194903
0.276885
0.223886
0.274226
0.662
0.435934
0.24904
0.309305
0.150142
0.142648
0.662
0.662
0.446474
0.0398599
0.29855
0.224423
0.317878
0.662
0.147097
0.457363
0.43481
0.287484
0.572173
0.174882
0.662
0.562447
0.235687
0.238308
0.662
0.662
0.662
0.0187229
0.662
0.662
0.0906965
0.429625
0.307492
0.342727
0.662
0.662
0.370472
0.470848
0.662
0.358356
0.061361
0.139767
0.662
0.0140134
0.069546
0.385329
0.257891
0.471201
0.662
0.207514
0.662
0.426852
0.662
0.216518
0.356377
0.064558
0.295668
0.413631
0.128604
0.316085
0.662
0.662
0.477339
0.287765
0.662
0.203478
0.662
0.0967526
0.0815258
0.662
0.227844
0.201472
0.291928
0.443153
0.00466173
0.273614
0.662
0.662
0.234112
0.326846
0.662
0.662
0.662
0.182017
0.231475
0.0715596
0.261083
0.662
0.282084
0.662
0.0187118
0.198374
0.662
0.189215
0.662
0.267036
0.12268
0.00375353
0.393355
0.396022
0.662
0.662
0.2031
0.662
0.153385
0.662
0.0611563
0.636348
0.0381757
0.662
0.349104
0.394665
0.321007
0.490095
0.567806
0.267856
0.457354
0.467911
0.662
0.662
0.0393764
0.48056
0.417617
0.230871
0.120582
0.29493
0.662
0.313146
0.662
0.662
0.633391
0.662
0.498534
0.122505
0.662
0.479824
0.245972
0.662
0.662
0.372565
0.354846
0.250123
0.662
0.320844
0.449044
0.473706
0.361705
0.30026
0.662
0.662
0.543089
0.287501
0.623477
0.662
0.198185
0.0870699
0.420698
0.662
0.662
0.662
0.662
0.662
0.662
0.22586
0.662
0.0296854
0.0738313
0.421793
0.206252
0.382837
0.209366
0.662
0.156185
0.662
0.662
0.593663
0.457836
0.662
0.135402
0.0421553
0.575865
0.451912
0.238254
0.0902725
0.517732
0.237707
0.662
0.662
0.662
0.440429
0.172212
0.662
0.0792605
0.502866
0.410125
0.12498
0.662
0.347355
0.662
0.662
0.662
0.0409825
0.187212
0.246008
0.651385
0.322777
0.387014
0.273325
0.0322207
0.181844
0.662
0.357711
0.662
0.662
0.144146
0.662
0.662
0.2455
0.534836
0.209182
0.662
0.662
0.198819
0.316323
0.253872
0.360552
0.130676
0.662
0.553674
0.0170982
0.182471
0.453906
0.045264
0.662
0.347744
0.194556
0.313764
0.400587
0.662
0.662
0.662
0.662
0.407114
0.29655
0.00737794
0.0485408
0.204666
0.662
0.365826
0.662
0.302892
0.662
0.515534
0.662
0.542287
0.395219
0.313218
0.662
0.0397469
0.0369713
0.662
0.662
0.662
0.426949
0.369833
0.662
0.662
0.21553
0.662
0.249983
0.662
0.662
0.662
0.479423
0.319929
0.662
0.312988
0.662
0.662
0.469855
0.662
0.229502
0.170984
0.395684
0.0734927
0.456905
0.304328
0.135679
0.481814
0.662
0.662
0.662
0.662
0.463701
0.662
0.662
0.195954
0.662
0.662
0.662
0.206753
0.662
0.662
0.149813
0.160384
0.627746
0.248753
0.527068
0.397965
0.662
0.42674
0.410781
0.470676
0.662
0.662
0.353003
0.336838
0.356309
0.056967
0.662
0.0379374
0.662
0.467869
0.662
0.662
0.629748
0.662
0.0500468
0.0904345
0.662
0.307561
0.413271
0.662
0.0968837
0.309148
0.662
0.107599
0.101674
0.0408948
0.535796
0.141776
0.353274
0.196994
0.177875
0.662
0.180875
0.662
0.662
0.216458
0.258193
0.400999
0.662
0.248156
0.662
0.0667182
0.179467
0.319799
0.198611
0.662
0.662
0.662
0.662
0.120607
0.537598
0.347076
0.476142
0.355638
0.215193
0.662
0.0461611
0.662
0.488082
0.128983
0.229303
0.38038
0.556783
0.0944951
0.149733
0.662
0.145604
0.662
0.208869
0.33311
0.431026
0.222325
0.253966
0.258932
0.206778
0.110933
0.662
0.270986
0.249456
0.392571
0.136285
0.285154
0.316648
0.375203
0.662
0.238531
0.662
0.662
0.140331
0.214923
0.22898
0.662
0.142987
0.662
0.350284
0.433862
0.344643
0.662
0.0765308
0.178853
0.201861
0.246559
0.545243
0.441698
0.662
0.589795
0.0150127
0.0725912
0.237536
0.186869
0.662
0.205548
0.662
0.662
0.104875
0.662
0.534198
0.662
0.662
0.268812
0.41366
0.258274
0.662
0.35741
0.662
0.466139
0.662
0.0238419
0.662
0.662
0.0374744
0.662
0.662
0.662
0.662
0.522316
0.662
0.662
0.315184
0.174393
0.0360118
0.342893
0.404991
0.662
0.0808275
0.662
0.287867
0.549894
0.236793
0.243761
0.662
0.434663
0.43221
0.662
0.662
0.542055
0.488749
0.662
0.662
0.662
0.662
0.662
0.662
0.47376
0.227802
0.662
0.402993
0.387986
0.131192
0.00235689
0.191434
0.384935
0.662
0.102265
0.662
0.662
0.381476
0.190736
0.662
0.228568
0.154748
0.662
0.662
0.170789
0.662
0.662
0.662
0.131489
0.126541
0.429609
0.662
0.194386
0.662
0.380722
0.124787
0.662
0.591831
0.172941
0.157281
0.222502
0.641982
0.662
0.662
0.0136094
0.662
0.435648
0.395787
0.203216
0.129568
0.419335
0.662
0.434698
0.372707
0.662
0.0600486
0.623062
0.662
0.46156
0.410056
0.483683
0.662
0.637605
0.662
0.131422
0.0800314
0.416669
0.662
0.662
0.662
0.662
0.461081
0.453845
0.662
0.662
0.523598
0.662
0.662
0.168662
0.662
0.112088
0.339878
0.205491
0.176251
0.0829729
0.21488
0.329859
0.217502
0.662
0.662
0.662
0.662
0.662
0.380753
0.300977
0.343432
0.662
0.280158
0.308174
0.231497
0.662
0.662
0.662
0.662
0.113157
0.662
0.0583558
0.2517
0.520088
0.662
0.194292
0.662
0.143882
0.454975
0.0433431
0.129852
0.662
0.662
0.400382
0.393167
0.117757
0.0210555
0.260726
0.662
0.276214
0.662
0.184127
0.662
0.193668
0.0799401
0.662
0.662
0.266989
0.440407
0.662
0.575944
0.662
0.382743
0.633045
0.0430873
0.662
0.453261
0.594022
0.219619
0.0465246
0.20862
0.112694
0.662
0.228951
0.1927
0.471326
0.131744
0.662
0.227121
0.420721
0.195591
0.539515
0.560869
0.431436
0.662
0.216735
0.662
0.662
0.281208
0.662
0.662
0.143993
0.662
0.219473
0.384909
0.563565
0.167766
0.173203
0.662
0.662
0.662
0.280144
0.662
0.400118
0.662
0.373921
0.662
0.209822
0.625654
0.662
0.02897
0.256585
0.184544
0.243199
0.589707
0.383505
0.574174
0.462962
0.153636
0.662
0.662
0.662
0.131483
0.31009
0.588029
0.662
0.0345477
0.119677
0.234274
0.477063
0.662
0.662
0.662
0.571248
0.403695
0.453459
0.35089
0.662
0.211757
0.425961
0.371906
0.483353
0.354904
0.325347
0.278082
0.45956
0.662
0.275364
0.662
0.536227
0.269104
0.662
0.662
0.662
0.662
0.342359
0.390064
0.227852
0.662
0.662
0.662
0.360733
0.0820865
0.18885
0.662
0.113823
0.662
0.119854
0.576614
0.458543
0.167328
0.25421
0.662
0.259058
0.117467
0.456518
0.0407778
0.662
0.197469
0.131693
0.662
0.250445
0.274256
0.289165
0.20356
0.289758
0.360407
0.057035
0.259971
0.662
0.662
0.662
0.205082
0.640128
0.0918545
0.662
0.662
0.662
0.13524
0.662
0.118007
0.662
0.662
0.546715
0.00993508
0.56921
0.662
0.662
0.662
0.662
0.168224
0.362468
0.662
0.282373
0.0279346
0.202782
0.662
0.662
0.662
0.0931464
0.662
0.662
0.299262
0.176911
0.633694
0.139571
0.662
0.662
0.210913
0.0763118
0.0816997
0.00285832
0.244022
0.251868
0.162174
0.283424
0.027263
0.662
0.329531
0.59359
0.397213
0.662
0.662
0.492913
0.317325
0.422705
0.372887
0.662
0.0189558
0.662
0.662
0.662
0.662
0.2103
0.662
0.273644
0.662
0.662
0.662
0.142619
0.662
0.152261
0.662
0.662
0.442422
0.295723
0.293537
0.118302
0.662
0.662
0.662
0.29629
0.662
0.0786841
0.366724
0.0481138
0.617032
0.0613028
0.247147
0.333147
0.662
0.657577
0.276166
0.39243
0.662
0.059981
0.134628
0.662
0.02983
0.662
0.53468
0.135805
0.08105
0.117425
0.486143
0.232136
0.375969
0.201406
0.662
0.662
0.102882
0.662
0.638791
0.662
0.662
0.467635
0.662
0.662
0.662
0.221856
0.662
0.433078
0.270629
0.0999363
0.662
0.268389
0.372951
0.426879
0.662
0.662
0.140747
0.662
0.662
0.662
0.277871
0.489393
0.662
0.0527123
0.0926131
0.284665
0.354715
0.308222
0.143964
0.378786
0.0152985
0.173363
0.248255
0.662
0.373788
0.335551
0.371305
0.314066
0.398785
0.662
0.441886
0.368557
0.662
0.230877
0.478527
0.662
0.631726
0.576171
0.143929
0.13615
0.662
0.18529
0.080229
0.217982
0.336661
0.438409
0.363688
0.477101
0.148813
0.662
0.662
0.662
0.208301
0.662
0.189131
0.662
0.662
0.662
0.662
0.463312
0.545238
0.145144
0.662
0.125844
0.228284
0.662
0.662
0.662
0.048547
0.662
0.662
0.269835
0.309591
0.386803
0.071242
0.231764
0.48834
0.0373776
0.662
0.662
0.227604
0.375099
0.662
0.662
0.250948
0.662
0.160994
0.662
0.0409405
0.16879
0.020885
0.172237
0.0656648
0.662
0.375554
0.386029
0.662
0.19299
0.288509
0.244837
0.238562
0.662
0.139061
0.191701
0.662
0.263775
0.662
0.31037
0.42086
0.662
0.662
0.403336
0.662
0.662
0.205068
0.662
0.0764824
0.662
0.290579
0.152623
0.662
0.662
0.662
0.268699
0.662
0.403051
0.662
0.488797
0.217612
0.0140252
0.446255
0.62049
0.662
0.380026
0.439268
0.662
0.662
0.09248
0.662
0.382201
0.448232
0.0175506
0.624893
0.230081
0.128522
0.202008
0.662
0.662
0.662
0.424973
0.662
0.455384
0.662
0.130137
0.252484
0.38831
0.662
0.438872
0.159086
0.453363
0.662
0.662
0.297791
0.249473
0.662
0.662
0.173156
0.662
0.486689
0.662
0.192095
0.0658384
0.662
0.662
0.662
0.662
0.662
0.00350863
0.662
0.662
0.662
0.450429
0.0368411
0.662
0.177116
0.462115
0.662
0.662
0.611432
0.529689
0.282378
0.662
0.220773
0.090457
0.662
0.139242
0.561683
0.662
0.662
0.396435
0.125904
0.184554
0.238784
0.470679
0.295589
0.662
0.662
0.157539
0.237028
0.662
0.328622
0.662
0.49454
0.662
0.211411
0.662
0.662
0.298056
0.560955
0.272481
0.486789
0.640407
0.41701
0.292585
0.662
0.268053
0.0782962
0.633694
0.336905
0.150405
0.426004
0.662
0.662
0.0518948
0.278702
0.00849308
0.662
0.662
0.100875
0.0428323
0.495522
0.472163
0.662
0.351379
0.662
0.488982
0.425382
0.467979
0.423719
0.116646
0.197692
0.101717
0.365156
0.623315
0.264888
0.450782
0.113415
0.662
0.662
0.420618
0.662
0.170228
0.662
0.469345
0.00237557
0.662
0.662
0.286588
0.0692468
0.110237
0.279921
0.233296
0.662
0.662
0.200599
0.194927
0.0905029
0.461523
0.662
0.662
0.377125
0.662
0.662
0.339179
0.235427
0.662
0.138597
0.662
0.662
0.251123
0.662
0.662
0.264412
0.438904
0.214018
0.190912
0.662
0.662
0.662
0.662
0.443254
0.373996
0.267611
0.162389
0.384367
0.332496
0.662
0.654137
0.662
0.240984
0.518753
0.0776524
0.217676
0.658108
0.131631
0.662
0.662
0.662
0.0422587
0.0616532
0.662
0.662
0.578873
0.662
0.140166
0.282792
0.253466
0.522695
0.662
0.322457
0.115146
0.662
0.546585
0.662
0.662
0.662
0.322388
0.310974
0.170059
0.024898
0.0233045
0.610426
0.650315
0.319131
0.200579
0.289184
0.584037
0.191167
0.316289
0.304743
0.662
0.272512
0.386015
0.197034
0.435581
0.662
0.662
0.106165
0.490835
0.459452
0.0770908
0.294327
0.178564
0.0162242
0.662
0.662
0.0849407
0.255206
0.15851
0.437366
0.65012
0.34819
0.00735213
0.499617
0.59777
0.662
0.293724
0.662
0.662
0.662
0.528886
0.260862
0.662
0.538029
0.242002
0.180174
0.184785
0.662
0.662
0.662
0.662
0.662
0.0343854
0.224189
0.662
0.202773
0.154847
0.154408
0.353035
0.57759
0.227885
0.0171996
0.662
0.662
0.662
0.60758
0.152825
0.138325
0.0954969
0.46865
0.662
0.171209
0.234165
0.196844
0.503259
0.625413
0.662
0.236165
0.352229
0.173118
0.662
0.432425
0.0428747
0.662
0.177098
0.270349
0.524311
0.662
0.158858
0.662
0.436351
0.662
0.107177
0.116484
0.056351
0.662
0.442799
0.334435
0.223727
0.249861
0.197717
0.234486
0.662
0.662
0.662
0.215541
0.428647
0.0543835
0.662
0.550523
0.32728
0.198761
0.231362
0.33271
0.483319
0.662
0.662
0.662
0.0657647
0.325116
0.662
0.662
0.662
0.372501
0.205923
0.173618
0.662
0.0178283
0.662
0.222743
0.662
0.2097
0.354718
0.275422
0.662
0.662
0.662
0.23054
0.286501
0.400035
0.202987
0.331944
0.398634
0.12083
0.662
0.389029
0.433158
0.481204
0.662
0.662
0.662
0.144973
0.208043
0.662
0.50468
0.295037
0.483711
0.188307
0.662
0.368178
0.662
0.424363
0.242387
0.662
0.662
0.662
0.299265
0.0701752
0.150661
0.390816
0.431274
0.566526
0.177599
0.162402
0.184626
0.0217886
0.662
0.641357
0.662
0.662
0.278191
0.662
0.134028
0.662
0.4598
0.495953
0.662
0.220382
0.00711477
0.208239
0.662
0.10693
0.437538
0.121592
0.324271
0.175049
0.180382
0.662
0.644003
0.662
0.318548
0.662
0.0537678
0.078817
0.167408
0.596153
0.0979931
0.0942143
0.0557234
0.354007
0.662
0.662
0.284023
0.662
0.662
0.189703
0.225104
0.662
0.559922
0.464998
0.342736
0.662
0.370605
0.662
0.0282484
0.451413
0.18761
0.662
0.504825
0.662
0.662
0.662
0.158176
0.662
0.662
0.662
0.0117898
0.130488
0.444859
0.662
0.366914
0.331227
0.662
0.570856
0.552498
0.100103
0.433647
0.662
0.301885
0.426124
0.662
0.0770818
0.191348
0.662
0.413575
0.441099
0.035014
0.131789
0.662
0.0608064
0.21619
0.238823
0.0607077
0.282177
0.662
0.123562
0.462466
0.261887
0.244503
0.45747
0.337778
0.0487922
0.202108
0.0904168
0.662
0.662
0.662
0.662
0.398589
0.329252
0.0640551
0.373506
0.440938
0.134098
0.0611807
0.245568
0.662
0.64259
0.259906
0.662
0.395723
0.247236
0.517981
0.662
0.241424
0.102899
0.662
0.15409
0.300654
0.662
0.662
0.180963
0.662
0.600584
0.662
0.0184144
0.477668
0.662
0.662
0.662
0.507845
0.662
0.662
0.164784
0.205661
0.184921
0.00778468
0.662
0.662
0.160451
0.175776
0.19953
0.662
0.112279
0.662
0.254567
0.432155
0.662
0.273375
0.240272
0.0954222
0.11817
0.662
0.0330298
0.259488
0.662
0.20493
0.562445
0.301499
0.662
0.662
0.177526
0.443222
0.223408
0.416702
0.662
0.377736
0.208097
0.662
0.0102378
0.111538
0.602527
0.0829873
0.230407
0.075492
0.570313
0.257552
0.272759
0.662
0.662
0.662
0.662
0.24522
0.200654
0.662
0.206547
0.265677
0.442196
0.662
0.183023
0.232099
0.143571
0.662
0.662
0.275598
0.344303
0.662
0.332481
0.662
0.154587
0.166355
0.501031
0.662
0.188003
0.457138
0.381175
0.662
0.662
0.00847503
0.154293
0.238446
0.428649
0.334849
0.656902
0.662
0.0670045
0.202654
0.282354
0.662
0.362773
0.0555793
0.0290403
0.662
0.662
0.662
0.603186
0.662
0.662
0.662
0.662
0.662
0.381219
0.271305
0.341358
0.334136
0.236655
0.0740374
0.385122
0.33279
0.662
0.662
0.192991
0.34513
0.662
0.662
0.662
0.393648
0.270603
0.227428
0.415662
0.662
0.662
0.375652
0.605096
0.662
0.662
0.378392
0.284867
0.662
0.647652
0.662
0.453096
0.459961
0.242983
0.265648
0.662
0.662
0.207911
0.433444
0.0461925
0.662
0.662
0.108884
0.547316
0.662
0.479401
0.102203
0.662
0.662
0.165232
0.662
0.630792
0.436041
0.662
0.398467
0.559261
0.662
0.582579
0.662
0.154715
0.0844772
0.662
0.403963
0.209671
0.662
0.12017
0.314078
0.0345463
0.662
0.229032
0.662
0.503998
0.662
0.662
0.662
0.0588836
0.202017
0.162333
0.662
0.235585
0.662
0.479907
0.489702
0.0774475
0.662
0.0678303
0.38467
0.251366
0.662
0.662
0.395151
0.374779
0.311885
0.511348
0.190303
0.325386
0.662
0.598176
0.11873
0.113558
0.370472
0.609108
0.202514
0.578831
0.0427177
0.234451
0.204821
0.662
0.662
0.270619
0.360923
0.662
0.662
0.0775094
0.22734
0.208217
0.12073
0.662
0.371234
0.0291047
0.542292
0.222049
0.662
0.662
0.373377
0.232855
0.435183
0.0434732
0.487764
0.662
0.254834
0.417377
0.4779
0.26047
0.267773
0.517254
0.471698
0.662
0.662
0.662
0.0198326
0.333469
0.662
0.662
0.079184
0.434918
0.662
0.662
0.11627
0.662
0.662
0.144216
0.0639321
0.409554
0.298208
0.662
0.326185
0.458052
0.506543
0.662
0.662
0.332182
0.000934547
0.398114
