0.391449
0.662
0.179796
0.204294
0.170598
0.662
0.662
0.293524
0.129529
0.48967
0.10145
0.286226
0.662
0.136245
0.662
0.358163
0.0843057
0.662
0.035528
0.662
0.662
0.662
0.337711
0.141308
0.662
0.339965
0.485819
0.662
0.662
0.0651525
0.101996
0.662
0.658107
0.662
0.196391
0.243009
0.605093
0.662
0.662
0.662
0.0282414
0.662
0.662
0.135717
0.662
0.413081
0.227124
0.217315
0.607051
0.662
0.407428
0.662
0.193565
0.492036
0.662
0.140965
0.133975
0.662
0.113906
0.0440013
0.662
0.147264
0.329184
0.156091
0.662
0.662
0.446907
0.382335
0.662
0.257403
0.662
0.298548
0.662
0.662
0.662
0.662
0.662
0.393556
0.428323
0.531668
0.26431
0.0476954
0.662
0.662
0.442918
0.62458
0.490057
0.662
0.231309
0.662
0.172605
0.247627
0.662
0.662
0.180661
0.297061
0.0874806
0.192424
0.322678
0.0312533
0.662
0.662
0.662
0.596094
0.0889428
0.248394
0.480455
0.302119
0.662
0.662
0.300663
0.461939
0.662
0.0774742
0.662
0.662
0.228345
0.662
0.322992
0.662
0.109146
0.662
0.517601
0.662
0.662
0.186134
0.15424
0.395153
0.128907
0.431202
0.313086
0.0296514
0.662
0.662
0.0223662
0.187251
0.168609
0.0285153
0.432648
0.099838
0.662
0.662
0.160954
0.0228933
0.662
0.358993
0.662
0.662
0.662
0.0652199
0.662
0.0791067
0.662
0.662
0.662
0.219466
0.559169
0.362882
0.662
0.0668024
0.0685086
0.662
0.224326
0.361451
0.662
0.272886
0.420852
0.329908
0.662
0.0531847
0.55195
0.28723
0.201634
0.114417
0.218116
0.0235517
0.460196
0.662
0.096144
0.662
0.122291
0.360152
0.00434186
0.662
0.0684986
0.662
0.662
0.35524
0.0752231
0.662
0.322753
0.0191258
0.400155
0.662
0.212939
0.177773
0.662
0.337287
0.330479
0.224945
0.662
0.279912
0.227045
0.662
0.192456
0.662
0.662
0.662
0.662
0.127744
0.662
0.662
0.477714
0.20627
0.513426
0.662
0.0533704
0.49739
0.351652
0.662
0.0582545
0.105793
0.308188
0.105452
0.662
0.662
0.662
0.413535
0.662
0.015443
0.662
0.23895
0.242426
0.662
0.662
0.244049
0.662
0.662
0.238604
0.662
0.0982802
0.216431
0.434352
0.662
0.442728
0.0279243
0.467806
0.0257938
0.190552
0.662
0.662
0.318058
0.662
0.0692354
0.633391
0.234605
0.662
0.662
0.662
0.662
0.422045
0.265607
0.0528092
0.662
0.0555909
0.247486
0.448156
0.250734
0.188801
0.57462
0.405879
0.645485
0.435827
0.243223
0.372889
0.49024
0.662
0.379773
0.204788
0.406145
0.422769
0.107942
0.05023
0.374
0.362779
0.270444
0.662
0.354427
0.324552
0.104671
0.662
0.662
0.245386
0.136405
0.171879
0.662
0.216542
0.662
0.279942
0.00644543
0.198721
0.155115
0.361659
0.376079
0.270018
0.662
0.662
0.662
0.662
0.662
0.142718
0.662
0.662
0.206172
0.662
0.662
0.662
0.089959
0.0631267
0.476332
0.155832
0.662
0.662
0.0419261
0.0488956
0.246765
0.662
0.662
0.235743
0.662
0.662
0.324623
0.662
0.662
0.223094
0.0917804
0.0543449
0.160681
0.412349
0.00696555
0.414818
0.662
0.662
0.491227
0.662
0.662
0.662
0.391448
0.662
0.136338
0.169239
0.662
0.662
0.662
0.379004
0.23435
0.662
0.659173
0.0617312
0.476304
0.662
0.149662
0.4699
0.31929
0.662
0.270896
0.662
0.662
0.662
0.662
0.475171
0.662
0.550957
0.662
0.662
0.662
0.662
0.196518
0.662
0.635592
0.122745
0.190132
0.272204
0.662
0.662
0.457203
0.662
0.0848664
0.149847
0.112461
0.15473
0.500114
0.662
0.277862
0.423441
0.133864
0.170676
0.662
0.414087
0.295832
0.139364
0.662
0.662
0.350222
0.662
0.662
0.464491
0.662
0.662
0.271353
0.208601
0.662
0.189185
0.336875
0.662
0.228714
0.662
0.662
0.662
0.662
0.438675
0.00124168
0.417007
0.662
0.662
0.662
0.26618
0.662
0.128421
0.136128
0.0227982
0.662
0.662
0.662
0.662
0.662
0.238686
0.235357
0.662
0.662
0.461813
0.662
0.18674
0.133803
0.662
0.361705
0.271801
0.0802746
0.368782
0.367118
0.662
0.226839
0.452464
0.210295
0.231031
0.143902
0.662
0.662
0.233145
0.111134
0.134557
0.662
0.662
0.662
0.392935
0.662
0.201324
0.420326
0.591732
0.662
0.43922
0.5675
0.662
0.0857878
0.437636
0.275428
0.662
0.223565
0.662
0.192829
0.287502
0.238434
0.454968
0.357555
0.146888
0.662
0.662
0.0401781
0.261931
0.343617
0.662
0.470396
0.442397
0.451818
0.0823361
0.662
0.215865
0.341939
0.662
0.662
0.662
0.286555
0.662
0.662
0.662
0.0218444
0.460879
0.197145
0.153691
0.662
0.662
0.662
0.662
0.377514
0.00844282
0.201226
0.166801
0.662
0.22423
0.662
0.662
0.241135
0.542498
0.307246
0.662
0.146691
0.527877
0.203283
0.215211
0.15184
0.0538242
0.199796
0.662
0.409558
0.662
0.662
0.169283
0.393804
0.662
0.255434
0.364996
0.662
0.112297
0.238518
0.169122
0.0871743
0.662
0.662
0.0833787
0.662
0.309829
0.297656
0.426916
0.383504
0.167859
0.662
0.662
0.662
0.249612
0.36326
0.116047
0.217115
0.218294
0.308226
0.471632
0.502937
0.188
0.662
0.584995
0.662
0.159066
0.455617
0.155897
0.662
0.0398691
0.397002
0.387952
0.662
0.525739
0.662
0.0674272
0.662
0.402993
0.662
0.283692
0.662
0.290257
0.190432
0.267683
0.0361038
0.24861
0.208942
0.263886
0.273783
0.662
0.662
0.634311
0.0451359
0.517594
0.225272
0.377567
0.662
0.662
0.662
0.376211
0.364455
0.42194
0.0243523
0.279842
0.245835
0.501113
0.451643
0.227861
0.624788
0.331363
0.662
0.384917
0.10693
0.142331
0.485066
0.662
0.403653
0.662
0.662
0.662
0.662
0.432236
0.508473
0.662
0.0685857
0.662
0.239519
0.662
0.662
0.319681
0.662
0.216805
0.662
0.662
0.24525
0.111151
0.432807
0.662
0.510271
0.662
0.662
0.147135
0.122596
0.662
0.662
0.662
0.662
0.662
0.662
0.365727
0.37594
0.291914
0.240144
0.662
0.438439
0.295737
0.199361
0.662
0.168034
0.662
0.380301
0.662
0.662
0.0918104
0.0474375
0.662
0.34556
0.662
0.145075
0.662
0.662
0.304408
0.457859
0.290125
0.173893
0.662
0.369442
0.368692
0.662
0.131245
0.478153
0.00978573
0.123376
0.662
0.247949
0.161438
0.662
0.259302
0.216337
0.546947
0.662
0.167263
0.229726
0.174552
0.662
0.30762
0.662
0.662
0.662
0.0423139
0.0780592
0.662
0.203013
0.662
0.157568
0.156026
0.662
0.428089
0.0300093
0.135315
0.662
0.53848
0.253562
0.220523
0.191899
0.296613
0.22802
0.285158
0.662
0.26289
0.427454
0.662
0.662
0.282143
0.394174
0.374199
0.662
0.48002
0.244811
0.662
0.662
0.662
0.11439
0.27775
0.0082537
0.662
0.488647
0.0332309
0.662
0.201246
0.440707
0.167818
0.226481
0.662
0.237322
0.343257
0.0112225
0.662
0.662
0.220442
0.04519
0.405154
0.322164
0.15203
0.662
0.662
0.662
0.263755
0.662
0.220324
0.22613
0.382188
0.662
0.662
0.662
0.155364
0.662
0.660602
0.444489
0.115964
0.408154
0.0211115
0.224617
0.481003
0.662
0.662
0.137332
0.450646
0.662
0.111108
0.421367
0.310799
0.609932
0.596453
0.471397
0.662
0.333081
0.662
0.396977
0.250641
0.662
0.662
0.662
0.333662
0.197451
0.280103
0.662
0.288521
0.360854
0.662
0.662
0.662
0.225962
0.224794
0.662
0.138702
0.662
0.662
0.662
0.214413
0.662
0.662
0.329798
0.662
0.369331
0.662
0.270146
0.139496
0.662
0.343354
0.184368
0.662
0.662
0.662
0.222171
0.324132
0.341971
0.427643
0.662
0.662
0.305302
0.331417
0.408516
0.140471
0.612295
0.46595
0.357117
0.000528515
0.662
0.368265
0.0500542
0.391528
0.304806
0.00316676
0.662
0.28224
0.208445
0.662
0.429298
0.383345
0.479903
0.137565
0.662
0.254685
0.662
0.456958
0.355511
0.150584
0.113092
0.234547
0.662
0.662
0.496241
0.190105
0.326687
0.211805
0.662
0.0924148
0.452379
0.220502
0.321883
0.300411
0.582292
0.662
0.662
0.34614
0.662
0.662
0.662
0.203344
0.662
0.662
0.662
0.662
0.662
0.414333
0.407605
0.662
0.439722
0.0505527
0.0593157
0.43502
0.662
0.47149
0.662
0.662
0.662
0.0191988
0.171059
0.662
0.358315
0.230034
0.662
0.649674
0.428078
0.662
0.470806
0.662
0.185121
0.662
0.43694
0.662
0.25255
0.413837
0.324302
0.348129
0.369369
0.209408
0.662
0.194208
0.448982
0.364852
0.662
0.470444
0.018712
0.2682
0.453486
0.0189813
0.287906
0.195691
0.475789
0.0900554
0.662
0.366645
0.435097
0.0339259
0.366905
0.319976
0.104816
0.250763
0.662
0.0262096
0.216054
0.442955
0.154967
0.657023
0.149378
0.662
0.349199
0.662
0.60844
0.29578
0.662
0.662
0.18169
0.308502
0.662
0.267374
0.0912135
0.662
0.231515
0.215248
0.123014
0.260625
0.20479
0.662
0.662
0.662
0.662
0.662
0.662
0.129813
0.662
0.662
0.431752
0.662
0.662
0.154523
0.662
0.662
0.253457
0.662
0.662
0.662
0.236232
0.410511
0.662
0.519228
0.662
0.388184
0.430344
0.662
0.366091
0.458146
0.333992
0.662
0.330363
0.662
0.0339779
0.58402
0.662
0.662
0.662
0.662
0.363119
0.482914
0.662
0.662
0.368767
0.662
0.545519
0.2107
0.662
0.457753
0.269047
0.242768
0.662
0.0862205
0.662
0.662
0.662
0.0827019
0.32517
0.378239
0.231973
0.6072
0.291025
0.266418
0.204924
0.662
0.571207
0.662
0.662
0.213726
0.0428222
0.00574315
0.662
0.492752
0.618291
0.277094
0.272999
0.447443
0.662
0.662
0.149518
0.349062
0.374043
0.126955
0.359577
0.662
0.268675
0.126741
0.384274
0.121057
0.662
0.662
0.189877
0.662
0.0375539
0.662
0.662
0.451297
0.604137
0.662
0.289806
0.0330936
0.444748
0.662
0.662
0.190327
0.476437
0.662
0.662
0.662
0.662
0.511741
0.206935
0.362604
0.662
0.662
0.430011
0.315981
0.662
0.501628
0.662
0.377951
0.185802
0.316692
0.329119
0.112269
0.0263433
0.662
0.58195
0.203045
0.0457009
0.165083
0.358433
0.662
0.00706839
0.662
0.309565
0.18354
0.374913
0.662
0.662
0.662
0.192174
0.0514125
0.212284
0.300729
0.230807
0.222501
0.398982
0.00200606
0.662
0.31937
0.280321
0.662
0.272441
0.0445071
0.642955
0.0309875
0.662
0.662
0.389864
0.662
0.213762
0.662
0.386453
0.662
0.437136
0.62648
0.0184228
0.45854
0.170054
0.662
0.355522
0.662
0.235065
0.20298
0.662
0.0483514
0.587853
0.662
0.662
0.662
0.570139
0.662
0.662
0.457632
0.662
0.245636
0.252474
0.255198
0.466383
0.281674
0.325756
0.662
0.260731
0.655376
0.662
0.662
0.260469
0.662
0.662
0.662
0.467007
0.114852
0.483021
0.0661192
0.237019
0.662
0.662
0.662
0.220965
0.245194
0.64566
0.407905
0.103221
0.662
0.165542
0.591745
0.391187
0.567933
0.461098
0.662
0.662
0.499359
0.38342
0.577716
0.662
0.00504857
0.246323
0.270756
0.662
0.662
0.332891
0.410273
0.380539
0.662
0.0811378
0.0857294
0.662
0.662
0.662
0.152101
0.656975
0.0616444
0.662
0.215545
0.126302
0.0550745
0.0131542
0.474108
0.662
0.246878
0.0711664
0.181411
0.662
0.45691
0.195514
0.662
0.00925056
0.324293
0.662
0.571217
0.253242
0.195643
0.179438
0.192352
0.662
0.152547
0.134234
0.399139
0.059218
0.234461
0.445135
0.0063556
0.321342
0.662
0.149953
0.460474
0.402221
0.464893
0.662
0.443564
0.662
0.298231
0.662
0.662
0.662
0.662
0.662
0.106274
0.109248
0.272649
0.662
0.176162
0.472349
0.662
0.662
0.0283227
0.167255
0.662
0.356424
0.308519
0.209968
0.662
0.271603
0.662
0.662
0.662
0.662
0.662
0.662
0.364395
0.286582
0.0548555
0.656429
0.662
0.255549
0.0325661
0.662
0.662
0.662
0.662
0.313876
0.371021
0.085064
0.228956
0.662
0.206596
0.662
0.23042
0.662
0.428746
0.662
0.225272
0.23152
0.662
0.137243
0.0723216
0.662
0.0159777
0.662
0.662
0.662
0.584896
0.0973115
0.662
0.242688
0.662
0.140496
0.00519181
0.207028
0.662
0.332184
0.0343082
0.533748
0.662
0.662
0.365482
0.0153644
0.662
0.500665
0.399256
0.662
0.662
0.415718
0.26781
0.662
0.218001
0.238631
0.0476742
0.343027
0.235003
0.662
0.662
0.462736
0.662
0.210923
0.462766
0.208288
0.0932385
0.285267
0.662
0.662
0.662
0.662
0.662
0.232712
0.130053
0.662
0.247699
0.662
0.662
0.594018
0.662
0.662
0.241723
0.434081
0.473977
0.0913166
0.662
0.662
0.473248
0.227186
0.219093
0.307149
0.435416
0.662
0.662
0.283909
0.357015
0.662
0.662
0.662
0.662
0.216014
0.32534
0.662
0.302356
0.220901
0.294419
0.282401
0.662
0.248794
0.662
0.662
0.662
0.662
0.662
0.463025
0.662
0.221161
0.304148
0.662
0.0920242
0.4675
0.662
0.381471
0.0246968
0.0330497
0.0797234
0.300689
0.227714
0.662
0.662
0.662
0.356374
0.151891
0.662
0.662
0.662
0.201895
0.662
0.0586204
0.662
0.662
0.662
0.334401
0.335856
0.662
0.537005
0.404497
0.424227
0.662
0.380475
0.662
0.0427641
0.662
0.315115
0.223632
0.662
0.161153
0.123421
0.471081
0.662
0.662
0.223917
0.662
0.662
0.662
0.150486
0.444997
0.662
0.662
0.662
0.662
0.273233
0.662
0.662
0.662
0.276434
0.29596
0.662
0.662
0.331026
0.519167
0.662
0.662
0.662
0.534911
0.662
0.198518
0.192245
0.468785
0.236483
0.300253
0.662
0.662
0.197787
0.534811
0.247484
0.564077
0.237682
0.662
0.662
0.0199828
0.382013
0.369124
0.662
0.662
0.662
0.347631
0.0573574
0.396707
0.316721
0.662
0.437977
0.662
0.662
0.204102
0.43404
0.462432
0.0563264
0.0802558
0.109713
0.0237467
0.662
0.550489
0.314311
0.578567
0.662
0.378734
0.115185
0.139907
0.0675758
0.316728
0.662
0.662
0.415159
0.266213
0.662
0.662
0.662
0.662
0.466758
0.662
0.662
0.662
0.662
0.662
0.662
0.161503
0.518794
0.168804
0.55916
0.424364
0.357965
0.662
0.375977
0.662
0.480171
0.662
0.211575
0.362396
0.662
0.662
0.399987
0.662
0.662
0.662
0.662
0.662
0.662
0.441785
0.0246581
0.434988
0.491214
0.662
0.209831
0.662
0.281118
0.662
0.269116
0.281172
0.662
0.0965665
0.662
0.293093
0.662
0.352141
0.662
0.662
0.207838
0.662
0.662
0.662
0.0960336
0.662
0.662
0.662
0.237994
0.662
0.103207
0.134679
0.26371
0.662
0.433452
0.662
0.662
0.662
0.662
0.662
0.662
0.497996
0.205257
0.662
0.412913
0.167643
0.282799
0.662
0.662
0.19704
0.0770288
0.662
0.238354
0.193762
0.335322
0.162308
0.662
0.662
0.514062
0.282079
0.662
0.508867
0.662
0.200465
0.104436
0.662
0.662
0.326071
0.662
0.193894
0.662
0.421486
0.384017
0.0934131
0.662
0.237995
0.176576
0.437561
0.170718
0.662
0.350743
0.662
0.496256
0.662
0.619362
0.662
0.277332
0.223157
0.378739
0.191109
0.164491
0.474716
0.135071
0.662
0.125122
0.662
0.662
0.490978
0.208571
0.214875
0.662
0.662
0.662
0.662
0.0303996
0.0810518
0.662
0.662
0.306358
0.212237
0.45288
0.178026
0.662
0.158155
0.662
0.662
0.247361
0.583672
0.662
0.20426
0.662
0.662
0.662
0.662
0.662
0.662
0.275889
0.209925
0.662
0.662
0.100066
0.418608
0.149392
0.543743
0.133724
0.505478
0.662
0.205894
0.315875
0.662
0.43581
0.662
0.289595
0.418663
0.662
0.372694
0.231373
0.315364
0.520196
0.662
0.662
0.662
0.364259
0.504147
0.514469
0.495394
0.662
0.662
0.352316
0.662
0.662
0.565385
0.662
0.0853662
0.662
0.291564
0.662
0.0373222
0.662
0.187048
0.662
0.662
0.662
0.249833
0.0100398
0.662
0.487425
0.220426
0.448578
0.662
0.662
0.581786
0.662
0.662
0.662
0.662
0.662
0.282124
0.662
0.238665
0.145347
0.662
0.662
0.451796
0.412444
0.662
0.05133
0.662
0.662
0.00382651
0.662
0.474213
0.387875
0.222665
0.662
0.662
0.163911
0.00567651
0.374665
0.662
0.662
0.188578
0.662
0.662
0.0309892
0.662
0.662
0.439654
0.254653
0.30184
0.238948
0.662
0.00793575
0.0452421
0.00681173
0.662
0.0764588
0.0706599
0.194952
0.0470963
0.136775
0.662
0.183061
0.662
0.274033
0.662
0.662
0.662
0.662
0.0483214
0.0993808
0.662
0.457994
0.136626
0.269337
0.0988701
0.0221005
0.279336
0.662
0.662
0.658942
0.662
0.450473
0.662
0.462081
0.662
0.557878
0.253421
0.42177
0.375558
0.662
0.0872613
0.662
0.365172
0.123792
0.352578
0.662
0.662
0.5649
0.662
0.662
0.238844
0.662
0.282241
0.662
0.662
0.662
0.662
0.662
0.662
0.5296
0.662
0.643142
0.662
0.188213
0.662
0.285895
0.662
0.289996
0.272971
0.662
0.662
0.230149
0.662
0.264189
0.187425
0.144162
0.0783036
0.662
0.662
0.662
0.463339
0.662
0.631216
0.208263
0.242741
0.32281
0.491122
0.337559
0.545561
0.146108
0.662
0.230532
0.662
0.102683
0.662
0.414227
0.254439
0.251891
0.662
0.13176
0.200137
0.442439
0.355988
0.294398
0.218258
0.662
0.662
0.662
0.214837
0.662
0.197449
0.364906
0.39304
0.662
0.396368
0.403045
0.662
0.590149
0.18681
0.662
0.445613
0.662
0.662
0.0983896
0.662
0.130482
0.662
0.194817
0.412925
0.662
0.662
0.662
0.40676
0.220633
0.662
0.210274
0.329334
0.133942
0.662
0.662
0.662
0.161274
0.662
0.087816
0.662
0.289032
0.420243
0.662
0.662
0.471463
0.00828096
0.662
0.0223377
0.173754
0.0899097
0.232857
0.0408056
0.662
0.662
0.524495
0.662
0.448203
0.128736
0.361411
0.329083
0.662
0.662
0.197995
0.251416
0.281203
0.309209
0.662
0.662
0.224104
0.44773
0.662
0.267595
0.662
0.662
0.662
0.403417
0.662
0.403133
0.171941
0.113239
0.331646
0.62444
0.119394
0.098472
0.662
0.654256
0.209758
0.259591
0.662
0.323256
0.308031
0.662
0.178159
0.662
0.347222
0.662
0.662
0.189096
0.155741
0.25768
0.662
0.236079
0.662
0.379426
0.662
0.518176
0.662
0.662
0.662
0.0599811
0.485566
0.539533
0.0602941
0.63713
0.104549
0.662
0.412721
0.662
0.139233
0.51957
0.4721
0.39795
0.371613
0.121256
0.662
0.662
0.662
0.406817
0.662
0.662
0.200718
0.396774
0.404667
0.450114
0.662
0.0961311
0.662
0.662
0.286772
0.662
0.0717089
0.662
0.00842892
0.408519
0.207504
0.20104
0.278045
0.650621
0.662
0.662
0.302638
0.274806
0.284323
0.130548
0.662
0.139491
0.207832
0.246967
0.662
0.0994189
0.662
0.662
0.266268
0.0607207
0.662
0.111704
0.662
0.662
0.374883
0.662
0.662
0.111672
0.342865
0.441638
0.662
0.0962387
0.175503
0.225416
0.157991
0.662
0.662
0.201173
0.662
0.139078
0.662
0.662
0.176146
0.662
0.324733
0.662
0.180902
0.355014
0.662
0.359884
0.662
0.0921829
0.227444
0.662
0.457479
0.104775
0.662
0.662
0.286235
0.0115444
0.662
0.429677
0.171176
0.662
0.133968
0.662
0.662
0.148515
0.662
0.662
0.0248811
0.0284206
0.662
0.312436
0.662
0.164817
0.662
0.126253
0.60415
0.261189
0.662
0.662
0.0338297
0.0905702
0.592702
0.662
0.209023
0.192251
0.324413
0.0972463
0.662
0.26314
0.662
0.584394
0.662
0.0951581
0.662
0.211127
0.662
0.480797
0.662
0.662
0.455379
0.662
0.0975333
0.177339
0.11809
0.662
0.662
0.662
0.228679
0.662
0.260034
0.199345
0.338622
0.358116
0.662
0.38249
0.662
0.662
0.286341
0.271151
0.175623
0.450988
0.662
0.283476
0.183806
0.00956049
0.662
0.257767
0.662
0.662
0.0118561
0.384757
0.476303
0.662
0.343621
0.662
0.662
0.293388
0.273859
0.506029
0.662
0.662
0.191891
0.204385
0.21281
0.293385
0.662
0.463926
0.340125
0.662
0.274627
0.662
0.289557
0.0722857
0.459482
0.662
0.662
0.662
0.38145
0.156669
0.662
0.662
0.662
0.462274
0.476618
0.380589
0.662
0.031984
0.662
0.478693
0.256942
0.22856
0.288588
0.662
0.429019
0.662
0.662
0.426822
0.145884
0.379614
0.533581
0.440536
0.0634018
0.662
0.0738645
0.662
0.199788
0.662
0.407303
0.150579
0.662
0.662
0.662
0.460248
0.662
0.662
0.662
0.662
0.662
0.160614
0.662
0.662
0.204093
0.662
0.662
0.459702
0.200119
0.662
0.662
0.662
0.528435
0.662
0.272894
0.192589
0.256051
0.609666
0.662
0.662
0.309451
0.427504
0.662
0.662
0.662
0.662
0.662
0.662
0.662
0.25699
0.189412
0.366784
0.2069
0.662
0.117928
0.662
0.599827
0.195716
0.662
0.662
0.186541
0.662
0.662
0.412253
0.662
0.662
0.662
0.662
0.662
0.407827
0.200924
0.662
0.0180835
0.0543167
0.662
0.565786
0.154977
0.662
0.662
0.662
0.27733
0.662
0.26445
0.476797
0.662
0.23287
0.316616
0.662
0.140515
0.662
0.662
0.286285
0.225855
0.0114556
0.662
0.332241
0.142731
0.13158
0.662
0.315329
0.382202
0.0386838
0.207237
0.206944
0.0740495
0.269349
0.201328
0.662
0.321541
0.273761
0.662
0.192354
0.0337983
0.290764
0.662
0.158362
0.662
0.205739
0.492237
0.328286
0.401955
0.360433
0.662
0.119173
0.662
0.376857
0.119138
0.662
0.662
0.662
0.662
0.315261
0.662
0.00676192
0.397413
0.662
0.470693
0.475698
0.498344
0.342518
0.662
0.238231
0.662
0.197682
0.333125
0.297778
0.662
0.657703
0.662
0.0872316
0.390772
0.300331
0.180284
0.279274
0.42763
0.662
0.662
0.394984
0.662
0.336252
0.662
0.662
0.662
0.662
0.317118
0.472381
0.369183
0.662
0.662
0.186999
0.109558
0.598292
0.24316
0.105194
0.244622
0.662
0.281593
0.662
0.662
0.514171
0.576911
0.636483
0.0447833
0.662
0.662
0.662
0.107795
0.662
0.193376
0.296411
0.662
0.265882
0.347318
0.269761
0.131058
0.194702
0.662
0.662
0.662
0.443977
0.397195
0.41026
0.662
0.656228
0.662
0.662
0.662
0.428986
0.662
0.254791
0.542684
0.0787589
0.652357
0.662
0.47458
0.199954
0.41131
0.662
0.439653
0.140048
0.187065
0.305138
0.662
0.662
0.662
0.662
0.662
0.548784
0.662
0.0237703
0.361727
0.0470052
0.662
0.662
0.662
0.346095
0.306346
0.266749
0.662
0.0860107
0.306421
0.662
0.662
0.662
0.445082
0.332345
0.662
0.662
0.662
0.28577
0.167233
0.155925
0.3361
0.474386
0.0814003
0.662
0.306146
0.245734
0.662
0.030322
0.143139
0.133841
0.662
0.364773
0.254905
0.265018
0.447255
0.286668
0.662
0.662
0.662
0.662
0.142422
0.662
0.662
0.172199
0.178547
0.647985
0.662
0.113157
0.438345
0.430598
0.662
0.662
0.490009
0.169419
0.436592
0.351909
0.384745
0.495202
0.662
0.131263
0.246726
0.62991
0.662
0.124466
0.662
0.386365
0.662
0.662
0.662
0.662
0.379888
0.454851
0.0475198
0.221012
0.252324
0.662
0.662
0.221026
0.662
0.662
0.662
0.662
0.200069
0.152708
0.23775
0.450377
0.662
0.205833
0.662
0.396999
0.662
0.411324
0.662
0.662
0.170913
0.0989914
0.438385
0.662
0.0520249
0.207768
0.434649
0.662
0.662
0.350462
0.0713397
0.228912
0.662
0.662
0.546271
0.406481
0.662
0.662
0.240274
0.662
0.299178
0.217134
0.347396
0.662
0.0655443
0.262494
0.345331
0.44027
0.662
0.662
0.148755
0.238196
0.662
0.662
0.202477
0.00910384
0.231702
0.26741
0.143697
0.197519
0.662
0.0636902
0.662
0.186364
0.662
0.662
0.385396
0.662
0.410327
0.175728
0.123814
0.662
0.662
0.662
0.105635
0.662
0.662
0.262703
0.347526
0.662
0.662
0.662
0.280517
0.0953577
0.0703859
0.378982
0.168615
0.127209
0.525436
0.662
0.0959703
0.26435
0.488226
0.276543
0.320621
0.245025
0.456958
0.662
0.662
0.196824
0.662
0.662
0.662
0.662
0.662
0.357347
0.446186
0.52452
0.0632505
0.106418
0.0629599
0.518724
0.662
0.265017
0.449948
0.662
0.155033
0.172533
0.242178
0.131231
0.662
0.280887
0.662
0.662
0.662
0.662
0.263222
0.093133
0.00631086
0.213388
0.662
0.662
0.662
0.592279
0.4809
0.585822
0.535393
0.662
0.111652
0.0158108
0.297149
0.563152
0.45537
0.173886
0.435971
0.259657
0.662
0.662
0.162761
0.462186
0.386974
0.662
0.215273
0.084802
0.26542
0.662
0.0454532
0.409974
0.662
0.662
0.25561
0.329429
0.0491546
0.662
0.662
0.662
0.156676
0.0953202
0.370877
0.662
0.662
0.346752
0.128764
0.33123
0.662
0.270824
0.510295
0.250879
0.335248
0.281639
0.662
0.662
0.336
0.662
0.662
0.240659
0.316583
0.433732
0.662
0.118958
0.295128
0.656149
0.348189
0.662
0.422617
0.586563
0.442266
0.662
0.281633
0.662
0.15607
0.662
0.328893
0.365895
0.311974
0.234727
0.662
0.331
0.195225
0.425595
0.662
0.662
0.662
0.4585
0.465932
0.662
0.393418
0.0419424
0.133846
0.662
0.662
0.662
0.662
0.115252
0.662
0.0295819
0.267407
0.0780726
0.635159
0.210749
0.00573625
0.217881
0.662
0.662
0.662
0.137895
0.194809
0.189735
0.385802
0.355308
0.166135
0.662
0.205976
0.454488
0.275736
0.132701
0.662
0.329308
0.346652
0.662
0.0114643
0.562851
0.662
0.662
0.0754723
0.662
0.525511
0.464985
0.320304
0.536734
0.202371
0.0368663
0.363471
0.489131
0.315948
0.662
0.362913
0.271267
0.233576
0.662
0.404482
0.662
0.662
0.138589
0.662
0.343375
0.145074
0.662
0.662
0.433723
0.662
0.158585
0.290228
0.662
0.430925
0.662
0.49179
0.662
0.321423
0.590892
0.662
0.169979
0.662
0.156941
0.662
0.662
0.0539779
0.490168
0.206947
0.662
0.000282797
0.0968592
0.662
0.662
0.278707
0.662
0.428877
0.662
0.662
0.390754
0.662
0.405003
0.375832
0.266776
0.124956
0.662
0.461052
0.32429
0.662
0.127952
0.234089
0.387003
0.120392
0.45962
0.662
0.401872
0.662
0.662
0.478244
0.662
0.225728
0.0121773
0.662
0.497269
0.662
0.17908
0.193812
0.167118
0.345123
0.662
0.662
0.298346
0.483331
0.433368
0.662
0.135696
0.418326
0.662
0.12887
0.662
0.662
0.147171
0.662
0.444556
0.662
0.0846133
0.100309
0.0339518
0.662
0.361324
0.458649
0.235985
0.355143
0.219521
0.242914
0.0119443
0.202684
0.662
0.662
0.444189
0.355946
0.341812
0.662
0.0487859
0.467183
0.39325
0.432137
0.563929
0.662
0.662
0.130853
0.25048
0.305038
0.246782
0.178487
0.14048
0.359312
0.662
0.414032
0.267178
0.211545
0.384983
0.348624
0.662
0.420485
0.662
0.225002
0.662
0.662
0.32398
0.35713
0.257331
0.227761
0.382054
0.321217
0.302023
0.662
0.662
0.335044
0.662
0.401366
0.662
0.270442
0.662
0.00212794
0.662
0.121409
0.184877
0.662
0.662
0.452003
0.234795
0.10697
0.422836
0.662
0.662
0.321858
0.662
0.159029
0.662
0.529317
0.662
0.662
0.662
0.393599
0.342126
0.446973
0.178458
0.319116
0.662
0.662
0.0623619
0.22804
0.615902
0.17041
0.373013
0.342621
0.227504
0.123837
0.339933
0.662
0.260487
0.159659
0.0203521
0.455146
0.662
0.662
0.662
0.662
0.0687251
0.398034
0.214192
0.662
0.0994982
0.662
0.662
0.662
0.662
0.662
0.100415
0.242482
0.662
0.450543
0.182658
0.471031
0.662
0.235472
0.210305
0.359491
0.0856291
0.126211
0.662
0.662
0.115665
0.662
0.133304
0.0983286
0.662
0.0520591
0.662
0.144056
0.662
0.662
0.239712
0.0691887
0.2162
0.662
0.662
0.662
0.173472
0.662
0.662
0.261347
0.185534
0.662
0.232307
0.662
0.662
0.102072
0.225144
0.13069
0.662
0.189723
0.0333621
0.662
0.662
0.662
0.427657
0.662
0.0487865
0.105792
0.662
0.662
0.662
0.662
0.662
0.662
0.418714
0.662
0.274602
0.662
0.662
0.662
0.437255
0.229209
0.662
0.176656
0.662
0.662
0.662
0.00146711
0.117612
0.662
0.662
0.256914
0.662
0.662
0.335447
0.59502
0.426441
0.662
0.662
0.484631
0.356047
0.662
0.662
0.328865
0.662
0.47456
0.0197387
0.662
0.434231
0.327364
0.184562
0.662
0.662
0.662
0.662
0.141877
0.189174
0.150948
0.662
0.401429
0.0863587
0.662
0.270941
0.0316433
0.662
0.662
0.299305
0.0154275
0.662
0.662
0.172852
0.662
0.662
0.482296
0.539412
0.31073
0.474223
0.332731
0.662
0.662
0.134229
0.432913
0.662
0.662
0.217561
0.662
0.128666
0.202568
0.493787
0.662
0.662
0.44261
0.662
0.570261
0.662
0.423506
0.388088
0.0981801
0.129268
0.459909
0.662
0.496146
0.291248
0.272032
0.397394
0.441204
0.662
0.662
0.235791
0.662
0.662
0.662
0.200537
0.249875
0.278552
0.662
0.530116
0.353442
0.662
0.206145
0.290821
0.627447
0.662
0.662
0.662
0.47228
0.662
0.546558
0.662
0.538828
0.662
0.662
0.662
0.662
0.0851915
0.662
0.0679918
0.416588
0.662
0.415461
0.243924
0.281728
0.29665
0.314079
0.662
0.662
0.662
0.0165663
0.213022
0.365801
0.662
0.179946
0.0949862
0.662
0.662
0.356376
0.662
0.662
0.477027
0.203722
0.662
0.213132
0.662
0.662
0.662
0.44983
0.55266
0.196115
0.662
0.662
0.662
0.662
0.662
0.662
0.662
0.125231
0.249332
0.662
0.00272323
0.291337
0.662
0.143221
0.662
0.662
0.217141
0.307714
0.182038
0.0528898
0.200781
0.662
0.662
0.662
0.171669
0.169798
0.662
0.275269
0.230313
0.126689
0.405151
0.0139116
0.344671
0.662
0.375082
0.0604126
0.149919
0.233403
0.662
0.662
0.445992
0.0580003
0.282288
0.246138
0.662
0.0109318
0.662
0.662
0.224552
0.239835
0.315553
0.157084
0.662
0.374564
0.524531
0.211586
0.204649
0.44716
0.475225
0.662
0.662
0.662
0.662
0.253241
0.313
0.348834
0.662
0.188066
0.662
0.0206096
0.123935
0.315265
0.662
0.662
0.203405
0.51769
0.662
0.662
0.662
0.285455
0.399187
0.187628
0.224224
0.662
0.187108
0.662
0.662
0.329323
0.198891
0.4616
0.662
0.0275883
0.112054
0.662
0.180877
0.261407
0.256644
0.0838791
0.662
0.662
0.400781
0.662
0.662
0.35859
0.662
0.662
0.145195
0.662
0.318837
0.168708
0.264997
0.329301
0.0396876
0.199975
0.343691
0.662
0.163949
0.445932
0.192702
0.417978
0.0367403
0.662
0.662
0.187198
0.662
0.340032
0.662
0.662
0.372318
0.662
0.165663
0.662
0.169763
0.297629
0.662
0.119382
0.662
0.662
0.406703
0.370385
0.662
0.405314
0.145625
0.662
0.662
0.571435
0.153056
0.662
0.662
0.440841
0.662
0.430945
0.315243
0.342217
0.662
0.662
0.662
0.662
0.410665
0.206574
0.662
0.297653
0.662
0.215101
0.0848838
0.141427
0.284044
0.363881
0.494983
0.662
0.662
0.236803
0.662
0.165904
0.213141
0.395552
0.213363
0.345361
0.662
0.662
0.662
0.187889
0.136964
0.662
0.155655
0.662
0.269132
0.125659
0.662
0.662
0.593367
0.359234
0.662
0.15511
0.662
0.662
0.00609434
0.662
0.269552
0.198907
0.0144406
0.0557561
0.440971
0.360209
0.662
0.0534024
0.122942
0.662
0.240164
0.0424317
0.662
0.662
0.222567
0.37273
0.662
0.248064
0.662
0.662
0.541108
0.662
0.33956
0.642454
0.662
0.662
0.662
0.500539
0.270278
0.662
0.662
0.662
0.662
0.297114
0.216313
0.167556
0.182863
0.155981
0.550436
0.662
0.662
0.196564
0.480669
0.662
0.236814
0.128683
0.662
0.0802163
0.526454
0.361752
0.662
0.624941
0.662
0.207592
0.227301
0.388197
0.455449
0.49103
0.447223
0.514576
0.518205
0.143716
0.662
0.662
0.662
0.662
0.662
0.662
0.662
0.662
0.662
0.205532
0.662
0.662
0.278334
0.365982
0.520301
0.662
0.662
0.662
0.662
0.208561
0.662
0.662
0.231666
0.168415
0.336551
0.25639
0.230606
0.24659
0.662
0.662
0.662
0.172979
0.662
0.242081
0.22325
0.0774449
0.199152
0.662
0.662
0.662
0.455553
0.662
0.662
0.403343
0.662
0.409121
0.351482
0.662
0.388493
0.662
0.0832183
0.662
0.662
0.475827
0.13023
0.222695
0.254654
0.35036
0.662
0.186515
0.352416
0.662
0.0162505
0.242922
0.662
0.662
0.662
0.327949
0.460373
0.273526
0.289512
0.662
0.356346
0.378085
0.662
0.077632
0.0489083
0.231076
0.0433308
0.318745
0.503036
0.191441
0.662
0.662
0.287192
0.496972
0.114652
0.432113
0.0895935
0.322777
0.120251
0.662
0.662
0.336811
0.662
0.482083
0.264895
0.218469
0.662
0.37063
0.662
0.441756
0.257958
0.594399
0.662
0.662
0.226622
0.662
0.662
0.662
0.662
0.265738
0.0803066
0.079291
0.662
0.266892
0.662
0.266882
0.662
0.143222
0.23766
0.662
0.313726
0.225719
0.662
0.592427
0.0459756
0.662
0.22434
0.662
0.378217
0.662
0.209525
0.235945
0.662
0.143852
0.662
0.662
0.41633
0.197241
0.662
0.23557
0.118163
0.662
0.662
0.361802
0.180352
0.391795
0.610427
0.662
0.626753
0.118154
0.281205
0.0511348
0.443381
0.637556
0.629809
0.662
0.193097
0.662
0.662
0.297662
0.27172
0.662
0.662
0.226191
0.4905
0.662
0.551125
0.459889
0.662
0.662
0.226816
0.662
0.325058
0.190351
0.662
0.222385
0.0752106
0.191465
0.662
0.662
0.662
0.60609
0.231157
0.662
0.662
0.662
0.662
0.662
0.543567
0.662
0.662
0.662
0.662
0.662
0.662
0.22564
0.662
0.0153385
0.0400791
0.205019
0.429368
0.662
0.335606
0.256074
0.662
0.404162
0.215544
0.662
0.662
0.662
0.662
0.279118
0.308669
0.195074
0.229433
0.662
0.44871
0.442301
0.321523
0.448443
0.296722
0.358788
0.11443
0.662
0.662
0.0144542
0.207495
0.662
0.662
0.662
0.21395
0.210382
0.654737
0.402027
0.492374
0.662
0.124723
0.662
0.175336
0.240997
0.662
0.229369
0.242829
0.16045
0.21421
0.662
0.662
0.0984933
0.662
0.00311205
0.662
0.160304
0.51652
0.662
0.662
0.662
0.433054
0.154571
0.662
0.662
0.168679
0.0246733
0.662
0.662
0.095371
0.365593
0.34294
0.662
0.173472
0.662
0.48074
0.336264
0.380547
0.662
0.662
0.662
0.225424
0.662
0.462448
0.662
0.193462
0.342346
0.662
0.414337
0.662
0.227972
0.388646
0.662
0.662
0.286966
0.344792
0.48646
0.201727
0.310483
0.559475
0.331827
0.177262
0.662
0.662
0.430174
0.662
0.662
0.124116
0.2083
0.662
0.221374
0.0571482
0.336369
0.138177
0.251755
0.235865
0.662
0.194908
0.343563
0.422468
0.132488
0.662
0.202695
0.262932
0.662
0.662
0.662
0.33953
0.459277
0.155389
0.255062
0.254367
0.470066
0.662
0.25999
0.194607
0.342725
0.662
0.662
0.294085
0.662
0.41755
0.43594
0.609785
0.662
0.300791
0.252336
0.662
0.608942
0.515499
0.662
0.311938
0.101718
0.180088
0.662
0.662
0.662
0.352137
0.287562
0.662
0.149216
0.149386
0.32192
0.178623
0.275983
0.662
0.30262
0.285234
0.396973
0.662
0.288668
0.207298
0.332997
0.662
0.282213
0.662
0.662
0.35047
0.662
0.435434
0.259558
0.0661104
0.662
0.343355
0.637502
0.662
0.662
0.662
0.342431
0.0750048
0.2152
0.560258
0.662
0.283782
0.322853
0.662
0.662
0.0768092
0.409309
0.237558
0.662
0.227617
0.619054
0.662
0.662
0.35397
0.0894151
0.662
0.510844
0.271388
0.00668155
0.662
0.237106
0.662
0.448056
0.646819
0.662
0.260014
0.313121
0.197475
0.124159
0.646092
0.364321
0.265103
0.662
0.662
0.209916
0.244983
0.662
0.662
0.662
0.662
0.460476
0.120402
0.201957
0.662
0.10717
0.441204
0.584055
0.662
0.662
0.642336
0.662
0.242214
0.21031
0.11749
0.0118608
0.293258
0.662
0.410182
0.37951
0.412171
0.105457
0.346772
0.27648
0.174267
0.393917
0.0448898
0.0484837
0.662
0.662
0.308311
0.662
0.424807
0.435552
0.233662
0.662
0.403303
0.225627
0.207032
0.164806
0.425294
0.662
0.0808039
0.265619
0.0771586
0.183705
0.231939
0.662
0.662
0.151631
0.662
0.39762
0.329352
0.662
0.662
0.662
0.47216
0.201278
0.662
0.30457
0.560644
0.662
0.106284
0.354124
0.351702
0.662
0.19162
0.216818
0.195683
0.201406
0.385771
0.473852
0.662
0.662
0.662
0.662
0.662
0.532909
0.455022
0.140541
0.29534
0.502587
0.662
0.354108
0.0250624
0.47305
0.662
0.149317
0.662
0.38525
0.662
0.254921
0.662
0.237571
0.460378
0.463581
0.200042
0.295233
0.662
0.196888
0.241113
0.460229
0.150825
0.662
0.264591
0.520895
0.422557
0.176957
0.55155
0.662
0.662
0.0457841
0.280142
0.651968
0.662
0.18544
0.662
0.34913
0.011395
0.207484
0.263459
0.662
0.18864
0.190207
0.662
0.17266
0.107144
0.174818
0.388533
0.662
0.6324
0.200826
0.16047
0.061745
0.662
0.0620704
0.252743
0.204205
0.329235
0.462416
0.236436
0.342842
0.230541
0.662
0.337902
0.0421645
0.662
0.201955
0.158906
0.0425178
0.293768
0.662
0.107208
0.483091
0.662
0.367036
0.662
0.662
0.662
0.662
0.309715
0.662
0.402992
0.0935938
0.387522
0.00745995
0.662
0.010814
0.584474
0.210677
0.179078
0.274315
0.111085
0.301213
0.662
0.662
0.662
0.249977
0.420912
0.138804
0.662
0.243751
0.240584
0.115135
0.662
0.166308
0.596504
0.398073
0.132754
0.662
0.261987
0.662
0.373285
0.662
0.662
0.301983
0.460635
0.385468
0.382396
0.662
0.662
0.476875
0.662
0.662
0.662
0.662
0.62543
0.662
0.372962
0.425752
0.662
0.662
0.219317
0.343385
0.662
0.446992
0.613395
0.0461562
0.229252
0.125806
0.441611
0.662
0.662
0.662
0.385188
0.662
0.141723
0.662
0.411929
0.662
0.217031
0.662
0.662
0.662
0.194264
0.662
0.194644
0.662
0.0330949
0.662
0.662
0.108838
0.202382
0.143523
0.662
0.662
0.662
0.0141168
0.384948
0.475772
0.662
0.192024
0.662
0.235009
0.662
0.107469
0.16871
0.562378
0.662
0.662
0.662
0.662
0.280858
0.662
0.0547173
0.662
0.662
0.457318
0.662
0.018787
0.662
0.662
0.39227
0.40557
0.131661
0.457274
0.662
0.662
0.662
0.662
0.163817
0.577569
0.112511
0.662
0.257111
0.662
0.255313
0.405547
0.662
0.662
0.270015
0.48609
0.249939
0.662
0.181669
0.662
0.662
0.239218
0.41436
0.647609
0.662
0.370939
0.280858
0.46432
0.369781
0.662
0.298713
0.662
0.391879
0.220851
0.662
0.0308334
0.662
0.306505
0.21343
0.662
0.662
0.359547
0.205554
0.662
0.189743
0.662
0.231399
0.171755
0.662
0.425763
0.662
0.662
0.420769
0.662
0.662
0.662
0.662
0.45968
0.468602
0.662
0.37053
0.662
0.385777
0.00877625
0.094057
0.612576
0.662
0.209415
0.662
0.115066
0.158108
0.662
0.151951
0.347425
0.662
0.243373
0.662
0.190341
0.266441
0.662
0.143829
0.662
0.662
0.0965352
0.217099
0.0930519
0.662
0.662
0.163608
0.391333
0.0324056
0.283149
0.662
0.158891
0.33331
0.662
0.399266
0.662
0.662
0.437564
0.360731
0.103514
0.662
0.662
0.662
0.254649
0.662
0.126045
0.662
0.662
0.281459
0.348407
0.662
0.16023
0.662
0.420726
0.189286
0.373615
0.295422
0.179795
0.662
0.662
0.192643
0.430728
0.234065
0.235203
0.662
0.27041
0.195011
0.367022
0.145448
0.626399
0.209253
0.662
0.159114
0.393556
0.414082
0.662
0.662
0.662
0.00756499
0.250522
0.662
0.553637
0.662
0.0244692
0.018761
0.422543
0.662
0.662
0.199208
0.599666
0.662
0.248083
0.662
0.662
0.662
0.266694
0.662
0.662
0.384534
0.0711337
0.0550906
0.283597
0.285177
0.0882464
0.234854
0.662
0.338409
0.662
0.163479
0.662
0.290905
0.662
0.662
0.181519
0.662
0.444705
0.236064
0.345316
0.598872
0.662
0.119627
0.354715
0.00337055
0.386146
0.662
0.662
0.124402
0.662
0.662
0.179176
0.662
0.376351
0.662
0.662
0.207807
0.55958
0.256339
0.551066
0.205442
0.32544
0.418522
0.662
0.662
0.236576
0.460116
0.143372
0.140331
0.662
0.662
0.662
0.662
0.302708
0.354928
0.229653
0.41223
0.662
0.662
0.255913
0.205369
0.245946
0.662
0.34055
0.662
0.662
0.11723
0.662
0.46094
0.662
0.0633785
0.274917
0.201954
0.0744731
0.662
0.662
0.662
0.662
0.211288
0.662
0.38918
0.662
0.29949
0.298878
0.0638121
0.662
0.229539
0.30438
0.0682479
0.196131
0.330092
0.126261
0.087124
0.662
0.273229
0.662
0.662
0.662
0.0250846
0.425461
0.662
0.120337
0.662
0.662
0.114789
0.197382
0.287143
0.0904037
0.662
0.662
0.153168
0.580287
0.662
0.201145
0.195735
0.195532
0.662
0.00277141
0.194792
0.662
0.064077
0.662
0.316365
0.662
0.161778
0.486329
0.662
0.662
0.45156
0.412157
0.662
0.662
0.301565
0.662
0.662
0.228413
0.279133
0.450346
0.662
0.376791
0.662
0.662
0.182065
0.532164
0.143436
0.479945
0.101739
0.067788
0.254408
0.358497
0.471208
0.662
0.208355
0.375103
0.118397
0.0591268
0.662
0.0162668
0.662
0.201444
0.541956
0.395034
0.0149562
0.100949
0.502232
0.662
0.662
0.662
0.342289
0.0407405
0.118113
0.146833
0.662
0.374856
0.0952338
0.662
0.662
0.662
0.422046
0.217333
0.0126172
0.235997
0.281129
0.541465
0.0134269
0.342137
0.662
0.412204
0.101174
0.144702
0.21096
0.662
0.662
0.354773
0.0387479
0.324037
0.306025
0.303472
0.221299
0.662
0.339684
0.0838928
0.662
0.0749668
0.662
0.662
0.112814
0.662
0.376064
0.453881
0.433621
0.261584
0.288842
0.662
0.662
0.429966
0.0655913
0.273366
0.0546839
0.21584
0.662
0.191947
0.00419355
0.662
0.165894
0.230155
0.662
0.316318
0.403674
0.662
0.264933
0.662
0.189376
0.662
0.115245
0.415282
0.662
0.123828
0.662
0.662
0.395761
0.424817
0.662
0.662
0.383916
0.159451
0.268479
0.662
0.662
0.160744
0.280008
0.261996
0.213877
0.551233
0.115273
0.662
0.540899
0.0560708
0.505019
0.225936
0.662
0.662
0.059588
0.187399
0.176142
0.486574
0.662
0.662
0.105207
0.347963
0.662
0.499897
0.127911
0.0680637
0.232499
0.180581
0.662
0.662
0.018536
0.662
0.662
0.298403
0.202397
0.287429
0.397599
0.662
0.051518
0.250785
0.662
0.341433
0.662
0.239871
0.232034
0.273414
0.662
0.247929
0.626398
0.301261
0.662
0.455487
0.662
0.166858
0.662
0.088307
0.662
0.38694
0.252354
0.300327
0.662
0.219645
0.662
0.173631
0.0483942
0.662
0.366521
0.662
0.662
0.169829
0.662
0.662
0.0718637
0.286483
0.662
0.306613
0.421033
0.258083
0.662
0.477199
0.509327
0.167654
0.662
0.464578
0.662
0.102174
0.195376
0.662
0.662
0.662
0.000250919
0.459494
0.318212
0.18795
0.662
0.431802
0.662
0.662
0.662
0.258728
0.662
0.56741
0.150281
0.662
0.576378
0.296932
0.21103
0.292223
0.199687
0.662
0.662
0.213248
0.662
0.662
0.236771
0.25801
0.662
0.154575
0.35503
0.662
0.662
0.103966
0.662
0.662
0.662
0.662
0.662
0.222752
0.474924
0.457291
0.361924
0.662
0.662
0.272243
0.328899
0.110489
0.662
0.257467
0.662
0.662
0.662
0.264711
0.351705
0.662
0.662
0.662
0.662
0.662
0.0312302
0.662
0.252154
0.662
0.662
0.662
0.662
0.508506
0.662
0.439211
0.662
0.216934
0.0494088
0.662
0.320618
0.662
0.269481
0.37223
0.212613
0.461299
0.662
0.662
0.189721
0.0595809
0.662
0.43736
0.662
0.0114373
0.662
0.422371
0.662
0.215401
0.662
0.662
0.662
0.662
0.00974962
0.14602
0.662
0.131752
0.433777
0.662
0.383842
0.122663
0.154327
0.413446
0.652378
0.662
0.243282
0.383518
0.159504
0.563125
0.662
0.102126
0.111636
0.662
0.662
0.175983
0.608895
0.662
0.390922
0.43531
0.0174309
0.662
0.278835
0.22494
0.662
0.61591
0.662
0.15603
0.0352948
0.203611
0.662
0.662
0.196763
0.662
0.025145
0.662
0.0656813
0.662
0.662
0.196877
0.662
0.126729
0.662
0.211698
0.662
0.662
0.662
0.662
0.662
0.662
0.185047
0.662
0.662
0.418858
0.662
0.0695623
0.662
0.203892
0.425926
0.124676
0.474321
0.249384
0.662
0.125612
0.662
0.611049
0.00215359
0.662
0.130935
0.167452
0.662
0.528098
0.662
0.662
0.288143
0.344522
0.662
0.298332
0.169017
0.150232
0.36968
0.408663
0.488904
0.196803
0.662
0.662
0.429849
0.662
0.252594
0.089528
0.662
0.662
0.662
0.115848
0.662
0.195082
0.0822031
0.206548
0.234731
0.662
0.662
0.238803
0.24283
0.333638
0.265087
0.662
0.0375313
0.247944
0.417234
0.3906
0.258392
0.662
0.354609
0.662
0.41816
0.388373
0.17502
0.0595283
0.662
0.662
0.662
0.662
0.191836
0.662
0.237121
0.662
0.302748
0.295321
0.100419
0.662
0.469232
0.228401
0.662
0.662
0.662
0.192318
0.131462
0.662
0.662
0.662
0.29729
0.131498
0.181242
0.662
0.222776
0.662
0.662
0.182645
0.0510559
0.662
0.476391
0.210031
0.662
0.222722
0.662
0.315278
0.423111
0.662
0.662
0.662
0.600297
0.470324
0.391443
0.662
0.39936
0.662
0.662
0.259398
0.620708
0.629449
0.662
0.209808
0.411194
0.662
0.662
0.0409138
0.00517914
0.662
0.200186
0.185961
0.662
0.662
0.262282
0.365811
0.662
0.099519
0.341474
0.662
0.662
0.0233532
0.662
0.662
0.662
0.469018
0.0723319
0.197607
0.446493
0.481878
0.662
0.0246529
0.186657
0.662
0.1588
0.213892
0.662
0.313322
0.662
0.0764553
0.268761
0.662
0.662
0.247876
0.420121
0.290831
0.662
0.0528042
0.447354
0.216766
0.288994
0.072287
0.423929
0.662
0.343789
0.42485
0.0811941
0.662
0.00322423
0.662
0.326688
0.662
0.662
0.320684
0.27884
0.662
0.216991
0.662
0.662
0.222631
0.263869
0.336063
0.662
0.662
0.662
0.611942
0.317402
0.0325113
0.299958
0.590037
0.662
0.662
0.662
0.481198
0.662
0.662
0.662
0.662
0.505403
0.279635
0.649883
0.662
0.662
0.662
0.253683
0.662
0.289741
0.662
0.242071
0.234069
0.400303
0.662
0.662
0.253191
0.210893
0.662
0.662
0.662
0.331551
0.662
0.0893552
0.662
0.662
0.0136584
0.662
0.662
0.662
0.555649
0.662
0.662
0.662
0.662
0.662
0.662
0.662
0.662
0.662
0.214521
0.662
0.311488
0.662
0.238602
0.662
0.21069
0.366705
0.662
0.662
0.269102
0.0756271
0.184915
0.510566
0.662
0.266322
0.662
0.426652
0.662
0.436307
0.106743
0.662
0.247805
0.314844
0.265438
0.348965
0.662
0.662
0.276971
0.280357
0.203617
0.151754
0.427994
0.43089
0.465123
0.412998
0.662
0.21479
0.662
0.0660825
0.256768
0.662
0.561676
0.392827
0.662
0.662
0.662
0.662
0.662
0.214485
0.0263214
0.662
0.238781
0.662
0.662
0.662
0.264342
0.303163
0.296513
0.242729
0.662
0.662
0.599109
0.451144
0.285481
0.516637
0.567954
0.298816
0.242793
0.327544
0.170584
0.662
0.358261
0.274392
0.662
0.662
0.00259351
0.662
0.152312
0.662
0.321946
0.184219
0.662
0.363327
0.326014
0.407731
0.297715
0.278582
0.662
0.393488
0.662
0.662
0.662
0.662
0.662
0.143919
0.64505
0.0136785
0.307826
0.541891
0.0875091
0.662
0.413989
0.662
0.19365
0.662
0.662
0.275514
0.156992
0.662
0.662
0.27734
0.662
0.662
0.128962
0.662
0.322996
0.508294
0.662
0.662
0.10264
0.438512
0.465998
0.662
0.407845
0.309105
0.000249825
0.0614187
0.662
0.662
0.662
0.662
0.662
0.472577
0.221961
0.662
0.114932
0.662
0.662
0.662
0.0698145
0.648565
0.662
0.0882724
0.234947
0.662
0.662
0.122871
0.662
0.464781
0.662
0.0572975
0.662
0.190663
0.662
0.187192
0.0612767
0.654346
0.662
0.0240129
0.0105053
0.293556
0.323797
0.662
0.0167929
0.662
0.662
0.662
0.611337
0.264947
0.104457
0.468812
0.662
0.662
0.0638042
0.115448
0.662
0.278835
0.129311
0.662
0.662
0.662
0.662
0.662
0.662
0.398562
0.114378
0.662
0.181973
0.167766
0.398466
0.298922
0.662
0.421843
0.662
0.379481
0.445881
0.298098
0.24508
0.662
0.371095
0.0137284
0.277858
0.341832
0.662
0.662
0.233113
0.0446085
0.662
0.224566
0.662
0.662
0.662
0.662
0.662
0.662
0.0528522
0.662
0.662
0.662
0.251583
0.407507
0.47295
0.662
0.470333
0.0274966
0.320986
0.311546
0.662
0.259517
0.662
0.437741
0.448597
0.10388
0.195468
0.332528
0.425405
0.46056
0.464322
0.17928
0.194011
0.662
0.662
0.121692
0.662
0.662
0.662
0.662
0.308379
0.662
0.248149
0.662
0.250412
0.662
0.246583
0.147607
0.222737
0.470731
0.519049
0.349726
0.662
0.108771
0.662
0.351687
0.662
0.233923
0.497451
0.268447
0.286387
0.42139
0.662
0.662
0.079947
0.662
0.253647
0.254095
0.662
0.662
0.272628
0.662
0.267114
0.662
0.270096
0.258744
0.454362
0.289297
0.248666
0.661072
0.491877
0.21879
0.626747
0.662
0.32204
0.159873
0.38255
0.662
0.662
0.251294
0.35479
0.127453
0.0262647
0.662
0.662
0.178749
0.662
0.199399
0.0197279
0.662
0.227098
0.662
0.662
0.383724
0.543637
0.116082
0.181124
0.662
0.662
0.662
0.0916733
0.662
0.198217
0.174803
0.662
0.168407
0.223795
0.176817
0.433713
0.143525
0.383533
0.343364
0.273528
0.662
0.662
0.353361
0.186694
0.203083
0.662
0.125793
0.257251
0.662
0.662
0.605573
0.078476
0.0440807
0.395109
0.17205
0.227956
0.592599
0.347897
0.477268
0.662
0.146056
0.141436
0.662
0.0777972
0.662
0.662
0.276944
0.662
0.36056
0.440971
0.0770077
0.190213
0.460449
0.662
0.662
0.212835
0.433938
0.662
0.233494
0.323273
0.235507
0.662
0.39198
0.662
0.0468183
0.0459842
0.456581
0.0514281
0.662
0.123267
0.229374
0.292544
0.189482
0.662
0.662
0.623922
0.328611
0.662
0.192049
0.31701
0.211373
0.603959
0.662
0.146389
0.370879
0.451578
0.237369
0.484927
0.662
0.31388
0.662
0.662
0.221041
0.499127
0.238218
0.662
0.20112
0.662
0.0101296
0.249719
0.386118
0.662
0.662
0.662
0.306549
0.662
0.460317
0.00693151
0.662
0.244058
0.469532
0.632823
0.295422
0.662
0.662
0.662
0.23368
0.662
0.662
0.228738
0.662
0.662
0.105914
0.146391
0.662
0.207787
0.155946
0.349671
0.354862
0.285994
0.0724936
0.662
0.662
0.381035
0.443641
0.366846
0.662
0.662
0.23853
0.452974
0.662
0.662
0.662
0.662
0.296771
0.662
0.336181
0.662
0.398809
0.277362
0.118644
0.662
0.662
0.662
0.204717
0.407226
0.147264
0.205851
0.324538
0.662
0.662
0.341943
0.048428
0.088546
0.662
0.662
0.662
0.662
0.150141
0.463913
0.207156
0.662
0.33091
0.662
0.662
0.662
0.662
0.0177924
0.208072
0.662
0.662
0.200899
0.662
0.662
0.592976
0.662
0.662
0.662
0.301535
0.662
0.0551859
0.301923
0.302832
0.662
0.662
0.203328
0.662
0.662
0.30406
0.662
0.342018
0.0705974
0.662
0.662
0.122789
0.277822
0.221596
0.662
0.662
0.662
0.394294
0.34632
0.348782
0.172521
0.152592
0.662
0.662
0.4565
0.276449
0.0665303
0.662
0.459846
0.104781
0.245366
0.466089
0.662
0.467156
0.324675
0.662
0.662
0.457266
0.662
0.662
0.662
0.29008
0.662
0.433035
0.134
0.662
0.52125
0.273436
0.662
0.425678
0.662
0.333584
0.0428551
0.342508
0.662
0.450094
0.218287
0.662
0.662
0.662
0.0807093
0.324393
0.465641
0.662
0.254427
0.414431
0.119985
0.213244
0.081827
0.662
0.166959
0.662
0.2898
0.662
0.662
0.385682
0.662
0.13847
0.662
0.662
0.201187
0.213048
0.218692
0.662
0.395814
0.0103745
0.499615
0.117457
0.662
0.662
0.662
0.273608
0.662
0.246308
0.222482
0.662
0.308968
0.662
0.662
0.662
0.408675
0.0960361
0.191515
0.160485
0.0357978
0.197634
0.662
0.0722777
0.175564
0.662
0.115202
0.175285
0.662
0.0290384
0.245036
0.662
0.129853
0.157134
0.415022
0.283199
0.63933
0.328498
0.0155159
0.662
0.662
0.662
0.345278
0.662
0.302497
0.662
0.303067
0.165708
0.403322
0.662
0.204249
0.116801
0.28112
0.662
0.662
0.203957
0.280625
0.0249013
0.436201
0.662
0.662
0.662
0.462412
0.297782
0.00211388
0.171287
0.662
0.662
0.0675864
0.662
0.662
0.128071
0.656883
0.662
0.33188
0.213006
0.662
0.662
0.662
0.394704
0.250205
0.344064
0.662
0.662
0.0393171
0.662
0.179905
0.662
0.662
0.662
0.188071
0.662
0.318669
0.0144447
0.390988
0.662
0.432215
0.474936
0.662
0.662
0.662
0.662
0.0262903
0.258052
0.662
0.190477
0.351531
0.404373
0.540507
0.662
0.662
0.302945
0.568192
0.469845
0.662
0.575705
0.366747
0.662
0.662
0.662
0.662
0.662
0.185922
0.662
0.236759
0.662
0.263493
0.475014
0.662
0.662
0.394804
0.134583
0.231404
0.124178
0.662
0.0312662
0.662
0.289957
0.662
0.273263
0.662
0.336146
0.177696
0.662
0.662
0.209605
0.228666
0.225367
0.0679766
0.202312
0.662
0.0577927
0.330464
0.662
0.633482
0.595977
0.662
0.128532
0.129624
0.299744
0.437274
0.227175
0.0724028
0.662
0.471175
0.0597441
0.662
0.187202
0.154281
0.662
0.662
0.210255
0.41969
0.2214
0.111156
0.662
0.662
0.523218
0.356704
0.662
0.662
0.481527
0.419571
0.662
0.325523
0.662
0.054364
0.662
0.201407
0.399484
0.384662
0.268891
0.215815
0.287738
0.038362
0.662
0.290793
0.662
0.662
0.504942
0.662
0.662
0.662
0.123296
0.280637
0.26
0.662
0.421025
0.662
0.284581
0.222815
0.247464
0.284405
0.662
0.662
0.662
0.662
0.662
0.115863
0.321595
0.662
0.662
0.662
0.0403219
0.662
0.219003
0.24849
0.202463
0.662
0.662
0.197417
0.126504
0.662
0.662
0.418447
0.302991
0.33767
0.305632
0.294648
0.662
0.191856
0.662
0.292324
0.662
0.211907
0.464065
0.160221
0.641795
0.662
0.0827966
0.662
0.309947
0.380049
0.427145
0.61759
0.190666
0.0685433
0.662
0.662
0.152797
0.302104
0.662
0.662
0.155125
0.518127
0.364268
0.243085
0.45582
0.207741
0.416802
0.662
0.662
0.562867
0.662
0.568096
0.109444
0.325952
0.398281
0.662
0.662
0.662
0.662
0.31556
0.662
0.267448
0.218959
0.251757
0.662
0.292436
0.436587
0.30343
0.451049
0.662
0.662
0.177863
0.460962
0.435438
0.21922
0.176195
0.112581
0.383474
0.662
0.662
0.279073
0.662
0.223729
0.0946122
0.662
0.123599
0.662
0.228855
0.385645
0.282367
0.451472
0.277148
0.303893
0.150531
0.0398737
0.662
0.536974
0.11245
0.374612
0.662
0.662
0.0426605
0.141162
0.662
0.662
0.662
0.0897331
0.224508
0.662
0.662
0.662
0.449905
0.631028
0.662
0.44749
0.662
0.662
0.257942
0.453902
0.19712
0.197228
0.382584
0.662
0.215048
0.662
0.436461
0.662
0.188637
0.662
0.135176
0.533785
0.662
0.430859
0.662
0.662
0.212218
0.0350779
0.283677
0.662
0.662
0.211953
0.454103
0.30447
0.662
0.27763
0.112878
0.662
0.118851
0.22243
0.662
0.662
0.662
0.438585
0.0272365
0.267114
0.662
0.629532
0.269999
0.662
0.662
0.662
0.474307
0.216239
0.152169
0.335825
0.662
0.19403
0.662
0.0728907
0.380958
0.662
0.662
0.381807
0.261205
0.662
0.662
0.662
0.248178
0.662
0.662
0.662
0.47711
0.455479
0.49724
0.662
0.662
0.662
0.662
0.662
0.662
0.152434
0.662
0.622944
0.586047
0.274361
0.640306
0.629647
0.0101686
0.22598
0.23482
0.374282
0.508036
0.161503
0.151647
0.23781
0.0957498
0.293005
0.186452
0.0965692
0.662
0.0643868
0.662
0.662
0.150303
0.273727
0.463329
0.31225
0.246305
0.662
0.662
0.234928
0.510792
0.000664861
0.197386
0.430953
0.215003
0.157374
0.662
0.662
0.662
0.662
0.387569
0.377697
0.0182478
0.014503
0.388165
0.453747
0.662
0.333078
0.573292
0.662
0.662
0.0437182
0.229204
0.247189
0.198774
0.318286
0.154557
0.0437467
0.662
0.662
0.102335
0.285997
0.600605
0.662
0.662
0.662
0.662
0.662
0.662
0.662
0.316663
0.224578
0.662
0.662
0.0998331
0.662
0.184879
0.662
0.0970768
0.174661
0.662
0.662
0.220134
0.662
0.662
0.662
0.662
0.19169
0.662
0.124533
0.662
0.246212
0.434811
0.364495
0.407958
0.662
0.662
0.193715
0.662
0.0240976
0.581185
0.662
0.662
0.496196
0.662
0.121001
0.0611688
0.471974
0.0841579
0.356323
0.662
0.259279
0.662
0.662
0.662
0.134823
0.662
0.303464
0.388414
0.190687
0.365409
0.313675
0.662
0.295143
0.662
0.662
0.465213
0.342288
0.662
0.662
0.662
0.662
0.327447
0.0495848
0.198119
0.2914
0.662
0.241011
0.39682
0.662
0.662
0.47472
0.371472
0.415252
0.662
0.433837
0.0128266
0.541027
0.0146131
0.200613
0.662
0.331497
0.409681
0.00487396
0.442625
0.193672
0.472467
0.0792609
0.227367
0.114258
0.662
0.662
0.415856
0.662
0.153476
0.284074
0.662
0.662
0.147242
0.662
0.662
0.518315
0.662
0.662
0.662
0.662
0.276008
0.662
0.458827
0.268575
0.390307
0.662
0.662
0.662
0.662
0.662
0.198687
0.662
0.662
0.662
0.00949854
0.245146
0.2935
0.183203
0.290554
0.662
0.158344
0.512934
0.662
0.662
0.662
0.662
0.662
0.2202
0.189034
0.0578152
0.498702
0.0700674
0.662
0.290703
0.218294
0.257726
0.0234165
0.662
0.294271
0.31759
0.662
0.662
0.469346
0.662
0.662
0.662
0.112818
0.662
0.662
0.0507029
0.662
0.296714
0.0805591
0.0119501
0.662
0.022817
0.230364
0.560268
0.477665
0.237733
0.312645
0.452685
0.662
0.157648
0.662
0.662
0.212311
0.662
0.662
0.238005
0.148348
0.213584
0.0602433
0.400522
0.662
0.167292
0.47251
0.286781
0.127254
0.484516
0.261146
0.662
0.274684
0.434414
0.662
0.217915
0.17009
0.225758
0.662
0.219331
0.662
0.662
0.203848
0.155767
0.662
0.595612
0.662
0.662
0.662
0.463242
0.629706
0.0869003
0.226709
0.359755
0.662
0.089601
0.139885
0.662
0.662
0.554474
0.0358119
0.26885
0.337416
0.13002
0.313458
0.662
0.662
0.662
0.380872
0.662
0.662
0.662
0.662
0.529205
0.152231
0.662
0.662
0.382248
0.662
0.499894
0.356454
0.208879
0.210537
0.662
0.370016
0.186471
0.662
0.63339
0.271382
0.067608
0.239071
0.231206
0.662
0.662
0.662
0.662
0.237329
0.194025
0.0842598
0.662
0.662
0.662
0.0738429
0.270859
0.576466
0.0329121
0.452244
0.454627
0.662
0.469186
0.309719
0.150135
0.662
0.0324961
0.128043
0.662
0.662
0.381504
0.618772
0.662
0.662
0.662
0.244563
0.662
0.420494
0.662
0.0763314
0.248973
0.0393992
0.662
0.350714
0.215319
0.235676
0.380388
0.19394
0.0752132
0.662
0.662
0.662
0.0292462
0.662
0.0465597
0.662
0.159908
0.662
0.662
0.579252
0.292323
0.662
0.377874
0.662
0.18601
0.662
0.662
0.215011
0.201925
0.662
0.662
0.662
0.662
0.662
0.249971
0.662
0.249969
0.261445
0.662
0.662
0.662
0.0924402
0.662
0.468691
0.662
0.56867
0.188938
0.203117
0.0816799
0.523629
0.619764
0.662
0.662
0.190587
0.0375744
0.662
0.156174
0.627983
0.266854
0.364202
0.662
0.222733
0.371798
0.662
0.662
0.662
0.10531
0.280669
0.359066
0.188459
0.601234
0.0556957
0.662
0.441258
0.398558
0.662
0.662
0.662
0.662
0.150498
0.662
0.662
0.589632
0.662
0.219096
0.476687
0.0995393
0.520118
0.00895927
0.411756
0.24457
0.662
0.662
0.0497533
0.201145
0.443101
0.662
0.421861
0.662
0.618349
0.15039
0.662
0.662
0.662
0.662
0.273034
0.520438
0.0963807
0.662
0.0987928
0.0529918
0.464377
0.662
0.662
0.662
0.212695
0.20462
0.586984
0.662
0.662
0.242001
0.390316
0.213955
0.0856892
0.662
0.366361
0.662
0.662
0.345222
0.662
0.380322
0.316122
0.662
0.662
0.662
0.662
0.662
0.662
0.188155
0.0350935
0.469777
0.662
0.662
0.662
0.103277
0.0723988
0.282582
0.535113
0.0705959
0.201387
0.430647
0.24475
0.662
0.353929
0.329086
0.662
0.662
0.384484
0.493257
0.483164
0.35951
0.58588
0.662
0.489584
0.0315933
0.0662734
0.662
0.662
0.0915934
0.662
0.662
0.662
0.323162
0.0693585
0.305659
0.662
0.00386557
0.162298
0.220428
0.662
0.662
0.662
0.662
0.662
0.0957441
0.250758
0.388341
0.13353
0.249095
0.112842
0.495175
0.234411
0.662
0.662
0.336269
0.349294
0.306309
0.662
0.662
0.662
0.662
0.662
0.376325
0.202362
0.662
0.440891
0.0691465
0.662
0.662
0.662
0.192405
0.369888
0.65884
0.564542
0.662
0.662
0.403095
0.662
0.363926
0.662
0.662
0.214989
0.486871
0.420053
0.00648733
0.662
0.220946
0.662
0.0916748
0.157393
0.662
0.662
0.449029
0.662
0.439881
0.662
0.252976
0.495938
0.662
0.662
0.0760879
0.610084
0.420895
0.662
0.28809
0.662
0.41633
0.662
0.401848
0.662
0.591954
0.662
0.662
0.662
0.106074
0.662
0.317578
0.0494841
0.283554
0.126816
0.662
0.222295
0.662
0.558208
0.471172
0.470424
0.3813
0.243301
0.662
0.246781
0.0234105
0.336108
0.662
0.352046
0.495807
0.662
0.14692
0.662
0.662
0.37916
0.161732
0.273193
0.662
0.205233
0.662
0.662
0.0763728
0.14502
0.662
0.314153
0.239415
0.264089
0.322697
0.662
0.662
0.292795
0.662
0.662
0.662
0.662
0.662
0.415494
0.662
0.662
0.355828
0.662
0.407082
0.662
0.662
0.363995
0.497325
0.662
0.378266
0.27082
0.112723
0.662
0.227737
0.662
0.00724514
0.662
0.662
0.662
0.114716
0.371615
0.445049
0.107778
0.558584
0.662
0.0663586
0.662
0.321117
0.459254
0.662
0.0647175
0.662
0.335143
0.296971
0.388271
0.207402
0.482714
0.662
0.662
0.212445
0.338784
0.0476235
0.128299
0.160519
0.435832
0.334817
0.135929
0.662
0.034973
0.351976
0.662
0.0648345
0.662
0.662
0.292882
0.662
0.662
0.0916431
0.32083
0.269003
0.558752
0.435876
0.354987
0.662
0.662
0.2461
0.373141
0.126058
0.21479
0.0294658
0.120428
0.0212882
0.662
0.142809
0.662
0.662
0.662
0.108366
0.662
0.278533
0.521742
0.308502
0.230444
0.252566
0.32098
0.350833
0.0506531
0.407743
0.662
0.662
0.662
0.246784
0.34299
0.430253
0.662
0.577749
0.51635
0.182459
0.512042
0.304997
0.151196
0.45862
0.151382
0.176551
0.662
0.201252
0.432306
0.662
0.194811
0.29454
0.662
0.662
0.662
0.00814158
0.662
0.0914508
0.0956089
0.662
0.662
0.0633174
0.344408
0.317426
0.662
0.662
0.61972
0.662
0.662
0.281159
0.662
0.662
0.662
0.0066458
0.662
0.343349
0.267909
0.662
0.147484
0.437236
0.284245
0.662
0.554552
0.662
0.662
0.662
0.0369825
0.117978
0.662
0.662
0.662
0.662
0.0892457
0.278669
0.21036
0.0621038
0.163022
0.308852
0.662
0.662
0.662
0.0765857
0.662
0.662
0.291907
0.662
0.662
0.193857
0.0489583
0.488916
0.0335753
0.662
0.662
0.662
0.0378945
0.662
0.662
0.319924
0.623401
0.604304
0.662
0.630988
0.294425
0.381396
0.202063
0.662
0.0407684
0.449618
0.276743
0.0619874
0.662
0.662
0.662
0.662
0.662
0.662
0.258082
0.251787
0.0391982
0.44417
0.439498
0.223138
0.662
0.263514
0.147348
0.662
0.355519
0.662
0.662
0.662
0.662
0.402813
0.282387
0.662
0.662
0.171629
0.662
0.662
0.45391
0.439413
0.662
0.662
0.662
0.662
0.317896
0.288088
0.21597
0.662
0.30997
0.0209885
0.662
0.411823
0.662
0.618948
0.000692927
0.654237
0.662
0.152684
0.662
0.402938
0.662
0.0952115
0.206792
0.0665357
0.174553
0.662
0.662
0.158425
0.662
0.564054
0.144647
0.0565727
0.662
0.509475
0.662
0.256086
0.241621
0.662
0.662
0.662
0.662
0.662
0.662
0.118411
0.275521
0.410976
0.132934
0.0537494
0.272977
0.18524
0.662
0.325356
0.321467
0.415369
0.378172
0.662
0.662
0.291551
0.290919
0.349387
0.662
0.662
0.298169
0.662
0.662
0.662
0.662
0.232171
0.63339
0.662
0.662
0.0912472
0.188872
0.302443
0.662
0.662
0.662
0.662
0.662
0.226923
0.16974
0.282937
0.144817
0.662
0.662
0.662
0.106659
0.191379
0.662
0.662
0.562267
0.231968
0.334675
0.662
0.0237172
0.662
0.153885
0.662
0.0368536
0.336172
0.161935
0.662
0.466792
0.543901
0.0950852
0.374693
0.662
0.354062
0.12008
0.1691
0.458404
0.662
0.400887
0.598009
0.193018
0.250467
0.0429828
0.364025
0.662
0.316266
0.120808
0.662
0.662
0.359637
0.0758393
0.560545
0.24223
0.0348449
0.662
0.208386
0.662
0.390773
0.662
0.238154
0.494566
0.662
0.662
0.662
0.662
0.165565
0.662
0.662
0.662
0.662
0.139617
0.662
0.662
0.662
0.662
0.166306
0.140491
0.662
0.564992
0.0969604
0.662
0.147078
0.0902906
0.662
0.438973
0.662
0.662
0.0656754
0.662
0.358635
0.288018
0.662
0.662
0.662
0.662
0.477211
0.662
0.46869
0.251244
0.473586
0.662
0.330685
0.424068
0.662
0.662
0.148253
0.151971
0.0769336
0.662
0.662
0.662
0.396122
0.0461509
0.662
0.459105
0.662
0.662
0.662
0.662
0.662
0.662
0.662
0.419378
0.662
0.574427
0.179207
0.662
0.284294
0.607743
0.039463
0.223649
0.249421
0.202299
0.662
0.662
0.63339
0.104964
0.320226
0.662
0.258045
0.3404
0.0301007
0.662
0.487033
0.154339
0.447806
0.228434
0.662
0.0202072
0.524557
0.219727
0.276714
0.374354
0.662
0.40034
0.105723
0.662
0.447703
0.297055
0.662
0.464342
0.0645322
0.205312
0.426937
0.311205
0.662
0.662
0.426213
0.132631
0.385617
0.307556
0.662
0.104053
0.235169
0.364322
0.0148245
0.200839
0.662
0.103031
0.231731
0.662
0.577124
0.32515
0.116056
0.662
0.402374
0.412
0.662
0.662
0.457834
0.0986687
0.662
0.556684
0.259281
0.662
0.221905
0.662
0.0160894
0.400261
0.166179
0.393457
0.46482
0.267331
0.392116
0.231407
0.185089
0.0694865
0.39095
0.662
0.374072
0.215125
0.662
0.448756
0.662
0.282958
0.662
0.104807
0.419414
0.170819
0.243168
0.662
0.132054
0.111589
0.281915
0.662
0.268483
0.662
0.190176
0.662
0.197645
0.02449
0.170327
0.662
0.101257
0.662
0.0538134
0.662
0.0834309
0.339501
0.0993254
0.662
0.0944854
0.662
0.649726
0.461307
0.239642
0.468281
0.662
0.662
0.662
0.372363
0.609641
0.548725
0.0565401
0.523353
0.662
0.177682
0.437569
0.0459579
0.456722
0.662
0.632783
0.594565
0.292022
0.19294
0.662
0.662
0.488101
0.662
0.662
0.130266
0.662
0.119497
0.188151
0.662
0.330833
0.662
0.662
0.0106682
0.177013
0.131208
0.662
0.451431
0.662
0.662
0.662
0.352757
0.662
0.153016
0.26454
0.662
0.334087
0.662
0.45626
0.662
0.429927
0.662
0.662
0.548172
0.662
0.662
0.662
0.396772
0.141217
0.158997
0.409173
0.0927515
0.134305
0.203944
0.173705
0.280424
0.662
0.191281
0.245715
0.662
0.662
0.662
0.662
0.101308
0.159671
0.490363
0.662
0.662
0.662
0.662
0.265876
0.662
0.222793
0.662
0.207678
0.438758
0.662
0.0800444
0.633391
0.662
0.133518
0.0924596
0.662
0.662
0.401929
0.344272
0.662
0.302742
0.662
0.662
0.662
0.168955
0.662
0.496662
0.170742
0.113898
0.390653
0.662
0.633694
0.336797
0.20279
0.177914
0.662
0.321728
0.447951
0.662
0.539041
0.662
0.0915831
0.662
0.662
0.662
0.662
0.474833
0.316615
0.662
0.0711431
0.00737808
0.662
0.662
0.347037
0.662
0.257651
0.662
0.662
0.662
0.0166694
0.351342
0.347828
0.194989
0.4181
0.467051
0.367696
0.41225
0.409607
0.662
0.102666
0.662
0.131303
0.662
0.662
0.662
0.662
0.550307
0.214137
0.224862
0.662
0.662
0.662
0.662
0.662
0.0699852
0.567
0.320708
0.402468
0.420022
0.467944
0.062613
0.357961
0.214852
0.404432
0.387686
0.378987
0.439998
0.662
0.0664218
0.259541
0.148016
0.540355
0.0867736
0.412416
0.662
0.144822
0.399724
0.154683
0.662
0.288172
0.19102
0.662
0.292712
0.0780257
0.137473
0.391415
0.662
0.228862
0.348846
0.0327348
0.662
0.24618
0.662
0.125305
0.191048
0.662
0.662
0.662
0.662
0.662
0.210816
0.323134
0.202769
0.662
0.662
0.662
0.168326
0.662
0.183677
0.0784023
0.662
0.333089
0.377972
0.662
0.551147
0.321033
0.481205
0.662
0.0632227
0.215318
0.00411882
0.662
0.294752
0.000157323
0.662
0.353145
0.662
0.394765
0.562518
0.118771
0.123199
0.590287
0.421143
0.117182
0.0825596
0.0709002
0.271676
0.662
0.512861
0.431777
0.071521
0.662
0.0146047
0.425196
0.662
0.211612
0.662
0.662
0.264759
0.0878822
0.662
0.0919902
0.304622
0.263294
0.662
0.194935
0.368201
0.434345
0.662
0.00196101
0.302043
0.266319
0.662
0.289636
0.662
0.620814
0.662
0.516052
0.662
0.503229
0.662
0.283018
0.21043
0.662
0.662
0.662
0.00298045
0.221739
0.188734
0.108406
0.0543151
0.189196
0.202978
0.255042
0.469364
0.662
0.0726094
0.24945
0.662
0.272279
0.662
0.662
0.442948
0.662
0.662
0.534788
0.662
0.255555
0.192118
0.157795
0.662
0.662
0.163834
0.662
0.458729
0.19232
0.107108
0.662
0.311599
0.662
0.444118
0.420485
0.326125
0.0903945
0.310814
0.662
0.158952
0.188832
0.662
0.662
0.662
0.662
0.452035
0.662
0.361729
0.662
0.110636
0.400051
0.662
0.170062
0.466655
0.662
0.0435675
0.662
0.364819
0.192232
0.662
0.662
0.101259
0.273391
0.662
0.308473
0.121023
0.0866538
0.0748331
0.185327
0.059641
0.662
0.422134
0.348572
0.193386
0.289306
0.662
0.614231
0.458905
0.314133
0.333478
0.662
0.134584
0.662
0.294825
0.480769
0.662
0.662
0.207111
0.401243
0.662
0.171784
0.275553
0.0899694
0.463092
0.662
0.662
0.207584
0.662
0.46872
0.225493
0.261687
0.383723
0.133027
0.662
0.662
0.549697
0.662
0.662
0.376587
0.0178836
0.662
0.100289
0.119635
0.210848
0.662
0.476247
0.439137
0.471921
0.313373
0.662
0.662
0.449682
0.26746
0.426845
0.662
0.662
0.278918
0.662
0.0657543
0.219025
0.0737222
0.662
0.0316099
0.227396
0.662
0.662
0.404335
0.0764082
0.233389
0.662
0.210886
0.0793022
0.330315
0.225569
0.662
0.286107
0.202449
0.662
0.315792
0.16094
0.662
0.662
0.662
0.221142
0.662
0.245266
0.495929
0.662
0.662
0.662
0.521406
0.37332
0.662
0.218926
0.662
0.440217
0.197354
0.388052
0.622299
0.662
0.356846
0.6585
0.0651681
0.662
0.208345
0.662
0.342639
0.201281
0.662
0.307051
0.662
0.662
0.662
0.161131
0.662
0.0368152
0.133216
0.0339317
0.481335
0.254741
0.662
0.662
0.662
0.308942
0.469569
0.662
0.662
0.662
0.662
0.662
0.147769
0.0298734
0.164054
0.200213
0.413341
0.0974004
0.28345
0.274787
0.252493
0.248554
0.662
0.283544
0.0841848
0.662
0.018277
0.341543
0.240425
0.477543
0.258828
0.345385
0.307872
0.140849
0.0353711
0.439915
0.134523
0.21974
0.662
0.185037
0.0356052
0.25312
0.662
0.662
0.185313
0.662
0.452169
0.429719
0.662
0.100213
0.163904
0.662
0.662
0.394797
0.253914
0.393766
0.207273
0.278026
0.590159
0.662
0.314944
0.410677
0.662
0.147456
0.662
0.369701
0.453979
0.230715
0.662
0.662
0.285941
0.662
0.123011
0.307824
0.662
0.24849
0.662
0.203527
0.662
0.662
0.556214
0.169544
0.240878
0.363079
0.327298
0.662
0.121433
0.662
0.0240339
0.323005
0.662
0.662
0.662
0.253164
0.170138
0.662
0.0363536
0.662
0.466572
0.115077
0.358583
0.228591
0.45937
0.18072
0.662
0.662
0.107515
0.479128
0.245134
0.608451
0.172185
0.563155
0.479796
0.662
0.662
0.278203
0.662
0.307897
0.276463
0.662
0.233079
0.35058
0.253269
0.662
0.215703
0.150935
0.187889
0.662
0.47125
0.23084
0.424788
0.662
0.662
0.324502
0.279134
0.16601
0.0948511
0.296886
0.449034
0.0940678
0.302416
0.662
0.077425
0.258243
0.140809
0.518807
0.662
0.0589978
0.662
0.221479
0.662
0.662
0.255059
0.662
0.111314
0.662
0.0849517
0.269147
0.335341
0.662
0.662
0.205139
0.476767
0.138735
0.662
0.497074
0.394637
0.662
0.454476
0.662
0.0343228
0.336693
0.598838
0.276448
0.350048
0.318646
0.274194
0.662
0.437921
0.318148
0.662
0.329661
0.0131153
0.662
0.239078
0.197585
0.44215
0.662
0.187098
0.164932
0.662
0.114457
0.421094
0.662
0.662
0.662
0.309988
0.0169681
0.520186
0.394109
0.261761
0.662
0.0504659
0.543277
0.0609995
0.461999
0.251626
0.08956
0.382623
0.562635
0.662
0.39724
0.392341
0.103275
0.662
0.628657
0.243185
0.662
0.41097
0.662
0.559771
0.260286
0.218387
0.150378
0.662
0.296985
0.662
0.662
0.203808
0.662
0.60053
0.662
0.662
0.662
0.662
0.420721
0.299928
0.194667
0.291863
0.177155
0.445167
0.662
0.259656
0.662
0.308969
0.25024
0.16323
0.0612994
0.186031
0.662
0.272562
0.662
0.319263
0.662
0.662
0.639066
0.343417
0.662
0.232424
0.345898
0.392383
0.662
0.438537
0.662
0.49802
0.486379
0.112404
0.441696
0.305219
0.662
0.343278
0.442063
0.662
0.431247
0.0672926
0.115129
0.193083
0.177717
0.118164
0.206368
0.395054
0.662
0.154473
0.0725105
0.251678
0.662
0.662
0.353022
0.233445
0.662
0.215645
0.662
0.662
0.161753
0.662
0.526199
0.573849
0.0480928
0.662
0.29308
0.481876
0.662
0.207911
0.289351
0.662
0.468267
0.0228377
0.662
0.418797
0.583234
0.377198
0.662
0.439683
0.00504644
0.193282
0.0203846
0.116554
0.662
0.662
0.485663
0.179841
0.662
0.425693
0.662
0.239046
0.0989659
0.427975
0.464756
0.662
0.662
0.147243
0.189815
0.662
0.662
0.662
0.662
0.662
0.662
0.662
0.227861
0.237481
0.662
0.662
0.662
0.10422
0.662
0.249768
0.439796
0.242052
0.662
0.662
0.662
0.251089
0.154035
0.132015
0.281334
0.662
0.662
0.0511625
0.423462
0.030325
0.662
0.224318
0.462642
0.662
0.184976
0.248526
0.403421
0.662
0.662
0.662
0.662
0.140327
0.0366055
0.433895
0.378541
0.662
0.662
0.0279738
0.10084
0.553309
0.479074
0.662
0.427949
0.427581
0.368055
0.662
0.662
0.662
0.19386
0.180712
0.662
0.255414
0.662
0.662
0.0369385
0.662
0.662
0.662
0.662
0.132515
0.662
0.178232
0.430978
0.662
0.218785
0.396862
0.449354
0.0244896
0.662
0.27777
0.662
0.299335
0.662
0.314028
0.662
0.662
0.319034
0.197898
0.300794
0.662
0.662
0.347598
0.30932
0.12235
0.263189
0.662
0.662
0.223212
0.0930324
0.662
0.450702
0.253456
0.662
0.155737
0.662
0.127481
0.248223
0.258383
0.311229
0.344702
0.662
0.324889
0.165148
0.662
0.662
0.462351
0.00402737
0.246023
0.662
0.232048
0.156539
0.169727
0.0895381
0.0995305
0.337405
0.662
0.662
0.662
0.177503
0.238054
0.662
0.220488
0.662
0.662
0.07646
0.662
0.250212
0.221324
0.01616
0.0955526
0.0510891
0.662
0.434304
0.662
0.071427
0.0332047
0.273323
0.458647
0.662
0.662
0.204773
0.122457
0.662
0.155536
0.0544129
0.11058
0.305595
0.0245897
0.662
0.662
0.662
0.128064
0.621208
0.662
0.617084
0.457072
0.303283
0.609794
0.653006
0.236987
0.00245861
0.122656
0.456339
0.662
0.662
0.662
0.662
0.418245
0.662
0.250625
0.662
0.469067
0.662
0.207263
0.662
0.662
0.3286
0.143815
0.662
0.662
0.662
0.191134
0.662
0.662
0.0794321
0.0212526
0.309689
0.662
0.20708
0.568659
0.662
0.662
0.662
0.268778
0.40281
0.387791
0.237636
0.389585
0.662
0.662
0.421293
0.662
0.309392
0.609122
0.145212
0.169425
0.0459013
0.372683
0.662
0.211312
0.343436
0.662
0.095384
0.351902
0.662
0.662
0.662
0.272506
0.414169
0.0143759
0.116843
0.662
0.37746
0.515787
0.662
0.0416135
0.662
0.266354
0.17302
0.0770605
0.662
0.662
0.206703
0.434458
0.162183
0.148431
0.10768
0.305478
0.514241
0.174192
0.52751
0.662
0.662
0.0169223
0.662
0.662
0.125836
0.31741
0.425242
0.662
0.22622
0.17386
0.16324
0.662
0.662
0.32521
0.234458
0.208644
0.662
0.662
0.210632
0.275594
0.351302
0.662
0.419138
0.662
0.140526
0.426292
0.662
0.135474
0.417854
0.185286
0.0366758
0.662
0.662
0.662
0.662
0.335481
0.662
0.175859
0.398235
0.245457
0.236548
0.662
0.662
0.20667
0.267725
0.662
0.15026
0.15923
0.540677
0.0924651
0.5224
0.222741
0.0338997
0.286038
0.542925
0.603717
0.633391
0.662
0.138246
0.662
0.38156
0.145851
0.179037
0.394289
0.662
0.19138
0.189349
0.590507
0.662
0.662
0.122941
0.138689
0.199155
0.662
0.198227
0.662
0.662
0.336834
0.662
0.377358
0.0289362
0.662
0.662
0.333079
0.662
0.662
0.250957
0.224397
0.248664
0.241865
0.662
0.64198
0.420973
0.662
0.385179
0.222611
0.438897
0.00299826
0.317934
0.662
0.165312
0.662
0.662
0.662
0.662
0.662
0.662
0.201146
0.449974
0.18488
0.0940246
0.662
0.662
0.662
0.662
0.662
0.435124
0.662
0.364128
0.393746
0.0599157
0.369398
0.662
0.662
0.141548
0.0480558
0.180346
0.356578
0.303018
0.260753
0.0336822
0.662
0.0824301
0.662
0.454726
0.662
0.662
0.662
0.217008
0.176312
0.305883
0.417078
0.436339
0.198156
0.0607936
0.621742
0.474117
0.662
0.0845937
0.0730012
0.300867
0.662
0.403006
0.531385
0.0574939
0.401132
0.229539
0.253685
0.662
0.662
0.662
0.662
0.662
0.662
0.340858
0.3558
0.637329
0.294301
0.662
0.527748
0.232768
0.107211
0.364477
0.662
0.155408
0.662
0.170223
0.662
0.662
0.662
0.662
0.363812
0.662
0.359599
0.263242
0.440575
0.662
0.230292
0.662
0.447668
0.145126
0.653709
0.662
0.662
0.662
0.104623
0.662
0.662
0.662
0.662
0.169168
0.109839
0.662
0.662
0.364143
0.327703
0.63924
0.662
0.662
0.204162
0.47099
0.502057
0.0117115
0.45125
0.662
0.33971
0.0861063
0.413015
0.662
0.0296626
0.662
0.662
0.662
0.662
0.662
0.662
0.193237
0.662
0.662
0.0826714
0.662
0.662
0.312924
0.662
0.662
0.205345
0.662
0.447743
0.467699
0.662
0.662
0.20077
0.662
0.156558
0.662
0.304669
0.662
0.316042
0.391582
0.115975
0.242628
0.178478
0.217965
0.124945
0.662
0.399053
0.662
0.662
0.662
0.662
0.327061
0.662
0.662
0.662
0.662
0.662
0.0664851
0.0501465
0.517939
0.662
0.662
0.662
0.662
0.662
0.226992
0.662
0.662
0.633694
0.108812
0.500672
0.363248
0.662
0.0105949
0.662
0.435626
0.0342944
0.142771
0.252817
0.426771
0.662
0.19906
0.323427
0.662
0.662
0.662
0.662
0.162561
0.0756119
0.233536
0.662
0.210327
0.449661
0.022081
0.207323
0.193419
0.662
0.662
0.662
0.44787
0.125741
0.0179265
0.220818
0.446696
0.662
0.662
0.303255
0.205505
0.662
0.411564
0.662
0.199205
0.392519
0.662
0.662
0.122444
0.662
0.662
0.230886
0.0102904
0.323254
0.0695746
0.662
0.338209
0.161803
0.662
0.662
0.120059
0.662
0.139946
0.2959
0.662
0.255885
0.638855
0.539241
0.263936
0.662
0.411781
0.662
0.16907
0.637248
0.662
0.662
0.172858
0.662
0.429363
0.662
0.135591
0.194534
0.662
0.37729
0.662
0.385311
0.049597
0.097995
0.255088
0.662
0.326927
0.662
0.461625
0.662
0.662
0.662
0.662
0.378368
0.662
0.41503
0.165563
0.32527
0.145542
0.15355
0.301513
0.445794
0.0562367
0.500951
0.662
0.420016
0.662
0.121482
0.662
0.0890339
0.385277
0.632384
0.0455505
0.662
0.134279
0.491357
0.0942976
0.459192
0.272022
0.262728
0.662
0.662
0.662
0.00772432
0.662
0.309863
0.662
0.662
0.662
0.662
0.306239
0.662
0.297246
0.662
0.224636
0.662
0.662
0.662
0.293731
0.566752
0.662
0.391514
0.662
0.146684
0.153718
0.429657
0.316159
0.286925
0.188083
0.662
0.662
0.567135
0.146977
0.662
0.662
0.662
0.662
0.662
0.113048
0.611448
0.2147
0.16636
0.662
0.223635
0.244915
0.43766
0.218168
0.662
0.662
0.662
0.166192
0.567399
0.662
0.662
0.662
0.00700921
0.662
0.291816
0.463551
0.662
0.662
0.662
0.409659
0.662
0.662
0.381536
0.252481
0.662
0.432421
0.662
0.662
0.221521
0.662
0.115635
0.662
0.379718
0.662
0.477683
0.662
0.662
0.27529
0.405172
0.662
0.247803
0.471692
0.422367
0.39366
0.446894
0.662
0.0808719
0.662
0.133305
0.662
0.662
0.353998
0.662
0.662
0.662
0.549588
0.00119091
0.154058
0.189063
0.152239
0.662
0.378989
0.662
0.26411
0.183059
0.31153
0.662
0.358908
0.253951
0.662
0.662
0.166041
0.662
0.061014
0.662
0.554166
0.470587
0.662
0.662
0.110859
0.188035
0.280749
0.662
0.662
0.106486
0.0269669
0.308345
0.227214
0.0325895
0.662
0.662
0.662
0.22494
0.662
0.662
0.191504
0.662
0.662
0.662
0.662
0.662
0.662
0.50095
0.662
0.662
0.662
0.662
0.299246
0.662
0.33032
0.662
0.138136
0.662
0.235709
0.123131
0.662
0.662
0.662
0.341923
0.662
0.662
0.434095
0.662
0.662
0.184752
0.381823
0.601969
0.662
0.662
0.465859
0.277385
0.5159
0.405433
0.662
0.662
0.183343
0.315914
0.0729762
0.478123
0.271194
0.293372
0.401666
0.0565014
0.662
0.662
0.502951
0.331568
0.439783
0.243447
0.662
0.246065
0.398379
0.429935
0.533796
0.662
0.302431
0.662
0.141179
0.000500532
0.212856
0.335693
0.662
0.348354
0.662
0.0986084
0.082359
0.589995
0.662
0.235905
0.662
0.662
0.169822
0.246839
0.662
0.204425
0.662
0.166015
0.0984789
0.233713
0.662
0.662
0.173048
0.662
0.111611
0.374136
0.283937
0.20006
0.662
0.358599
0.662
0.304685
0.662
0.338855
0.127192
0.662
0.662
0.662
0.44126
0.662
0.389907
0.662
0.291229
0.422698
0.662
0.265656
0.662
0.236511
0.411515
0.032701
0.0739464
0.47737
0.0449503
0.438836
0.321494
0.662
0.398501
0.662
0.48892
0.255562
0.662
0.371073
0.220365
0.188265
0.662
0.467147
0.0689543
0.390218
0.151001
0.301283
0.662
0.303642
0.29054
0.23165
0.221003
0.662
0.256897
0.662
0.206721
0.662
0.662
0.662
0.335106
0.662
0.0422511
0.662
0.154129
0.374202
0.153598
0.662
0.442188
0.302287
0.472997
0.149642
0.662
0.366603
0.204331
0.234728
0.470847
0.533618
0.505862
0.662
0.297961
0.374424
0.363285
0.662
0.662
0.468911
0.415649
0.662
0.58143
0.662
0.311975
0.173259
0.0954307
0.257544
0.662
0.662
0.498566
0.222567
0.385033
0.662
0.235225
0.226631
0.662
0.662
0.23769
0.147154
0.662
0.435158
0.662
0.662
0.662
0.662
0.662
0.0199785
0.399681
0.662
0.351174
0.0844302
0.662
0.506629
0.278126
0.662
0.662
0.17108
0.347076
0.662
0.662
0.320487
0.191184
0.170663
0.0910418
0.233331
0.0528649
0.662
0.358736
0.662
0.345227
0.662
0.662
0.662
0.451218
0.0542582
0.199957
0.164165
0.662
0.205616
0.541283
0.0417065
0.662
0.421209
0.662
0.232623
0.506243
0.662
0.662
0.463797
0.245737
0.377598
0.0295935
0.662
0.662
0.662
0.662
0.662
0.471384
0.381735
0.0738368
0.239653
0.173332
0.640814
0.662
0.662
0.662
0.440132
0.662
0.55752
0.239
0.662
0.360138
0.662
0.662
0.662
0.266307
0.193433
0.662
0.144846
0.235832
0.662
0.305222
0.256662
0.662
0.49891
0.214753
0.350875
0.662
0.234381
0.385628
0.662
0.662
0.238814
0.221666
0.662
0.662
0.662
0.28498
0.246981
0.662
0.486214
0.227082
0.662
0.396894
0.662
0.0112762
0.158396
0.363361
0.662
0.324966
0.377507
0.214155
0.662
0.382248
0.196165
0.662
0.493089
0.435354
0.111064
0.469118
0.483534
0.662
0.662
0.0469565
0.662
0.662
0.299904
0.662
0.662
0.662
0.662
0.662
0.122545
0.201051
0.0438848
0.662
0.134528
0.21249
0.142899
0.102792
0.124605
0.254907
0.662
0.662
0.157862
0.662
0.461888
0.123928
0.180187
0.199691
0.253767
0.183799
0.48474
0.662
0.221626
0.307219
0.150758
0.662
0.203466
0.264419
0.662
0.136446
0.0421832
0.662
0.662
0.0187172
0.100652
0.662
0.662
0.662
0.662
0.662
0.662
0.417986
0.289875
0.202705
0.662
0.300843
0.457001
0.332395
0.377281
0.165154
0.199844
0.227993
0.25687
0.198462
0.564534
0.0618399
0.662
0.314697
0.662
0.662
0.662
0.216569
0.361199
0.214858
0.291611
0.662
0.662
0.231159
0.662
0.388232
0.37451
0.46065
0.36171
0.662
0.662
0.662
0.662
0.256033
0.0588837
0.662
0.293084
0.232904
0.249047
0.662
0.0492366
0.0211868
0.662
0.300991
0.662
0.662
0.662
0.662
0.428404
0.193813
0.492397
0.662
0.192375
0.662
0.0338449
0.133028
0.662
0.662
0.132183
0.355445
0.662
0.662
0.662
0.662
0.662
0.311009
0.424478
0.662
0.662
0.2028
0.387428
0.0965303
0.114394
0.662
0.662
0.662
0.351993
0.0992529
0.321064
0.26486
0.00553762
0.662
0.662
0.422132
0.229713
0.296723
0.662
0.20606
0.221829
0.662
0.531273
0.662
0.637907
0.168704
0.662
0.662
0.537932
0.662
0.662
0.662
0.0883817
0.662
0.22754
0.662
0.662
0.371465
0.662
0.662
0.662
0.662
0.662
0.0143791
0.164647
0.166509
0.662
0.461723
0.0712627
0.624334
0.662
0.662
0.662
0.0277811
0.662
0.474884
0.662
0.662
0.662
0.255061
0.662
0.320478
0.307414
0.662
0.662
0.507324
0.2506
0.224992
0.319493
0.662
0.662
0.0808512
0.662
0.638294
0.662
0.0898171
0.415514
0.151551
0.662
0.233976
0.662
0.403004
0.662
0.460593
0.365677
0.252087
0.243368
0.662
0.225845
0.662
0.662
0.131777
0.198378
0.662
0.662
0.662
0.419493
0.662
0.662
0.427673
0.406577
0.497969
0.237721
0.125753
0.0529993
0.324898
0.662
0.282402
0.00583354
0.419405
0.662
0.112876
0.662
0.457484
0.0724729
0.0169962
0.662
0.223143
0.662
0.380154
0.550407
0.275195
0.226656
0.662
0.662
0.58389
0.662
0.124798
0.0786421
0.442602
0.209614
0.662
0.662
0.0419058
0.341434
0.443059
0.141068
0.101468
0.542877
0.662
0.662
0.202379
0.662
0.237443
0.252018
0.526114
0.23165
0.216003
0.662
0.662
0.221025
0.258062
0.137154
0.368773
0.662
0.277374
0.662
0.317936
0.662
0.662
0.662
0.236657
0.662
0.2275
0.662
0.662
0.662
0.243104
0.662
0.361864
0.662
0.662
0.662
0.627047
0.662
0.662
0.264843
0.662
0.662
0.536148
0.662
0.662
0.41336
0.210885
0.282307
0.167536
0.218885
0.662
0.662
0.662
0.662
0.662
0.327156
0.241274
0.662
0.210095
0.246177
0.279592
0.387571
0.662
0.561427
0.405375
0.499537
0.662
0.0758438
0.203697
0.410466
0.662
0.36446
0.0544827
0.298273
0.662
0.275069
0.12836
0.662
0.232148
0.257616
0.113682
0.662
0.662
0.0767218
0.130956
0.662
0.662
0.457719
0.22238
0.662
0.662
0.662
0.662
0.0980151
0.231071
0.448555
0.30595
0.384914
0.662
0.662
0.3146
0.524518
0.229918
0.662
0.151633
0.662
0.662
0.128085
0.662
0.450753
0.662
0.362575
0.185114
0.27955
0.662
0.662
0.293903
0.251957
0.0845619
0.662
0.662
0.209153
0.0400811
0.296697
0.662
0.274771
0.662
0.255732
0.0125634
0.662
0.341443
0.662
0.662
0.237022
0.262706
0.662
0.527199
0.408215
0.165277
0.662
0.662
0.170728
0.413728
0.662
0.109078
0.243124
0.293699
0.374665
0.158345
0.341866
0.121774
0.563456
0.662
0.662
0.305968
0.0666812
0.662
0.317147
0.210093
0.227258
0.662
0.095183
0.0467094
0.662
0.117503
0.35554
0.662
0.662
0.662
0.617792
0.418474
0.47671
0.308394
0.00446793
0.662
0.233438
0.662
0.577274
0.662
0.563805
0.351842
0.136727
0.350428
0.662
0.427005
0.206098
0.662
0.662
0.299269
0.662
0.662
0.662
0.399616
0.419528
0.662
0.126021
0.240488
0.662
0.438771
0.215145
0.0487324
0.119724
0.460516
0.225934
0.12686
0.662
0.662
0.662
0.187726
0.218608
0.441708
0.662
0.291545
0.662
0.662
0.44698
0.662
0.386675
0.440504
0.14355
0.24215
0.346434
0.227709
0.46108
0.662
0.146826
0.417451
0.662
0.662
0.662
0.126594
0.662
0.662
0.281098
0.662
0.217842
0.662
0.346362
0.307176
0.356053
0.204362
0.0958377
0.662
0.662
0.451343
0.153777
0.155303
0.0975741
0.126623
0.247367
0.662
0.662
0.662
0.335153
0.662
0.662
0.662
0.662
0.310453
0.0955074
0.240417
0.662
0.662
0.662
0.530401
0.662
0.594522
0.186426
0.662
0.272161
0.164651
0.208868
0.662
0.383923
0.106064
0.310947
0.0852439
0.662
0.662
0.229973
0.662
0.290014
0.662
0.314609
0.434815
0.662
0.302747
0.325166
0.662
0.662
0.569777
0.158202
0.250842
0.662
0.660104
0.662
0.283052
0.453023
0.662
0.237625
0.307716
0.39477
0.662
0.4245
0.221171
0.30471
0.234895
0.662
0.662
0.662
0.662
0.662
0.662
0.662
0.0388162
0.399996
0.0179496
0.270558
0.0154569
0.662
0.200175
0.250201
0.662
0.662
0.662
0.395613
0.639029
0.402091
0.662
0.155771
0.25733
0.341262
0.494765
0.245429
0.565487
0.167317
0.163797
0.431702
0.160469
0.662
0.662
0.344965
0.354469
0.662
0.198149
0.31697
0.109937
0.442856
0.341858
0.662
0.10891
0.210241
0.662
0.662
0.02955
0.662
0.662
0.50046
0.662
0.662
0.606202
0.236066
0.207467
0.231239
0.0309773
0.243255
0.126916
0.662
0.178608
0.101753
0.662
0.276836
0.106971
0.513569
0.254164
0.662
0.164914
0.137074
0.662
0.253368
0.179166
0.662
0.662
0.235425
0.140476
0.09593
0.210052
0.662
0.283571
0.0633884
0.302637
0.662
0.113731
0.430934
0.662
0.551521
0.662
0.410912
0.048973
0.360262
0.165843
0.662
0.00168733
0.0488916
0.31785
0.473215
0.662
0.662
0.467258
0.662
0.0232994
0.446471
0.662
0.526494
0.662
0.348917
0.662
0.662
0.187639
0.237413
0.662
0.662
0.081756
0.662
0.446631
0.264898
0.662
0.241692
0.351671
0.0474202
0.229091
0.11539
0.662
0.662
0.256373
0.552945
0.263661
0.662
0.122623
0.662
0.174972
0.0103306
0.662
0.115298
0.662
0.199186
0.21519
0.562412
0.118874
0.662
0.662
0.484243
0.662
0.652822
0.662
0.231061
0.662
0.662
0.266654
0.294692
0.541582
0.190129
0.662
0.263599
0.662
0.475172
0.662
0.0986565
0.662
0.662
0.662
0.662
0.234562
0.662
0.662
0.662
0.662
0.362682
0.662
0.219798
0.451626
0.662
0.662
0.247723
0.354537
0.279747
0.191216
0.662
0.455116
0.662
0.271499
0.144238
0.62942
0.596044
0.662
0.293681
0.662
0.662
0.275328
0.395383
0.0253192
0.439029
0.315852
0.662
0.662
0.270435
0.358586
0.474954
0.572672
0.182568
0.170299
0.0525152
0.0954548
0.242876
0.138016
0.164867
0.155202
0.662
0.662
0.26707
0.662
0.662
0.662
0.2199
0.120844
0.332215
0.425086
0.225641
0.295024
0.662
0.296874
0.326249
0.186339
0.662
0.515804
0.163378
0.386541
0.662
0.662
0.108589
0.662
0.662
0.215451
0.352971
0.410919
0.0324226
0.223579
0.134785
0.662
0.194045
0.0485504
0.486255
0.462754
0.662
0.662
0.145483
0.465079
0.25543
0.662
0.409229
0.476767
0.662
0.662
0.662
0.662
0.274815
0.503322
0.212627
0.662
0.662
0.662
0.662
0.662
0.662
0.24868
0.662
0.376293
0.0929436
0.217056
0.46685
0.320608
0.662
0.174995
0.471008
0.337998
0.662
0.662
0.354156
0.55528
0.29527
0.111959
0.662
0.0476959
0.662
0.662
0.362917
0.662
0.662
0.662
0.198585
0.662
0.050136
0.282502
0.662
0.662
0.291575
0.00456914
0.238724
0.357882
0.0991022
0.376069
0.206853
0.398114
0.662
0.662
0.20562
0.294497
0.195013
0.361806
0.381394
0.0846306
0.320312
0.662
0.0975795
0.662
0.402685
0.382598
0.624588
