0.662
0.196798
0.662
0.662
0.124318
0.248875
0.274807
0.662
0.226618
0.0217562
0.662
0.385828
0.399166
0.0565854
0.0431007
0.258916
0.662
0.169494
0.662
0.149758
0.0875417
0.557459
0.662
0.217485
0.0373516
0.159725
0.426321
0.144558
0.0938424
0.0114081
0.564988
0.239477
0.662
0.11184
0.16684
0.00578299
0.651496
0.662
0.662
0.662
0.193992
0.662
0.187409
0.662
0.291573
0.0357814
0.662
0.662
0.662
0.411542
0.187442
0.0238173
0.430811
0.662
0.177167
0.662
0.181493
0.154027
0.229303
0.0783105
0.222188
0.526475
0.469663
0.662
0.662
0.280914
0.494505
0.662
0.235449
0.662
0.531038
0.37307
0.202913
0.662
0.311985
0.380462
0.662
0.00936858
0.190978
0.226201
0.20389
0.47908
0.497169
0.584931
0.662
0.378294
0.662
0.662
0.104829
0.286516
0.662
0.21423
0.662
0.210861
0.127678
0.437652
0.537359
0.477471
0.662
0.518433
0.662
0.400549
0.0788525
0.662
0.614041
0.387197
0.519542
0.0819227
0.180104
0.662
0.662
0.662
0.604858
0.662
0.233104
0.660888
0.662
0.662
0.0225955
0.662
0.662
0.662
0.662
0.662
0.662
0.444269
0.250737
0.662
0.32851
0.299906
0.312564
0.199141
0.662
0.473101
0.162453
0.153994
0.226561
0.0377932
0.461801
0.459633
0.207437
0.299297
0.428513
0.410057
0.277538
0.662
0.638632
0.29241
0.662
0.662
0.662
0.555146
0.377509
0.369615
0.330473
0.240904
0.662
0.662
0.494855
0.472618
0.662
0.353003
0.356352
0.578112
0.662
0.662
0.132488
0.0501162
0.662
0.662
0.0052899
0.473116
0.662
0.662
0.463632
0.56434
0.267917
0.662
0.662
0.662
0.226402
0.662
0.662
0.662
0.662
0.662
0.569274
0.662
0.13383
0.137048
0.0559749
0.0471418
0.0259627
0.362956
0.296688
0.435285
0.662
0.662
0.662
0.225448
0.662
0.579684
0.202172
0.662
0.488005
0.207017
0.511369
0.662
0.438549
0.662
0.662
0.0283065
0.662
0.0571394
0.217756
0.662
0.47599
0.029657
0.662
0.268597
0.637951
0.60956
0.563665
0.236743
0.642441
0.178513
0.121968
0.109805
0.0116365
0.662
0.418329
0.276046
0.369966
0.662
0.662
0.633391
0.140274
0.131205
0.232738
0.413619
0.0623068
0.267774
0.662
0.662
0.662
0.294344
0.299964
0.0361015
0.662
0.662
0.0566106
0.32124
0.121003
0.662
0.662
0.662
0.662
0.662
0.114784
0.228209
0.662
0.211508
0.662
0.662
0.253863
0.203495
0.662
0.662
0.236939
0.0755557
0.640107
0.662
0.47296
0.26157
0.557652
0.662
0.0863714
0.662
0.252799
0.214472
0.404586
0.475392
0.226562
0.245468
0.233377
0.662
0.662
0.662
0.64846
0.32054
0.509107
0.662
0.662
0.44892
0.167778
0.274125
0.662
0.422058
0.662
0.197452
0.662
0.202333
0.074787
0.130073
0.662
0.662
0.113397
0.662
0.428014
0.366124
0.662
0.399814
0.170469
0.268417
0.285931
0.662
0.418873
0.662
0.261732
0.662
0.247973
0.310284
0.662
0.172596
0.328944
0.409723
0.21371
0.662
0.328781
0.401008
0.0436161
0.0475536
0.496837
0.178502
0.472615
0.309079
0.662
0.18745
0.0271999
0.120292
0.277444
0.57627
0.293123
0.211263
0.0773531
0.615695
0.40573
0.662
0.662
0.153357
0.398728
0.662
0.5265
0.130253
0.343004
0.364286
0.662
0.178093
0.200603
0.662
0.348339
0.23293
0.464375
0.662
0.0306353
0.0474746
0.207903
0.294918
0.340384
0.363507
0.662
0.185814
0.662
0.662
0.257583
0.130396
0.662
0.21933
0.662
0.662
0.198344
0.662
0.662
0.662
0.662
0.189076
0.559182
0.423655
0.662
0.360551
0.166803
0.662
0.10842
0.662
0.497294
0.662
0.662
0.245689
0.579568
0.281668
0.662
0.442335
0.103586
0.662
0.652903
0.0356541
0.44325
0.121619
0.441976
0.616888
0.662
0.662
0.284422
0.662
0.49889
0.0490026
0.381515
0.631301
0.233975
0.662
0.662
0.351844
0.165232
0.662
0.662
0.662
0.28871
0.307525
0.662
0.00134066
0.662
0.277993
0.662
0.662
0.448481
0.435685
0.662
0.489388
0.469887
0.119029
0.300827
0.0449556
0.439064
0.462842
0.195487
0.662
0.447905
0.662
0.311642
0.198902
0.575994
0.662
0.12198
0.208649
0.389839
0.00837449
0.662
0.662
0.662
0.111916
0.387193
0.662
0.662
0.662
0.662
0.452895
0.236421
0.187158
0.202006
0.519991
0.538178
0.459746
0.662
0.633572
0.0692589
0.439859
0.361477
0.662
0.309376
0.315515
0.619963
0.662
0.662
0.153889
0.662
0.0129651
0.0899652
0.662
0.662
0.662
0.357155
0.337477
0.228359
0.146335
0.448472
0.475444
0.662
0.662
0.378214
0.662
0.662
0.255591
0.401623
0.662
0.14827
0.662
0.662
0.160488
0.294905
0.662
0.662
0.662
0.662
0.662
0.285535
0.203077
0.202335
0.0327993
0.0411576
0.402687
0.662
0.174351
0.367995
0.662
0.494547
0.221449
0.662
0.662
0.075967
0.479043
0.236027
0.17376
0.0426292
0.174384
0.438528
0.662
0.191602
0.662
0.0350239
0.662
0.457747
0.662
0.411769
0.325982
0.279312
0.662
0.312395
0.353362
0.662
0.662
0.662
0.662
0.455092
0.322769
0.499001
0.662
0.662
0.662
0.312993
0.449171
0.0349018
0.145077
0.662
0.302047
0.287817
0.11996
0.392276
0.662
0.572937
0.662
0.162436
0.413302
0.460375
0.25794
0.137328
0.662
0.127007
0.470707
0.662
0.259935
0.662
0.662
0.662
0.523888
0.0389311
0.0453792
0.662
0.0888809
0.662
0.662
0.138278
0.20871
0.662
0.582311
0.257132
0.0229189
0.662
0.114679
0.125808
0.117649
0.662
0.0650495
0.662
0.321208
0.269803
0.662
0.507943
0.662
0.208037
0.662
0.177302
0.557084
0.159792
0.402728
0.347744
0.459225
0.182417
0.662
0.443266
0.117292
0.240116
0.662
0.662
0.662
0.662
0.662
0.662
0.662
0.0208888
0.199636
0.185107
0.397491
0.420461
0.288416
0.361122
0.099507
0.173399
0.662
0.388435
0.120342
0.662
0.662
0.456757
0.0235049
0.347983
0.662
0.662
0.422102
0.662
0.609025
0.662
0.662
0.662
0.281445
0.474383
0.304753
0.468828
0.487186
0.163829
0.418954
0.291215
0.385739
0.662
0.0252923
0.187405
0.662
0.0981368
0.662
0.0797824
0.283149
0.662
0.0964458
0.662
0.352225
0.662
0.662
0.0287319
0.662
0.628742
0.662
0.662
0.27003
0.662
0.480038
0.662
0.662
0.198034
0.219264
0.0425718
0.471229
0.662
0.527931
0.662
0.110757
0.625545
0.19918
0.232502
0.312304
0.662
0.662
0.241906
0.194982
0.432242
0.324031
0.662
0.662
0.662
0.662
0.135483
0.662
0.268724
0.0871116
0.261972
0.243516
0.0624944
0.428776
0.423413
0.272341
0.245011
0.662
0.311422
0.200374
0.662
0.662
0.238696
0.356317
0.123079
0.206703
0.166608
0.18282
0.424521
0.662
0.662
0.662
0.662
0.0661273
0.662
0.457586
0.662
0.112414
0.383546
0.324808
0.662
0.438904
0.153881
0.208232
0.662
0.662
0.47706
0.453699
0.662
0.638536
0.0912204
0.237217
0.662
0.662
0.434787
0.662
0.662
0.102694
0.130284
0.662
0.662
0.510545
0.662
0.662
0.442339
0.662
0.662
0.472247
0.662
0.278301
0.662
0.662
0.662
0.137741
0.662
0.662
0.524553
0.41572
0.532402
0.365389
0.423002
0.662
0.662
0.23891
0.271286
0.109457
0.107244
0.0745848
0.42219
0.504726
0.662
0.340625
0.662
0.662
0.319427
0.484597
0.662
0.348888
0.417529
0.662
0.475379
0.325481
0.126135
0.662
0.354605
0.373668
0.390884
0.662
0.662
0.448705
0.476926
0.662
0.662
0.662
0.633715
0.662
0.100118
0.416675
0.216808
0.662
0.31926
0.662
0.341327
0.662
0.662
0.326371
0.289341
0.662
0.662
0.330993
0.210953
0.662
0.418486
0.662
0.662
0.079338
0.209225
0.662
0.662
0.662
0.585603
0.405196
0.312865
0.662
0.662
0.353482
0.662
0.662
0.255609
0.214599
0.662
0.662
0.214079
0.344489
0.662
0.311973
0.541624
0.572905
0.662
0.337212
0.257014
0.662
0.219839
0.310743
0.421564
0.662
0.662
0.662
0.4707
0.662
0.138786
0.662
0.354983
0.252608
0.398337
0.471165
0.388857
0.0122451
0.662
0.662
0.662
0.662
0.520888
0.662
0.300443
0.485413
0.401219
0.662
0.130469
0.662
0.310409
0.153837
0.224384
0.382524
0.16254
0.662
0.662
0.662
0.053205
0.662
0.662
0.493031
0.138556
0.644076
0.376151
0.553155
0.13942
0.662
0.662
0.662
0.53987
0.352805
0.217288
0.662
0.0398977
0.662
0.0182716
0.662
0.662
0.662
0.662
0.662
0.0444746
0.662
0.199286
0.151276
0.266108
0.662
0.553091
0.293364
0.12148
0.662
0.204857
0.662
0.662
0.662
0.108415
0.639881
0.550251
0.365126
0.142484
0.662
0.662
0.451806
0.656773
0.0145962
0.636271
0.355746
0.662
0.223586
0.0120155
0.430874
0.496621
0.662
0.373451
0.662
0.662
0.430999
0.0235174
0.439081
0.433373
0.236961
0.39021
0.576695
0.382175
0.349274
0.335641
0.453903
0.662
0.258086
0.586181
0.662
0.456668
0.662
0.610216
0.15581
0.0185119
0.662
0.662
0.187419
0.460585
0.322198
0.526049
0.388671
0.160588
0.662
0.385988
0.228719
0.662
0.136488
0.220944
0.613016
0.662
0.229218
0.662
0.195613
0.23041
0.436511
0.459033
0.404763
0.529144
0.220364
0.505829
0.662
0.625337
0.662
0.416423
0.222203
0.342321
0.514411
0.308607
0.662
0.0580051
0.662
0.662
0.0541507
0.29428
0.495281
0.662
0.38517
0.349685
0.662
0.662
0.0305759
0.185826
0.228709
0.0768914
0.357615
0.184139
0.482579
0.662
0.260373
0.070612
0.0499769
0.662
0.231076
0.435557
0.662
0.662
0.307478
0.606062
0.662
0.239124
0.662
0.643024
0.326017
0.662
0.662
0.01171
0.662
0.662
0.498568
0.556011
0.662
0.632447
0.0394329
0.662
0.662
0.465482
0.0556604
0.618751
0.168186
0.131248
0.662
0.662
0.228857
0.662
0.662
0.662
0.304611
0.662
0.140297
0.662
0.369831
0.248042
0.184105
0.396533
0.228904
0.662
0.154374
0.208482
0.639676
0.122639
0.363952
0.068753
0.329502
0.107841
0.403368
0.0583253
0.662
0.364969
0.343428
0.662
0.662
0.662
0.123885
0.129701
0.492246
0.209544
0.662
0.157437
0.157166
0.100807
0.277899
0.277777
0.662
0.662
0.579464
0.504019
0.481854
0.176454
0.179953
0.662
0.321392
0.620867
0.662
0.465367
0.168599
0.662
0.332984
0.662
0.662
0.662
0.43991
0.662
0.32327
0.662
0.662
0.158318
0.345945
0.458009
0.301356
0.461197
0.662
0.244069
0.247891
0.662
0.203128
0.262497
0.662
0.662
0.662
0.441227
0.350091
0.184232
0.196914
0.558235
0.10591
0.043892
0.662
0.662
0.31898
0.662
0.662
0.0594417
0.662
0.662
0.385446
0.0666858
0.662
0.573079
0.662
0.114483
0.0748466
0.174184
0.657037
0.264152
0.262653
0.662
0.662
0.0442007
0.413423
0.662
0.662
0.190074
0.284661
0.525089
0.239745
0.117182
0.322942
0.530108
0.0956105
0.369003
0.662
0.199854
0.306876
0.662
0.326898
0.662
0.419624
0.230405
0.662
0.662
0.617687
0.229813
0.142838
0.390075
0.662
0.320257
0.332919
0.404434
0.634234
0.662
0.195909
0.662
0.277805
0.163816
0.662
0.662
0.662
0.030347
0.360536
0.584017
0.390523
0.119446
0.453404
0.429656
0.662
0.662
0.662
0.662
0.662
0.203288
0.662
0.328025
0.27489
0.371318
0.249134
0.032106
0.0882513
0.662
0.662
0.493273
0.192028
0.542529
0.218747
0.523227
0.341047
0.309659
0.344488
0.662
0.310639
0.0573717
0.506768
0.315092
0.382618
0.662
0.150401
0.662
0.336577
0.0248656
0.662
0.662
0.662
0.34909
0.0264579
0.214036
0.396468
0.206767
0.180116
0.662
0.662
0.662
0.299389
0.231725
0.629887
0.662
0.229081
0.662
0.662
0.662
0.194805
0.399365
0.662
0.662
0.662
0.631599
0.662
0.662
0.207268
0.662
0.662
0.563786
0.372191
0.28203
0.659087
0.205963
0.204283
0.662
0.662
0.436206
0.250432
0.589919
0.583811
0.215465
0.382193
0.662
0.662
0.281852
0.103546
0.438764
0.197854
0.222863
0.662
0.662
0.662
0.662
0.205665
0.626467
0.662
0.419997
0.204503
0.300685
0.26094
0.314056
0.32434
0.534777
0.662
0.130827
0.169018
0.392898
0.302076
0.408098
0.662
0.0109541
0.662
0.662
0.662
0.539536
0.462937
0.506577
0.662
0.109306
0.128366
0.339088
0.370194
0.662
0.282559
0.18609
0.317061
0.1997
0.21166
0.254851
0.662
0.438687
0.172838
0.662
0.492889
0.662
0.650545
0.397119
0.157565
0.321262
0.662
0.244994
0.255854
0.162796
0.436481
0.304848
0.33901
0.662
0.29914
0.662
0.662
0.22981
0.382094
0.202967
0.0317678
0.341375
0.0386808
0.662
0.376552
0.662
0.662
0.383859
0.168045
0.549888
0.0782202
0.547637
0.339752
0.604917
0.662
0.662
0.201292
0.662
0.559505
0.457437
0.109383
0.662
0.662
0.476676
0.662
0.662
0.662
0.662
0.633925
0.662
0.662
0.346305
0.181765
0.423321
0.236754
0.662
0.662
0.662
0.662
0.297593
0.646376
0.662
0.662
0.330648
0.189566
0.475236
0.0423486
0.662
0.461816
0.435804
0.338932
0.45222
0.543511
0.0667853
0.284622
0.662
0.662
0.106692
0.229789
0.662
0.408356
0.193424
0.086638
0.662
0.319224
0.662
0.0808202
0.157308
0.263233
0.0940911
0.112367
0.214187
0.662
0.534194
0.116731
0.417595
0.491585
0.453433
0.0729758
0.662
0.238663
0.239151
0.18165
0.0251517
0.662
0.305864
0.662
0.662
0.333075
0.223971
0.144432
0.172771
0.496646
0.39631
0.0687878
0.220087
0.09519
0.471413
0.662
0.022054
0.161433
0.541431
0.460969
0.662
0.104203
0.053314
0.0504292
0.662
0.238986
0.372202
0.662
0.176129
0.178466
0.443904
0.662
0.662
0.619473
0.662
0.662
0.662
0.520368
0.169893
0.0437272
0.662
0.662
0.469184
0.234484
0.662
0.662
0.350766
0.662
0.180006
0.146412
0.662
0.499619
0.0964003
0.501721
0.560409
0.636649
0.662
0.549053
0.0234631
0.41225
0.43995
0.294608
0.662
0.427288
0.662
0.662
0.431114
0.662
0.318143
0.626472
0.42207
0.662
0.0772891
0.515017
0.41456
0.662
0.199827
0.247576
0.286352
0.115189
0.662
0.0528488
0.2143
0.294949
0.662
0.355607
0.662
0.524454
0.662
0.569727
0.294036
0.662
0.38963
0.662
0.0536106
0.00383787
0.662
0.383195
0.255107
0.662
0.103396
0.210355
0.662
0.662
0.662
0.118121
0.177129
0.276817
0.190746
0.185857
0.662
0.05673
0.369224
0.662
0.662
0.662
0.662
0.536195
0.476812
0.633218
0.662
0.525143
0.662
0.662
0.451948
0.639741
0.586567
0.662
0.662
0.169356
0.662
0.261668
0.12037
0.662
0.662
0.078618
0.406312
0.0834558
0.0885074
0.662
0.662
0.0640603
0.662
0.0971707
0.0188747
0.505921
0.662
0.0303018
0.357305
0.214259
0.662
0.662
0.662
0.662
0.122688
0.662
0.394597
0.488
0.00920545
0.590794
0.300237
0.662
0.0966483
0.0495948
0.165119
0.139296
0.322883
0.162335
0.239051
0.192894
0.0121147
0.662
0.314839
0.295618
0.474182
0.662
0.662
0.20036
0.377008
0.362579
0.49925
0.378521
0.662
0.306504
0.211095
0.364814
0.439109
0.662
0.195171
0.336193
0.536999
0.347578
0.192855
0.229792
0.171941
0.0888448
0.398404
0.355401
0.662
0.276139
0.369882
0.459439
0.099982
0.544093
0.347871
0.179818
0.276816
0.129129
0.292987
0.609245
0.0143269
0.662
0.662
0.402062
0.662
0.060821
0.0910805
0.622085
0.0782768
0.662
0.192422
0.359441
0.410203
0.214391
0.662
0.034829
0.176194
0.0771491
0.662
0.662
0.207527
0.585775
0.662
0.662
0.192503
0.662
0.662
0.470736
0.45897
0.662
0.271424
0.224979
0.662
0.662
0.00450361
0.474593
0.662
0.192318
0.462918
0.374737
0.44301
0.662
0.662
0.662
0.257562
0.662
0.662
0.662
0.605163
0.250442
0.662
0.662
0.38929
0.087382
0.0962775
0.266216
0.465087
0.662
0.0997324
0.662
0.662
0.662
0.662
0.662
0.333515
0.421785
0.0768294
0.662
0.171721
0.204692
0.662
0.662
0.662
0.515812
0.00936922
0.472172
0.0343562
