0.117299
0.248703
0.662
0.466588
0.247232
0.150305
0.662
0.662
0.421934
0.662
0.662
0.662
0.215599
0.0658772
0.169906
0.51782
0.410809
0.653967
0.00697695
0.662
0.583816
0.662
0.662
0.407023
0.662
0.409354
0.140644
0.662
0.594948
0.0297138
0.459437
0.662
0.211711
0.245831
0.355501
0.662
0.127667
0.662
0.655301
0.355231
0.246684
0.396078
0.136323
0.216031
0.662
0.662
0.331989
0.662
0.566682
0.142554
0.24939
0.662
0.127047
0.37451
0.482331
0.662
0.662
0.2056
0.283471
0.473697
0.662
0.191544
0.662
0.60621
0.355382
0.325078
0.662
0.00421891
0.0816854
0.662
0.662
0.431915
0.307855
0.662
0.404673
0.632459
0.433553
0.317754
0.662
0.293603
0.662
0.518703
0.53779
0.0951955
0.0100434
0.662
0.257788
0.193998
0.613012
0.662
0.662
0.662
0.662
0.318325
0.0979161
0.418914
0.62995
0.320165
0.662
0.180444
0.662
0.131403
0.456217
0.114187
0.45689
0.352554
0.662
0.492413
0.23153
0.446355
0.348809
0.202808
0.662
0.662
0.557766
0.222314
0.63339
0.0529813
0.318679
0.390337
0.613561
0.662
0.201447
0.117097
0.662
0.0387216
0.204467
0.662
0.519586
0.202323
0.4757
0.662
0.662
0.00403628
0.662
0.662
0.662
0.0319511
0.166386
0.250929
0.168183
0.0680098
0.662
0.0369238
0.0323179
0.396394
0.32287
0.662
0.662
0.319851
0.662
0.503562
0.662
0.533046
0.406786
0.662
0.303567
0.189997
0.662
0.662
0.662
0.662
0.189638
0.294094
0.309838
0.198825
0.542302
0.333921
0.448334
0.662
0.662
0.662
0.662
0.340249
0.201461
0.238736
0.662
0.288029
0.608552
0.236894
0.397504
0.0106952
0.204504
0.662
0.466703
0.0230206
0.181794
0.24507
0.110932
0.662
0.662
0.120206
0.584933
0.152048
0.662
0.36827
0.173162
0.662
0.30267
0.662
0.662
0.24532
0.190984
0.662
0.455829
0.662
0.088209
0.11829
0.662
0.662
0.233456
0.662
0.120975
0.117493
0.662
0.662
0.171403
0.381666
0.235151
0.443715
0.19229
0.116479
0.662
0.662
0.3628
0.662
0.306404
0.12983
0.662
0.662
0.104393
0.662
0.662
0.313114
0.662
0.48079
0.662
0.662
0.313343
0.0935022
0.170787
0.349016
0.607799
0.662
0.293407
0.1965
0.330684
0.398897
0.331334
0.662
0.454865
0.662
0.389267
0.0732612
0.348005
0.221776
0.662
0.662
0.350117
0.312377
0.662
0.399968
0.28262
0.406494
0.662
0.0832756
0.113014
0.23417
0.662
0.271089
0.644162
0.344273
0.662
0.446213
0.181012
0.662
0.662
0.662
0.662
0.662
0.662
0.490816
0.662
0.662
0.191405
0.662
0.662
0.55991
0.662
0.454229
0.0418118
0.3877
0.253632
0.332154
0.0119173
0.662
0.47225
0.387285
0.662
0.662
0.0794793
0.0118604
0.16075
0.662
0.455848
0.662
0.4219
0.383003
0.662
0.662
0.264551
0.133474
0.662
0.662
0.220461
3.63595e-05
0.136004
0.427643
0.662
0.662
0.357344
0.275302
0.662
0.662
0.475105
0.638907
0.662
0.185309
0.40225
0.239215
0.662
0.190196
0.171501
0.662
0.138348
0.662
0.112897
0.165859
0.341287
0.0257394
0.662
0.662
0.207269
0.501421
0.662
0.199076
0.662
0.414758
0.662
0.454936
0.662
0.449077
0.583147
0.0799908
0.662
0.288348
0.662
0.377482
0.573001
0.662
0.292046
0.0900119
0.662
0.100034
0.662
0.399244
0.662
0.149164
0.404592
0.436666
0.33188
0.504898
0.290887
0.662
0.0159881
0.662
0.303059
0.441448
0.0523908
0.236578
0.591433
0.543627
0.0458132
0.199805
0.102961
0.377063
0.662
0.662
0.336221
0.364092
0.662
0.662
0.525768
0.23819
0.351633
0.401265
0.195978
0.662
0.34358
0.24114
0.160581
0.437584
0.318602
0.662
0.662
0.662
0.662
0.251712
0.662
0.13104
0.662
0.557448
0.466072
0.323037
0.404089
0.500718
0.662
0.262741
0.662
0.662
0.271247
0.662
0.20602
0.323472
0.165476
0.26077
0.114195
0.662
0.224958
0.662
0.60991
0.188513
0.662
0.463645
0.662
0.210739
0.649106
0.116428
0.648653
0.0852526
0.662
0.662
0.0983786
0.446888
0.310813
0.301441
0.200224
0.662
0.662
0.176993
0.23114
0.662
0.662
0.662
0.36805
0.237275
0.662
0.47642
0.662
0.206626
0.19161
0.222111
0.0417341
0.40226
0.466937
0.662
0.604018
0.202131
0.662
0.387755
0.662
0.443483
0.189468
0.224784
0.20507
0.348772
0.662
0.662
0.0448596
0.229317
0.317766
0.392302
0.0654957
0.662
0.457167
0.148053
0.662
0.579062
0.118199
0.12784
0.662
0.662
0.662
0.115255
0.662
0.662
0.368271
0.328775
0.656456
0.384461
0.662
0.662
0.0957343
0.385991
0.662
0.662
0.662
0.662
0.0824561
0.662
0.219685
0.138002
0.662
0.182334
0.662
0.400494
0.0956448
0.646893
0.662
0.662
0.662
0.586118
0.16843
0.662
0.123768
0.0515968
0.00578995
0.384037
0.159117
0.662
0.259033
0.470388
0.291563
0.662
0.628022
0.125069
0.176099
0.662
0.662
0.662
0.012947
0.662
0.275657
0.241939
0.205776
0.662
0.101456
0.186724
0.662
0.449189
0.662
0.662
0.662
0.254275
0.662
0.662
0.662
0.662
0.539773
0.662
0.662
0.662
0.662
0.662
0.435624
0.662
0.022877
0.317311
0.630148
0.416825
0.363233
0.439537
0.662
0.191337
0.662
0.411294
0.662
0.488536
0.125599
0.565677
0.662
0.662
0.0830507
0.201503
0.662
0.583896
0.662
0.209529
0.662
0.306645
0.250476
0.0299244
0.341547
0.662
0.662
0.203
0.662
0.146126
0.0842118
0.174817
0.662
0.221151
0.202837
0.662
0.0607033
0.522003
0.662
0.415059
0.577398
0.331706
0.628748
0.294252
0.662
0.472466
0.662
0.578009
0.662
0.365153
0.662
0.662
0.662
0.208554
0.662
0.143948
0.662
0.153525
0.0550469
0.161761
0.41422
0.662
0.131062
0.342764
0.647952
0.662
0.213859
0.662
0.592468
0.662
0.301429
0.662
0.348194
0.302325
0.0895922
0.432301
0.662
0.662
0.662
0.662
0.263298
0.662
0.662
0.662
0.561422
0.644932
0.00231543
0.503368
0.662
0.662
0.662
0.662
0.486692
0.662
0.19451
0.377456
0.293646
0.555764
0.662
0.375628
0.353646
0.662
0.159733
0.662
0.207391
0.662
0.662
0.256358
0.662
0.0764845
0.274536
0.662
0.222417
0.291067
0.515859
0.263041
0.662
0.201703
0.662
0.136252
0.188712
0.271521
0.0627277
0.115628
0.662
0.0858998
0.194297
0.662
0.136683
0.258298
0.662
0.539935
0.429746
0.662
0.186711
0.662
0.662
0.10182
0.468273
0.662
0.662
0.662
0.662
0.21697
0.543942
0.638741
0.45495
0.304572
0.662
0.662
0.321583
0.563082
0.394611
0.662
0.348405
0.341902
0.662
0.302731
0.662
0.0742177
0.0415331
0.221267
0.242412
0.185867
0.218486
0.662
0.0320534
0.662
0.416181
0.662
0.662
0.312985
0.410064
0.455103
0.165662
0.497403
0.231202
0.662
0.451289
0.583378
0.36279
0.662
0.492355
0.00696624
0.402389
0.430857
0.662
0.043259
0.662
0.425073
0.343572
0.662
0.343881
0.662
0.274248
0.467275
0.662
0.662
0.662
0.215791
0.608568
0.148977
0.542118
0.662
0.119751
0.662
0.662
0.662
0.662
0.576981
0.000576119
0.178981
0.443764
0.171849
0.518842
0.622401
0.228895
0.646264
0.662
0.385029
0.300559
0.190962
0.615749
0.459235
0.28578
0.662
0.0113548
0.662
0.662
0.427099
0.662
0.35978
0.0970369
0.246962
0.0492053
0.163698
0.492051
0.261599
0.000972438
0.662
0.280195
0.0611209
0.662
0.662
0.33018
0.42672
0.022348
0.210188
0.211773
0.581985
0.0480924
0.0221723
0.662
0.163272
0.282703
0.637741
0.340489
0.0377044
0.662
0.144204
0.253235
0.380005
0.172412
0.0303126
0.662
0.320222
0.662
0.103992
0.662
0.0173532
0.662
0.0573035
0.343946
0.402074
0.662
0.182617
0.519561
0.240028
0.198173
0.632035
0.662
0.468947
0.00393415
0.662
0.662
0.662
0.662
0.608353
0.270453
0.662
0.232818
0.164022
0.463779
0.173343
0.0605507
0.539718
0.225695
0.662
0.662
0.571767
0.042839
0.153901
0.662
0.62739
0.352648
0.662
0.662
0.662
0.429386
0.662
0.104598
0.424283
0.662
0.553536
0.226636
0.662
0.662
0.329321
0.552482
0.369632
0.333821
0.157447
0.0462235
0.662
0.15049
0.0828342
0.577054
0.0595692
0.662
0.572669
0.662
0.662
0.370518
0.445959
0.089031
0.662
0.139931
0.136682
0.23877
0.132185
0.0579902
0.662
0.386233
0.394198
0.662
0.0229168
0.662
0.00740425
0.662
0.476663
0.662
0.203447
0.128396
0.115879
0.662
0.159815
0.662
0.193323
0.662
0.247772
0.0277643
0.366471
0.469945
0.184391
0.662
0.185387
0.131788
0.662
0.275431
0.305738
0.201597
0.184563
0.249172
0.432795
0.662
0.0573941
0.662
0.398033
0.315466
0.662
0.63887
0.662
0.662
0.185042
0.128715
0.0420978
0.408436
0.303163
0.298255
0.561437
0.662
0.662
0.0235779
0.662
0.403636
0.662
0.662
0.0553644
0.274375
0.662
0.338356
0.662
0.198836
0.662
0.662
0.11602
0.662
0.11635
0.228808
0.537598
0.662
0.275477
0.662
0.291902
0.377422
0.659941
0.662
0.203146
0.662
0.194583
0.32538
0.662
0.662
0.328644
0.662
0.662
0.156099
0.662
0.126756
0.449103
0.662
0.662
0.223063
0.0114947
0.366586
0.319588
0.662
0.662
0.549824
0.108606
0.139998
0.348753
0.29468
0.662
0.332004
0.277941
0.309886
0.662
0.292255
0.0995602
0.587012
0.662
0.0709479
0.309133
0.46967
0.344319
0.662
0.363846
0.662
0.443033
0.662
0.360236
0.602835
0.662
0.662
0.662
0.662
0.662
0.480236
0.129968
0.318882
0.342207
0.662
0.156903
0.214912
0.293717
0.191201
0.0562849
0.662
0.188599
0.662
0.42533
0.662
0.075855
0.309688
0.662
0.131603
0.0549671
0.578965
0.189044
0.198271
0.390865
0.196431
0.662
0.101782
0.343135
0.210364
0.598943
0.142864
0.450285
0.662
0.662
0.496584
0.624424
0.662
0.473286
0.662
0.471676
0.158631
0.326537
0.379703
0.662
0.662
0.662
0.506043
0.226316
0.662
0.0249274
0.389364
0.00361133
0.662
0.662
0.662
0.629569
0.662
0.203292
0.298816
0.662
0.662
0.652401
0.662
0.187821
0.152309
0.662
0.662
0.662
0.662
0.528677
0.366374
0.662
0.662
0.662
0.102617
0.662
0.415549
0.662
0.213638
0.271058
0.335611
0.274864
0.0447992
0.662
0.374367
0.457474
0.662
0.382331
0.662
0.277097
0.662
0.662
0.29017
0.326966
0.0823812
0.662
0.662
0.662
0.662
0.0508831
0.449146
0.0217324
0.662
0.195964
0.309517
0.532901
0.662
0.318062
0.290954
0.470013
0.662
0.662
0.269488
0.662
0.662
0.662
0.592216
0.0284637
0.662
0.201167
0.662
0.447743
0.105774
0.662
0.123007
0.471598
0.458612
0.662
0.0183324
0.662
0.662
0.379486
0.359539
0.662
0.662
0.0374782
0.626107
0.662
0.0955053
0.201999
0.662
0.124819
0.0891319
0.154979
0.407546
0.480135
0.662
0.567407
0.662
0.181802
0.662
0.662
0.662
0.0563514
0.427697
0.662
0.431283
0.662
0.195682
0.662
0.208548
0.0136932
0.211522
0.499209
0.190023
0.662
0.662
0.662
0.222986
0.16321
0.63043
0.662
0.361854
0.238949
0.489234
0.662
0.0615358
0.351855
0.29159
0.662
0.662
0.290641
0.662
0.284088
0.201349
0.662
0.662
0.662
0.202865
0.110885
0.618969
0.27736
0.0852339
0.454582
0.48006
0.0833827
0.662
0.662
0.662
0.662
0.662
0.556087
0.662
0.458322
0.431157
0.35177
0.662
0.502692
0.662
0.662
0.440392
0.662
0.662
0.359966
0.46522
0.662
0.504578
0.662
0.474902
0.215559
0.198938
0.662
0.662
0.179029
0.366677
0.0574436
0.608011
0.662
0.662
0.0571717
0.30921
0.570998
0.662
0.662
0.496538
0.662
0.451773
0.412989
0.10406
0.662
0.629408
0.491763
0.27129
0.0134762
0.350947
0.268868
0.185638
0.404459
0.127576
0.289681
0.20331
0.662
0.575359
0.279622
0.406151
0.445337
0.662
0.0681768
0.662
0.215632
0.145894
0.219085
0.0426836
0.662
0.404424
0.273931
0.662
0.129793
0.662
0.662
0.480531
0.405742
0.263615
0.517527
0.662
0.371593
0.662
0.662
0.395479
0.0720725
0.662
0.192836
0.46955
0.103297
0.380162
0.662
0.00569639
0.449125
0.102801
0.0288442
0.662
0.245316
0.20324
0.446638
0.504792
0.662
0.284894
0.662
0.662
0.662
0.337924
0.662
0.267078
0.662
0.522345
0.662
0.355166
0.662
0.146201
0.662
0.662
0.662
0.20616
0.0130435
0.662
0.0773725
0.401153
0.543818
0.662
0.237196
0.662
0.427433
0.662
0.662
0.420559
0.343687
0.248045
0.319368
0.378398
0.549907
0.662
0.0358554
0.662
0.438659
0.36082
0.0543242
0.179564
0.204438
0.073399
0.602467
0.662
0.323704
0.662
0.621918
0.260598
0.435267
0.662
0.662
0.662
0.662
0.662
0.101987
0.350367
0.042247
0.662
0.465216
0.487293
0.662
0.662
0.410019
0.0818004
0.662
0.127791
0.243911
0.433376
0.144047
0.0543231
0.197534
0.662
0.662
0.662
0.662
0.662
0.188726
0.489753
0.366835
0.58073
0.249272
0.234651
0.119997
0.475949
0.656912
0.454423
0.277068
0.0752716
0.0709934
0.0957896
0.662
0.0168039
0.201772
0.12486
0.19224
0.0851624
0.0618968
0.0346421
0.168281
0.342281
0.200661
0.351876
0.662
0.542198
0.151056
0.400667
0.27845
0.419541
0.233289
0.300521
0.662
0.334959
0.0930141
0.662
0.62366
0.462405
0.662
0.322052
0.176743
0.254064
0.0751747
0.338856
0.232848
0.0601067
0.662
0.0999263
0.406608
0.662
0.09624
0.218457
0.662
0.662
0.662
0.0355514
0.662
0.662
0.662
0.263256
0.662
0.24147
0.498916
0.662
0.548737
0.356421
0.662
0.398578
0.0393913
0.440804
0.0495717
0.0976649
0.429558
0.424617
0.0886971
0.178205
0.662
0.15333
0.356324
0.662
0.385907
0.610048
0.404374
0.409568
0.662
0.546957
0.190883
0.662
0.448684
0.117385
0.654645
0.109897
0.157162
0.513544
0.320106
0.456878
0.662
0.275394
0.317059
0.203339
0.0822823
0.0097958
0.662
0.662
0.526037
0.662
0.0548994
0.662
0.341654
0.662
0.662
0.662
0.192883
0.662
0.662
0.0444581
0.378324
0.181619
0.662
0.662
0.662
0.662
0.153289
0.662
0.662
0.662
0.662
0.343818
0.437335
0.411823
0.256804
0.662
0.352716
0.239253
0.662
0.662
0.203135
0.47447
0.662
0.241518
0.291283
0.662
0.207106
0.132269
0.507554
0.56829
0.662
0.250251
0.396022
0.662
0.144833
0.662
0.130135
0.393303
0.662
0.210357
0.662
0.182671
0.00208878
0.506094
0.662
0.216493
0.662
0.132309
0.360855
0.662
0.662
0.662
0.662
0.662
0.125957
0.662
0.662
0.422795
0.662
0.662
0.662
0.358219
0.662
0.442838
0.255295
0.662
0.398286
0.662
0.662
0.44676
0.662
0.662
0.377099
0.662
0.428544
0.025614
0.662
0.662
0.662
0.273613
0.401079
0.386022
0.29218
0.074629
0.204529
0.23105
0.662
0.662
0.186622
0.296749
0.541881
0.301023
0.662
0.554335
0.128327
0.662
0.413102
0.386032
0.254249
0.662
0.662
0.201516
0.167163
0.207052
0.178728
0.405378
0.3516
0.291523
0.629789
0.662
0.272831
0.1247
0.272011
0.662
0.480413
0.262177
0.402478
0.292304
0.662
0.292348
0.0363178
0.44306
0.423188
0.662
0.662
0.662
0.425069
0.662
0.662
0.389666
0.0755596
0.251686
0.662
0.662
0.662
0.662
0.385244
0.0562221
0.197373
0.662
0.552323
0.662
0.12669
0.662
0.226837
0.396153
0.220777
0.173217
0.246198
0.662
0.190709
0.465334
0.35845
0.662
0.662
0.662
0.311246
0.662
0.155079
0.387428
0.662
0.159708
0.190953
0.633049
0.534992
0.662
0.185878
0.662
0.662
0.662
0.662
0.662
0.268547
0.662
0.662
0.209726
0.662
0.0848224
0.662
0.190084
0.0721766
0.662
0.528412
0.0923217
0.662
0.129282
0.0661613
0.662
0.56858
0.478326
0.276422
0.662
0.264031
0.662
0.420172
0.232789
0.247501
0.662
0.20048
0.494714
0.351713
0.316247
0.662
0.19978
0.639935
0.252088
0.662
0.662
0.662
0.174797
0.662
0.125514
0.662
0.468834
0.662
0.366895
0.662
0.510791
0.0511696
0.662
0.132598
0.226123
0.662
0.662
0.662
0.256851
0.662
0.433411
0.506367
0.407037
0.523708
0.0533203
0.25508
0.662
0.115321
0.662
0.662
0.0673961
0.662
0.662
0.172552
0.662
0.00349944
0.662
0.55555
0.152138
0.406916
0.204615
0.176105
0.0299506
0.443008
0.662
0.0988134
0.662
0.137844
0.662
0.662
0.486412
0.662
0.662
0.662
0.198203
0.662
0.522605
0.662
0.662
0.554013
0.534183
0.516145
0.223215
0.662
0.567662
0.662
0.284611
0.130657
0.662
0.125577
0.298093
0.150086
0.0699318
0.292912
0.453986
0.424632
0.264873
0.423515
0.139904
0.271078
0.268531
0.662
0.662
0.662
0.134499
0.437739
0.184705
0.215108
0.559295
0.662
0.122869
0.289393
0.182223
0.156444
0.181821
0.63033
0.0407579
0.662
0.662
0.662
0.517934
0.349963
0.438105
0.662
0.201551
0.662
0.662
0.662
0.193632
0.662
0.205535
0.662
0.0560955
0.662
0.199775
0.0079186
0.225032
0.427571
0.662
0.156989
0.662
0.124174
0.453597
0.018232
0.662
0.223496
0.338333
0.0765478
0.662
0.328175
0.121694
0.450267
0.188035
0.662
0.192074
0.662
0.270391
0.244674
0.338483
0.609796
0.222895
0.0345764
0.0385802
0.201359
0.162027
0.662
0.0643424
0.475134
0.495469
0.486484
0.662
0.392381
0.662
0.380973
0.35496
0.662
9.04806e-05
0.0315849
0.468566
0.662
0.662
0.296107
0.662
0.662
0.189199
0.563488
0.440934
0.447236
0.662
0.662
0.260739
0.662
0.662
0.662
0.202328
0.662
0.349874
0.244885
0.405784
0.662
0.662
0.19434
0.373776
0.313619
0.104219
0.662
0.205887
0.662
0.662
0.456112
0.434797
0.353861
0.662
0.202751
0.224426
0.252683
0.348856
0.19164
0.231696
0.662
0.0514326
0.662
0.435883
0.662
0.197265
0.49917
0.662
0.102127
0.0496393
0.324691
0.502064
0.662
0.625674
0.662
0.198111
0.0439147
0.662
0.662
0.662
0.662
0.547074
0.0320105
0.134898
0.0638066
0.343613
0.662
0.271859
0.338142
0.0383462
0.662
0.612465
0.344029
0.662
0.662
0.259123
0.662
0.662
0.662
0.39888
0.63523
0.463865
0.133131
0.662
0.662
0.126687
0.608576
0.45297
0.662
0.191582
0.572024
0.270658
0.358709
0.662
0.249081
0.662
0.0782969
0.662
0.311692
0.662
0.662
0.662
0.205877
0.606389
0.216244
0.181435
0.662
0.662
0.322761
0.602339
0.662
0.440943
0.111382
0.662
0.662
0.662
0.0516423
0.662
0.412306
0.662
0.123886
0.662
0.276795
0.340835
0.662
0.662
0.00213516
0.271723
0.662
0.628844
0.475606
0.517417
0.569107
0.452827
0.662
0.195543
0.253447
0.662
0.0636755
0.410548
0.539336
0.496698
0.662
0.662
0.407682
0.0944253
0.255449
0.408113
0.15541
0.0205499
0.662
0.484646
0.538201
0.662
0.662
0.662
0.662
0.0187211
0.662
0.662
0.23365
0.662
0.439166
0.0439433
0.0301822
0.291764
0.662
0.662
0.466506
0.662
0.469709
0.662
0.0374475
0.662
0.271632
0.291653
0.600784
0.662
0.662
0.662
0.662
0.662
0.329363
0.662
0.662
0.662
0.662
0.247085
0.475473
0.251294
0.261894
0.0835169
0.53271
0.0448242
0.124405
0.141114
0.662
0.662
0.24004
0.155684
0.662
0.576717
0.237531
0.492967
0.662
0.0629767
0.621179
0.662
0.286387
0.0578467
0.247032
0.662
0.662
0.418057
0.124564
0.662
0.322199
0.221557
0.662
0.662
0.182463
0.40965
0.179032
0.662
0.662
0.662
0.662
0.662
0.662
0.359939
0.479611
0.28465
0.662
0.662
0.662
0.662
0.192766
0.662
0.331346
0.224711
0.0984014
0.662
0.662
0.432545
0.480295
0.662
0.662
0.465449
0.662
0.33275
0.5074
0.435292
0.662
0.334469
0.662
0.662
0.111479
0.473629
0.148753
0.301996
0.14926
0.662
0.541001
0.190713
0.662
0.662
0.15475
0.662
0.199195
0.19499
0.662
0.662
0.410774
0.662
0.130631
0.662
0.395558
0.421721
0.240588
0.0403934
0.662
0.662
0.522154
0.322152
0.662
0.662
0.275427
0.460007
0.662
0.391656
0.316408
0.422176
0.124154
0.0436258
0.662
0.311392
0.662
0.114146
0.170744
0.422414
0.213901
0.154328
0.662
0.220605
0.564274
0.662
0.288454
0.426737
0.0910709
0.11307
0.662
0.545823
0.662
0.662
0.485513
0.662
0.413622
0.429979
0.250284
0.662
0.445612
0.270984
0.00024941
0.445627
0.310762
0.353509
0.101497
0.0913058
0.404969
0.662
0.662
0.662
0.0575312
0.169245
0.417199
0.662
0.317719
0.221124
0.362499
0.662
0.194692
0.126002
0.186663
0.662
0.662
0.114816
0.617913
0.662
0.134579
0.662
0.154428
0.662
0.662
0.20492
0.0873179
0.461666
0.0219056
0.35677
0.145766
0.163519
0.145228
0.158834
0.508115
0.662
0.488118
0.662
0.369766
0.210826
0.510995
0.662
0.332449
0.138534
0.662
0.662
0.662
0.662
0.0665741
0.428241
0.208929
0.283703
0.00843663
0.211118
0.662
0.103519
0.662
0.498214
0.327586
0.662
0.596785
0.4288
0.662
0.623299
0.451855
0.420781
0.517193
0.406247
0.630736
0.330949
0.185286
0.508803
0.305218
0.300053
0.309953
0.119358
0.426738
0.662
0.459288
0.559252
0.583006
0.396398
0.662
0.552397
0.330504
0.662
0.662
0.225496
0.181729
0.109488
0.306102
0.238501
0.272613
0.662
0.439963
0.497563
0.662
0.38716
0.662
0.662
0.631831
0.662
0.662
0.342832
0.460676
0.313487
0.421097
0.391344
0.336137
0.128338
0.304323
0.662
0.662
0.662
0.662
0.662
0.344732
0.662
0.662
0.662
0.223944
0.276485
0.302095
0.662
0.662
0.347251
0.393477
0.662
0.23056
0.368207
0.662
0.158061
0.662
0.248569
0.662
0.210289
0.241741
0.662
0.0483803
0.662
0.662
0.492175
0.00338322
0.104471
0.142471
0.662
0.662
0.662
0.64638
0.0802737
0.494849
0.662
0.219266
0.662
0.32364
0.32171
0.266301
0.662
0.662
0.484936
0.43847
0.662
0.492878
0.376461
0.387321
0.662
0.388682
0.169215
0.662
0.180075
0.662
0.0940501
0.172929
0.3105
0.324498
0.160224
0.404092
0.319899
0.662
0.662
0.493779
0.662
0.662
0.662
0.662
0.662
0.662
0.460558
0.662
0.584354
0.290073
0.00378745
0.662
0.0617605
0.0329976
0.33252
0.662
0.662
0.662
0.233599
0.241056
0.662
0.339732
0.662
0.197578
0.662
0.662
0.185538
0.282764
0.408684
0.0680657
0.662
0.662
0.662
0.512488
0.662
0.662
0.211163
0.129501
0.347451
0.662
0.465993
0.662
0.662
0.662
0.124937
0.662
0.149759
0.662
0.532194
0.662
0.176502
0.662
0.0722967
0.662
0.382884
0.662
0.662
0.452271
0.377458
0.186057
0.662
0.662
0.662
0.330997
0.662
0.43842
0.0095182
0.276302
0.286264
0.602001
0.394969
0.662
0.174279
0.662
0.662
0.662
0.489726
0.0510121
0.662
0.185834
0.662
0.297418
0.179431
0.461542
0.446027
0.49169
0.517383
0.0930008
0.662
0.201184
0.459351
0.193588
0.451695
0.615596
0.603871
0.213141
0.0428685
0.249047
0.662
0.413207
0.662
0.241458
0.662
0.177104
0.28774
0.662
0.161267
0.358856
0.458149
0.11261
0.662
0.395713
0.242969
0.662
0.101772
0.426288
0.403461
0.419451
0.261573
0.662
0.662
0.407042
0.161335
0.662
0.365312
0.662
0.298334
0.0110353
0.662
0.520512
0.662
0.639491
0.30023
0.662
0.662
0.662
0.662
0.469744
0.498059
0.0833372
0.662
0.422922
0.662
0.211105
0.09841
0.0800317
0.215391
0.373324
0.662
0.405394
0.207431
0.662
0.469186
0.510673
0.662
0.257187
0.430347
0.662
0.172901
0.392046
0.662
0.386998
0.662
0.631557
0.662
0.281111
0.156942
0.662
0.662
0.609532
0.451413
0.437033
0.13769
0.558543
0.662
0.662
0.436417
0.18105
0.527456
0.370122
0.662
0.245428
0.662
0.0579556
0.662
0.0646599
0.662
0.216161
0.235776
0.342849
0.162269
0.0913307
0.662
0.103178
0.662
0.662
0.39618
0.45947
0.150962
0.267072
0.338272
0.662
0.662
0.662
0.662
0.329977
0.662
0.662
0.628486
0.117329
0.527743
0.662
0.3896
0.662
0.37367
0.662
0.552406
0.0429998
0.662
0.424038
0.662
0.455886
0.462346
0.268776
0.662
0.184508
0.662
0.662
0.662
0.0492861
0.225673
0.301264
0.367532
0.662
0.406317
0.662
0.662
0.662
0.332639
0.240311
0.233322
0.662
0.232985
0.662
0.394036
0.662
0.161769
0.205451
0.144829
0.47936
0.0478918
0.0474175
0.297121
0.662
0.444658
0.662
0.340373
0.315581
0.662
0.662
0.102757
0.662
0.662
0.198776
0.662
0.662
0.407031
0.662
0.151614
0.180415
0.453631
0.179964
0.304292
0.662
0.662
0.662
0.662
0.373096
0.404259
0.662
0.317108
0.195318
0.662
0.662
0.192618
0.0338498
0.0633359
0.227243
0.662
0.184335
0.662
0.662
0.144566
0.236267
0.186004
0.662
0.662
0.662
0.201763
0.662
0.266196
0.662
0.269931
0.421058
0.0333408
0.662
0.656556
0.598086
0.234463
0.340946
0.166223
0.280938
0.222803
0.316234
0.662
0.399833
0.640985
0.662
0.239008
0.201547
0.201222
0.259055
0.235648
0.403434
0.358191
0.0582684
0.662
0.00365358
0.662
0.0955848
0.473061
0.662
0.573112
0.662
0.662
0.662
0.662
0.662
0.185772
0.189235
0.205291
0.135081
0.292574
0.00232356
0.662
0.0316174
0.662
0.419487
0.662
0.272129
0.25319
0.345384
0.662
0.662
0.371229
0.437732
0.280726
0.223484
0.662
0.662
0.47628
0.22568
0.159036
0.662
0.662
0.0268116
0.662
0.51581
0.166663
0.662
0.185409
0.662
0.662
0.0939697
0.662
0.342998
0.168247
0.662
0.333472
0.541673
0.662
0.326491
0.662
0.662
0.130007
0.234595
0.662
0.662
0.145188
0.175435
0.662
0.174691
0.315437
0.0761175
0.662
0.662
0.662
0.150632
0.130133
0.662
0.0491291
0.662
0.217558
0.662
0.386018
0.662
0.662
0.212186
0.662
0.550189
0.662
0.222486
0.662
0.151123
0.662
0.135217
0.576725
0.335281
0.662
0.29044
0.39552
0.132283
0.446858
0.202797
0.662
0.330722
0.662
0.463701
0.386843
0.21483
0.274188
0.662
0.0340848
0.22526
0.662
0.662
0.662
0.0831757
0.196677
0.432739
0.470284
0.440999
0.265682
0.662
0.209188
0.296432
0.662
0.0843937
0.386965
0.662
0.0860535
0.662
0.0781327
0.214393
0.301739
0.232197
0.662
0.662
0.662
0.662
0.37624
0.362785
0.662
0.662
0.266147
0.347874
0.623364
0.270714
0.384079
0.662
0.662
0.370902
0.662
0.239537
0.464736
0.662
0.368092
0.662
0.662
0.398027
0.221664
0.637872
0.261798
0.110501
0.294899
0.112505
0.662
0.0297639
0.180881
0.662
0.662
0.34661
0.222521
0.123593
0.217941
0.222862
0.00673758
0.380595
0.662
0.662
0.389221
0.234833
0.258047
0.186814
0.120269
0.217039
0.207696
0.662
0.0334378
0.17068
0.662
0.13448
0.316585
0.474336
0.662
0.662
0.662
0.394277
0.257167
0.383308
0.662
0.574501
0.629162
0.662
0.662
0.360381
0.095784
0.168604
0.662
0.662
0.646514
0.662
0.662
0.284119
0.662
0.528673
0.662
0.662
0.327503
0.0307632
0.377345
0.0812887
0.284874
0.662
0.479436
0.662
0.365432
0.0163943
0.662
0.662
0.261033
0.0314228
0.662
0.662
0.395623
0.324104
0.246522
0.662
0.662
0.0097715
0.662
0.422672
0.389026
0.662
0.535317
0.662
0.150441
0.662
0.218784
0.123895
0.410228
0.145535
0.662
0.0155683
0.662
0.34243
0.00718898
0.629298
0.164887
0.662
0.156107
0.662
0.219253
0.419933
0.662
0.110008
0.106812
0.451929
0.0784075
0.28392
0.420204
0.194058
0.245811
0.178557
0.662
0.384879
0.662
0.0547051
0.317303
0.662
0.104246
0.144593
0.477863
0.662
0.565468
0.662
0.229199
0.659505
0.662
0.662
0.662
0.392519
0.131039
0.580255
0.148602
0.662
0.220291
0.662
0.475743
0.189406
0.0358258
0.396907
0.662
0.605651
0.476754
0.140863
0.662
0.662
0.662
0.662
0.662
0.597208
0.662
0.662
0.119029
0.556894
0.405995
0.00102197
0.0774928
0.147082
0.592929
0.662
0.662
0.342254
0.662
0.662
0.476546
0.662
0.456523
0.164657
0.393873
0.26843
0.455223
0.181274
0.45318
0.347462
0.662
0.536011
0.662
0.189603
0.251945
0.344879
0.203186
0.21526
0.16439
0.333364
0.378268
0.46956
0.291202
0.662
0.64332
0.202542
0.662
0.384911
0.282912
0.662
0.516823
0.357442
0.662
0.662
0.662
0.662
0.267813
0.662
0.662
0.662
0.081197
0.662
0.0459863
0.453773
0.232535
0.302806
0.662
0.516408
0.662
0.0333222
0.662
0.113377
0.107119
0.194387
0.622809
0.662
0.662
0.662
0.662
0.0666153
0.322629
0.104509
0.0963702
0.399016
0.662
0.662
0.107061
0.162856
0.467117
0.467903
0.36204
0.249724
0.0276142
0.509208
0.662
0.495169
0.662
0.367673
0.0439918
0.662
0.141498
0.209992
0.662
0.544198
0.277059
0.172496
0.662
0.185563
0.662
0.662
0.662
0.150461
0.136857
0.205985
0.0986974
0.662
0.662
0.04394
0.449997
0.648895
0.662
0.160147
0.557677
0.662
0.662
0.140829
0.662
0.457993
0.0781755
0.2202
0.426297
0.662
0.436646
0.662
0.662
0.30677
0.207916
0.206637
0.179292
0.53862
0.662
0.302476
0.598055
0.415301
0.662
0.662
0.322782
0.393774
0.662
0.662
0.662
0.471241
0.378725
0.0844362
0.215597
0.331668
0.662
0.00553346
0.0431177
0.240313
0.117136
0.476826
0.662
5.79814e-06
0.26378
0.62989
0.196852
0.042696
0.662
0.662
0.55282
0.0349132
0.662
0.313646
0.662
0.15285
0.662
0.662
0.211906
0.121935
0.217594
0.308933
0.380134
0.662
0.662
0.662
0.287762
0.662
0.662
0.662
0.290087
0.2811
0.477674
0.40956
0.347204
0.662
0.040645
0.662
0.390965
0.662
0.25751
0.662
0.161063
0.662
0.230532
0.196267
0.0756399
0.313526
0.662
0.243428
0.0237175
0.662
0.320674
0.50647
0.45127
0.349594
0.152789
0.662
0.0914067
0.662
0.546271
0.439488
0.0381411
0.662
0.323025
0.156812
0.662
0.370061
0.129688
0.662
0.113264
0.56068
0.284622
0.662
0.101333
0.3409
0.662
0.527839
0.662
0.662
0.662
0.631868
0.306788
0.662
0.0683113
0.662
0.229568
0.662
0.526963
0.584152
0.0270865
0.635582
0.351733
0.662
0.662
0.662
0.155312
0.418714
0.186753
0.662
0.500644
0.480954
0.20038
0.422347
0.21157
0.34781
0.662
0.421387
0.662
0.662
0.191344
0.334854
0.29075
0.24699
0.662
0.662
0.662
0.137992
0.662
0.662
0.585807
0.662
0.0374973
0.237819
0.300363
0.0864201
0.0534358
0.152739
0.662
0.267127
0.369855
0.0611076
0.662
0.267062
0.662
0.662
0.0454106
0.662
0.662
0.662
0.662
0.0818429
0.575457
0.380976
0.662
0.137585
0.662
0.531851
0.22167
0.413637
0.148646
0.341396
0.327477
0.573693
0.254955
0.662
0.662
0.374124
0.459658
0.0547022
0.0586651
0.662
0.212084
0.352679
0.495557
0.662
0.662
0.662
0.662
0.325274
0.455606
0.662
0.662
0.662
0.100162
0.662
0.21606
0.149356
0.296192
0.25743
0.0147433
0.268658
0.11156
0.640539
0.492672
0.246685
0.662
0.662
0.662
0.308353
0.365228
0.405224
0.662
0.662
0.18794
0.402248
0.231087
0.495488
0.168934
0.191401
0.506715
0.45969
0.662
0.197315
0.491243
0.41648
0.323317
0.662
0.177862
0.454296
0.380501
0.336661
0.193673
0.662
0.341695
0.237748
0.239522
0.0424809
0.228514
0.662
0.662
0.425945
0.662
0.662
0.333747
0.662
0.428149
0.0836936
0.184017
0.445226
0.25766
0.169326
0.61218
0.175701
0.505527
0.662
0.662
0.662
0.0596694
0.409619
0.662
0.0871746
0.662
0.372262
0.186288
0.662
0.541388
0.125211
0.662
0.295312
0.662
0.662
0.259938
0.589043
0.662
0.196968
0.593573
0.344819
0.662
0.479519
0.426055
0.662
0.210819
0.662
0.662
0.102908
0.662
0.159647
0.662
0.662
0.62333
0.200888
0.662
0.662
0.662
0.662
0.146216
0.322221
0.422408
0.662
0.662
0.374404
0.332206
0.219162
0.662
0.0200867
0.488269
0.662
0.662
0.17158
0.662
0.159333
0.662
0.207919
0.662
0.279432
0.454658
0.221399
0.255465
0.225204
0.662
0.455572
0.662
0.0619951
0.200157
0.662
0.662
0.662
0.4049
0.400464
0.662
0.662
0.186244
0.200175
0.281918
0.113662
0.662
0.662
0.204145
0.588116
0.529842
0.662
0.0874499
0.662
0.158044
0.136392
0.254494
0.411016
0.116896
0.662
0.662
0.447658
0.561176
0.462862
0.350377
0.662
0.211303
0.662
0.662
0.662
0.292859
0.29204
0.662
0.18076
0.662
0.155387
0.382028
0.208777
0.362076
0.168483
0.662
0.0836748
0.158611
0.662
0.662
0.146386
0.477153
0.623058
0.199319
0.662
0.43378
0.324007
0.662
0.118194
0.31298
0.662
0.409766
0.127345
0.662
0.116039
0.18921
0.199535
0.265959
0.0145092
0.662
0.662
0.321246
0.159983
0.128717
0.330364
0.454455
0.00500037
0.13731
0.438253
0.184008
0.487739
0.662
0.0850693
0.662
0.401394
0.662
0.141538
0.0536181
0.662
0.448712
0.59644
0.259812
0.662
0.484764
0.662
0.643476
0.484253
0.662
0.293618
0.0260148
0.148698
0.0253714
0.662
0.200418
0.662
0.0415093
0.303634
0.208376
0.662
0.140405
0.327036
0.662
0.16616
0.662
0.662
0.462521
0.410977
0.662
0.345047
0.662
0.619182
0.107791
0.0233293
0.408402
0.00858805
0.021164
0.153935
0.662
0.662
0.288901
0.662
0.350596
0.662
0.309506
0.662
0.662
0.380796
0.433249
0.466102
0.662
0.1981
0.453763
0.115775
0.101363
0.662
0.608835
0.208148
0.662
0.0978206
0.662
0.276291
0.106771
0.122067
0.182626
0.237738
0.366962
0.138678
0.662
0.401612
0.662
0.0626299
0.662
0.662
0.662
0.662
0.662
0.0381487
0.293503
0.155965
0.193482
0.662
0.586673
