0.662
0.662
0.390523
0.273823
0.639741
0.407674
0.453606
0.230295
0.662
0.250442
0.662
0.217485
0.307478
0.662
0.44314
0.662
0.662
0.185407
0.543574
0.52456
0.662
0.441976
0.0442007
0.201678
0.662
0.662
0.662
0.662
0.0576132
0.662
0.445438
0.160588
0.662
0.662
0.369228
0.662
0.662
0.229303
0.662
0.662
0.662
0.253906
0.662
0.381478
0.662
0.662
0.662
0.165819
0.26739
0.416675
0.662
0.662
0.116731
0.434787
0.304753
0.662
0.47838
0.462842
0.662
0.184232
0.662
0.395581
0.662
0.266092
0.662
0.403274
0.324243
0.444412
0.662
0.662
0.18768
0.189471
0.330087
0.321263
0.0335637
0.662
0.0305507
0.662
0.00537111
0.662
0.0729758
0.10953
0.662
0.239128
0.626863
0.662
0.0845733
0.662
0.277805
0.257132
0.662
0.180006
0.369431
0.268724
0.629595
0.662
0.662
0.550089
0.662
0.104829
0.217288
0.163808
0.029657
0.0534438
0.662
0.0783105
0.299297
0.662
0.579568
0.662
0.285773
0.662
0.441227
0.302632
0.223971
0.662
0.662
0.662
0.354983
0.460969
0.662
0.411705
0.363921
0.401816
0.662
0.662
0.292206
0.662
0.129129
0.508951
0.662
0.619745
0.0638834
0.662
0.330464
0.203128
0.127678
0.187381
0.662
0.662
0.662
0.659087
0.22436
0.662
0.0933067
0.281003
0.109549
0.287907
0.662
0.18824
0.191039
0.662
0.662
0.468828
0.662
0.179759
0.662
0.662
0.344909
0.662
0.343096
0.662
0.283085
0.0871571
0.529511
0.662
0.662
0.322297
0.231261
0.662
0.198449
0.0827602
0.0624944
0.356732
0.662
0.662
0.522587
0.662
0.08612
0.662
0.601509
0.385828
0.662
0.470707
0.662
0.185257
0.230425
0.252799
0.183413
0.269541
0.456964
0.0306353
0.465958
0.484272
0.167691
0.662
0.371994
0.662
0.0981497
0.662
0.11184
0.156279
0.202341
0.395305
0.364969
0.662
0.662
0.662
0.662
0.122189
0.662
0.245011
0.244531
0.661913
0.465586
0.415537
0.190743
0.223586
0.353121
0.225268
0.472615
0.231363
0.518433
0.178538
0.435285
0.255591
0.662
0.200374
0.0373516
0.228941
0.137328
0.660933
0.211021
0.150133
0.082922
0.662
0.662
0.128412
0.0808202
0.662
0.0579796
0.662
0.427288
0.662
0.662
0.662
0.44325
0.315002
0.662
0.336193
0.662
0.645821
0.492034
0.662
0.662
0.408098
0.471165
0.424528
0.0122451
0.176194
0.309433
0.34079
0.662
0.419997
0.111918
0.0971707
0.662
0.452895
0.262881
0.408876
0.058665
0.662
0.0882513
0.479043
0.662
0.424947
0.662
0.618766
0.208562
0.662
0.420461
0.662
0.662
0.226774
0.662
0.662
0.174351
0.662
0.662
0.662
0.551429
0.245663
0.662
0.43638
0.662
0.662
0.276219
0.49675
0.633861
0.24262
0.274626
0.00631207
0.185107
0.304848
0.289125
0.662
0.200042
0.341375
0.348821
0.056153
0.268254
0.151673
0.662
0.208232
0.113824
0.0958474
0.392224
0.603228
0.662
0.662
0.662
0.662
0.662
0.29241
0.662
0.443904
0.662
0.448481
0.662
0.662
0.662
0.491585
0.308607
0.28203
0.662
0.662
0.0753118
0.18007
0.224384
0.662
0.662
0.197002
0.662
0.35988
0.662
0.452502
0.662
0.402632
0.135483
0.226561
0.0217418
0.0798059
0.662
0.0573717
0.294949
0.279145
0.662
0.436398
0.197854
0.569727
0.409276
0.378801
0.152376
0.662
0.105875
0.350279
0.355646
0.38792
0.630167
0.524999
0.662
0.635463
0.344488
0.662
0.662
0.439081
0.662
0.662
0.662
0.643207
0.662
0.410203
0.308234
0.618751
0.662
0.269006
0.227536
0.585247
0.0882851
0.0120465
0.193424
0.662
0.662
0.421394
0.662
0.186093
0.226402
0.662
0.279312
0.587114
0.662
0.174431
0.662
0.662
0.662
0.662
0.662
0.123282
0.662
0.662
0.292932
0.662
0.662
0.513753
0.662
0.222444
0.662
0.533357
0.334281
0.448147
0.662
0.329939
0.0646791
0.234215
0.0558909
0.662
0.662
0.662
0.662
0.187409
0.553383
0.32617
0.662
0.462937
0.230851
0.00138535
0.137741
0.662
0.662
0.662
0.118121
0.662
0.662
0.662
0.17697
0.362559
0.662
0.662
0.439109
0.165634
0.322769
0.662
0.204857
0.187158
0.0528488
0.0564865
0.652903
0.0988667
0.040354
0.0886856
0.662
0.662
0.501721
0.186256
0.175993
0.662
0.662
0.662
0.662
0.119284
0.662
0.662
0.662
0.662
0.168045
0.47296
0.448096
0.0667853
0.211263
0.662
0.269803
0.662
0.131281
0.428014
0.1997
0.210953
0.120072
0.0966091
0.360834
0.415045
0.353232
0.430811
0.113331
0.0888448
0.662
0.662
0.168186
0.662
0.275771
0.662
0.662
0.153881
0.629887
0.208037
0.20971
0.277444
0.662
0.336078
0.363507
0.662
0.521879
0.444501
0.385434
0.318143
0.662
0.079338
0.324382
0.234484
0.662
0.185814
0.662
0.631301
0.662
0.662
0.662
0.21182
0.271977
0.198344
0.628765
0.662
0.0571394
0.662
0.225706
0.40573
0.475236
0.189372
0.0764655
0.662
0.662
0.294608
0.614578
0.214391
0.37087
0.612127
0.248895
0.505829
0.148999
0.0687878
0.603667
0.206055
0.00578299
0.168939
0.352805
0.662
0.216159
0.485477
0.05673
0.662
0.662
0.662
0.216393
0.502556
0.435685
0.534463
0.212594
0.217709
0.138739
0.383446
0.105416
0.229813
0.0871116
0.662
0.364572
0.286415
0.563786
0.662
0.662
0.238763
0.0654334
0.61365
0.662
0.662
0.662
0.662
0.071359
0.209776
0.180277
0.662
0.113994
0.199636
0.662
0.169126
0.0595904
0.21371
0.662
0.162467
0.41475
0.167169
0.423509
0.274872
0.273129
0.662
0.343428
0.247576
0.0507139
0.125608
0.138781
0.411416
0.662
0.586511
0.662
0.192028
0.186649
0.390714
0.120416
0.413704
0.187419
0.523042
0.075967
0.371613
0.662
0.662
0.662
0.175086
0.662
0.503431
0.53987
0.122688
0.184841
0.167148
0.303137
0.206767
0.662
0.239151
0.662
0.662
0.385733
0.662
0.662
0.274072
0.493031
0.662
0.662
0.532528
0.662
0.662
0.222203
0.292791
0.662
0.662
0.438071
0.643024
0.349685
0.637499
0.467758
0.662
0.202335
0.662
0.314839
0.479571
0.108415
0.282271
0.294344
0.330417
0.39908
0.662
0.525089
0.239745
0.44586
0.321198
0.396729
0.0565854
0.459439
0.662
0.662
0.170181
0.292987
0.662
0.662
0.662
0.0185119
0.624734
0.225396
0.117033
0.662
0.0224024
0.286466
0.488005
0.662
0.662
0.638632
0.328944
0.662
0.0873413
0.662
0.219839
0.355746
0.0595904
0.300237
0.662
0.472172
0.150401
0.197928
0.227272
0.122511
0.26333
0.210061
0.315515
0.192993
0.224979
0.21423
0.662
0.662
0.167699
0.192894
0.305387
0.217819
0.215133
0.277899
0.662
0.192503
0.102176
0.0250157
0.662
0.37573
0.555378
0.662
0.225448
0.662
0.142368
0.629406
0.0982289
0.0431007
0.662
0.640107
0.0465829
0.477611
0.662
0.234825
0.662
0.47706
0.413302
0.507943
0.264505
0.28204
0.662
0.519991
0.338932
0.662
0.228569
0.456335
0.662
0.42219
0.662
0.155846
0.335137
0.662
0.057309
0.662
0.662
0.3598
0.45897
0.208677
0.662
0.662
0.10335
0.662
0.662
0.169893
0.378186
0.205867
0.434515
0.575854
0.310284
0.0024309
0.158318
0.371733
0.341711
0.284074
0.662
0.49889
0.254497
0.124304
0.662
0.662
0.662
0.662
0.662
0.165119
0.662
0.662
0.526184
0.419624
0.230405
0.662
0.662
0.662
0.662
0.662
0.191602
0.444269
0.0251845
0.662
0.662
0.355266
0.0819227
0.662
0.662
0.260373
0.662
0.354758
0.380568
0.662
0.369966
0.310276
0.445057
0.187918
0.645019
0.313811
0.403368
0.261732
0.662
0.435557
0.662
0.346785
0.662
0.662
0.662
0.662
0.420033
0.284492
0.248875
0.432242
0.662
0.662
0.662
0.336577
0.0237023
0.174184
0.26157
0.662
0.662
0.662
0.398404
0.662
0.662
0.662
0.662
0.201025
0.662
0.229792
0.138278
0.603818
0.175509
0.256458
0.662
0.169356
0.662
0.662
0.662
0.0516144
0.662
0.662
0.392277
0.662
0.200603
0.34211
0.662
0.662
0.662
0.662
0.541431
0.114679
0.514866
0.662
0.545414
0.154076
0.560303
0.662
0.414022
0.0452231
0.221449
0.415565
0.38368
0.662
0.662
0.662
0.338976
0.662
0.0797853
0.454473
0.155963
0.472041
0.651393
0.662
0.662
0.476676
0.179012
0.662
0.181537
0.435804
0.662
0.216859
0.662
0.367398
0.476874
0.440453
0.537903
0.159792
0.662
0.110235
0.662
0.241906
0.085502
0.0676473
0.238493
0.662
0.0981368
0.662
0.204503
0.385481
0.44892
0.160122
0.662
0.290333
0.0265251
0.470249
0.236652
0.662
0.662
0.188316
0.255089
0.438731
0.293123
0.662
0.662
0.385446
0.662
0.27489
0.266276
0.258935
0.109967
0.457623
0.457134
0.289088
0.662
0.203288
0.023057
0.662
0.281028
0.662
0.593602
0.662
0.662
0.317203
0.447481
0.36346
0.120342
0.662
0.0254525
0.168251
0.60849
0.662
0.662
0.0208887
0.185857
0.431082
0.270324
0.662
0.662
0.0495948
0.662
0.172596
0.0840493
0.662
0.474593
0.610212
0.312304
0.662
0.662
0.662
0.662
0.469663
0.662
0.405399
0.491777
0.111916
0.171325
0.662
0.383546
0.662
0.346156
0.541624
0.20836
0.217481
0.246011
0.662
0.40616
0.351699
0.117649
0.439859
0.662
0.259488
0.338711
0.337143
0.662
0.662
0.00477287
0.662
0.662
0.28164
0.396468
0.0248656
0.194965
0.662
0.224918
0.146335
0.662
0.537828
0.127044
0.662
0.181493
0.347983
0.228359
0.342321
0.0840001
0.662
0.662
0.428776
0.163263
0.662
0.596225
0.309387
0.336327
0.46669
0.587493
0.662
0.662
0.662
0.0182716
0.662
0.424891
0.622085
0.289116
0.662
0.337798
0.264152
0.662
0.662
0.348339
0.553305
0.360551
0.662
0.385739
0.505192
0.662
0.184105
0.662
0.662
0.390586
0.11324
0.250097
0.293036
0.404586
0.662
0.662
0.662
0.662
0.662
0.290911
0.616888
0.295618
0.0317678
0.20389
0.662
0.324127
0.0938424
0.643012
0.238986
0.193846
0.32898
0.4392
0.662
0.501964
0.662
0.662
0.662
0.356317
0.662
0.171941
0.229081
0.371318
0.291806
0.662
0.608549
0.662
0.0490026
0.662
0.662
0.390933
0.00134066
0.214036
0.439064
0.662
0.651413
0.662
0.662
0.662
0.594141
0.662
0.253947
0.271401
0.188421
0.662
0.234245
0.330381
0.305979
0.156949
0.197452
0.14649
0.0939318
0.662
0.229674
0.662
0.03358
0.497649
0.662
0.11688
0.662
0.196798
0.662
0.220182
0.662
0.269102
0.662
0.0938685
0.662
0.398337
0.662
0.253844
0.235776
0.233377
0.501824
0.144558
0.420298
0.232419
0.662
0.275483
0.662
0.491788
0.662
0.333515
0.276817
0.281412
0.249134
0.662
0.202324
0.0229731
0.586181
0.369831
0.476461
0.662
0.662
0.0915428
0.662
0.0496004
0.619473
0.578112
0.13504
0.255849
0.168377
0.10591
0.662
0.662
0.662
0.358611
0.321469
0.269858
0.662
0.662
0.124318
0.379946
0.662
0.494547
0.662
0.662
0.242998
0.549053
0.263871
0.662
0.186794
0.145157
0.662
0.359441
0.662
0.035336
0.662
0.662
0.662
0.469646
0.003658
0.178093
0.662
0.584931
0.496837
0.34109
0.662
0.292658
0.0980986
0.605163
0.378294
0.239051
0.662
0.266239
0.575773
