0.043299
0.117033
0.662
0.0487922
0.662
0.40996
0.662
0.523888
0.201406
0.662
0.498483
0.159407
0.546266
0.662
0.537725
0.662
0.310639
0.130213
0.308333
0.662
0.343291
0.662
0.0129651
0.662
0.23041
0.517239
0.382837
0.429374
0.485413
0.449825
0.0571394
0.0763617
0.303118
0.043621
0.33901
0.292987
0.472364
0.506768
0.0343562
0.441486
0.662
0.384523
0.207268
0.187056
0.662
0.325735
0.0847041
0.662
0.414218
0.469671
0.617577
0.239477
0.0646791
0.662
0.347602
0.11184
0.199077
0.662
0.662
0.662
0.110193
0.662
0.662
0.662
0.229991
0.102623
0.662
0.662
0.662
0.107988
0.662
0.258086
0.662
0.152213
0.0958474
0.147518
0.662
0.63431
0.191651
0.662
0.662
0.662
0.662
0.662
0.662
0.662
0.662
0.236961
0.381198
0.319224
0.496646
0.226929
0.662
0.194903
0.662
0.195395
0.410203
0.662
0.463988
0.250756
0.378475
0.306579
0.662
0.3513
0.662
0.197717
0.662
0.662
0.662
0.311885
0.0462232
0.105875
0.662
0.459477
0.662
0.311505
0.524342
0.662
0.196519
0.488
0.170181
0.195432
0.204857
0.662
0.618577
0.286352
0.200926
0.370409
0.321208
0.172212
0.546715
0.662
0.662
0.121637
0.662
0.662
0.169356
0.398679
0.662
0.381767
0.162517
0.662
0.662
0.151752
0.466567
0.662
0.662
0.662
0.250035
0.579318
0.030347
0.461992
0.128528
0.662
0.202514
0.662
0.609932
0.662
0.400383
0.173399
0.0782768
0.662
0.0808275
0.662
0.662
0.662
0.0667853
0.471413
0.662
0.593152
0.0471514
0.421145
0.182688
0.443904
0.455344
0.237983
0.139571
0.662
0.252608
0.541584
0.033714
0.246678
0.662
0.359754
0.0465829
0.42219
0.639881
0.662
0.0680781
0.63884
0.376151
0.161642
0.662
0.346723
0.128653
0.476871
0.662
0.404028
0.631599
0.662
0.188307
0.662
0.43674
0.312865
0.662
0.0595904
0.0902609
0.662
0.662
0.198819
0.45751
0.00828805
0.0942143
0.179953
0.0826699
0.168108
0.662
0.386503
0.662
0.662
0.662
0.662
0.662
0.244704
0.662
0.158176
0.662
0.662
0.0313664
0.662
0.651567
0.526299
0.376262
0.305303
0.662
0.192318
0.249392
0.644076
0.662
0.549373
0.662
0.336185
0.662
0.662
0.662
0.062209
0.245011
0.322883
0.158177
0.439109
0.662
0.200654
0.083007
0.498568
0.662
0.462519
0.104706
0.410714
0.625337
0.662
0.225902
0.085502
0.662
0.291753
0.329632
0.193358
0.662
0.331695
0.662
0.0888809
0.662
0.662
0.662
0.662
0.662
0.421564
0.0114182
0.662
0.0643013
0.662
0.205963
0.662
0.194805
0.662
0.298882
0.219109
0.0871116
0.261348
0.267454
0.504073
0.662
0.662
0.21137
0.662
0.662
0.17706
0.355746
0.137741
0.662
0.662
0.325481
0.193578
0.662
0.351112
0.307981
0.1689
0.0516564
0.173325
0.662
0.311973
0.352721
0.220614
0.662
0.428649
0.030548
0.662
0.145293
0.265175
0.372887
0.536999
0.662
0.499877
0.00537111
0.384692
0.662
0.451948
0.662
0.475458
0.662
0.662
0.662
0.267478
0.277899
0.0210555
0.0583253
0.202108
0.662
0.419997
0.662
0.662
0.662
0.177538
0.662
0.469168
0.662
0.392459
0.0343854
0.276765
0.662
0.662
0.662
0.155285
0.304848
0.573142
0.366024
0.662
0.146268
0.662
0.354758
0.228476
0.171721
0.662
0.01171
0.243516
0.421661
0.101717
0.662
0.318521
0.662
0.291573
0.348322
0.260083
0.479179
0.662
0.662
0.192894
0.0360739
0.21433
0.662
0.543208
0.662
0.158287
0.662
0.294949
0.208754
0.662
0.421904
0.662
0.218441
0.0638151
0.662
0.662
0.662
0.239461
0.662
0.262233
0.227232
0.149381
0.421457
0.0217562
0.209366
0.403065
0.662
0.37307
0.662
0.279874
0.662
0.28798
0.191602
0.483511
0.662
0.120313
0.662
0.270799
0.662
0.0456893
0.548808
0.112449
0.269342
0.662
0.426321
0.393591
0.662
0.10721
0.662
0.224356
0.237661
0.662
0.416423
0.662
0.662
0.662
0.475444
0.498985
0.231475
0.388412
0.613217
0.314056
0.662
0.41456
0.00825919
0.662
0.662
0.662
0.210623
0.560409
0.528175
0.52817
0.662
0.662
0.0939318
0.407573
0.209035
0.662
0.662
0.662
0.328511
0.0556323
0.215791
0.662
0.662
0.462918
0.575336
0.329502
0.21991
0.211963
0.00403418
0.662
0.662
0.332159
0.325982
0.493177
0.205085
0.2765
0.0995796
0.464578
0.369882
0.290262
0.662
0.662
0.662
0.662
0.00321302
0.231725
0.662
0.662
0.166608
0.662
0.295087
0.190746
0.662
0.158858
0.071435
0.662
0.662
0.284665
0.544584
0.61066
0.662
0.436197
0.47302
0.589919
0.293262
0.478892
0.662
0.662
0.315975
0.662
0.662
0.354706
0.237013
0.662
0.121968
0.662
0.349723
0.281852
0.662
0.189354
0.642441
0.662
0.662
0.662
0.662
0.662
0.260903
0.266108
0.662
0.662
0.149064
0.176194
0.411498
0.0148314
0.382148
0.662
0.592814
0.504019
0.179108
0.662
0.662
0.389839
0.200033
0.11708
0.200603
0.662
0.535136
0.245689
0.662
0.478379
0.662
0.246517
0.662
0.523059
0.662
0.662
0.662
0.435804
0.157098
0.662
0.662
0.662
0.13543
0.662
0.224733
0.31673
0.662
0.0748466
0.496621
0.0802234
0.487186
0.28199
0.662
0.662
0.662
0.187212
0.235135
0.392469
0.0899652
0.457437
0.662
0.404795
0.305242
0.233104
0.469834
0.364479
0.662
0.453211
0.125348
0.662
0.255825
0.662
0.393492
0.662
0.425058
0.662
0.0986364
0.177401
0.367885
0.491541
0.662
0.0851413
0.662
0.662
0.187475
0.204503
0.139889
0.515017
0.433706
0.0146182
0.460939
0.299345
0.144432
0.662
0.0768607
0.121619
0.224979
0.662
0.146079
0.662
0.643395
0.491667
0.474384
0.662
0.662
0.45107
0.168991
0.135483
0.662
0.154847
0.637951
0.662
0.662
0.423321
0.389806
0.662
0.347966
0.403832
0.208037
0.357138
0.12341
0.193458
0.662
0.236939
0.351844
0.177363
0.518433
0.662
0.215465
0.388857
0.157437
0.662
0.115345
0.245213
0.445751
0.21881
0.0247293
0.261668
0.662
0.662
0.316672
0.662
0.329091
0.514624
0.182417
0.561448
0.662
0.657037
0.418807
0.215193
0.185826
0.662
0.662
0.393238
0.559505
0.662
0.561897
0.217321
0.662
0.248079
0.184232
0.413423
0.662
0.344771
0.220951
0.662
0.300177
0.293364
0.662
0.609245
0.464375
0.662
0.387197
0.662
0.0535475
0.311642
0.222863
0.214997
0.087382
0.586567
0.0678303
0.662
0.501013
0.193691
0.662
0.423955
0.662
0.662
0.153837
0.45897
0.399513
0.570536
0.214391
0.413859
0.12037
0.431014
0.583566
0.189467
0.662
0.662
0.255609
0.603186
0.240885
0.19909
0.132221
0.336136
0.103714
0.662
0.590794
0.399831
0.519542
0.0574372
0.0393412
0.422852
0.662
0.662
0.368661
0.475392
0.662
0.662
0.101949
0.0370035
0.662
0.662
0.047657
0.211263
0.662
0.48643
0.167888
0.511281
0.0145962
0.662
0.662
0.0640603
0.562238
0.662
0.45222
0.356377
0.341235
0.384132
0.549391
0.662
0.662
0.49925
0.662
0.662
0.479662
0.662
0.136374
0.0936258
0.0293403
0.535278
0.473574
0.264938
0.662
0.662
0.394597
0.662
0.662
0.130253
0.28871
0.259758
0.201132
0.47908
0.662
0.662
0.662
0.662
0.662
0.662
0.662
0.361993
0.567673
0.662
0.150401
0.662
0.206305
0.222301
0.662
0.347871
0.325914
0.662
0.0052899
0.662
0.101656
0.662
0.662
0.662
0.662
0.300443
0.496795
0.662
0.41699
0.624767
0.205272
0.662
0.529678
0.594965
0.494547
0.448721
0.0463693
0.662
0.620157
0.662
0.662
0.362373
0.662
0.662
0.0815896
0.117182
0.636561
0.662
0.662
0.239448
0.326301
0.0716326
0.445347
0.662
0.364035
0.448472
0.662
0.662
0.3833
0.662
0.662
0.662
0.31926
0.662
0.403368
0.662
0.158829
0.00335392
0.662
0.254187
0.662
0.172838
0.662
0.554969
0.662
0.662
0.436026
0.662
0.113614
0.521134
0.31364
0.662
0.662
0.662
0.662
0.168045
0.135636
0.662
0.261405
0.662
0.0357814
0.0453792
0.349274
0.662
0.131205
0.253942
0.169773
0.0768914
0.257414
0.662
0.662
0.100789
0.662
0.662
0.282654
0.662
0.662
0.340006
0.662
0.0725969
0.294905
0.662
0.037274
0.0778098
0.377493
0.662
0.20833
0.00385305
0.364286
0.355401
0.185107
0.171977
0.313631
0.109831
0.662
0.662
0.662
0.662
0.300685
0.574855
0.0394329
0.205795
0.662
0.662
0.642269
0.380186
0.335641
0.214599
0.662
0.341047
0.106692
0.20036
0.662
0.662
0.47706
0.345986
0.486689
0.550584
0.253056
0.662
0.401291
0.662
0.491585
0.662
0.434496
0.297593
0.122566
0.662
0.662
0.176273
0.253966
0.121035
0.662
0.227435
0.662
0.170811
0.427603
0.268485
0.662
0.297215
0.361865
0.215313
0.514573
0.662
0.261798
0.293057
0.432242
0.183413
0.662
0.482542
0.366019
0.00927181
0.43317
0.0471123
0.662
0.566587
0.195809
0.0650495
0.662
0.662
0.449211
0.375902
0.276039
0.662
0.662
0.662
0.34909
0.662
0.156902
0.273976
0.400549
0.16043
0.25155
0.374639
0.391308
0.315092
0.662
0.662
0.662
0.662
0.0613028
0.32327
0.662
0.662
0.662
0.0565854
0.300532
0.0464715
0.157471
0.662
0.662
0.662
0.0742675
0.361959
0.662
0.662
0.208301
0.662
0.662
0.553279
0.283974
0.038921
0.381214
0.662
0.373668
0.662
0.20493
0.662
0.467784
0.186869
0.662
0.0694183
0.27003
0.185653
0.0938424
0.26157
0.662
0.106117
0.662
0.662
0.12981
0.0461611
0.662
0.662
0.0436161
0.499001
0.213193
0.23248
0.272108
0.39486
0.320508
0.484923
0.662
0.662
0.662
0.335509
0.34183
0.604858
0.662
0.0766135
0.662
0.119446
0.266145
0.17218
0.309305
0.161224
0.662
0.486001
0.662
0.662
0.662
0.205479
0.662
0.125285
0.447835
0.662
0.633925
0.350091
0.662
0.335928
0.420041
0.468828
0.662
0.662
0.120396
0.0524956
0.286771
0.639981
0.662
0.662
0.502903
0.662
0.140376
0.542925
0.418873
0.285105
0.662
0.157565
0.245547
0.223971
0.662
0.229303
0.662
0.133743
0.410877
0.662
0.130827
0.662
0.662
0.204337
0.247846
0.0398977
0.662
0.196828
0.436306
0.100744
0.235571
0.662
0.195487
0.424145
0.662
0.662
0.662
0.440048
0.662
0.257033
0.239051
0.356681
0.254017
0.662
0.662
0.662
0.233224
0.662
0.662
0.643934
0.662
0.662
0.662
0.662
0.626173
0.391456
0.0129124
0.336349
0.662
0.662
0.208634
0.662
0.662
0.437652
0.662
0.167778
0.662
0.166412
0.116385
0.470483
0.662
0.662
0.0196791
0.662
0.662
0.55656
0.281668
0.109535
0.662
0.662
0.662
0.662
0.104801
0.295211
0.166435
0.662
0.662
0.579027
0.470833
0.583811
0.418308
0.117971
0.662
0.662
0.530322
0.563077
0.269101
0.506577
0.119029
0.043074
0.662
0.365691
0.633971
0.662
0.234124
0.302265
0.662
0.12198
0.585577
0.662
0.19918
0.194071
0.141089
0.134965
0.662
0.416856
0.0195085
0.662
0.26293
0.662
0.0640551
0.111916
0.628742
0.643024
0.662
0.47296
0.295075
0.662
0.52991
0.0624944
0.270461
0.468092
0.217453
0.148554
0.287817
0.662
0.539965
0.248875
0.662
0.662
0.662
0.31886
0.662
0.389082
0.260238
0.277871
0.198902
0.662
0.208782
0.662
0.0964458
0.662
0.581379
0.0121147
0.662
0.315572
0.662
0.438687
0.254476
0.381421
0.349063
0.539536
0.662
0.368557
0.662
0.402011
0.0938499
0.442041
0.644002
0.662
0.109049
0.282559
0.168396
0.148939
0.418882
0.136488
0.662
0.299265
0.319881
0.353482
0.319465
0.642196
0.662
0.0894033
0.197002
0.336193
0.373752
0.268417
0.662
0.240093
0.208649
0.662
0.662
0.662
0.57627
0.413652
0.0283115
0.463879
0.662
0.662
0.259935
0.662
0.662
0.457965
0.575994
0.662
0.57496
0.501721
0.662
0.000474128
0.426218
0.662
0.277446
0.662
0.662
0.0272599
0.662
0.662
0.165912
0.662
0.662
0.662
0.510954
0.662
0.43991
0.662
0.283912
0.326185
0.340263
0.662
0.402512
0.662
0.662
0.380972
0.662
0.662
0.569523
0.662
0.651496
0.557351
0.266942
0.135862
0.584017
0.662
0.662
0.391587
0.369508
0.363507
0.662
0.662
0.662
0.20274
0.170385
0.4128
0.272341
0.662
0.199997
0.135679
0.662
0.485927
0.662
0.2333
0.260227
0.00805322
0.662
0.656773
0.662
0.0607077
0.32405
0.204769
0.422102
0.166522
0.662
0.192146
0.662
0.662
0.662
0.527931
0.646737
0.607779
0.29283
0.401623
0.662
0.662
0.64846
0.137528
0.463398
0.397869
0.662
0.175559
0.197796
0.0718342
0.662
0.313895
0.482352
0.662
0.633218
0.65778
0.448194
0.490461
0.280729
0.0590492
0.334508
0.369812
0.662
0.430832
0.270658
0.662
0.662
0.21371
0.40299
0.458009
0.58909
0.662
0.319427
0.484597
0.421851
0.309766
0.237928
0.662
0.361477
0.662
0.374737
0.223732
0.662
0.662
0.662
0.662
0.340661
0.514185
0.13008
0.662
0.618751
0.408907
0.207437
0.463632
0.662
0.0571207
0.425332
0.662
0.662
0.29743
0.662
0.221214
0.662
0.662
0.230405
0.135123
0.662
0.662
0.0116365
0.662
0.662
0.662
0.662
0.408332
0.662
0.662
0.662
0.125808
0.235585
0.662
0.662
0.299984
0.662
0.0471418
0.200842
0.200649
0.185226
0.322573
0.388306
0.166465
0.662
0.440582
0.0318789
0.265966
0.311469
0.377364
0.184139
0.200272
0.151276
0.662
0.662
0.507127
0.239723
0.662
0.142484
0.662
0.662
0.085626
0.154027
0.386388
0.474014
0.0316685
0.360763
0.475379
0.662
0.497413
0.662
0.306152
0.662
0.577596
0.662
0.662
0.575131
0.364814
0.00402883
0.6035
0.662
0.0640758
0.231497
0.203077
0.187289
0.662
0.469802
0.172656
0.483372
0.286826
0.304611
0.662
0.662
0.211095
0.237707
0.662
0.477101
0.120292
0.662
0.216355
0.187044
0.662
0.525275
0.0788525
0.178088
0.0365125
0.662
0.657867
0.662
0.035014
0.327868
0.234601
0.56405
0.220277
0.34148
0.662
0.201679
0.116731
0.137471
0.662
0.662
0.208196
0.662
0.662
0.662
0.405196
0.441976
0.0335637
0.321426
0.357693
0.662
0.0734595
0.138694
0.0290403
0.17547
0.0150938
0.160549
0.605973
0.662
0.119448
0.175238
0.358455
0.662
0.361122
0.662
0.296049
0.017763
0.662
0.161902
0.0384602
0.175049
0.662
0.324808
0.234484
0.177129
0.366914
0.662
0.662
0.662
0.296644
0.271424
0.662
0.199636
0.662
0.662
0.0475536
0.244241
0.162496
0.433155
0.662
0.662
0.280511
0.398467
0.662
0.662
0.662
0.662
0.0146393
0.662
0.662
0.579684
0.229303
0.155847
0.356746
0.662
0.662
0.662
0.387737
0.662
0.573121
0.662
0.181361
0.056463
0.244069
0.662
0.662
0.162335
0.0182716
0.00837449
0.662
0.662
0.452895
0.662
0.662
0.138278
0.292894
0.662
0.662
0.662
0.453404
0.662
0.196914
0.166378
0.420298
0.199194
0.250627
0.549388
0.662
0.662
0.142838
0.171941
0.20871
0.392454
0.231537
0.592877
0.390872
0.662
0.662
0.391396
0.662
0.494669
0.029909
0.662
0.210953
0.662
0.0187229
0.662
0.401204
0.161554
0.405669
0.662
0.365214
0.137734
0.662
0.662
0.662
0.522764
0.662
0.662
0.662
0.190849
0.61021
0.662
0.155556
0.534777
0.662
0.662
0.0155821
0.662
0.436481
0.444275
0.662
0.123967
0.199827
0.662
0.202913
0.219264
0.191993
0.57961
0.662
0.337965
0.209225
0.350098
0.662
0.351215
0.207903
0.662
0.662
0.662
0.377509
0.551881
0.137328
0.662
0.137789
0.662
0.116277
0.158774
0.662
0.662
0.662
0.0266718
0.0487431
0.662
0.662
0.491858
0.166182
0.141782
0.492705
0.662
0.177167
0.656681
0.114696
0.392276
0.662
0.662
0.39812
0.566837
0.110197
0.268597
0.228782
0.0915837
0.330473
0.450016
0.215388
0.662
0.0808202
0.622818
0.662
0.662
0.662
0.382193
0.262497
0.467869
0.394485
0.193992
0.662
0.05673
0.662
0.231854
0.0661273
0.325825
0.157166
0.517091
0.0571898
0.172596
0.662
0.520888
0.662
0.662
0.662
0.263233
0.636649
0.662
0.434733
0.662
0.310572
0.662
0.18609
0.662
0.339831
0.248872
0.086638
0.284608
0.192855
0.222188
0.526475
0.436422
0.139424
0.175806
0.0159037
0.38711
0.662
0.172346
0.354624
0.662
0.0806413
0.662
0.145438
0.662
0.662
0.477471
0.269246
0.0647848
0.305487
0.662
0.662
0.335398
0.514411
0.174384
0.228904
0.662
0.354174
0.662
0.347744
0.662
0.177302
0.597401
0.207017
0.462396
0.303987
0.662
0.388244
0.352225
0.662
0.662
0.479121
0.410955
0.662
0.442548
0.662
0.662
0.190357
0.149477
0.17376
0.662
0.401924
0.662
0.204283
0.0809463
0.188851
0.353083
0.662
0.0710914
0.662
0.242022
0.474383
0.471691
0.112367
0.662
0.614515
0.662
0.22981
0.161433
0.253993
0.000299991
0.30675
0.0956105
0.151129
0.291217
0.173363
0.46891
0.310942
0.662
0.662
0.275386
0.662
0.662
0.15757
0.662
0.0296854
0.170261
0.204586
0.192508
0.208151
0.114363
0.000149064
0.662
0.0252923
0.216594
0.140747
0.284422
0.198791
0.0819227
0.49454
0.24127
0.662
0.358287
0.662
0.353729
0.662
0.662
0.251313
0.662
0.1381
0.316829
0.054451
0.515812
0.44396
0.662
0.173005
0.662
0.41046
0.662
0.662
0.432983
0.523663
0.407138
0.662
0.196016
0.662
0.034829
0.662
0.475611
0.0927566
0.662
0.171866
0.662
0.397491
0.129129
0.478938
0.411769
0.382094
0.397465
0.320257
0.662
0.662
0.472163
0.635184
0.662
0.580657
0.353003
0.0175424
0.153889
0.662
0.42461
0.662
0.662
0.662
0.189566
0.000631339
0.62236
0.336094
0.0573717
0.647568
0.0964003
0.378082
0.146066
0.187442
0.0264579
0.662
0.0843245
0.0237424
0.662
0.0308296
0.662
0.309079
0.467349
0.662
0.44892
0.0143269
0.0238173
0.567201
0.662
0.248563
0.662
0.00658852
0.107244
0.662
0.662
0.213966
0.662
0.46239
0.662
0.662
0.662
0.662
0.220944
0.662
0.662
0.159374
0.662
0.662
0.543674
0.441466
0.662
0.662
0.662
0.179714
0.354605
0.495295
0.236285
0.509737
0.188228
0.662
0.288552
0.35895
0.202333
0.362956
0.192423
0.0770818
0.662
0.662
0.449171
0.279394
0.495068
0.662
0.634234
0.662
0.189076
0.390884
0.662
0.553091
0.662
0.139061
0.662
0.216308
0.465482
0.662
0.22072
0.165183
0.183341
0.247947
0.0563244
0.104408
0.120253
0.266594
0.160338
0.277151
0.662
0.662
0.662
0.478801
0.410165
0.306817
0.518328
0.662
0.110235
0.190978
0.309376
0.662
0.297816
0.288476
0.662
0.193424
0.662
0.274807
0.116588
0.662
0.662
0.662
0.259906
0.662
0.662
0.250938
0.662
0.662
0.660851
0.662
0.26094
0.160588
0.00433128
0.662
0.662
0.515922
0.662
0.220109
0.211021
0.662
0.611211
0.606384
0.00839167
0.183556
0.220364
0.662
0.101031
0.351748
0.662
0.319493
0.662
0.662
0.662
0.662
0.476676
0.662
0.355893
0.103546
0.263471
0.662
0.584457
0.662
0.327165
0.298208
0.405078
0.169796
0.662
0.362579
0.662
0.662
0.442335
0.32484
0.297456
0.382524
0.662
0.275364
0.012718
0.223035
0.662
0.662
0.662
0.156441
0.662
0.00774146
0.662
0.186645
0.0697454
0.662
0.662
0.662
0.662
0.1185
0.498337
0.54954
0.59126
0.056351
0.662
0.414653
0.47003
0.662
0.0923607
0.444006
0.545335
0.459584
0.262854
0.176005
0.361602
0.327392
0.103337
0.662
0.662
0.0425718
0.662
0.0888448
0.662
0.662
0.662
0.43908
0.662
0.510545
0.662
0.533931
0.381262
0.381886
0.377482
0.536859
0.662
0.358048
0.0467307
0.341412
0.662
0.0167623
0.638323
0.292607
0.662
0.662
0.557652
0.00240004
0.662
0.240816
0.0798159
0.0904168
0.433711
0.186583
0.662
0.662
0.206842
0.204692
0.662
0.333515
0.662
0.0985283
0.662
0.662
0.222472
0.411715
0.662
0.074787
0.480019
0.662
0.662
0.0873426
0.222828
0.662
0.521544
0.303033
0.09519
0.474564
0.662
0.184105
0.662
0.662
0.229789
0.119854
0.0486529
0.0303018
0.502144
0.662
0.17245
0.217967
0.558235
0.662
0.647312
0.662
0.465367
0.455798
0.186772
0.557444
0.441694
0.52963
0.285931
0.371318
0.431575
0.662
0.556011
0.0187118
0.179818
0.586208
0.662
0.662
0.0944669
0.414985
0.460585
0.0737849
0.662
0.327034
0.348074
0.351093
0.0850962
0.662
0.121088
0.0515554
0.281031
0.662
0.662
0.662
0.662
0.478527
0.662
0.282973
0.130469
0.662
0.662
0.0398599
0.662
0.662
0.662
0.0773531
0.662
0.543511
0.229375
0.43995
0.175524
0.229867
0.0666858
0.350476
0.662
0.438507
0.470707
0.626858
0.352805
0.662
0.0391713
0.300639
0.662
0.410455
0.662
0.662
0.45656
0.213579
0.662
0.0730634
0.662
0.399128
0.662
0.379539
0.442359
0.128366
0.368269
0.662
0.236592
0.662
0.195171
0.43658
0.0880879
0.520368
0.108304
0.257132
0.170469
0.662
0.00289303
0.662
0.662
0.662
0.356094
0.292859
0.0180526
0.2698
0.0938581
0.0896487
0.662
0.423002
0.662
0.437179
0.459633
0.662
0.485582
0.300827
0.350618
0.662
0.662
0.38517
0.304291
0.662
0.321262
0.179407
0.195909
0.396422
0.662
0.662
0.39816
0.222828
0.204834
0.190877
0.121003
0.39684
0.43056
0.662
0.317061
0.662
0.662
0.662
0.335346
0.197854
0.369615
0.293777
0.662
0.190074
0.199854
0.216808
0.0786023
0.662
0.103895
0.469887
0.342822
0.662
0.662
0.406378
0.662
0.566081
0.0919781
0.662
0.552922
0.208717
0.21933
0.662
0.201183
0.662
0.253059
0.662
0.662
0.0706366
0.662
0.662
0.662
0.0651694
0.409723
0.662
0.404438
0.311295
0.529267
0.225379
0.662
0.250943
0.0317678
0.0447637
0.662
0.584536
0.662
0.16628
0.662
0.114837
0.473116
0.662
0.226562
0.161038
0.402191
0.662
0.453886
0.172237
0.20951
0.208043
0.205038
