0.547301
0.662
0.301223
0.662
0.203546
0.458641
0.311583
0.662
0.662
0.662
0.30711
0.126553
0.0745355
0.301792
0.25104
0.662
0.162622
0.662
0.662
0.65952
0.0923483
0.662
0.358118
0.662
0.23934
0.662
0.287805
0.245086
0.283115
0.224396
0.662
0.662
0.662
0.662
0.357488
0.384499
0.260908
0.662
0.662
0.00762633
0.248105
0.115621
0.140774
0.662
0.662
0.182879
0.660375
0.373417
0.0591729
0.662
0.413221
0.662
0.554726
0.322603
0.429154
0.11878
0.662
0.264306
0.134335
0.00400752
0.611398
0.662
0.243606
0.434211
0.662
0.200597
0.482519
0.476621
0.082101
0.209844
0.443125
0.463058
0.110974
0.307966
0.662
0.281055
0.0146577
0.662
0.288925
0.187531
0.662
0.209994
0.662
0.445763
0.181325
0.359251
0.474064
0.093224
0.662
0.459754
0.662
0.662
0.0906138
0.662
0.24573
0.310795
0.662
0.457794
0.370816
0.089409
0.662
0.349184
0.601254
0.240966
0.662
0.18067
0.0982171
0.339634
0.662
0.662
0.390407
0.515194
0.35562
0.662
0.41659
0.0182476
0.662
0.662
0.136141
0.472443
0.662
0.530907
0.00580229
0.305612
0.164753
0.662
0.539209
0.179932
0.465177
0.0152534
0.662
0.662
0.185958
0.189138
0.491653
0.662
0.157541
0.290692
0.662
0.101677
0.426771
0.0428805
0.662
0.662
0.322774
0.662
0.233945
0.662
0.662
0.0160978
0.119366
0.132466
0.271305
0.521009
0.00242889
0.662
0.464381
0.662
0.394067
0.179343
0.0964722
0.243081
0.525859
0.47164
0.662
0.00799515
0.662
0.662
0.380554
0.0893904
0.662
0.662
0.302168
0.473459
0.0851154
0.356911
0.126794
0.662
0.662
0.235157
0.662
0.662
0.647548
0.662
0.417901
0.367295
0.259186
0.208302
0.662
0.662
0.662
0.225426
0.662
0.662
0.662
0.459869
0.41989
0.662
0.096093
0.125283
0.339082
0.415096
0.662
0.145383
0.662
0.662
0.264702
0.662
0.662
0.110032
0.454687
0.526091
0.662
0.662
0.662
0.219832
0.662
0.662
0.412982
0.245916
0.662
0.662
0.416529
0.662
0.0779415
0.32925
0.662
0.386849
0.662
0.662
0.203048
0.662
0.16561
0.662
0.448469
0.662
0.411788
0.662
0.431633
0.662
0.365996
0.662
0.257603
0.243109
0.662
0.133156
0.662
0.129602
0.297647
0.158331
0.662
0.662
0.3744
0.00226698
0.662
0.0473823
0.141426
0.651119
0.252112
0.193905
0.161129
0.02897
0.408509
0.583966
0.622466
0.375693
0.662
0.323296
0.662
0.662
0.32611
0.271492
0.270496
0.662
0.00137145
0.11228
0.311463
0.370395
0.339382
0.347279
0.276129
0.422236
0.291973
0.532945
0.662
0.370886
0.662
0.0518875
0.396293
0.491232
0.662
0.662
0.216539
0.483109
0.662
0.662
0.662
0.308817
0.559887
0.662
0.438803
0.00405762
0.148766
0.30506
0.437209
0.662
0.188285
0.608104
0.662
0.393309
0.662
0.662
0.404946
0.190814
0.328777
0.662
0.289371
0.662
0.662
0.662
0.239813
0.662
0.410908
0.662
0.0509957
0.156645
0.662
0.384449
0.341394
0.0901628
0.662
0.582797
0.198797
0.662
0.662
0.145067
0.429431
0.268034
0.662
0.662
0.06221
0.362225
0.282642
0.116872
0.662
0.662
0.662
0.431875
0.662
0.270042
0.662
0.153761
0.44983
0.320142
0.344374
0.662
0.662
0.662
0.27594
0.431679
0.136006
0.187084
0.452885
0.349358
0.160271
0.126475
0.0219076
0.662
0.386766
0.0791778
0.159436
0.158752
0.662
0.662
0.130183
0.43423
0.662
0.383185
0.420309
0.662
0.222155
0.0996702
0.662
0.0768368
0.662
0.662
0.420057
0.222201
0.662
0.662
0.431587
0.318251
0.662
0.159095
0.462845
0.328764
0.207057
0.233513
0.301091
0.523577
0.662
0.47934
0.201582
0.19044
0.662
0.662
0.220434
0.662
0.346302
0.245397
0.662
0.494999
0.140636
0.662
0.662
0.662
0.189523
0.662
0.355415
0.662
0.10809
0.662
0.167969
0.220906
0.424101
0.210797
0.369663
0.310664
0.364908
0.0655139
0.371505
0.366372
0.530701
0.361386
0.0977193
0.662
0.0153408
0.662
0.131379
0.662
0.110616
0.187033
0.662
0.428616
0.462313
0.191739
0.662
0.662
0.609264
0.212544
0.102429
0.175441
0.662
0.271157
0.10888
0.662
0.662
0.534092
0.285143
0.1446
0.662
0.662
0.309124
0.600779
0.187143
0.229774
0.305249
0.119559
0.662
0.147386
0.259147
0.440347
0.247606
0.401962
0.662
0.232773
0.182371
0.264195
0.662
0.195617
0.662
0.198106
0.483457
0.110466
0.420677
0.0856797
0.287686
0.177363
0.152943
0.0915974
0.133318
0.286417
0.662
0.662
0.662
0.662
0.662
0.662
0.132893
0.422563
0.662
0.475921
0.662
0.0839417
0.400127
0.662
0.662
0.662
0.0129024
0.662
0.662
0.662
0.222074
0.122492
0.4125
0.662
0.101423
0.209313
0.0922037
0.662
0.242873
0.335926
0.40942
0.411828
0.610845
0.662
0.386567
0.662
0.454463
0.662
0.662
0.662
0.662
0.0908222
0.290391
0.398838
0.662
0.662
0.662
0.0784049
0.234169
0.662
0.0370743
0.460718
0.662
0.0485522
0.662
0.0688555
0.662
0.159336
0.261562
0.139153
0.339199
0.662
0.662
0.453292
0.662
0.0983429
0.662
0.313837
0.662
0.156834
0.148339
0.662
0.241617
0.430846
0.36027
0.662
0.662
0.662
0.662
0.662
0.662
0.662
0.662
0.662
0.662
0.662
0.662
0.662
0.121612
0.113672
0.662
0.662
0.393961
0.662
0.347989
0.420709
0.212769
0.662
0.0762673
0.662
0.662
0.400558
0.662
0.341367
0.173556
0.662
0.194757
0.662
0.480141
0.322413
0.441807
0.662
0.212739
0.219913
0.662
0.365927
0.373036
0.493005
0.0752256
0.37502
0.662
0.429431
0.662
0.196606
0.313877
0.00935983
0.63259
0.662
0.662
0.184546
0.17582
0.662
0.122236
0.390199
0.662
0.214684
0.310484
0.173985
0.371348
0.480082
0.204666
0.262002
0.416799
0.662
0.0906168
0.662
0.118128
0.28447
0.270696
0.175358
0.662
0.0035108
0.662
0.662
0.160263
0.0797694
0.134056
0.296598
0.0816446
0.590562
0.367939
0.378918
0.474141
0.629706
0.563442
0.0128792
0.417879
0.0141187
0.225251
0.204318
0.459952
0.662
0.662
0.162411
0.460881
0.0662917
0.662
0.662
0.662
0.662
0.662
0.355235
0.334069
0.662
0.224895
0.163142
0.0828973
0.097041
0.662
0.662
0.662
0.662
0.455198
0.662
0.617131
0.370005
0.521754
0.435315
0.297591
0.365818
0.662
0.662
0.166011
0.437064
0.662
0.0867407
0.339969
0.439453
0.662
0.301636
0.662
0.395171
0.395411
0.662
0.662
0.367795
0.0360227
0.662
0.662
0.051835
0.662
0.662
0.226465
0.662
0.662
0.281838
0.662
0.0253652
0.0876178
0.662
0.662
0.384891
0.247964
0.24297
0.130522
0.226252
0.185479
0.0664983
0.206866
0.662
0.662
0.44872
0.183444
0.185788
0.525761
0.357427
0.423136
0.389091
0.451891
0.662
0.146766
0.242177
0.442847
0.662
0.33043
0.437394
0.662
0.662
0.160432
0.662
0.413505
0.241392
0.662
0.662
0.662
0.662
0.662
0.226928
0.476477
0.238776
0.662
0.662
0.261758
0.218714
0.578383
0.386792
0.662
0.265274
0.63447
0.192119
0.185585
0.662
0.107666
0.662
0.662
0.662
0.662
0.167692
0.662
0.402346
0.354025
0.21282
0.662
0.0215389
0.487713
0.662
0.662
0.194794
0.292875
0.322472
0.662
0.361694
0.662
0.662
0.662
0.316049
0.662
0.336017
0.331169
0.662
0.363346
0.000335116
0.13964
0.662
0.117006
0.164972
0.320068
0.192655
0.662
0.662
0.416089
0.327927
0.468892
0.0723285
0.662
0.435827
0.662
0.414079
0.18046
0.662
0.662
0.26234
0.546772
0.236246
0.662
0.367438
0.662
0.557659
0.662
0.441204
0.662
0.662
0.662
0.169823
0.662
0.662
0.662
0.280958
0.307401
0.662
0.146414
0.662
0.662
0.662
0.662
0.203838
0.0152691
0.405011
0.195857
0.104485
0.662
0.320703
0.390524
0.662
0.254859
0.402905
0.266735
0.391303
0.471032
0.662
0.662
0.536077
0.522577
0.53071
0.662
0.662
0.662
0.662
0.389993
0.322202
0.662
0.627623
0.0383155
0.662
0.417766
0.190967
0.662
0.0306453
0.65304
0.340335
0.448749
0.662
0.524034
0.662
0.195146
0.662
0.293813
0.197897
0.662
0.662
0.662
0.0397755
0.662
0.662
0.662
0.118283
0.100817
0.662
0.455378
0.233611
0.403745
0.102023
0.339535
0.662
0.37513
0.662
0.662
0.662
0.416961
0.662
0.407931
0.155979
0.53814
0.662
0.108813
0.535842
0.330577
0.0506831
0.662
0.297179
0.342288
0.662
0.0323713
0.465669
0.279331
0.662
0.662
0.662
0.569363
0.386004
0.29524
0.372654
0.662
0.662
0.576177
0.310836
0.193475
0.372852
0.188384
0.545501
0.161263
0.662
0.578778
0.662
0.237657
0.319441
0.662
0.662
0.271875
0.473394
0.147267
0.196964
0.0712025
0.0353014
0.416559
0.662
0.220094
0.39423
0.333482
0.0907818
0.662
0.662
0.228883
0.151408
0.662
0.19035
0.662
0.347956
0.294222
0.188323
0.662
0.142383
0.327198
0.662
0.554692
0.38055
0.444119
0.0607394
0.320433
0.0126485
0.0627123
0.00151264
0.662
0.662
0.272546
0.269698
0.662
0.245198
0.662
0.662
0.070077
0.662
0.2179
0.662
0.662
0.662
0.08987
0.325559
0.135323
0.502588
0.217014
0.354636
0.396816
0.425649
0.198482
0.02392
0.351001
0.378717
0.314865
0.292198
0.662
0.610287
0.261146
0.662
0.151539
0.0656193
0.662
0.458772
0.380622
0.211578
0.387446
0.292075
0.662
0.402606
0.662
0.195841
0.573221
0.662
0.18105
0.194528
0.201985
0.662
0.420649
0.179634
0.115413
0.478774
0.471675
0.0880847
0.662
0.433291
0.128884
0.0924417
0.662
0.282359
0.207695
0.581404
0.196407
0.662
0.662
0.662
0.322668
0.662
0.0123387
0.159818
0.662
0.0713606
0.386965
0.258
0.662
0.662
0.439128
0.302935
0.662
0.117806
0.269549
0.490858
0.361807
0.0643194
0.408346
0.662
0.662
0.227145
0.21879
0.318928
0.242461
0.631188
0.662
0.416439
0.567079
0.662
0.662
0.0351087
0.662
0.179736
0.481487
0.229471
0.662
0.662
0.662
0.662
0.458038
0.662
0.389228
0.358056
0.662
0.662
0.662
0.416446
0.426954
0.364072
0.440946
0.232198
0.0101496
0.485006
0.17123
0.454426
0.235182
0.527143
0.662
0.662
0.298637
0.662
0.206774
0.374412
0.662
0.182528
0.18608
0.662
0.479025
0.662
0.662
0.242396
0.629037
0.131222
0.662
0.366132
0.403622
0.451943
0.30569
0.271982
0.662
0.265402
0.662
0.0842427
0.662
0.662
0.558459
0.404777
0.633391
0.662
0.662
0.425859
0.432317
0.662
0.662
0.662
0.139779
0.564558
0.036206
0.662
0.362686
0.473917
0.662
0.43472
0.225247
0.249185
0.221337
0.662
0.129152
0.210869
0.662
0.216719
0.662
0.662
0.310396
0.32669
0.662
0.106049
0.416118
0.286057
0.662
0.662
0.286039
0.662
0.228036
0.662
0.662
0.173023
0.444074
0.180202
0.111496
0.662
0.431355
0.192411
0.662
0.0647707
0.662
0.459378
0.662
0.437355
0.662
0.662
0.0756367
0.182777
0.662
0.662
0.449049
0.170768
0.662
0.662
0.392372
0.591647
0.662
0.620969
0.662
0.111964
0.267163
0.662
0.662
0.494049
0.662
0.662
0.361349
0.662
0.348627
0.662
0.0560393
0.662
0.183944
0.662
0.312103
0.346789
0.489092
0.662
0.662
0.411732
0.165036
0.469134
0.662
0.14924
0.59629
0.35329
0.662
0.662
0.0717896
0.662
0.20626
0.662
0.293869
0.0365615
0.352118
0.32304
0.167851
0.263083
0.662
0.324487
0.0670074
0.267553
0.54074
0.211385
0.350328
0.614174
0.662
0.447913
0.662
0.599408
0.418171
0.662
0.434581
0.138534
0.621326
0.448783
0.662
0.0186104
0.195263
0.662
0.423119
0.566329
0.47054
0.23133
0.662
0.397439
0.43548
0.154976
0.0248193
0.247919
0.662
0.208414
0.466265
0.381878
0.662
0.445127
0.360761
0.662
0.662
0.160934
0.662
0.235957
0.662
0.245903
0.662
0.186114
0.165813
0.662
0.382818
0.0313519
0.410354
0.408615
0.662
0.30603
0.566284
0.324642
0.662
0.626269
0.477826
0.213018
0.315288
0.662
0.60974
0.619173
0.662
0.662
0.662
0.516445
0.123643
0.403485
0.662
0.662
0.327242
0.108909
0.620714
0.662
0.662
0.662
0.662
0.662
0.610545
0.662
0.20706
0.533524
0.357688
0.611179
0.662
0.136214
0.31713
0.291835
0.662
0.176621
0.662
0.202156
0.354778
0.662
0.637588
0.196733
0.662
0.662
0.139744
0.662
0.209161
0.4743
0.662
0.662
0.19152
0.306634
0.521689
0.662
0.296998
0.320631
0.662
0.0473622
0.0126062
0.171559
0.662
0.00748289
0.203878
0.460601
0.662
0.188792
0.575566
0.530811
0.26966
0.277087
0.222639
0.662
0.399114
0.176317
0.662
0.385751
0.662
0.378286
0.219583
0.463533
0.301113
0.145416
0.303072
0.269337
0.235829
0.205658
0.292629
0.220258
0.391778
0.0316502
0.419577
0.404378
0.662
0.613845
0.195343
0.175728
0.247333
0.662
0.113813
0.662
0.143699
0.662
0.234146
0.0228888
0.166832
0.315013
0.326475
0.451545
0.0785598
0.218868
0.197715
0.662
0.318451
0.662
0.662
0.383037
0.662
0.401007
0.312052
0.662
0.217793
0.609231
0.662
0.662
0.132035
0.662
0.00349213
0.0584199
0.350149
0.386724
0.662
0.454196
0.19535
0.247874
0.131365
0.20258
0.662
0.0472088
0.662
0.662
0.396656
0.232114
0.662
0.560946
0.662
0.59732
0.203461
0.662
0.168515
0.183185
0.00910538
0.135759
0.186304
0.0827948
0.662
0.222858
0.183937
0.662
0.662
0.0126184
0.662
0.662
0.628097
0.026148
0.428462
0.662
0.297163
0.301692
0.662
0.662
0.240774
0.662
0.393735
0.662
0.410519
0.211054
0.354209
0.662
0.569499
0.24204
0.399194
0.238769
0.248005
0.577143
0.662
0.662
0.662
0.345484
0.662
0.662
0.224236
0.0264177
0.662
0.316498
0.0527521
0.662
0.167957
0.456475
0.0970804
0.442354
0.662
0.0926837
0.662
0.662
0.662
0.359436
0.412106
0.00246767
0.12566
0.142858
0.662
0.662
0.247636
0.662
0.194975
0.662
0.662
0.662
0.207245
0.662
0.173931
0.662
0.662
0.412737
0.662
0.662
0.255995
0.236998
0.662
0.223737
0.662
0.158486
0.188654
0.662
0.139564
0.662
0.131193
0.662
0.137293
0.201211
0.662
0.662
0.546957
0.0354701
0.228486
0.58783
0.662
0.662
0.120794
0.385458
0.662
0.662
0.662
0.466768
0.662
0.662
0.327918
0.662
0.27382
0.338197
0.662
0.00473501
0.184724
0.20886
0.168843
0.662
0.261973
0.662
0.662
0.436899
0.662
0.0114243
0.662
0.437277
0.381231
0.662
0.386491
0.175418
0.426065
0.137095
0.662
0.172911
0.235387
0.223034
0.219646
0.662
0.662
0.662
0.377591
0.169127
0.28489
0.54588
0.431149
0.14608
0.662
0.662
0.388635
0.662
0.63223
0.390745
0.242645
0.662
0.662
0.662
0.662
0.416377
0.354022
0.662
0.662
0.366235
0.662
0.359232
0.397863
0.131076
0.401953
0.22118
0.11231
0.662
0.399215
0.0856945
0.372578
0.00509969
0.662
0.648097
0.0120711
0.401183
0.111036
0.268749
0.180053
0.451065
0.190384
0.662
0.084599
0.662
0.404415
0.662
0.297521
0.662
0.0966987
0.662
0.351646
0.311804
0.662
0.662
0.191807
0.282552
0.662
0.375963
0.597652
0.546462
0.0943977
0.462946
0.662
0.290117
0.662
0.392299
0.662
0.662
0.325094
0.245999
0.662
0.0407467
0.47691
0.038908
0.301316
0.362301
0.583125
0.347332
0.461531
0.00574047
0.563865
0.547379
0.0704559
0.662
0.410146
0.662
0.662
0.0538845
0.345581
0.260501
0.662
0.145069
0.103721
0.662
0.187633
0.662
0.372354
0.254244
0.045839
0.262312
0.411364
0.104282
0.289647
0.662
0.179094
0.402962
0.662
0.0266114
0.247232
0.63339
0.0119605
0.227833
0.662
0.662
0.662
0.662
0.46813
0.662
0.201458
0.662
0.662
0.662
0.256706
0.662
0.662
0.124156
0.357188
0.327008
0.126746
0.662
0.0186178
0.279925
0.444793
0.662
0.662
0.168372
0.134005
0.662
0.662
0.662
0.256874
0.662
0.662
0.100915
0.662
0.662
0.252917
0.260485
0.242851
0.558511
0.335712
0.662
0.242222
0.662
0.393735
0.210925
0.662
0.0536236
0.213916
0.24562
0.352639
0.0171421
0.376309
0.662
0.428629
0.0175794
0.18576
0.662
0.159021
0.662
0.662
0.194017
0.407915
0.0380506
0.293049
0.662
0.17582
0.395037
0.662
0.310254
0.272879
0.357231
0.295487
0.350858
0.662
0.198839
0.662
0.0344453
0.271503
0.662
0.068476
0.29799
0.246638
0.105317
0.662
0.212191
0.394683
0.418843
0.21607
0.310116
0.0782875
0.662
0.359102
0.662
0.662
0.29497
0.662
0.513583
0.13645
0.0349845
0.271316
0.0453677
0.662
0.114655
0.205383
0.412838
0.472474
0.0465635
0.315849
0.358602
0.662
0.419119
0.206112
0.662
0.662
0.662
0.662
0.662
0.262687
0.662
0.662
0.662
0.662
0.409848
0.583148
0.662
0.662
0.662
0.662
0.324559
0.662
0.352638
0.662
0.17003
0.0201068
0.331242
0.662
0.662
0.662
0.662
0.662
0.0645819
0.662
0.466768
0.662
0.191833
0.662
0.662
0.274178
0.662
0.0438153
0.662
0.662
0.0830709
0.396096
0.068907
0.295987
0.138538
0.662
0.662
0.0133807
0.424646
0.591912
0.544463
0.662
0.066028
0.662
0.454406
0.196827
0.662
0.662
0.579234
0.113221
0.0932369
0.662
0.662
0.189146
0.662
0.662
0.114666
0.139648
0.0597741
0.401484
0.313699
0.231366
0.662
0.395582
0.27281
0.0774049
0.460401
0.278115
0.115121
0.134305
0.632132
0.662
0.662
0.662
0.191873
0.662
0.435528
0.662
0.154089
0.662
0.211146
0.385727
0.254117
0.13621
0.154184
0.662
0.0535741
0.208622
0.662
0.662
0.662
0.119382
0.474819
0.182251
0.662
0.345438
0.662
0.101348
0.662
0.662
0.447336
0.00709676
0.241728
0.662
0.662
0.0547461
0.662
0.278326
0.662
0.59158
0.109089
0.662
0.447292
0.662
0.388559
0.570384
0.31316
0.662
0.549028
0.662
0.190513
0.662
0.108334
0.0012849
0.112637
0.662
0.30726
0.662
0.662
0.244617
0.662
0.0904972
0.662
0.360524
0.207305
0.662
0.662
0.43007
0.555794
0.428865
0.662
0.390748
0.155828
0.662
0.244615
0.26277
0.152253
0.163105
0.146071
0.462812
0.194463
0.104696
0.0758895
0.413776
0.0792767
0.243937
0.662
0.193822
0.140369
0.142849
0.662
0.662
0.26737
0.662
0.662
0.662
0.246335
0.662
0.662
0.196752
0.662
0.00638749
0.662
0.0455879
0.523677
0.250461
0.2552
0.443133
0.210011
0.300643
0.662
0.205582
0.662
0.186602
0.142593
0.662
0.336183
0.0171054
0.462676
0.422609
0.662
0.662
0.134558
0.399342
0.52692
0.112796
0.102032
0.226548
0.392356
0.662
0.118174
0.197171
0.662
0.252742
0.199808
0.662
0.475594
0.662
0.240912
0.14443
0.357216
0.224876
0.662
0.662
0.662
0.171704
0.662
0.662
0.511634
0.161426
0.00835299
0.261062
0.222468
0.662
0.581974
0.372689
0.382727
0.11838
0.662
0.594883
0.0293931
0.662
0.35376
0.662
0.662
0.0987632
0.662
0.662
0.196117
0.366893
0.53843
0.662
0.119212
0.479269
0.419587
0.662
0.662
0.662
0.206984
0.662
0.662
0.475794
0.478715
0.662
0.021013
0.459319
0.472759
0.285075
0.0782616
0.438159
0.154946
0.662
0.0012953
0.323317
0.155796
0.662
0.662
0.662
0.238115
0.443826
0.662
0.0223227
0.662
0.409299
0.662
0.0657586
0.166322
0.195702
0.662
0.225506
0.452639
0.0588125
0.22485
0.247234
0.34009
0.312302
0.662
0.0697702
0.452709
0.313043
0.662
0.662
0.474836
0.225391
0.662
0.0262671
0.662
0.0768834
0.662
0.662
0.138214
0.583896
0.392614
0.662
0.205847
0.272792
0.133733
0.625877
0.415374
0.0309847
0.141161
0.0842627
0.270393
0.662
0.662
0.662
0.145746
0.662
0.662
0.662
0.662
0.132428
0.102276
0.419159
0.40137
0.109225
0.135793
0.497795
0.662
0.0571691
0.662
0.455547
0.662
0.662
0.264611
0.109548
0.421678
0.377838
0.464101
0.662
0.424633
0.662
0.282187
0.248733
0.1377
0.208407
0.283221
0.303871
0.662
0.662
0.400452
0.662
0.662
0.241641
0.662
0.662
0.662
0.662
0.218488
0.0535976
0.662
0.662
0.506385
0.0153163
0.662
0.0204423
0.427463
0.352465
0.662
0.662
0.183198
0.662
0.117709
0.662
0.662
0.260781
0.662
0.324523
0.285309
0.662
0.258832
0.34769
0.360122
0.451185
0.662
0.204788
0.662
0.394028
0.44531
0.309757
0.0908953
0.662
0.662
0.417732
0.264839
0.51266
0.218864
0.662
0.662
0.662
0.0293866
0.662
0.662
0.662
0.126712
0.337647
0.459542
0.456054
0.662
0.480795
0.146658
0.662
0.662
0.0875071
0.114074
0.662
0.331094
0.208449
0.197006
0.413588
0.662
0.104547
0.521654
0.259461
0.662
0.20112
0.662
0.191607
0.131028
0.662
0.401542
0.41965
0.662
0.662
0.205906
0.662
0.355826
0.148825
0.662
0.431186
0.254834
0.0562965
0.334329
0.662
0.662
0.662
0.546258
0.662
0.272326
0.330916
0.274559
0.402289
0.183401
0.40721
0.0945596
0.662
0.662
0.446763
0.662
0.361869
0.662
0.662
0.662
0.662
0.662
0.662
0.289586
0.276122
0.662
0.380119
0.662
0.597875
0.479247
0.662
0.22442
0.662
0.38183
0.317182
0.662
0.403602
0.662
0.00469825
0.233401
0.321578
0.0445009
0.662
0.662
0.662
0.662
0.305616
0.662
0.662
0.662
0.662
0.662
0.662
0.574621
0.662
0.281113
0.251941
0.0251036
0.662
0.42933
0.0780964
0.662
0.662
0.335293
0.177075
0.662
0.302521
0.662
0.662
0.662
0.662
0.662
0.347061
0.662
0.348758
0.662
0.38089
0.132285
0.458112
0.0200336
0.407197
0.227516
0.136695
0.662
0.662
0.0636916
0.461509
0.236227
0.153851
0.662
0.154123
0.0740165
0.0441114
0.23276
0.0731208
0.0511416
0.232793
0.135182
0.252867
0.123658
0.662
0.0743492
0.417106
0.662
0.662
0.0219033
0.248102
0.662
0.0732506
0.20742
0.225371
0.662
0.114343
0.662
0.662
0.662
0.207904
0.430723
0.662
0.578349
0.259311
0.366759
0.110372
0.662
0.662
0.276017
0.662
0.231428
0.454365
0.254263
0.275588
0.662
0.51765
0.662
0.159823
0.295072
0.0987064
0.407045
0.662
0.662
0.117806
0.662
0.662
0.336442
0.165098
0.662
0.662
0.662
0.20122
0.662
0.662
0.0169051
0.32493
0.106498
0.662
0.333942
0.662
0.628371
0.41486
0.55539
0.662
0.0680004
0.662
0.140906
0.662
0.157051
0.662
0.48327
0.0797513
0.662
0.662
0.49284
0.662
0.662
0.662
0.0658498
0.662
0.388071
0.00696848
0.411282
0.474591
0.662
0.662
0.0789933
0.324211
0.662
0.662
0.236643
0.201719
0.3702
0.433229
0.421101
0.20547
0.524326
0.219777
0.662
0.325767
0.31005
0.0627001
0.45293
0.662
0.662
0.597211
0.662
0.662
0.568513
0.662
0.662
0.188067
0.56928
0.662
0.662
0.662
0.662
0.511788
0.193785
0.264526
0.0494462
0.423883
0.242641
0.662
0.099559
0.357699
0.141406
0.139777
0.413537
0.458302
0.662
0.662
0.662
0.495339
0.389964
0.20787
0.662
0.0197223
0.662
0.662
0.662
0.523899
0.576532
0.613504
0.241599
0.662
0.201083
0.248625
0.189049
0.662
0.662
0.201725
0.138743
0.352018
0.662
0.662
0.662
0.662
0.495401
0.662
0.511696
0.281951
0.662
0.323146
0.662
0.280633
0.515297
0.416973
0.345176
0.577269
0.27833
0.662
0.662
0.188015
0.662
0.182293
0.662
0.662
0.662
0.476186
0.624112
0.662
0.113705
0.290184
0.378289
0.662
0.222858
0.477217
0.449978
0.115463
0.662
0.0755769
0.662
0.308393
0.0908833
0.574449
0.662
0.645385
0.405003
0.662
0.662
0.662
0.424066
0.662
0.120423
0.00922479
0.662
0.473139
0.662
0.662
0.608105
0.662
0.662
0.662
0.662
0.606018
0.107931
0.425207
0.158944
0.2815
0.394483
0.0872338
0.447042
0.662
0.662
0.662
0.366563
0.174551
0.662
0.482525
0.662
0.347548
0.662
0.662
0.662
0.456479
0.254221
0.540225
0.0215131
0.662
0.386264
0.662
0.34112
0.662
0.0771502
0.284968
0.662
0.0426289
0.339931
0.428427
0.342187
0.222903
0.34062
0.5026
0.012061
0.662
0.561459
0.0535011
0.37143
0.193595
0.662
0.662
0.243403
0.311677
0.174031
0.296837
0.29934
0.114948
0.662
0.153239
0.29305
0.358558
0.140363
0.662
0.662
0.662
0.384552
0.511235
0.662
0.662
0.662
0.662
0.13702
0.662
0.00268836
0.662
0.245318
0.0973535
0.416279
0.662
0.468566
0.287793
0.198807
0.662
0.662
0.243616
0.250641
0.492109
0.141138
0.198764
0.662
0.0286005
0.218035
0.480214
0.662
0.468732
0.662
0.585874
0.0294018
0.205779
0.471787
0.136229
0.0494359
0.425676
0.371671
0.662
0.416631
0.0772732
0.567954
0.662
0.456349
0.662
0.662
0.251903
0.00457208
0.662
0.109438
0.0867779
0.180257
0.273108
0.485999
0.662
0.145377
0.213628
0.0872422
0.353353
0.340786
0.662
0.593793
0.662
0.559674
0.279522
0.487706
0.00316747
0.501429
0.108675
0.662
0.214927
0.0110177
0.178835
0.14081
0.51042
0.369439
0.187831
0.161178
0.662
0.662
0.662
0.662
0.662
0.662
0.662
0.538678
0.553932
0.441178
0.365698
0.350713
0.662
0.507978
0.552599
0.440935
0.662
0.47986
0.0476416
0.275158
0.662
0.0342422
0.309862
0.262199
0.325506
0.454612
0.262453
0.334188
0.151777
0.453784
0.408094
0.662
0.662
0.662
0.139675
0.662
0.662
0.304376
0.662
0.183003
0.231806
0.464349
0.0218194
0.662
0.294343
0.257438
0.662
0.662
0.662
0.662
0.395668
0.662
0.160812
0.1956
0.0535596
0.541987
0.662
0.332374
0.220284
0.38346
0.157868
0.227154
0.405847
0.254932
0.662
0.662
0.21428
0.347957
0.302887
0.438606
0.36106
0.40335
0.662
0.281563
0.662
0.571676
0.662
0.267203
0.115729
0.662
0.155493
0.115607
0.125845
0.662
0.0836436
0.402814
0.410264
0.662
0.241464
0.662
0.143849
0.662
0.662
0.662
0.662
0.395006
0.342252
0.662
0.618025
0.662
0.368443
0.198013
0.256641
0.662
0.621062
0.662
0.171975
0.0867595
0.301992
0.662
0.662
0.662
0.662
0.183964
0.27942
0.662
0.327063
0.662
0.240392
0.662
0.662
0.662
0.508659
0.173424
0.662
0.662
0.0921613
0.435724
0.342105
0.662
0.343643
0.662
0.416687
0.662
0.0488206
0.662
0.134353
0.662
0.662
0.662
0.218833
0.662
0.662
0.526151
0.40423
0.246451
0.33204
0.347581
0.662
0.243986
0.361349
0.662
0.508966
0.091041
0.31379
0.144658
0.0970824
0.591079
0.137076
0.169347
0.662
0.662
0.662
0.23344
0.618391
0.662
0.662
0.662
0.286672
0.313788
0.662
0.662
0.662
0.662
0.213946
0.13995
0.662
0.320074
0.146228
0.225103
0.122997
0.38226
0.209854
0.118436
0.150495
0.222551
0.21846
0.262962
0.662
0.18978
0.310005
0.481573
0.205931
0.662
0.17345
0.111129
0.289869
0.147671
0.404241
0.19062
0.520404
0.662
0.159127
0.662
0.20936
0.662
0.303583
0.393999
0.662
0.662
0.662
0.174123
0.461033
0.45608
0.304542
0.662
0.309129
0.2308
0.341445
0.11813
0.662
0.662
0.218446
0.317962
0.662
0.662
0.188838
0.662
0.425969
0.532841
0.662
0.662
0.412151
0.211144
0.662
0.278937
0.146916
0.662
0.662
0.662
0.662
0.662
0.275387
0.206529
0.662
0.192851
0.511694
0.397553
0.361935
0.662
0.662
0.662
0.166804
0.348634
0.662
0.662
0.163624
0.662
0.373086
0.662
0.285562
0.197662
0.204386
0.662
0.580712
0.662
0.398538
0.461266
0.662
0.0848212
0.662
0.143506
0.500156
0.33298
0.109712
0.283822
0.349368
0.153632
0.228532
0.0905259
0.0512447
0.204517
0.662
0.372685
0.662
0.554774
0.662
0.662
0.662
0.3253
0.167078
0.230746
0.343212
0.256712
0.662
0.403264
0.662
0.662
0.601819
0.117964
0.662
0.186055
0.0785994
0.0366608
0.662
0.243335
0.0469254
0.662
0.43825
0.662
0.196419
0.195619
0.662
0.662
0.662
0.390782
0.069074
0.188118
0.662
0.662
0.416686
0.219985
0.662
0.662
0.662
0.662
0.0143313
0.336877
0.620452
0.384357
0.200639
0.225684
0.136707
0.352785
0.662
0.193034
0.0139602
0.421651
0.397825
0.212985
0.388511
0.401136
0.294268
0.232128
0.321168
0.139794
0.316862
0.662
0.662
0.420632
0.662
0.662
0.141199
0.379151
0.316265
0.662
0.662
0.662
0.662
0.662
0.352806
0.240448
0.640209
0.106006
0.368098
0.384815
0.662
0.374312
0.235481
0.520008
0.285424
0.662
0.144167
0.0556858
0.662
0.0021215
0.292138
0.196579
0.402535
0.19565
0.324373
0.0111956
0.0664217
0.216473
0.00148546
0.273748
0.377944
0.662
0.0486891
0.662
0.318113
0.42522
0.548571
0.42293
0.254514
0.662
0.406331
0.662
0.140594
0.662
0.0594856
0.662
0.466253
0.662
0.662
0.213113
0.225737
0.662
0.662
0.0999306
0.139149
0.662
0.413094
0.662
0.262944
0.401713
0.115464
0.662
0.292411
0.550119
0.236687
0.662
0.393435
0.41191
0.662
0.0690547
0.662
0.225968
0.0682041
0.533365
0.189723
0.210787
0.133047
0.0144481
0.3605
0.662
0.662
0.0328888
0.365901
0.46775
0.466801
0.662
0.349121
0.0171131
0.662
0.188096
0.662
0.0718417
0.662
0.662
0.662
0.662
0.662
0.265429
0.326522
0.0891875
0.662
0.662
0.527448
0.622964
0.662
0.256007
0.339864
0.00580008
0.0987981
0.413947
0.662
0.4038
0.0820597
0.662
0.0234867
0.662
0.662
0.662
0.662
0.662
0.662
0.404053
0.462863
0.662
0.0395712
0.662
0.662
0.27767
0.0482802
0.458753
0.662
0.324104
0.475904
0.662
0.662
0.662
0.662
0.225599
0.329396
0.155219
0.216601
0.662
0.472074
0.662
0.662
0.644772
0.662
0.476917
0.662
0.662
0.662
0.662
0.662
0.662
0.662
0.336196
0.0574039
0.308258
0.440123
0.662
0.397592
0.662
0.0299499
0.662
0.386802
0.381888
0.387734
0.662
0.208387
0.662
0.00735725
0.529659
0.662
0.662
0.662
0.422014
0.662
0.662
0.108052
0.662
0.0240937
0.662
0.0698771
0.470579
0.662
0.192117
0.273662
0.30327
0.436212
0.123604
0.128175
0.662
0.662
0.396573
0.411729
0.54966
0.662
0.662
0.331884
0.432595
0.662
0.492825
0.662
0.196359
0.657648
0.662
0.259244
0.43319
0.119167
0.262765
0.178051
0.529582
0.195821
0.662
0.662
0.535088
0.662
0.23138
0.662
0.662
0.662
0.502619
0.45645
0.662
0.0440013
0.662
0.4894
0.105382
0.417807
0.114419
0.316788
0.0187434
0.0317353
0.662
0.662
0.106092
0.309362
0.662
0.100895
0.47606
0.315789
0.442255
0.662
0.211811
0.100533
0.662
0.402849
0.662
0.662
0.376449
0.0221785
0.54471
0.176191
0.175538
0.358324
0.662
0.185636
0.662
0.346645
0.273685
0.0822037
0.227498
0.309701
0.662
0.0697666
0.171339
0.662
0.218983
0.662
0.662
0.483083
0.662
0.575424
0.353509
0.534884
0.0467583
0.662
0.2261
0.662
0.662
0.662
0.662
0.428276
0.187968
0.662
0.477314
0.385231
0.158641
0.662
0.662
0.442691
0.0347916
0.0304315
0.414016
0.662
0.270205
0.328188
0.662
0.501236
0.0405343
0.20657
0.219785
0.662
0.662
0.662
0.662
0.662
0.426066
0.374383
0.652827
0.662
0.406805
0.343554
0.662
0.385495
0.151739
0.217971
0.350789
0.662
0.327907
0.662
0.152027
0.403184
0.188129
0.106082
0.662
0.260593
0.662
0.431359
0.662
0.629706
0.0717636
0.662
0.325578
0.334721
0.192581
0.402227
0.241433
0.562448
0.662
0.390632
0.319772
0.662
0.187196
0.169378
0.401683
0.662
0.280234
0.2076
0.409237
0.189311
0.662
0.576819
0.307763
0.308643
0.274098
0.263185
0.662
0.419945
0.662
0.374015
0.454672
0.132816
0.662
0.399856
0.662
0.662
0.373266
0.469745
0.442326
0.406882
0.0948699
0.662
0.662
0.102659
0.41848
0.582824
0.159365
0.372308
0.662
0.662
0.02666
0.662
0.159225
0.422125
0.662
0.265737
0.291504
0.349181
0.131543
0.280856
0.662
0.662
0.662
0.662
0.109997
0.418807
0.662
0.662
0.578467
0.662
0.198188
0.193729
0.662
0.662
0.473899
0.198211
0.419292
0.173617
0.662
0.662
0.662
0.109014
0.245463
0.466242
0.38565
0.633391
0.662
0.296431
0.289568
0.0759953
0.0197336
0.0440846
0.662
0.34933
0.662
0.342474
0.662
0.662
0.223601
0.662
0.662
0.662
0.190943
0.0763787
0.662
0.662
0.662
0.662
0.217381
0.206941
0.348919
0.289032
0.662
0.302489
0.662
0.662
0.662
0.662
0.662
0.12235
0.105121
0.41439
0.593185
0.662
0.662
0.475601
0.172453
0.302278
0.662
0.299501
0.557116
0.450354
0.0977798
0.161909
0.662
0.662
0.662
0.662
0.283545
0.662
0.662
0.056696
0.662
0.0234997
0.662
0.662
0.427967
0.173696
0.242319
0.662
0.239592
0.662
0.13313
0.461328
0.248259
0.216585
0.0280039
0.14874
0.0361124
0.022571
0.228618
0.345359
0.347508
0.119083
0.355456
0.662
0.218893
0.310893
0.662
0.415674
0.237084
0.10202
0.662
0.662
0.168271
0.662
0.662
0.588791
0.662
0.11549
0.0356048
0.133336
0.662
0.662
0.284029
0.662
0.662
0.189275
0.662
0.427819
0.315887
0.662
0.374928
0.469719
0.344585
0.662
0.662
0.0937666
0.506429
0.662
0.487236
0.662
0.195572
0.313513
0.181119
0.536221
0.233373
0.228752
0.662
0.273325
0.314634
0.249041
0.42133
0.662
0.417783
0.662
0.662
0.662
0.284479
0.360168
0.662
0.662
0.662
0.662
0.127241
0.662
0.567546
0.55082
0.162681
0.662
0.662
0.168719
0.486594
0.372088
0.662
0.662
0.367129
0.662
0.246242
0.224858
0.662
0.124417
0.662
0.22869
0.662
0.373111
0.662
0.662
0.662
0.0329224
0.662
0.268637
0.23348
0.367615
0.330572
0.662
0.407436
0.662
0.320158
0.630503
0.662
0.377485
0.662
0.662
0.662
0.662
0.662
0.0790691
0.396255
0.172711
0.421613
0.39799
0.0672755
0.662
0.662
0.117828
0.662
0.339993
0.662
0.383658
0.313653
0.427901
0.662
0.662
0.505601
0.256891
0.475106
0.27665
0.568111
0.662
0.535872
0.0143088
0.662
0.170368
0.440216
0.662
0.188316
0.175661
0.272288
0.211789
0.662
0.160957
0.662
0.395639
0.103622
0.659579
0.304102
0.662
0.506034
0.160061
0.183604
0.365571
0.662
0.0909917
0.426417
0.662
0.662
0.662
0.662
0.413793
0.145722
0.662
0.372222
0.100049
0.662
0.186598
0.662
0.193122
0.662
0.12684
0.181965
0.662
0.662
0.0332424
0.0715377
0.662
0.194727
0.662
0.662
0.352491
0.36886
0.662
0.395935
0.662
0.0720966
0.463881
0.0262179
0.441589
0.662
0.479903
0.195436
0.347588
0.393396
0.662
0.662
0.254405
0.293079
0.267998
0.282991
0.662
0.118937
0.375993
0.12939
0.25111
0.662
0.29257
0.662
0.352974
0.153907
0.662
0.219491
0.662
0.529605
0.662
0.425433
0.181944
0.361434
0.662
0.0867468
0.328781
0.662
0.482687
0.662
0.202336
0.464578
0.662
0.229201
0.662
0.268124
0.00809201
0.339844
0.144196
0.462395
0.662
0.0720727
0.00846663
0.662
0.662
0.662
0.226341
0.453206
0.264824
0.662
0.0646696
0.662
0.662
0.196947
0.265231
0.424407
0.179785
0.00115907
0.295365
0.0264957
0.35918
0.252283
0.21053
0.662
0.379134
0.207628
0.00657673
0.662
0.36968
0.602931
0.621178
0.189694
0.662
0.389369
0.662
0.0649141
0.244617
0.148844
0.235625
0.373855
0.207202
0.662
0.662
0.662
0.662
0.270251
0.259397
0.662
0.0598299
0.662
0.374124
0.311836
0.301748
0.0655917
0.662
0.303785
0.221219
0.662
0.662
0.62073
0.322252
0.662
0.662
0.000521823
0.662
0.30999
0.662
0.0457873
0.662
0.573514
0.20216
0.662
0.428754
0.662
0.292466
0.662
0.143819
0.248732
0.662
0.662
0.0162635
0.662
0.369967
0.662
0.662
0.131807
0.662
0.662
0.236622
0.662
0.0373366
0.334105
0.662
0.0567841
0.662
0.662
0.171151
0.662
0.107302
0.662
0.322917
0.662
0.316904
0.24192
0.442543
0.662
0.662
0.440085
0.206025
0.0991892
0.283638
0.262064
0.204031
0.483321
0.22898
0.533805
0.469967
0.456846
0.662
0.662
0.153508
0.662
0.305233
0.413237
0.286899
0.165272
0.662
0.662
0.662
0.521314
0.662
0.662
0.662
0.132966
0.292722
0.662
0.245228
0.219354
0.103327
0.662
0.587742
0.0300052
0.662
0.246737
0.662
0.662
0.662
0.662
0.543837
0.199372
0.206728
0.662
0.271256
0.440303
0.33643
0.335183
0.662
0.662
0.153824
0.26778
0.662
0.367062
0.196133
0.662
0.442848
0.662
0.505972
0.37895
0.351196
0.662
0.276698
0.662
0.662
0.662
0.343099
0.662
0.662
0.0511559
0.460881
0.0667714
0.128195
0.346418
0.468427
0.662
0.236699
0.293506
0.485419
0.662
0.224151
0.662
0.662
0.662
0.662
0.662
0.298646
0.0382448
0.0231868
0.662
0.662
0.61322
0.662
0.446154
0.650995
0.662
0.434685
0.662
0.432256
0.138985
0.662
0.35815
0.662
0.662
0.662
0.250348
0.139651
0.662
0.662
0.212724
0.662
0.300727
0.21773
0.305905
0.149887
0.653119
0.662
0.368777
0.265213
0.662
0.442925
0.662
0.198372
0.309955
0.662
0.228006
0.055153
0.437039
0.439293
0.460551
0.662
0.662
0.0879243
0.462529
0.662
0.662
0.662
0.662
0.662
0.364721
0.662
0.214864
0.0606588
0.662
0.0440833
0.234277
0.137412
0.662
0.137286
0.662
0.662
0.662
0.245613
0.201492
0.434724
0.662
0.662
0.662
0.453291
0.662
0.662
0.662
0.424151
0.662
0.466733
0.609639
0.11278
0.470695
0.289754
0.102747
0.662
0.662
0.217436
0.662
0.169133
0.662
0.151796
0.662
0.662
0.27004
0.18748
0.276555
0.607217
0.288924
0.464686
0.662
0.662
0.662
0.207662
0.216509
0.662
0.662
0.662
0.662
0.025938
0.662
0.235821
0.087583
0.200516
0.234131
0.333491
0.662
0.334095
0.399107
0.300396
0.25164
0.0526717
0.662
0.662
0.662
0.410315
0.662
0.529178
0.102886
0.474309
0.11593
0.350886
0.662
0.286804
0.168763
0.662
0.662
0.0149723
0.543994
0.4291
0.091033
0.662
0.206123
0.662
0.10697
0.114933
0.200961
0.228341
0.262651
0.189915
0.662
0.662
0.210746
0.524395
0.108335
0.662
0.650832
0.0871309
0.225025
0.662
0.0629563
0.22696
0.306261
0.0819088
0.0475346
0.662
0.0746961
0.662
0.129371
0.662
0.000222911
0.432837
0.46598
0.0937891
0.525129
0.462547
0.662
0.662
0.147474
0.662
0.146204
0.662
0.662
0.662
0.662
0.0457143
0.662
0.382609
0.648215
0.394583
0.406196
0.662
0.358764
0.619814
0.445062
0.228151
0.221687
0.0954333
0.662
0.662
0.662
0.237901
0.352874
0.245927
0.422943
0.241026
0.662
0.198953
0.662
0.662
0.662
0.662
0.638132
0.0344834
0.662
0.202634
0.662
0.125942
0.205642
0.488327
0.662
0.399297
0.662
0.662
0.239644
0.0142267
0.455812
0.0908474
0.50079
0.430098
0.142827
0.662
0.354215
0.662
0.662
0.377338
0.0767685
0.100207
0.0777658
0.662
0.196955
0.286583
0.662
0.411871
0.662
0.324482
0.662
0.662
0.450071
0.662
0.326152
0.662
0.0772662
0.662
0.436481
0.662
0.0213684
0.190262
0.225546
0.0545554
0.662
0.33244
0.662
0.174289
0.662
0.237024
0.448687
0.662
0.360778
0.236821
0.0763418
0.19207
0.262661
0.362003
0.114488
0.435008
0.336664
0.662
0.662
0.181582
0.12909
0.31076
0.00463309
0.298866
0.237316
0.662
0.662
0.662
0.662
0.662
0.24673
0.542778
0.461627
0.612345
0.301368
0.454778
0.49715
0.662
0.662
0.218995
0.344782
0.346492
0.00915031
0.148187
0.314037
0.662
0.327411
0.662
0.617392
0.662
0.27322
0.0817824
0.394152
0.662
0.417015
0.484387
0.189786
0.0105292
0.128653
0.146311
0.111278
0.222751
0.399139
0.343438
0.1519
0.662
0.494505
0.397695
0.497758
0.453697
0.564994
0.662
0.662
0.662
0.282085
0.662
0.662
0.265485
0.662
0.380083
0.662
0.662
0.370072
0.662
0.401765
0.662
0.662
0.656914
0.135969
0.662
0.059078
0.0551247
0.662
0.407554
0.207745
0.662
0.662
0.213101
0.662
0.662
0.19997
0.662
0.304895
0.658327
0.662
0.217467
0.474363
0.662
0.381938
0.336275
0.560026
0.424649
0.662
0.662
0.662
0.662
0.446579
0.11177
0.220912
0.174079
0.662
0.31029
0.537997
0.0725511
0.517421
0.1061
0.662
0.648124
0.2239
0.0668386
0.0486612
0.35176
0.599835
0.380327
0.474013
0.662
0.348327
0.662
0.465186
0.662
0.176933
0.520636
0.555673
0.13773
0.232308
0.453798
0.401123
0.552287
0.417381
0.26089
0.662
0.402317
0.658563
0.584119
0.388482
0.248655
0.227819
0.662
0.662
0.103279
0.0919022
0.662
0.662
0.0857216
0.662
0.365386
0.15039
0.0166075
0.104247
0.662
0.662
0.176052
0.662
0.434628
0.0406592
0.662
0.0139146
0.360306
0.662
0.16483
0.14517
0.292103
0.286312
0.390018
0.662
0.662
0.33028
0.662
0.662
0.222069
0.662
0.0672062
0.343519
0.0683308
0.261161
0.662
0.175604
0.297662
0.232731
0.286154
0.205981
0.091264
0.658771
0.662
0.662
0.057676
0.100481
0.242088
0.459331
0.235865
0.0716616
0.662
0.662
0.662
0.151397
0.498635
0.431946
0.662
0.662
0.662
0.338046
0.662
0.353814
0.094899
0.283241
0.662
0.111154
0.168854
0.4556
0.201166
0.0288851
0.248047
0.334477
0.662
0.124587
0.662
0.14032
0.134387
0.0300293
0.662
0.361411
0.0831152
0.180591
0.135853
0.470345
0.185539
0.660715
0.312073
0.0169509
0.662
0.662
0.662
0.364197
0.330569
0.150144
0.454997
0.228163
0.256965
0.256468
0.310186
0.662
0.397905
0.14892
0.427027
0.433386
0.31503
0.351058
0.262329
0.141515
0.662
0.595512
0.598596
0.473766
0.120875
0.662
0.662
0.288218
0.484472
0.662
0.588364
0.0680458
0.216842
0.237312
0.183814
0.116767
0.582693
0.236887
0.662
0.662
0.458363
0.662
0.112715
0.307547
0.662
0.616089
0.399351
0.317861
0.0851896
0.662
0.0177709
0.662
0.296205
0.662
0.662
0.662
0.0687368
0.371253
0.581434
0.246529
0.14102
0.405992
0.272846
0.662
0.245829
0.662
0.439945
0.0953223
0.441584
0.662
0.102388
0.662
0.391942
0.113124
0.324313
0.159422
0.407116
0.662
0.138197
0.187152
0.662
0.662
0.662
0.242853
0.662
0.630364
0.662
0.188937
0.662
0.662
0.662
0.259
0.356656
0.190667
0.662
0.429853
0.662
0.442174
0.662
0.662
0.653122
0.662
0.662
0.662
0.443105
0.662
0.662
0.322085
0.306788
0.274299
0.224207
0.662
0.662
0.153473
0.477795
0.0412867
0.662
0.275049
0.662
0.160831
0.662
0.262879
0.662
0.662
0.231159
0.15468
0.181819
0.106349
0.399922
0.444436
0.662
0.662
0.0622481
0.662
0.184963
0.662
0.444827
0.562938
0.29534
0.150457
0.662
0.662
0.532888
0.395065
0.077898
0.468545
0.304577
0.285281
0.662
0.425838
0.662
0.037191
0.208547
0.184473
0.191107
0.662
0.662
0.662
0.394439
0.237102
0.269868
0.662
0.478898
0.662
0.485662
0.662
0.28158
0.10326
0.662
0.511031
0.662
0.662
0.137743
0.662
0.662
0.303233
0.662
0.32095
0.318068
0.662
0.0983683
0.213543
0.189682
0.238473
0.188986
0.662
0.299016
0.662
0.662
0.662
0.662
0.0901611
0.662
0.662
0.0295138
0.221782
0.184588
0.662
0.624596
0.662
0.662
0.411045
0.662
0.62806
0.0530168
0.410702
0.110009
0.394354
0.539115
0.448956
0.662
0.208879
0.159599
0.451843
0.662
0.321622
0.135563
0.433435
0.262274
0.507023
0.395112
0.292477
0.434584
0.360552
0.662
0.431888
0.5541
0.161482
0.0597582
0.417012
0.0555642
0.662
0.662
0.662
0.227803
0.0575579
0.662
0.233019
0.662
0.125645
0.590092
0.295295
0.400461
0.662
0.429186
0.189898
0.015578
0.211975
0.662
0.217107
0.00218672
0.453127
0.541895
0.249393
0.146202
0.141191
0.662
0.662
0.217802
0.587536
0.662
0.662
0.361693
0.104587
0.662
0.285675
0.120413
0.662
0.422785
0.178746
0.196644
0.662
0.195434
0.662
0.533759
0.33708
0.336822
0.279234
0.662
0.218065
0.00990675
0.662
0.217375
0.662
0.662
0.57168
0.360475
0.662
0.53697
0.47177
0.185816
0.276666
0.106355
0.662
0.662
0.405899
0.662
0.227141
0.662
0.662
0.4838
0.138786
0.662
0.662
0.662
0.662
0.33898
0.662
0.662
0.268544
0.0799203
0.126525
0.662
0.422059
0.276628
0.12982
0.662
0.662
0.489235
0.215521
0.392666
0.662
0.205859
0.342833
0.662
0.191961
0.0215974
0.023274
0.662
0.272969
0.118116
0.330966
0.407808
0.136175
0.662
0.470582
0.662
0.662
0.520847
0.662
0.310528
0.00160207
0.662
0.371322
0.662
0.188251
0.350949
0.476365
0.662
0.223283
0.461779
0.271147
0.130031
0.662
0.0963997
0.662
0.662
0.659848
0.270053
0.15279
0.662
0.662
0.129266
0.199712
0.62173
0.195245
0.186784
0.0815748
0.0997822
0.662
0.356453
0.156688
0.662
0.662
0.538612
0.662
0.107866
0.0224018
0.0742026
0.662
0.662
0.0218753
0.368215
0.662
0.227199
0.201571
0.662
0.230496
0.662
0.103981
0.454865
0.662
0.499315
0.662
0.203748
0.662
0.662
0.206716
0.662
0.0164103
0.662
0.238542
0.264316
0.662
0.0271427
0.249869
0.237154
0.36123
0.426921
0.645023
0.662
0.0436455
0.655378
0.0409519
0.449913
0.211642
0.662
0.323266
0.662
0.21993
0.662
0.662
0.110564
0.201674
0.662
0.662
0.391077
0.662
0.662
0.493281
0.662
0.240476
0.662
0.235584
0.662
0.662
0.0331769
0.662
0.662
0.140128
0.395113
0.662
0.267358
0.662
0.216267
0.0134834
0.662
0.662
0.124252
0.662
0.507506
0.229683
0.662
0.662
0.172094
0.0769053
0.215425
0.451213
0.247482
0.205206
0.400325
0.662
0.338753
0.0702416
0.662
0.492872
0.227043
0.196042
0.130949
0.662
0.662
0.365974
0.662
0.662
0.37529
0.3057
0.662
0.112274
0.183664
0.662
0.662
0.662
0.25051
0.662
0.662
0.0086291
0.662
0.170377
0.662
0.662
0.297548
0.662
0.593489
0.627231
0.0925279
0.336155
0.662
0.550629
0.372666
0.198451
0.662
0.0836432
0.515085
0.662
0.662
0.270066
0.34614
0.168935
0.513708
0.309001
0.336784
0.263657
0.237886
0.241578
0.134552
0.513834
0.034561
0.662
0.529204
0.253313
0.662
0.305066
0.662
0.30382
0.636286
0.490093
0.470178
0.662
0.662
0.377907
0.208291
0.662
0.376778
0.662
0.347902
0.662
0.200799
0.65388
0.050829
0.662
0.380479
0.387805
0.123733
0.236821
0.429109
0.330243
0.577302
0.454705
0.157771
0.662
0.371913
0.483717
0.326288
0.662
0.662
0.662
0.662
0.662
0.234197
0.432922
0.662
0.471568
0.662
0.308154
0.662
0.662
0.00115646
0.494206
0.662
0.0869714
0.662
0.592575
0.042552
0.662
0.662
0.373106
0.662
0.291428
0.662
0.0548543
0.662
0.0830218
0.662
0.171979
0.242163
0.41644
0.133006
0.223407
0.321445
0.268931
0.261483
0.265435
0.264859
0.662
0.655006
0.662
0.237362
0.662
0.662
0.183704
0.11149
0.181118
0.662
0.0121821
0.0871574
0.0942913
0.662
0.315139
0.00168345
0.662
0.530745
0.276612
0.181055
0.114351
0.0418734
0.662
0.662
0.662
0.510125
0.0157965
0.662
0.387679
0.662
0.662
0.0491387
0.662
0.197793
0.382008
0.662
0.662
0.662
0.309894
0.431607
0.51257
0.662
0.662
0.1986
0.142137
0.381475
0.329263
0.122738
0.155453
0.662
0.662
0.168306
0.371821
0.517714
0.662
0.210741
0.662
0.662
0.662
0.316261
0.662
0.662
0.662
0.431182
0.662
0.168961
0.0228994
0.205592
0.662
0.640443
0.105466
0.532859
0.662
0.662
0.493687
0.353248
0.259536
0.662
0.662
0.393122
0.430162
0.541442
0.273977
0.499783
0.460503
0.00470343
0.662
0.419372
0.662
0.662
0.273068
0.662
0.662
0.662
0.0875029
0.662
0.300128
0.252763
0.248228
0.245665
0.662
0.124721
0.179278
0.350337
0.662
0.662
0.662
0.30251
0.27616
0.274925
0.39034
0.17948
0.382142
0.662
0.662
0.059415
0.662
0.144679
0.325657
0.662
0.662
0.540746
0.0848058
0.206774
0.662
0.662
0.662
0.473861
0.662
0.662
0.270383
0.154706
0.662
0.662
0.241499
0.476238
0.662
0.374709
0.662
0.0158752
0.662
0.662
0.171499
0.662
0.662
0.257978
0.662
0.662
0.202723
0.220042
0.0929918
0.364278
0.662
0.662
0.269005
0.662
0.662
0.383484
0.662
0.662
0.407886
0.36309
0.362369
0.662
0.297007
0.159826
0.276684
0.662
0.129701
0.37053
0.219933
0.662
0.407495
0.222434
0.413476
0.219322
0.662
0.413165
0.352042
0.662
0.249835
0.662
0.463153
0.422327
0.0535632
0.662
0.662
0.480786
0.179919
0.662
0.14659
0.416592
0.0565194
0.255284
0.41621
0.662
0.15282
0.265762
0.662
0.662
0.662
0.662
0.662
0.332381
0.11238
0.473495
0.280058
0.645664
0.662
0.0842666
0.662
0.662
0.289726
0.662
0.143254
0.587247
0.662
0.0707348
0.252423
0.584335
0.292056
0.418273
0.662
0.662
0.662
0.385751
0.650513
0.662
0.662
0.185739
0.317159
0.662
0.150472
0.270321
0.662
0.45456
0.480442
0.160168
0.241099
0.216648
0.0306372
0.662
0.662
0.662
0.469955
0.662
0.176395
0.0787396
0.269534
0.168899
0.662
0.17931
0.493184
0.119407
0.446862
0.662
0.662
0.0767305
0.347136
0.662
0.299349
0.662
0.38807
0.662
0.342547
0.662
0.626775
0.662
0.662
0.390193
0.662
0.662
0.662
0.21307
0.206521
0.116139
0.354071
0.245605
0.0564332
0.662
0.0456056
0.584847
0.334885
0.662
0.308567
0.662
0.0571214
0.235808
0.203933
0.213683
0.519537
0.337838
0.2437
0.452179
0.259102
0.562474
0.662
0.450069
0.129547
0.662
0.662
0.361888
0.0352054
0.339323
0.662
0.39353
0.40124
0.415654
0.662
0.662
0.495823
0.662
0.662
0.662
0.662
0.399903
0.532212
0.537291
0.0591615
0.662
0.662
0.16385
0.662
0.662
0.55697
0.662
0.662
0.376125
0.662
0.662
0.245
0.252169
0.34797
0.278907
0.444143
0.19698
0.662
0.291722
0.539278
0.24691
0.100147
0.122339
0.20813
0.206726
0.427893
0.196632
0.0781018
0.240387
0.0369165
0.294515
0.335658
0.169749
0.662
0.260697
0.452807
0.117751
0.448202
0.662
0.342531
0.662
0.556137
0.662
0.300172
0.0518285
0.159706
0.662
0.662
0.374193
0.662
0.242859
0.662
0.662
0.330888
0.0490269
0.00605018
0.662
0.330855
0.0292311
0.662
0.00473757
0.662
0.476387
0.192449
0.351486
0.662
0.18278
0.662
0.109174
0.238575
0.263522
0.302171
0.662
0.661716
0.662
0.662
0.421023
0.662
0.12859
0.16947
0.662
0.662
0.330027
0.233579
0.374729
0.395645
0.251911
0.662
0.194637
0.197821
0.662
0.432962
0.662
0.495596
0.403319
0.425621
0.662
0.107527
0.0579384
0.180404
0.287539
0.104952
0.250436
0.662
0.282117
0.0912909
0.298266
0.662
0.537062
0.662
0.462448
0.460791
0.146036
0.266375
0.662
0.662
0.445035
0.662
0.194018
0.181589
0.409113
0.662
0.192687
0.662
0.422399
0.212805
0.0264991
0.55653
0.375571
0.662
0.36196
0.548919
0.468724
0.208863
0.364108
0.662
0.662
0.662
0.566447
0.619068
0.237097
0.267689
0.662
0.0865747
0.0477849
0.47686
0.662
0.662
0.662
0.662
0.398682
0.365637
0.277755
0.662
0.45553
0.259917
0.334595
0.662
0.662
0.459759
0.4586
0.662
0.359155
0.400835
0.390242
0.262053
0.410124
0.662
0.546736
0.42217
0.555124
0.13201
0.447404
0.662
0.662
0.662
0.662
0.662
0.662
0.332656
0.051408
0.43182
0.301128
0.0932062
0.189598
0.662
0.376278
0.0419954
0.0597667
0.105997
0.364929
0.662
0.662
0.662
0.160218
0.272297
0.201744
0.0885877
0.604533
0.208278
0.452321
0.662
0.232909
0.662
0.219215
0.443406
0.237078
0.662
0.0724432
0.0731485
0.662
0.0964969
0.662
0.465303
0.662
0.662
0.633694
0.135882
0.662
0.283934
0.40539
0.662
0.662
0.662
0.427536
0.662
0.24034
0.179209
0.318535
0.662
0.0974614
0.2616
0.229568
0.0523448
0.259767
0.320936
0.662
0.662
0.576247
0.44978
0.662
0.662
0.263708
0.31473
0.190817
0.512573
0.197678
0.662
0.662
0.662
0.154052
0.662
0.00905397
0.662
0.263438
0.662
0.662
0.662
0.662
0.662
0.662
0.327908
0.328003
0.0603243
0.662
0.323418
0.662
0.662
0.287332
0.00902016
0.662
0.228129
0.662
0.662
0.175544
0.0311648
0.395677
0.662
0.662
0.662
0.662
0.662
0.0413786
0.662
0.267422
0.150802
0.147643
0.662
0.125594
0.391706
0.201823
0.0934945
0.0649283
0.222971
0.469077
0.336779
0.149302
0.245469
0.122188
0.119067
0.662
0.348956
0.277733
0.433047
0.618686
0.0615585
0.211185
0.215838
0.215935
0.0278465
0.402227
0.18832
0.662
0.380975
0.359891
0.231837
0.0240243
0.0561174
0.462789
0.662
0.662
0.264956
0.662
0.00166926
0.662
0.131268
0.662
0.0871337
0.404316
0.662
0.211795
0.275032
0.269664
0.00304556
0.662
0.16994
0.157444
0.662
0.371653
0.469111
0.232132
0.160873
0.426156
0.621099
0.223514
0.354349
0.662
0.476839
0.662
0.488817
0.643656
0.0833957
0.208938
0.483046
0.0743913
0.662
0.0289067
0.260376
0.662
0.197951
0.662
0.322656
0.662
0.662
0.662
0.270909
0.662
0.581488
0.199032
0.0326402
0.662
0.413393
0.662
0.662
0.662
0.563283
0.662
0.662
0.662
0.662
0.384156
0.0663983
0.662
0.22126
0.348076
0.662
0.662
0.184938
0.662
0.315102
0.205234
0.662
0.662
0.0379662
0.0769367
0.662
0.662
0.474242
0.45847
0.662
0.125459
0.662
0.183673
0.0657292
0.262797
0.662
0.662
0.662
0.662
0.290603
0.662
0.662
0.180477
0.662
0.0853796
0.662
0.662
0.188648
0.478391
0.662
0.252939
0.662
0.115674
0.662
0.107671
0.0873852
0.576962
0.662
0.365625
0.662
0.0353304
0.275463
0.246428
0.4168
0.662
0.248018
0.662
0.0106682
0.33385
0.662
0.161856
0.312696
0.465242
0.195411
0.473061
0.244876
0.662
0.662
0.586503
0.662
0.384232
0.662
0.308121
0.662
0.36397
0.0161581
0.662
0.163904
0.662
0.199804
0.662
0.183071
0.662
0.110303
0.0725104
0.258458
0.662
0.318364
0.662
0.63339
0.429948
0.321966
0.599345
0.633391
0.662
0.310241
0.179285
0.205915
0.282799
0.204541
0.395744
0.33661
0.662
0.662
0.216499
0.358715
0.662
0.2358
0.0892519
0.324162
0.405592
0.325196
0.0754318
0.662
0.585369
0.000750125
0.662
0.112492
0.311188
0.662
0.0792963
0.662
0.134616
0.467742
0.662
0.662
0.109822
0.662
0.662
0.327496
0.662
0.563639
0.662
0.613592
0.449299
0.0619834
0.662
0.243764
0.277786
0.662
0.352748
0.496577
0.662
0.662
0.399707
0.662
0.662
0.0543151
0.281297
0.094942
0.418962
0.662
0.662
0.400196
0.662
0.662
0.439775
0.662
0.662
0.0583874
0.662
0.103342
0.322735
0.503471
0.385015
0.448681
0.465767
0.068188
0.587321
0.124055
0.253143
0.0275631
0.413048
0.00279694
0.662
0.422526
0.662
0.662
0.662
0.256063
0.635257
0.267125
0.662
0.120626
0.662
0.126813
0.290317
0.662
0.309244
0.662
0.476441
0.0289515
0.662
0.130955
0.00213435
0.662
0.0825159
0.233882
0.186569
0.341764
0.396631
0.208212
0.662
0.0259775
0.099363
0.0322309
0.229636
0.662
0.662
0.164116
0.465298
0.357048
0.662
0.662
0.662
0.662
0.662
0.106664
0.182522
0.458417
0.410414
0.662
0.255747
0.662
0.662
0.537037
0.0523567
0.413487
0.662
0.0070592
0.108314
0.662
0.662
0.156866
0.236948
0.12795
0.519343
0.310093
0.662
0.209802
0.0577866
0.363403
0.566296
0.457431
0.096682
0.662
0.460434
0.0384622
0.335536
0.436768
0.42193
0.192181
0.0378577
0.662
0.387652
0.360413
0.662
0.662
0.317678
0.355071
0.662
0.662
0.477569
0.0686854
0.662
0.461796
0.662
0.605951
0.662
0.249681
0.0776192
0.662
0.285889
0.212355
0.480815
0.662
0.662
0.197454
0.662
0.242176
0.662
0.173798
0.225817
0.169429
0.296901
0.662
0.419924
0.662
0.450121
0.476579
0.470988
0.305203
0.314081
0.662
0.662
0.191502
0.0827684
0.236966
0.662
0.441103
0.0489206
0.183126
0.180024
0.662
0.662
0.425591
0.662
0.0267566
0.377176
0.0688908
0.330411
0.587824
0.662
0.662
0.662
0.419497
0.0353108
0.50868
0.332875
0.662
0.107578
0.42454
0.662
0.662
0.662
0.214908
0.662
0.0955689
0.350448
0.377336
