0.00631207
0.186256
0.543574
0.13504
0.662
0.479043
0.662
0.309433
0.662
0.359441
0.441976
0.146335
0.662
0.624734
0.408098
0.47587
0.163263
0.206055
0.36346
0.514866
0.234215
0.662
0.662
0.662
0.662
0.328944
0.662
0.071359
0.235664
0.228359
0.114679
0.271977
0.0306353
0.614578
0.364572
0.662
0.207293
0.184105
0.26157
0.404586
0.662
0.662
0.0305719
0.465586
0.662
0.662
0.662
0.138781
0.662
0.662
0.289116
0.465958
0.662
0.136288
0.662
0.662
0.274616
0.299297
0.662
0.662
0.0182716
0.334281
0.258935
0.662
0.250759
0.662
0.270324
0.269858
0.662
0.253844
0.662
0.0646791
0.202335
0.662
0.662
0.662
0.662
0.230425
0.228569
0.662
0.144558
0.08612
0.0676473
0.403274
0.555378
0.318143
0.662
0.188421
0.662
0.0496004
0.662
0.662
0.662
0.662
0.662
0.338711
0.662
0.419997
0.662
0.279312
0.662
0.496837
0.231555
0.197928
0.662
0.167699
0.522587
0.0496624
0.257562
0.662
0.662
0.266239
0.662
0.662
0.662
0.569727
0.662
0.0226954
0.118121
0.435557
0.212594
0.0373516
0.28203
0.662
0.439064
0.662
0.659087
0.420461
0.217288
0.662
0.383446
0.4392
0.378186
0.336553
0.662
0.468828
0.586181
0.662
0.662
0.47838
0.355746
0.662
0.662
0.662
0.0729758
0.662
0.210061
0.40253
0.303137
0.662
0.116731
0.277805
0.661913
0.662
0.241906
0.494547
0.662
0.224918
0.456335
0.185857
0.395305
0.364969
0.662
0.404046
0.15274
0.248189
0.662
0.553544
0.662
0.443404
0.128828
0.305979
0.20389
0.662
0.491788
0.0595904
0.662
0.185257
0.269102
0.629406
0.662
0.662
0.586511
0.662
0.662
0.662
0.585247
0.271401
0.662
0.119284
0.629887
0.662
0.266276
0.662
0.662
0.308234
0.273129
0.638632
0.10953
0.184232
0.662
0.662
0.662
0.662
0.00537111
0.42219
0.194965
0.662
0.21423
0.435685
0.336078
0.292206
0.430811
0.662
0.662
0.662
0.662
0.662
0.129129
0.662
0.662
0.192028
0.179012
0.226402
0.10591
0.662
0.165819
0.431715
0.662
0.221449
0.415565
0.225448
0.0595904
0.662
0.082922
0.114784
0.662
0.438071
0.226774
0.240396
0.14649
0.662
0.336193
0.662
0.662
0.476461
0.175509
0.184841
0.662
0.186649
0.662
0.662
0.596225
0.346156
0.120072
0.187818
0.662
0.662
0.662
0.662
0.177376
0.662
0.0442007
0.462937
0.662
0.248875
0.662
0.662
0.234825
0.262881
0.662
0.463148
0.398337
0.662
0.0896385
0.424528
0.662
0.0933067
0.212457
0.255849
0.662
0.0840493
0.413704
0.662
0.11184
0.392224
0.662
0.662
0.200374
0.453169
0.0431007
0.274434
0.224384
0.662
0.206767
0.469663
0.662
0.662
0.310276
0.662
0.662
0.662
0.37573
0.0971707
0.225706
0.233264
0.324127
0.229081
0.287907
0.534463
0.662
0.662
0.242998
0.216393
0.0251845
0.189471
0.662
0.662
0.444501
0.593602
0.662
0.645821
0.035216
0.155963
0.449744
0.294949
0.662
0.513753
0.662
0.439859
0.168186
0.662
0.441227
0.208677
0.109549
0.330464
0.662
0.662
0.239051
0.32567
0.00336317
0.662
0.662
0.662
0.00198872
0.0217418
0.10335
0.0573717
0.425456
0.537828
0.145157
0.420298
0.662
0.160588
0.619745
0.192503
0.491777
0.128412
0.662
0.662
0.662
0.0939318
0.210953
0.124318
0.411705
0.662
0.223971
0.131281
0.612127
0.294608
0.0988667
0.303922
0.369431
0.0317678
0.662
0.662
0.662
0.217485
0.336577
0.075967
0.662
0.662
0.662
0.662
0.662
0.662
0.0167623
0.187419
0.662
0.199479
0.662
0.662
0.281412
0.0512164
0.662
0.285773
0.110256
0.412563
0.156279
0.662
0.390523
0.434515
0.662
0.662
0.662
0.333515
0.34211
0.662
0.662
0.00896016
0.356317
0.662
0.341711
0.662
0.293123
0.662
0.662
0.3854
0.292658
0.209776
0.043064
0.662
0.270287
0.662
0.662
0.264505
0.122511
0.575854
0.53987
0.264152
0.24262
0.274626
0.151673
0.662
0.0958474
0.292791
0.415537
0.662
0.17697
0.289088
0.496502
0.662
0.0888448
0.185432
0.117033
0.17609
0.035336
0.662
0.662
0.223586
0.662
0.230851
0.662
0.662
0.0819227
0.439154
0.660933
0.344488
0.203128
0.197452
0.476874
0.662
0.311671
0.662
0.662
0.224979
0.211021
0.205904
0.444412
0.651393
0.662
0.662
0.168251
0.193846
0.385446
0.662
0.575773
0.507943
0.662
0.0783105
0.662
0.416675
0.662
0.41475
0.629133
0.276219
0.662
0.463209
0.662
0.643012
0.181493
0.169356
0.057309
0.662
0.196798
0.662
0.178093
0.198344
0.419624
0.230405
0.662
0.437133
0.440453
0.662
0.662
0.0840001
0.203288
0.499473
0.503585
0.247576
0.165634
0.662
0.201678
0.208232
0.43638
0.191602
0.029657
0.35988
0.662
0.193424
0.662
0.165119
0.32617
0.662
0.0946927
0.452502
0.662
0.239128
0.662
0.275818
0.362559
0.432242
0.307478
0.662
0.662
0.662
0.662
0.205388
0.127044
0.0971257
0.20836
0.662
0.11688
0.0660672
0.541624
0.304801
0.662
0.662
0.302632
0.662
0.436398
0.662
0.662
0.0667853
0.662
0.0564865
0.18768
0.228382
0.525089
0.239745
0.275483
0.390586
0.532528
0.662
0.111918
0.662
0.662
0.61365
0.286415
0.180006
0.380568
0.662
0.304848
0.222444
0.157385
0.662
0.470249
0.627192
0.117649
0.202324
0.290911
0.32898
0.662
0.662
0.457623
0.662
0.261732
0.153881
0.0495948
0.643024
0.662
0.662
0.662
0.227439
0.390933
0.402632
0.545414
0.662
0.662
0.204857
0.355266
0.662
0.560303
0.381478
0.220182
0.662
0.292987
0.662
0.322297
0.527447
0.662
0.662
0.662
0.662
0.317203
0.0579796
0.113824
0.459439
0.367398
0.38792
0.409276
0.268254
0.662
0.618766
0.662
0.0873413
0.337143
0.662
0.399789
0.341375
0.348821
0.662
0.283085
0.0871571
0.526184
0.662
0.448481
0.662
0.662
0.378294
0.662
0.460969
0.385481
0.0185119
0.145338
0.187158
0.0624944
0.413302
0.200603
0.662
0.549053
0.435433
0.568744
0.03358
0.0024309
0.662
0.215133
0.40616
0.445438
0.610212
0.312304
0.662
0.175086
0.662
0.268724
0.662
0.186093
0.662
0.395581
0.277899
0.662
0.314839
0.00408493
0.662
0.158318
0.056153
0.662
0.662
0.150133
0.662
0.268304
0.0258194
0.335137
0.159792
0.472615
0.662
0.662
0.587493
0.662
0.501721
0.662
0.255089
0.143033
0.0265251
0.108415
0.662
0.284074
0.662
0.519991
0.662
0.174351
0.662
0.0753118
0.662
0.662
0.131709
0.349685
0.662
0.662
0.537903
0.529511
0.662
0.524999
0.269541
0.342321
0.472041
0.226561
0.662
0.234484
0.250442
0.216859
0.275278
0.662
0.279145
0.208037
0.662
0.254497
0.355646
0.662
0.211263
0.239151
0.22436
0.0576132
0.205867
0.428776
0.0886856
0.262976
0.662
0.40573
0.348339
0.553305
0.662
0.257132
0.421394
0.187381
0.662
0.171941
0.662
0.0982289
0.444269
0.662
0.662
0.040354
0.662
0.190743
0.461629
0.309387
0.631301
0.662
0.00578299
0.390714
0.662
0.662
0.662
0.21182
0.662
0.178726
0.154384
0.313535
0.256458
0.102176
0.662
0.662
0.0558869
0.49889
0.453606
0.254573
0.347983
0.292932
0.662
0.662
0.389347
0.662
0.338932
0.0871116
0.636391
0.448096
0.662
0.662
0.662
0.662
0.275771
0.246011
0.662
0.00134066
0.427369
0.471165
0.662
0.353232
0.662
0.229792
0.282271
0.662
0.109858
0.662
0.330087
0.662
0.196362
0.120342
0.383546
0.651413
0.662
0.162484
0.023057
0.662
0.662
0.192172
0.662
0.506609
0.085502
0.662
0.290333
0.662
0.662
0.662
0.170181
0.662
0.187409
0.662
0.189372
0.662
0.662
0.662
0.662
0.662
0.192894
0.169893
0.662
0.14997
0.662
0.020472
0.662
0.183413
0.18007
0.476347
0.268526
0.269803
0.304753
0.44586
0.662
0.132157
0.0938424
0.230324
0.208562
0.27489
0.0938434
0.249134
0.662
0.269006
0.003658
0.662
0.662
0.257512
0.0981368
0.138739
0.385828
0.662
0.322769
0.662
0.662
0.197854
0.20971
0.229303
0.662
0.662
0.308607
0.234245
0.662
0.142368
0.34079
0.662
0.662
0.551429
0.492145
0.346785
0.388799
0.662
0.662
0.662
0.252799
0.156949
0.662
0.281028
0.385739
0.52456
0.448147
0.217481
0.541431
0.662
0.662
0.474593
0.662
0.00138535
0.435285
0.662
0.662
0.0938685
0.662
0.662
0.16154
0.662
0.662
0.662
0.662
0.497649
0.662
0.662
0.662
0.293036
0.214036
0.315979
0.662
0.329939
0.456964
0.662
0.201025
0.662
0.238763
0.662
0.0687878
0.662
0.662
0.603818
0.448673
0.276817
0.601509
0.605163
0.662
0.662
0.188316
0.662
0.662
0.274872
0.332024
0.291806
0.278018
0.495131
0.637499
0.662
0.662
0.662
0.324382
0.594141
0.294344
0.299964
0.662
0.291406
0.109967
0.192993
0.238986
0.662
0.244531
0.160122
0.662
0.662
0.662
0.0797853
0.662
0.662
0.662
0.174431
0.11324
0.662
0.286466
0.548638
0.488005
0.150401
0.14355
0.662
0.396468
0.662
0.369966
0.662
0.643207
0.217709
0.470707
0.337798
0.662
0.250913
0.0827602
0.303739
0.662
0.662
0.662
0.662
0.662
0.180277
0.122688
0.104829
0.351699
0.0248656
0.662
0.253947
0.263871
0.662
0.662
0.259488
0.662
0.0122451
0.190639
0.124304
0.353121
0.236652
0.662
0.662
0.662
0.633861
0.662
0.28204
0.508951
0.1997
0.392277
0.662
0.20859
0.662
0.0565854
0.162467
0.662
0.662
0.662
0.662
0.244477
0.662
0.662
0.662
0.324243
0.443904
0.662
0.3129
0.662
0.662
0.469646
0.662
0.662
0.138591
0.439081
0.437779
0.447481
0.248895
0.662
0.214391
0.662
0.662
0.0882851
0.662
0.127678
0.369831
0.662
0.0276816
0.371318
0.29241
0.603228
0.174184
0.662
0.505192
0.00699611
0.0966091
0.662
0.662
0.0528488
0.45897
0.662
0.616888
0.0490026
0.533357
0.662
0.662
0.662
0.662
0.185814
0.662
0.662
0.662
0.640107
0.123282
0.662
0.299139
0.436098
0.113994
0.199636
0.315002
0.415045
0.662
0.372051
0.253906
0.550089
0.645019
0.416602
0.628765
0.662
0.493031
0.662
0.0515554
0.505829
0.424891
0.352805
0.462842
0.513811
0.350279
0.662
0.435804
0.227272
0.378801
0.662
0.587114
0.172596
0.260373
0.662
0.176611
0.662
0.521879
0.119251
0.422293
0.639741
0.126848
0.273823
0.290814
0.662
0.0808202
0.662
0.209705
0.662
0.191039
0.662
0.424947
0.34109
0.313811
0.0915428
0.662
0.635463
0.662
0.315999
0.344909
