0.0398029
0.0333048
0.216841
0.530753
0.606982
0.137734
0.31831
0.662
0.662
0.302995
0.662
0.662
0.503877
0.286601
0.184
0.662
0.0209422
0.073559
0.53462
0.392706
0.661381
0.277162
0.662
0.0375195
0.490951
0.662
0.0423657
0.222145
0.662
0.435737
0.048798
0.379162
0.00999562
0.0910725
0.662
0.519749
0.558327
0.662
0.662
0.662
0.336641
0.0956332
0.421984
0.0398915
0.249888
0.662
0.662
0.47863
0.36089
0.590653
0.662
0.662
0.647552
0.226231
0.662
0.0316918
0.562131
0.177718
0.662
0.662
0.223782
0.181214
0.662
0.211653
0.502612
0.662
0.662
0.483348
0.455707
0.581266
0.662
0.0921612
0.333512
0.662
0.273979
0.208484
0.253963
0.662
0.662
0.375468
0.436518
0.662
0.129672
0.542427
0.662
0.00667666
0.662
0.176477
0.37199
0.662
0.662
0.242751
0.662
0.361757
0.204971
0.523914
0.626471
0.0496094
0.12716
0.571638
0.592436
0.261199
0.662
0.662
0.14657
0.558251
0.468607
0.406533
0.476302
0.593357
0.457526
0.633253
0.662
0.367294
0.662
0.0390788
0.0861748
0.455794
0.345927
0.662
0.662
0.475042
0.662
0.165941
0.315799
0.352056
0.368551
0.624289
0.0178581
0.662
0.662
0.273511
0.391952
0.249499
0.326168
0.662
0.0409023
0.321514
0.226675
0.451311
0.662
0.662
0.245521
0.662
0.0205485
0.662
0.662
0.662
0.410003
0.493557
0.662
0.0737671
0.662
0.662
0.662
0.184769
0.105016
0.662
0.656966
0.662
0.662
0.452844
0.130153
0.662
0.662
0.0541248
0.123986
0.662
0.662
0.662
0.662
0.228254
0.662
0.138783
0.662
0.662
0.479767
0.662
0.465556
0.548984
0.60548
0.662
0.364429
0.662
0.460631
0.662
0.649465
0.110228
0.141445
0.662
0.537524
0.241349
0.662
0.2478
0.662
0.221911
0.0435103
0.381658
0.467777
0.0991371
0.0779696
0.461223
0.378789
0.219001
0.302691
0.662
0.518853
0.378537
0.662
0.173852
0.64976
0.274128
0.368957
0.209184
0.662
0.0154551
0.662
0.662
0.249678
0.662
0.662
0.436949
0.662
0.171355
0.13918
0.662
0.662
0.241071
0.142693
0.662
0.220964
0.662
0.197729
0.662
0.605278
0.25099
0.495772
0.429582
0.662
0.662
0.662
0.215888
0.662
0.662
0.573721
0.662
0.417277
0.406896
0.662
0.662
0.454941
0.235876
0.558768
0.662
0.118774
0.137917
0.193161
0.552643
0.448409
0.662
0.339738
0.662
0.587026
0.501961
0.662
0.208617
0.450552
0.631802
0.662
0.330477
0.436831
0.246486
0.426033
0.624599
0.148276
0.662
0.662
0.61308
0.662
0.662
0.662
0.56239
0.348868
0.662
0.662
0.662
0.15829
0.662
0.0396264
0.209612
0.297401
0.00842663
0.00428356
0.4105
0.662
0.313255
0.501466
0.408978
0.662
0.662
0.318934
0.631481
0.662
0.227999
0.42188
0.662
0.445967
0.390045
0.662
0.662
0.662
0.662
0.168555
0.0923152
0.662
0.0261956
0.662
0.662
0.638951
0.00414928
0.662
0.167951
0.662
0.0126602
0.662
0.24106
0.429403
0.0698147
0.662
0.662
0.203963
0.006411
0.487339
0.662
0.662
0.662
0.199776
0.213294
0.348433
0.564398
0.269516
0.662
0.0816925
0.662
0.0574972
0.383752
0.662
0.129781
0.0225089
0.629455
0.436827
0.124802
0.602719
0.662
0.662
0.0882059
0.229372
0.0355996
0.208355
0.0653143
0.0633118
0.156235
0.467761
0.164818
0.662
0.607404
0.0667118
0.467266
0.495686
0.121279
0.662
0.662
0.347484
0.0438845
0.662
0.304525
0.662
0.375319
0.662
0.662
0.225451
0.662
0.662
0.662
0.203464
0.250491
0.662
0.38773
0.211026
0.151808
0.662
0.316795
0.0252268
0.224459
0.169427
0.662
0.199162
0.308465
0.662
0.555628
0.662
0.662
0.311644
0.0735548
0.591521
0.662
0.662
0.0319444
0.662
0.662
0.363375
0.662
0.477803
0.0276791
0.112994
0.2398
0.662
0.662
0.052441
0.00416383
0.372107
0.402605
0.539163
0.131872
0.470706
0.662
0.662
0.662
0.432074
0.570253
0.662
0.662
0.662
0.662
0.662
0.662
0.144238
0.32353
0.0901399
0.398484
0.347477
0.188229
0.0564971
0.190197
0.467631
0.662
0.512796
0.109685
0.662
0.662
0.662
0.63339
0.454932
0.662
0.662
0.148967
0.662
0.409302
0.362245
0.0787115
0.662
0.662
0.662
0.116068
0.662
0.276048
0.662
0.224086
0.206995
0.662
0.627376
0.235137
0.294117
0.662
0.662
0.662
0.263815
0.516588
0.22154
0.615209
0.100291
0.235009
0.662
0.194689
0.383798
0.662
0.362896
0.384715
0.168959
0.0909195
0.363203
0.183704
0.662
0.662
0.191888
0.662
0.662
0.662
0.662
0.62947
0.662
0.210808
0.448702
0.154782
0.133236
0.308514
0.140966
0.30795
0.662
0.459154
0.662
0.238909
0.152155
0.154275
0.146711
0.069713
0.0681819
0.482247
0.662
0.662
0.143417
0.662
0.49868
0.662
0.0765824
0.661877
0.484602
0.203405
0.439405
0.611424
0.529252
0.662
0.662
0.107014
0.0784869
0.662
0.662
0.0757373
0.662
0.662
0.395935
0.327857
0.662
0.191313
0.0468388
0.662
0.226022
0.434507
0.00340775
0.492963
0.662
0.305079
0.206535
0.134635
0.349152
0.662
0.662
0.0309798
0.462487
0.0908085
0.080835
0.276014
0.608447
0.614866
0.0817763
0.175717
0.234145
0.515217
0.662
0.147387
0.662
0.0620111
0.0858955
0.662
0.662
0.662
0.662
0.662
0.427997
0.425791
0.193113
0.308041
0.581004
0.450203
0.204329
0.662
0.339913
0.662
0.0805969
0.525505
0.152741
0.268769
0.440419
0.00867178
0.662
0.30905
0.19613
0.662
0.662
0.662
0.662
0.662
0.662
0.192939
0.20325
0.662
0.409065
0.662
0.484742
0.229715
0.662
0.13933
0.662
0.526664
0.662
0.260844
0.196503
0.662
0.662
0.384
0.662
0.221174
0.372616
0.662
0.104989
0.123903
0.597388
0.0296413
0.662
0.123464
0.340298
0.662
0.662
0.486781
0.224839
0.293094
0.662
0.570419
0.356162
