0.524146
0.269263
0.662
0.360061
0.372892
0.644801
0.662
0.279133
0.109238
0.662
0.315483
0.662
0.662
0.662
0.608787
0.60653
0.469057
0.609825
0.252621
0.662
0.185023
0.662
0.600707
0.249236
0.609443
0.0396389
0.662
0.662
0.662
0.662
0.662
0.662
0.662
0.662
0.662
0.469661
0.662
0.191055
0.354546
0.662
0.192958
0.640996
0.279411
0.22272
0.662
0.348406
0.116529
0.643334
0.662
0.360103
0.520406
0.152184
0.662
0.552451
0.662
0.366842
0.440639
0.210084
0.0119818
0.662
0.266375
0.662
0.35829
0.431119
0.662
0.194509
0.662
0.318172
0.662
0.266322
0.662
0.662
0.585486
0.388865
0.422805
0.301137
0.356711
0.245599
0.0939863
0.535934
0.131799
0.36347
0.103504
0.661374
0.0508605
0.231621
0.580616
0.283388
0.560983
0.662
0.467385
0.558601
0.581089
0.243576
0.551859
0.662
0.00243858
0.157061
0.461837
0.0315034
0.380385
0.302037
0.0360981
0.644135
0.662
0.115231
0.662
0.662
0.208956
0.250972
0.0372364
0.0880779
0.374029
0.558049
0.662
0.662
0.0986885
0.303828
0.410523
0.295031
0.662
0.662
0.35185
0.662
0.394892
0.169843
0.662
0.266343
0.622736
0.0455903
0.203918
0.662
0.0873204
0.490173
0.662
0.662
0.345634
0.237846
0.662
0.662
0.445602
0.662
0.233886
0.241114
0.662
0.346894
0.281594
0.662
0.556507
0.199695
0.584448
0.348549
0.662
0.656014
0.662
0.47251
0.177305
0.662
0.361226
0.277781
0.430302
0.121515
0.662
0.277823
0.190939
0.389036
0.408232
0.0742311
0.0912001
0.280716
0.29808
0.288852
0.561228
0.662
0.0815309
0.662
0.1527
0.076376
0.0820396
0.662
0.614647
0.0381686
0.138864
0.662
0.438327
0.662
0.662
0.308353
0.662
0.222178
0.0324595
0.00604369
0.662
0.330894
0.117031
0.662
0.42377
0.521879
0.612813
0.398822
0.406666
0.662
0.261689
0.437687
0.483206
0.662
0.107954
0.335741
0.106778
0.662
0.423818
0.216669
0.662
0.0284802
0.662
0.662
0.281155
0.662
0.624007
0.195689
0.172024
0.662
0.662
0.259965
0.196941
0.662
0.662
