0.406896
0.590653
0.176152
0.424181
0.662
0.208373
0.47715
0.662
0.662
0.662
0.167951
0.172499
0.662
0.662
0.211653
0.361757
0.662
0.343713
0.64976
0.662
0.376117
0.15829
0.662
0.318519
0.321514
0.302129
0.0861748
0.662
0.44275
0.662
0.324793
0.248173
0.209612
0.235876
0.222145
0.662
0.30905
0.155496
0.662
0.0178948
0.0921612
0.662
0.662
0.0956332
0.064765
0.662
0.535456
0.276014
0.229715
0.518853
0.662
0.199544
0.662
0.465556
0.662
0.662
0.662
0.492737
0.662
0.104989
0.200957
0.473306
0.662
0.0355996
0.662
0.662
0.312725
0.00842663
0.294117
0.662
0.662
0.662
0.662
0.13226
0.662
0.598377
0.250831
0.10102
0.410658
0.138096
0.662
0.662
0.649465
0.484602
0.662
0.0685745
0.167718
0.648621
0.193457
0.662
0.662
0.273979
0.662
0.662
0.662
0.662
0.662
0.662
0.204971
0.08473
0.662
0.662
0.157499
0.274401
0.381658
0.130153
0.662
0.503877
0.572668
0.662
0.529252
0.662
0.10271
0.3026
0.662
0.0396465
0.662
0.203405
0.662
0.662
0.409302
0.269516
0.302691
0.662
0.268651
0.501466
0.662
0.0765824
0.662
0.188682
0.100396
0.662
0.477803
0.662
0.662
0.662
0.44753
0.368551
0.4703
0.662
0.474087
0.0894982
0.226231
0.662
0.208355
0.662
0.0698147
0.662
0.662
0.42188
0.312468
0.165941
0.662
0.467631
0.348433
0.459739
0.373527
0.0899289
0.221174
0.221911
0.185239
0.187146
0.270146
0.143111
0.22154
0.662
0.662
0.287384
0.181347
0.662
0.362245
0.180459
0.347484
0.638951
0.662
0.281546
0.118561
0.627376
0.662
0.434507
0.36089
0.495772
0.48059
0.179935
0.662
0.662
0.427997
0.188062
0.347578
0.4485
0.326274
0.662
0.501961
0.662
0.16802
0.509229
0.662
0.375319
0.403639
0.662
0.662
0.080835
0.283028
0.0882059
0.281982
0.662
0.291885
0.662
0.662
0.290748
0.0398029
0.662
0.662
0.606982
0.490951
0.26293
0.558327
0.662
0.662
0.367936
0.430323
0.662
0.651647
0.662
0.336242
0.662
0.176157
0.611424
0.327857
0.358587
0.662
0.662
0.662
0.379401
0.662
0.662
0.116323
0.49868
0.662
0.0909195
0.362896
0.662
0.0937782
0.209863
0.408978
0.64114
0.662
0.662
0.567385
0.549329
0.662
0.401416
0.61144
0.333561
0.662
0.525331
0.662
0.662
0.662
0.31831
0.480187
0.0440216
0.662
0.470706
0.528685
0.662
0.662
0.662
0.204329
0.662
0.292453
0.403141
0.4105
0.662
0.662
0.315799
0.213294
0.662
0.581004
0.274617
0.276048
0.384
0.662
0.470215
0.423502
0.662
0.662
0.662
0.662
0.305079
0.137917
0.231017
0.445126
0.459772
0.602719
0.662
0.662
0.239268
0.483473
0.217858
0.662
0.383248
0.662
0.561784
0.662
0.662
0.662
0.234792
0.662
0.224459
0.662
0.426263
0.662
0.219001
0.662
0.662
0.493557
0.60548
0.123986
0.460631
0.581771
0.41501
0.662
0.662
0.209253
0.662
0.175673
0.662
0.232131
0.20325
0.662
0.164818
0.662
0.0333048
0.593357
0.141203
0.662
0.401968
0.151808
0.662
0.614866
0.662
0.198087
0.129781
0.24306
0.0252268
0.0349553
0.268769
0.662
0.272405
0.293094
0.242511
0.658364
0.403041
0.592436
0.662
0.116068
0.273511
0.491783
0.662
0.662
0.516588
0.209184
0.662
0.662
0.0763832
0.316795
0.662
0.662
0.0205485
0.484742
0.662
0.308041
0.146968
0.662
0.417359
0.246486
0.662
0.40974
0.142653
0.259201
0.117835
0.662
0.274128
0.662
0.662
0.558768
0.0443029
0.429582
0.330427
0.662
0.253963
0.662
0.0894955
0.662
0.656966
0.454465
0.0118282
0.662
0.587026
0.0311561
0.0738152
0.662
0.440182
0.107188
0.662
0.311644
0.194689
0.662
0.53407
0.662
0.391952
0.662
0.662
0.476302
0.662
0.662
0.0256109
0.304729
0.581266
0.163681
0.18447
0.662
0.11818
0.0496094
0.226458
0.159696
0.662
0.107995
0.0423657
0.124802
0.519749
0.662
0.662
0.569905
0.0643532
0.339738
0.19613
0.526664
0.138995
0.662
0.37875
0.662
0.349152
0.662
0.662
0.474421
0.448409
0.0578993
0.143417
0.345927
0.336641
0.109685
0.662
0.662
0.636646
0.570253
0.662
0.662
0.207532
0.189487
0.303115
0.0764669
0.662
0.323736
0.662
0.308514
0.603478
0.564398
0.662
0.157271
0.662
0.506094
0.313255
0.296545
0.468607
0.0375195
0.285624
0.0541248
0.450203
0.662
0.411438
0.201761
0.249678
0.436831
0.662
0.662
0.662
0.607404
0.662
0.495686
0.662
0.358166
0.0316918
0.662
0.0669268
0.177986
0.662
0.662
0.662
0.662
0.633253
0.662
0.555859
0.553208
0.141955
0.662
0.37199
0.350803
0.662
0.662
0.368957
0.34555
0.662
0.525754
0.662
0.188858
0.662
0.631481
0.2398
0.17231
0.168959
0.662
0.271744
0.61308
0.662
0.537524
0.195872
0.383349
0.0566085
0.47863
0.662
0.00667666
0.203464
0.662
0.662
0.105016
0.104974
0.662
0.0309798
0.662
0.502612
0.0257595
0.409565
0.662
0.0126602
0.211026
0.26375
0.179695
0.285549
0.259184
0.230495
0.296307
0.662
0.167882
0.530339
0.2077
0.134635
0.223782
0.662
0.662
0.245785
0.662
0.662
0.551159
0.662
0.00340775
0.475042
0.662
0.171261
0.289384
0.662
0.662
0.373059
0.436827
0.53683
0.462628
0.662
0.128678
0.583847
0.287549
