0.394892
0.662
0.210084
0.13293
0.552451
0.208956
0.662
0.662
0.281594
0.662
0.662
0.109238
0.361226
0.380385
0.662
0.437687
0.0360981
0.356711
0.662
0.0315034
0.360061
0.558601
0.302037
0.622736
0.172024
0.662
0.249236
0.469175
0.662
0.0939863
0.0324595
0.662
0.606399
0.42377
0.612813
0.335741
0.662
0.662
0.523785
0.483206
0.662
0.303828
0.192958
0.320875
0.266343
0.0742311
0.662
0.35185
0.662
0.266375
0.233886
0.584448
0.259965
0.662
0.280716
0.237846
0.520406
0.662
0.662
0.662
0.662
0.662
0.115231
0.662
0.662
0.388865
0.242994
0.366842
0.107954
0.662
0.222178
0.346894
0.387125
0.279133
0.662
0.644135
0.662
0.551859
0.194509
0.169843
0.461837
0.406666
0.422805
0.283388
0.490173
0.157061
0.354546
0.662
0.521879
0.190939
0.301137
0.662
0.469057
0.185023
0.662
0.616911
0.152184
0.118941
0.0986885
0.580616
0.216669
0.662
0.116529
0.662
0.662
0.662
0.662
0.0880779
0.600707
0.415705
0.662
0.345634
0.662
0.656014
0.295031
0.662
0.445602
0.662
0.609443
0.644801
0.1527
0.076376
0.281155
0.203918
0.0873204
0.191055
0.0912001
0.0396389
0.662
0.662
0.662
0.0381686
0.196941
0.408232
0.662
0.00243858
0.662
0.35829
0.117031
0.585486
0.640996
0.662
0.288852
0.277781
0.561228
0.662
0.0455903
0.662
0.250972
0.47251
0.535934
0.624007
0.662
0.0284802
0.662
0.348549
0.389036
0.662
0.662
0.662
0.662
0.00604369
0.662
0.360103
0.662
0.662
0.524146
0.372892
0.662
0.29808
0.315483
0.662
0.22272
0.194597
0.662
0.662
0.662
0.241114
0.0508605
0.348406
0.662
0.662
0.662
0.131799
0.662
0.410523
0.60653
0.269263
0.0733472
0.662
0.374029
0.430302
0.423818
0.608787
0.556507
0.103504
0.643334
0.252621
0.231621
0.662
0.560983
0.661374
0.245599
0.469661
0.558049
0.199695
0.614647
0.662
0.0119818
0.662
0.662
0.662
0.277823
0.662
0.662
0.348189
0.308353
0.662
0.121515
0.0815309
0.398822
0.662
0.605453
0.243576
0.177305
