0.662
0.253676
0.662
0.206535
0.258944
0.237053
0.198177
0.662
0.0681497
0.212835
0.509259
0.662
0.183187
0.186367
0.662
0.593818
0.0658218
0.329516
0.191095
0.228298
0.662
0.029674
0.376003
0.230908
0.400854
0.0246618
0.250827
0.00360765
0.31622
0.554837
0.64934
0.662
0.169429
0.662
0.0945934
0.321807
0.229794
0.6264
0.217121
0.332718
0.662
0.0832836
0.167108
0.662
0.280846
0.662
0.219327
0.0189083
0.0842073
0.662
0.141148
0.147704
0.218692
0.202167
0.104442
0.655323
0.252894
0.662
0.578982
0.662
0.662
0.507031
0.192679
0.662
0.485523
0.222449
0.48083
0.370013
0.662
0.662
0.283922
0.662
0.1713
0.662
0.465253
0.0645079
0.395724
0.139665
0.295582
0.662
0.662
0.188229
0.662
0.126837
0.0484924
0.238486
0.215549
0.276528
0.481222
0.662
0.165102
0.130267
0.662
0.342444
0.65867
0.566483
0.597846
0.662
0.137459
0.662
0.662
0.662
0.453257
0.662
0.281607
0.000933679
0.638043
0.19857
0.279661
0.311021
0.189572
0.157775
0.354003
0.662
0.474428
0.179549
0.183947
0.662
0.467926
0.662
0.38825
0.279763
0.582625
0.662
0.662
0.662
0.65735
0.367254
0.202726
0.662
0.662
0.366612
0.455537
0.662
0.215721
0.662
0.278042
0.662
0.662
0.662
0.134539
0.662
0.662
0.113263
0.662
0.662
0.411352
0.198474
0.662
0.258028
0.662
0.237189
0.199593
0.229311
0.449444
0.662
0.462538
0.0695891
0.662
0.608893
0.428209
0.662
0.662
0.141445
0.662
0.65157
0.662
0.203936
0.0155991
0.662
0.457389
0.662
0.662
0.246485
0.662
0.625071
0.118931
0.189673
0.662
0.647552
0.662
0.181096
0.662
0.163392
0.662
0.342431
0.265715
0.662
0.662
0.662
0.633423
0.157228
0.0958563
0.0430818
0.662
0.284302
0.20707
0.661877
0.662
0.662
0.456769
0.662
0.208912
0.441828
0.274738
0.237497
0.0666711
0.662
0.0370197
0.63508
0.662
0.662
