0.404661
0.662
0.662
0.662
0.544088
0.309462
0.0827948
0.2179
0.0992191
0.417271
0.662
0.662
0.20742
0.0160978
0.662
0.209802
0.0157965
0.662
0.662
0.662
0.0144082
0.662
0.162213
0.034561
0.350551
0.0344011
0.131076
0.662
0.240949
0.313788
0.662
0.662
0.230287
0.122218
0.182686
0.662
0.0415753
0.473688
0.461531
0.662
0.662
0.444362
0.227601
0.662
0.662
0.662
0.662
0.530701
0.254564
0.662
0.662
0.174551
0.00839016
0.311377
0.315801
0.662
0.259102
0.358811
0.662
0.135868
0.662
0.45932
0.138214
0.10246
0.662
0.0700071
0.0742741
0.388635
0.662
0.662
0.247055
0.141236
0.662
0.247874
0.459994
0.468732
0.465673
0.662
0.573514
0.662
0.0447955
0.114774
0.662
0.302304
0.662
0.14576
0.253849
0.357304
0.662
0.438708
0.023152
0.662
0.24989
0.00304556
0.0871048
0.475904
0.30149
0.313827
0.493552
0.662
0.662
0.04575
0.41621
0.662
0.662
0.662
0.662
0.571959
0.386898
0.197006
0.417286
0.266255
0.660375
0.662
0.528622
0.407735
0.662
0.662
0.355606
0.390486
0.0688908
0.209531
0.203107
0.603804
0.259244
0.208863
0.662
0.469762
0.227224
0.294769
0.33028
0.0921613
0.186374
0.224895
0.662
0.662
0.662
0.35803
0.23371
0.662
0.604533
0.208278
0.662
0.662
0.189311
0.188015
0.662
0.0404811
0.182293
0.662
0.662
0.111758
0.662
0.304319
0.12369
0.662
0.000726306
0.122072
0.21669
0.159103
0.126242
0.249104
0.140148
0.662
0.33553
0.662
0.123152
0.662
0.201849
0.662
0.217014
0.41364
0.4743
0.662
0.662
0.0696086
0.0271887
0.112873
0.107931
0.662
0.662
0.32722
0.111496
0.159599
0.0404631
0.662
0.420417
0.0703506
0.20424
0.662
0.196111
0.198966
0.193138
0.205234
0.544623
0.220434
0.379537
0.283638
0.209797
0.397367
0.662
0.662
0.662
0.662
0.226548
0.373036
0.662
0.296812
0.662
0.462812
0.201708
0.279565
0.662
0.208547
0.413415
0.662
0.249296
0.413776
0.521036
0.662
0.465303
0.662
0.159359
0.662
0.197713
0.044472
0.394354
0.600797
0.252763
0.0853796
0.343407
0.10762
0.308603
0.368939
0.138975
0.662
0.437912
0.400835
0.662
0.662
0.249285
0.296162
0.662
0.662
0.0462394
0.204318
0.485558
0.0271427
0.662
0.563865
0.662
0.662
0.662
0.195464
0.384288
0.544241
0.580465
0.597052
0.255626
0.662
0.201611
0.396922
0.203664
0.524516
0.201217
0.662
0.4954
0.0619805
0.341284
0.662
0.583966
0.644979
0.662
0.662
0.0797694
0.111697
0.265191
0.662
0.409541
0.240605
0.250729
0.662
0.00242889
0.662
0.0137662
0.230821
0.185084
0.662
0.228341
0.662
0.662
0.662
0.662
0.39665
0.327011
0.041395
0.662
0.662
0.179285
0.662
0.369687
0.236308
0.662
0.662
0.460296
0.662
0.0918086
0.327976
0.0547816
0.662
0.186787
0.662
0.662
0.662
0.474621
0.02713
0.353498
0.508966
0.662
0.346411
0.38404
0.662
0.662
0.487037
0.662
0.662
0.662
0.190423
0.144226
0.215935
0.141199
0.337333
0.662
0.146834
0.307075
0.628462
0.354271
0.151408
0.652827
0.662
0.262084
0.0197223
0.662
0.472128
0.194143
0.662
0.187628
0.662
0.430688
0.468044
0.662
0.662
0.158361
0.0187115
0.0161198
0.662
0.174507
0.422399
0.568071
0.11838
0.662
0.160005
0.662
0.189179
0.662
0.398342
0.41455
0.378176
0.662
0.156598
0.603548
0.662
0.0765539
0.190817
0.242268
0.662
0.662
0.662
0.662
0.135323
0.0241648
0.338122
0.662
0.326965
0.00148252
0.662
0.662
0.104282
0.289647
0.662
0.261634
0.279331
0.662
0.662
0.662
0.662
0.662
0.087501
0.286312
0.276612
0.12859
0.214288
0.662
0.662
0.310522
0.662
0.662
0.662
0.662
0.133504
0.662
0.0472088
0.662
0.654138
0.320897
0.413487
0.662
0.371949
0.662
0.450502
0.19035
0.207149
0.30382
0.15597
0.410404
0.311664
0.0276395
0.416025
0.244226
0.3744
0.448975
0.566725
0.654847
0.662
0.0681036
0.662
0.662
0.246575
0.0475346
0.0236629
0.222903
0.662
0.176853
0.452639
0.662
0.662
0.520476
0.439604
0.34769
0.371573
0.476286
0.0144375
0.662
0.188316
0.203853
0.332709
0.0562969
0.572505
0.221289
0.193547
0.662
0.432256
0.211146
0.662
0.662
0.662
0.364493
0.661413
0.169347
0.364671
0.662
0.0139536
0.247333
0.359559
0.043887
0.662
0.662
0.0636916
0.0697666
0.324313
0.288399
0.662
0.662
0.662
0.190652
0.324045
0.171704
0.662
0.662
0.662
0.534884
0.662
0.283278
0.111278
0.142311
0.484971
0.421332
0.662
0.662
0.142014
0.383766
0.439625
0.0767305
0.46268
0.662
0.302649
0.662
0.203878
0.407116
0.662
0.0551379
0.379995
0.553176
0.407495
0.662
0.662
0.662
0.362003
0.368226
0.646186
0.0629563
0.162489
0.662
0.606825
0.38371
0.662
0.662
0.218995
0.144094
0.277459
0.137095
0.662
0.420384
0.320908
0.662
0.662
0.662
0.305791
0.382473
0.401765
0.356704
0.602211
0.361771
0.662
0.662
0.662
0.426011
0.0424484
0.662
0.495823
0.662
0.282828
0.20966
0.565098
0.662
0.662
0.305066
0.133047
0.662
0.662
0.110074
0.392604
0.662
0.274404
0.256706
0.662
0.252917
0.662
0.35138
0.501236
0.404717
0.422785
0.662
0.107755
0.417901
0.662
0.0153408
0.0931882
0.662
0.254769
0.662
0.283364
0.662
0.227145
0.662
0.662
0.11549
0.186222
0.662
0.662
0.529582
0.662
0.662
0.662
0.446579
0.662
0.662
0.317159
0.662
0.662
0.00494472
0.241099
0.216648
0.662
0.585369
0.000750125
0.662
0.209841
0.662
0.154223
0.168928
0.262312
0.415828
0.324482
0.370102
0.209654
0.662
0.662
0.662
0.662
0.396656
0.416118
0.648707
0.271384
0.117957
0.662
0.334721
0.302281
0.662
0.662
0.17269
0.184209
0.102847
0.662
0.146038
0.479169
0.0650854
0.0128662
0.122683
0.662
0.449809
0.205642
0.488327
0.0631683
0.112141
0.431105
0.662
0.206866
0.0993105
0.229568
0.662
0.662
0.532656
0.662
0.662
0.208452
0.662
0.662
0.474398
0.0662004
0.662
0.662
0.416854
0.384357
0.662
0.662
0.662
0.344758
0.513957
0.497854
0.662
0.662
0.163648
0.0487266
0.0670003
0.662
0.662
0.662
0.271071
0.389205
0.662
0.662
0.147294
0.335293
0.224821
0.4556
0.662
0.662
0.346682
0.662
0.214182
0.662
0.662
0.662
0.662
0.105052
0.169113
0.662
0.662
0.144658
0.662
0.168669
0.640209
0.288263
0.662
0.662
0.331931
0.443422
0.0264177
0.147386
0.662
0.278907
0.662
0.662
0.00218672
0.662
0.662
0.662
0.662
0.304524
0.662
0.452519
0.194975
0.662
0.0282658
0.662
0.614105
0.237105
0.151777
0.339331
0.370395
0.437763
0.662
0.264197
0.28789
0.662
0.662
0.26441
0.662
0.662
0.120242
0.0450175
0.370072
0.360876
0.0942743
0.662
0.534747
0.662
0.168383
0.0105478
0.366235
0.0390475
0.662
0.124625
0.533524
0.443724
0.662
0.43744
0.141191
0.173696
0.285159
0.662
0.225247
0.161856
0.265584
0.194602
0.338593
0.359574
0.142593
0.49991
0.463726
0.256823
0.155177
0.273465
0.662
0.511492
0.263906
0.154889
0.60974
0.662
0.324681
0.0769367
0.498393
0.373382
0.662
0.344058
0.662
0.0782168
0.322668
0.662
0.383105
0.0234938
0.232703
0.662
0.37143
0.662
0.0677906
0.662
0.662
0.662
0.394067
0.629763
0.662
0.456162
0.185361
0.662
0.070077
0.662
0.479583
0.101193
0.662
0.662
0.662
0.492048
0.662
0.662
0.581434
0.662
0.192361
0.309664
0.383663
0.426771
0.662
0.543413
0.326152
0.662
0.353509
0.296118
0.662
0.201725
0.0811079
0.367335
0.662
0.0767808
0.267497
0.295531
0.38178
0.662
0.0238985
0.0657672
0.122339
0.662
0.662
0.0106682
0.662
0.00214698
0.662
0.662
0.662
0.169819
0.210697
0.00748289
0.307158
0.195383
0.662
0.662
0.662
0.316803
0.662
0.662
0.608337
0.662
0.662
0.662
0.662
0.662
0.289811
0.442424
0.159831
0.355762
0.108351
0.554018
0.662
0.662
0.257357
0.662
0.662
0.662
0.115147
0.662
0.205887
0.662
0.662
0.662
0.662
0.662
0.662
0.662
0.662
0.399145
0.163766
0.662
0.34571
0.348483
0.00970132
0.575786
0.248655
0.0791778
0.662
0.384449
0.5729
0.662
0.662
0.404967
0.375054
0.371493
0.662
0.662
0.326561
0.662
0.662
0.29021
0.125845
0.3789
0.471568
0.662
0.28268
0.104883
0.245624
0.270869
0.337171
0.433365
0.662
0.0901771
0.0565635
0.148499
0.239101
0.662
0.662
0.662
0.662
0.0597189
0.662
0.662
0.242558
0.662
0.124721
0.662
0.452321
0.662
0.442817
0.662
0.330888
0.380554
0.662
0.662
0.0763802
0.522727
0.172496
0.662
0.662
0.662
0.164407
0.662
0.369838
0.236976
0.25051
0.451777
0.120794
0.418522
0.0888369
0.209854
0.662
0.241599
0.662
0.225849
0.662
0.472852
0.0389666
0.261049
0.194361
0.307763
0.13995
0.21159
0.662
0.218017
0.408346
0.2728
0.44918
0.662
0.662
0.662
0.662
0.409644
0.442309
0.662
0.662
0.398215
0.266538
0.662
0.0234997
0.135849
0.662
0.315307
0.22502
0.38992
0.0251491
0.662
0.662
0.251168
0.453825
0.662
0.215838
0.114954
0.630767
0.341804
0.212317
0.0515109
0.242641
0.662
0.367129
0.662
0.0251531
0.259581
0.103342
0.127699
0.224288
0.3242
0.662
0.355071
0.00251747
0.45293
0.451895
0.307547
0.662
0.0264957
0.367438
0.662
0.662
0.662
0.46432
0.662
0.662
0.0457862
0.662
0.0464618
0.358764
0.0473823
0.236821
0.454778
0.662
0.662
0.662
0.662
0.662
0.463055
0.662
0.20026
0.187531
0.228604
0.467914
0.662
0.133318
0.0629248
0.223227
0.275669
0.205154
0.662
0.550871
0.287721
0.183673
0.662
0.361869
0.662
0.662
0.00224264
0.662
0.662
0.662
0.378146
0.144036
0.446051
0.662
0.37685
0.662
0.275049
0.662
0.454997
0.24924
0.662
0.662
0.289219
0.662
0.390782
0.175749
0.044577
0.368215
0.662
0.207206
0.662
0.662
0.0276778
0.402962
0.0634524
0.214311
0.662
0.662
0.662
0.426775
0.527143
0.346941
0.656837
0.662
0.662
0.662
0.4778
0.232529
0.39572
0.289568
0.662
0.142383
0.662
0.471117
0.525129
0.335329
0.390823
0.662
0.0791692
0.336784
0.068726
0.662
0.184478
0.199712
0.662
0.238105
0.662
0.0356897
0.662
0.662
0.221852
0.586447
0.0287611
0.153239
0.309817
0.662
0.190353
0.627231
0.303618
0.43443
0.662
0.370816
0.211088
0.662
0.388948
0.40111
0.662
0.195617
0.224731
0.662
0.452778
0.0824946
0.297493
0.662
0.662
0.0561673
0.662
0.246559
0.121992
0.662
0.407083
0.373899
0.36397
0.565043
0.662
0.000987174
0.307768
0.113976
0.15173
0.662
0.662
0.245993
0.0505128
0.363496
0.338557
0.198065
0.260485
0.383601
0.359196
0.0544775
0.270163
0.263185
0.210591
0.195263
0.662
0.347565
0.662
0.662
0.238206
0.296602
0.662
0.550166
0.281055
0.662
0.481487
0.662
0.161091
0.36106
0.662
0.662
0.0457873
0.330411
0.298099
0.662
0.606018
0.662
0.662
0.662
0.260295
0.232909
0.30251
0.212392
0.662
0.662
0.662
0.662
0.242884
0.662
0.662
0.407692
0.14517
0.0330536
0.662
0.186741
0.214223
0.662
0.190513
0.662
0.535088
0.212355
0.308554
0.662
0.662
0.423863
0.662
0.440877
0.335804
0.662
0.5012
0.662
0.192928
0.10504
0.465186
0.334906
0.154958
0.662
0.180717
0.662
0.462863
0.662
0.425287
0.337758
0.109712
0.470974
0.301782
0.662
0.477276
0.662
0.662
0.662
0.662
0.397264
0.44874
0.183514
0.662
0.219913
0.18645
0.424862
0.662
0.200682
0.662
0.191107
0.103698
0.662
0.184588
0.662
0.378289
0.180152
0.662
0.377336
0.662
0.241641
0.525859
0.662
0.0180278
0.312283
0.171151
0.662
0.662
0.662
0.121125
0.100026
0.339765
0.415167
0.21318
0.662
0.460783
0.662
0.662
0.335285
0.662
0.54922
0.662
0.0795858
0.395411
0.0938456
0.061806
0.662
0.176522
0.662
0.662
0.204861
0.662
0.249041
0.662
0.662
0.372578
0.15411
0.662
0.382294
0.32979
0.147654
0.400452
0.520404
0.399197
0.179736
0.662
0.0253652
0.0857672
0.662
0.662
0.662
0.364776
0.121249
0.662
0.453084
0.649115
0.662
0.419339
0.0454761
0.130156
0.429748
0.302352
0.272334
0.662
0.662
0.479247
0.662
0.630377
0.264859
0.189682
0.364864
0.450892
0.662
0.617669
0.18978
0.455378
0.662
0.215919
0.662
0.420854
0.123378
0.160167
0.337647
0.662
0.662
0.662
0.271316
0.662
0.00198176
0.125459
0.127553
0.162469
0.409004
0.419329
0.662
0.662
0.662
0.246597
0.136045
0.140046
0.162375
0.662
0.174184
0.662
0.327007
0.640016
0.662
0.662
0.662
0.460363
0.62604
0.472223
0.000815722
0.0175523
0.662
0.390632
0.449491
0.662
0.662
0.379917
0.188975
0.131379
0.139674
0.449958
0.576819
0.61016
0.206708
0.662
0.180053
0.451065
0.00340983
0.662
0.662
0.662
0.248047
0.249185
0.662
0.662
0.662
0.288602
0.0100928
0.662
0.333047
0.662
0.217107
0.000968126
0.662
0.0166174
0.22822
0.30726
0.662
0.662
0.342361
0.0672781
0.426921
0.433283
0.532542
0.524212
0.26428
0.139309
0.114702
0.662
0.662
0.38956
0.0896262
0.339588
0.662
0.662
0.313653
0.261441
0.662
0.662
0.662
0.576247
0.662
0.183444
0.662
0.548988
0.649465
0.644709
0.476387
0.662
0.299501
0.662
0.137089
0.037191
0.161675
0.662
0.662
0.595517
0.218983
0.481804
0.464362
0.317884
0.268123
0.662
0.662
0.662
0.432981
0.218714
0.485694
0.662
0.662
0.662
0.267358
0.0218551
0.311583
0.662
0.0535596
0.045331
0.662
0.117871
0.560946
0.662
0.662
0.492115
0.527288
0.458369
0.402616
0.241433
0.401724
0.263708
0.662
0.662
0.662
0.662
0.189786
0.276122
0.457148
0.662
0.496508
0.662
0.338482
0.0828973
0.0135891
0.465808
0.662
0.527754
0.125594
0.10442
0.602514
0.662
0.662
0.662
0.0529427
0.662
0.22319
0.662
0.242301
0.662
0.662
0.548488
0.662
0.282986
0.365996
0.313043
0.0641419
0.662
0.261128
0.593185
0.662
0.662
0.22136
0.662
0.154169
0.662
0.212811
0.662
0.174589
0.662
0.0506981
0.662
0.264365
0.662
0.275158
0.662
0.662
0.346897
0.662
0.34999
0.662
0.662
0.407882
0.0976564
0.119593
0.444436
0.45322
0.662
0.662
0.454406
0.662
0.662
0.150457
0.300026
0.662
0.274292
0.346418
0.235092
0.191807
0.492934
0.662
0.218359
0.662
0.227498
0.0514711
0.267689
0.0454861
0.0851154
0.548211
0.299103
0.316265
0.275973
0.0278769
0.340428
0.339931
0.318251
0.328221
0.275679
0.261562
0.329831
0.556994
0.469955
0.352868
0.662
0.488579
0.169121
0.109978
0.139779
0.139794
0.330175
0.260501
0.225968
0.0804697
0.0557824
0.178233
0.662
0.20337
0.662
0.184958
0.232782
0.662
0.291734
0.34286
0.110372
0.331278
0.225817
0.564292
0.662
0.662
0.423182
0.479375
0.22888
0.662
0.662
0.662
0.256901
0.245469
0.662
0.662
0.524034
0.662
0.156545
0.0449005
0.0679787
0.26959
0.0799203
0.105785
0.645214
0.662
0.188254
0.662
0.00279694
0.105539
0.347901
0.402317
0.662
0.453292
0.662
0.477894
0.348919
0.1864
0.043961
0.662
0.292429
0.444793
0.267125
0.662
0.43182
0.662
0.113929
0.429718
0.662
0.662
0.0717202
0.662
0.227154
0.346645
0.662
0.407409
0.662
0.309862
0.263918
0.00115646
0.662
0.449342
0.662
0.498993
0.662
0.261475
0.662
0.0169509
0.662
0.49922
0.662
0.662
0.0286219
0.55653
0.662
0.662
0.662
0.21885
0.662
0.662
0.196576
0.383611
0.453327
0.217332
0.282991
0.662
0.117828
0.102429
0.662
0.629763
0.28791
0.662
0.662
0.344149
0.662
0.00745416
0.0900291
0.662
0.662
0.662
0.49465
0.161178
0.0777658
0.0413158
0.662
0.662
0.662
0.208387
0.662
0.662
0.209723
0.227519
0.662
0.662
0.662
0.0891568
0.523577
0.662
0.507506
0.662
0.662
0.662
0.662
0.00295997
0.222751
0.662
0.00318891
0.662
0.293671
0.201719
0.3702
0.662
0.211404
0.662
0.662
0.662
0.428762
0.475933
0.0798365
0.336745
0.662
0.662
0.662
0.662
0.662
0.662
0.245381
0.0494125
0.260499
0.277786
0.331228
0.662
0.190809
0.161937
0.262651
0.662
0.662
0.178051
0.150031
0.456021
0.662
0.662
0.0899744
0.662
0.662
0.65296
0.131306
0.425676
0.662
0.107662
0.333491
0.237154
0.36123
0.170377
0.328912
0.662
0.262797
0.378069
0.231713
0.0812961
0.621099
0.662
0.662
0.370265
0.0220965
0.291335
0.38985
0.372724
0.662
0.359323
0.0823922
0.662
0.140369
0.445212
0.662
0.317372
0.00473501
0.184724
0.625067
0.292411
0.313763
0.260078
0.662
0.662
0.0922037
0.311828
0.301748
0.430992
0.22222
0.662
0.662
0.0849926
0.144939
0.239085
0.662
0.546258
0.444305
0.289951
0.371395
0.515297
0.416973
0.515085
0.286919
0.194045
0.662
0.662
0.109548
0.0952123
0.0378712
0.494786
0.0992873
0.345345
0.159818
0.381656
0.662
0.451843
0.662
0.388957
0.662
0.662
0.423304
0.0571691
0.0448814
0.09609
0.156959
0.653424
0.662
0.143744
0.399107
0.662
0.3079
0.662
0.662
0.662
0.662
0.662
0.36805
0.662
0.615309
0.662
0.662
0.662
0.662
0.64205
0.477013
0.662
0.229895
0.662
0.366831
0.662
0.426066
0.133336
0.17003
0.310387
0.117806
0.662
0.440429
0.424649
0.230496
0.205733
0.147956
0.357216
0.662
0.662
0.37086
0.0514098
0.0512447
0.186167
0.189915
0.183003
0.269348
0.419712
0.139564
0.662
0.662
0.662
0.213916
0.662
0.143872
0.475626
0.308851
0.0394055
0.662
0.143163
0.662
0.560192
0.238962
0.0142144
0.41989
0.211614
0.329061
0.662
0.267886
0.662
0.228752
0.662
0.662
0.272879
0.281009
0.662
0.15637
0.418413
0.503019
0.423115
0.239529
0.322106
0.159823
0.662
0.0473762
0.662
0.31754
0.662
0.165665
0.263522
0.662
0.0358798
0.461635
0.653122
0.662
0.011245
0.581289
0.336496
0.0560159
0.662
0.662
0.416287
0.206874
0.662
0.248731
0.0112521
0.231871
0.190133
0.0727861
0.389709
0.203088
0.438422
0.662
0.414918
0.662
0.527469
0.662
0.266667
0.093713
0.159808
0.444376
0.662
0.0863819
0.352998
0.241494
0.284592
0.662
0.467421
0.662
0.0879243
0.662
0.4335
0.161129
0.662
0.170229
0.633694
0.166989
0.662
0.662
0.296431
0.662
0.0757492
0.165098
0.233041
0.393735
0.662
0.431359
0.426161
0.370025
0.00903051
0.662
0.662
0.662
0.270929
0.0365208
0.0606588
0.167797
0.241026
0.454672
0.662
0.662
0.427536
0.468897
0.662
0.0946018
0.270053
0.476601
0.662
0.303305
0.0457143
0.662
0.662
0.169127
0.662
0.427638
0.0641095
0.662
0.662
0.382427
0.662
0.119861
0.101677
0.662
0.662
0.662
0.0572645
0.662
0.662
0.171624
0.227089
0.573828
0.662
0.662
0.385923
0.140629
0.0123228
0.247386
0.662
0.0831152
0.584422
0.411057
0.276141
0.129103
0.662
0.203798
0.428963
0.662
0.662
0.441776
0.662
0.495338
0.339199
0.662
0.662
0.662
0.333122
0.662
0.238444
0.548939
0.379187
0.0987064
0.585664
0.153014
0.254622
0.662
0.662
0.363044
0.57059
0.0819325
0.427086
0.224203
0.398094
0.094942
0.315081
0.458692
0.662
0.2303
0.514352
0.321487
0.662
0.310658
0.662
0.198013
0.145624
0.614174
0.662
0.288568
0.142386
0.38857
0.253023
0.200915
0.0544502
0.0222328
0.209979
0.0931322
0.662
0.662
0.662
0.0445959
0.078564
0.662
0.597875
0.662
0.662
0.111104
0.662
0.383412
0.662
0.283545
0.662
0.27178
0.425561
0.662
0.0860425
0.662
0.21675
0.33266
0.662
0.662
0.252877
0.0142227
0.324289
0.270205
0.533365
0.564171
0.662
0.152232
0.406065
0.662
0.64977
0.164816
0.662
0.0612637
0.462381
0.304995
0.237028
0.662
0.480092
0.662
0.662
0.0717896
0.662
0.486107
0.21973
0.239772
0.422014
0.662
0.662
0.15864
0.662
0.399051
0.0916443
0.662
0.27942
0.662
0.390459
0.0909917
0.662
0.662
0.371644
0.223601
0.662
0.192087
0.0936708
0.222169
0.458858
0.662
0.279016
0.662
0.131355
0.469134
0.662
0.662
0.662
0.662
0.662
0.244913
0.662
0.662
0.307679
0.234546
0.117709
0.218864
0.662
0.374894
0.662
0.662
0.0949256
0.479581
0.662
0.423557
0.153632
0.289726
0.554838
0.212466
0.662
0.0405343
0.376759
0.662
0.20657
0.4078
0.333683
0.33227
0.662
0.392524
0.186602
0.662
0.662
0.662
0.0291258
0.462379
0.225103
0.249393
0.662
0.662
0.662
0.236966
0.323978
0.498635
0.662
0.40512
0.361673
0.662
0.396962
0.292855
0.211519
0.662
0.0249361
0.218868
0.662
0.23554
0.662
0.662
0.662
0.662
0.662
0.568286
0.461493
0.54471
0.662
0.662
0.662
0.662
0.36566
0.495406
0.494999
0.118751
0.0281805
0.276128
0.328777
0.202958
0.236563
0.574208
0.460881
0.599408
0.662
0.284968
0.298511
0.10757
0.188717
0.662
0.0142864
0.662
0.537806
0.599345
0.182462
0.662
0.662
0.170368
0.391942
0.441757
0.464057
0.160349
0.278115
0.662
0.101606
0.129112
0.345271
0.627256
0.170452
0.214092
0.177928
0.0807647
0.662
0.358445
0.264818
0.253223
0.132816
0.401151
0.662
0.662
0.662
0.205981
0.160358
0.662
0.662
0.219896
0.662
0.662
0.662
0.662
0.24188
0.479032
0.662
0.662
0.476477
0.114808
0.220941
0.372308
0.493535
0.60926
0.346347
0.406163
0.0708998
0.000176851
0.259123
0.662
0.662
0.662
0.0216558
0.662
0.209052
0.440864
0.662
0.0351303
0.662
0.00942608
0.662
0.115253
0.662
0.282894
0.662
0.190708
0.151136
0.662
0.662
0.434858
0.662
0.662
0.662
0.504887
0.662
0.18298
0.662
0.187196
0.662
0.568682
0.662
0.225696
0.283859
0.662
0.348581
0.37664
0.662
0.0868674
0.175538
0.226064
0.662
0.0846827
0.0885641
0.222739
0.662
0.662
0.662
0.662
0.302887
0.393117
0.662
0.662
0.261266
0.133503
0.439633
0.662
0.465719
0.120873
0.662
0.662
0.471576
0.321008
0.0213265
0.229521
0.451429
0.662
0.662
0.451259
0.662
0.148416
0.30603
0.295974
0.460047
0.134627
0.662
0.0603609
0.662
0.146175
0.113723
0.229213
0.427879
0.248145
0.476307
0.135038
0.0527839
0.255645
0.328764
0.102747
0.65339
0.662
0.207242
0.662
0.662
0.662
0.662
0.464671
0.426692
0.662
0.523095
0.225426
0.0184547
0.153782
0.662
0.0687368
0.316372
0.543144
0.363403
0.662
0.662
0.415589
0.256063
0.19063
0.218213
0.662
0.358118
0.396444
0.662
0.217095
0.410298
0.662
0.476579
0.420049
0.662
0.172178
0.255804
0.662
0.432837
0.315434
0.662
0.112407
0.0511519
0.0807619
0.143506
0.0856797
0.0926848
0.199622
0.662
0.662
0.662
0.505929
0.00027716
0.101877
0.251666
0.662
0.662
0.244271
0.503479
0.530318
0.458679
0.402577
0.0267833
0.662
0.374528
0.110809
0.24932
0.662
0.662
0.662
0.662
0.515706
0.408146
0.605951
0.249371
0.662
0.0742263
0.423016
0.662
0.662
0.185636
0.11813
0.474557
0.662
0.382581
0.140537
0.662
0.209856
0.460744
0.268984
0.144207
0.662
0.161909
0.332843
0.662
0.499973
0.0680458
0.26966
0.313704
0.662
0.44993
0.662
0.662
0.291106
0.386308
0.662
0.398066
0.662
0.192117
0.198852
0.662
0.435673
0.439411
0.277755
0.205463
0.614995
0.260697
0.277302
0.0393917
0.216323
0.105284
0.662
0.409058
0.662
0.257324
0.08987
0.297199
0.349271
0.342979
0.529659
0.662
0.327411
0.0609903
0.352806
0.287867
0.312696
0.465242
0.662
0.662
0.492372
0.662
0.129651
0.190141
0.385972
0.419874
0.234088
0.662
0.351713
0.136619
0.0179773
0.152139
0.334153
0.662
0.662
0.184213
0.360017
0.178758
0.267998
0.662
0.638132
0.0143968
0.332737
0.24034
0.476365
0.662
0.662
0.0607394
0.662
0.00735725
0.183092
0.192317
0.662
0.424658
0.244248
0.0435247
0.380435
0.662
0.662
0.561018
0.662
0.662
0.205915
0.282799
0.0286005
0.244838
0.336731
0.30679
0.662
0.0117655
0.409282
0.662
0.662
0.478774
0.662
0.662
0.662
0.230102
0.0127023
0.214847
0.662
0.662
0.0885582
0.201582
0.662
0.144167
0.113672
0.662
0.0796624
0.481573
0.00902016
0.662
0.662
0.293525
0.0353108
0.662
0.18733
0.00213435
0.421678
0.252169
0.0903561
0.40701
0.494228
0.213319
0.662
0.662
0.198305
0.262002
0.662
0.662
0.218446
0.187143
0.0721943
0.309359
0.267414
0.662
0.662
0.662
0.662
0.328879
0.662
0.0907818
0.662
0.254932
0.662
0.389617
0.0163094
0.116784
0.18414
0.662
0.236821
0.662
0.410354
0.659459
0.0227547
0.429431
0.612826
0.45756
0.527448
0.0565714
0.662
0.0235462
0.165867
0.411088
0.662
0.0709339
0.159336
0.399656
0.662
0.662
0.662
0.662
0.0588125
0.554094
0.142576
0.319455
0.0842666
0.567954
0.662
0.662
0.495989
0.662
0.662
0.422863
0.662
0.295295
0.261539
0.294516
0.662
0.393847
0.0112144
0.112957
0.138538
0.0944507
0.662
0.0709556
0.191026
0.025503
0.169429
0.662
0.662
0.113009
0.584119
0.392344
0.099559
0.403281
0.0360716
0.662
0.662
0.236159
0.0499563
0.122071
0.15468
0.473925
0.662
0.482519
0.48498
0.662
0.662
0.662
0.662
0.181944
0.240142
0.375996
0.662
0.134595
0.662
0.222128
0.413366
0.186075
0.662
0.662
0.178053
0.300643
0.662
0.403485
0.381231
0.662
0.417352
0.442754
0.662
0.662
0.662
0.33831
0.0490269
0.662
0.270642
0.405351
0.434628
0.285735
0.662
0.662
0.209729
0.474053
0.265485
0.324002
0.662
0.662
0.662
0.662
0.662
0.0153382
0.491599
0.361411
0.347332
0.351864
0.662
0.152364
0.445648
0.162202
0.360224
0.436624
0.439862
0.557116
0.116511
0.662
0.196846
0.662
0.662
0.662
0.39034
0.30008
0.662
0.312596
0.56226
0.307964
0.662
0.662
0.662
0.0144107
0.662
0.662
0.633694
0.662
0.441317
0.386724
0.210929
0.662
0.45219
0.662
0.662
0.662
0.662
0.0105464
0.662
0.406761
0.0955497
0.576554
0.662
0.662
0.492693
0.662
0.662
0.0192895
0.440656
0.0905256
0.662
0.662
0.662
0.662
0.490093
0.130265
0.211795
0.372689
0.382727
0.331094
0.662
0.200958
0.425117
0.0458089
0.158541
0.196656
0.117254
0.662
0.621062
0.170488
0.425621
0.122296
0.186442
0.0945596
0.483372
0.27322
0.312347
0.662
0.662
0.662
0.0243962
0.133156
0.662
0.662
0.406331
0.662
0.236908
0.0649346
0.241317
0.355159
0.545418
0.662
0.240486
0.102886
0.426669
0.257806
0.268034
0.212339
0.123248
0.662
0.187084
0.133584
0.14178
0.662
0.662
0.193773
0.662
0.293365
0.662
0.384238
0.343643
0.243937
0.662
0.328182
0.276769
0.482067
0.21773
0.314081
0.374124
0.662
0.246555
0.662
0.662
0.196736
0.0770819
0.662
0.662
0.662
0.662
0.662
0.662
0.662
0.398815
0.145595
0.662
0.143849
0.114554
0.397361
0.662
0.662
0.662
0.384421
0.458753
0.376161
0.662
0.346667
0.662
0.662
0.662
0.662
0.282343
0.378138
0.191873
0.662
0.140065
0.194367
0.0416642
0.0755769
0.0908833
0.286672
0.324641
0.662
0.0930336
0.472528
0.350713
0.662
0.407004
0.563442
0.469254
0.512439
0.17192
0.393999
0.263413
0.340815
0.662
0.638758
0.662
0.201676
0.662
0.662
0.368447
0.0974905
0.459112
0.364326
0.254085
0.662
0.462974
0.440085
0.662
0.183959
0.0627123
0.185788
0.444827
0.344711
0.662
0.38454
0.393933
0.0275631
0.0567841
0.445773
0.255578
0.375516
0.662
0.662
0.395526
0.662
0.418116
0.662
0.412151
0.662
0.206173
0.413793
0.662
0.37224
0.662
0.582749
0.662
0.39808
0.662
0.54228
0.393122
0.467288
0.662
0.139564
0.281968
0.662
0.36927
0.220838
0.343061
0.662
0.176052
0.662
0.188758
0.369099
0.062792
0.134523
0.662
0.0941837
0.662
0.662
0.662
0.225684
0.254426
0.662
0.239299
0.662
0.662
0.662
0.398671
0.0927481
0.0932062
0.290413
0.258697
0.516585
0.336822
0.279234
0.134335
0.16814
0.345409
0.474369
0.662
0.488459
0.327908
0.405663
0.363699
0.1726
0.62173
0.295021
0.662
0.662
0.662
0.261894
0.118787
0.404661
0.662
0.662
0.292528
0.0171421
0.464638
0.187831
0.161178
0.203425
0.11278
0.353248
0.517285
0.0486891
0.662
0.157199
0.662
0.662
0.138378
0.361061
0.273159
0.112436
0.38137
0.488159
0.662
0.356583
0.662
0.325224
0.359891
0.164968
0.305794
0.0469823
0.662
0.188939
0.132943
0.129147
0.212024
0.662
0.662
0.662
0.662
0.662
0.0179472
0.662
0.11538
0.662
0.236624
0.662
0.428896
0.38025
0.662
0.356656
0.225546
0.10956
0.216473
0.0114313
0.662
0.534105
0.662
0.662
0.194017
0.320299
0.371253
0.662
0.338046
0.460998
0.246297
0.662
0.271147
0.130031
0.249327
0.662
0.389543
0.444074
0.662
0.662
0.0167418
0.358806
0.368266
0.215521
0.429109
0.493861
0.201515
0.484671
0.504861
0.662
0.370588
0.662
0.662
0.174123
0.393604
0.662
0.662
0.662
0.583896
0.318554
0.662
0.662
0.662
0.662
0.245665
0.655524
0.37513
0.208827
0.662
0.235094
0.373682
0.433826
0.662
0.119488
0.113706
0.456218
0.662
0.194017
0.662
0.229172
0.0792199
0.136214
0.259186
0.0276118
0.263175
0.662
0.388071
0.345292
0.662
0.242316
0.442903
0.00526835
0.662
0.662
0.459553
0.18748
0.168306
0.344608
0.662
0.662
0.662
0.662
0.662
0.662
0.662
0.232198
0.416103
0.662
0.360672
0.611816
0.355727
0.185375
0.0266273
0.662
0.473871
0.133108
0.662
0.304738
0.00476088
0.400487
0.523677
0.244083
0.4467
0.158731
0.332532
0.527725
0.287805
0.662
0.515216
0.233019
0.104165
0.662
0.662
0.662
0.52021
0.362167
0.406805
0.662
0.662
0.498212
0.477492
0.257603
0.662
0.662
0.387907
0.39619
0.517421
0.314453
0.527043
0.662
0.360524
0.207305
0.662
0.178975
0.403785
0.63339
0.0287675
0.477569
0.23713
0.662
0.109014
0.451811
0.619365
0.33708
0.295404
0.374312
0.270066
0.662
0.244592
0.215959
0.0816281
0.662
0.516706
0.194771
0.662
0.260908
0.662
0.0551816
0.662
0.114718
0.376449
0.662
0.434497
0.662
0.0490743
0.352785
0.128013
0.662
0.465765
0.38807
0.662
0.662
0.662
0.662
0.662
0.662
0.662
0.662
0.662
0.662
0.0511559
0.662
0.0667714
0.247323
0.662
0.662
0.662
0.209897
0.217019
0.339748
0.658562
0.484919
0.0173317
0.138354
0.100724
0.33204
0.282919
0.298466
0.52722
0.662
0.245758
0.662
0.662
0.36196
0.662
0.0491387
0.662
0.662
0.289674
0.662
0.662
0.662
0.614819
0.630503
0.419747
0.662
0.329332
0.335858
0.313562
0.34191
0.662
0.262615
0.578778
0.662
0.184656
0.0234187
0.268229
0.332673
0.579234
0.662
0.00836813
0.0723249
0.369218
0.662
0.662
0.427819
0.126553
0.428616
0.0370891
0.26704
0.662
0.0910697
0.0407467
0.47691
0.450728
0.0209828
0.662
0.662
0.39113
0.400931
0.56339
0.662
0.458985
0.43065
0.140125
0.314037
0.426415
0.608104
0.662
0.662
0.353742
0.224396
0.662
0.213509
0.228626
0.438266
0.00905397
0.662
0.0548264
0.662
0.00405762
0.662
0.350864
0.38183
0.662
0.0539092
0.662
0.183401
0.245318
0.662
0.0729097
0.336448
0.662
0.136661
0.662
0.662
0.270251
0.148825
0.413834
0.158599
0.37445
0.200992
0.561459
0.662
0.662
0.162145
0.662
0.662
0.662
0.0305927
0.25211
0.411109
0.4168
0.230033
0.0743492
0.662
0.662
0.662
0.324197
0.43639
0.00849142
0.662
0.109181
0.662
0.357682
0.41893
0.662
0.662
0.662
0.376286
0.244204
0.662
0.0925868
0.182251
0.218215
0.662
0.662
0.0660638
0.662
0.275932
0.251685
0.662
0.166192
0.662
0.157001
0.662
0.0229689
0.238073
0.662
0.257628
0.484739
0.0855728
0.662
0.446319
0.662
0.662
0.662
0.452773
0.275023
0.554692
0.338621
0.189408
0.662
0.662
0.662
0.0240258
0.662
0.587328
0.327322
0.384891
0.135984
0.662
0.662
0.571457
0.662
0.351646
0.662
0.30327
0.163836
0.662
0.519272
0.386264
0.662
0.662
0.662
0.234669
0.0123021
0.662
0.662
0.106026
0.292138
0.0877775
0.471462
0.640443
0.0233656
0.662
0.662
0.662
0.662
0.662
0.662
0.598016
0.662
0.662
0.662
0.662
0.269005
0.662
0.578349
0.361627
0.662
0.662
0.30907
0.221557
0.662
0.248613
0.397398
0.662
0.662
0.662
0.662
0.319051
0.298637
0.373912
0.662
0.242176
0.564994
0.060126
0.662
0.261161
0.662
0.427555
0.351058
0.282085
0.662
0.662
0.168719
0.662
0.605254
0.476441
0.662
0.17408
0.662
0.662
0.38491
0.520226
0.662
0.21307
0.662
0.0900605
0.662
0.662
0.0518285
0.245086
0.369967
0.504266
0.429841
0.662
0.290895
0.662
0.315139
0.629037
0.662
0.662
0.662
0.662
0.620714
0.662
0.249796
0.207985
0.0643194
0.662
0.662
0.662
0.662
0.293486
0.662
0.0501039
0.662
0.424101
0.662
0.662
0.0871326
0.0304619
0.662
0.234187
0.616419
0.377249
0.428646
0.662
0.662
0.0775187
0.662
0.486182
0.662
0.662
0.30049
0.662
0.662
0.224415
0.662
0.483222
0.0279773
0.662
0.662
0.248733
0.662
0.662
0.662
0.142194
0.362821
0.662
0.662
0.0788219
0.662
0.310294
0.662
0.662
0.662
0.482695
0.0993603
0.662
0.488438
0.420386
0.427532
0.414914
0.208383
0.581488
0.132035
0.662
0.342547
0.441927
0.37989
0.220742
0.401987
0.0851896
0.562328
0.662
0.483421
0.310241
0.152373
0.152562
0.31112
0.662
0.121546
0.2117
0.521675
0.198807
0.370849
0.261298
0.549123
0.501616
0.498027
0.535872
0.662
0.229239
0.186418
0.469637
0.340066
0.059078
0.318926
0.662
0.371671
0.662
0.155365
0.353853
0.213327
0.662
0.359277
0.662
0.241404
0.124252
0.421023
0.662
0.662
0.22869
0.396255
0.222038
0.193905
0.662
0.662
0.291978
0.217892
0.235129
0.128863
0.662
0.662
0.372789
0.35316
0.662
0.382046
0.0440833
0.426144
0.457384
0.226252
0.408748
0.662
0.662
0.211647
0.286265
0.662
0.662
0.662
0.116056
0.564864
0.254263
0.418738
0.662
0.662
0.278726
0.252742
0.248102
0.662
0.452833
0.160685
0.558511
0.662
0.397547
0.328615
0.359606
0.662
0.187152
0.227841
0.340204
0.336779
0.137907
0.27833
0.348347
0.159437
0.118937
0.19636
0.138786
0.662
0.303891
0.662
0.249367
0.662
0.387674
0.662
0.243466
0.152795
0.49173
0.662
0.294569
0.181448
0.0934945
0.207609
0.0459937
0.0511968
0.662
0.568763
0.662
0.399178
0.662
0.662
0.0352054
0.662
0.153617
0.593793
0.662
0.662
0.189275
0.336877
0.152441
0.662
0.662
0.415654
0.176317
0.662
0.524846
0.0404023
0.662
0.419119
0.196632
0.240387
0.662
0.366893
0.33494
0.102121
0.662
0.662
0.662
0.12115
0.0869714
0.662
0.449706
0.296205
0.662
0.26766
0.662
0.232793
0.662
0.392152
0.119407
0.202682
0.401006
0.662
0.662
0.662
0.662
0.460213
0.587413
0.278574
0.662
0.662
0.402606
0.00100135
0.629023
0.455714
0.662
0.236227
0.0568368
0.201242
0.662
0.662
0.135769
0.127127
0.662
0.192581
0.662
0.447913
0.22375
0.0827684
0.322998
0.355235
0.662
0.662
0.235387
0.662
0.485384
0.662
0.662
0.662
0.3967
0.0500762
0.207057
0.0871337
0.404316
0.662
0.170404
0.232114
0.662
0.302182
0.301579
0.662
0.167122
0.370886
0.235829
0.205658
0.390422
0.662
0.311804
0.662
0.292875
0.662
0.662
0.297165
0.662
0.662
0.181608
0.662
0.197012
0.662
0.662
0.495596
0.662
0.662
0.662
0.359102
0.385101
0.662
0.662
0.662
0.39034
0.0837542
0.633694
0.662
0.662
0.062114
0.662
0.662
0.662
0.662
0.309757
0.197454
0.489746
0.520728
0.150762
0.249581
0.662
0.662
0.0592913
0.662
0.640135
0.662
0.116535
0.152869
0.662
0.207628
0.662
0.40393
0.42748
0.662
0.027006
0.662
0.662
0.401953
0.662
0.375693
0.0183077
0.234112
0.579233
0.662
0.662
0.396816
0.468276
0.662
0.662
0.455115
0.662
0.606537
0.662
0.19421
0.33043
0.12684
0.171979
0.662
0.662
0.318462
0.662
0.0597631
0.455057
0.249494
0.250542
0.107588
0.662
0.104247
0.244216
0.662
0.662
0.239596
0.662
0.414278
0.189049
0.291835
0.0486125
0.601184
0.382571
0.425589
0.223327
0.47352
0.340167
0.166113
0.31137
0.662
0.462732
0.662
0.293813
0.300727
0.470305
0.117218
0.536221
0.385302
0.0134834
0.296533
0.148449
0.662
0.112274
0.49131
0.224858
0.0781053
0.390063
0.229277
0.181193
0.499526
0.0287481
0.662
0.662
0.662
0.26613
0.597652
0.119226
0.215133
0.662
0.347917
0.662
0.662
0.460891
0.193865
0.662
0.346283
0.374054
0.38268
0.0717399
0.0710562
0.662
0.662
0.662
0.36888
0.401446
0.662
0.662
0.397786
0.161135
0.153907
0.237748
0.265402
0.662
0.356923
0.662
0.526839
0.226175
0.0771519
0.185896
0.375993
0.310805
0.662
0.0782616
0.198916
0.662
0.12948
0.653138
0.243345
0.153235
0.255036
0.662
0.255967
0.358489
0.623331
0.662
0.662
0.559674
0.14058
0.662
0.310093
0.420843
0.662
0.662
0.456479
0.499316
0.151869
0.662
0.662
0.662
0.662
0.662
0.662
0.662
0.289964
0.30816
0.662
0.542713
0.464339
0.224369
0.0223276
0.662
0.662
0.412144
0.464843
0.253581
0.0438153
0.277941
0.662
0.662
0.104682
0.364106
0.662
0.662
0.176603
0.463881
0.207703
0.415659
0.662
0.494467
0.42193
0.270742
0.0308747
0.131116
0.108502
0.602931
0.430441
0.139651
0.264068
0.63339
0.327746
0.173834
0.118404
0.662
0.662
0.662
0.478391
0.662
0.476773
0.662
0.439568
0.662
0.662
0.645177
0.662
0.0871309
0.662
0.19683
0.662
0.203754
0.185585
0.189898
0.247234
0.119591
0.448382
0.52176
0.357047
0.0989452
0.662
0.560593
0.662
0.662
0.214085
0.461915
0.361574
0.662
0.323803
0.662
0.022325
0.662
0.126352
0.11593
0.597173
0.245313
0.363235
0.662
0.00406143
0.662
0.275463
0.0773034
0.186654
0.662
0.662
0.662
0.444387
0.269628
0.662
0.0535976
0.193475
0.188251
0.662
0.22348
0.662
0.403598
0.662
0.336175
0.379715
0.0867407
0.662
0.662
0.264467
0.185801
0.662
0.662
0.662
0.662
0.662
0.662
0.662
0.284479
0.0527521
0.662
0.416063
0.662
0.451289
0.662
0.662
0.662
0.379336
0.318282
0.420816
0.381193
0.662
0.00657426
0.0255145
0.662
0.0830218
0.492159
0.501555
0.267415
0.365005
0.409317
0.310013
0.537997
0.156859
0.339201
0.365944
0.386491
0.662
0.166478
0.498473
0.0495546
0.662
0.11859
0.404266
0.662
0.399204
0.257438
0.241041
0.517457
0.662
0.00412814
0.662
0.398545
0.662
0.662
0.38545
0.662
0.662
0.662
0.142796
0.662
0.403491
0.662
0.247753
0.474632
0.662
0.662
0.662
0.0901611
0.490858
0.0806687
0.0152634
0.556441
0.0604903
0.207802
0.284176
0.662
0.17293
0.662
0.196752
0.377176
0.206552
0.0809177
0.411401
0.198482
0.12343
0.27218
0.662
0.18038
0.662
0.662
0.0766675
0.118398
0.662
0.662
0.0556858
0.116767
0.662
0.189812
0.662
0.474052
0.662
0.462313
0.396023
0.662
0.662
0.662
0.662
0.662
0.662
0.19622
0.662
0.662
0.662
0.349181
0.135416
0.411229
0.662
0.662
0.286609
0.448681
0.662
0.662
0.662
0.404415
0.47332
0.200195
0.0661573
0.210746
0.575424
0.662
0.491917
0.662
0.662
0.656914
0.310396
0.0746574
0.325314
0.456579
0.173556
0.13201
0.168889
0.662
0.159027
0.662
0.195619
0.37596
0.662
0.302989
0.0142365
0.652514
0.662
0.179833
0.255203
0.431946
0.467973
0.662
0.662
0.15296
0.389029
0.662
0.662
0.662
0.470465
0.662
0.375691
0.662
0.159879
0.662
0.205113
0.321168
0.196597
0.270661
0.662
0.295387
0.662
0.174349
0.142782
0.371715
0.626145
0.662
0.5793
0.662
0.271875
0.34522
0.662
0.207728
0.577269
0.294796
0.662
0.140774
0.652633
0.040098
0.662
0.662
0.662
0.280559
0.236246
0.613592
0.662
0.662
0.662
0.124536
0.662
0.487695
0.245686
0.246926
0.196359
0.205315
0.662
0.445828
0.662
0.0375571
0.353372
0.662
0.662
0.183944
0.0200841
0.662
0.0459223
0.0156163
0.32438
0.240597
0.662
0.662
0.662
0.169823
0.448062
0.662
0.662
0.216768
0.00349213
0.188323
0.662
0.662
0.241704
0.238754
0.188654
0.662
0.0389481
0.662
0.0786561
0.114933
0.326157
0.313137
0.445059
0.662
0.293809
0.662
0.390304
0.662
0.203838
0.405011
0.662
0.266375
0.037032
0.332686
0.662
0.190967
0.0963213
0.662
0.162216
0.662
0.178805
0.0669381
0.662
0.662
0.168127
0.185777
0.251128
0.463003
0.662
0.410096
0.603782
0.566356
0.662
0.662
0.662
0.662
0.662
0.662
0.662
0.171499
0.662
0.346048
0.662
0.105722
0.662
0.303785
0.662
0.593715
0.662
0.445127
0.662
0.662
0.453324
0.204211
0.662
0.091264
0.662
0.662
0.235569
0.662
0.196549
0.37856
0.662
0.440706
0.662
0.662
0.455895
0.0065591
0.232952
0.185816
0.182315
0.309847
0.375664
0.124669
0.662
0.0967433
0.280681
0.662
0.539462
0.662
0.399561
0.242276
0.0695753
0.42744
0.0549059
0.662
0.301113
0.605567
0.555794
0.662
0.662
0.282552
0.662
0.662
0.662
0.326522
0.32035
0.662
0.20703
0.155219
0.11359
0.381039
0.407907
0.662
0.662
0.662
0.074699
0.662
0.662
0.450029
0.196606
0.0781469
0.370202
0.662
0.662
0.607217
0.305102
0.662
0.662
0.395765
0.662
0.295583
0.662
0.662
0.460473
0.148187
0.662
0.378362
0.278921
0.307523
0.191494
0.298644
0.349889
0.49665
0.662
0.187615
0.196581
0.0293315
0.662
0.662
0.662
0.505933
0.662
0.662
0.662
0.514258
0.480479
0.63339
0.297933
0.25164
0.527986
0.104421
0.140856
0.416171
0.662
0.239813
0.384129
0.216572
0.662
0.662
0.146311
0.332642
0.662
0.0460896
0.662
0.365127
0.0660952
0.662
0.208462
0.662
0.662
0.662
0.662
0.662
0.662
0.627623
0.228617
0.357488
0.0187447
0.329264
0.227762
0.662
0.464399
0.370668
0.662
0.0361124
0.462239
0.662
0.2378
0.138748
0.186195
0.237354
