0.662
0.662
0.662
0.295582
0.18467
0.411352
0.280846
0.157775
0.662
0.462538
0.151004
0.662
0.163392
0.0246618
0.185072
0.202726
0.237497
0.662
0.367254
0.662
0.662
0.183187
0.0658218
0.029674
0.395724
0.662
0.342431
0.662
0.662
0.114741
0.662
0.608893
0.00360765
0.662
0.509259
0.662
0.662
0.229311
0.279661
0.0958563
0.662
0.662
0.662
0.130267
0.65867
0.222449
0.662
0.662
0.0286896
0.662
0.38825
0.165102
0.00999562
0.662
0.188229
0.662
0.0666711
0.247634
0.64934
0.582625
0.662
0.203936
0.393313
0.449444
0.647552
0.181096
0.177922
0.662
0.212835
0.662
0.379989
0.000933679
0.662
0.198177
0.276528
0.126837
0.48083
0.662
0.662
0.662
0.230908
0.593818
0.0645079
0.662
0.481222
0.199593
0.217121
0.662
0.662
0.0784869
0.305358
0.378503
0.0832836
0.662
0.215549
0.662
0.150066
0.284302
0.465253
0.662
0.134539
0.349658
0.662
0.19857
0.662
0.662
0.104442
0.37043
0.140966
0.662
0.141445
0.662
0.33847
0.0370197
0.627147
0.480377
0.662
0.362871
0.662
0.662
0.662
0.662
0.559259
0.662
0.202167
0.169429
0.189572
0.189673
0.662
0.250827
0.662
0.179549
0.0842047
0.662
0.662
0.208078
0.662
0.662
0.662
0.662
0.141148
0.662
0.662
0.662
0.578982
0.662
0.313532
0.222874
0.215721
0.246995
0.0189083
0.238486
0.0430818
0.514965
0.298416
0.662
0.199776
0.662
0.116061
0.237053
0.211824
0.662
0.662
0.0695891
0.662
0.662
0.6264
0.65157
0.230909
0.366612
0.200328
0.183947
0.258028
0.0155991
0.204825
0.0430994
0.0842073
0.662
0.662
0.147704
0.283922
0.376003
0.441828
0.662
0.507031
0.37355
0.662
0.53462
0.228298
0.662
0.662
0.655323
0.467926
0.63508
0.662
0.43697
0.662
0.662
0.208912
0.662
0.662
0.318018
0.0130033
0.662
0.0681497
0.20707
0.288707
0.625071
0.278042
0.370013
0.662
0.597846
0.332718
0.638043
0.127019
0.31003
0.198474
0.485523
0.662
0.661877
0.662
