0.361525
0.47251
0.251798
0.662
0.389833
0.223624
0.662
0.448334
0.152769
0.440343
0.459815
0.294395
0.398618
0.662
0.196941
0.361226
0.586362
0.662
0.662
0.437365
0.0553159
0.662
0.662
0.109645
0.159405
0.192958
0.622736
0.00918019
0.460671
0.612458
0.334587
0.662
0.537537
0.662
0.662
0.231621
0.662
0.662
0.662
0.662
0.476607
0.0713097
0.398822
0.642382
0.40522
0.359448
0.559824
0.234693
0.233886
0.339343
0.18056
0.308773
0.662
0.662
0.662
0.662
0.229432
0.420342
0.662
0.662
0.642564
0.364989
0.366842
0.662
0.662
0.456789
0.662
0.0508605
0.319099
0.0202641
0.345634
0.662
0.662
0.614647
0.662
0.389507
0.221363
0.180855
0.450152
0.308353
0.545975
0.104279
0.662
0.117031
0.389242
0.137587
0.555679
0.240383
0.662
0.662
0.0639585
0.662
0.262302
0.185421
0.440688
0.662
0.389036
0.662
0.0284802
0.163609
0.660011
0.662
0.433205
0.662
0.662
0.662
0.0441396
0.315483
0.170908
0.118221
0.662
0.296791
0.662
0.624007
0.437687
0.618487
0.137714
0.277823
0.662
0.662
0.346894
0.560983
0.524146
0.203654
0.662
0.662
0.475439
0.279133
0.551859
0.662
0.662
0.522869
0.121515
0.259965
0.633694
0.662
0.662
0.565262
0.279411
0.58673
0.662
0.662
0.0326843
0.445602
0.256595
0.0986885
0.662
0.662
0.210494
0.662
0.190089
0.662
0.35185
0.556507
0.134957
0.662
0.662
0.237804
0.191309
0.105685
0.644801
0.363997
0.549314
0.461789
0.561228
0.302037
0.662
0.0939863
0.662
0.662
0.60653
0.0315034
0.245599
0.204671
0.662
0.662
0.662
0.189851
0.213148
0.212067
0.273302
0.133019
0.216669
0.662
0.662
0.662
0.252712
0.36347
0.662
0.0424604
0.662
0.568765
0.464046
0.662
0.430302
0.445112
0.63339
0.115231
0.220189
0.376319
0.662
0.362096
0.00964761
0.662
0.290506
0.558601
0.423818
0.152184
0.613992
0.382925
0.137962
0.103504
0.368921
0.662
0.425087
0.0115534
0.308422
0.126628
0.0820396
0.076376
0.662
0.0721469
0.662
0.662
0.628862
0.295622
0.414487
0.469661
0.662
0.662
0.662
0.0323948
0.662
0.421221
0.440325
0.471709
0.203918
0.644135
0.0924174
0.0873204
0.107954
0.574546
0.295868
0.468984
0.662
0.193412
0.662
0.662
0.662
0.325478
0.609443
0.662
0.552451
0.662
0.0817433
0.266375
0.662
0.302807
0.535934
0.662
0.631398
0.662
0.652652
0.662
0.662
0.662
0.280716
0.274019
0.338111
0.239897
0.662
0.662
0.662
0.243576
0.0325684
0.662
0.476029
0.184284
0.497615
0.662
0.190939
0.662
0.313651
0.643334
0.662
0.349908
0.662
0.436895
0.662
0.662
0.242994
0.393949
0.237846
0.656014
0.354546
0.662
0.29808
0.12363
0.374029
0.388642
0.662
0.558049
0.422805
0.662
0.394884
0.662
0.662
0.191055
0.00604369
0.360103
