0.566378
0.249425
0.288852
0.366842
0.0315034
0.167503
0.231621
0.326836
0.131799
0.662
0.109238
0.221143
0.437687
0.277781
0.103504
0.662
0.662
0.662
0.301137
0.00604369
0.125693
0.662
0.643334
0.662
0.207348
0.622736
0.022446
0.4068
0.469661
0.410523
0.0396389
0.281594
0.103824
0.385266
0.423501
0.662
0.247335
0.662
0.4135
0.469057
0.662
0.586377
0.662
0.662
0.0815187
0.201437
0.064634
0.521879
0.662
0.113484
0.662
0.585486
0.185023
0.398822
0.243576
0.0490176
0.0284802
0.662
0.662
0.662
0.662
0.189803
0.348549
0.603092
0.462849
0.203918
0.662
0.42377
0.0701922
0.263124
0.193755
0.580616
0.0491901
0.0912001
0.340496
0.452252
0.19957
0.204811
0.477008
0.662
0.196941
0.235045
0.662
0.662
0.662
0.132978
0.535934
0.662
0.662
0.414343
0.335741
0.624007
0.348189
0.662
0.302037
0.461837
0.662
0.524413
0.315483
0.556507
0.423859
0.430302
0.662
0.404456
0.242994
0.662
0.373971
0.662
0.0815309
0.662
0.22272
0.381284
0.656014
0.662
0.191055
0.121515
0.00243858
0.662
0.653425
0.192958
0.662
0.266375
0.251991
0.662
0.29808
0.19716
0.662
0.0192832
0.662
0.251545
0.662
0.172024
0.60653
0.199695
0.600707
0.15957
0.369195
0.662
0.662
0.662
0.298239
0.360061
0.217518
0.233886
0.61287
0.584334
0.650447
0.157061
0.662
0.662
0.662
0.277823
0.39178
0.0381686
0.389036
0.662
0.552451
0.0151282
0.662
0.662
0.662
0.661374
0.662
0.35185
0.662
0.662
0.0873204
0.460622
0.560983
0.646108
0.076376
0.662
0.662
0.612813
0.616911
0.605453
0.0455903
0.662
0.662
0.194509
0.471754
0.662
0.641736
0.662
0.662
0.0324595
0.0762386
0.208956
0.423818
0.0297122
0.114182
0.662
0.662
0.354546
0.662
0.662
0.299781
0.662
0.47251
0.662
0.662
0.584448
0.328899
0.662
0.142369
0.464596
0.662
0.662
0.644135
0.222178
0.348406
0.184214
0.609443
0.250972
0.0742311
