0.00340775
0.118792
0.116323
0.143417
0.662
0.487339
0.662
0.516588
0.662
0.47715
0.611138
0.315799
0.662
0.417359
0.662
0.376117
0.662
0.493557
0.395949
0.662
0.662
0.64114
0.662
0.373527
0.0316918
0.461079
0.416568
0.662
0.167718
0.160195
0.483473
0.174636
0.27338
0.312729
0.384
0.130153
0.361757
0.662
0.606982
0.323736
0.662
0.20325
0.47863
0.662
0.0648696
0.662
0.169024
0.662
0.308514
0.662
0.662
0.475042
0.462487
0.662
0.199544
0.416468
0.0894955
0.434507
0.662
0.538619
0.151808
0.646945
0.335587
0.403639
0.38647
0.450632
0.662
0.662
0.662
0.662
0.495686
0.662
0.564398
0.662
0.16802
0.58006
0.662
0.581266
0.662
0.464889
0.281546
0.289982
0.276014
0.662
0.467631
0.00667666
0.213294
0.662
0.495772
0.662
0.250831
0.368551
0.379401
0.662
0.662
0.0375195
0.0921612
0.118561
0.662
0.662
0.312725
0.3026
0.468607
0.36567
0.00416383
0.294531
0.107188
0.223782
0.63484
0.662
0.367936
0.38376
0.554521
0.436831
0.448409
0.386623
0.273979
0.287549
0.080835
0.631481
0.662
0.36089
0.662
0.662
0.662
0.662
0.571638
0.0396465
0.662
0.662
0.263186
0.0205485
0.568932
0.662
0.0765824
0.553208
0.30905
0.662
0.109685
0.336242
0.662
0.662
0.00408616
0.662
0.194689
0.662
0.662
0.0755985
0.0937782
0.107995
0.633253
0.205565
0.662
0.662
0.662
0.662
0.0333048
0.0355996
0.246485
0.662
0.662
0.239268
0.603478
0.362896
0.535456
0.662
0.206153
0.221369
0.662
0.565697
0.116717
0.588039
0.00437642
0.197729
0.224459
0.116068
0.662
0.312468
0.203405
0.529252
0.302129
0.662
0.269516
0.662
0.662
0.591607
0.427997
0.662
0.271744
0.167882
0.662
0.208355
0.474421
0.0398029
0.662
0.662
0.662
0.156235
0.662
0.662
0.638951
0.101958
0.127554
0.662
0.333561
0.662
0.662
0.581771
0.0956332
0.0698147
0.662
0.662
0.349152
0.211653
0.375319
0.519749
0.53407
0.529523
0.662
0.662
0.0126602
0.313255
0.421196
0.24306
0.662
0.482247
0.662
0.0541248
0.159696
0.155496
0.40974
0.662
0.62947
0.662
0.641995
0.22154
0.662
0.503877
0.0991681
0.662
0.0496094
0.662
0.662
0.224102
0.272405
0.372726
0.662
0.662
0.662
0.226022
0.185239
0.144968
0.560314
0.311644
0.204971
0.662
0.293094
0.0256109
0.0763832
0.0443029
0.662
0.37199
0.662
0.212726
0.590653
0.662
0.592436
0.662
0.178018
0.440182
0.662
0.176152
0.49868
0.348433
0.15829
0.249678
0.104989
0.662
0.44275
0.662
0.34555
0.164818
0.211026
0.123986
0.662
0.411438
0.662
0.42188
0.662
0.256446
0.0603541
0.137917
0.269602
0.316795
0.306493
0.203464
0.662
0.324793
0.0566085
0.320209
0.662
0.484602
0.662
0.316978
0.662
0.662
0.662
0.662
0.226231
0.402446
0.0118282
0.662
0.203039
0.662
0.662
0.0894982
0.105098
0.146481
0.662
0.394828
0.53683
0.129781
0.662
0.134395
0.165941
0.662
0.662
0.424101
0.270146
0.291885
0.0861748
0.246486
0.607404
0.372899
0.662
0.221911
0.61308
0.662
0.662
0.143111
0.662
0.662
0.662
0.196656
0.292607
0.61144
0.662
0.402724
0.569905
0.662
0.662
0.409065
0.198087
0.26293
0.285549
0.490951
0.583847
0.531232
0.142653
0.450203
0.188062
0.662
0.184
0.265785
0.327857
0.194514
0.339738
0.662
0.518853
0.651647
0.368957
0.350803
0.506094
0.345927
0.662
0.383798
0.662
0.662
0.662
0.178062
0.611424
0.458016
0.662
0.662
0.268769
0.602719
0.633206
0.662
0.662
0.662
0.0578993
0.64976
0.662
0.308462
0.662
0.662
0.662
0.662
0.662
0.662
0.662
0.347578
0.662
0.662
0.648621
0.167951
0.662
0.209863
0.662
0.662
0.0256603
0.290748
0.12127
0.134635
0.662
0.381517
0.464272
0.459154
0.662
0.459739
0.423362
0.26375
0.0440216
0.0577244
0.662
0.662
0.662
0.245785
0.501466
0.558768
0.285841
0.662
0.662
0.662
0.662
0.662
0.209184
0.662
0.558327
0.662
0.662
0.373059
0.662
0.525754
0.10271
0.662
0.0882059
0.168959
0.452973
0.662
0.420362
0.225451
0.253963
0.543024
0.662
0.465556
0.662
0.231017
0.662
0.321514
0.107912
0.662
0.662
0.480187
0.662
0.662
0.230946
0.662
0.518131
0.330862
0.476302
0.662
0.662
0.232523
0.217858
0.662
0.383248
0.259201
0.443895
0.662
0.015511
0.0350413
0.540788
0.662
0.525331
0.231677
0.441271
0.662
0.662
0.662
0.206995
0.662
0.137522
0.308041
0.662
0.627376
0.305079
0.273511
0.649465
0.662
0.652166
0.0395061
0.662
0.662
0.426263
0.662
0.662
0.662
0.303115
0.0434328
0.219001
0.662
0.593357
0.569831
0.241071
0.662
0.273301
0.662
0.318519
0.381658
0.200957
0.429582
0.232321
0.0817763
0.45343
0.662
0.13226
0.662
0.356203
0.662
0.19613
0.614866
0.229715
0.397862
0.192685
0.109766
0.662
0.618205
0.484742
0.562131
0.662
0.274401
0.662
0.662
0.470706
0.662
0.448637
0.473306
0.347484
0.662
0.662
0.204329
0.537524
0.232131
0.662
0.662
0.171572
0.348477
0.0328945
0.662
0.235876
0.409565
0.662
0.302691
0.0117691
0.662
0.662
0.391952
0.2398
0.662
0.362245
0.0738152
0.170715
0.176398
0.501961
0.662
0.662
0.662
0.0685745
0.146968
0.4105
0.60548
0.436827
0.419003
0.425389
0.662
0.0349553
0.662
0.41501
0.294117
0.526664
0.369312
0.656966
0.188682
0.454465
0.570253
0.662
0.276422
0.502612
0.119939
0.662
0.587026
0.233424
0.0909195
0.2077
0.662
0.207532
0.31831
0.135116
0.662
0.662
0.662
0.662
0.430016
0.662
0.412991
0.662
0.200372
