0.662
0.662
0.662
0.662
0.662
0.662
0.421469
0.13392
0.662
0.662
0.0713788
0.0736669
0.662
0.276639
0.205837
0.662
0.662
0.0292267
0.224322
0.662
0.608022
0.410417
0.402852
0.168162
0.662
0.305703
0.101215
0.214092
0.662
0.232394
0.43205
0.662
0.662
0.189909
0.662
0.358725
0.317048
0.23761
0.114904
0.301557
0.396966
0.662
0.315016
0.662
0.662
0.478463
0.662
0.165771
0.0698664
0.333781
0.649726
0.0547273
0.270047
0.626495
0.298227
0.108014
0.662
0.180447
0.418544
0.152558
0.210769
0.093112
0.329353
0.662
0.426938
0.662
0.662
0.662
0.218823
0.662
0.662
0.662
0.217708
0.409684
0.157719
0.274417
0.662
0.452414
0.0574014
0.173906
0.140885
0.662
0.302317
0.0933318
0.662
0.268922
0.4518
0.662
0.285874
0.214379
0.662
0.662
0.319852
0.662
0.0999944
0.662
0.00536942
0.523558
0.264608
0.0681058
0.268497
0.145697
0.662
0.440936
0.46665
0.662
0.138219
0.188456
0.193069
0.662
0.227542
0.662
0.40691
0.662
0.462727
0.256902
0.662
0.0765647
0.405082
0.662
0.662
0.662
0.256187
0.662
0.287157
0.662
0.478456
0.233315
0.662
0.662
0.662
0.307971
0.27196
0.133418
0.340083
0.662
0.251568
0.662
0.662
0.662
0.0603017
0.643099
0.448952
0.00790272
0.0329162
0.662
0.399974
0.662
0.0173332
0.0304133
0.100021
0.238022
0.662
0.662
0.662
0.303792
0.213202
0.662
0.662
0.662
0.643509
0.18659
0.662
0.342436
0.662
0.174758
0.182189
0.662
0.382542
0.662
0.662
0.662
0.662
0.662
0.662
0.00153081
0.662
0.662
0.662
0.662
0.375969
0.43177
0.621338
0.662
0.662
0.224654
0.662
0.662
0.176745
0.662
0.32389
0.155761
0.142136
0.662
0.0162101
0.0668788
0.662
0.662
0.662
0.662
0.662
0.234879
0.278177
0.662
0.518344
0.515363
0.662
0.662
0.341637
0.29736
0.662
0.00690121
0.186091
0.662
0.583421
0.662
0.662
0.478873
0.424341
0.662
0.218851
0.662
0.662
0.352251
0.662
0.610303
0.662
0.632181
0.195524
0.228079
0.237035
0.406812
0.662
0.369221
0.662
0.532512
0.322356
0.450719
0.662
0.145512
0.0866465
0.214446
0.427258
0.662
0.635024
0.0716129
0.292046
0.662
0.43252
0.461706
0.662
0.591043
0.662
0.472535
0.45293
0.263816
0.033824
0.662
0.662
0.222511
0.00277888
0.164257
0.332408
0.200272
0.341619
0.394901
0.246268
0.662
0.041238
0.662
0.109545
0.422979
0.662
0.013177
0.508832
0.322541
0.505505
0.590566
0.662
0.112259
0.321712
0.292077
0.513579
0.662
0.209696
0.662
0.184422
0.662
0.246018
0.662
0.11512
0.11218
0.00152858
0.662
0.662
0.171611
0.365636
0.191579
0.185969
0.662
0.662
0.662
0.306713
0.662
0.662
0.472636
0.032021
0.148722
0.662
0.314623
0.184045
0.0169829
0.662
0.662
0.37668
0.363238
0.15648
0.307547
0.382257
0.424067
0.473992
0.130596
0.662
0.662
0.662
0.129192
0.626083
0.188117
0.0434075
0.662
0.277353
0.662
0.662
0.441337
0.142387
0.354916
0.662
0.259159
0.405442
0.225635
0.662
0.149109
0.414549
0.29698
0.186129
0.430276
0.244348
0.190656
0.473047
0.662
0.342465
0.662
0.662
0.205822
0.341371
0.662
0.289279
0.365724
0.0865256
0.662
0.120341
0.135524
0.13935
0.662
0.662
0.314185
0.662
0.662
0.455914
0.662
0.364438
0.662
0.301458
0.429033
0.662
0.662
0.390705
0.0995212
0.292062
0.000160953
0.279972
0.419972
0.662
0.233426
0.444025
0.343418
0.662
0.662
0.662
0.662
0.0677109
0.46428
0.19667
0.283598
0.662
0.662
0.662
0.210885
0.662
0.0925462
0.0418084
0.0206052
0.662
0.406957
0.662
0.55261
0.271815
0.0441183
0.662
0.185945
0.662
0.27693
0.49879
0.0827348
0.241023
0.258185
0.262433
0.149209
0.662
0.237415
0.0466526
0.292908
0.430952
0.587716
0.662
0.154183
0.228849
0.55855
0.185947
0.402704
0.662
0.46493
0.270466
0.164111
0.375797
0.162934
0.662
0.662
0.662
0.406214
0.489895
0.662
0.662
0.662
0.662
0.204902
0.372518
0.477174
0.293827
0.641466
0.662
0.252951
0.136597
0.662
0.221038
0.0842617
0.462669
0.662
0.259744
0.662
0.25184
0.662
0.662
0.571283
0.263637
0.494466
0.662
0.662
0.662
0.56056
0.662
0.00288885
0.233047
0.662
0.134652
0.662
0.662
0.14863
0.350125
0.662
0.662
0.0761593
0.328948
0.662
0.363859
0.662
0.662
0.247847
0.636417
0.337799
0.376008
0.0819757
0.335343
0.331285
0.662
0.662
0.662
0.662
0.2572
0.662
0.662
0.662
0.662
0.464452
0.192169
0.36421
0.391098
0.40223
0.387017
0.662
0.662
0.159366
0.300122
0.662
0.0434927
0.499181
0.530155
0.662
0.388515
0.383266
0.308227
0.181573
0.662
0.189058
0.546323
0.662
0.431882
0.662
0.662
0.662
0.662
0.662
0.246119
0.390802
0.662
0.377435
0.399463
0.386946
0.662
0.662
0.484834
0.134332
0.46924
0.662
0.249941
0.0145933
0.662
0.136123
0.225418
0.361262
0.269145
0.319408
0.272196
0.236963
0.0986937
0.0702958
0.662
0.0966839
0.306868
0.662
0.336443
0.2918
0.100755
0.662
0.068644
0.662
0.662
0.662
0.327886
0.0775201
0.223645
0.662
0.472167
0.662
0.182916
0.662
0.662
0.0628525
0.184668
0.662
0.662
0.212641
0.208576
0.662
0.662
0.662
0.392181
0.662
0.662
0.338421
0.488102
0.369567
0.662
0.546337
0.249833
0.29485
0.662
0.0825013
0.662
0.301707
0.273536
0.163326
0.237002
0.478404
0.297147
0.662
0.662
0.401198
0.662
0.496134
0.629983
0.662
0.253526
0.172776
0.0165186
0.50464
0.277844
0.662
0.662
0.282507
0.662
0.0746666
0.40705
0.0431574
0.163227
0.662
0.662
0.245715
0.662
0.365741
0.662
0.11131
0.662
0.0462138
0.185975
0.662
0.598834
0.351661
0.662
0.438682
0.269636
0.662
0.0528348
0.267383
0.323933
0.162551
0.36015
0.407159
0.378266
0.132028
0.116957
0.662
0.454261
0.0692603
0.662
0.097029
0.328038
0.361904
0.104788
0.158305
0.662
0.443704
0.217807
0.423448
0.662
0.316454
0.220405
0.385299
0.662
0.188727
0.662
0.150866
0.273108
0.425064
0.311399
0.277214
0.662
0.175615
0.301586
0.662
0.662
0.662
0.151992
0.350645
0.662
0.167118
0.131816
0.0457593
0.226753
0.662
0.662
0.0937376
0.470819
0.662
0.0136093
0.251772
0.662
0.662
0.26275
0.211816
0.255626
0.27425
0.207028
0.18347
0.662
0.38079
0.343864
0.325583
0.266245
0.662
0.662
0.107017
0.32065
0.1551
0.099587
0.227623
0.364655
0.662
0.662
0.269576
0.304111
0.337797
0.206817
0.662
0.113435
0.399316
0.516694
0.207657
0.433957
0.199388
0.323973
0.10614
0.139455
0.662
0.156237
0.221726
0.238948
0.263959
0.662
0.1481
0.1442
0.45905
0.133962
0.173556
0.662
0.662
0.225294
0.0780491
0.453743
0.269552
0.113964
0.578639
0.438293
0.662
0.662
0.387387
0.335751
0.523819
0.144863
0.662
0.327248
0.662
0.662
0.662
0.662
0.662
0.662
0.662
0.662
0.0923596
0.662
0.404256
0.203592
0.351019
0.259908
0.130712
0.137123
0.272399
0.662
0.387995
0.662
0.662
0.662
0.310867
0.45828
0.113341
0.662
0.662
0.662
0.326415
0.662
0.375444
0.662
0.662
0.662
0.26582
0.662
0.21076
0.193891
0.662
0.662
0.662
0.662
0.211165
0.130859
0.662
0.152654
0.216343
0.256316
0.303266
0.634168
0.662
0.439509
0.149198
0.208258
0.161767
0.202773
0.662
0.0194737
0.44053
0.0513352
0.612235
0.147645
0.426222
0.424955
0.662
0.662
0.662
0.662
0.662
0.662
0.610971
0.230232
0.294209
0.662
0.390896
0.35656
0.662
0.436867
0.662
0.198393
0.275653
0.159221
0.503921
0.662
0.143426
0.110207
0.066247
0.662
0.662
0.158077
0.662
0.662
0.0207036
0.662
0.662
0.662
0.468195
0.409072
0.349817
0.662
0.662
0.662
0.0715635
0.349361
0.662
0.196434
0.662
0.662
0.0350037
0.49509
0.662
0.168945
0.662
0.662
0.662
0.662
0.0535739
0.662
0.0316078
0.287946
0.662
0.490026
0.662
0.521081
0.662
0.662
0.0810503
0.160691
0.471626
0.662
0.041119
0.329736
0.220855
0.0397362
0.235307
0.380758
0.662
0.662
0.205923
0.662
0.662
0.469912
0.132699
0.0927922
0.662
0.662
0.159635
0.364026
0.47342
0.662
0.0966062
0.383204
0.177914
0.209612
0.332954
0.662
0.662
0.426467
0.662
0.143184
0.662
0.199666
0.258057
0.0909149
0.0807358
0.143259
0.662
0.0860589
0.662
0.109275
0.255931
0.662
0.662
0.296882
0.662
0.213715
0.662
0.662
0.376065
0.262366
0.214494
0.0336113
0.662
0.662
0.662
0.260971
0.356088
0.517165
0.662
0.662
0.662
0.662
0.600008
0.662
0.662
0.306164
0.662
0.267914
0.662
0.662
0.221597
0.187044
0.286098
0.662
0.662
0.593115
0.662
0.662
0.0325315
0.315766
0.326607
0.662
0.662
0.4308
0.110392
0.662
0.401222
0.349474
0.384912
0.0140743
0.358385
0.662
0.662
0.0907867
0.662
0.441598
0.662
0.234975
0.0494607
0.662
0.209465
0.276021
0.149829
0.662
0.0605654
0.0826839
0.198571
0.662
0.209527
0.662
0.289477
0.161672
0.364908
0.376581
0.248978
0.449294
0.662
0.662
0.0518385
0.176312
0.662
0.662
0.0650778
0.662
0.20728
0.112507
0.662
0.662
0.353866
0.474574
0.474616
0.662
0.662
0.317012
0.662
0.662
0.662
0.206101
0.0997072
0.662
0.466359
0.662
0.14294
0.24299
0.662
0.662
0.662
0.662
0.1637
0.00171031
0.0211746
0.275812
0.658755
0.416674
0.242577
0.662
0.270648
0.175406
0.108353
0.0946776
0.662
0.321854
0.662
0.391316
0.662
0.155355
0.662
0.662
0.662
0.662
0.383993
0.307226
0.357694
0.231978
0.662
0.662
0.264472
0.419866
0.235034
0.189171
0.135231
0.114246
0.0916523
0.662
0.662
0.305081
0.662
0.23002
0.617889
0.32163
0.662
0.158863
0.394132
0.226535
0.253753
0.112116
0.662
0.314748
0.212489
0.17518
0.662
0.662
0.37531
0.662
0.309491
0.353738
0.662
0.218414
0.0385325
0.264626
0.662
0.662
0.36958
0.100954
0.460928
0.229899
0.118998
0.374295
0.0485729
0.662
0.221661
0.189029
0.472713
0.662
0.662
0.662
0.17763
0.327787
0.315945
0.202625
0.385821
0.662
0.0698414
0.28335
0.380441
0.442585
0.00610367
0.237413
0.436871
0.242428
0.500169
0.27327
0.662
0.0352279
0.340588
0.662
0.662
0.662
0.164754
0.207901
0.662
0.662
0.121518
0.662
0.662
0.662
0.662
0.391966
0.662
0.0562932
0.662
0.662
0.0853527
0.223566
0.349763
0.155777
0.662
0.662
0.2425
0.452515
0.447801
0.306078
0.37775
0.505207
0.662
0.231247
0.662
0.516594
0.466781
0.0977822
0.662
0.184469
0.371081
0.662
0.436634
0.180678
0.662
0.620925
0.662
0.327392
0.464982
0.224356
0.662
0.348872
0.117797
0.662
0.0362875
0.107795
0.255018
0.213705
0.662
0.662
0.662
0.662
0.122295
0.114432
0.662
0.154962
0.662
0.263985
0.127639
0.662
0.117327
0.35128
0.662
0.662
0.662
0.259652
0.662
0.1147
0.58838
0.662
0.662
0.484787
0.109214
0.333153
0.383317
0.481604
0.662
0.662
0.662
0.662
0.0599911
0.33455
0.109291
0.174301
0.662
0.662
0.308636
0.662
0.322615
0.307563
0.151833
0.656126
0.148454
0.0584571
0.400781
0.0618931
0.174295
0.199077
0.662
0.461977
0.434905
0.0247458
0.235016
0.662
0.126983
0.219908
0.049444
0.662
0.462196
0.103719
0.662
0.315974
0.276052
0.543898
0.15321
0.662
0.662
0.0766274
0.249856
0.206781
0.355923
0.199447
0.662
0.662
0.0777167
0.662
0.0392355
0.4591
0.0892406
0.662
0.0273519
0.662
0.444265
0.196917
0.166098
0.662
0.0933087
0.612865
0.2762
0.662
0.0833695
0.37786
0.335077
0.466407
0.300853
0.382102
0.390763
0.0292707
0.258547
0.453344
0.662
0.662
0.448447
0.181669
0.407601
0.218511
0.272138
0.662
0.135591
0.662
0.243671
0.262426
0.260536
0.0727928
0.241843
0.662
0.204874
0.662
0.662
0.662
0.662
0.662
0.424796
0.142184
0.204773
0.258733
0.662
0.277606
0.435786
0.27575
0.662
0.453297
0.376227
0.220995
0.276382
0.258956
0.59478
0.241987
0.11613
0.662
0.633737
0.662
0.662
0.117168
0.272964
0.540489
0.662
0.044409
0.662
0.302254
0.662
0.662
0.662
0.272956
0.1995
0.662
0.662
0.298176
0.610309
0.662
0.0973132
0.662
0.265548
0.662
0.662
0.273528
0.191268
0.662
0.662
0.571398
0.348957
0.533287
0.662
0.375061
0.662
0.662
0.526723
0.662
0.106065
0.303072
0.314534
0.662
0.238189
0.662
0.302005
0.662
0.383745
0.536854
0.662
0.662
0.662
0.662
0.662
0.206827
0.607651
0.205064
0.352817
0.0861149
0.432044
0.279717
0.290911
0.426412
0.236499
0.662
0.236223
0.662
0.662
0.662
0.662
0.662
0.565952
0.662
0.331061
0.662
0.303895
0.662
0.283967
0.220961
0.662
0.662
0.291476
0.662
0.662
0.180535
0.662
0.527801
0.0432361
0.482182
0.378207
0.662
0.0579393
0.662
0.662
0.662
0.244916
0.116038
0.246332
0.563647
0.203602
0.194218
0.437044
0.449503
0.521475
0.662
0.662
0.113535
0.180637
0.662
0.570021
0.216976
0.662
0.156907
0.237743
0.662
0.252911
0.662
0.258512
0.662
0.662
0.00550312
0.662
0.662
0.265407
0.662
0.0456295
0.413298
0.441517
0.662
0.276387
0.451037
0.662
0.662
0.319376
0.188277
0.327471
0.382393
0.662
0.662
0.27918
0.662
0.284464
0.188127
0.242006
0.662
0.662
0.337885
0.662
0.222846
0.00169288
0.42389
0.662
0.400021
0.0130458
0.662
0.662
0.662
0.662
0.187433
0.0362017
0.662
0.662
0.662
0.359711
0.435961
0.662
0.183575
0.372484
0.475763
0.662
0.454195
0.568232
0.296655
0.178811
0.449399
0.283756
0.662
0.0691894
0.550093
0.550062
0.182305
0.662
0.156092
0.056207
0.361934
0.662
0.662
0.507411
0.224816
0.0337595
0.182241
0.342543
0.662
0.47611
0.662
0.158317
0.662
0.662
0.662
0.662
0.662
0.662
0.318673
0.662
0.210362
0.175585
0.271051
0.662
0.492954
0.662
0.662
0.662
0.612153
0.662
0.249445
0.218648
0.662
0.662
0.662
0.418809
0.662
0.662
0.662
0.0423406
0.258798
0.662
0.202893
0.662
0.0957514
0.355448
0.662
0.662
0.662
0.320834
0.662
0.662
0.134426
0.662
0.662
0.21647
0.662
0.662
0.168771
0.184015
0.339365
0.00515357
0.518016
0.245603
0.662
0.662
0.662
0.662
0.644834
0.662
0.436492
0.662
0.353573
0.0456673
0.138714
0.662
0.101247
0.662
0.662
0.662
0.191771
0.59444
0.00232233
0.228298
0.662
0.52314
0.407587
0.662
0.662
0.429821
0.575691
0.17981
0.147372
0.0690209
0.239564
0.662
0.662
0.662
0.215935
0.456896
0.200473
0.662
0.662
0.662
0.0661142
0.341239
0.662
0.310381
0.266192
0.662
0.662
0.211801
0.0218756
0.267369
0.136676
0.133103
0.662
0.662
0.510687
0.233218
0.662
0.620489
0.21587
0.00696762
0.662
0.578222
0.490283
0.662
0.662
0.662
0.16114
0.662
0.0821814
0.662
0.186823
0.662
0.662
0.662
0.38733
0.662
0.662
0.146514
0.188098
0.431859
0.662
0.443426
0.367799
0.662
0.662
0.51002
0.460093
0.140507
0.662
0.279547
0.430394
0.215123
0.662
0.215798
0.662
0.3223
0.662
0.257531
0.282708
0.316861
0.662
0.662
0.662
0.662
0.246567
0.0325729
0.662
0.153222
0.662
0.0719132
0.497337
0.662
0.213368
0.302529
0.277879
0.11632
0.662
0.662
0.662
0.304179
0.248218
0.147349
0.46828
0.451742
0.662
0.662
0.662
0.211914
0.353542
0.662
0.302809
0.256072
0.458723
0.662
0.162137
0.662
0.191225
0.121156
0.320035
0.190462
0.662
0.373897
0.210862
0.127376
0.0513506
0.475251
0.662
0.0239275
0.44242
0.662
0.414976
0.0240372
0.662
0.226395
0.109893
0.662
0.662
0.662
0.662
0.662
0.0890488
0.00363444
0.276565
0.662
0.662
0.662
0.450387
0.662
0.196616
0.451289
0.662
0.305518
0.476414
0.662
0.251203
0.175149
0.662
0.203336
0.654889
0.430396
0.276925
0.221661
0.18071
0.157612
0.662
0.543429
0.214646
0.633391
0.219875
0.662
0.662
0.449255
0.242742
0.193771
0.363956
0.329143
0.207929
0.662
0.285415
0.233955
0.122946
0.208451
0.294801
0.119268
0.0204295
0.329725
0.265661
0.388989
0.257738
0.524436
0.662
0.662
0.357811
0.161805
0.172985
0.662
0.662
0.544345
0.232098
0.662
0.448361
0.229353
0.251902
0.432681
0.271717
0.662
0.662
0.662
0.662
0.252709
0.662
0.243431
0.662
0.319924
0.289604
0.206001
0.662
0.662
0.662
0.662
0.0429437
0.662
0.169063
0.262146
0.662
0.255794
0.662
0.662
0.249168
0.662
0.252689
0.409014
0.662
0.445412
0.329225
0.0585412
0.425302
0.571622
0.662
0.662
0.662
0.484301
0.223219
0.329007
0.137427
0.662
0.662
0.13634
0.662
0.155806
0.662
0.662
0.0784579
0.271225
0.662
0.662
0.0167623
0.371926
0.517119
0.662
0.662
0.502837
0.191513
0.290122
0.114665
0.461
0.662
0.15114
0.662
0.228402
0.331252
0.0552815
0.550068
0.662
0.619231
0.00434713
0.662
0.434451
0.662
0.662
0.662
0.170626
0.662
0.177585
0.662
0.662
0.662
0.662
0.662
0.0530483
0.50709
0.662
0.662
0.368854
0.110542
0.189159
0.662
0.144551
0.662
0.662
0.313126
0.0325646
0.662
0.637837
0.312982
0.581994
0.320407
0.175624
0.267733
0.662
0.289002
0.662
0.662
0.662
0.375248
0.225767
0.420156
0.0870336
0.142545
0.662
0.222095
0.662
0.253981
0.258918
0.662
0.212675
0.172784
0.662
0.662
0.233767
0.196488
0.578489
0.142242
0.497819
0.31284
0.662
0.118842
0.286357
0.662
0.617164
0.662
0.662
0.662
0.0886647
0.21391
0.501957
0.662
0.0154995
0.662
0.662
0.662
0.126596
0.406916
0.24658
0.662
0.0728414
0.662
0.662
0.354872
0.662
0.354361
0.432761
0.662
0.181599
0.148016
0.662
0.662
0.424168
0.662
0.378444
0.533825
0.662
0.662
0.167309
0.662
0.214694
0.662
0.473035
0.430242
0.662
0.662
0.466634
0.662
0.518068
0.17393
0.264132
0.662
0.662
0.20572
0.189749
0.400949
0.662
0.222293
0.662
0.20751
0.662
0.0382806
0.662
0.519279
0.0281973
0.662
0.662
0.241225
0.239864
0.343609
0.273221
0.359753
0.662
0.662
0.34618
0.662
0.662
0.662
0.39811
0.662
0.154341
0.319671
0.662
0.662
0.398099
0.127715
0.445083
0.662
0.312737
0.158254
0.0421853
0.124828
0.249879
0.447263
0.662
0.187657
0.447507
0.646132
0.662
0.662
0.219054
0.662
0.14859
0.43942
0.366797
0.325645
0.010629
0.662
0.662
0.25516
0.365236
0.662
0.662
0.662
0.191755
0.125577
0.662
0.213951
0.3186
0.662
0.328098
0.412594
0.465452
0.662
0.279353
0.662
0.161121
0.65564
0.458223
0.662
0.110423
0.204886
0.228402
0.662
0.662
0.157934
0.662
0.199958
0.0232209
0.662
0.469374
0.377831
0.662
0.662
0.0369616
0.458197
0.315236
0.662
0.662
0.230892
0.662
0.100393
0.111445
0.367694
0.2959
0.0737719
0.402228
0.393139
0.662
0.662
0.102397
0.662
0.231078
0.662
0.0946053
0.662
0.228732
0.662
0.134724
0.245206
0.662
0.662
0.163015
0.662
0.662
0.662
0.662
0.662
0.284485
0.261405
0.662
0.662
0.231931
0.410773
0.662
0.54672
0.662
0.228338
0.662
0.662
0.398225
0.25594
0.473299
0.662
0.193053
0.662
0.0331866
0.216485
0.0882631
0.409083
0.662
0.662
0.662
0.662
0.662
0.662
0.345915
0.260456
0.662
0.219559
0.662
0.662
0.662
0.217237
0.662
0.353021
0.275624
0.234691
0.337099
0.227719
0.0808395
0.340777
0.662
0.662
0.662
0.0973327
0.150062
0.662
0.0670225
0.369715
0.277246
0.435037
0.343409
0.122662
0.662
0.284046
0.259298
0.662
0.279385
0.662
0.184643
0.16436
0.122482
0.662
0.662
0.301489
0.0451548
0.362838
0.330175
0.662
0.188019
0.662
0.267295
0.662
0.187223
0.662
0.198616
0.236257
0.662
0.370493
0.662
0.187999
0.21484
0.209077
0.343516
0.409663
0.662
0.289374
0.662
0.662
0.338135
0.1932
0.420977
0.442686
0.662
0.662
0.438148
0.190313
0.395103
0.662
0.615251
0.662
0.662
0.65394
0.188824
0.298301
0.40611
0.156592
0.662
0.323001
0.1746
0.35381
0.0502188
0.662
0.330858
0.256078
0.184471
0.264385
0.662
0.662
0.0846912
0.662
0.465089
0.0892479
0.530726
0.662
0.662
0.0760299
0.346827
0.152302
0.0424116
0.662
0.252745
0.198658
0.285853
0.662
0.294028
0.148199
0.367891
0.281596
0.662
0.212268
0.662
0.662
0.326723
0.0854645
0.137025
0.216019
0.429987
0.401822
0.204761
0.662
0.506094
0.662
0.241632
0.380981
0.471352
0.455465
0.662
0.325564
0.662
0.662
0.429122
0.243114
0.210707
0.151499
0.662
0.662
0.193463
0.256259
0.150095
0.662
0.662
0.662
0.254769
0.662
0.329282
0.224028
0.420801
0.423924
0.385628
0.662
0.219162
0.662
0.662
0.662
0.453022
0.662
0.662
0.258335
0.662
0.662
0.399485
0.376573
0.662
0.0882789
0.662
0.377787
0.210227
0.662
0.662
0.662
0.662
0.00726776
0.287636
0.55328
0.662
0.562285
0.423093
0.195547
0.610816
0.662
0.662
0.31405
0.141892
0.662
0.662
0.498237
0.432465
0.662
0.279245
0.662
0.0738646
0.658908
0.662
0.569836
0.125148
0.232324
0.484091
0.662
0.025067
0.450083
0.662
0.474768
0.662
0.187554
0.662
0.00557068
0.304843
0.629852
0.364286
0.14175
0.476356
0.662
0.662
0.448203
0.31555
0.441061
0.0664383
0.378717
0.323504
0.284989
0.348655
0.129032
0.36657
0.378877
0.662
0.662
0.268574
0.662
0.538091
0.662
0.0905477
0.662
0.104706
0.662
0.276389
0.510388
0.662
0.337634
0.169832
0.284957
0.662
0.662
0.42858
0.662
0.662
0.662
0.172764
0.662
0.662
0.662
0.0725767
0.340229
0.662
0.662
0.662
0.408901
0.521136
0.662
0.0373705
0.231507
0.0709523
0.0615069
0.172284
0.352622
0.290275
0.534052
0.662
0.662
0.592717
0.662
0.662
0.587974
0.139595
0.662
0.452668
0.262705
0.662
0.662
0.124276
0.156016
0.662
0.662
0.207177
0.662
0.446435
0.014225
0.662
0.662
0.00424113
0.2416
0.250427
0.662
0.662
0.130806
0.662
0.662
0.662
0.269917
0.662
0.602306
0.252036
0.662
0.662
0.0106235
0.169052
0.56445
0.149825
0.0823793
0.420353
0.198103
0.156911
0.258992
0.191591
0.359526
0.210572
0.662
0.105271
0.211643
0.662
0.089625
0.662
0.265642
0.662
0.170924
0.378391
0.204515
0.405136
0.662
0.662
0.662
0.662
0.205823
0.393118
0.102012
0.0880712
0.298707
0.662
0.114995
0.662
0.247828
0.402248
0.662
0.662
0.359581
0.207331
0.662
0.361626
0.662
0.216302
0.40613
0.662
0.235528
0.440837
0.148627
0.311082
0.484548
0.490119
0.549986
0.538366
0.331019
0.152178
0.00611557
0.662
0.234201
0.662
0.21167
0.477147
0.228644
0.434767
0.168119
0.354892
0.311722
0.225918
0.662
0.662
0.1272
0.271744
0.662
0.136952
0.126923
0.458657
0.329712
0.121083
0.482315
0.662
0.460803
0.662
0.244584
0.662
0.662
0.293207
0.217954
0.107901
0.43904
0.280391
0.618453
0.356706
0.510405
0.531106
0.662
0.662
0.662
0.662
0.662
0.19038
0.296575
0.662
0.262048
0.512407
0.0844342
0.207623
0.415966
0.131459
0.662
0.350519
0.662
0.436204
0.0760758
0.662
0.321331
0.316578
0.662
0.281726
0.384398
0.662
0.345845
0.0445572
0.0739164
0.06947
0.662
0.483581
0.662
0.662
0.662
0.662
0.0199622
0.254299
0.662
0.490579
0.0714137
0.662
0.0557117
0.662
0.662
0.167575
0.261898
0.472275
0.662
0.171885
0.662
0.21611
0.662
0.662
0.662
0.0600749
0.662
0.477267
0.158855
0.414035
0.00316789
0.450638
0.662
0.662
0.249465
0.393046
0.662
0.303982
0.202547
0.0668831
0.645291
0.139298
0.662
0.149521
0.24599
0.662
0.662
0.662
0.662
0.132623
0.124649
0.543961
0.662
0.662
0.662
0.349736
0.662
0.662
0.662
0.662
0.662
0.662
0.285494
0.439112
0.21153
0.662
0.662
0.34129
0.297849
0.662
0.662
0.172269
0.662
0.137602
0.229696
0.482252
0.662
0.662
0.35906
0.662
0.662
0.662
0.662
0.271379
0.662
0.226506
0.662
0.217469
0.490334
0.0742007
0.662
0.183239
0.209804
0.662
0.115711
0.662
0.118326
0.662
0.662
0.662
0.64181
0.238312
0.297047
0.347379
0.662
0.126963
0.662
0.223501
0.189764
0.0383697
0.662
0.543055
0.662
0.662
0.197629
0.662
0.436921
0.290997
0.178495
0.438293
0.662
0.223433
0.369007
0.427033
0.261706
0.123715
0.363503
0.318893
0.483226
0.278492
0.187974
0.645423
0.442668
0.118434
0.265083
0.000113469
0.662
0.393951
0.547417
0.0287627
0.105246
0.223614
0.662
0.189097
0.267205
0.309057
0.293735
0.562989
0.662
0.662
0.662
0.127247
0.662
0.243678
0.207621
0.587676
0.100983
0.662
0.662
0.662
0.276308
0.505577
0.0521127
0.662
0.434194
0.0249546
0.428661
0.0915999
0.319366
0.662
0.210168
0.550533
0.662
0.413247
0.215242
0.135293
0.662
0.39886
0.662
0.133419
0.662
0.414259
0.662
0.14606
0.447469
0.662
0.428878
0.583048
0.662
0.372147
0.662
0.338839
0.662
0.350171
0.248122
0.363359
0.662
0.371622
0.125562
0.32491
0.191874
0.662
0.662
0.519167
0.387949
0.607459
0.662
0.485369
0.323134
0.24879
0.288299
0.662
0.662
0.315289
0.662
0.662
0.549874
0.662
0.258245
0.662
0.316164
0.662
0.662
0.662
0.230919
0.40589
0.662
0.178898
0.0749166
0.662
0.170038
0.132212
0.506109
0.334499
0.662
0.662
0.103933
0.285116
0.235134
0.662
0.662
0.194759
0.662
0.662
0.225572
0.192922
0.137251
0.115199
0.0285201
0.208947
0.662
0.662
0.662
0.662
0.28306
0.0496364
0.150264
0.163802
0.268306
0.370906
0.662
0.160146
0.662
0.51122
0.363306
0.662
0.662
0.366061
0.179511
0.662
0.206036
0.463008
0.0481116
0.379876
0.662
0.373847
0.662
0.305052
0.662
0.662
0.426944
0.662
0.195545
0.662
0.434195
0.0751794
0.303192
0.411012
0.662
0.662
0.204927
0.216971
0.214202
0.214679
0.189024
0.265493
0.442835
0.662
0.662
0.662
0.198231
0.108523
0.133606
0.662
0.0644316
0.266793
0.662
0.416694
0.296633
0.0476417
0.662
0.662
0.661081
0.662
0.144764
0.617676
0.141227
0.662
0.169694
0.156763
0.662
0.381385
0.211226
0.662
0.662
0.225169
0.393338
0.662
0.0993354
0.41296
0.102532
0.172669
0.662
0.547192
0.419007
0.662
0.250154
0.406309
0.413627
0.148451
0.662
0.0823887
0.662
0.648805
0.662
0.662
0.356057
0.154392
0.217319
0.131708
0.20069
0.363047
0.0445464
0.337685
0.268678
0.662
0.0781159
0.661069
0.273688
0.422729
0.662
0.662
0.662
0.26498
0.142985
0.102
0.282089
0.662
0.351873
0.662
0.240779
0.662
0.660428
0.221446
0.55214
0.205702
0.224278
0.467594
0.662
0.279341
0.550191
0.662
0.122793
0.662
0.662
0.324074
0.662
0.202671
0.218365
0.662
0.247048
0.253393
0.262749
0.662
0.275338
0.0689894
0.4435
0.308337
0.274332
0.141725
0.662
0.408731
0.480964
0.566508
0.662
0.662
0.566127
0.133691
0.415386
0.414147
0.662
0.662
0.662
0.258972
0.281736
0.662
0.261392
0.662
0.662
0.0739888
0.263843
0.662
0.385571
0.6506
0.662
0.662
0.662
0.662
0.18346
0.662
0.19537
0.453514
0.662
0.084738
0.662
0.147521
0.662
0.210829
0.140911
0.341365
0.473726
0.243666
0.400683
0.214566
0.269018
0.662
0.662
0.662
0.365443
0.187826
0.0418114
0.662
0.662
0.662
0.176712
0.184332
0.381233
0.224989
0.662
0.256032
0.374852
0.662
0.662
0.662
0.628923
0.484001
0.662
0.662
0.185165
0.481104
0.662
0.623818
0.397959
0.662
0.662
0.662
0.632691
0.662
0.0834586
0.662
0.662
0.0307855
0.238835
0.359629
0.214881
0.0572858
0.618419
0.111223
0.184201
0.46259
0.662
0.188148
0.00622093
0.0222057
0.244088
0.109943
0.662
0.575625
0.0479462
0.462546
0.206622
0.662
0.634718
0.662
0.211579
0.662
0.662
0.580298
0.662
0.178865
0.118309
0.392426
0.0700964
0.428284
0.261045
0.436876
0.662
0.662
0.662
0.662
0.199825
0.662
0.361551
0.662
0.662
0.127297
0.220012
0.297653
0.445249
0.662
0.662
0.38033
0.662
0.662
0.263866
0.419252
0.144285
0.240733
0.356649
0.662
0.662
0.154725
0.115052
0.651468
0.662
0.252544
0.662
0.0741876
0.662
0.662
0.662
0.662
0.662
0.662
0.662
0.329398
0.385735
0.662
0.662
0.662
0.068059
0.362156
0.662
0.0151936
0.141762
0.269987
0.277758
0.434234
0.355567
0.320849
0.0365099
0.137657
0.662
0.0740594
0.452596
0.447026
0.135027
0.0456801
0.662
0.662
0.662
0.330004
0.206279
0.214894
0.170764
0.481866
0.662
0.662
0.128505
0.291401
0.201542
0.662
0.483645
0.662
0.102831
0.662
0.147815
0.662
0.662
0.662
0.193169
0.0756833
0.662
0.458793
0.274992
0.145696
0.662
0.662
0.0786164
0.404277
0.255611
0.662
0.144449
0.457729
0.662
0.248889
0.662
0.209807
0.662
0.582345
0.205548
0.069454
0.438204
0.662
0.367247
0.0929324
0.435525
0.192401
0.00996611
0.407433
0.181196
0.644634
0.233027
0.662
0.456394
0.0980012
0.662
0.133364
0.493972
0.0904376
0.375894
0.191841
0.329464
0.662
0.662
0.662
0.305064
0.662
0.315767
0.662
0.662
0.662
0.150959
0.0163442
0.662
0.172669
0.0660968
0.291952
0.230141
0.242102
0.662
0.372061
0.296368
0.441908
0.165768
0.359709
0.240991
0.662
0.662
0.467946
0.0533173
0.279352
0.662
0.215689
0.29758
0.662
0.298763
0.428141
0.0781772
0.662
0.662
0.22728
0.662
0.319699
0.175805
0.337668
0.457423
0.662
0.662
0.662
0.0474125
0.366632
0.660982
0.386666
0.390343
0.425854
0.090595
0.392998
0.242595
0.662
0.662
0.338459
0.662
0.255941
0.209264
0.234534
0.662
0.290675
0.662
0.375699
0.662
0.662
0.29863
0.106551
0.662
0.103225
0.386838
0.323287
0.187966
0.331661
0.186231
0.662
0.446273
0.662
0.662
0.662
0.662
0.286752
0.25407
0.662
0.511035
0.456956
0.240069
0.138639
0.389259
0.662
0.224774
0.328922
0.579148
0.662
0.0342117
0.662
0.662
0.258997
0.26961
0.368701
0.662
0.662
0.17832
0.662
0.0895033
0.0691534
0.662
0.662
0.662
0.662
0.134486
0.541891
0.662
0.375549
0.662
0.129438
0.251335
0.317227
0.235903
0.376278
0.116705
0.340598
0.0797606
0.662
0.123168
0.662
0.226509
0.662
0.662
0.226333
0.662
0.202798
0.662
0.662
0.662
0.662
0.662
0.3335
0.250918
0.352553
0.322451
0.404309
0.181389
0.142883
0.197289
0.662
0.662
0.189925
0.0919974
0.465656
0.335448
0.662
0.285953
0.662
0.144166
0.241668
0.189948
0.662
0.238817
0.258182
0.445355
0.193371
0.662
0.466519
0.0842607
0.662
0.385373
0.261619
0.168305
0.0502593
0.230173
0.148445
0.187113
0.662
0.662
0.662
0.662
0.279146
0.291627
0.0788779
0.317491
0.662
0.268271
0.487689
0.168359
0.662
0.197912
0.662
0.309405
0.662
0.206638
0.662
0.662
0.37568
0.662
0.240035
0.613186
0.151896
0.662
0.662
0.199287
0.136997
0.0310415
0.662
0.0427931
0.662
0.233843
0.662
0.145036
0.201917
0.434916
0.662
0.399661
0.111455
0.454454
0.662
0.00377154
0.265109
0.662
0.232032
0.490838
0.466709
0.269501
0.338041
0.662
0.421981
0.662
0.113348
0.662
0.662
0.49229
0.662
0.662
0.662
0.0186746
0.662
0.358577
0.662
0.662
0.662
0.460272
0.0388829
0.215509
0.64075
0.210215
0.0736596
0.423492
0.662
0.57739
0.395738
0.662
0.127545
0.156212
0.662
0.352288
0.662
0.576319
0.662
0.418412
0.0278335
0.662
0.336827
0.187885
0.662
0.284614
0.0466953
0.143813
0.662
0.662
0.662
0.662
0.608104
0.176704
0.250163
0.22566
0.662
0.332493
0.662
0.0259904
0.662
0.331601
0.0630173
0.517136
0.662
0.258618
0.662
0.170335
0.662
0.662
0.292331
0.662
0.662
0.408255
0.197593
0.408959
0.186798
0.224322
0.662
0.345978
0.662
0.633716
0.61854
0.0825722
0.662
0.662
0.662
0.217444
0.662
0.662
0.244618
0.00112386
0.211584
0.2011
0.266643
0.662
0.265135
0.229911
0.662
0.662
0.368962
0.128689
0.662
0.284833
0.253055
0.662
0.662
0.222645
0.545959
0.423242
0.662
0.263855
0.662
0.662
0.00750188
0.062655
0.662
0.662
0.628715
0.662
0.21489
0.193947
0.347863
0.662
0.174191
0.662
0.00995747
0.192249
0.662
0.662
0.245661
0.299533
0.350816
0.354417
0.662
0.662
0.515544
0.0229837
0.234498
0.0853569
0.506424
0.662
0.151797
0.662
0.211613
0.238478
0.662
0.662
0.424039
0.240097
0.0648135
0.195692
0.021433
0.662
0.403781
0.219977
0.662
0.662
0.529623
0.0802546
0.0732027
0.278953
0.145332
0.418198
0.299963
0.662
0.662
0.466556
0.134862
0.662
0.284199
0.662
0.662
0.662
0.657376
0.662
0.662
0.311018
0.457971
0.356419
0.290991
0.594986
0.662
0.318139
0.308084
0.662
0.0788442
0.25469
0.662
0.40827
0.252172
0.662
0.170557
0.390186
0.00127096
0.428043
0.171819
0.310226
0.224578
0.662
0.118548
0.662
0.447863
0.277701
0.169538
0.00452036
0.662
0.662
0.662
0.0605736
0.201125
0.300415
0.0159272
0.0421671
0.178647
0.662
0.197705
0.141062
0.662
0.312689
0.662
0.255494
0.662
0.662
0.439286
0.662
0.0568195
0.446011
0.662
0.0736969
0.662
0.662
0.38667
0.0781059
0.253581
0.174165
0.662
0.23959
0.662
0.277667
0.662
0.39412
0.662
0.184702
0.662
0.378829
0.0412342
0.345118
0.187073
0.197513
0.662
0.0770302
0.662
0.378491
0.662
0.146855
0.662
0.012325
0.662
0.610353
0.336927
0.662
0.36742
0.662
0.498338
0.473994
0.662
0.662
0.654062
0.462667
0.178061
0.662
0.203229
0.0811476
0.25303
0.0905356
0.185563
0.263441
0.662
0.187784
0.662
0.662
0.0703881
0.372193
0.194439
0.216768
0.364322
0.110641
0.662
0.662
0.662
0.318346
0.347053
0.662
0.390165
0.192814
0.662
0.18701
0.662
0.136458
0.216883
0.204682
0.214317
0.129195
0.662
0.363607
0.662
0.0317582
0.160666
0.426385
0.435662
0.662
0.243247
0.445682
0.662
0.662
0.662
0.359699
0.14871
0.662
0.372866
0.345086
0.662
0.662
0.0927031
0.469485
0.00358145
0.273554
0.662
0.662
0.383579
0.662
0.662
0.662
0.662
0.662
0.229271
0.662
0.467651
0.00260287
0.0971216
0.662
0.263736
0.413103
0.0613993
0.662
0.098961
0.662
0.662
0.166855
0.239086
0.194768
0.222085
0.513036
0.318186
0.135864
0.307602
0.217447
0.662
0.04897
0.662
0.662
0.442659
0.496942
0.455163
0.210272
0.662
0.662
0.374932
0.251358
0.662
0.662
0.662
0.662
0.662
0.255853
0.166675
0.00158311
0.402412
0.467209
0.662
0.480842
0.662
0.662
0.0636008
0.10331
0.662
0.662
0.662
0.662
0.662
0.173787
0.662
0.112734
0.265147
0.226972
0.662
0.662
0.662
0.662
0.662
0.471967
0.662
0.372766
0.662
0.414985
0.662
0.441775
0.325173
0.662
0.24895
0.324772
0.662
0.251341
0.0231108
0.284372
0.0776407
0.308351
0.253621
0.662
0.53549
0.327511
0.195818
0.546738
0.466205
0.18613
0.305292
0.208414
0.463503
0.0197386
0.0807104
0.662
0.662
0.328795
0.268525
0.662
0.420861
0.270452
0.662
0.662
0.662
0.406822
0.662
0.254814
0.662
0.662
0.316928
0.13984
0.0964245
0.363042
0.662
0.662
0.127957
0.662
0.227311
0.414829
0.483285
0.184859
0.662
0.662
0.53905
0.11371
0.464084
0.405295
0.398739
0.40723
0.662
0.115977
0.662
0.662
0.662
0.398881
0.266073
0.288749
0.419831
0.662
0.159206
0.128907
0.416429
0.190577
0.248965
0.0892092
0.365869
0.662
0.15854
0.306776
0.431274
0.338686
0.662
0.464991
0.662
0.662
0.662
0.340874
0.662
0.662
0.662
0.436166
0.246986
0.45114
0.338447
0.662
0.662
0.357729
0.662
0.662
0.172788
0.662
0.662
0.191044
0.662
0.662
0.213577
0.206439
0.544732
0.662
0.662
0.357395
0.221852
0.0121493
0.286968
0.479301
0.662
0.662
0.662
0.662
0.662
0.662
0.322555
0.662
0.377187
0.662
0.662
0.662
0.253201
0.662
0.487114
0.229266
0.0796341
0.0182038
0.584956
0.209541
0.3512
0.164897
0.415065
0.662
0.146283
0.285095
0.662
0.662
0.450405
0.662
0.203527
0.0498007
0.662
0.662
0.23983
0.662
0.0689797
0.141727
0.662
0.662
0.311011
0.159211
0.637384
0.662
0.32617
0.662
0.662
0.662
0.662
0.429427
0.234354
0.120522
0.196807
0.355621
0.113765
0.150447
0.662
0.0780003
0.354313
0.662
0.662
0.412179
0.357317
0.662
0.662
0.126089
0.624945
0.137096
0.430048
0.252286
0.275031
0.450183
0.382044
0.662
0.327614
0.662
0.445926
0.662
0.0254686
0.0603093
0.474477
0.625915
0.294871
0.466131
0.328583
0.583364
0.659049
0.662
0.662
0.662
0.5944
0.248648
0.176905
0.662
0.293487
0.141515
0.41077
0.435629
0.662
0.423247
0.311115
0.662
0.662
0.311641
0.287846
0.164629
0.662
0.215744
0.342302
0.662
0.662
0.245662
0.662
0.314482
0.662
0.315878
0.662
0.662
0.058647
0.406929
0.343702
0.662
0.461994
0.207482
0.662
0.662
0.26466
0.026771
0.662
0.562447
0.662
0.517822
0.662
0.157635
0.662
0.662
0.476422
0.222429
0.388259
0.601037
0.351978
0.37065
0.662
0.662
0.0639621
0.166965
0.311294
0.662
0.560547
0.279503
0.180744
0.312212
0.662
0.267973
0.128689
0.363834
0.378753
0.276069
0.24491
0.662
0.100719
0.195277
0.662
0.250243
0.195582
0.377209
0.060718
0.662
0.266934
0.662
0.292569
0.662
0.662
0.442067
0.208413
0.16592
0.27986
0.12041
0.662
0.0223619
0.0452454
0.0928927
0.238112
0.662
0.126398
0.217031
0.393741
0.350837
0.662
0.662
0.0836144
0.662
0.162849
0.210185
0.559423
0.367122
0.423743
0.662
0.474713
0.662
0.662
0.662
0.157325
0.410965
0.12896
0.0702585
0.129841
0.219362
0.0693797
0.29422
0.184958
0.662
0.307958
0.227787
0.662
0.317073
0.662
0.39233
0.0628362
0.662
0.662
0.00631614
0.662
0.332271
0.128411
0.221568
0.158074
0.136062
0.662
0.271489
0.369339
0.342966
0.62426
0.35757
0.413225
0.662
0.413984
0.366415
0.662
0.662
0.267472
0.0881195
0.662
0.219481
0.662
0.662
0.386288
0.144906
0.184845
0.416294
0.662
0.662
0.537653
0.126932
0.662
0.662
0.662
0.662
0.662
0.362629
0.662
0.662
0.634572
0.239291
0.504074
0.662
0.662
0.394154
0.197687
0.0713677
0.662
0.0721983
0.169334
0.280891
0.265933
0.662
0.662
0.662
0.427369
0.662
0.662
0.28673
0.662
0.395211
0.662
0.662
0.662
0.267744
0.147915
0.135468
0.139526
0.662
0.662
0.426118
0.36413
0.226629
0.0969847
0.662
0.267788
0.33003
0.235677
0.199612
0.662
0.179864
0.408675
0.511707
0.159649
0.216179
0.662
0.662
0.199427
0.662
0.662
0.353488
0.56055
0.662
0.576566
0.662
0.662
0.662
0.122504
0.662
0.662
0.218358
0.0845734
0.256464
0.372405
0.462965
0.555019
0.0145626
0.445158
0.662
0.464961
0.362704
0.662
0.2838
0.00761967
0.662
0.230414
0.662
0.662
0.662
0.662
0.268456
0.662
0.327774
0.507494
0.662
0.662
0.110145
0.185703
0.336893
0.323891
0.662
0.300901
0.178164
0.134581
0.392382
0.662
0.348555
0.329076
0.523458
0.208839
0.359697
0.128343
0.662
0.193499
0.662
0.236125
0.262406
0.662
0.565192
0.366992
0.0177942
0.662
0.211813
0.480774
0.662
0.662
0.462739
0.662
0.662
0.662
0.200879
0.662
0.662
0.421291
0.662
0.392589
0.466623
0.375421
0.0673828
0.0694487
0.192562
0.363056
0.662
0.219931
0.662
0.323911
0.163869
0.662
0.662
0.375481
0.662
0.329351
0.662
0.40673
0.306603
0.340588
0.284952
0.662
0.130464
0.262139
0.0400187
0.662
0.341136
0.0271577
0.347304
0.47755
0.163928
0.662
0.662
0.662
0.160497
0.42813
0.462102
0.662
0.330199
0.310119
0.662
0.398989
0.662
0.662
0.414604
0.475055
0.162466
0.220924
0.293279
0.332477
0.662
0.309286
0.309789
0.662
0.662
0.625024
0.444686
0.662
0.662
0.137857
0.233232
0.277869
0.163512
0.571781
0.006282
0.361169
0.195955
0.112261
0.662
0.662
0.321361
0.248227
0.642469
0.230928
0.407964
0.605012
0.0396146
0.121281
0.217671
0.0501724
0.662
0.0287194
0.215829
0.134933
0.662
0.06349
0.234504
0.662
0.342821
0.662
0.662
0.662
0.347886
0.105162
0.662
0.662
0.662
0.253324
0.269445
0.380278
0.662
0.291467
0.570135
0.662
0.105273
0.662
0.662
0.662
0.339651
0.356901
0.240612
0.662
0.337765
0.662
0.395209
0.662
0.326556
0.662
0.0295332
0.0255124
0.468759
0.662
0.662
0.662
0.662
0.37193
0.662
0.509469
0.255491
0.192133
0.299279
0.662
0.138532
0.250438
0.662
0.662
0.662
0.662
0.662
0.662
0.220191
0.185452
0.357429
0.49824
0.159299
0.374777
0.0696206
0.079085
0.500933
0.0631815
0.569749
0.604703
0.662
0.662
0.662
0.662
0.662
0.287997
0.129871
0.662
0.662
0.420288
0.432193
0.662
0.148593
0.304475
0.662
0.662
0.662
0.40552
0.662
0.312848
0.0557256
0.662
0.0625506
0.662
0.662
0.662
0.662
0.0965873
0.205908
0.662
0.662
0.22292
0.344525
0.0743627
0.473442
0.662
0.0218575
0.592663
0.662
0.25435
0.214219
0.461869
0.662
0.154969
0.190144
0.662
0.186805
0.515176
0.297151
0.340617
0.186703
0.208921
0.662
0.662
0.239941
0.662
0.120459
0.662
0.662
0.258124
0.268566
0.113366
0.662
0.476911
0.662
0.662
0.448454
0.360551
0.662
0.173312
0.662
0.0992877
0.0278586
0.662
0.244163
0.320086
0.173092
0.185687
0.662
0.0102355
0.652914
0.340235
0.662
0.662
0.141496
0.10632
0.415295
0.0619295
0.662
0.662
0.456363
0.200991
0.220727
0.662
0.175278
0.662
0.201297
0.196706
0.140988
0.662
0.662
0.662
0.0747664
0.490912
0.108242
0.662
0.662
0.201077
0.356676
0.37121
0.662
0.662
0.200547
0.36825
0.433332
0.322906
0.447247
0.659105
0.302834
0.186325
0.0505114
0.298975
0.662
0.555652
0.662
0.662
0.18687
0.406287
0.662
0.662
0.662
0.662
0.358372
0.662
0.662
0.462054
0.170152
0.288674
0.278273
0.261287
0.662
0.202581
0.662
0.478099
0.0704416
0.462601
0.385337
0.662
0.450323
0.0743179
0.289583
0.662
0.0569305
0.662
0.662
0.250435
0.188385
0.201002
0.231429
0.316131
0.277077
0.187018
0.133786
0.00308539
0.662
0.16794
0.662
0.662
0.463853
0.271296
0.662
0.344933
0.479716
0.487004
0.662
0.257529
0.274432
0.289794
0.397734
0.662
0.557486
0.386628
0.330708
0.605647
0.662
0.307073
0.662
0.662
0.145503
0.339051
0.0767333
0.0357286
0.452154
0.662
0.307402
0.320678
0.662
0.662
0.287285
0.322077
0.662
0.662
0.0019961
0.662
0.0544059
0.227902
0.119634
0.662
0.662
0.662
0.194928
0.662
0.283637
0.662
0.662
0.559798
0.136933
0.401399
0.168047
0.197998
0.244487
0.662
0.516835
0.413353
0.395222
0.662
0.662
0.037578
0.662
0.249512
0.662
0.244012
0.235353
0.404983
0.662
0.165065
0.351172
0.410366
0.662
0.662
0.429346
0.662
0.662
0.662
0.222913
0.662
0.662
0.387775
0.0387857
0.516488
0.297303
0.323374
0.662
0.454381
0.112327
0.662
0.662
0.116688
0.662
0.260127
0.662
0.268231
0.383373
0.578455
0.662
0.339311
0.380393
0.530014
0.218651
0.662
0.662
0.0843584
0.630972
0.253165
0.390711
0.662
0.304625
0.662
0.515616
0.662
0.476527
0.662
0.343087
0.245736
0.342372
0.351892
0.468307
0.662
0.186924
0.662
0.662
0.662
0.422752
0.00257482
0.0831747
0.203696
0.662
0.234345
0.662
0.662
0.226343
0.296456
0.662
0.662
0.320219
0.474242
0.344893
0.662
0.337713
0.0700082
0.662
0.662
0.662
0.394659
0.662
0.455525
0.226085
0.203289
0.662
0.662
0.228201
0.662
0.0465215
0.662
0.263219
0.662
0.320674
0.662
0.243355
0.662
0.461457
0.662
0.662
0.490127
0.662
0.662
0.255166
0.280617
0.662
0.537674
0.662
0.662
0.662
0.662
0.662
0.465562
0.26921
0.309123
0.253317
0.662
0.36106
0.41176
0.297667
0.662
0.366996
0.662
0.18887
0.662
0.403094
0.0421806
0.463526
0.662
0.662
0.0320593
0.0963222
0.33439
0.662
0.662
0.35933
0.41665
0.662
0.662
0.340065
0.289001
0.662
0.662
0.526562
0.662
0.258297
0.356829
0.662
0.249947
0.240697
0.0943312
0.0629848
0.662
0.662
0.199566
0.482212
0.294308
0.410819
0.219644
0.662
0.662
0.0244324
0.147444
0.370296
0.24544
0.604081
0.662
0.346919
0.145142
0.250277
0.339877
0.662
0.662
0.662
0.598559
0.0756517
0.0613892
0.662
0.0871654
0.225736
0.662
0.190977
0.440181
0.662
0.119883
0.3487
0.662
0.261665
0.356083
0.662
0.191685
0.649003
0.662
0.0099724
0.193323
0.188799
0.662
0.0692452
0.662
0.662
0.199259
0.662
0.662
0.649951
0.60459
0.662
0.442838
0.215728
0.662
0.662
0.662
0.035473
0.662
0.23144
0.354907
0.531378
0.430756
0.662
0.662
0.662
0.498458
0.32663
0.227556
0.662
0.662
0.662
0.662
0.068392
0.662
0.662
0.19149
0.662
0.223875
0.662
0.431586
0.662
0.604536
0.662
0.0540192
0.417621
0.269067
0.662
0.662
0.662
0.662
0.662
0.662
0.662
0.476794
0.271284
0.44722
0.662
0.0655924
0.662
0.662
0.236981
0.662
0.662
0.0226692
0.641096
0.258239
0.662
0.662
0.422527
0.662
0.152353
0.434051
0.662
0.235564
0.265346
0.662
0.662
0.36118
0.190995
0.408678
0.232259
0.0298547
0.312381
0.129918
0.14319
0.662
0.662
0.186256
0.662
0.0472192
0.662
0.213912
0.244907
0.264156
0.662
0.163308
0.662
0.202505
0.00246022
0.662
0.473949
0.171325
0.662
0.662
0.327955
0.290182
0.324834
0.268429
0.662
0.0691526
0.519272
0.14502
0.662
0.317302
0.662
0.194819
0.323885
0.662
0.662
0.662
0.535359
0.131665
0.100501
0.662
0.302486
0.393808
0.14379
0.662
0.662
0.0993871
0.205518
0.662
0.233088
0.164485
0.662
0.309058
0.206252
0.612589
0.662
0.662
0.380715
0.662
0.201274
0.131344
0.662
0.330635
0.662
0.662
0.350807
0.662
0.662
0.214612
0.662
0.0637536
0.662
0.0367264
0.546115
0.662
0.662
0.281598
0.471039
0.29315
0.183566
0.172826
0.211451
0.47461
0.662
0.242883
0.662
0.53427
0.662
0.662
0.0670493
0.316793
0.662
0.057942
0.168886
0.662
0.314537
0.662
0.662
0.662
0.662
0.272148
0.662
0.662
0.300097
0.202412
0.338755
0.0134555
0.244355
0.662
0.363239
0.38596
0.662
0.662
0.662
0.107732
0.262305
0.397073
0.662
0.204668
0.662
0.662
0.1558
0.662
0.341415
0.193097
0.470961
0.201315
0.662
0.513721
0.483906
0.14764
0.662
0.470511
0.255264
0.662
0.662
0.116082
0.539161
0.267349
0.385034
0.163867
0.410236
0.057296
0.662
0.662
0.473691
0.662
0.662
0.662
0.0730285
0.662
0.190185
0.475098
0.662
0.117339
0.108871
0.662
0.167249
0.331192
0.218251
0.187113
0.0805995
0.273189
0.662
0.166118
0.180075
0.499656
0.301559
0.642475
0.202541
0.662
0.662
0.106099
0.122251
0.192061
0.646497
0.662
0.380198
0.317388
0.365693
0.662
0.555881
0.309452
0.662
0.233718
0.662
0.4282
0.662
0.662
0.662
0.662
0.662
0.52729
0.662
0.662
0.662
0.333843
0.662
0.662
0.0697438
0.114635
0.662
0.662
0.151479
0.662
0.12143
0.300119
0.616519
0.662
0.662
0.662
0.662
0.662
0.306528
0.662
0.0647913
0.662
0.662
0.436789
0.205166
0.216968
0.662
0.142215
0.662
0.104564
0.115259
0.0953876
0.662
0.241511
0.155462
0.662
0.413848
0.662
0.374899
0.0128892
0.117129
0.662
0.662
0.277889
0.0743536
0.662
0.529177
0.662
0.662
0.133089
0.492897
0.179779
0.0847761
0.139567
0.342849
0.662
0.274827
0.403374
0.396679
0.279751
0.662
0.148567
0.144778
0.460244
0.408729
0.211068
0.138935
0.270783
0.662
0.662
0.0269762
0.662
0.22809
0.662
0.301431
0.662
0.0322493
0.205048
0.470789
0.662
0.516186
0.218046
0.662
0.662
0.662
0.10164
0.662
0.202065
0.390939
0.662
0.662
0.238722
0.662
0.662
0.662
0.662
0.440704
0.30982
0.154661
0.0617688
0.662
0.662
0.210162
0.117559
0.662
0.110459
0.421595
0.117479
0.662
0.662
0.618224
0.662
0.662
0.441134
0.510064
0.119436
0.172883
0.310028
0.292573
0.443004
0.662
0.23293
0.662
0.166076
0.157804
0.379107
0.48123
0.241169
0.544703
0.468671
0.0678702
0.662
0.662
0.396215
0.662
0.350228
0.662
0.662
0.44336
0.662
0.662
0.662
0.385157
0.233794
0.470571
0.0118252
0.538468
0.227156
0.233242
0.358451
0.662
0.662
0.563635
0.281168
0.662
0.662
0.118064
0.292716
0.216192
0.662
0.452546
0.662
0.662
0.662
0.324176
0.185355
0.662
0.564501
0.209765
0.196217
0.662
0.662
0.177092
0.662
0.395265
0.288811
0.203351
0.662
0.662
0.235124
0.662
0.439043
0.413101
0.662
0.662
0.662
0.633397
0.456842
0.229697
0.465994
0.252185
0.662
0.662
0.590784
0.662
0.270688
0.662
0.434614
0.662
0.662
0.473977
0.409549
0.662
0.0683013
0.409514
0.496363
0.42716
0.662
0.662
0.662
0.46049
0.662
0.142221
0.0734363
0.662
0.662
0.446838
0.662
0.465686
0.481771
0.662
0.297303
0.304441
0.662
0.436783
0.662
0.662
0.237503
0.286572
0.321394
0.662
0.598827
0.662
0.552499
0.662
0.143876
0.662
0.662
0.289635
0.662
0.662
0.115293
0.459667
0.662
0.347122
0.194973
0.0279476
0.0851007
0.662
0.366544
0.662
0.582603
0.662
0.467453
0.662
0.451548
0.662
0.662
0.662
0.105049
0.155796
0.662
0.212985
0.662
0.662
0.662
0.344785
0.0647066
0.662
0.123927
0.662
0.298941
0.290061
0.662
0.321204
0.662
0.662
0.177074
0.312365
0.662
0.662
0.0860656
0.662
0.571116
0.52619
0.662
0.219235
0.442786
0.472543
0.0860483
0.241341
0.662
0.161209
0.662
0.337788
0.184694
0.273193
0.328253
0.662
0.12674
0.662
0.662
0.662
0.287257
0.201759
0.662
0.0711216
0.662
0.662
0.493644
0.423884
0.210644
0.21767
0.00622627
0.662
0.339431
0.0173714
0.121409
0.205359
0.662
0.132204
0.0536234
0.0227952
0.43501
0.662
0.662
0.662
0.662
0.662
0.0943959
0.554435
0.319136
0.00987241
0.385548
0.662
0.245895
0.29723
0.662
0.258811
0.549003
0.454509
0.653669
0.662
0.662
0.509598
0.0711674
0.174851
0.662
0.662
0.118197
0.227506
0.493548
0.460583
0.204162
0.0826705
0.662
0.203031
0.662
0.0511153
0.662
0.662
0.662
0.364423
0.662
0.662
0.662
0.245316
0.662
0.299218
0.446815
0.323703
0.662
0.662
0.662
0.370296
0.662
0.435243
0.302463
0.101163
0.355533
0.662
0.365651
0.662
0.203037
0.662
0.496158
0.662
0.643377
0.662
0.198836
0.662
0.662
0.363659
0.662
0.430825
0.485901
0.513224
0.662
0.662
0.662
0.662
0.618032
0.662
0.662
0.00376735
0.0618534
0.426362
0.267125
0.662
0.462458
0.662
0.488872
0.0820038
0.662
0.0856977
0.662
0.463505
0.662
0.662
0.424304
0.662
0.301261
0.412537
0.452078
0.435671
0.554216
0.385699
0.662
0.175411
0.662
0.301803
0.0355931
0.343439
0.662
0.329054
0.662
0.662
0.474187
0.662
0.662
0.283627
0.662
0.278419
0.662
0.662
0.070371
0.0127595
0.114522
0.212036
0.662
0.662
0.418569
0.283867
0.43831
0.662
0.12282
0.0179622
0.662
0.167382
0.392783
0.331792
0.40172
0.662
0.205935
0.193881
0.33252
0.216925
0.662
0.224499
0.662
0.662
0.662
0.662
0.2367
0.205222
0.662
0.118208
0.662
0.660412
0.662
0.662
0.135856
0.662
0.278627
0.117455
0.295839
0.444171
0.662
0.324767
0.202979
0.662
0.25167
0.147156
0.452674
0.315749
0.189313
0.383603
0.375047
0.662
0.290458
0.2456
0.662
0.662
0.0522767
0.529607
0.320968
0.662
0.629465
0.662
0.662
0.186798
0.479432
0.018423
0.662
0.111708
0.301459
0.662
0.236608
0.662
0.209172
0.305873
0.662
0.623887
0.662
0.144113
0.662
0.662
0.662
0.662
0.0638599
0.177069
0.469751
0.662
0.350055
0.574616
0.558935
0.662
0.392625
0.662
0.662
0.438005
0.662
0.662
0.387709
0.662
0.271099
0.218477
0.662
0.662
0.382695
0.0301935
0.306167
0.27003
0.29016
0.0435349
0.662
0.294089
0.255937
0.233602
0.322146
0.0611027
0.662
0.237817
0.0744474
0.662
0.662
0.273116
0.662
0.172084
0.0447024
0.476522
0.210933
0.662
0.234862
0.662
0.662
0.662
0.15017
0.662
0.662
0.191104
0.110987
0.662
0.662
0.361679
0.595269
0.581246
0.662
0.29429
0.662
0.662
0.662
0.182165
0.439503
0.662
0.662
0.662
0.662
0.662
0.662
0.0514261
0.255909
0.662
0.662
0.0744683
0.644231
0.662
0.662
0.595997
0.437847
0.463239
0.662
0.458493
0.662
0.662
0.276958
0.662
0.292429
0.468139
0.149228
0.662
0.662
0.662
0.662
0.662
0.662
0.305604
0.662
0.560203
0.386296
0.201712
0.0380775
0.306976
0.380528
0.662
0.567186
0.0835348
0.662
0.662
0.421192
0.662
0.662
0.662
0.662
0.27766
0.214858
0.662
0.662
0.662
0.182835
0.662
0.662
0.662
0.662
0.267715
0.662
0.436764
0.308841
0.662
0.662
0.379686
0.447174
0.50219
0.662
0.555456
0.134756
0.213915
0.49521
0.220481
0.428896
0.662
0.538893
0.30484
0.662
0.662
0.662
0.0891346
0.115846
0.112282
0.662
0.662
0.170617
0.662
0.662
0.197685
0.313257
0.662
0.390641
0.662
0.00679758
0.662
0.662
0.270098
0.307453
0.662
0.29433
0.321178
0.662
0.662
0.0186031
0.662
0.662
0.662
0.076467
0.0374768
0.662
0.225283
0.464723
0.662
0.302215
0.000437992
0.23344
0.109298
0.662
0.378528
0.662
0.662
0.105699
0.205418
0.295431
0.393628
0.135128
0.20323
0.221263
0.662
0.274931
0.662
0.493466
0.16413
0.0244662
0.662
0.235761
0.662
0.221293
0.662
0.662
0.331352
0.662
0.0882445
0.408323
0.190568
0.662
0.547863
0.33247
0.662
0.259002
0.662
0.451772
0.552493
0.662
0.662
0.662
0.0426797
0.662
0.328174
0.460656
0.0015693
0.418284
0.662
0.662
0.662
0.662
0.662
0.662
0.662
0.335814
0.502837
0.662
0.662
0.133136
0.49347
0.0744215
0.224134
0.357818
0.508545
0.648724
0.572567
0.662
0.247518
0.585196
0.284674
0.215531
0.662
0.284368
0.662
0.32457
0.217519
0.424095
0.262561
0.342206
0.662
0.462453
0.487454
0.243857
0.4011
0.548345
0.662
0.662
0.662
0.0621767
0.662
0.195399
0.410038
0.0385595
0.662
0.387551
0.662
0.492389
0.214979
0.231425
0.662
0.468412
0.662
0.282387
0.124663
0.114525
0.662
0.662
0.223533
0.123862
0.476121
0.213399
0.610235
0.662
0.286111
0.353624
0.647049
0.370819
0.662
0.662
0.662
0.109363
0.312649
0.405561
0.662
0.0503801
0.153318
0.425575
0.305503
0.662
0.570407
0.662
0.662
0.662
0.194591
0.0830034
0.662
0.528955
0.379594
0.313247
0.15603
0.386362
0.145538
0.662
0.662
0.286584
0.463739
0.662
0.567008
0.159261
0.662
0.662
0.309738
0.662
0.460376
0.123316
0.183255
0.34988
0.365221
0.662
0.0982535
0.547336
0.662
0.662
0.662
0.162203
0.344022
0.0993991
0.662
0.242969
0.311679
0.662
0.476352
0.662
0.259358
0.361121
0.560759
0.489599
0.662
0.0106571
0.299113
0.662
0.396867
0.662
0.190837
0.662
0.393076
0.420044
0.662
0.310445
0.662
0.226378
0.662
0.00830117
0.662
0.00415783
0.662
0.382242
0.63339
0.136156
0.186762
0.662
0.662
0.402831
0.533928
0.662
0.662
0.383829
0.227109
0.143026
0.635082
0.366329
0.194342
0.662
0.662
0.341021
0.662
0.475735
0.662
0.123311
0.431649
0.067477
0.662
0.472579
0.346785
0.662
0.278873
0.200787
0.662
0.662
0.459631
0.433022
0.662
0.662
0.662
0.0969029
0.662
0.171838
0.662
0.185219
0.295992
0.662
0.662
0.662
0.330376
0.011697
0.294799
0.134958
0.232214
0.187619
0.628278
0.185677
0.662
0.221884
0.21349
0.662
0.662
0.662
0.569754
0.0443104
0.662
0.662
0.22471
0.662
0.662
0.50441
0.313932
0.00789226
0.662
0.662
0.0370775
0.113359
0.197946
0.376994
0.662
0.662
0.662
0.210408
0.141973
0.430991
0.0434767
0.196487
0.662
0.376667
0.179354
0.139118
0.0445452
0.662
0.616441
0.662
0.307101
0.0912447
0.384746
0.662
0.199303
0.431597
0.662
0.662
0.0550282
0.0973536
0.154593
0.121014
0.662
0.662
0.461174
0.0629056
0.219016
0.416292
0.565641
0.662
0.152287
0.47011
0.0144509
0.240875
0.202646
0.197018
0.0868699
0.100695
0.662
0.428619
0.488939
0.0433653
0.605378
0.13498
0.662
0.662
0.26325
0.159933
0.392283
0.662
0.662
0.324305
0.405096
0.631925
0.333316
0.131274
0.662
0.662
0.662
0.237369
0.662
0.662
0.0595315
0.662
0.506961
0.662
0.662
0.145847
0.662
0.662
0.662
0.277902
0.591251
0.437348
0.662
0.341055
0.187462
0.360175
0.00993254
0.384212
0.662
0.662
0.531882
0.361389
0.662
0.435494
0.153874
0.662
0.662
0.204806
0.238858
0.662
0.662
0.0195393
0.306847
0.662
0.662
0.662
0.155155
0.610914
0.662
0.262999
0.247678
0.662
0.198514
0.662
0.662
0.19018
0.297711
0.662
0.662
0.662
0.662
0.299215
0.554332
0.0552611
0.145462
0.662
0.662
0.662
0.270804
0.0584312
0.0942718
0.662
0.662
0.345716
0.662
0.383691
0.639224
0.357673
0.662
0.188295
0.205765
0.138538
0.662
0.662
0.475851
0.662
0.0938938
0.662
0.662
0.662
0.191491
0.5356
0.0753932
0.210984
0.383889
0.30105
0.176522
0.656729
0.662
0.242452
0.662
0.662
0.299216
0.425768
0.482962
0.166386
0.0379968
0.662
0.42518
0.662
0.418078
0.662
0.662
0.662
0.278556
0.372781
0.108906
0.662
0.305034
0.662
0.0439256
0.662
0.493586
0.662
0.112516
0.568267
0.27134
0.662
0.231168
0.662
0.662
0.662
0.00540681
0.662
0.662
0.0689405
0.662
0.134477
0.0750341
0.330576
0.457872
0.49964
0.281322
0.662
0.143027
0.418117
0.547316
0.223074
0.127088
0.662
0.107468
0.662
0.662
0.662
0.543649
0.662
0.662
0.662
0.662
0.662
0.260976
0.662
0.662
0.662
0.443131
0.160194
0.27436
0.014376
0.662
0.662
0.662
0.587431
0.662
0.0026213
0.477198
0.0618322
0.444512
0.662
0.662
0.0531032
0.203885
0.265963
0.662
0.648522
0.105366
0.662
0.133436
0.662
0.662
0.662
0.328182
0.662
0.662
0.662
0.382274
0.371276
0.49117
0.276162
0.662
0.161362
0.662
0.332195
0.662
0.662
0.157938
0.662
0.37273
0.076945
0.459899
0.662
0.662
0.11131
0.320485
0.324802
0.367964
0.445188
0.425061
0.662
0.662
0.662
0.662
0.662
0.662
0.662
0.654083
0.0499702
0.004102
0.124635
0.662
0.283142
0.662
0.220286
0.662
0.662
0.551064
0.662
0.662
0.662
0.481271
0.0537022
0.34608
0.176754
0.279359
0.319513
0.500311
0.662
0.538542
0.304682
0.662
0.211484
0.169135
0.284326
0.17458
0.122694
0.662
0.662
0.435341
0.551283
0.662
0.662
0.0862172
0.237191
0.662
0.577978
0.65186
0.58217
0.662
0.311007
0.245418
0.662
0.353761
0.662
0.211411
0.662
0.314925
0.31989
0.200071
0.0732895
0.188221
0.662
0.145395
0.0854027
0.389292
0.662
0.251572
0.439404
0.253678
0.239757
0.662
0.662
0.662
0.662
0.287355
0.266589
0.394396
0.662
0.662
0.191908
0.213947
0.358055
0.662
0.662
0.662
0.574387
0.185045
0.130354
0.332259
0.455862
0.662
0.270078
0.10802
0.0576828
0.662
0.500833
0.0536051
0.662
0.408989
0.662
0.47383
0.45738
0.564165
0.00920822
0.198029
0.662
0.662
0.662
0.662
0.662
0.141441
0.662
0.662
0.0204134
0.577537
0.662
0.262547
0.176012
0.52989
0.526258
0.392847
0.236336
0.662
0.662
0.662
0.571187
0.439145
0.244054
0.241772
0.662
0.662
0.435527
0.326123
0.0940663
0.662
0.223663
0.662
0.662
0.662
0.662
0.662
0.526548
0.662
0.594722
0.662
0.662
0.188869
0.324644
0.662
0.193411
0.662
0.662
0.470136
0.662
0.158189
0.293867
0.216838
0.662
0.662
0.662
0.662
0.380469
0.45414
0.662
0.662
0.662
0.662
0.307287
0.107082
0.365268
0.283245
0.0761771
0.662
0.662
0.662
0.103567
0.662
0.4169
0.662
0.662
0.662
0.391783
0.0599874
0.662
0.0590413
0.310169
0.210905
0.662
0.349531
0.222034
0.662
0.662
0.662
0.662
0.359411
0.422824
0.193604
0.323806
0.662
0.205622
0.408417
0.331095
0.00453022
0.290402
0.662
0.662
0.662
0.11827
0.137117
0.324344
0.153283
0.331276
0.417628
0.112964
0.363209
0.662
0.18065
0.150595
0.459934
0.662
0.19081
0.140643
0.0619215
0.0479058
0.128466
0.662
0.662
0.130025
0.393511
0.0487678
0.214279
0.338639
0.517282
0.662
0.662
0.19613
0.272438
0.422336
0.453726
0.427734
0.370133
0.662
0.264422
0.662
0.662
0.522213
0.662
0.148079
0.118541
0.662
0.662
0.351013
0.648115
0.0625112
0.662
0.451787
0.662
0.40759
0.662
0.356509
0.204971
0.662
0.381636
0.662
0.662
0.662
0.662
0.662
0.445964
0.0875102
0.662
0.583479
0.662
0.662
0.355864
0.662
0.494985
0.662
0.0843738
0.662
0.204764
0.216003
0.190983
0.190177
0.662
0.145757
0.207963
0.662
0.194008
0.662
0.160091
0.461415
0.00987081
0.662
0.235889
0.662
0.263178
0.662
0.451456
0.662
0.111873
0.27305
0.382529
0.497571
0.182949
0.662
0.662
0.181617
0.662
0.48506
0.662
0.662
0.174404
0.431341
0.662
0.662
0.466705
0.633071
0.204533
0.234393
0.662
0.252354
0.219485
0.662
0.131747
0.126118
0.47279
0.662
0.042265
0.32319
0.277747
0.662
0.273541
0.304304
0.662
0.449507
0.051094
0.560834
0.662
0.42617
0.0443766
0.0674073
0.662
0.662
0.29732
0.662
0.172673
0.181588
0.662
0.294279
0.482148
0.373034
0.662
0.662
0.662
0.402447
0.204872
0.0996107
0.467972
0.662
0.236293
0.662
0.662
0.430088
0.413677
0.662
0.568564
0.63394
0.57037
0.35276
0.662
0.238193
0.493202
0.662
0.238746
0.662
0.174311
0.0652879
0.410432
0.16234
0.340176
0.195595
0.0946984
0.24416
0.566021
0.197867
0.662
0.232248
0.31821
0.2446
0.662
0.662
0.302131
0.148559
0.662
0.467685
0.281782
0.662
0.0773572
0.662
0.248383
0.662
0.662
0.662
0.0919154
0.272659
0.0269922
0.662
0.158875
0.192416
0.662
0.273561
0.662
0.314647
0.306223
0.662
0.662
0.662
0.176497
0.422684
0.135303
0.662
0.1848
0.261859
0.662
0.662
0.197215
0.121353
0.0926347
0.662
0.138381
0.235393
0.662
0.246891
0.400934
0.662
0.219086
0.662
0.194443
0.662
0.255144
0.662
0.168517
0.166451
0.662
0.217831
0.662
0.155346
0.662
0.0773359
0.228866
0.662
0.662
0.407596
0.662
0.657426
0.15197
0.662
0.662
0.11821
0.136017
0.425174
0.662
0.662
0.000614967
0.342417
0.662
0.383338
0.662
0.662
0.132133
0.488319
0.662
0.2979
0.662
0.0363122
0.662
0.354208
0.515135
0.292923
0.0974268
0.115476
0.229766
0.288368
0.0239737
0.662
0.4056
0.630685
0.189583
0.423494
0.662
0.190785
0.662
0.246359
0.217091
0.662
0.117135
0.000447341
0.662
0.0792067
0.253752
0.248408
0.330903
0.662
0.322773
0.0876297
0.662
0.458042
0.285416
0.130115
0.662
0.662
0.662
0.450574
0.333619
0.591637
0.662
0.662
0.327216
0.252292
0.28323
0.560805
0.0469812
0.596925
0.662
0.233114
0.13886
0.662
0.250711
0.37265
0.08375
0.662
0.0316644
0.0805994
0.662
0.018927
0.662
0.40212
0.212777
0.227512
0.244567
0.401266
0.246587
0.395741
0.654492
0.45226
0.16581
0.662
0.267854
0.0107122
0.521282
0.428565
0.0194779
0.630034
0.662
0.508223
0.195855
0.662
0.662
0.0717887
0.209763
0.275092
0.213766
0.662
0.291112
0.662
0.528369
0.363767
0.662
0.662
0.662
0.314072
0.130212
0.662
0.662
0.662
0.662
0.662
0.662
0.662
0.190879
0.662
0.662
0.662
0.662
0.662
0.184782
0.193343
0.426676
0.314764
0.0477882
0.662
0.336386
0.662
0.662
0.105549
0.152623
0.315997
0.662
0.258001
0.429435
0.662
0.160258
0.175002
0.235643
0.662
0.662
0.662
0.116155
0.221361
0.247859
0.662
0.0961529
0.149133
0.374706
0.662
0.662
0.662
0.193797
0.211903
0.388794
0.559996
0.662
0.0427155
0.662
0.370895
0.662
0.437968
0.307584
0.33181
0.0503433
0.0713717
0.332691
0.662
0.166976
0.662
0.34772
0.662
0.35249
0.305019
0.662
0.662
0.276976
0.662
0.384564
0.502368
0.662
0.231868
0.662
0.662
0.349854
0.662
0.662
0.662
0.662
0.662
0.662
0.474614
0.269328
0.662
0.200545
0.0676359
0.495452
0.182069
0.662
0.353188
0.225298
0.415224
0.0881266
0.372362
0.467988
0.558209
0.63159
0.662
0.662
0.662
0.662
0.278039
0.0521793
0.340842
0.193161
0.408089
0.662
0.102708
0.0227574
0.468062
0.32297
0.222684
0.303394
0.310249
0.117575
0.232624
0.346151
0.662
0.662
0.368933
0.662
0.351678
0.662
0.30771
0.662
0.106258
0.662
0.289391
0.38959
0.662
0.662
0.662
0.662
0.0736477
0.662
0.13452
0.328072
0.32237
0.511921
0.662
0.497418
0.207485
0.662
0.662
0.383574
0.662
0.5996
0.335969
0.662
0.199082
0.178046
0.468817
0.662
0.662
0.286589
0.662
0.662
0.515671
0.662
0.662
0.0782392
0.307715
0.463406
0.662
0.380337
0.662
0.662
0.662
0.662
0.0948673
0.312766
0.662
0.207902
0.51318
0.211536
0.4512
0.0394591
0.418649
0.212404
0.365016
0.662
0.195278
0.216099
0.148222
0.662
0.204153
0.662
0.228551
0.227852
0.662
0.201852
0.125583
0.662
0.195528
0.662
0.313742
0.196143
0.266892
0.196988
0.19251
0.200039
0.662
0.141523
0.662
0.113712
0.301487
0.339473
0.13093
0.662
0.662
0.453987
0.662
0.524284
0.280406
0.662
0.662
0.179121
0.662
0.262921
0.662
0.662
0.623141
0.662
0.476788
0.662
0.253134
0.386887
0.662
0.312552
0.662
0.361796
0.308537
0.662
0.662
0.425256
0.000791526
0.662
0.267942
0.0211519
0.280834
0.0812866
0.32973
0.254067
0.40284
0.662
0.264129
0.289098
0.238759
0.563714
0.662
0.212273
0.190559
0.0976027
0.530045
0.234086
0.662
0.308436
0.662
0.296303
0.402687
0.389391
0.0777158
0.227568
0.304264
0.662
0.0087573
0.662
0.198699
0.0907889
0.180175
0.662
0.662
0.191999
0.662
0.662
0.662
0.162216
0.350636
0.625371
0.0667106
0.113049
0.1717
0.662
0.213553
0.0930344
0.0600752
0.275991
0.278702
0.371805
0.662
0.662
0.208015
0.662
0.662
0.502381
0.347331
0.130187
0.287974
0.101308
0.238726
0.344487
0.315719
0.662
0.370707
0.065516
0.662
0.135353
0.0744323
0.269189
0.462613
0.662
0.662
0.445244
0.318488
0.662
0.662
0.662
0.662
0.662
0.154365
0.193294
0.369424
0.662
0.15763
0.365774
0.0953633
0.662
0.227117
0.088951
0.662
0.160496
0.461856
0.208983
0.224686
0.301618
0.490068
0.662
0.662
0.158463
0.662
0.246751
0.662
0.114401
0.662
0.447466
0.290845
0.241978
0.662
0.543185
0.526395
0.0140974
0.155468
0.155934
0.0674204
0.12485
0.662
0.237027
0.386167
0.124491
0.373884
0.0173882
0.662
0.662
0.662
0.27966
0.0297926
0.662
0.177671
0.662
0.662
0.662
0.279871
0.662
0.260082
0.244715
0.662
0.0847627
0.168257
0.226119
0.356362
0.662
0.1441
0.662
0.58732
0.229461
0.109201
0.188377
0.662
0.662
0.360481
0.297909
0.175339
0.213761
0.0871198
0.234139
0.662
0.290197
0.662
0.429124
0.193304
0.462285
0.187679
0.415823
0.662
0.662
0.662
0.219182
0.262713
0.662
0.662
0.662
0.12019
0.662
0.588398
0.348782
0.662
0.328715
0.0325725
0.662
0.662
0.129326
0.461979
0.127395
0.341065
0.662
0.49204
0.662
0.272202
0.105457
0.423851
0.171891
0.291598
0.3015
0.662
0.662
0.662
0.662
0.343317
0.662
0.662
0.360753
0.662
0.152901
0.107844
0.343794
0.383724
0.662
0.662
0.662
0.147711
0.466279
0.662
0.0829237
0.662
0.662
0.16273
0.662
0.662
0.662
0.662
0.275019
0.662
0.516274
0.662
0.589316
0.196541
0.164792
0.616722
0.0786509
0.483778
0.14856
0.662
0.662
0.662
0.662
0.24524
0.512701
0.577042
0.269468
0.662
0.469479
0.369966
0.662
0.662
0.29404
0.662
0.195232
0.346376
0.453142
0.429975
0.630931
0.241943
0.113728
0.662
0.421072
0.396819
0.193256
0.206407
0.363801
0.256442
0.662
0.219055
0.306043
0.374355
0.369984
0.221303
0.662
0.527093
0.196791
0.361518
0.662
0.623997
0.266557
0.662
0.281544
0.662
0.162979
0.662
0.662
0.115935
0.108581
0.17002
0.295387
0.21457
0.176828
0.221015
0.295937
0.662
0.271847
0.662
0.229447
0.662
0.662
0.173742
0.48874
0.662
0.590802
0.235491
0.222282
0.336099
0.198244
0.229581
0.0193203
0.662
0.209036
0.0917174
0.662
0.662
0.662
0.662
0.662
0.364231
0.601216
0.178175
0.662
0.431836
0.476369
0.506285
0.662
0.662
0.427978
0.662
0.272
0.662
0.0601394
0.662
0.345504
0.381952
0.296508
0.0557664
0.212494
0.0977828
0.246716
0.244002
0.662
0.252091
0.394646
0.235038
0.356529
0.0668484
0.454897
0.419813
0.208762
0.420899
0.332355
0.192791
0.453828
0.183799
0.00341254
0.43501
0.662
0.0183051
0.662
0.662
0.109147
0.173288
0.380518
0.319351
0.662
0.662
0.426302
0.0729276
0.594824
0.49485
0.662
0.279759
0.154897
0.376487
0.150351
0.662
0.243234
0.204257
0.413015
0.264659
0.662
0.225572
0.222502
0.389006
0.440193
0.160965
0.320928
0.370388
0.0675385
0.34679
0.504171
0.662
0.129781
0.662
0.48439
0.621844
0.145284
0.162535
0.175726
0.454858
0.662
0.187254
0.662
0.103459
0.405814
0.421076
0.126162
0.187434
0.662
0.224181
0.662
0.662
0.662
0.156109
0.240309
0.662
0.352412
0.095599
0.179445
0.299236
0.662
0.662
0.405833
0.560221
0.188648
0.662
0.662
0.662
0.662
0.662
0.662
0.662
0.662
0.493415
0.230971
0.315441
0.103641
0.336897
0.662
0.336286
0.662
0.662
0.662
0.662
0.248806
0.26095
0.662
0.441171
0.662
0.297983
0.662
0.18499
0.662
0.425723
0.409794
0.297135
0.55575
0.633906
0.662
0.662
0.171046
0.28474
0.43816
0.331768
0.662
0.662
0.529491
0.422567
0.555966
0.00853053
0.213457
0.662
0.662
0.662
0.662
0.0526261
0.284914
0.221781
0.182852
0.662
0.277737
0.118076
0.224148
0.662
0.662
0.662
0.208561
0.383246
0.389836
0.184999
0.263594
0.662
0.662
0.160346
0.662
0.280437
0.449036
0.253024
0.587518
0.13449
0.662
0.424182
0.414344
0.662
0.484011
0.662
0.0247771
0.662
0.145074
0.252503
0.662
0.219898
0.662
0.425341
0.312507
0.177503
0.662
0.662
0.545105
0.662
0.377056
0.662
0.213497
0.539204
0.106033
0.662
0.662
0.447292
0.662
0.234128
0.0639295
0.662
0.662
0.365244
0.0836728
0.205363
0.15978
0.662
0.662
0.662
0.191516
0.27429
0.461273
0.19262
0.28397
0.662
0.43523
0.156781
0.21799
0.563551
0.513138
0.301444
0.662
0.662
0.662
0.150212
0.359453
0.437681
0.662
0.170967
0.662
0.278618
0.662
0.662
0.295479
0.531401
0.144046
0.662
0.662
0.30701
0.662
0.662
0.662
0.0686093
0.266342
0.185516
0.519742
0.410149
0.662
0.657867
0.0115709
0.155067
0.662
0.662
0.442568
0.0225648
0.30034
0.324414
0.662
0.662
0.25637
0.205838
0.404073
0.612983
0.662
0.211633
0.0708627
0.170384
0.418091
0.315867
0.662
0.662
0.0527263
0.276554
0.107887
0.662
0.366034
0.662
0.662
0.662
0.430181
0.189993
0.662
0.29031
0.662
0.193159
0.0734443
0.662
0.662
0.662
0.662
0.228447
0.662
0.662
0.148396
0.0337681
0.662
0.662
0.0788527
0.127845
0.330123
0.662
0.195498
0.228609
0.214426
0.243694
0.0989936
0.512665
0.446904
0.662
0.662
0.0251118
0.342413
0.459411
0.219722
0.662
0.217769
0.270923
0.191604
0.275114
0.577045
0.381624
0.428098
0.662
0.662
0.662
0.0539443
0.0922909
0.565323
0.571791
0.23947
0.61786
0.662
0.65707
0.280559
0.662
0.662
0.0530112
0.662
0.662
0.0569281
0.178339
0.306338
0.272418
0.662
0.417223
0.662
0.662
0.491537
0.21072
0.25362
0.662
0.3425
0.380495
0.662
0.294949
0.662
0.193349
0.236524
0.0739782
0.662
0.216322
0.246377
0.662
0.662
0.662
0.400009
0.662
0.662
0.662
0.54257
0.189912
0.0599931
0.662
0.0460445
0.662
0.406923
0.329405
0.217374
0.662
0.662
0.662
0.366571
0.662
0.108677
0.0407722
0.662
0.662
0.662
0.662
0.00571666
0.154257
0.175326
0.257519
0.662
0.447128
0.190063
0.352273
0.662
0.225029
0.234773
0.0778276
0.460623
0.485844
0.648419
0.197314
0.256377
0.283159
0.440591
0.662
0.662
0.662
0.341432
0.662
0.662
0.381958
0.474915
0.662
0.662
0.253588
0.662
0.662
0.133914
0.662
0.0897986
0.662
0.462334
0.40812
0.431596
0.662
0.115522
0.307976
0.192546
0.0850105
0.662
0.432421
0.111144
0.41411
0.662
0.662
0.662
0.662
0.157448
0.0557269
0.113227
0.662
0.422593
0.662
0.139167
0.30588
0.319088
0.191634
0.662
0.662
0.0890358
0.0289125
0.662
0.662
0.213582
0.438481
0.637415
0.662
0.398826
0.194681
0.285459
0.0160943
0.662
0.444282
0.0503424
0.662
0.316508
0.196897
0.662
0.132775
0.226844
0.467399
0.112457
0.416394
0.662
0.577666
0.185101
0.662
0.125611
0.662
0.287628
0.514673
0.215879
0.0429483
0.436682
0.137809
0.0258598
0.212733
0.248131
0.176768
0.0177481
0.448606
0.204108
0.18292
0.662
0.365002
0.228812
0.205723
0.252694
0.662
0.662
0.605191
0.449548
0.353299
0.662
0.662
0.0778056
0.245075
0.111555
0.023884
0.662
0.662
0.18749
0.206574
0.215066
0.662
0.323529
0.662
0.662
0.662
0.528956
0.662
0.662
0.20246
0.236372
0.662
0.662
0.524362
0.139322
0.662
0.662
0.104982
0.139782
0.0696836
0.662
0.662
0.662
0.11022
0.266
0.366221
0.662
0.550026
0.662
0.249096
0.662
0.26406
0.248458
0.662
0.662
0.662
0.29106
0.424046
0.216828
0.271724
0.395745
0.662
0.469164
0.245965
0.452346
0.148165
0.397895
0.662
0.662
0.411294
0.662
0.353801
0.214231
0.662
0.611213
0.662
0.662
0.302873
0.662
0.662
0.662
0.312631
0.662
0.0568624
0.662
0.662
0.328784
0.527728
0.662
0.30808
0.0739268
0.22656
0.662
0.662
0.450263
0.662
0.435542
0.0526013
0.181413
0.662
0.662
0.662
0.662
0.0829936
0.242932
0.0607314
0.441373
0.00906868
0.662
0.530468
0.268947
0.0441463
0.662
0.662
0.662
0.287823
0.241207
0.175076
0.220793
0.115537
0.425726
0.312526
0.662
0.208836
0.198364
0.513039
0.195799
0.460102
0.662
0.662
0.662
0.662
0.527644
0.459263
0.186268
0.0152029
0.26558
0.662
0.662
0.662
0.346977
0.213079
0.104288
0.662
0.282264
0.662
0.251643
0.662
0.662
0.322188
0.662
0.448459
0.452725
0.662
0.283381
0.160269
0.0421862
0.00279131
0.402979
0.237435
0.433713
0.662
0.1898
0.662
0.386077
0.20042
0.662
0.156634
0.662
0.662
0.19154
0.185823
0.662
0.477033
0.27888
0.292488
0.190459
0.212866
0.45335
0.453521
0.0555667
0.662
0.0111062
0.183019
0.11639
0.359063
0.453848
0.461558
0.212595
0.662
0.662
0.379257
0.341328
0.468007
0.037228
0.662
0.248682
0.153473
0.662
0.662
0.0463839
0.401273
0.283955
0.350861
0.585301
0.051553
0.662
0.230948
0.662
0.662
0.662
0.662
0.0066255
0.662
0.0251759
0.111073
0.662
0.164025
0.320383
0.295935
0.662
0.43248
0.662
0.247223
0.139639
0.662
0.662
0.662
0.662
0.662
0.662
0.662
0.662
0.303185
0.0714157
0.662
0.17463
0.226609
0.359723
0.383243
0.146766
0.246854
0.662
0.389789
0.662
0.662
0.620942
0.662
0.489186
0.214095
0.571436
0.662
0.662
0.262446
0.662
0.382364
0.662
0.218968
0.160874
0.214787
0.269292
0.662
0.107905
0.662
0.491149
0.310598
0.662
0.637133
0.662
0.158399
0.350226
0.662
0.662
0.662
0.662
0.196758
0.31951
0.662
0.662
0.0137059
0.197407
0.662
0.306179
0.129872
0.662
0.3285
0.662
0.662
0.662
0.662
0.0293628
0.662
0.662
0.362287
0.00175134
0.269685
0.545276
0.284507
0.662
0.159882
0.252539
0.104658
0.197135
0.662
0.0751961
0.662
0.35916
0.450047
0.365312
0.452666
0.662
0.0941396
0.477308
0.40297
0.455506
0.662
0.177966
0.604379
0.167226
0.247569
0.337511
0.0581526
0.244141
0.202363
0.23483
0.662
0.662
0.147388
0.604545
0.662
0.210351
0.662
0.294448
0.662
0.0389101
0.662
0.255137
0.146631
0.549071
0.174529
0.120388
0.443983
0.662
0.151951
0.662
0.103419
0.662
0.662
0.346431
0.662
0.0430604
0.662
0.216968
0.374497
0.662
0.277689
0.662
0.228446
0.662
0.206622
0.272975
0.0334397
0.46308
0.413571
0.590554
0.190399
0.323731
0.662
0.662
0.366871
0.662
0.253741
0.662
0.662
0.662
0.662
0.121924
0.662
0.389156
0.43701
0.662
0.662
0.662
0.524359
0.21478
0.662
0.138141
0.662
0.0180652
0.149562
0.271114
0.027038
0.335907
0.662
0.64822
0.662
0.662
0.662
0.662
0.470486
0.662
0.662
0.662
0.428752
0.662
0.0141412
0.662
0.565924
0.594792
0.391259
0.320215
0.629763
0.328348
0.662
0.662
0.0960244
0.662
0.662
0.662
0.075273
0.149234
0.343825
0.134082
0.447238
0.226324
0.413365
0.206622
0.662
0.662
0.0365551
0.194815
0.203289
0.662
0.662
0.27441
0.22465
0.662
0.124536
0.662
0.487014
0.662
0.562383
0.508607
0.375714
0.0864606
0.51131
0.214037
0.607297
0.662
0.0935966
0.390538
0.0946985
0.662
0.194831
0.185826
0.662
0.662
0.271045
0.662
0.662
0.132562
0.175789
0.662
0.228965
0.432329
0.284134
0.0743239
0.662
0.662
0.333613
0.241929
0.100415
0.42654
0.20222
0.489197
0.200451
0.662
0.410971
0.603243
0.266153
0.305769
0.662
0.099084
0.235288
0.662
0.261306
0.662
0.280276
0.0703039
0.287118
0.662
0.662
0.563192
0.28195
0.662
0.192454
0.608583
0.277611
0.662
0.152528
0.398653
0.662
0.229753
0.473324
0.369472
0.662
0.662
0.662
0.401468
0.662
0.662
0.269376
0.175378
0.662
0.662
0.662
0.298539
0.395716
0.662
0.453416
0.410273
0.662
0.398909
0.662
0.662
0.397078
0.662
0.170823
0.662
0.115816
0.38835
0.662
0.00914348
0.662
0.318306
0.138427
0.662
0.662
0.316572
0.662
0.662
0.327479
0.662
0.127351
0.412466
0.210498
0.365929
0.186673
0.662
0.157608
0.39945
0.62889
0.662
0.343447
0.30964
0.451203
0.343594
0.163956
0.662
0.360514
0.323451
0.662
0.146899
0.216219
0.662
0.432567
0.662
0.426692
0.191054
0.40199
0.662
0.182024
0.438198
0.662
0.385619
0.662
0.662
0.662
0.662
0.159944
0.452047
0.168806
0.662
0.662
0.055828
0.0647478
0.166528
0.177492
0.163221
0.422945
0.662
0.662
0.193095
0.109811
0.662
0.246503
0.662
0.662
0.662
0.526955
0.390098
0.662
0.662
0.662
0.299894
0.0462778
0.662
0.361625
0.473483
0.192543
0.662
0.0961027
0.662
0.259035
0.198846
0.1484
0.662
0.277441
0.662
0.662
0.206395
0.164344
0.0797465
0.662
0.00260391
0.215294
0.139203
0.0384187
0.662
0.109441
0.662
0.236197
0.223364
0.209671
0.346797
0.197087
0.32911
0.662
0.324094
0.516967
0.196336
0.0769984
0.270023
0.662
0.662
0.235953
0.23191
0.436459
0.259507
0.662
0.662
0.662
0.227869
0.042381
0.298025
0.662
0.662
0.630044
0.326483
0.30308
0.662
0.337626
0.662
0.365277
0.546528
0.254866
0.307445
0.662
0.662
0.0402882
0.515246
0.42024
0.662
0.338263
0.185688
0.188338
0.662
0.0759996
0.339545
0.533828
0.662
0.43659
0.0327176
0.198392
0.360247
0.662
0.52782
0.662
0.662
0.100625
0.0588828
0.25013
0.662
0.0559461
0.662
0.662
0.233189
0.347257
0.662
0.16835
0.0949387
0.424197
0.662
0.390786
0.226184
0.290451
0.189159
0.253402
0.662
0.322175
0.491452
0.3692
0.314854
0.287164
0.662
0.662
0.133206
0.662
0.417086
0.662
0.249941
0.142412
0.13404
0.0696309
0.185068
0.00685385
0.662
0.662
0.662
0.147171
0.453237
0.662
0.248284
0.451694
0.662
0.662
0.487916
0.295938
0.662
0.662
0.0781988
0.662
0.662
0.662
0.662
0.662
0.662
0.458756
0.662
0.274442
0.197198
0.662
0.330454
0.0667031
0.244427
0.290921
0.662
0.662
0.662
0.14693
0.0203931
0.223487
0.360346
0.662
0.662
0.178751
0.482057
0.662
0.62956
0.127078
0.306776
0.662
0.662
0.0486052
0.136173
0.662
0.172823
0.662
0.662
0.662
0.183112
0.662
0.5366
0.662
0.112738
0.662
0.0366833
0.662
0.628793
0.41101
0.662
0.257158
0.662
0.558714
0.2074
0.140983
0.215753
0.292299
0.662
0.278459
0.662
0.289939
0.255489
0.662
0.662
0.662
0.191478
0.662
0.662
0.662
0.261838
0.662
0.461239
0.662
0.662
0.161331
0.662
0.662
0.179638
0.428957
0.312889
0.662
0.385729
0.227508
0.662
0.662
0.662
0.662
0.512077
0.662
0.170111
0.388577
0.232733
0.662
0.198211
0.0928819
0.187717
0.662
0.247032
0.370806
0.662
0.201509
0.340095
0.321474
0.0272242
0.20796
0.284553
0.331172
0.551538
0.662
0.662
0.355485
0.219456
0.142349
0.662
0.662
0.149356
0.375879
0.111865
0.333467
0.217274
0.357058
0.662
0.206357
0.111139
0.662
0.563088
0.233503
0.662
0.505481
0.662
0.431873
0.662
0.36053
0.317521
0.503331
0.662
0.197736
0.377787
0.193237
0.0141502
0.0569243
0.279314
0.0081594
0.221063
0.662
0.662
0.000598241
0.282353
0.412203
0.472495
0.662
0.3734
0.377894
0.46996
0.383662
0.662
0.415964
0.48544
0.662
0.662
0.235434
0.662
0.662
0.476616
0.662
0.662
0.662
0.662
0.662
0.397257
0.438273
0.662
0.662
0.472193
0.662
0.662
0.662
0.164649
0.662
0.662
0.357502
0.0528553
0.270306
0.374102
0.369798
0.662
0.662
0.312017
0.319558
0.4648
0.662
0.187137
0.427248
0.0267584
0.662
0.662
0.247419
0.121727
0.115733
0.662
0.662
0.662
0.662
0.196905
0.631943
0.662
0.662
0.149666
0.662
0.662
0.275066
0.662
0.662
0.0503916
0.633391
0.157809
0.323787
0.662
0.232548
0.262851
0.662
0.662
0.662
0.662
0.662
0.168299
0.208201
0.294652
0.534375
0.662
0.0377061
0.662
0.0122274
0.47288
0.30599
0.265336
0.662
0.325965
0.662
0.662
0.427841
0.529864
0.662
0.662
0.0947036
0.152213
0.249109
0.662
0.292438
0.662
0.365798
0.662
0.199768
0.429635
0.314589
0.113205
0.662
0.662
0.662
0.662
0.662
0.662
0.19175
0.662
0.320613
0.0824202
0.269388
0.662
0.662
0.0734829
0.199962
0.662
0.662
0.220414
0.455
0.662
0.446816
0.662
0.662
0.662
0.224016
0.41704
0.284055
0.417002
0.251991
0.662
0.662
0.346956
0.662
0.302613
0.0519994
0.2355
0.662
0.662
