0.478949
0.662
0.0642753
0.662
0.662
0.662
0.203654
0.662
0.662
0.662
0.465306
0.662
0.662
0.16154
0.287891
0.141113
0.115231
0.662
0.214504
0.273302
0.662
0.359448
0.376319
0.422283
0.189851
0.421221
0.549314
0.535295
0.0667682
0.662
0.600894
0.488973
0.308353
0.662
0.083244
0.464046
0.662
0.660011
0.662
0.662
0.662
0.237804
0.155106
0.355081
0.310765
0.662
0.617175
0.180203
0.662
0.0186662
0.0425556
0.409957
0.391689
0.40777
0.662
0.662
0.508267
0.662
0.193479
0.238486
0.662
0.633694
0.662
0.662
0.319099
0.662
0.295622
0.0721469
0.433516
0.662
0.542652
0.618487
0.652367
0.6494
0.223624
0.662
0.662
0.252712
0.662
0.662
0.662
0.662
0.662
0.164063
0.57027
0.662
0.662
0.662
0.412563
0.662
0.0603409
0.319965
0.223736
0.497149
0.399134
0.662
0.662
0.662
0.662
0.662
0.196881
0.3646
0.298597
0.436895
0.662
0.340857
0.185421
0.0229225
0.322927
0.438993
0.363997
0.662
0.340674
0.0924174
0.662
0.440688
0.662
0.302037
0.276517
0.197474
0.656014
0.632343
0.438327
0.642382
0.0115534
0.555679
0.662
0.41859
0.162484
0.662
0.317278
0.231621
0.361734
0.662
0.568765
0.400089
0.256595
0.469661
0.354546
0.382925
0.509485
0.114844
0.279675
0.341199
0.259768
0.662
0.662
0.338111
0.243576
0.0820396
0.193412
0.662
0.662
0.662
0.293835
0.0424604
0.662
0.115413
0.291633
0.081484
0.662
0.442814
0.389507
0.662
0.308422
0.662
0.662
0.662
0.662
0.662
0.662
0.662
0.15656
0.476461
0.294928
0.00675111
0.239118
0.374029
0.662
0.326812
0.662
0.662
0.413676
0.638944
0.662
0.133576
0.312965
0.662
0.226367
0.29808
0.524146
0.266329
0.06905
0.662
0.179226
0.262302
0.561228
0.0202641
0.662
0.662
0.0388985
0.545975
0.200413
0.372254
0.475439
0.12363
0.372892
0.601511
0.216669
0.293421
0.150815
0.662
0.662
0.662
0.0612943
0.00964761
0.642564
0.459815
0.50325
0.662
0.137714
0.370358
0.662
0.662
0.662
0.388642
0.662
0.662
0.662
0.364989
0.247232
0.472105
0.422308
0.662
0.662
0.020472
0.262423
0.662
0.482666
0.662
0.437365
0.662
0.16082
0.460671
0.415183
0.662
0.153563
0.130897
0.662
0.662
0.537537
0.662
0.196883
0.126628
0.631398
0.662
0.420342
0.228673
0.662
0.662
0.0681179
0.440343
0.45999
0.33361
0.662
0.254749
0.426336
0.662
0.662
0.448334
0.547321
0.662
0.342735
0.662
0.0508605
0.662
0.476607
0.0031754
0.544589
0.662
0.662
0.236703
0.244253
0.198308
0.26178
0.662
0.662
0.393431
0.493814
0.312246
0.662
0.641549
0.662
0.159405
0.249478
0.613992
0.662
0.234693
0.244937
0.662
0.130566
0.565262
0.0433646
0.614647
0.0713097
0.18546
0.662
0.662
0.126628
0.00604369
0.339343
0.254326
0.662
0.662
0.137587
0.662
0.105685
0.422548
0.662
0.662
0.662
0.662
0.0639585
0.662
0.187667
0.461789
0.605453
0.662
0.662
0.364594
0.662
0.274019
0.308773
0.435769
0.662
0.0553159
0.366842
0.190939
0.295868
0.469175
0.662
0.662
0.311877
0.368921
0.137962
0.191309
0.625501
0.662
0.558049
0.224221
0.662
0.164383
0.652652
0.18056
0.526517
0.59587
0.477954
0.468041
0.0283065
0.662
0.662
0.166664
0.662
0.36137
0.305018
0.662
0.277014
0.314844
0.622736
0.170877
0.361226
0.315175
0.662
0.662
0.483639
