0.567115
0.325174
0.662
0.424474
0.00360702
0.162804
0.662
0.203281
0.213468
0.501089
0.458549
0.206372
0.662
0.506245
0.662
0.17502
0.212423
0.662
0.18778
0.662
0.183406
0.662
0.0114356
0.0877116
0.662
0.662
0.269189
0.0563349
0.113669
0.662
0.662
0.329424
0.662
0.214166
0.232646
0.662
0.243237
0.218815
0.147657
0.00291833
0.252029
0.235702
0.014829
0.315895
0.149078
0.220529
0.302036
0.35211
0.378611
0.662
0.662
0.126512
0.662
0.0811499
0.394736
0.0607284
0.0348927
0.662
0.0749877
0.427875
0.662
0.662
0.308455
0.662
0.47238
0.361111
0.327593
0.626976
0.662
0.575788
0.662
0.662
0.662
0.167862
0.143137
0.463268
0.662
0.107447
0.285657
0.101101
0.118986
0.203378
0.359619
0.662
0.426661
0.662
0.145122
0.662
0.204572
0.662
0.518053
0.450497
0.174278
0.662
0.234056
0.112793
0.473648
0.662
0.662
0.662
0.203271
0.322815
0.447445
0.662
0.461382
0.16615
0.662
0.662
0.19801
0.662
0.167144
0.220716
0.296213
0.662
0.662
0.244591
0.00449852
0.662
0.648311
0.662
0.662
0.662
0.449909
0.293472
0.293872
0.169369
0.662
0.285753
0.206621
0.282774
0.437809
0.371867
0.662
0.662
0.0305164
0.387223
0.662
0.662
0.0889731
0.662
0.19011
0.662
0.662
0.221138
0.662
0.662
0.662
0.234677
0.389019
0.662
0.662
0.662
0.662
0.0427933
0.195906
0.662
0.0877529
0.516778
0.662
0.0748055
0.283175
0.178118
0.425713
0.453782
0.166418
0.662
0.566281
0.257463
0.662
0.432078
0.165242
0.662
0.662
0.327535
0.201936
0.388541
0.171526
0.119918
0.662
0.662
0.662
0.662
0.662
0.662
0.662
0.375376
0.662
0.100428
0.662
0.227349
0.662
0.359608
0.662
0.662
0.461267
0.285443
0.662
0.662
0.23676
0.445426
0.312358
0.254039
0.323246
0.26994
0.194972
0.338146
0.383201
0.268717
0.2633
0.662
0.205425
0.40298
0.662
0.662
0.184773
0.0202781
0.417679
0.549168
0.662
0.169947
0.130749
0.0113036
0.119474
0.0159007
0.662
0.662
0.662
0.662
0.366477
0.662
0.662
0.211706
0.244389
0.662
0.362492
0.421564
0.290993
0.662
0.662
0.153072
0.662
0.156546
0.0410907
0.199709
0.429556
0.662
0.662
0.0360397
0.662
0.662
0.638173
0.662
0.662
0.420572
0.0258608
0.662
0.662
0.0918618
0.120737
0.662
0.384001
0.662
0.187548
0.600117
0.662
0.0489615
0.134256
0.236388
0.160202
0.471418
0.473733
0.299661
0.138784
0.662
0.662
0.662
0.225052
0.359564
0.593496
0.0904826
0.0112434
0.20335
0.662
0.662
0.662
0.662
0.46588
0.662
0.63339
0.187885
0.662
0.200084
0.376869
0.185062
0.662
0.143825
0.247356
0.304851
0.308106
0.195846
0.0784184
0.662
0.0420683
0.637603
0.234442
0.662
0.662
0.136948
0.662
0.214793
0.662
0.662
0.662
0.662
0.662
0.261346
0.218997
0.337081
0.411006
0.662
0.149377
0.366786
0.382186
0.662
0.17367
0.662
0.662
0.662
0.0840925
0.662
0.662
0.140345
0.134528
0.662
0.600689
0.662
0.35428
0.662
0.662
0.175389
0.369547
0.488918
0.478488
0.12504
0.194037
0.259783
0.279561
0.662
0.10867
0.0542641
0.345234
0.301794
0.662
0.662
0.662
0.662
0.185102
0.186094
0.588508
0.662
0.362125
0.643046
0.170411
0.662
0.662
0.16645
0.662
0.390118
0.662
0.662
0.142373
0.479005
0.662
0.662
0.662
0.405662
0.0246221
0.240733
0.656641
0.662
0.549204
0.662
0.0550098
0.662
0.662
0.419032
0.620513
0.220874
0.662
0.492202
0.662
0.546237
0.260414
0.662
0.322308
0.662
0.381027
0.542903
0.055107
0.662
0.210304
0.662
0.662
0.390504
0.662
0.122293
0.0879405
0.407414
0.662
0.662
0.662
0.0171211
0.662
0.662
0.662
0.480805
0.662
0.662
0.662
0.149083
0.20527
0.227728
0.0749175
0.662
0.662
0.374704
0.662
0.662
0.662
0.662
0.662
0.286521
0.352106
0.345287
0.418747
0.198378
0.175646
0.662
0.526375
0.662
0.365198
0.271474
0.356511
0.662
0.228184
0.662
0.662
0.325671
0.518697
0.0422696
0.662
0.112961
0.0877515
0.662
0.0899348
0.157049
0.205422
0.662
0.474705
0.317186
0.662
0.629706
0.662
0.0896265
0.120147
0.177271
0.256742
0.245396
0.307591
0.662
0.203113
0.388777
0.238857
0.662
0.324387
0.662
0.304321
0.662
0.662
0.662
0.158181
0.465363
0.662
0.662
0.662
0.328507
0.662
0.180097
0.483345
0.197948
0.662
0.031358
0.662
0.147024
0.662
0.137853
0.662
0.125791
0.209797
0.355531
0.243432
0.5596
0.130489
0.281315
0.662
0.0876634
0.662
0.125006
0.662
0.124006
0.42421
0.662
0.537205
0.210789
0.263265
0.662
0.192671
0.662
0.662
0.0649437
0.662
0.662
0.662
0.603573
0.449503
0.176984
0.23853
0.440217
0.662
0.662
0.662
0.662
0.662
0.382469
0.460361
0.662
0.406099
0.662
0.10885
0.601086
0.662
0.192805
0.662
0.299028
0.239158
0.0741323
0.442666
0.398676
0.662
0.266741
0.063674
0.443341
0.662
0.662
0.506842
0.0407294
0.299335
0.640299
0.662
0.662
0.662
0.662
0.527869
0.432361
0.662
0.364021
0.662
0.370234
0.662
0.0278662
0.139191
0.662
0.297042
0.376051
0.662
0.109021
0.464582
0.662
0.187749
0.249435
0.662
0.662
0.662
0.205675
0.662
0.662
0.446053
0.0994199
0.152335
0.662
0.36241
0.662
0.662
0.662
0.662
0.176364
0.295902
0.662
0.33973
0.330757
0.662
0.457172
0.298055
0.138863
0.13038
0.662
0.662
0.662
0.662
0.329874
0.2522
0.662
0.662
0.0990928
0.612645
0.294869
0.662
0.662
0.287401
0.587701
0.662
0.14813
0.662
0.28447
0.662
0.662
0.662
0.662
0.662
0.246486
0.662
0.484395
0.1487
0.0725855
0.28856
0.662
0.278719
0.180485
0.381245
0.411529
0.325143
0.662
0.662
0.421185
0.258
0.662
0.438548
0.662
0.310128
0.476036
0.662
0.294127
0.262983
0.662
0.662
0.662
0.409904
0.14542
0.300669
0.166797
0.662
0.592136
0.662
0.662
0.662
0.662
0.662
0.519056
0.662
0.28543
0.186352
0.662
0.662
0.261557
0.247921
0.460927
0.662
0.662
0.398332
0.243907
0.662
0.662
0.00983904
0.400588
0.549988
0.0402788
0.313229
0.662
0.418476
0.662
0.448408
0.662
0.662
0.341259
0.662
0.662
0.662
0.662
0.332656
0.0561952
0.662
0.662
0.662
0.423862
0.662
0.662
0.662
0.662
0.515321
0.662
0.662
0.662
0.400467
0.140924
0.100814
0.0595581
0.662
0.117841
0.324682
0.409488
0.162925
0.662
0.406061
0.662
0.290844
0.644558
0.662
0.662
0.120274
0.527615
0.594138
0.662
0.326845
0.200686
0.208467
0.208958
0.131156
0.118086
0.295448
0.662
0.475359
0.385268
0.225958
0.35436
0.662
0.662
0.662
0.662
0.391831
0.662
0.372651
0.374035
0.662
0.662
0.22119
0.662
0.662
0.662
0.662
0.280381
0.662
0.278052
0.361289
0.0339858
0.662
0.652077
0.662
0.132955
0.0585705
0.235357
0.474011
0.458564
0.662
0.662
0.149097
0.662
0.330244
0.347978
0.25594
0.662
0.662
0.236595
0.32917
0.0433862
0.662
0.463674
0.380505
0.0216173
0.11129
0.275789
0.201876
0.662
0.218911
0.230901
0.202125
0.662
0.662
0.369885
0.484028
0.431277
0.104863
0.662
0.662
0.662
0.233734
0.126844
0.363333
0.662
0.212828
0.662
0.512542
0.0443446
0.662
0.662
0.00962713
0.271884
0.662
0.266248
0.191395
0.215764
0.079706
0.00201144
0.253179
0.448423
0.338405
0.200865
0.158947
0.662
0.291412
0.281406
0.662
0.34219
0.237922
0.42665
0.345717
0.246073
0.662
0.0639693
0.638109
0.662
0.662
0.586924
0.343524
0.662
0.662
0.493338
0.662
0.288034
0.662
0.662
0.1928
0.477239
0.662
0.662
0.662
0.662
0.113346
0.662
0.662
0.662
0.15395
0.0993443
0.203566
0.26579
0.47854
0.662
0.265622
0.284098
0.662
0.662
0.662
0.662
0.0988846
0.366175
0.466051
0.228231
0.662
0.311166
0.419755
0.271813
0.198663
0.469433
0.413231
0.662
0.380838
0.284523
0.11649
0.31485
0.414869
0.662
0.662
0.662
0.166273
0.662
0.662
0.306527
0.412041
0.305562
0.662
0.17628
0.431825
0.0666348
0.662
0.662
0.324733
0.484476
0.662
0.662
0.662
0.2836
0.318357
0.302613
0.662
0.662
0.119406
0.111781
0.0273218
0.186483
0.662
0.0953684
0.598637
0.233416
0.662
0.662
0.314782
0.274987
0.0539053
0.231197
0.662
0.131153
0.662
0.473962
0.662
0.206754
0.333748
0.251401
0.375031
0.44777
0.229233
0.662
0.662
0.207045
0.137511
0.662
0.0522881
0.662
0.662
0.410176
0.662
0.416063
0.103716
0.469015
0.225972
0.418223
0.303493
0.00382138
0.408125
0.662
0.121636
0.662
0.411325
0.0862181
0.662
0.016489
0.662
0.662
0.21871
0.280101
0.279769
0.199383
0.315056
0.330029
0.302793
0.662
0.296824
0.36287
0.662
0.109877
0.102795
0.625361
0.263206
0.662
0.365512
0.237357
0.662
0.236308
0.662
0.662
0.363319
0.411791
0.662
0.268683
0.211519
0.190281
0.249794
0.369792
0.570001
0.662
0.550497
0.168761
0.662
0.250083
0.474305
0.431605
0.624711
0.350192
0.662
0.662
0.0946917
0.662
0.134036
0.496664
0.662
0.662
0.116289
0.662
0.0237022
0.13692
0.233311
0.148569
0.523161
0.351935
0.389948
0.225882
0.211229
0.662
0.246663
0.0607364
0.662
0.231974
0.467508
0.662
0.0591247
0.095609
0.662
0.0599747
0.662
0.652586
0.211228
0.662
0.662
0.0678362
0.0496514
0.662
0.331021
0.404301
0.115345
0.662
0.662
0.662
0.382456
0.540517
0.304721
0.095005
0.490517
0.662
0.167516
0.662
0.662
0.628129
0.319857
0.0700125
0.0144425
0.662
0.662
0.662
0.662
0.162721
0.662
0.324973
0.0549231
0.346508
0.246461
0.377468
0.662
0.106081
0.662
0.019041
0.447296
0.662
0.201867
0.462781
0.662
0.662
0.158017
0.662
0.233946
0.488771
0.161393
0.261737
0.489228
0.520501
0.197799
0.091223
0.265426
0.662
0.232752
0.662
0.435413
0.479696
0.382243
0.0648158
0.421514
0.662
0.447875
0.00623935
0.233527
0.231356
0.609968
0.230172
0.355205
0.662
0.130676
0.113928
0.579923
0.662
0.662
0.662
0.488703
0.233756
0.662
0.347608
0.662
0.662
0.111828
0.424375
0.199893
0.662
0.0429945
0.662
0.662
0.108913
0.372194
0.662
0.593798
0.151931
0.224001
0.432648
0.0559818
0.662
0.662
0.662
0.383346
0.00781641
0.213372
0.182812
0.662
0.662
0.662
0.246477
0.662
0.662
0.662
0.00557921
0.662
0.662
0.0288029
0.662
0.662
0.335463
0.376031
0.323536
0.662
0.288999
0.358441
0.169112
0.662
0.430059
0.14855
0.267526
0.662
0.315327
0.105548
0.40876
0.165787
0.223887
0.341381
0.457293
0.424252
0.362947
0.268143
0.662
0.662
0.0414372
0.394161
0.216136
0.662
0.20582
0.662
0.424797
0.215553
0.254074
0.519397
0.14083
0.662
0.662
0.662
0.662
0.00592313
0.265194
0.629706
0.662
0.662
0.00278988
0.327328
0.662
0.662
0.190047
0.358817
0.211102
0.315772
0.662
0.297954
0.662
0.270309
0.662
0.662
0.409692
0.662
0.662
0.662
0.415999
0.0758366
0.60026
0.662
0.303804
0.662
0.146548
0.662
0.662
0.662
0.400773
0.662
0.662
0.662
0.662
0.662
0.296859
0.518835
0.317233
0.142873
0.662
0.662
0.662
0.316332
0.088071
0.152953
0.420736
0.202222
0.662
0.39223
0.443693
0.322501
0.294431
0.662
0.259632
0.610332
0.662
0.662
0.662
0.0283043
0.00460061
0.662
0.05834
0.662
0.477635
0.0216056
0.342369
0.662
0.662
0.662
0.321051
0.185124
0.259252
0.662
0.460617
0.394321
0.55589
0.278928
0.662
0.662
0.662
0.662
0.0451554
0.662
0.662
0.247678
0.0743166
0.580777
0.425954
0.662
0.662
0.1604
0.662
0.159897
0.662
0.236876
0.150245
0.0523833
0.322437
0.373994
0.136282
0.195361
0.427623
0.347318
0.176197
0.662
0.662
0.0160488
0.662
0.662
0.662
0.225301
0.662
0.662
0.662
0.662
0.399199
0.662
0.329378
0.662
0.100739
0.226308
0.662
0.208385
0.0787277
0.517818
0.515285
0.239485
0.662
0.321099
0.662
0.0958688
0.189955
0.210494
0.192981
0.153883
0.475251
0.15973
0.131395
0.662
0.662
0.381674
0.662
0.365191
0.0535622
0.192903
0.259509
0.662
0.186717
0.662
0.0777673
0.228799
0.662
0.662
0.215266
0.261854
0.662
0.136658
0.662
0.662
0.662
0.00822371
0.662
0.133976
0.267498
0.540551
0.662
0.662
0.662
0.662
0.200265
0.565389
0.662
0.404833
0.365339
0.359924
0.293049
0.662
0.274545
0.106966
0.662
0.313365
0.352402
0.351324
0.410243
0.123828
0.152616
0.432864
0.406351
0.662
0.410437
0.232972
0.187892
0.450951
0.195272
0.662
0.662
0.662
0.5396
0.321978
0.662
0.274643
0.129409
0.257147
0.583079
0.216794
0.662
0.155045
0.662
0.234599
0.410732
0.235445
0.662
0.662
0.662
0.421243
0.662
0.0399755
0.662
0.46069
0.390814
0.459001
0.662
0.662
0.662
0.199955
0.662
0.536631
0.409283
0.151731
0.219488
0.522678
0.145109
0.408133
0.233403
0.662
0.401242
0.662
0.326034
0.178271
0.228724
0.254753
0.0565723
0.331909
0.222412
0.662
0.622464
0.662
0.430845
0.662
0.25021
0.433564
0.662
0.662
0.662
0.0968884
0.318463
0.51223
0.218727
0.0826793
0.231121
0.662
0.260393
0.207077
0.366516
0.662
0.37971
0.0806159
0.415729
0.662
0.662
0.399758
0.112619
0.662
0.369937
0.157034
0.484467
0.27951
0.662
0.0999288
0.0113657
0.154686
0.173935
0.662
0.651158
0.662
0.281555
0.662
0.63339
0.662
0.662
0.662
0.662
0.662
0.662
0.662
0.590898
0.662
0.193451
0.500617
0.662
0.0280126
0.662
0.44254
0.207773
0.662
0.381516
0.242914
0.0741094
0.662
0.471705
0.509034
0.1754
0.492405
0.662
0.360652
0.662
0.405812
0.1215
0.0725232
0.181229
0.215153
0.662
0.662
0.662
0.635974
0.662
0.38656
0.662
0.532205
0.242843
0.662
0.662
0.662
0.662
0.662
0.662
0.532845
0.191685
0.0907269
0.0522197
0.460489
0.662
0.662
0.333679
0.662
0.662
0.662
0.662
0.662
0.662
0.662
0.464037
0.186862
0.489098
0.662
0.662
0.181277
0.218327
0.275941
0.662
0.118909
0.662
0.662
0.662
0.662
0.174379
0.0211524
0.662
0.662
0.301239
0.403611
0.138403
0.11312
0.256902
0.290146
0.662
0.245651
0.662
0.41911
0.0596153
0.662
0.408869
0.00896487
0.662
0.218074
0.662
0.662
0.384174
0.662
0.634879
0.662
0.233509
0.662
0.662
0.498842
0.0194509
0.582246
0.662
0.0848594
0.262801
0.307165
0.204859
0.533225
0.124055
0.15193
0.0987832
0.662
0.037034
0.662
0.44269
0.585298
0.662
0.568536
0.662
0.0298487
0.111667
0.662
0.307048
0.362651
0.662
0.662
0.662
0.662
0.662
0.370197
0.425524
0.662
0.662
0.662
0.662
0.357106
0.662
0.0153098
0.662
0.428365
0.662
0.0160536
0.150806
0.662
0.662
0.662
0.112354
0.662
0.662
0.0453804
0.322273
0.662
0.281683
0.402357
0.199917
0.354076
0.398808
0.259172
0.0468165
0.662
0.662
0.662
0.662
0.209844
0.662
0.662
0.120098
0.662
0.279467
0.629763
0.164729
0.662
0.207576
0.298262
0.60981
0.185949
0.370034
0.490937
0.662
0.235994
0.646551
0.230245
0.12419
0.36992
0.368657
0.188217
0.398063
0.662
0.662
0.476849
0.369186
0.49412
0.517908
0.179194
0.33828
0.0608836
0.217041
0.311702
0.662
0.662
0.19975
0.662
0.179769
0.326844
0.662
0.269149
0.662
0.662
0.662
0.662
0.398288
0.662
0.192684
0.14958
0.662
0.0726288
0.412407
0.398913
0.15073
0.662
0.18833
0.445795
0.148521
0.133765
0.44773
0.662
0.373811
0.662
0.662
0.662
0.0882483
0.662
0.444605
0.00791272
0.662
0.621928
0.662
0.662
0.191994
0.184765
0.162629
0.662
0.388637
0.323414
0.662
0.662
0.572453
0.462073
0.247324
0.230667
0.662
0.329658
0.662
0.166309
0.662
0.662
0.662
0.548245
0.0849684
0.405783
0.662
0.662
0.456923
0.662
0.387535
0.187474
0.0569554
0.139974
0.0666416
0.662
0.449233
0.1818
0.195296
0.587456
0.363168
0.317825
0.265484
0.662
0.249262
0.380582
0.662
0.662
0.662
0.662
0.271002
0.316412
0.261801
0.28461
0.240786
0.662
0.371096
0.662
0.329599
0.234592
0.428532
0.662
0.385859
0.0926931
0.487433
0.428827
0.662
0.0456838
0.662
0.662
0.232649
0.0474295
0.662
0.257795
0.313766
0.336627
0.662
0.662
0.564276
0.121847
0.662
0.662
0.662
0.662
0.0951815
0.246039
0.662
0.662
0.518299
0.171015
0.662
0.662
0.421568
0.662
0.285999
0.662
0.662
0.060239
0.207531
0.662
0.662
0.662
0.113265
0.341512
0.197964
0.662
0.400036
0.218844
0.662
0.141612
0.113346
0.662
0.0871144
0.224675
0.208882
0.222439
0.194138
0.456929
0.288225
0.662
0.0333731
0.172344
0.291829
0.662
0.662
0.662
0.662
0.27763
0.214629
0.662
0.662
0.266782
0.662
0.283951
0.210804
0.662
0.662
0.643232
0.47655
0.190707
0.435435
0.221747
0.121066
0.00272236
0.340387
0.662
0.662
0.662
0.662
0.224973
0.662
0.425765
0.662
0.662
0.350973
0.662
0.26497
0.182626
0.369884
0.0819014
0.662
0.270388
0.662
0.208007
0.146865
0.249783
0.262357
0.333543
0.0177635
0.587969
0.192709
0.402305
0.662
0.194971
0.238806
0.662
0.475423
0.616947
0.654584
0.662
0.0754477
0.662
0.662
0.173161
0.41958
0.662
0.419817
0.447977
0.662
0.662
0.345101
0.662
0.662
0.662
0.237595
0.342612
0.153963
0.662
0.662
0.150254
0.23937
0.334956
0.353292
0.662
0.225461
0.662
0.339945
0.662
0.0262534
0.624024
0.662
0.35073
0.0529278
0.311262
0.662
0.300185
0.168992
0.054065
0.662
0.662
0.529183
0.0697633
0.662
0.240139
0.569504
0.662
0.662
0.662
0.160199
0.0158559
0.217432
0.662
0.662
0.473167
0.508908
0.662
0.244889
0.309768
0.210105
0.188947
0.59917
0.662
0.110359
0.377232
0.662
0.662
0.456975
0.211389
0.662
0.662
0.248208
0.087544
0.462539
0.355104
0.116957
0.126778
0.484413
0.523301
0.662
0.662
0.662
0.369668
0.248794
0.036124
0.381588
0.662
0.406929
0.430419
0.109959
0.0835384
0.379306
0.662
0.469335
0.662
0.222125
0.662
0.662
0.209564
0.320214
0.662
0.414379
0.315956
0.21171
0.662
0.662
0.504726
0.152301
0.662
0.662
0.393489
0.662
0.59041
0.213094
0.662
0.280814
0.143239
0.662
0.191508
0.662
0.189043
0.662
0.662
0.471654
0.662
0.276753
0.42864
0.662
0.165056
0.517851
0.374894
0.317539
0.314847
0.603499
0.253032
0.662
0.662
0.00467665
0.662
0.662
0.662
0.208951
0.662
0.662
0.350383
0.386609
0.662
0.329827
0.662
0.662
0.662
0.176684
0.510104
0.26385
0.234634
0.467526
0.662
0.341431
0.134937
0.662
0.398062
0.123181
0.662
0.414729
0.662
0.162482
0.210418
0.200225
0.662
0.662
0.662
0.0781495
0.475871
0.148791
0.108468
0.662
0.662
0.662
0.115484
0.117541
0.662
0.458268
0.490776
0.339306
0.647452
0.662
0.237355
0.318885
0.662
0.118984
0.274011
0.662
0.662
0.59328
0.662
0.320636
0.662
0.662
0.312956
0.106711
0.662
0.0169641
0.662
0.0714618
0.662
0.264387
0.142093
0.191584
0.0186142
0.196595
0.438337
0.173362
0.228472
0.662
0.0106744
0.662
0.662
0.662
0.565533
0.662
0.277692
0.0281272
0.406199
0.662
0.662
0.662
0.231895
0.302659
0.662
0.140015
0.345851
0.159786
0.141826
0.207352
0.00517139
0.662
0.0464799
0.294043
0.662
0.340164
0.215133
0.662
0.662
0.662
0.662
0.391669
0.662
0.173554
0.662
0.181354
0.662
0.575418
0.263843
0.42211
0.662
0.159383
0.662
0.212924
0.0537733
0.145062
0.171597
0.356562
0.203663
0.261723
0.243925
0.662
0.662
0.0944637
0.328649
0.117065
0.662
0.374251
0.662
0.227426
0.662
0.662
0.181602
0.328236
0.306506
0.336148
0.164539
0.516562
0.175181
0.662
0.159789
0.322685
0.662
0.304634
0.17587
0.131252
0.280948
0.662
0.301747
0.0191827
0.336292
0.662
0.387197
0.201428
0.3584
0.662
0.662
0.198809
0.235348
0.202547
0.25212
0.511541
0.662
0.266657
0.662
0.128472
0.12733
0.662
0.662
0.662
0.0569754
0.662
0.262406
0.449979
0.662
0.662
0.375967
0.099182
0.662
0.257373
0.662
0.662
0.187379
0.662
0.662
0.07408
0.298357
0.662
0.222081
0.44176
0.141289
0.241308
0.343236
0.662
0.396873
0.662
0.662
0.254779
0.46513
0.662
0.105601
0.602213
0.662
0.662
0.0396334
0.48445
0.483372
0.461701
0.662
0.662
0.130334
0.196807
0.424192
0.132422
0.105646
0.0199278
0.227104
0.274351
0.662
0.0540693
0.662
0.484993
0.332368
0.154663
0.112349
0.395418
0.344192
0.401615
0.662
0.57994
0.262128
0.662
0.662
0.430489
0.198856
0.662
0.45932
0.662
0.662
0.662
0.323852
0.662
0.281593
0.473748
0.352037
0.662
0.4472
0.320229
0.289059
0.234218
0.662
0.23906
0.662
0.0232813
0.114807
0.18879
0.467846
0.230011
0.0382429
0.662
0.662
0.662
0.662
0.662
0.662
0.662
0.192325
0.263772
0.176516
0.305559
0.497691
0.655146
0.158264
0.370734
0.350392
0.662
0.647949
0.0933616
0.662
0.662
0.662
0.0588196
0.662
0.240933
0.662
0.253111
0.601415
0.26323
0.380422
0.157287
0.117966
0.077332
0.478488
0.662
0.256352
0.548907
0.662
0.0433003
0.287683
0.195926
0.662
0.287086
0.39708
0.609981
0.662
0.662
0.440998
0.540771
0.120078
0.441144
0.29313
0.380822
0.662
0.290956
0.648015
0.46427
0.151875
0.662
0.162043
0.662
0.191977
0.100436
0.662
0.320884
0.662
0.183327
0.662
0.662
0.662
0.308482
0.217949
0.422042
0.662
0.256938
0.662
0.177478
0.226257
0.662
0.662
0.231789
0.662
0.662
0.662
0.312698
0.662
0.0558632
0.662
0.662
0.662
0.662
0.16197
0.662
0.662
0.214459
0.0911973
0.662
0.662
0.556431
0.299688
0.331017
0.40208
0.277228
0.517884
0.662
0.662
0.207745
0.25518
0.42873
0.662
0.107985
0.662
0.230421
0.662
0.662
0.509015
0.662
0.116987
0.230009
0.662
0.231016
0.260916
0.196279
0.662
0.662
0.276426
0.662
0.0671757
0.416533
0.119474
0.662
0.0207153
0.389238
0.662
0.662
0.662
0.662
0.0163229
0.662
0.662
0.662
0.228192
0.662
0.118813
0.211113
0.0170563
0.662
0.662
0.417079
0.662
0.662
0.662
0.662
0.662
0.662
0.0807135
0.662
0.0566132
0.407098
0.662
0.55917
0.230895
0.178845
0.461161
0.662
0.184775
0.306651
0.622554
0.662
0.662
0.662
0.662
0.662
0.445532
0.662
0.378328
0.416817
0.278766
0.662
0.662
0.662
0.0884609
0.118438
0.230294
0.662
0.662
0.278932
0.662
0.662
0.211539
0.436229
0.662
0.306247
0.327817
0.223486
0.662
0.443548
0.662
0.662
0.171125
0.309326
0.662
0.0258892
0.268609
0.488495
0.313858
0.388343
0.662
0.662
0.230835
0.662
0.662
0.662
0.105417
0.531606
0.186983
0.65245
0.662
0.383803
0.149485
0.38287
0.662
0.176217
0.662
0.662
0.662
0.662
0.662
0.662
0.662
0.428556
0.662
0.662
0.194769
0.662
0.403908
0.662
0.314881
0.248476
0.461239
0.187848
0.207025
0.418787
0.348614
0.231081
0.30849
0.0914429
0.454741
0.370957
0.662
0.662
0.662
0.125561
0.310227
0.30789
0.328201
0.662
0.662
0.459749
0.226917
0.662
0.259193
0.114657
0.662
0.662
0.0511651
0.292464
0.662
0.662
0.662
0.256933
0.662
0.373034
0.235428
0.402755
0.288093
0.662
0.377558
0.0959675
0.647786
0.0950734
0.234819
0.138862
0.04953
0.407498
0.618233
0.662
0.662
0.662
0.0238553
0.436938
0.112465
0.136024
0.189708
0.461579
0.662
0.662
0.462852
0.299683
0.116866
0.662
0.327875
0.662
0.662
0.456742
0.161349
0.191608
0.212573
0.117394
0.31775
0.450617
0.391894
0.229259
0.662
0.169553
0.646885
0.226002
0.528254
0.662
0.283256
0.662
0.0203618
0.217426
0.523754
0.437434
0.547069
0.400874
0.662
0.232419
0.507961
0.0814418
0.662
0.262236
0.662
0.225711
0.662
0.662
0.404111
0.377241
0.662
0.662
0.411878
0.361841
0.245559
0.0353932
0.173141
0.319775
0.662
0.662
0.662
0.662
0.0212951
0.434936
0.662
0.662
0.508897
0.396364
0.662
0.662
0.441487
0.662
0.662
0.236546
0.662
0.662
0.34395
0.109732
0.662
0.662
0.662
0.662
0.662
0.439521
0.255499
0.550591
0.662
0.618977
0.662
0.325357
0.163849
0.252031
0.662
0.662
0.2326
0.232515
0.662
0.662
0.324453
0.662
0.233641
0.335133
0.345201
0.292368
0.215134
0.154013
0.155534
0.238737
0.662
0.239888
0.662
0.0524924
0.417377
0.257662
0.662
0.662
0.335683
0.403055
0.662
0.662
0.221876
0.505986
0.662
0.450722
0.662
0.422984
0.285319
0.662
0.198252
0.662
0.662
0.143722
0.662
0.662
0.662
0.662
0.0518902
0.345439
0.662
0.146121
0.0224306
0.0698992
0.349969
0.662
0.662
0.662
0.14134
0.0671877
0.421786
0.0218061
0.571281
0.662
0.662
0.662
0.662
0.105339
0.358208
0.330069
0.263238
0.231452
0.260892
0.433248
0.434719
0.141033
0.514774
0.588879
0.662
0.135136
0.262504
0.375443
0.238899
0.16974
0.662
0.662
0.26182
0.662
0.55978
0.367899
0.104288
0.0948971
0.662
0.662
0.138263
0.662
0.662
0.662
0.242699
0.662
0.662
0.662
0.662
0.662
0.662
0.126883
0.164412
0.311525
0.246786
0.272258
0.265584
0.313083
0.0682733
0.662
0.389228
0.183882
0.662
0.662
0.662
0.140577
0.662
0.662
0.662
0.450855
0.314115
0.116081
0.662
0.138215
0.185118
0.375211
0.662
0.662
0.662
0.662
0.272935
0.662
0.508323
0.491569
0.522557
0.662
0.206233
0.662
0.496001
0.662
0.258513
0.662
0.24121
0.652154
0.662
0.662
0.276934
0.338603
0.00918644
0.662
0.124753
0.348251
0.662
0.607164
0.163632
0.662
0.449857
0.0579504
0.468097
0.307489
0.662
0.396499
0.662
0.470106
0.436194
0.662
0.662
0.662
0.662
0.662
0.154776
0.662
0.662
0.662
0.662
0.662
0.347884
0.429408
0.018823
0.662
0.662
0.662
0.220512
0.662
0.472727
0.64915
0.662
0.446209
0.403945
0.302719
0.558099
0.210419
0.304077
0.662
0.662
0.0863885
0.662
0.174061
0.662
0.260093
0.662
0.223505
0.314715
0.289029
0.063916
0.124719
0.19175
0.265977
0.216063
0.136761
0.662
0.0227137
0.662
0.662
0.168809
0.568489
0.0818194
0.0524118
0.36477
0.449968
0.662
0.662
0.172776
0.498604
0.129441
0.264936
0.185262
0.223375
0.48386
0.375703
0.378412
0.120264
0.662
0.308861
0.292208
0.662
0.470933
0.264125
0.662
0.478311
0.251801
0.662
0.298396
0.662
0.0112113
0.205491
0.315937
0.276617
0.662
0.662
0.662
0.145365
0.164754
0.142413
0.396152
0.451081
0.237543
0.307759
0.662
0.306943
0.0619012
0.441409
0.662
0.662
0.418231
0.662
0.662
0.305909
0.662
0.432198
0.662
0.662
0.662
0.356303
0.529786
0.662
0.662
0.662
0.662
0.662
0.662
0.0808349
0.662
0.226492
0.387652
0.662
0.662
0.0992809
0.662
0.351894
0.228446
0.193708
0.149892
0.662
0.450863
0.149546
0.00690792
0.548751
0.662
0.662
0.662
0.254037
0.246928
0.662
0.662
0.226653
0.287263
0.211742
0.241144
0.662
0.662
0.152775
0.662
0.144051
0.388281
0.662
0.376156
0.577175
0.117944
0.312229
0.200488
0.143633
0.662
0.395192
0.0954533
0.231781
0.143663
0.21298
0.419507
0.190307
0.442085
0.662
0.662
0.332494
0.662
0.158019
0.662
0.662
0.318523
0.423601
0.662
0.39883
0.536797
0.42929
0.104105
0.662
0.469011
0.662
0.397673
0.65404
0.662
0.22212
0.662
0.519829
0.363489
0.141961
0.662
0.167199
0.662
0.442001
0.662
0.185096
0.408975
0.662
0.662
0.662
0.662
0.051592
0.383817
0.662
0.327232
0.662
0.662
0.556222
0.662
0.662
0.399923
0.359768
0.662
0.662
0.662
0.662
0.294436
0.662
0.361314
0.104905
0.333683
0.641497
0.524181
0.662
0.108613
0.117195
0.0825267
0.450171
0.224675
0.0594156
0.662
0.0830144
0.662
0.662
0.359518
0.662
0.107902
0.304116
0.440987
0.467076
0.243106
0.662
0.662
0.662
0.040257
0.565611
0.465582
0.376718
0.662
0.0524056
0.137387
0.662
0.379921
0.293971
0.662
0.228181
0.662
0.662
0.225205
0.662
0.355326
0.662
0.341827
0.110289
0.200903
0.0175804
0.545291
0.662
0.662
0.182153
0.662
0.548565
0.662
0.662
0.662
0.0229684
0.662
0.163128
0.662
0.438475
0.298787
0.123898
0.662
0.216137
0.662
0.475239
0.375961
0.662
0.662
0.126365
0.293123
0.296408
0.40249
0.662
0.142965
0.662
0.166233
0.313981
0.4605
0.379174
0.50749
0.662
0.662
0.662
0.662
0.662
0.662
0.157303
0.387991
0.242492
0.662
0.662
0.350584
0.237257
0.662
0.208186
0.662
0.209642
0.353113
0.662
0.400832
0.662
0.662
0.662
0.131304
0.373239
0.662
0.662
0.662
0.187613
0.662
0.349111
0.662
0.302516
0.135587
0.168837
0.662
0.662
0.225848
0.662
0.662
0.662
0.662
0.662
0.662
0.0514634
0.662
0.662
0.662
0.662
0.237794
0.411981
0.430429
0.134685
0.23383
0.292176
0.0726658
0.117187
0.662
0.662
0.662
0.244322
0.662
0.295615
0.253009
0.26747
0.124451
0.43279
0.662
0.662
0.297581
0.287254
0.662
0.307322
0.662
0.662
0.662
0.662
0.662
0.437338
0.165444
0.661943
0.0220757
0.36028
0.662
0.141311
0.107942
0.212574
0.080434
0.662
0.662
0.364551
0.313625
0.391456
0.662
0.662
0.662
0.0469158
0.301743
0.216556
0.662
0.662
0.393277
0.320331
0.662
0.662
0.662
0.247662
0.257164
0.662
0.662
0.662
0.0256055
0.383096
0.662
0.662
0.22731
0.201259
0.44932
0.480619
0.537086
0.318999
0.14724
0.403527
0.662
0.662
0.662
0.466555
0.662
0.662
0.662
0.662
0.662
0.00693611
0.320286
0.277162
0.24819
0.184948
0.0403518
0.255145
0.662
0.16466
0.145728
0.435353
0.662
0.171588
0.16122
0.220552
0.300307
0.662
0.0214539
0.421754
0.662
0.457572
0.199581
0.157435
0.227979
0.288026
0.306819
0.662
0.345984
0.184264
0.431953
0.158568
0.137196
0.401192
0.197163
0.502117
0.662
0.662
0.662
0.662
0.448046
0.160034
0.0794255
0.662
0.173669
0.270328
0.662
0.662
0.100182
0.662
0.590071
0.662
0.662
0.261009
0.662
0.130519
0.513008
0.175132
0.0154383
0.11055
0.454998
0.662
0.662
0.662
0.456393
0.190486
0.662
0.662
0.288196
0.248679
0.468462
0.298876
0.2154
0.416957
0.236952
0.00295836
0.407198
0.410466
0.151696
0.662
0.226609
0.662
0.320703
0.274831
0.662
0.177983
0.662
0.662
0.425907
0.174279
0.655161
0.662
0.239675
0.241764
0.284877
0.236948
0.308428
0.662
0.0852021
0.0304246
0.399783
0.662
0.303676
0.662
0.662
0.175412
0.641797
0.662
0.662
0.258603
0.662
0.516421
0.215809
0.662
0.662
0.557975
0.0212116
0.662
0.37076
0.360718
0.155257
0.117422
0.237647
0.662
0.662
0.662
0.662
0.408451
0.374255
0.662
0.662
0.0862416
0.662
0.443776
0.363731
0.373508
0.662
0.662
0.662
0.662
0.662
0.662
0.288554
0.243182
0.244014
0.200431
0.608818
0.662
0.662
0.303679
0.662
0.131728
0.618107
0.282517
0.492863
0.662
0.662
0.412786
0.662
0.662
0.662
0.34567
0.0314767
0.45889
0.662
0.521992
0.662
0.306713
0.662
0.197271
0.224608
0.446209
0.662
0.356812
0.352377
0.662
0.270688
0.197822
0.245681
0.216591
0.128417
0.662
0.162013
0.662
0.662
0.662
0.2345
0.00901334
0.127142
0.662
0.662
0.662
0.662
0.662
0.521283
0.662
0.293925
0.662
0.662
0.439156
0.662
0.569828
0.268798
0.662
0.297655
0.215569
0.662
0.662
0.200726
0.662
0.163359
0.306755
0.662
0.274794
0.662
0.662
0.134997
0.39462
0.258519
0.346279
0.262333
0.119207
0.357214
0.662
0.662
0.662
0.504742
0.00307169
0.246599
0.662
0.284501
0.0273323
0.662
0.662
0.265267
0.203461
0.371448
0.267101
0.662
0.662
0.0511513
0.662
0.662
0.148736
0.662
0.662
0.0434057
0.320836
0.232614
0.618957
0.662
0.662
0.139552
0.219945
0.662
0.662
0.662
0.184415
0.662
0.472095
0.360625
0.463428
0.47259
0.662
0.279957
0.474981
0.124911
0.082663
0.662
0.662
0.662
0.422249
0.425352
0.421939
0.0911047
0.22165
0.44949
0.481062
0.024813
0.054828
0.180529
0.409291
0.662
0.662
0.117272
0.662
0.662
0.662
0.27397
0.662
0.662
0.662
0.662
0.248775
0.272719
0.639856
0.378743
0.303526
0.235687
0.662
0.662
0.662
0.498329
0.445765
0.662
0.333569
0.331747
0.30194
0.662
0.0868307
0.662
0.662
0.276014
0.662
0.490053
0.662
0.194866
0.12412
0.662
0.437983
0.0706733
0.662
0.214217
0.662
0.437499
0.185397
0.662
0.00412027
0.662
0.662
0.662
0.244338
0.662
0.662
0.317275
0.352364
0.613113
0.408564
0.473801
0.155275
0.287701
0.333678
0.662
0.662
0.662
0.0328812
0.662
0.662
0.662
0.194713
0.26536
0.625423
0.619084
0.662
0.134349
0.662
0.168003
0.366147
0.319982
0.206707
0.662
0.404936
0.199998
0.429193
0.441046
0.348915
0.215787
0.462616
0.662
0.182337
0.430314
0.662
0.151398
0.0689374
0.662
0.662
0.384649
0.662
0.662
0.26518
0.377646
0.293375
0.119367
0.305022
0.38997
0.244561
0.0846856
0.00522494
0.203338
0.662
0.224227
0.394349
0.337019
0.236461
0.662
0.662
0.281174
0.662
0.241037
0.530462
0.390189
0.662
0.662
0.415359
0.662
0.414363
0.662
0.378145
0.662
0.662
0.528603
0.299087
0.451126
0.463437
0.226331
0.171344
0.252111
0.15034
0.234092
0.515969
0.460989
0.662
0.199507
0.662
0.284742
0.662
0.489771
0.0760252
0.662
0.48956
0.662
0.203021
0.535695
0.196021
0.662
0.407539
0.100265
0.515194
0.423484
0.662
0.662
0.0649483
0.281534
0.662
0.622206
0.662
0.425201
0.472295
0.662
0.524212
0.422744
0.448804
0.0890552
0.127997
0.328291
0.662
0.662
0.311973
0.549412
0.662
0.662
0.611686
0.370857
0.330142
0.662
0.662
0.221855
0.23251
0.612037
0.662
0.229345
0.475588
0.662
0.662
0.662
0.662
0.0462134
0.183451
0.662
0.114462
0.662
0.0715756
0.662
0.662
0.662
0.137809
0.244213
0.662
0.662
0.0536386
0.662
0.662
0.202663
0.263771
0.155252
0.662
0.662
0.662
0.662
0.662
0.662
0.583423
0.114797
0.0263718
0.662
0.211269
0.662
0.662
0.217376
0.662
0.662
0.258584
0.662
0.296691
0.355335
0.662
0.536352
0.662
0.584837
0.662
0.170544
0.662
0.245612
0.662
0.662
0.662
0.117482
0.473178
0.477261
0.467766
0.210103
0.293714
0.436279
0.662
0.503577
0.554754
0.662
0.0600379
0.0946568
0.385547
0.662
0.396895
0.662
0.662
0.299215
0.00827845
0.020503
0.123601
0.437431
0.662
0.662
0.662
0.216541
0.152808
0.145203
0.122096
0.443035
0.052471
0.301249
0.151166
0.662
0.662
0.662
0.451979
0.63339
0.662
0.662
0.389601
0.352138
0.662
0.186723
0.662
0.560221
0.662
0.662
0.163202
0.463556
0.662
0.042958
0.414438
0.0871106
0.0354946
0.662
0.239009
0.30299
0.191391
0.0273416
0.268539
0.297569
0.126511
0.604647
0.0477964
0.662
0.662
0.466386
0.0721993
0.486065
0.198075
0.662
0.475375
0.205864
0.477464
0.662
0.0285254
0.165547
0.149198
0.662
0.0321863
0.662
0.372719
0.662
0.471558
0.662
0.176156
0.202335
0.662
0.662
0.314045
0.662
0.254611
0.380145
0.00150799
0.260271
0.517649
0.330051
0.662
0.545042
0.0280693
0.325748
0.44383
0.0188303
0.260591
0.185197
0.188309
0.141896
0.547247
0.662
0.0395415
0.662
0.151961
0.662
0.662
0.232915
0.443807
0.158033
0.240485
0.662
0.079825
0.255
0.662
0.460394
0.662
0.662
0.662
0.289397
0.662
0.287372
0.179761
0.0349307
0.168435
0.662
0.662
0.3372
0.304693
0.662
0.423771
0.426614
0.662
0.417485
0.0878387
0.43675
0.662
0.586648
0.446625
0.210574
0.662
0.662
0.662
0.111516
0.662
0.27262
0.617279
0.163452
0.227123
0.662
0.662
0.268261
0.662
0.120902
0.662
0.368752
0.662
0.444317
0.0823946
0.589858
0.500124
0.662
0.662
0.0196577
0.208391
0.662
0.30985
0.19997
0.662
0.331106
0.00522863
0.299578
0.354634
0.662
0.662
0.302876
0.662
0.303631
0.150249
0.0675613
0.18269
0.326181
0.662
0.351143
0.51389
0.662
0.163375
0.383377
0.0634247
0.662
0.196342
0.208345
0.662
0.40718
0.662
0.364057
0.662
0.662
0.296068
0.21924
0.347393
0.662
0.315178
0.662
0.234378
0.244534
0.322778
0.662
0.149774
0.452318
0.0177539
0.516926
0.662
0.34544
0.188508
0.662
0.662
0.599206
0.215794
0.065674
0.662
0.231823
0.461288
0.662
0.440187
0.662
0.662
0.516505
0.662
0.662
0.662
0.662
0.662
0.662
0.181496
0.662
0.426374
0.662
0.278418
0.133679
0.662
0.551165
0.405706
0.662
0.584078
0.662
0.32551
0.662
0.456703
0.37324
0.662
0.369471
0.387127
0.39852
0.378641
0.432139
0.0361425
0.479989
0.396932
0.662
0.662
0.47483
0.348008
0.662
0.20838
0.144884
0.662
0.0295189
0.662
0.177267
0.662
0.39559
0.662
0.360608
0.2902
0.118758
0.662
0.662
0.134867
0.288469
0.662
0.213367
0.662
0.44374
0.292593
0.17112
0.0415039
0.488957
0.416511
0.42746
0.662
0.539099
0.371254
0.454827
0.215769
0.662
0.662
0.662
0.194225
0.0470353
0.662
0.294642
0.237217
0.435588
0.291869
0.429067
0.265443
0.00884477
0.324428
0.662
0.662
0.383332
0.662
0.511458
0.308108
0.662
0.662
0.128077
0.211705
0.662
0.647079
0.261934
0.662
0.107603
0.662
0.524781
0.356756
0.313814
0.662
0.662
0.662
0.469209
0.662
0.404483
0.662
0.226988
0.450763
0.245831
0.166907
0.662
0.662
0.12539
0.175206
0.662
0.25348
0.662
0.024668
0.662
0.517315
0.662
0.662
0.662
0.303975
0.662
0.662
0.382681
0.137161
0.662
0.363091
0.160341
0.296258
0.662
0.225191
0.662
0.662
0.416802
0.136872
0.662
0.034941
0.264988
0.662
0.563548
0.429589
0.662
0.662
0.662
0.22933
0.173528
0.662
0.662
0.662
0.296302
0.118747
0.662
0.437142
0.217018
0.111088
0.655684
0.597786
0.0867356
0.0921094
0.662
0.32845
0.262114
0.343465
0.662
0.662
0.286639
0.0969036
0.190982
0.515818
0.468688
0.662
0.249089
0.209211
0.0821954
0.0559044
0.662
0.402399
0.662
0.386971
0.119061
0.266856
0.229165
0.662
0.662
0.662
0.662
0.207933
0.0649532
0.662
0.662
0.630855
0.22173
0.131504
0.662
0.321653
0.662
0.662
0.246468
0.662
0.662
0.662
0.0173527
0.121371
0.662
0.662
0.020979
0.291967
0.248539
0.149222
0.662
0.662
0.0814395
0.398678
0.662
0.662
0.662
0.662
0.432299
0.412165
0.201436
0.662
0.478629
0.154332
0.288854
0.139672
0.00790165
0.193677
0.297464
0.185825
0.631932
0.228809
0.662
0.662
0.299812
0.233571
0.474254
0.151767
0.431129
0.393437
0.312561
0.09464
0.662
0.662
0.0602045
0.330089
0.190566
0.136602
0.407616
0.662
0.192679
0.662
0.662
0.662
0.169475
0.662
0.285185
0.662
0.662
0.662
0.430253
0.248632
0.222663
0.195448
0.662
0.418478
0.182482
0.183934
0.662
0.571087
0.662
0.261118
0.331498
0.302867
0.662
0.615733
0.662
0.662
0.509475
0.430792
0.662
0.26948
0.269137
0.662
0.662
0.662
0.662
0.662
0.0184125
0.278327
0.635133
0.662
0.402479
0.347918
0.662
0.662
0.630274
0.264417
0.419412
0.662
0.451947
0.462847
0.439435
0.627107
0.662
0.389619
0.342765
0.662
0.662
0.0673587
0.556642
0.0876989
0.207364
0.662
0.662
0.0926331
0.235927
0.662
0.63339
0.662
0.662
0.662
0.662
0.662
0.299351
0.662
0.476165
0.38515
0.662
0.235726
0.56055
0.662
0.662
0.662
0.140881
0.403928
0.662
0.662
0.286737
0.662
0.662
0.662
0.299203
0.459701
0.286899
0.662
0.174015
0.662
0.0617061
0.470657
0.440744
0.662
0.229912
0.662
0.662
0.110483
0.662
0.662
0.662
0.333644
0.662
0.662
0.447516
0.662
0.176395
0.662
0.0429441
0.168631
0.662
0.106218
0.364792
0.662
0.662
0.662
0.662
0.662
0.318892
0.662
0.254895
0.662
0.662
0.236016
0.225521
0.662
0.244283
0.531039
0.0377707
0.662
0.662
0.662
0.662
0.662
0.219228
0.371379
0.0764952
0.662
0.662
0.662
0.321859
0.149408
0.162447
0.662
0.662
0.662
0.301846
0.598648
0.639897
0.16376
0.0766444
0.235231
0.662
0.662
0.662
0.477624
0.662
0.662
0.455692
0.662
0.198977
0.26676
0.662
0.0247015
0.414376
0.229776
0.265594
0.662
0.662
0.662
0.662
0.662
0.662
0.165734
0.106263
0.662
0.662
0.662
0.662
0.102266
0.662
0.662
0.662
0.662
0.274429
0.186093
0.474279
0.662
0.662
0.475069
0.181234
0.568919
0.269697
0.662
0.331015
0.662
0.0323052
0.662
0.237689
0.662
0.260018
0.404092
0.0374353
0.662
0.662
0.255774
0.242643
0.356557
0.662
0.435593
0.0925314
0.0993231
0.322811
0.662
0.196679
0.333266
0.217014
0.662
0.662
0.662
0.191853
0.662
0.0585408
0.662
0.662
0.662
0.30936
0.662
0.186702
0.662
0.662
0.0945765
0.662
0.662
0.662
0.407227
0.233227
0.146518
0.662
0.170135
0.662
0.659349
0.662
0.662
0.358416
0.662
0.662
0.484754
0.662
0.261074
0.662
0.662
0.662
0.662
0.662
0.662
0.662
0.0531647
0.219141
0.662
0.125684
0.143179
0.160866
0.282493
0.354574
0.662
0.0532667
0.0912128
0.446133
0.0539992
0.196774
0.332374
0.662
0.475935
0.662
0.355825
0.388856
0.183281
0.480845
0.662
0.662
0.218531
0.464013
0.662
0.662
0.577139
0.176644
0.223035
0.662
0.662
0.662
0.0984363
0.153709
0.662
0.662
0.662
0.33597
0.126987
0.356409
0.3777
0.662
0.130221
0.226856
0.662
0.38109
0.662
0.454168
0.258301
0.168938
0.662
0.662
0.662
0.662
0.662
0.300134
0.302003
0.205243
0.0889222
0.387193
0.373179
0.662
0.662
0.245024
0.662
0.12435
0.662
0.600145
0.413725
0.22331
0.172095
0.662
0.662
0.237987
0.418824
0.187285
0.662
0.662
0.387401
0.378399
0.239898
0.131931
0.662
0.662
0.662
0.243921
0.3428
0.662
0.662
0.333475
0.156962
0.274638
0.289231
0.194987
0.265497
0.662
0.662
0.662
0.662
0.158968
0.442871
0.204613
0.662
0.662
0.243305
0.662
0.140982
0.296702
0.660037
0.036181
0.662
0.662
0.662
0.662
0.0155167
0.662
0.0770247
0.662
0.0669766
0.221678
0.662
0.542591
0.469187
0.662
0.662
0.259107
0.662
0.662
0.0759858
0.662
0.662
0.662
0.118558
0.350998
0.662
0.662
0.366625
0.0832439
0.0534724
0.662
0.265605
0.189471
0.621444
0.662
0.228866
0.378425
0.662
0.662
0.205853
0.567919
0.30113
0.662
0.662
0.662
0.19923
0.662
0.662
0.435906
0.662
0.662
0.528445
0.662
0.662
0.348481
0.185754
0.662
0.662
0.662
0.398415
0.271302
0.198082
0.13211
0.662
0.214445
0.0672002
0.00263706
0.616487
0.607013
0.0483642
0.662
0.406684
0.099448
0.262002
0.459749
0.662
0.662
0.0431921
0.30299
0.335545
0.662
0.0714238
0.0671765
0.662
0.186447
0.189972
0.30403
0.473726
0.0584975
0.298909
0.662
0.662
0.500816
0.509667
0.037197
0.08238
0.308499
0.634943
0.294535
0.140102
0.662
0.662
0.330501
0.085906
0.224863
0.174439
0.37227
0.290664
0.0117437
0.662
0.24645
0.0435433
0.364199
0.41092
0.662
0.350203
0.662
0.662
0.200876
0.662
0.662
0.662
0.0491157
0.662
0.133408
0.662
0.662
0.472275
0.205835
0.662
0.368635
0.195151
0.662
0.662
0.662
0.162679
0.224661
0.662
0.147403
0.227301
0.280983
0.29662
0.150296
0.662
0.662
0.408635
0.0300377
0.104808
0.0189438
0.505031
0.662
0.662
0.307518
0.459381
0.211905
0.016483
0.662
0.186322
0.439073
0.479767
0.0832469
0.662
0.312685
0.235966
0.285428
0.662
0.662
0.316106
0.662
0.306545
0.662
0.50951
0.16884
0.662
0.447224
0.662
0.280664
0.195263
0.662
0.433268
0.255596
0.415472
0.0334377
0.0300035
0.273867
0.662
0.636307
0.172491
0.185166
0.662
0.229718
0.216652
0.253876
0.662
0.265665
0.142174
0.0175336
0.196555
0.277511
0.662
0.118784
0.662
0.662
0.662
0.486338
0.0971941
0.253438
0.662
0.415269
0.662
0.291387
0.662
0.443785
0.603555
0.662
0.662
0.254118
0.591272
0.253358
0.512968
0.662
0.0853972
0.349646
0.662
0.137635
0.527604
0.662
0.662
0.0997693
0.662
0.662
0.203165
0.173817
0.39068
0.358954
0.662
0.662
0.0890058
0.0415334
0.592762
0.662
0.475493
0.662
0.00247832
0.662
0.524828
0.65924
0.306062
0.662
0.599664
0.394248
0.662
0.446197
0.145664
0.205344
0.630671
0.662
0.662
0.454334
0.0767325
0.380931
0.28487
0.201304
0.662
0.662
0.463131
0.188265
0.662
0.662
0.121825
0.140897
0.421215
0.662
0.00156091
0.662
0.409097
0.169836
0.344322
0.325244
0.112455
0.194717
0.306743
0.270366
0.47621
0.662
0.662
0.239099
0.588962
0.509204
0.44966
0.662
0.279881
0.662
0.253102
0.662
0.291761
0.359223
0.235475
0.339449
0.185622
0.263447
0.662
0.662
0.35411
0.662
0.662
0.662
0.306302
0.662
0.0137647
0.0937002
0.376886
0.360218
0.2743
0.358678
0.311894
0.203023
0.196143
0.234718
0.0858813
0.511704
0.0486612
0.62642
0.662
0.662
0.22803
0.45637
0.402734
0.093917
0.398212
0.662
0.662
0.662
0.662
0.662
0.662
0.292712
0.662
0.662
0.310595
0.662
0.183909
0.313362
0.198545
0.662
0.193183
0.448022
0.560817
0.38489
0.290046
0.1945
0.249704
0.489657
0.188969
0.662
0.226975
0.365911
0.179564
0.662
0.046858
0.662
0.662
0.662
0.111506
0.568722
0.662
0.246516
0.229755
0.347855
0.662
0.662
0.662
0.628296
0.662
0.662
0.169051
0.287863
0.314169
0.662
0.122857
0.662
0.662
0.356013
0.662
0.270628
0.662
0.662
0.417466
0.662
0.116266
0.338609
0.188325
0.494274
0.155585
0.0989305
0.23886
0.297882
0.0598865
0.0318365
0.0701249
0.394604
0.662
0.579904
0.662
0.439873
0.511648
0.662
0.182618
0.662
0.633694
0.662
0.315374
0.265599
0.662
0.662
0.479923
0.662
0.662
0.662
0.209423
0.124274
0.208267
0.538884
0.190714
0.638827
0.0788273
0.228007
0.24018
0.0502355
0.662
0.106301
0.178462
0.662
0.662
0.662
0.662
0.44912
0.662
0.662
0.662
0.5014
0.437276
0.662
0.662
0.662
0.252451
0.472346
0.662
0.235211
0.395865
0.662
0.404215
0.0604422
0.662
0.662
0.662
0.226756
0.267888
0.425118
0.662
0.662
0.662
0.462013
0.235069
0.249092
0.166155
0.109605
0.662
0.31221
0.0783946
0.200715
0.662
0.662
0.662
0.662
0.152423
0.305427
0.0668262
0.225902
0.0989887
0.20124
0.242573
0.244191
0.662
0.228924
0.662
0.169421
0.238221
0.662
0.246917
0.254285
0.662
0.160757
0.220997
0.662
0.662
0.123991
0.327942
0.0762594
0.474038
0.116166
0.159161
0.662
0.662
0.662
0.662
0.340424
0.442727
0.662
0.353901
0.248623
0.662
0.290495
0.366372
0.662
0.193144
0.662
0.662
0.327056
0.40978
0.462411
0.662
0.449163
0.412932
0.255861
0.662
0.0719319
0.0403224
0.192537
0.494002
0.413026
0.0592876
0.662
0.0733765
0.0672012
0.465519
0.662
0.228827
0.584193
0.486031
0.662
0.102805
0.662
0.451073
0.662
0.175593
0.662
0.662
0.10191
0.662
0.662
0.662
0.291425
0.3852
0.662
0.204279
0.288587
0.662
0.662
0.0441786
0.132803
0.129869
0.662
0.398554
0.662
0.317942
0.137677
0.662
0.56402
0.377633
0.349086
0.185624
0.184439
0.662
0.662
0.239941
0.361283
0.0796141
0.215787
0.3985
0.150275
0.662
0.662
0.244648
0.662
0.159964
0.0969174
0.575271
0.662
0.0549875
0.19515
0.662
0.0899362
0.393117
0.662
0.288053
0.662
0.20173
0.580987
0.228418
0.662
0.229336
0.23788
0.18201
0.475143
0.662
0.132767
0.662
0.40867
0.662
0.662
0.662
0.402512
0.662
0.662
0.233491
0.662
0.290801
0.199048
0.132742
0.349698
0.0922982
0.662
0.662
0.662
0.662
0.475968
0.0915819
0.449152
0.43631
0.0287758
0.224979
0.662
0.138548
0.257335
0.120535
0.13292
0.417898
0.453279
0.662
0.662
0.213901
0.662
0.662
0.662
0.662
0.643862
0.214422
0.662
0.662
0.585418
0.167135
0.193323
0.16758
0.053002
0.662
0.113455
0.119146
0.426427
0.22308
0.184525
0.0362523
0.475205
0.662
0.0192423
0.662
0.254724
0.662
0.184991
0.662
0.662
0.11085
0.167728
0.329498
0.388706
0.662
0.328648
0.189375
0.662
0.43548
0.0851893
0.662
0.662
0.662
0.510153
0.171084
0.546292
0.289875
0.265351
0.617873
0.662
0.662
0.263603
0.612676
0.662
0.662
0.662
0.197623
0.662
0.29318
0.00723382
0.159956
0.43151
0.202714
0.662
0.662
0.343708
0.393726
0.662
0.216754
0.662
0.386477
0.330202
0.489392
0.405983
0.232151
0.662
0.662
0.0603563
0.092712
0.339666
0.18312
0.662
0.489265
0.662
0.492999
0.662
0.201395
0.221558
0.239594
0.342887
0.662
0.267204
0.19923
0.662
0.662
0.563858
0.285024
0.14316
0.286444
0.436453
0.276733
0.662
0.254507
0.620994
0.662
0.11021
0.146383
0.662
0.340787
0.662
0.662
0.662
0.167883
0.662
0.442931
0.662
0.133263
0.162644
0.4918
0.264978
0.662
0.492448
0.662
0.043716
0.662
0.204077
0.145191
0.0120739
0.295245
0.662
0.662
0.120755
0.662
0.662
0.662
0.648576
0.662
0.662
0.471057
0.0568881
0.480232
0.458124
0.216801
0.662
0.662
0.2842
0.241183
0.662
0.662
0.33724
0.345744
0.108992
0.662
0.424469
0.662
0.662
0.14604
0.39303
0.614753
0.0568261
0.662
0.0504594
0.276279
0.662
0.662
0.662
0.662
0.662
0.260315
0.275284
0.13327
0.662
0.662
0.662
0.662
0.28008
0.155996
0.662
0.662
0.094899
0.662
0.232377
0.419197
0.244527
0.662
0.662
0.662
0.0131213
0.463735
0.662
0.518094
0.447262
0.662
0.330876
0.0109857
0.662
0.00901462
0.662
0.277594
0.662
0.590631
0.471502
0.662
0.192778
0.229117
0.282899
0.0597983
0.227879
0.449128
0.138279
0.0516839
0.184417
0.571312
0.662
0.237963
0.202474
0.662
0.393155
0.662
0.146093
0.46673
0.0844447
0.289184
0.143893
0.662
0.129314
0.662
0.353221
0.0459027
0.229621
0.498295
0.662
0.252431
0.0523296
0.0237685
0.580394
0.0940272
0.662
0.401481
0.662
0.662
0.630911
0.0102869
0.139171
0.053135
0.333304
0.432955
0.374754
0.662
0.0324146
0.295816
0.662
0.662
0.662
0.662
0.662
0.662
0.662
0.210611
0.662
0.270456
0.351961
0.0866746
0.308119
0.662
0.662
0.662
0.662
0.662
0.662
0.0286095
0.662
0.662
0.617479
0.662
0.662
0.662
0.662
0.261373
0.662
0.662
0.662
0.160608
0.662
0.490423
0.423889
0.150819
0.662
0.069223
0.405318
0.662
0.0351076
0.304681
0.465561
0.662
0.662
0.462875
0.662
0.190798
0.190971
0.193302
0.0767825
0.20736
0.662
0.148906
0.662
0.460149
0.662
0.662
0.324566
0.244678
0.662
0.662
0.662
0.350534
0.312067
0.391812
0.25689
0.208765
0.662
0.662
0.662
0.662
0.267247
0.662
0.365887
0.662
0.662
0.629763
0.387665
0.662
0.149692
0.662
0.221255
0.662
0.662
0.488621
0.391022
0.662
0.233862
0.662
0.029218
0.239816
0.00632982
0.032278
0.416818
0.366805
0.662
0.662
0.0963811
0.662
0.662
0.662
0.362238
0.662
0.221868
0.188292
0.285367
0.426621
0.662
0.662
0.026816
0.442704
0.662
0.662
0.662
0.373837
0.662
0.662
0.5119
0.0666068
0.662
0.0292517
0.25074
0.404061
0.280943
0.662
0.662
0.662
0.318208
0.43444
0.22982
0.221077
0.662
0.662
0.27095
0.662
0.401714
0.662
0.475124
0.256323
0.00196302
0.135772
0.662
0.662
0.662
0.0556542
0.662
0.171406
0.107909
0.0677852
0.304275
0.662
0.0847558
0.45454
0.662
0.662
0.662
0.662
0.662
0.439999
0.241467
0.662
0.662
0.196728
0.12837
0.662
0.446754
0.135385
0.3215
0.0971285
0.0915557
0.517172
0.662
0.379423
0.313483
0.445048
0.184754
0.342611
0.662
0.292522
0.484911
0.662
0.662
0.171293
0.304418
0.127262
0.190127
0.609222
0.662
0.185872
0.662
0.662
0.323031
0.513779
0.126375
0.111541
0.20337
0.186007
0.537948
0.647908
0.662
0.472507
0.662
0.662
0.246359
0.662
0.402658
0.662
0.662
0.662
0.662
0.662
0.0304851
0.662
0.662
0.083089
0.662
0.499671
0.662
0.338023
0.315616
0.359515
0.218772
0.454206
0.424699
0.290952
0.662
0.00130518
0.662
0.525069
0.416337
0.158563
0.200339
0.662
0.181537
0.662
0.384315
0.427592
0.239534
0.380396
0.0475652
0.306895
0.662
0.296524
0.0379419
0.0510616
0.662
0.662
0.409002
0.15331
0.192864
0.662
0.226535
0.660163
0.662
0.365684
0.662
0.44023
0.0354834
0.0709173
0.373277
0.662
0.662
0.662
0.221963
0.0519304
0.423911
0.185716
0.499274
0.294896
0.197744
0.662
0.662
0.0902343
0.366365
0.00313568
0.438648
0.272741
0.445345
0.29436
0.135425
0.662
0.662
0.0385483
0.435052
0.662
0.367652
0.662
0.612765
0.429384
0.301423
0.271695
0.478278
0.662
0.0166329
0.662
0.662
0.662
0.662
0.159007
0.388521
0.662
0.662
0.131805
0.440753
0.662
0.476936
0.598688
0.662
0.662
0.319603
0.0143697
0.156226
0.165507
0.42425
0.662
0.662
0.318207
0.456866
0.662
0.0370135
0.129954
0.662
0.299579
0.298514
0.250575
0.256522
0.0804114
0.662
0.662
0.662
0.662
0.204245
0.189817
0.662
0.662
0.662
0.226072
0.113086
0.229821
0.662
0.662
0.332083
0.0719788
0.0456844
0.662
0.662
0.458467
0.272496
0.215443
0.400682
0.1077
0.662
0.301505
0.186372
0.662
0.463829
0.105252
0.238778
0.227172
0.662
0.0504469
0.247232
0.189332
0.662
0.224107
0.292314
0.662
0.662
0.662
0.088233
0.400767
0.662
0.11444
0.266134
0.662
0.662
0.649676
0.0679683
0.662
0.309779
0.662
0.0410899
0.662
0.602065
0.460882
0.662
0.18487
0.513771
0.662
0.629763
0.145513
0.254996
0.194619
0.0394765
0.227817
0.662
0.296979
0.576012
0.662
0.151968
0.241391
0.662
0.128917
0.662
0.449712
0.36204
0.585478
0.662
0.662
0.00952746
0.0732196
0.662
0.662
0.662
0.162373
0.450737
0.33653
0.153839
0.662
0.662
0.417398
0.662
0.168325
0.149627
0.222338
0.662
0.662
0.662
0.161315
0.662
0.450063
0.214404
0.105631
0.443389
0.13595
0.662
0.662
0.00672621
0.16897
0.476868
0.0303634
0.662
0.662
0.662
0.374399
0.662
0.222693
0.662
0.125168
0.374659
0.249771
0.662
0.662
0.662
0.157859
0.662
0.410397
0.662
0.117559
0.662
0.472829
0.662
0.205605
0.216525
0.362564
0.662
0.662
0.176085
0.475139
0.455434
0.662
0.292703
0.662
0.662
0.608835
0.310869
0.662
0.295992
0.400466
0.662
0.330815
0.0968718
0.238227
0.662
0.662
0.140614
0.662
0.662
0.263915
0.4405
0.662
0.628094
0.0351648
0.662
0.662
0.412114
0.500231
0.662
0.246117
0.109161
0.662
0.662
0.659024
0.662
0.662
0.662
0.00996612
0.246079
0.662
0.662
0.662
0.662
0.662
0.247848
0.662
0.274514
0.382307
0.662
0.226188
0.662
0.662
0.662
0.193877
0.147763
0.484315
0.398769
0.662
0.110928
0.138495
0.352014
0.662
0.164016
0.471299
0.662
0.235775
0.439884
0.662
0.291341
0.662
0.0857202
0.64474
0.220301
0.0316473
0.662
0.662
0.662
0.159567
0.322969
0.585862
0.17857
0.133731
0.662
0.119491
0.662
0.619787
0.662
0.0444878
0.233958
0.158392
0.662
0.662
0.662
0.662
0.662
0.240454
0.103331
0.662
0.662
0.305619
0.662
0.280187
0.662
0.284257
0.332964
0.662
0.239162
0.043782
0.142051
0.399778
0.216349
0.662
0.662
0.258138
0.197622
0.227918
0.504114
0.433681
0.662
0.45356
0.662
0.662
0.0592182
0.662
0.474809
0.502384
0.217034
0.457447
0.662
0.662
0.662
0.259971
0.23615
0.0675242
0.662
0.269394
0.0268268
0.662
0.662
0.662
0.662
0.662
0.5991
0.662
0.662
0.463512
0.662
0.662
0.331767
0.662
0.248142
0.390728
0.238287
0.072017
0.585162
0.208083
0.502787
0.662
0.662
0.0564991
0.0561536
0.338785
0.662
0.137018
0.055648
0.123306
0.662
0.273657
0.258426
0.0762109
0.292406
0.662
0.272751
0.662
0.662
0.314156
0.184003
0.502967
0.662
0.23212
0.662
0.662
0.552558
0.294481
0.464898
0.662
0.131547
0.0213781
0.662
0.329035
0.662
0.662
0.328641
0.280761
0.449076
0.145887
0.662
0.662
0.0345384
0.662
0.311041
0.270915
0.662
0.436011
0.014084
0.662
0.662
0.378336
0.662
0.662
0.662
0.424926
0.270808
0.274273
0.445424
0.662
0.143992
0.0388486
0.411874
0.362973
0.662
0.247696
0.479079
0.642866
0.416409
0.0165624
0.232048
0.177608
0.662
0.662
0.662
0.0514774
0.650766
0.335339
0.228732
0.063717
0.662
0.140757
0.61197
0.653659
0.662
0.616894
0.662
0.050242
0.662
0.662
0.213832
0.662
0.662
0.662
0.662
0.662
0.662
0.385179
0.662
0.211311
0.662
0.662
0.139782
0.662
0.662
0.662
0.188129
0.662
0.0332389
0.662
0.407558
0.538636
0.521109
0.0183307
0.662
0.662
0.662
0.662
0.22135
0.54253
0.0302308
0.163519
0.662
0.662
0.202843
0.662
0.662
0.45358
0.662
0.662
0.662
0.389229
0.0594746
0.662
0.33439
0.33365
0.662
0.408812
0.230037
0.662
0.500285
0.0810267
0.638132
0.118443
0.333267
0.105132
0.662
0.464347
0.294447
0.382786
0.18362
0.472032
0.662
0.299049
0.662
0.662
0.662
0.523362
0.662
0.323453
0.204741
0.314889
0.508458
0.147366
0.283397
0.389009
0.464113
0.0430797
0.662
0.662
0.318254
0.662
0.128669
0.273534
0.662
0.247188
0.662
0.424729
0.113227
0.644418
0.662
0.484099
0.307712
0.662
0.389521
0.662
0.662
0.380784
0.662
0.662
0.320094
0.662
0.389405
0.662
0.385071
0.662
0.662
0.207451
0.474021
0.662
0.408227
0.474049
0.499946
0.285822
0.319451
0.662
0.249128
0.248901
0.662
0.374927
0.662
0.418804
0.662
0.662
0.196257
0.662
0.209647
0.427197
0.662
0.354953
0.662
0.206477
0.662
0.662
0.233021
0.541275
0.662
0.662
0.662
0.327708
0.46623
0.273618
0.279681
0.662
0.281408
0.662
0.335013
0.209174
0.367076
0.393075
0.662
0.662
0.662
0.19867
0.61486
0.13982
0.662
0.35686
0.662
0.662
0.256402
0.662
0.418182
0.662
0.23162
0.662
0.226488
0.295414
0.662
0.662
0.662
0.530272
0.217936
0.129739
0.0126223
0.267251
0.129144
0.662
0.662
0.368646
0.42891
0.185998
0.662
0.414451
0.454711
0.447477
0.436772
0.546127
0.428661
0.191648
0.27011
0.261313
0.21351
0.103784
0.662
0.402722
0.502401
0.662
0.434859
0.662
0.416682
0.662
0.298318
0.662
0.662
0.214176
0.15609
0.435664
0.662
0.469487
0.662
0.230707
0.662
0.254719
0.173111
0.104555
0.662
0.168392
0.662
0.662
0.155866
0.662
0.662
0.415786
0.105817
0.662
0.662
0.278971
0.353501
0.331082
0.173667
0.662
0.429885
0.376248
0.623514
0.662
0.425388
0.490433
0.209476
0.275248
0.0346578
0.38398
0.199618
0.629763
0.287177
0.662
0.47936
0.0666607
0.662
0.662
0.126793
0.0465827
0.187072
0.252165
0.662
0.662
0.662
0.662
0.6076
0.318818
0.562377
0.0604102
0.662
0.298071
0.565562
0.662
0.662
0.662
0.308714
0.396372
0.662
0.662
0.246211
0.386924
0.536157
0.203852
0.662
0.441591
0.662
0.143041
0.213053
0.442963
0.258388
0.294196
0.151395
0.341172
0.0243175
0.465627
0.662
0.662
0.662
0.253151
0.662
0.229825
0.170206
0.662
0.662
0.39139
0.0931787
0.0974688
0.662
0.662
0.662
0.123189
0.211405
0.662
0.213425
0.662
0.662
0.204103
0.662
0.590275
0.23958
0.4719
0.399011
0.662
0.212229
0.662
0.662
0.473361
0.662
0.662
0.29803
0.236438
0.226573
0.662
0.105578
0.662
0.0252458
0.4302
0.114731
0.662
0.291283
0.0295078
0.662
0.197321
0.516426
0.197622
0.402026
0.662
0.662
0.662
0.662
0.662
0.233359
0.501427
0.662
0.295069
0.209051
0.119876
0.225117
0.662
0.350899
0.228063
0.146345
0.662
0.662
0.250969
0.662
0.662
0.359276
0.662
0.0386985
0.14501
0.662
0.192109
0.419492
0.130632
0.662
0.431754
0.662
0.662
0.198882
0.289679
0.469788
0.0238595
0.662
0.0386976
0.00446867
0.662
0.662
0.256922
0.662
0.417495
0.662
0.662
0.662
0.0839244
0.662
0.292433
0.662
0.662
0.378757
0.662
0.613149
0.427921
0.169615
0.258186
0.257317
0.662
0.353851
0.159428
0.146155
0.662
0.231823
0.475849
0.438977
0.405018
0.452983
0.114445
0.662
0.662
0.326052
0.385455
0.662
0.662
0.220322
0.435872
0.283829
0.156729
0.181017
0.104264
0.662
0.662
0.662
0.662
0.662
0.543696
0.210922
0.244864
0.662
0.14124
0.137897
0.662
0.630018
0.087348
0.662
0.640398
0.662
0.662
0.662
0.662
0.166382
0.662
0.658439
0.662
0.17259
0.384951
0.662
0.19175
0.555501
0.432264
0.662
0.662
0.283834
0.224903
0.413994
0.561273
0.155894
0.662
0.662
0.533416
0.0613093
0.662
0.451217
0.215363
0.177098
0.425785
0.319325
0.504603
0.292975
0.203873
0.026806
0.662
0.662
0.122973
0.662
0.662
0.662
0.489249
0.330727
0.503779
0.662
0.578262
0.519617
0.405884
0.476839
0.346727
0.662
0.662
0.256623
0.227099
0.0196282
0.128609
0.2039
0.662
0.662
0.331499
0.255515
0.662
0.572852
0.148137
0.662
0.489944
0.0975219
0.195418
0.658789
0.662
0.432901
0.662
0.295517
0.301148
0.662
0.424404
0.402272
0.662
0.662
0.662
0.0397522
0.662
0.662
0.315008
0.217458
0.662
0.0237412
0.662
0.662
0.662
0.662
0.477595
0.6213
0.662
0.333244
0.0502212
0.283754
0.204594
0.662
0.259118
0.435721
0.168531
0.662
0.662
0.427537
0.20607
0.283799
0.0571754
0.3494
0.0359311
0.662
0.354274
0.441289
0.226784
0.662
0.0671187
0.662
0.0609702
0.412521
0.191544
0.662
0.662
0.0156956
0.108497
0.0380123
0.662
0.499946
0.295802
0.465791
0.0305388
0.32261
0.516511
0.662
0.321024
0.662
0.662
0.662
0.336913
0.662
0.352592
0.223838
0.662
0.662
0.264393
0.404379
0.662
0.114802
0.662
0.662
0.383756
0.123681
0.327218
0.155873
0.211469
0.449331
0.0897594
0.662
0.662
0.662
0.662
0.344455
0.308311
0.662
0.113504
0.460706
0.662
0.170836
0.453244
0.475985
0.662
0.162207
0.662
0.662
0.662
0.290274
0.0930593
0.662
0.316902
0.662
0.662
0.287975
0.489793
0.152203
0.662
0.0910345
0.662
0.662
0.368029
0.662
0.574197
0.255075
0.19571
0.133403
0.662
0.183705
0.662
0.16014
0.662
0.396481
0.249287
0.662
0.662
0.0442174
0.384488
0.0890414
0.662
0.344903
0.662
0.662
0.662
0.227605
0.662
0.662
0.358703
0.662
0.662
0.329753
0.662
0.662
0.662
0.475722
0.275834
0.662
0.266183
0.662
0.237122
0.384928
0.662
0.402719
0.534647
0.662
0.365008
0.282405
0.390092
0.662
0.439871
0.343013
0.65162
0.662
0.378904
0.358109
0.207662
0.262597
0.662
0.41703
0.117664
0.212621
0.662
0.0185129
0.228867
0.220111
0.097944
0.577083
0.662
0.477644
0.662
0.255404
0.211747
0.0417181
0.302958
0.0465426
0.369273
0.280964
0.201479
0.662
0.379093
0.662
0.197645
0.130611
0.662
0.662
0.246303
0.128523
0.080075
0.19164
0.370437
0.248524
0.121882
0.288591
0.0222682
0.226725
0.662
0.662
0.281126
0.0462621
0.662
0.447486
0.662
0.662
0.662
0.167934
0.463383
0.662
0.662
0.662
0.303973
0.662
0.141261
0.390267
0.187676
0.421607
0.231869
0.131199
0.662
0.662
0.373754
0.662
0.662
0.273545
0.662
0.127473
0.324725
0.233053
0.178439
0.306709
0.479147
0.18809
0.47209
0.662
0.662
0.662
0.662
0.662
0.662
0.662
0.327113
0.306116
0.0917943
0.464704
0.444053
0.662
0.662
0.451826
0.662
0.662
0.277666
0.261269
0.662
0.192668
0.307022
0.662
0.244034
0.625449
0.461644
0.0546747
0.662
0.272161
0.662
0.662
0.294325
0.662
0.239005
0.662
0.662
0.234222
0.180579
0.465182
0.364966
0.662
0.22299
0.358288
0.662
0.349415
0.282727
0.234262
0.662
0.324237
0.407406
0.662
0.662
0.662
0.309241
0.662
0.325051
0.662
0.662
0.662
0.0322676
0.38286
0.420379
0.662
0.445611
0.163002
0.662
0.233509
0.0530086
0.165397
0.387656
0.662
0.292145
0.277898
0.478662
0.662
0.603618
0.662
0.178278
0.489134
0.125601
0.662
0.250599
0.0774409
0.188367
0.662
0.234695
0.662
0.0921247
0.284312
0.475191
0.202086
0.662
0.39838
0.440482
0.633694
0.662
0.533349
0.376673
0.0818261
0.260929
0.662
0.0221154
0.279143
0.662
0.275084
0.332736
0.662
0.277737
0.662
0.341818
0.40781
0.662
0.192018
0.662
0.159327
0.354506
0.115907
0.535709
0.32875
0.152884
0.662
0.662
0.237477
0.226745
0.662
0.662
0.351527
0.423893
0.404151
0.395819
0.197917
0.0540858
0.245638
0.470572
0.0118588
0.662
0.263383
0.161804
0.662
0.213254
0.0232228
0.662
0.662
0.6263
0.113084
0.255229
0.662
0.662
0.531497
0.195691
0.662
0.102289
0.662
0.605848
0.136468
0.0997609
0.662
0.209399
0.336971
0.454676
0.662
0.0975432
0.662
0.662
0.662
0.662
0.312138
0.166459
0.662
0.662
0.34918
0.662
0.502796
0.184279
0.662
0.49731
0.217999
0.662
0.662
0.12403
0.662
0.599458
0.662
0.662
0.203953
0.362466
0.241191
0.662
0.16278
0.662
0.364817
0.662
0.498684
0.502867
0.415019
0.662
0.160262
0.662
0.382586
0.662
0.133988
0.63101
0.662
0.184184
0.662
0.662
0.662
0.662
0.662
0.662
0.662
0.662
0.219744
0.0275292
0.131513
0.246537
0.662
0.566908
0.662
0.117001
0.066388
0.40868
0.662
0.271455
0.350624
0.393959
0.273285
0.662
0.400895
0.662
0.190616
0.0772487
0.662
0.475488
0.662
0.662
0.662
0.609604
0.384778
0.429791
0.206053
0.126831
0.662
0.662
0.332823
0.662
0.118013
0.647791
0.662
0.662
0.43445
0.171615
0.476093
0.44809
0.416655
0.662
0.662
0.417255
0.662
0.662
0.662
0.662
0.257249
0.662
0.117754
0.42662
0.474567
0.662
0.662
0.174785
0.662
0.557902
0.39398
0.662
0.662
0.0121334
0.22819
0.0693106
0.662
0.227973
0.662
0.610697
0.445749
0.195588
0.282005
0.176678
0.662
0.457018
0.662
0.652349
0.139495
0.662
0.662
0.435215
0.662
0.136168
0.190674
0.629763
0.179734
0.39439
0.662
0.415991
0.541284
0.119074
0.152979
0.142007
0.662
0.216541
0.181883
0.593335
0.662
0.662
0.191574
0.0451185
0.337429
0.0363942
0.662
0.0625338
0.12309
0.662
0.662
0.662
0.570604
0.662
0.63339
0.662
0.189249
0.662
0.662
0.662
0.469104
0.279679
0.442107
0.211782
0.662
0.242381
0.383401
0.251323
0.605942
0.212165
0.319558
0.425557
0.322449
0.491925
0.662
0.132637
0.229641
0.46584
0.56965
0.521068
0.342947
0.662
0.662
0.0157753
0.662
0.662
0.0165439
0.444605
0.662
0.166763
0.662
0.662
0.261239
0.327017
0.177521
0.662
0.450153
0.261443
0.241022
0.662
0.662
0.662
0.662
0.389271
0.662
0.266037
0.662
0.662
0.274071
0.00715112
0.228903
0.472682
0.343435
0.0809183
0.662
0.201799
0.294498
0.175546
0.662
0.0519703
0.662
0.662
0.0161873
0.199092
0.421311
0.662
0.662
0.662
0.662
0.437738
0.658244
0.662
0.449078
0.169805
0.36609
0.118839
0.662
0.405547
0.662
0.0604647
0.513556
0.662
0.360439
0.30847
0.662
0.303187
0.662
0.662
0.347658
0.416705
0.250781
0.662
0.662
0.113399
0.427248
0.662
0.662
0.231422
0.128503
0.647426
0.662
0.075902
0.380873
0.282931
0.662
0.230047
0.451163
0.418897
0.500453
0.313758
0.299679
0.662
0.282356
0.203917
0.371792
0.662
0.406826
0.146418
0.237261
0.175188
0.662
0.210596
0.662
0.263911
0.324349
0.662
0.662
0.232698
0.662
0.191875
0.38347
0.662
0.662
0.662
0.60785
0.464731
0.0984324
0.662
0.226325
0.662
0.33499
0.219878
0.44029
0.192375
0.662
0.365418
0.370987
0.258295
0.267784
0.144116
0.343942
0.662
0.0823428
0.158931
0.662
0.662
0.662
0.356832
0.662
0.662
0.662
0.662
0.662
0.662
0.489655
0.662
0.662
0.0960376
0.375755
0.342996
0.662
0.662
0.187704
0.139426
0.662
0.200766
0.617671
0.341811
0.662
0.462905
0.320147
0.268603
0.662
0.418814
0.354826
0.662
0.459269
0.190391
0.662
0.474174
0.124862
0.314738
0.25346
0.180921
0.49444
0.662
0.288509
0.172402
0.662
0.662
0.295047
0.406419
0.662
0.662
0.662
0.44343
0.161355
0.285824
0.662
0.662
0.557449
0.124182
0.137171
0.371197
0.662
0.662
0.217217
0.259708
0.662
0.297332
0.0903702
0.662
0.662
0.662
0.134815
0.221877
0.662
0.211807
0.662
0.662
0.269661
0.34585
0.662
0.662
0.662
0.0534075
0.0687006
0.662
0.0861399
0.65094
0.662
0.13664
0.662
0.662
0.662
0.155876
0.662
0.662
0.662
0.361831
0.662
0.662
0.432581
0.662
0.662
0.355039
0.576286
0.370357
0.121708
0.662
0.662
0.163034
0.662
0.104506
0.662
0.662
0.430163
0.662
0.364049
0.476791
0.662
0.0356923
0.614279
0.662
0.474716
0.0146318
0.4472
0.000515244
0.662
0.662
0.170918
0.389234
0.44997
0.219279
0.0646749
0.347601
0.19367
0.356321
0.0332454
0.228187
0.662
0.662
0.521393
0.0509731
0.317597
0.13566
0.0562757
0.432575
0.111858
0.408152
0.385326
0.358677
0.421057
0.662
0.662
0.398155
0.240349
0.293311
0.662
0.24626
0.662
0.662
0.662
0.160627
0.662
0.662
0.14546
0.662
0.662
0.23239
0.571531
0.662
0.237798
0.0255096
0.411949
0.0491858
0.332003
0.140827
0.39512
0.662
0.662
0.662
0.662
0.662
0.662
0.143335
0.662
0.662
0.172717
0.633457
0.530883
0.662
0.662
0.662
0.144628
0.217652
0.0293208
0.156588
0.662
0.14767
0.662
0.209987
0.537357
0.662
0.116608
0.403621
0.187318
0.662
0.662
0.379739
0.28684
0.662
0.662
0.440669
0.662
0.662
0.149761
0.46149
0.662
0.662
0.662
0.231413
0.305895
0.24602
0.662
0.365779
0.662
0.106553
0.662
0.151374
0.662
0.131586
0.662
0.662
0.357859
0.108769
0.662
0.662
0.0945601
0.662
0.662
0.662
0.662
0.494711
0.662
0.662
0.228072
0.429945
0.662
0.662
0.113284
0.662
0.303996
0.0825529
0.0911476
0.474358
0.206228
0.662
0.378529
0.0697589
0.662
0.386024
0.395724
0.111588
0.297097
0.662
0.473888
0.496875
0.662
0.126653
0.662
0.466941
0.257842
0.0845722
0.402537
0.662
0.344168
0.662
0.0922858
0.342713
0.662
0.243343
0.393598
0.223026
0.662
0.662
0.216503
0.662
0.0846665
0.662
0.662
0.137574
0.0042636
0.662
0.156109
0.154598
0.137009
0.662
0.662
0.255189
0.662
0.376926
0.662
0.662
0.662
0.662
0.141667
0.12488
0.662
0.662
0.457697
0.327906
0.443948
0.0037522
0.662
0.595617
0.0352929
0.662
0.0773283
0.662
0.662
0.662
0.662
0.322832
0.139922
0.162131
0.326407
0.261763
0.662
0.245477
0.117877
0.487628
0.200187
0.662
0.0650998
0.662
0.153682
0.590234
0.662
0.241215
0.183675
0.662
0.662
0.314441
0.460725
0.251839
0.448062
0.343215
0.114928
0.046829
0.662
0.232102
0.662
0.246889
0.662
0.167709
0.662
0.0198062
0.662
0.520873
0.662
0.662
0.662
0.662
0.221626
0.496246
0.662
0.114143
0.345385
0.464355
0.441143
0.423997
0.662
0.195606
0.662
0.662
0.662
0.662
0.418002
0.378561
0.235699
0.468027
0.00570873
0.662
0.177693
0.662
0.0633232
0.662
0.0865747
0.0714795
0.662
0.290881
0.662
0.133729
0.214379
0.247154
0.116173
0.662
0.662
0.0760544
0.359405
0.422682
0.662
0.527788
0.224756
0.662
0.662
0.662
0.297541
0.662
0.662
0.458256
0.662
0.662
0.662
0.662
0.595156
0.222614
0.662
0.173085
0.0605726
0.286342
0.423767
0.370146
0.662
0.662
0.284225
0.0791267
0.335403
0.302832
0.430953
0.416864
0.241461
0.662
0.274712
0.662
0.19324
0.662
0.662
0.662
0.385327
0.662
0.321371
0.239724
0.168449
0.226023
0.662
0.662
0.0864294
0.0966398
0.275654
0.185811
0.216253
0.0299559
0.225059
0.0825051
0.662
0.427069
0.0755568
0.662
0.662
0.662
0.400702
0.258526
0.239919
0.18692
0.662
0.0850942
0.202537
0.22251
0.101348
0.270296
0.616503
0.662
0.199723
0.662
0.454744
0.662
0.0669519
0.608528
0.188419
0.351457
0.662
0.662
0.276812
0.253161
0.662
0.0326169
0.662
0.163869
0.538025
0.662
0.192552
0.164113
0.391058
0.568374
0.662
0.155016
0.328753
0.411269
0.202189
0.399769
0.0953099
0.662
0.55708
0.269385
0.609007
0.662
0.163858
0.662
0.662
0.344314
0.065601
0.420441
0.12732
0.662
0.662
0.662
0.204603
0.100654
0.456642
0.662
0.0545421
0.662
0.172908
0.266398
0.125153
0.0464283
0.662
0.295076
0.264591
0.277537
0.662
0.244645
0.626799
0.662
0.18896
0.35933
0.206604
0.452209
0.558024
0.103342
0.254903
0.662
0.168199
0.297928
0.662
0.413561
0.662
0.662
0.662
0.662
0.102343
0.402305
0.662
0.311288
0.662
0.0180126
0.348104
0.131127
0.197717
0.0654741
0.276532
0.662
0.203997
0.355461
0.662
0.662
0.361626
0.193084
0.662
0.554802
0.662
0.305632
0.662
0.662
0.662
0.450336
0.212624
0.365464
0.223237
0.332401
0.662
0.662
0.337088
0.662
0.228769
0.23373
0.0277372
0.466623
0.662
0.662
0.662
0.0439345
0.467973
0.0462061
0.662
0.662
0.441673
0.662
0.210763
0.42126
0.143297
0.662
0.16198
0.445489
0.662
0.662
0.0560304
0.662
0.662
0.0268702
0.330256
0.263778
0.236013
0.662
0.662
0.247251
0.189191
0.0488421
0.662
0.662
0.231859
0.45035
0.662
0.466065
0.662
0.017961
0.229519
0.403895
0.662
0.662
0.662
0.147503
0.443069
0.623151
0.249399
0.369579
0.289276
0.662
0.662
0.553399
0.266785
0.662
0.662
0.474224
0.176208
0.20087
0.204363
0.273388
0.662
0.194257
0.25213
0.135411
0.257845
0.127311
0.194394
0.00914348
0.506285
0.233251
0.332685
0.662
0.532804
0.369075
0.662
0.316355
0.269375
0.662
0.662
0.269205
0.662
0.360175
0.419614
0.662
0.0143383
0.329264
0.367542
0.662
0.662
0.0105748
0.21879
0.662
0.662
0.348735
0.662
0.662
0.229322
0.0281565
0.662
0.662
0.576753
0.662
0.0133517
0.430966
0.462276
0.0411805
0.334212
0.27743
0.659269
0.647665
0.328807
0.662
0.662
0.662
0.210607
0.347503
0.21619
0.662
0.545637
0.662
0.662
0.662
0.425667
0.448199
0.182089
0.202284
0.662
0.662
0.290264
0.115755
0.662
0.662
0.160695
0.662
0.662
0.662
0.662
0.117424
0.662
0.662
0.170749
0.239443
0.278626
0.662
0.662
0.292255
0.662
0.662
0.189983
0.174119
0.358894
0.274001
0.171635
0.332047
0.662
0.329214
0.184459
0.511234
0.662
0.289416
0.0607847
0.371871
0.662
0.662
0.353434
0.414274
0.662
0.662
0.477317
0.123529
0.662
0.343131
0.16744
0.103799
0.0995297
0.662
0.119596
0.662
0.195593
0.368329
0.662
0.662
0.291404
0.15121
0.343259
0.662
0.662
0.186183
0.662
0.662
0.0963622
0.148175
0.662
0.422106
0.186252
0.662
0.406548
0.0677501
0.662
0.451378
0.355641
0.662
0.42298
0.00750366
0.662
0.662
0.373104
0.209839
0.0849786
0.243221
0.662
0.0657415
0.662
0.662
0.662
0.0752542
0.570812
0.662
0.554784
0.232247
0.662
0.188048
0.662
0.399263
0.438973
0.391922
0.180351
0.662
0.219401
0.662
0.31057
0.662
0.662
0.125399
0.569626
0.210362
0.662
0.662
0.662
0.325495
0.058184
0.171293
0.275297
0.301966
0.662
0.483603
0.662
0.662
0.653762
0.315881
0.662
0.662
0.317358
0.588009
0.662
0.662
0.0240484
0.662
0.662
0.662
0.374953
0.662
0.170733
0.662
0.397615
0.662
0.224894
0.208275
0.662
0.231684
0.298092
0.107358
0.284246
0.241288
0.662
0.207667
0.324224
0.247125
0.34769
0.662
0.662
0.477027
0.319832
0.662
0.381481
0.662
0.115108
0.401184
0.662
0.364976
0.477401
0.0844663
0.103399
0.662
0.662
0.586643
0.361295
0.662
0.662
0.162153
0.662
0.662
0.421857
0.0349707
0.340656
0.662
0.323271
0.633391
0.622527
0.408049
0.421334
0.662
0.263861
0.0745355
0.119646
0.662
0.662
0.180319
0.662
0.225879
0.662
0.2738
0.15978
0.662
0.103171
0.474445
0.371714
0.472163
0.03832
0.260468
0.241927
0.236479
0.314477
0.662
0.389997
0.379741
0.319213
0.0465227
0.397564
0.662
0.138723
0.437436
0.0131664
0.49115
0.209975
0.662
0.388849
0.19752
0.145892
0.662
0.290293
0.391051
0.662
0.662
0.160066
0.227208
0.187395
0.662
0.662
0.344494
0.662
0.303464
0.662
0.662
0.242427
0.415932
0.136466
0.351462
0.388321
0.328058
0.662
0.303348
0.60021
0.210408
0.339689
0.537436
0.662
0.662
0.206148
0.662
0.351478
0.662
0.662
0.238658
0.662
0.590231
0.407544
0.557803
0.662
0.19689
0.232658
0.662
0.662
0.662
0.23802
0.662
0.182158
0.662
0.161364
0.662
0.104078
0.662
0.662
0.662
0.583703
0.662
0.350847
0.446473
0.449333
0.286923
0.255635
0.268358
0.0804499
0.662
0.194015
0.662
0.125466
0.193713
0.662
0.0118724
0.570872
0.662
0.353477
0.384935
0.662
0.662
0.485875
0.175339
0.190649
0.226854
0.392552
0.340569
0.662
0.662
0.224831
0.0425393
0.0345988
0.662
0.391083
0.662
0.368156
0.662
0.2089
0.662
0.662
0.662
0.331415
0.662
0.280041
0.662
0.0382627
0.662
0.0985028
0.662
0.37718
0.13144
0.0621566
0.360476
0.357944
0.127348
0.117977
0.662
0.662
0.376034
0.243793
0.662
0.213278
0.662
0.662
0.138497
0.410719
0.0405296
0.235671
0.662
0.662
0.662
0.26089
0.662
0.00525504
0.662
0.0502671
0.28949
0.435532
0.00216733
0.348852
0.275904
0.0766346
0.223801
0.662
0.662
0.396453
0.0286145
0.107315
0.213027
0.113544
0.103979
0.662
0.662
0.662
0.662
0.195722
0.128358
0.662
0.313841
0.662
0.0989237
0.662
0.662
0.662
0.662
0.662
0.22145
0.13416
0.373116
0.0309782
0.113843
0.246103
0.0194672
0.662
0.662
0.662
0.266082
0.662
0.662
0.180752
0.662
0.0603683
0.248819
0.662
0.410698
0.631071
0.662
0.662
0.172585
0.274766
0.662
0.662
0.41937
0.421456
0.662
0.662
0.322289
0.459435
0.662
0.136997
0.245827
0.662
0.286596
0.662
0.662
0.662
0.237056
0.314665
0.259882
0.662
0.662
0.0182726
0.662
0.348169
0.662
0.151595
0.662
0.153065
0.531698
0.188844
0.207589
0.461686
0.0340978
0.205817
0.449528
0.662
0.19289
0.0822913
0.144254
0.497163
0.159026
0.224714
0.295906
0.268676
0.201956
0.0926908
0.333789
0.289315
0.181186
0.21516
0.662
0.329877
0.127801
0.55024
0.233884
0.662
0.662
0.662
0.286593
0.662
0.118029
0.662
0.473761
0.662
0.226804
0.662
0.191361
0.242296
0.662
0.18622
0.662
0.0586532
0.206155
0.0333964
0.252844
0.330233
0.662
0.662
0.21871
0.662
0.134794
0.662
0.472567
0.145882
0.662
0.47916
0.662
0.662
0.318693
0.662
0.387489
0.625556
0.163795
0.170091
0.596522
0.0632883
0.389848
0.427071
0.310169
0.134778
0.662
0.0722165
0.662
0.319923
0.47514
0.28243
0.0133435
0.438027
0.125516
0.261791
0.662
0.440131
0.345755
0.458701
0.209774
0.662
0.217646
0.662
0.125919
0.528457
0.644923
0.662
0.435194
0.662
0.251661
0.662
0.00226323
0.662
0.0789231
0.246029
0.264932
0.0136427
0.0237647
0.358637
0.662
0.0382093
0.254282
0.631907
0.662
0.403319
0.662
0.662
0.164505
0.662
0.662
0.662
0.662
0.662
0.579657
0.24232
0.420695
0.662
0.354344
0.662
0.0333404
0.662
0.662
0.662
0.447915
0.0497838
0.173131
0.662
0.256528
0.285882
0.447913
0.296454
0.662
0.662
0.448566
0.662
0.662
0.662
0.464338
0.455557
0.581991
0.662
0.269826
0.342517
0.27431
0.662
0.662
0.125306
0.465279
0.387476
0.662
0.662
0.662
0.662
0.340213
0.45742
0.662
0.662
0.327553
0.227986
0.329205
0.40168
0.277361
0.662
0.462602
0.191878
0.00586072
0.25468
0.35956
0.147606
0.339121
0.158613
0.662
0.368313
0.662
0.187745
0.662
0.662
0.0779704
0.662
0.378491
0.307631
0.445531
0.662
0.197485
0.122534
0.368337
0.14346
0.209985
0.662
0.662
0.662
0.662
0.662
0.662
0.642081
0.422059
0.662
0.662
0.662
0.249227
0.0118406
0.662
0.00988089
0.662
0.26174
0.0251124
0.649338
0.554107
0.422476
0.503193
0.0785992
0.234095
0.259044
0.196743
0.662
0.0327093
0.662
0.371757
0.662
0.662
0.662
0.224143
0.662
0.278017
0.47932
0.662
0.662
0.0071622
0.137981
0.662
0.231139
0.226361
0.54546
0.662
0.662
0.274162
0.662
0.662
0.662
0.662
0.17451
0.124886
0.662
0.509499
0.24679
0.198265
0.662
0.139832
0.662
0.0361932
0.3314
0.165189
0.662
0.348616
0.662
0.38285
0.662
0.128924
0.662
0.187515
0.156163
0.046507
0.147561
0.662
0.34648
0.473721
0.662
0.662
0.376176
0.313469
0.662
0.662
0.25715
0.460243
0.662
0.486901
0.21818
0.330858
0.0652789
0.662
0.266047
0.662
0.633391
0.662
0.662
0.662
0.072251
0.211857
0.124255
0.314506
0.662
0.633474
0.662
0.662
0.215532
0.325463
0.368007
0.662
0.449692
0.382958
0.662
0.662
0.662
0.662
0.662
0.662
0.500366
0.440531
0.662
0.0674217
0.14333
0.0347217
0.662
0.662
0.662
0.400904
0.36679
0.662
0.662
0.30852
0.662
0.662
0.277288
0.662
0.662
0.662
0.662
0.363015
0.559895
0.352236
0.504489
0.662
0.662
0.662
0.662
0.293334
0.662
0.642952
0.662
0.455018
0.662
0.662
0.662
0.662
0.206611
0.662
0.279674
0.662
0.662
0.362889
0.173405
0.662
0.30063
0.487755
0.662
0.0876477
0.364879
0.180687
0.662
0.0386336
0.662
0.662
0.147684
0.280701
0.206861
0.449163
0.0878379
0.662
0.662
0.662
0.222663
0.662
0.603783
0.0571578
0.594908
0.662
0.662
0.351448
0.231624
0.662
0.0573767
0.350338
0.662
0.446831
0.0893394
0.662
0.662
0.0609947
0.544924
0.0833702
0.206125
0.662
0.662
0.374009
0.553589
0.662
0.662
0.662
0.398536
0.229246
0.662
0.263368
0.320947
0.211373
0.662
0.20162
0.662
0.662
0.662
0.293103
0.662
0.13698
0.163705
0.662
0.17335
0.209158
0.662
0.347938
0.343562
0.0626816
0.402427
0.35352
0.360243
0.662
0.198981
0.268817
0.662
0.105509
0.288706
0.215607
0.268232
0.662
0.290169
0.662
0.662
0.662
0.662
0.266181
0.662
0.662
0.662
0.662
0.3295
0.170426
0.126809
0.395448
0.662
0.126777
0.252651
0.273132
0.326891
0.212684
0.662
0.662
0.662
0.388177
0.662
0.662
0.0788403
0.662
0.154093
0.290173
0.118728
0.406156
0.662
0.320912
0.198612
0.453852
0.662
0.29361
0.0145431
0.457303
0.19
0.589816
0.116982
0.563581
0.270379
0.166534
0.662
0.558859
0.396966
0.662
0.430011
0.311625
0.662
0.0299331
0.662
0.238146
0.662
0.213691
0.198918
0.662
0.14891
0.662
0.662
0.662
0.298956
0.662
0.662
0.210996
0.206207
0.662
0.190967
0.662
0.662
0.5882
0.662
0.662
0.17948
0.173073
0.31427
0.219884
0.289662
0.569702
0.270829
0.32275
0.662
0.662
0.122736
0.662
0.188801
0.662
0.662
0.662
0.0225722
0.0557174
0.461276
0.333021
0.662
0.144916
0.662
0.292578
0.465684
0.109451
0.445607
0.041722
0.662
0.291474
0.0167381
0.662
0.120551
0.0653754
0.662
0.315018
0.317539
0.125183
0.469979
0.255687
0.474709
0.146538
0.429969
0.256858
0.662
0.662
0.165302
0.662
0.280176
0.228092
0.395352
0.662
0.254007
0.0255609
0.0635166
0.477198
0.168669
0.223038
0.138275
0.662
0.33089
0.662
0.662
0.662
0.212949
0.662
0.144008
0.319271
0.153019
0.662
0.129715
0.662
0.227417
0.662
0.662
0.246142
0.00539487
0.00419556
0.232029
0.662
0.157983
0.662
0.215443
0.143435
0.662
0.662
0.0865768
0.662
0.0160679
0.131826
0.57718
0.189332
0.417533
0.662
0.658508
0.662
0.13681
0.16208
0.662
0.662
0.662
0.320123
0.662
0.0225989
0.662
0.440405
0.229566
0.138715
0.291491
0.232394
0.464828
0.241126
0.267217
0.194376
0.662
0.115795
0.464288
0.52981
0.662
0.662
0.662
0.662
0.116151
0.662
0.662
0.108412
0.092152
0.609944
0.445428
0.662
0.502991
0.226029
0.662
0.0569777
0.110971
0.257164
0.440772
0.10724
0.199193
0.662
0.662
0.280482
0.431332
0.214484
0.0854891
0.647359
0.662
0.252102
0.662
0.662
0.256675
0.662
0.662
0.169057
0.662
0.662
0.472422
0.200539
0.662
0.413581
0.0126686
0.662
0.662
0.384983
0.344081
0.662
0.407324
0.156921
0.662
0.465064
0.266072
0.614066
0.662
0.0583131
0.421723
0.662
0.319817
0.285938
0.662
0.662
0.662
0.662
0.173987
0.662
0.662
0.231111
0.45314
0.662
0.662
0.452506
0.29119
0.0264965
0.662
0.47472
0.662
0.0904339
0.662
0.662
0.662
0.662
0.662
0.662
0.662
0.662
0.442457
0.31159
0.0903808
0.662
0.662
0.662
0.662
0.271843
0.404543
0.327193
0.334856
0.172685
0.662
0.266957
0.213305
0.213538
0.662
0.256409
0.099874
0.207529
0.662
0.662
0.126372
0.402155
0.662
0.662
0.404517
0.187838
0.662
0.163828
0.662
0.239815
0.139442
0.662
0.219211
0.662
0.297005
0.662
0.227055
0.662
0.662
0.662
0.625544
0.662
0.392867
0.0231559
0.662
0.137041
0.326253
0.166357
0.662
0.33884
0.662
0.246401
0.0342928
0.662
0.264143
0.351075
0.331051
0.401136
0.136153
0.468717
0.417932
0.662
0.662
0.243323
0.662
0.512516
0.440667
0.10442
0.439837
0.662
0.414632
0.113479
0.228259
0.177544
0.457415
0.156668
0.295821
0.135002
0.0694193
0.345872
0.0605767
0.25473
0.662
0.420867
0.662
0.648372
0.054288
0.662
0.662
0.293103
0.253146
0.345473
0.301079
0.662
0.528034
0.336893
0.18961
0.319357
0.451275
0.192155
0.662
0.0414781
0.5389
0.300577
0.562379
0.265842
0.146704
0.465832
0.311895
0.409166
0.662
0.576056
0.224429
0.662
0.0833404
0.662
0.662
0.399177
0.662
0.501395
0.662
0.662
0.195673
0.662
0.662
0.427192
0.662
0.662
0.408126
0.662
0.451495
0.142404
0.301774
0.230704
0.662
0.429294
0.662
0.297982
0.662
0.157568
0.445451
0.195531
0.238484
0.198013
0.0195129
0.466028
0.0893392
0.117399
0.219204
0.085638
0.122327
0.295141
0.55332
0.662
0.489089
0.194446
0.20945
0.359121
0.0888927
0.662
0.662
0.662
0.152331
0.0170499
0.337578
0.140175
0.00759419
0.662
0.662
0.662
0.662
0.662
0.662
0.662
0.662
0.0671186
0.662
0.187376
0.662
0.340447
0.203001
0.21469
0.351954
0.662
0.610471
0.0199134
0.662
0.404123
0.431578
0.472786
0.403179
0.151455
0.221079
0.662
0.195958
0.237524
0.0473778
0.662
0.537906
0.662
0.142979
0.662
0.0283644
0.662
0.21335
0.232885
0.234623
0.662
0.134212
0.333679
0.307684
0.25138
0.215909
0.025701
0.662
0.662
0.065142
0.256673
0.193817
0.662
0.0607911
0.394337
0.662
0.662
0.225214
0.533925
0.244205
0.662
0.662
0.473309
0.662
0.662
0.0670948
0.172417
0.0809367
0.662
0.662
0.334062
0.34902
0.662
0.662
0.159684
0.662
0.0134517
0.269373
0.662
0.662
0.662
