0.662
0.064634
0.445602
0.233886
0.612813
0.662
0.662
0.57338
0.662
0.0912001
0.247335
0.662
0.662
0.485091
0.410523
0.618334
0.326836
0.662
0.35829
0.643334
0.662
0.15957
0.0315034
0.469057
0.662
0.662
0.662
0.315483
0.00248533
0.0815309
0.19957
0.0490176
0.366842
0.00604369
0.560983
0.616911
0.662
0.373971
0.622736
0.662
0.103504
0.308353
0.22272
0.662
0.203918
0.561228
0.662
0.662
0.662
0.193755
0.662
0.662
0.0297122
0.328899
0.134432
0.662
0.61287
0.477008
0.243576
0.0396389
0.132978
0.662
0.452252
0.189803
0.662
0.662
0.167503
0.656014
0.281594
0.266375
0.584448
0.199695
0.191055
0.662
0.0284802
0.650447
0.662
0.442351
0.662
0.662
0.662
0.477365
0.662
0.662
0.662
0.0742311
0.298239
0.0455903
0.00243858
0.662
0.196941
0.580616
0.299781
0.662
0.662
0.288852
0.556507
0.641736
0.662
0.235045
0.662
0.662
0.239987
0.302037
0.662
0.662
0.662
0.131799
0.381284
0.161548
0.29808
0.242994
0.662
0.662
0.053699
0.662
0.600707
0.662
0.662
0.19716
0.662
0.0762386
0.423859
0.662
0.609443
0.584334
0.662
0.114182
0.0324595
0.559082
0.0229838
0.192958
0.222178
0.490173
0.662
0.662
0.662
0.375679
0.157061
0.60653
0.469661
0.552451
0.646108
0.35185
0.605453
0.662
0.217518
0.662
0.185023
0.662
0.662
0.662
0.207348
0.644135
0.415705
0.535934
0.662
0.221143
0.662
0.461837
0.624007
0.662
0.277781
0.277823
0.662
0.661374
0.0381686
0.0491901
0.566378
0.0119818
0.251991
0.194509
0.389036
0.369195
0.354546
0.398822
0.348549
0.662
0.662
0.360061
0.662
0.603092
0.301137
0.125693
0.423501
0.423818
0.585486
0.430302
0.662
0.208956
0.662
0.172024
0.184214
0.662
0.0873204
0.348406
0.39178
0.142369
0.348189
0.231621
0.250972
0.173847
0.121515
0.109238
0.662
0.662
0.521879
0.076376
0.662
0.42377
0.662
0.47251
0.437687
0.335741
