0.662
0.318192
0.156759
0.141633
0.242227
0.645674
0.26293
0.402486
0.655602
0.662
0.662
0.662
0.662
0.662
0.662
0.662
0.662
0.609258
0.104939
0.662
0.662
0.233684
0.662
0.0867232
0.177491
0.662
0.662
0.662
0.662
0.25736
0.184675
0.656304
0.662
0.312258
0.299279
0.662
0.156204
0.662
0.323655
0.299797
0.267615
0.590608
0.136936
0.605133
0.559873
0.390917
0.343898
0.413961
0.429165
0.203333
0.227121
0.0262192
0.150231
0.0351436
0.519749
0.583223
0.106157
0.662
0.445637
0.662
0.413205
0.6563
0.220659
0.662
0.37199
0.104551
0.547982
0.61218
0.662
0.662
0.4467
0.662
0.662
0.662
0.492773
0.662
0.384747
0.662
0.662
0.49414
0.454739
0.48457
0.662
0.619251
0.146168
0.662
0.662
0.484257
0.662
0.445429
0.662
0.230382
0.63339
0.662
0.662
0.662
0.656966
0.319443
0.197493
0.662
0.662
0.501462
0.662
0.209241
0.662
0.464857
0.213811
0.662
0.266296
0.285655
0.446992
0.256868
0.344804
0.662
0.662
0.238638
0.662
0.432687
0.429928
0.196366
0.437836
0.635188
0.284826
0.662
0.495768
0.662
0.504733
0.383395
0.662
0.662
0.410362
0.0284538
0.146968
0.662
0.662
0.662
0.531938
0.662
0.121985
0.167559
0.19339
0.662
0.382468
0.520152
0.343642
0.647498
0.447328
0.092095
0.168896
0.163221
0.662
0.662
0.633694
0.251174
0.0165106
0.033856
0.662
0.662
0.00411303
0.662
0.143959
0.211368
0.110896
0.662
0.0865766
0.278467
0.284467
0.138958
0.32067
0.450843
0.662
0.662
0.476088
0.0391314
0.502316
0.217796
0.662
0.662
0.480741
0.662
0.662
0.662
0.247175
0.0948721
0.662
0.662
0.662
0.662
0.662
0.662
0.662
0.662
0.611424
0.318577
0.0794745
0.662
0.316978
0.125259
0.662
0.662
0.30445
0.662
0.662
0.226045
0.45404
0.590693
0.662
0.575759
0.00867178
0.476056
0.662
0.116717
0.0572101
0.662
0.227012
0.662
0.317633
0.41805
0.662
0.207114
0.301273
0.662
0.326365
0.0103533
0.60881
0.154782
0.662
0.226022
0.662
0.102242
0.662
0.662
0.662
0.662
0.56621
0.662
0.662
0.448253
0.662
0.455817
0.662
0.662
0.58474
0.0494252
0.662
0.270704
0.629229
0.080835
0.526163
0.662
0.124189
0.0162049
0.662
0.208484
0.197404
0.211791
0.662
0.662
0.557118
0.662
0.429799
0.662
0.662
0.176204
0.309102
0.597632
0.597669
0.662
0.662
0.662
0.109601
0.282482
0.662
0.254041
0.240143
0.134858
0.662
0.612839
0.237431
0.370573
0.336885
0.662
0.662
0.0719118
0.662
0.662
0.662
0.193101
0.428393
0.662
0.643259
0.463517
0.662
0.228512
0.198826
0.662
0.662
0.1553
0.463558
0.409256
0.35835
0.662
0.662
0.104096
0.662
0.383534
0.335666
0.222643
0.0923152
0.115073
0.595807
0.662
0.662
0.662
0.662
0.289798
0.192153
0.662
0.662
0.393823
0.662
0.535456
0.225036
0.306046
0.0229517
0.433228
0.194025
0.476946
0.25782
0.473332
0.463244
0.469375
0.662
0.662
0.662
0.0826705
0.351151
0.662
0.662
0.169676
0.206206
0.662
0.436403
0.662
0.356764
0.662
0.662
0.252803
0.203129
0.662
0.662
0.544921
0.662
0.373059
0.662
0.264379
0.662
0.662
0.662
0.662
0.662
0.662
0.453517
0.258602
0.662
0.662
0.301519
0.625076
0.0667056
0.662
0.662
0.104947
0.0209806
0.308906
0.153681
0.50578
0.197481
0.46102
0.662
0.100388
0.414362
0.1433
0.662
0.442645
0.212416
0.662
0.355108
0.417129
0.662
0.107188
0.662
0.250332
0.662
0.265727
0.0457939
0.662
0.662
0.464397
0.0577244
0.0905752
0.401014
0.1431
0.188133
0.375979
0.29071
0.279879
0.662
0.209505
0.662
0.662
0.326391
0.371321
0.419521
0.190213
0.649431
0.254605
0.551613
0.179791
0.0966937
0.662
0.104525
0.551068
0.662
0.156235
0.499943
0.431923
0.662
0.662
0.662
0.428429
0.662
0.662
0.396174
0.313308
0.662
0.46996
0.662
0.662
0.662
0.138359
0.583657
0.662
0.615578
0.282071
0.38082
0.628715
0.256134
0.515049
0.2004
0.523915
0.455567
0.662
0.662
0.322481
0.470656
0.463429
0.0878399
0.662
0.363773
0.204977
0.063609
0.339548
0.662
0.197729
0.469693
0.215021
0.11307
0.662
0.42001
0.169231
0.205231
0.433766
0.238769
0.255216
0.300646
0.322273
0.474971
0.163349
0.199672
0.0572657
0.348433
0.200861
0.662
0.226342
0.131514
0.432441
0.392145
0.662
0.618205
0.662
0.662
0.662
0.36538
0.662
0.192492
0.468425
0.288232
0.549915
0.305924
0.662
0.569167
0.53407
0.0750306
0.410317
0.662
0.0768138
0.662
0.650901
0.366246
0.662
0.18973
0.178062
0.129895
0.249888
0.662
0.662
0.0686892
0.662
0.250299
0.662
0.372801
0.556241
0.0487781
0.0177331
0.662
0.234332
0.662
0.662
0.25916
0.662
0.506653
0.258523
0.662
0.662
0.662
0.123218
0.575729
0.290569
0.662
0.662
0.307898
0.487828
0.195817
0.662
0.108792
0.662
0.0326764
0.425955
0.197955
0.662
0.452465
0.446387
0.662
0.240699
0.662
0.574563
0.123017
0.255481
0.546814
0.377184
0.662
0.613225
0.46411
0.306367
0.408463
0.194895
0.158233
0.662
0.123608
0.662
0.662
0.662
0.332519
0.662
0.410848
0.0634759
0.662
0.171541
0.662
0.275538
0.0709716
0.175383
0.260554
0.0509228
0.662
0.662
0.54531
0.149836
0.399715
0.0440649
0.662
0.433908
0.076529
0.393368
0.347342
0.662
0.208984
0.574782
0.142693
0.508734
0.662
0.478734
0.593359
0.126359
0.00820421
0.662
0.662
0.662
0.451774
0.662
0.268015
0.070963
0.662
0.286801
0.38468
0.341524
0.662
0.320209
0.662
0.266056
0.0696197
0.1207
0.662
0.602078
0.491098
0.243912
0.371418
0.0603165
0.0886353
0.630661
0.662
0.662
0.662
0.57291
0.350682
0.335372
0.662
0.186747
0.662
0.662
0.298827
0.431054
0.662
0.412934
0.556509
0.304428
0.598711
0.61902
0.50125
0.205284
0.480882
0.504123
0.299302
0.29271
0.431073
0.0628703
0.662
0.229255
0.397494
0.380089
0.475504
0.662
0.662
0.41407
0.610396
0.662
0.0226347
0.091482
0.241107
0.662
0.251231
0.662
0.662
0.662
0.171355
0.39491
0.430428
0.376098
0.202713
0.662
0.41806
0.605414
0.0372953
0.207401
0.069719
0.0377438
0.0392601
0.0407998
0.323347
0.200957
0.231273
0.595178
0.19255
0.636769
0.41202
0.662
0.332536
0.662
0.0609383
0.486547
0.405006
0.11726
0.452425
0.482942
0.222057
0.252541
0.662
0.662
0.35587
0.106977
0.449967
0.662
0.662
0.312544
0.58861
0.0892038
0.662
0.662
0.662
0.662
0.662
0.561447
0.159396
0.148414
0.587986
0.420157
0.662
0.0272562
0.285004
0.408313
0.284838
0.662
0.662
0.315087
0.662
0.00416383
0.662
0.49584
0.662
0.364138
0.253773
0.0089698
0.413031
0.401968
0.514613
0.422625
0.273468
0.174943
0.0321276
0.662
0.199836
0.662
0.144809
0.662
0.218638
0.507021
0.0490183
0.613931
0.412683
0.2055
0.410658
0.662
0.662
0.378633
0.366074
0.442659
0.175612
0.104969
0.662
0.662
0.195142
0.0307617
0.541591
0.662
0.0269155
0.516665
0.201326
0.120325
0.449453
0.187275
0.662
0.0912485
0.505737
0.436552
0.662
0.662
0.0159688
0.268327
0.662
0.662
0.588951
0.106141
0.615866
0.397526
0.220207
0.662
0.377266
0.15041
0.396835
0.662
0.662
0.631376
0.193924
0.425991
0.662
0.155967
0.537019
0.0422936
0.294706
0.157149
0.662
0.234991
0.329456
0.411524
0.0969654
0.0548116
0.662
0.662
0.382745
0.212337
0.224307
0.29505
0.430813
0.203631
0.204693
0.100732
0.662
0.421159
0.3127
0.62947
0.210709
0.207481
0.102719
0.662
0.662
0.662
0.044407
0.625684
0.662
0.186156
0.662
0.662
0.662
0.636632
0.354306
0.260598
0.662
0.662
0.662
0.38408
0.31129
0.0609829
0.662
0.409065
0.280103
0.114877
0.662
0.175832
0.176477
0.299875
0.0829932
0.364476
0.198088
0.662
0.566947
0.191872
0.155406
0.298952
0.662
0.498302
0.31679
0.595922
0.244918
0.662
0.662
0.374471
0.662
0.300282
0.662
0.59346
0.209412
0.381913
0.187525
0.0640176
0.482436
0.125783
0.662
0.378858
0.662
0.25378
0.167842
0.202473
0.61308
0.662
0.103078
0.43561
0.454011
0.223724
0.406486
0.662
0.662
0.367702
0.313414
0.662
0.662
0.662
0.204372
0.662
0.252181
0.662
0.163346
0.662
0.662
0.193524
0.662
0.429761
0.662
0.33255
0.203612
0.662
0.287371
0.0207352
0.235652
0.432682
0.662
0.365979
0.184
0.662
0.662
0.662
0.662
0.116579
0.257286
0.662
0.586612
0.0192511
0.0712186
0.157941
0.662
0.0043455
0.177961
0.0396331
0.662
0.00748028
0.662
0.662
0.662
0.477004
0.445355
0.662
0.125115
0.662
0.502929
0.07555
0.662
0.416471
0.0209422
0.0498327
0.662
0.142496
0.252252
0.662
0.0899617
0.0183728
0.662
0.357671
0.452137
0.162811
0.279093
0.662
0.662
0.58006
0.583439
0.40683
0.662
0.339913
0.339738
0.610483
0.321648
0.528764
0.298032
0.562131
0.19329
0.169966
0.049641
0.662
0.269602
0.662
0.662
0.627855
0.199252
0.521995
0.662
0.0691713
0.662
0.662
0.471584
0.207993
0.328492
0.599453
0.400968
0.128371
0.662
0.412132
0.0518039
0.188777
0.662
0.662
0.405711
0.662
0.662
0.662
0.131542
0.0396264
0.0901716
0.662
0.409947
0.662
0.662
0.0145583
0.662
0.567774
0.358271
0.27338
0.482362
0.662
0.371856
0.583847
0.0497244
0.662
0.262797
0.00961965
0.662
0.105942
0.0154551
0.338126
0.662
0.123398
0.662
0.0530198
0.324147
0.197983
0.332847
0.662
0.4485
0.662
0.662
0.243927
0.282458
0.662
0.426646
0.378688
0.0627281
0.224086
0.655261
0.0550075
0.195743
0.195057
0.446669
0.431483
0.662
0.662
0.662
0.662
0.278859
0.220472
0.216841
0.0912359
0.524218
0.662
0.246858
0.319398
0.57096
0.662
0.175489
0.492737
0.230956
0.662
0.422159
0.662
0.446112
0.662
0.262533
0.501345
0.662
0.662
0.00827899
0.103345
0.662
0.190613
0.662
0.662
0.649035
0.365422
0.662
0.481209
0.662
0.662
0.372705
0.360508
0.662
0.355737
0.662
0.489749
0.662
0.179221
0.662
0.315553
0.52282
0.00428356
0.662
0.662
0.154079
0.662
0.662
0.662
0.0520208
0.159955
0.107625
0.01878
0.662
0.662
0.230536
0.298986
0.249854
0.106978
0.662
0.418735
0.338792
0.662
0.464994
0.408327
0.459154
0.270756
0.209027
0.435981
0.662
0.412507
0.231527
0.255834
0.461805
0.662
0.280526
0.662
0.662
0.462128
0.662
0.20198
0.0357365
0.662
0.154384
0.435721
0.529837
0.662
0.662
0.662
0.662
0.662
0.410506
0.644316
0.310527
0.662
0.515501
0.427446
0.662
0.177598
0.329432
0.206995
0.106893
0.244463
0.662
0.263923
0.662
0.662
0.662
0.662
0.304662
0.389583
0.0949628
0.0327627
0.156876
0.662
0.458145
0.159128
0.662
0.640298
0.450157
0.287966
0.446892
0.543031
0.662
0.662
0.662
0.299012
0.662
0.0382502
0.662
0.283993
0.62452
0.0636229
0.662
0.341492
0.308934
0.247903
0.334752
0.489723
0.430119
0.459869
0.662
0.461974
0.662
0.662
0.662
0.430304
0.108283
0.169901
0.633545
0.646912
0.503664
0.528255
0.451607
0.268809
0.501988
0.267026
0.0494207
0.204606
0.662
0.0341305
0.455316
0.286609
0.464303
0.218481
0.662
0.662
0.662
0.662
0.21675
0.463585
0.314483
0.662
0.662
0.320861
0.662
0.166548
0.453678
0.05075
0.662
0.662
0.552402
0.276431
0.189988
0.662
0.0560943
0.427173
0.567128
0.0359383
0.172889
0.465731
0.415773
0.662
0.0359023
0.456653
0.662
0.662
0.195216
0.542334
0.330654
0.176152
0.367162
0.662
0.246575
0.640436
0.662
0.514969
0.121953
0.662
0.454619
0.599634
0.0790093
0.662
0.662
0.469477
0.285077
0.662
0.662
0.464546
0.35362
0.662
0.408992
0.662
0.00498615
0.662
0.0434328
0.478901
0.421089
0.662
0.34418
0.316259
0.199864
0.662
0.456726
0.662
0.0226283
0.150029
0.397977
0.593823
0.136314
0.261334
0.378469
0.173065
0.662
0.662
0.220282
0.662
0.662
0.277123
0.662
0.662
0.291991
0.165701
0.0450933
0.507725
0.0730492
0.662
0.662
0.633599
0.662
0.28749
0.662
0.0815531
0.220197
0.217773
0.662
0.275695
0.285841
0.230484
0.444841
0.301849
0.427492
0.34859
0.0817763
0.662
0.662
0.662
0.125686
0.479327
0.153277
0.62747
0.118101
0.203554
0.0192519
0.126871
0.193891
0.662
0.00310528
0.0495321
0.362739
0.662
0.662
0.662
0.662
0.0572575
0.288157
0.662
0.662
0.318707
