0.433647
0.309139
0.192717
0.0231232
0.421603
0.0741072
0.184544
0.662
0.209235
0.260724
0.662
0.662
0.662
0.213699
0.662
0.226581
0.205923
0.206995
0.371003
0.662
0.654137
0.662
0.428647
0.550013
0.510636
0.185999
0.048547
0.527876
0.662
0.528185
0.662
0.662
0.662
0.380722
0.504487
0.333147
0.2314
0.00530408
0.529904
0.166932
0.662
0.0513708
0.662
0.662
0.430917
0.473636
0.0967526
0.358593
0.0729016
0.662
0.135402
0.0421553
0.662
0.151046
0.194188
0.333149
0.13532
0.426919
0.662
0.468353
0.506543
0.628064
0.299706
0.18208
0.473049
0.662
0.170962
0.430975
0.244882
0.391373
0.197844
0.662
0.341349
0.065769
0.662
0.319491
0.261792
0.264212
0.662
0.466581
0.662
0.662
0.334321
0.662
0.408463
0.662
0.570465
0.662
0.662
0.243442
0.337748
0.662
0.662
0.662
0.0282975
0.445053
0.123696
0.523259
0.238823
0.546715
0.162327
0.140194
0.285956
0.662
0.662
0.662
0.658055
0.662
0.662
0.201194
0.00581628
0.662
0.581199
0.295708
0.662
0.346581
0.662
0.662
0.662
0.322696
0.662
0.662
0.662
0.298366
0.662
0.662
0.662
0.45928
0.662
0.642177
0.662
0.662
0.662
0.467979
0.662
0.219052
0.386396
0.354715
0.662
0.4779
0.353098
0.282853
0.327397
0.662
0.23846
0.185998
0.177045
0.184707
0.662
0.662
0.120311
0.473706
0.361705
0.384416
0.260726
0.0750304
0.662
0.0190698
0.393355
0.285778
0.423131
0.662
0.662
0.448232
0.434915
0.662
0.662
0.662
0.00359406
0.662
0.662
0.174393
0.102041
0.0730582
0.149979
0.272069
0.662
0.249322
0.272392
0.662
0.281138
0.460344
0.429609
0.50277
0.162398
0.220023
0.333999
0.375652
0.402993
0.662
0.33352
0.21619
0.118654
0.467582
0.662
0.404069
0.662
0.018643
0.58112
0.662
0.662
0.662
0.0855523
0.0915736
0.662
0.38772
0.320585
0.176137
0.00711477
0.0478314
0.495328
0.371906
0.662
0.662
0.0588836
0.486143
0.181202
0.360722
0.662
0.662
0.662
0.172582
0.267045
0.274986
0.662
0.662
0.212459
0.336366
0.305313
0.662
0.557337
0.423966
0.662
0.5704
0.206252
0.662
0.220919
0.0924148
0.662
0.315184
0.662
0.0330762
0.662
0.206194
0.662
0.367526
0.662
0.216671
0.119854
0.466139
0.662
0.349031
0.156185
0.0999903
0.534457
0.435699
0.427241
0.662
0.662
0.453261
0.662
0.662
0.286259
0.443617
0.662
0.400382
0.0721337
0.00915132
0.662
0.662
0.662
0.623004
0.199762
0.268272
0.173307
0.662
0.259463
0.662
0.662
0.662
0.662
0.273984
0.335262
0.662
0.190614
0.124526
0.0976403
0.662
0.194664
0.209801
0.152405
0.662
0.662
0.40975
0.393002
0.254531
0.303667
0.377453
0.662
0.303342
0.29403
0.346411
0.048216
0.662
0.662
0.505892
0.662
0.237028
0.636625
0.574178
0.409218
0.193478
0.662
0.285303
0.662
0.662
0.335844
0.600001
0.589795
0.318323
0.662
0.169592
0.219473
0.447137
0.336633
0.191783
0.0763118
0.208217
0.123421
0.252851
0.662
0.568877
0.194836
0.195087
0.187482
0.0658384
0.662
0.189103
0.338478
0.630598
0.448637
0.20546
0.158474
0.662
0.662
0.235228
0.662
0.232099
0.464238
0.411824
0.00218811
0.662
0.29855
0.662
0.294344
0.374508
0.222892
0.254305
0.272201
0.366243
0.662
0.662
0.662
0.662
0.513005
0.382741
0.662
0.662
0.341939
0.403422
0.035444
0.350206
0.322984
0.0172547
0.446314
0.33271
0.662
0.0600486
0.623062
0.0120713
0.358592
0.662
0.662
0.574036
0.637605
0.662
0.662
0.0511227
0.662
0.213627
0.662
0.662
0.662
0.193346
0.662
0.662
0.050193
0.423719
0.662
0.566526
0.53092
0.662
0.236306
0.662
0.211757
0.218295
0.21837
0.662
0.139767
0.662
0.662
0.492796
0.662
0.662
0.662
0.140287
0.662
0.279277
0.0802234
0.662
0.393749
0.662
0.409247
0.409166
0.195591
0.020542
0.662
0.236558
0.662
0.0229539
0.0651362
0.662
0.662
0.662
0.662
0.366486
0.662
0.3318
0.229502
0.256937
0.21488
0.330166
0.428474
0.662
0.559922
0.323313
0.238308
0.0902725
0.209042
0.00375353
0.196935
0.395817
0.347355
0.662
0.147518
0.662
0.149733
0.0302474
0.0944288
0.662
0.211878
0.285948
0.662
0.215177
0.662
0.561233
0.662
0.461436
0.282339
0.284875
0.662
0.466786
0.436551
0.382246
0.662
0.662
0.567451
0.0594679
0.352229
0.478843
0.265343
0.248411
0.662
0.662
0.662
0.200599
0.246672
0.432461
0.275989
0.208361
0.662
0.160384
0.424363
0.114183
0.662
0.662
0.33667
0.279921
0.233296
0.662
0.662
0.181788
0.662
0.232104
0.37981
0.662
0.246562
0.428532
0.121625
0.662
0.662
0.178458
0.662
0.662
0.469539
0.662
0.113083
0.225513
0.0107733
0.662
0.662
0.662
0.662
0.662
0.253449
0.0397469
0.0369713
0.391612
0.441513
0.0670045
0.416669
0.448517
0.662
0.662
0.214125
0.385329
0.662
0.0851737
0.0471816
0.0626338
0.0272515
0.662
0.662
0.0717182
0.476289
0.259966
0.0809448
0.188661
0.524311
0.662
0.44405
0.662
0.428026
0.662
0.662
0.662
0.192216
0.400806
0.418768
0.662
0.21603
0.662
0.343502
0.478561
0.662
0.0537491
0.43221
0.19383
0.662
0.236508
0.662
0.662
0.538563
0.457836
0.662
0.662
0.201861
0.662
0.662
0.44785
0.31084
0.662
0.321403
0.259578
0.200579
0.662
0.662
0.316323
0.662
0.662
0.387208
0.057281
0.584226
0.662
0.202373
0.0184112
0.662
0.355616
0.304241
0.662
0.647652
0.279983
0.662
0.662
0.475799
0.662
0.662
0.662
0.122627
0.454354
0.33004
0.139218
0.662
0.626554
0.662
0.111538
0.662
0.14434
0.662
0.202654
0.282354
0.309591
0.595798
0.205068
0.441694
0.470848
0.662
0.662
0.662
0.376464
0.662
0.297119
0.662
0.395787
0.662
0.662
0.366697
0.662
0.140866
0.186272
0.662
0.0308629
0.3149
0.0463517
0.662
0.410104
0.662
0.662
0.139355
0.141349
0.662
0.52847
0.662
0.270619
0.662
0.0510927
0.662
0.662
0.454682
0.662
0.251321
0.256585
0.662
0.269547
0.584037
0.252484
0.510545
0.652918
0.662
0.662
0.662
0.662
0.662
0.662
0.168421
0.269354
0.662
0.39581
0.662
0.217824
0.662
0.557517
0.662
0.662
0.662
0.662
0.309175
0.56921
0.393434
0.182752
0.662
0.369239
0.347699
0.437025
0.106871
0.0616423
0.291004
0.389237
0.27748
0.662
0.662
0.187007
0.121815
0.0964777
0.619639
0.662
0.662
0.662
0.465231
0.662
0.662
0.230877
0.662
0.361816
0.317427
0.662
0.246545
0.352913
0.487159
0.662
0.13615
0.662
0.0913049
0.0555449
0.662
0.0376305
0.607734
0.662
0.557174
0.662
0.248753
0.467041
0.234268
0.537604
0.662
0.662
0.662
0.662
0.662
0.0936013
0.662
0.217433
0.662
0.662
0.235057
0.119349
0.662
0.233884
0.662
0.662
0.662
0.662
0.542951
0.422705
0.662
0.662
0.123382
0.662
0.662
0.410434
0.662
0.249473
0.117012
0.662
0.604941
0.0968837
0.662
0.662
0.662
0.662
0.662
0.62049
0.662
0.0682683
0.298011
0.0602207
0.510679
0.322137
0.652156
0.429347
0.458052
0.583919
0.252727
0.210536
0.662
0.662
0.0221847
0.662
0.662
0.662
0.646448
0.662
0.479824
0.368657
0.662
0.183708
0.662
0.536227
0.067764
0.662
0.662
0.0790664
0.296056
0.329773
0.462808
0.662
0.233756
0.302892
0.662
0.662
0.158292
0.347642
0.441227
0.380753
0.662
0.662
0.293225
0.662
0.624893
0.275343
0.553552
0.507203
0.477923
0.662
0.662
0.662
0.372565
0.662
0.25851
0.0170982
0.215978
0.090457
0.00856776
0.225817
0.662
0.000340998
0.662
0.148017
0.409416
0.662
0.662
0.413385
0.0269246
0.372585
0.0485589
0.662
0.134775
0.662
0.0813521
0.662
0.662
0.27818
0.461528
0.554009
0.281726
0.262681
0.168482
0.503998
0.281749
0.662
0.47521
0.476871
0.356309
0.187724
0.227428
0.272104
0.403336
0.345642
0.304171
0.178853
0.356377
0.397208
0.46641
0.662
0.662
0.320672
0.130973
0.206123
0.233871
0.662
0.415662
0.0307193
0.497822
0.662
0.617852
0.662
0.172592
0.443254
0.369592
0.662
0.662
0.200835
0.662
0.662
0.195151
0.662
0.662
0.662
0.210579
0.193955
0.662
0.165516
0.233738
0.269835
0.630792
0.662
0.434663
0.269831
0.308062
0.407775
0.662
0.662
0.0339087
0.0417835
0.662
0.477339
0.287765
0.0884229
0.459049
0.226971
0.662
0.662
0.662
0.0920821
0.372617
0.662
0.405788
0.215714
0.0994617
0.278377
0.382525
0.303357
0.662
0.662
0.489219
0.662
0.0789218
0.662
0.264888
0.274256
0.662
0.113558
0.662
0.314879
0.662
0.662
0.662
0.626654
0.0799401
0.20053
0.662
0.662
0.662
0.662
0.238493
0.662
0.662
0.0213399
0.447419
0.662
0.0481138
0.181844
0.239367
0.300615
0.565854
0.662
0.662
0.662
0.433825
0.417819
0.17074
0.662
0.144288
0.662
0.237212
0.662
0.662
0.186864
0.187442
0.307454
0.101878
0.662
0.477147
0.662
0.0999363
0.662
0.386471
0.313944
0.662
0.662
0.447392
0.287205
0.375099
0.517602
0.333117
0.193229
0.662
0.0574029
0.0899259
0.662
0.509693
0.662
0.052814
0.662
0.662
0.662
0.288519
0.277592
0.0208501
0.22082
0.48976
0.00935567
0.662
0.324966
0.0587246
0.469634
0.517732
0.616772
0.662
0.662
0.305559
0.0831639
0.0427177
0.410924
0.088128
0.662
0.0542325
0.20978
0.662
0.662
0.662
0.662
0.2428
0.662
0.0049485
0.183012
0.316909
0.662
0.222193
0.433769
0.620593
0.367713
0.341546
0.662
0.662
0.15301
0.128743
0.325116
0.297004
0.662
0.0422587
0.662
0.662
0.0634273
0.194565
0.60529
0.469228
0.173618
0.33706
0.470676
0.662
0.242074
0.454135
0.287719
0.47333
0.0425346
0.388316
0.00565696
0.662
0.102062
0.662
0.662
0.662
0.0322207
0.24308
0.662
0.00340863
0.273987
0.662
0.583768
0.631817
0.103566
0.470679
0.662
0.0832602
0.0696603
0.226315
0.0185573
0.0228319
0.30026
0.662
0.662
0.0215944
0.662
0.0804026
0.441611
0.662
0.185054
0.33276
0.662
0.662
0.662
0.125891
0.245455
0.258274
0.662
0.662
0.402324
0.662
0.662
0.234453
0.0165727
0.252092
0.449411
0.662
0.158665
0.662
0.23054
0.662
0.400035
0.169698
0.185853
0.441886
0.180875
0.0459741
0.478635
0.263546
0.343432
0.372707
0.232855
0.662
0.275813
0.612003
0.386327
0.662
0.621574
0.336287
0.0616532
0.304004
0.351583
0.570368
0.662
0.100103
0.662
0.257857
0.198185
0.466312
0.263166
0.662
0.594433
0.662
0.662
0.662
0.426949
0.115916
0.391964
0.662
0.529459
0.12729
0.644003
0.404699
0.662
0.662
0.662
0.662
0.477124
0.517119
0.465984
0.264286
0.314078
0.662
0.0708186
0.662
0.662
0.139061
0.0198326
0.662
0.662
0.245334
0.662
0.227954
0.266195
0.130973
0.0873928
0.19573
0.662
0.455128
0.375569
0.495797
0.662
0.662
0.662
0.381515
0.413813
0.283854
0.396263
0.470684
0.662
0.662
0.662
0.662
0.474845
0.662
0.521388
0.140708
0.662
0.662
0.662
0.662
0.214319
0.662
0.662
0.662
0.129832
0.357711
0.152359
0.662
0.662
0.216458
0.258193
0.269677
0.662
0.211411
0.41368
0.600584
0.0815258
0.223727
0.249861
0.442907
0.662
0.662
0.214541
0.129482
0.662
0.00573205
0.271305
0.440938
0.25725
0.662
0.291928
0.393886
0.662
0.662
0.198611
0.606446
0.103077
0.218669
0.197029
0.459364
0.662
0.259058
0.117467
0.662
0.324109
0.100239
0.662
0.662
0.662
0.662
0.335698
0.246008
0.184256
0.234053
0.662
0.662
0.27547
0.662
0.217982
0.662
0.19364
0.597953
0.157322
0.34102
0.662
0.662
0.662
0.192278
0.370929
0.662
0.283746
0.0812891
0.662
0.0290403
0.638791
0.114745
0.662
0.0607077
0.662
0.098745
0.371461
0.662
0.17443
0.320047
0.24501
0.0503177
0.633391
0.662
0.473446
0.294346
0.660971
0.439506
0.662
0.662
0.662
0.153385
0.662
0.662
0.0320078
0.192659
0.321963
0.662
0.24541
0.304946
0.662
0.614819
0.162789
0.64011
0.662
0.662
0.662
0.0619665
0.0453179
0.188666
0.662
0.662
0.488024
0.662
0.602527
0.0829873
0.662
0.662
0.622874
0.662
0.351696
0.413631
0.662
0.427132
0.142086
0.662
0.658108
0.299406
0.336828
0.662
0.052742
0.374827
0.662
0.662
0.259859
0.152565
0.662
0.312847
0.662
0.662
0.662
0.662
0.385636
0.186178
0.662
0.662
0.662
0.659792
0.662
0.162333
0.079184
0.183067
0.232279
0.111829
0.662
0.485022
0.224432
0.379281
0.662
0.212161
0.328945
0.662
0.662
0.0792605
0.395723
0.247236
0.571523
0.662
0.279362
0.662
0.457138
0.662
0.662
0.662
0.638578
0.461914
0.662
0.662
0.184475
0.662
0.268812
0.317315
0.468202
0.347744
0.175776
0.228139
0.289758
0.206778
0.362773
0.0768866
0.662
0.202332
0.662
0.113563
0.632836
0.341873
0.662
0.662
0.316566
0.154715
0.3981
0.403364
0.00443439
0.4549
0.662
0.258627
0.662
0.0270009
0.662
0.103031
0.0864745
0.0968351
0.335209
0.347575
0.530268
0.485415
0.278082
0.662
0.662
0.295545
0.662
0.154873
0.662
0.286588
0.662
0.415217
0.402713
0.162402
0.378907
0.347528
0.522078
0.224189
0.662
0.662
0.206548
0.662
0.286918
0.39815
0.0246133
0.61386
0.570856
0.662
0.0140134
0.346473
0.638167
0.662
0.662
0.206547
0.00533099
0.299262
0.0928459
0.411525
0.255034
0.662
0.662
0.334917
0.662
0.462493
0.662
0.662
0.11743
0.59058
0.359362
0.20378
0.441486
0.168805
0.61995
0.355497
0.310974
0.263063
0.662
0.0137644
0.066422
0.662
0.154655
0.662
0.511195
0.332496
0.662
0.470145
0.282378
0.662
0.0343854
0.21637
0.172871
0.662
0.106165
0.662
0.0517237
0.400118
0.137686
0.0956235
0.45353
0.0767341
0.662
0.662
0.662
0.13175
0.403249
0.175195
0.662
0.196593
0.223408
0.434189
0.226956
0.662
0.392642
0.263775
0.662
0.27843
0.159154
0.11644
0.662
0.435621
0.506921
0.662
0.662
0.397085
0.148234
0.662
0.217779
0.2223
0.179172
0.561171
0.0882048
0.350521
0.662
0.348587
0.629748
0.662
0.314048
0.101015
0.662
0.662
0.491039
0.662
0.662
0.662
0.173777
0.108399
0.156676
0.295858
0.15382
0.217612
0.0742078
0.24927
0.475256
0.233687
0.662
0.662
0.662
0.662
0.367347
0.260862
0.662
0.0140328
0.282963
0.662
0.539938
0.0261885
0.559261
0.662
0.368555
0.284374
0.0887264
0.378484
0.221369
0.662
0.662
0.212144
0.317394
0.0780898
0.453498
0.383958
0.120039
0.378327
0.662
0.662
0.662
0.662
0.662
0.662
0.662
0.355361
0.662
0.251545
0.662
0.317891
0.444981
0.218908
0.0908832
0.41699
0.662
0.657577
0.228568
0.215643
0.662
0.48791
0.464254
0.484619
0.476439
0.662
0.628419
0.356049
0.118918
0.662
0.0535401
0.277956
0.662
0.534408
0.199881
0.167772
0.392708
0.57395
0.348903
0.346514
0.274807
0.662
0.502565
0.294106
0.662
0.1066
0.528886
0.44733
0.0391562
0.662
0.662
0.0442303
0.360407
0.162574
0.216735
0.000976959
0.662
0.374081
0.662
0.662
0.662
0.662
0.374421
0.662
0.662
0.502866
0.402617
0.50833
0.04185
0.662
0.662
0.19057
0.662
0.662
0.662
0.223472
0.662
0.0411883
0.662
0.662
0.662
0.34122
0.662
0.0555939
0.347327
0.390243
0.0977811
0.223562
0.662
0.662
0.489686
0.191434
0.662
0.437538
0.662
0.245899
0.662
0.0285651
0.400077
0.662
0.662
0.470247
0.662
0.662
0.110619
0.662
0.662
0.264912
0.123562
0.462466
0.662
0.161199
0.662
0.662
0.0916205
0.397186
0.662
0.257535
0.662
0.118326
0.417981
0.0378198
0.0217886
0.312807
0.442244
0.439378
0.662
0.662
0.309803
0.18885
0.662
0.440718
0.236478
0.195765
0.662
0.496797
0.208674
0.466364
0.662
0.662
0.506767
0.662
0.354007
0.662
0.207219
0.618598
0.112135
0.184429
0.662
0.155868
0.353958
0.325242
0.201299
0.662
0.662
0.0365462
0.0352693
0.313741
0.662
0.0008437
0.662
0.122691
0.662
0.0175506
0.662
0.492756
0.662
0.364392
0.662
0.197635
0.662
0.662
0.662
0.074176
0.179168
0.0652402
0.456527
0.662
0.662
0.662
0.144146
0.662
0.182114
0.200791
0.281208
0.149373
0.225654
0.662
0.00536452
0.662
0.309851
0.237889
0.394085
0.662
0.411105
0.662
0.281851
0.662
0.034219
0.662
0.662
0.180239
0.662
0.517981
0.315049
0.370605
0.0804407
0.662
0.662
0.471489
0.525719
0.65798
0.0123668
0.662
0.662
0.172531
0.539259
0.568924
0.196582
0.474097
0.662
0.455406
0.20862
0.471186
0.657287
0.196289
0.662
0.662
0.662
0.433918
0.452898
0.662
0.131546
0.177116
0.0307132
0.662
0.433444
0.662
0.633256
0.414988
0.422481
0.13131
0.662
0.137833
0.662
0.54257
0.0573964
0.182471
0.542292
0.264063
0.222049
0.222325
0.459452
0.433271
0.662
0.662
0.157218
0.662
0.662
0.308174
0.291259
0.51733
0.662
0.363247
0.329252
0.662
0.432768
0.300198
0.368772
0.594229
0.654697
0.292585
0.276629
0.155421
0.662
0.308901
0.662
0.662
0.439122
0.436243
0.381718
0.662
0.662
0.0640449
0.319061
0.342443
0.662
0.187738
0.607356
0.272757
0.662
0.332723
0.242948
0.0437947
0.103916
0.662
0.662
0.662
0.481056
0.358205
0.240273
0.662
0.261134
0.274327
0.338193
0.454422
0.662
0.187118
0.370472
0.662
0.542413
0.662
0.273875
0.475788
0.598176
0.662
0.218078
0.455422
0.0834562
0.662
0.515226
0.4582
0.298384
0.112918
0.208659
0.221174
0.662
0.642734
0.211408
0.12892
0.113096
0.662
0.203851
0.662
0.662
0.436209
0.662
0.581518
0.184116
0.397037
0.217109
0.662
0.248411
0.377925
0.432155
0.386617
0.16956
0.377393
0.405361
0.177098
0.351651
0.662
0.105447
0.662
0.195588
0.345359
0.186258
0.662
0.662
0.432485
0.662
0.662
0.0171996
0.00362353
0.0326785
0.662
0.662
0.662
0.662
0.15851
0.318887
0.19635
0.453906
0.662
0.662
0.170059
0.0117798
0.330496
0.184964
0.393217
0.662
0.501072
0.273325
0.662
0.0867756
0.662
0.238784
0.662
0.662
0.544719
0.662
0.282186
0.150232
0.662
0.662
0.662
0.417811
0.303021
0.486789
0.276055
0.662
0.172501
0.402328
0.662
0.662
0.662
0.137873
0.224397
0.386015
0.0698631
0.662
0.281079
0.5985
0.290281
0.380592
0.552498
0.238446
0.662
0.318239
0.402974
0.456852
0.662
0.662
0.662
0.499841
0.504023
0.662
0.196994
0.0557868
0.230544
0.481727
0.662
0.662
0.662
0.467956
0.662
0.0314885
0.0961353
0.662
0.0363552
0.549381
0.662
0.662
0.104556
0.662
0.143398
0.306363
0.662
0.048827
0.318673
0.115146
0.417617
0.662
0.398785
0.02983
0.662
0.518777
0.075492
0.662
0.41221
0.662
0.269408
0.58845
0.662
0.420618
0.662
0.662
0.431848
0.662
0.662
0.662
0.102848
0.662
0.0525162
0.4903
0.0721132
0.662
0.562191
0.0167026
0.344643
0.453601
0.662
0.302972
0.192444
0.662
0.662
0.207911
0.386803
0.389078
0.658755
0.145205
0.375969
0.662
0.202782
0.662
0.292708
0.662
0.662
0.378786
0.662
0.0643315
0.59777
0.494193
0.378209
0.662
0.662
0.203849
0.662
0.634437
0.456748
0.166072
0.565682
0.214923
0.441728
0.12017
0.662
0.28679
0.662
0.250723
0.260681
0.662
0.179
0.198728
0.174712
0.662
0.662
0.662
0.286708
0.11472
0.662
0.662
0.662
0.499151
0.662
0.140166
0.662
0.662
0.467116
0.594022
0.424973
0.33641
0.347223
0.243328
0.065268
0.192562
0.513809
0.271739
0.662
0.283553
0.546691
0.33702
0.206456
0.283853
0.0591403
0.300654
0.662
0.406227
0.213517
0.117556
0.662
0.208043
0.246417
0.662
0.130137
0.210176
0.662
0.190137
0.134098
0.179138
0.206209
0.662
0.0849407
0.255206
0.401984
0.662
0.662
0.585541
0.662
0.242387
0.662
0.419335
0.433216
0.373377
0.144644
0.138519
0.0957102
0.347904
0.316648
0.375203
0.662
0.222139
0.662
0.384935
0.662
0.418557
0.356619
0.270603
0.662
0.183833
0.451469
0.120182
0.345335
0.215631
0.662
0.476142
0.0836582
0.662
0.122254
0.231069
0.0275605
0.147865
0.662
0.662
0.189703
0.662
0.0639321
0.409554
0.298208
0.230515
0.0457224
0.277745
0.102625
0.422321
0.202697
0.46865
0.662
0.298766
0.177764
0.454762
0.662
0.298724
0.157687
0.117511
0.498436
0.553697
0.662
0.0376428
0.2038
0.662
0.620414
0.0315847
0.518621
0.662
0.662
0.662
0.0770107
0.36312
0.662
0.413407
0.416988
0.289875
0.386326
0.116781
0.662
0.257607
0.316289
0.189767
0.245152
0.082783
0.662
0.346548
0.662
0.184626
0.434694
0.387986
0.662
0.0666558
0.265862
0.469877
0.452717
0.662
0.662
0.638189
0.511742
0.41214
0.561869
0.222234
0.126089
0.0332116
0.278943
0.662
0.662
0.396971
0.0895776
0.662
0.662
0.662
0.181039
0.139548
0.410157
0.214018
0.139174
0.0315893
0.222088
0.0541419
0.662
0.225104
0.185262
0.662
0.325875
0.662
0.197315
0.662
0.662
0.150661
0.313681
0.662
0.457164
0.0993351
0.160359
0.000768711
0.435599
0.458245
0.662
0.662
0.192266
0.220514
0.662
0.662
0.435684
0.130306
0.662
0.177638
0.662
0.219039
0.662
0.391922
0.164126
0.19811
0.662
0.403963
0.662
0.662
0.574378
0.662
0.307561
0.662
0.329437
0.198845
0.464696
0.358927
0.662
0.0917112
0.662
0.245645
0.234165
0.349104
0.662
0.662
0.662
0.222502
0.662
0.662
0.0459061
0.662
0.561709
0.192107
0.0421016
0.662
0.100875
0.0744558
0.662
0.204437
0.399096
0.248156
0.0528049
0.419443
0.662
0.0150636
0.60758
0.190808
0.662
0.103631
0.48056
0.136122
0.447287
0.240059
0.534198
0.114905
0.0441271
0.338812
0.196558
0.662
0.394637
0.538952
0.123155
0.287915
0.384468
0.662
0.662
0.662
0.122231
0.662
0.318548
0.286065
0.180839
0.205012
0.662
0.662
0.0602285
0.662
0.662
0.216629
0.143782
0.37396
0.288481
0.131385
0.024326
0.662
0.273042
0.265452
0.0511202
0.373546
0.2031
0.662
0.571042
0.662
0.152261
0.662
0.295342
0.208239
0.074005
0.383097
0.662
0.254332
0.662
0.662
0.346382
0.662
0.20803
0.662
0.662
0.0893215
0.589229
0.251703
0.250948
0.371502
0.163663
0.00364579
0.448636
0.35741
0.662
0.143716
0.115182
0.662
0.414232
0.0220048
0.323308
0.558704
0.662
0.43481
0.662
0.662
0.338875
0.662
0.407943
0.0770501
0.236729
0.633694
0.112548
0.662
0.0946754
0.650315
0.662
0.662
0.564063
0.433497
0.662
0.662
0.145245
0.230871
0.304548
0.425172
0.131693
0.163401
0.194911
0.120202
0.662
0.322388
0.662
0.662
0.184554
0.0396232
0.662
0.662
0.662
0.155849
0.662
0.0528454
0.0226039
0.662
0.662
0.242282
0.102265
0.401885
0.662
0.662
0.662
0.0409405
0.106887
0.194386
0.209204
0.614599
0.203508
0.662
0.0337204
0.34368
0.662
0.662
0.662
0.662
0.662
0.358792
0.215794
0.641119
0.392571
0.437133
0.632101
0.662
0.544175
0.314105
0.421793
0.242805
0.292434
0.662
0.662
0.302844
0.211548
0.348889
0.267554
0.662
0.482423
0.384754
0.662
0.662
0.253466
0.253937
0.326053
0.446474
0.0373776
0.662
0.662
0.58779
0.662
0.662
0.272481
0.516902
0.00478167
0.360423
0.0695293
0.662
0.662
0.662
0.255878
0.662
0.284023
0.662
0.662
0.662
0.662
0.436175
0.662
0.490835
0.39999
0.662
0.662
0.629763
0.0334686
0.522191
0.662
0.153636
0.662
0.0497399
0.662
0.662
0.341207
0.0641812
0.229991
0.276268
0.219667
0.662
0.653992
0.662
0.114264
0.662
0.345259
0.662
0.177719
0.662
0.181249
0.515945
0.662
0.310865
0.662
0.133181
0.356565
0.338487
0.662
0.662
0.20063
0.269945
0.00537188
0.327513
0.406345
0.662
0.662
0.149473
0.0301759
0.417788
0.535796
0.499445
0.662
0.406498
0.122901
0.662
0.195395
0.333736
0.662
0.264399
0.662
0.662
0.662
0.662
0.201472
0.662
0.662
0.662
0.662
0.662
0.662
0.483596
0.436045
0.503259
0.169695
0.627746
0.662
0.190736
0.576614
0.142648
0.00825735
0.662
0.662
0.662
0.514189
0.252736
0.14639
0.231822
0.662
0.662
0.662
0.00148551
0.613716
0.533179
0.394576
0.107701
0.662
0.662
0.0360118
0.0514173
0.449138
0.281393
0.662
0.662
0.662
0.330009
0.084796
0.204827
0.327845
0.503814
0.662
0.644576
0.191222
0.103992
0.0282484
0.235922
0.523598
0.435183
0.386029
0.662
0.632849
0.0734555
0.662
0.344984
0.377586
0.296678
0.412029
0.416951
0.662
0.662
0.137885
0.662
0.662
0.23093
0.662
0.234759
0.662
0.662
0.336338
0.15673
0.345958
0.560499
0.00208262
0.570313
0.257552
0.272759
0.662
0.170057
0.450782
0.662
0.59359
0.40234
0.397309
0.662
0.037431
0.662
0.248104
0.282792
0.662
0.523543
0.0393764
0.662
0.0341359
0.348958
0.662
0.662
0.536155
0.662
0.662
0.282844
0.662
0.195272
0.220986
0.372981
0.0982807
0.662
0.597191
0.662
0.662
0.301387
0.38702
0.662
0.0321466
0.301591
0.363324
0.662
0.662
0.662
0.139447
0.113832
0.662
0.148648
0.0773585
0.473195
0.628445
0.610426
0.662
0.662
0.619482
0.0351163
0.662
0.0667182
0.173346
0.650801
0.662
0.662
0.662
0.662
0.662
0.136877
0.662
0.234486
0.662
0.158536
0.662
0.662
0.326647
0.353003
0.662
0.296723
0.124237
0.197034
0.662
0.455384
0.662
0.227712
0.26834
0.131128
0.137658
0.0983783
0.285916
0.0816101
0.158453
0.143964
0.325347
0.205068
0.447536
0.662
0.341707
0.00735213
0.662
0.0844043
0.495003
0.40248
0.41926
0.130634
0.662
0.0695573
0.305293
0.662
0.0779285
0.113415
0.201664
0.662
0.662
0.290206
0.414329
0.662
0.277392
0.189304
0.252316
0.222743
0.463748
0.662
0.331605
0.160982
0.394162
0.662
0.399728
0.662
0.662
0.645217
0.275555
0.662
0.662
0.494375
0.662
0.662
0.447677
0.662
0.441598
0.0377529
0.662
0.258639
0.20652
0.662
0.662
0.481204
0.366362
0.662
0.662
0.662
0.583709
0.342613
0.273375
0.325139
0.367675
0.662
0.454884
0.662
0.227727
0.662
0.0256701
0.325978
0.15973
0.300728
0.662
0.192095
0.662
0.262698
0.310078
0.495407
0.38467
0.662
0.303881
0.662
0.662
0.0884943
0.286657
0.146899
0.662
0.065438
0.662
0.662
0.316085
0.540016
0.662
0.411823
0.662
0.411124
0.208293
0.662
0.662
0.449977
0.491328
0.189731
0.662
0.179311
0.294745
0.192208
0.558807
0.20767
0.096352
0.662
0.20609
0.570232
0.662
0.0482735
0.662
0.109994
0.182322
0.662
0.662
0.1521
0.662
0.662
0.233833
0.662
0.513724
0.0123104
0.215453
0.401938
0.273459
0.0056722
0.229916
0.194388
0.351046
0.468735
0.662
0.662
0.434181
0.662
0.662
0.362079
0.191843
0.662
0.380869
0.662
0.147097
0.423459
0.662
0.320844
0.449044
0.0240187
0.268182
0.662
0.441965
0.546389
0.662
0.216428
0.494954
0.662
0.102203
0.194292
0.662
0.662
0.475544
0.367037
0.419206
0.158334
0.0729251
0.506021
0.171209
0.0237553
0.318512
0.201166
0.662
0.243761
0.662
0.662
0.662
0.662
0.343107
0.422546
0.340922
0.0419629
0.269657
0.0400369
0.662
0.401634
0.662
0.292251
0.662
0.352242
0.662
0.487519
0.662
0.611432
0.544117
0.662
0.191685
0.374639
0.322986
0.220918
0.00545921
0.322441
0.167766
0.33208
0.293537
0.662
0.280347
0.189664
0.662
0.42699
0.662
0.662
0.00865105
0.662
0.386592
0.194178
0.0884719
0.662
0.628114
0.344303
0.145805
0.662
0.662
0.662
0.662
0.577869
0.272512
0.662
0.642491
0.110163
0.32728
0.103572
0.476761
0.662
0.267856
0.457354
0.489561
0.227418
0.3182
0.662
0.030742
0.662
0.662
0.413012
0.223941
0.662
0.483683
0.662
0.662
0.227698
0.340626
0.662
0.662
0.662
0.0870699
0.662
0.175514
0.662
0.290826
0.662
0.662
0.662
0.189136
0.662
0.662
0.662
0.39422
0.424582
0.277564
0.311012
0.275422
0.120582
0.289383
0.191348
0.306201
0.662
0.192991
0.34513
0.662
0.662
0.662
0.426429
0.662
0.293107
0.662
0.662
0.662
0.0697454
0.662
0.112088
0.379652
0.662
0.187224
0.467373
0.50468
0.375462
0.355091
0.662
0.10245
0.444371
0.662
0.160932
0.226162
0.662
0.662
0.662
0.662
0.662
0.159254
0.270216
0.00981475
0.662
0.662
0.233566
0.261806
0.560521
0.662
0.662
0.662
0.512433
0.538029
0.662
0.196709
0.0487922
0.257891
0.662
0.662
0.662
0.662
0.631151
0.662
0.336578
0.519838
0.104122
0.133465
0.662
0.662
0.161554
0.275564
0.662
0.00753964
0.112694
0.33252
0.486039
0.0556158
0.341802
0.662
0.662
0.356962
0.47003
0.662
0.087229
0.515534
0.437319
0.37308
0.395684
0.0734927
0.662
0.244389
0.276033
0.102936
0.160994
0.662
0.383505
0.574174
0.662
0.662
0.286903
0.366731
0.0361058
0.662
0.0527231
0.662
0.662
0.662
0.392937
0.278381
0.270349
0.662
0.662
0.662
0.276842
0.110542
0.362468
0.662
0.662
0.294214
0.120652
0.662
0.662
0.662
0.110966
0.662
0.316944
0.526008
0.0717504
0.417349
0.662
0.662
0.226111
0.217242
0.40177
0.0379374
0.662
0.662
0.0856442
0.443016
0.0436897
0.662
0.261927
0.366632
0.59868
0.662
0.507845
0.662
0.662
0.234595
0.662
0.662
0.341358
0.129852
0.662
0.662
0.395196
0.662
0.138163
0.533112
0.662
0.434504
0.109049
0.662
0.662
0.331158
0.436156
0.0738313
0.488082
0.463206
0.12073
0.662
0.662
0.112627
0.068308
0.662
0.178696
0.662
0.662
0.662
0.516318
0.662
0.662
0.351185
0.662
0.662
0.550847
0.487172
0.113706
0.662
0.487005
0.662
0.662
0.318036
0.662
0.662
0.16048
0.662
0.296301
0.662
0.662
0.219779
0.662
0.662
0.662
0.662
0.662
0.439701
0.662
0.072973
0.435648
0.00577349
0.297149
0.00737794
0.452381
0.0817517
0.63365
0.368719
0.662
0.662
0.662
0.633694
0.662
0.266966
0.406479
0.421512
0.662
0.449514
0.662
0.125844
0.662
0.662
0.0421532
0.662
0.448151
0.08105
0.120607
0.400168
0.662
0.396156
0.662
0.662
0.662
0.215227
0.560955
0.2517
0.662
0.662
0.662
0.490182
0.0271361
0.0189558
0.333469
0.382355
0.662
0.256286
0.403227
0.662
0.274956
0.662
0.434698
0.662
0.537527
0.662
0.435581
0.292028
0.0192547
0.0774988
0.58303
0.26073
0.662
0.662
0.378392
0.285573
0.29421
0.662
0.662
0.505582
0.0392272
0.662
0.662
0.561639
0.475051
0.662
0.0672472
0.662
0.662
0.145284
0.0829729
0.18356
0.662
0.387428
0.342582
0.134293
0.662
0.170382
0.662
0.160023
0.375426
0.34819
0.436041
0.662
0.662
0.19752
0.345403
0.53436
0.662
0.662
0.0957312
0.635509
0.662
0.662
0.408912
0.633694
0.205131
0.338308
0.636505
0.548535
0.662
0.662
0.172505
0.215685
0.342736
0.288287
0.210722
0.662
0.148444
0.662
0.12284
0.000934547
0.581204
0.330086
0.443593
0.662
0.140052
0.560559
0.632587
0.230569
0.329157
0.40386
0.662
0.0662089
0.290578
0.271835
0.483724
0.31037
0.163937
0.662
0.662
0.441698
0.461348
0.233631
0.662
0.00175713
0.332137
0.00822725
0.662
0.250082
0.01107
0.662
0.135329
0.662
0.30411
0.28577
0.22439
0.662
0.381515
0.662
0.232493
0.474654
0.467635
0.0624567
0.662
0.662
0.662
0.662
0.662
0.662
0.189872
0.662
0.417772
0.638541
0.662
0.662
0.662
0.32067
0.662
0.330628
0.490361
0.662
0.382055
0.662
0.59152
0.425413
0.201406
0.382201
0.662
0.662
0.147815
0.24934
0.662
0.0491919
0.021605
0.588029
0.258905
0.385122
0.084945
0.56933
0.202037
0.662
0.220842
0.302733
0.332269
0.349015
0.243565
0.15898
0.13006
0.662
0.662
0.0855782
0.579674
0.150405
0.515968
0.395197
0.127717
0.12319
0.662
0.299394
0.560869
0.576171
0.488982
0.662
0.173692
0.662
0.662
0.247321
0.457212
0.380972
0.440609
0.360552
0.0883764
0.126579
0.662
0.100633
0.4598
0.662
0.662
0.234629
0.662
0.662
0.662
0.0680289
0.232136
0.375969
0.223628
0.662
0.578268
0.0772171
0.662
0.00494889
0.662
0.352743
0.288264
0.662
0.377736
0.0195254
0.662
0.662
0.662
0.662
0.283062
0.662
0.662
0.368236
0.662
0.0535107
0.432751
0.244242
0.662
0.165809
0.2455
0.534836
0.209182
0.487001
0.25155
0.662
0.00371038
0.0904345
0.662
0.193899
0.662
0.278168
0.303613
0.261083
0.238391
0.337489
0.215865
0.662
0.19993
0.662
0.662
0.662
0.567806
0.422107
0.662
0.149776
0.249983
0.462962
0.162235
0.662
0.186336
0.662
0.662
0.662
0.662
0.662
0.520088
0.19299
0.244837
0.662
0.662
0.512389
0.662
0.098061
0.389029
0.155644
0.537598
0.373012
0.182776
0.405687
0.609108
0.662
0.1243
0.198374
0.432728
0.662
0.315935
0.662
0.195954
0.404975
0.150594
0.282392
0.662
0.354814
0.662
0.267971
0.0572355
0.662
0.662
0.197303
0.662
0.111022
0.130676
0.33106
0.662
0.662
0.134028
0.662
0.289572
0.0828758
0.119677
0.662
0.662
0.558097
0.206487
0.662
0.662
0.662
0.662
0.43658
0.451087
0.662
0.23388
0.18238
0.0974123
0.313764
0.662
0.662
0.662
0.662
0.662
0.662
0.662
0.166355
0.145604
0.0493935
0.369117
0.518136
0.0843608
0.335165
0.181335
0.338519
0.241445
0.151173
0.610842
0.187344
0.186105
0.662
0.141231
0.662
0.3751
0.121314
0.122213
0.188884
0.662
0.0177533
0.558029
0.416702
0.662
0.309726
0.291851
0.158827
0.12083
0.662
0.324271
0.285978
0.662
0.662
0.289823
0.662
0.500748
0.291815
0.332182
0.174078
0.320547
0.0031946
0.662
0.662
0.399703
0.633694
0.457034
0.488797
0.613601
0.125748
0.074392
0.0625641
0.662
0.662
0.245382
0.662
0.662
0.221003
0.606312
0.662
0.369077
0.269167
0.442915
0.449738
0.323057
0.662
0.662
0.178737
0.662
0.454088
0.214313
0.334435
0.662
0.662
0.25115
0.396542
0.411168
0.0320266
0.662
0.22706
0.162389
0.662
0.442548
0.662
0.274226
0.662
0.165742
0.662
0.656902
0.472923
0.662
0.215948
0.662
0.662
0.176273
0.475672
0.534655
0.662
0.662
0.18529
0.662
0.167262
0.486567
0.662
0.660916
0.0656979
0.662
0.358665
0.191651
0.662
0.662
0.662
0.662
0.319674
0.662
0.173111
0.662
0.537661
0.0650229
0.662
0.156283
0.0742515
0.411162
0.531956
0.194005
0.394784
0.122505
0.24535
0.140441
0.157471
0.443822
0.149684
0.0151328
0.662
0.455802
0.254841
0.181352
0.443
0.662
0.560243
0.0880787
0.382523
0.0432419
0.461374
0.662
0.398397
0.662
0.212699
0.662
0.662
0.408043
0.662
0.547482
0.662
0.10551
0.662
0.0954442
0.157539
0.641459
0.109473
0.103576
0.483319
0.662
0.0602128
0.189545
0.0165193
0.176727
0.615634
0.405339
0.662
0.662
0.662
0.662
0.19008
0.280986
0.43743
0.168884
0.633045
0.662
0.560532
0.268389
0.372951
0.662
0.662
0.0718801
0.110494
0.662
0.0841439
0.2662
0.358537
0.242534
0.662
0.456905
0.662
0.186596
0.662
0.441669
0.533857
0.176416
0.0366404
0.101717
0.132842
0.662
0.662
0.199651
0.201114
0.240816
0.148183
0.177071
0.662
0.138451
0.662
0.662
0.0725912
0.662
0.662
0.441591
0.633694
0.204774
0.152825
0.333152
0.662
0.39292
0.662
0.0404024
0.343477
0.325182
0.41776
0.180216
0.553346
0.0278077
0.662
0.662
0.662
0.329697
0.140733
0.662
0.662
0.173236
0.278454
0.621784
0.448141
0.291463
0.662
0.0269886
0.04203
0.662
0.0566564
0.662
0.222792
0.410082
0.154748
0.286301
0.33963
0.662
0.280473
0.118302
0.662
0.662
0.562946
0.302185
0.662
0.662
0.472798
0.662
0.257059
0.206963
0.0207282
0.0413027
0.662
0.378168
0.662
0.287484
0.572173
0.277966
0.662
0.322896
0.121592
0.347382
0.202017
0.662
0.662
0.15409
0.662
0.386306
0.662
0.116289
0.662
0.0859371
0.0782962
0.439268
0.453096
0.662
0.662
0.138137
0.206457
0.375972
0.215126
0.662
0.662
0.0367425
0.662
0.296875
0.403142
0.233823
0.145099
0.197123
0.135053
0.662
0.121653
0.453507
0.185124
0.46609
0.0309421
0.236812
0.256587
0.364309
0.662
0.0808275
0.662
0.38192
0.42498
0.278702
0.00849308
0.220072
0.662
0.308473
0.360671
0.662
0.41034
0.662
0.265666
0.299356
0.662
0.254567
0.456872
0.662
0.157546
0.662
0.366523
0.344332
0.624932
0.223565
0.662
0.295037
0.662
0.662
0.189215
0.359891
0.0995072
0.662
0.519048
0.662
0.460878
0.0511614
0.390816
0.431274
0.662
0.461869
0.197692
0.442273
0.662
0.662
0.662
0.403051
0.662
0.243199
0.217689
0.232051
0.662
0.662
0.459961
0.242983
0.155423
0.132113
0.311636
0.0767493
0.280326
0.662
0.592154
0.238562
0.377284
0.662
0.573514
0.217485
0.370154
0.662
0.190416
0.527068
0.166476
0.226935
0.138242
0.662
0.280177
0.662
0.224423
0.662
0.662
0.451912
0.389546
0.662
0.662
0.662
0.169132
0.562445
0.39512
0.662
0.295589
0.6001
0.0583923
0.662
0.662
0.238254
0.578248
0.125952
0.324692
0.464731
0.2066
0.258932
0.662
0.203216
0.045188
0.662
0.122281
0.39507
0.0253575
0.0434732
0.383958
0.662
0.448393
0.653335
0.662
0.662
0.470025
0.0542107
0.138099
0.662
0.0120104
0.662
0.662
0.63539
0.29629
0.662
0.0786841
0.475843
0.549894
0.662
0.662
0.10875
0.0025636
0.442372
0.391944
0.662
0.662
0.31958
0.662
0.522149
0.104188
0.421596
0.204217
0.219844
0.044369
0.662
0.397999
0.662
0.0619289
0.662
0.370637
0.662
0.117757
0.662
0.662
0.662
0.400614
0.662
0.662
0.662
0.662
0.259689
0.150142
0.662
0.662
0.0361863
0.108963
0.662
0.0900025
0.662
0.336265
0.0475593
0.372775
0.662
0.368503
0.662
0.662
0.198615
0.414242
0.214806
0.409523
0.331227
0.283993
0.662
0.662
0.662
0.138463
0.483669
0.228876
0.102004
0.662
0.386111
0.662
0.504825
0.25697
0.170789
0.186327
0.521199
0.662
0.575944
0.412253
0.266028
0.662
0.606457
0.346564
0.662
0.662
0.512132
0.662
0.662
0.662
0.395219
0.386953
0.33992
0.368577
0.418387
0.662
0.662
0.440436
0.662
0.199077
0.107128
0.191059
0.662
0.662
0.662
0.087077
0.489784
0.662
0.185136
0.662
0.484544
0.28452
0.253098
0.662
0.369876
0.662
0.172714
0.532841
0.266519
0.662
0.662
0.662
0.662
0.0402104
0.336959
0.296093
0.138325
0.662
0.662
0.662
0.662
0.353972
0.131422
0.662
0.250807
0.662
0.452877
0.325386
0.0235985
0.662
0.294821
0.422952
0.145708
0.662
0.551467
0.242064
0.101634
0.184785
0.195993
0.378636
0.530427
0.662
0.129044
0.662
0.465445
0.114071
0.245568
0.662
0.64259
0.662
0.662
0.662
0.39243
0.397965
0.151104
0.574855
0.662
0.203914
0.143571
0.437353
0.330806
0.211632
0.435308
0.42086
0.177191
0.186168
0.0152826
0.45747
0.0979537
0.0043011
0.00312935
0.280492
0.071321
0.662
0.355638
0.662
0.22898
0.662
0.276885
0.0140252
0.440876
0.662
0.4898
0.662
0.662
0.0410998
0.662
0.405201
0.340049
0.227076
0.272159
0.358783
0.662
0.401972
0.018309
0.662
0.386993
0.653103
0.0136094
0.398589
0.662
0.662
0.0715596
0.256331
0.662
0.565044
0.429241
0.662
0.662
0.662
0.662
0.434918
0.662
0.662
0.662
0.662
0.350357
0.233044
0.0608373
0.52011
0.662
0.474773
0.139242
0.561683
0.417098
0.465436
0.662
0.662
0.301499
0.289413
0.662
0.662
0.662
0.386522
0.662
0.483711
0.47522
0.161407
0.414289
0.0110664
0.289466
0.662
0.662
0.0461925
0.122892
0.662
0.662
0.166213
0.422195
0.267036
0.12268
0.662
0.522752
0.284296
0.269337
0.344269
0.183321
0.662
0.662
0.514286
0.116989
0.662
0.662
0.0378249
0.373641
0.662
0.452141
0.0825171
0.00565417
0.229173
0.662
0.0598813
0.662
0.0863748
0.184127
0.390483
0.274754
0.216335
0.467911
0.00308564
0.471633
0.662
0.206572
0.545871
0.338044
0.404991
0.0753122
0.662
0.380026
0.662
0.532087
0.214759
0.662
0.236793
0.504577
0.662
0.107177
0.662
0.662
0.662
0.662
0.184767
0.318486
0.662
0.417377
0.662
0.0379679
0.662
0.662
0.209671
0.662
0.568941
0.399658
0.0223147
0.662
0.662
0.662
0.00153187
0.48157
0.36278
0.662
0.662
0.295668
0.126211
0.662
0.662
0.662
0.662
0.662
0.404518
0.662
0.0349322
0.196844
0.208869
0.662
0.662
0.231602
0.662
0.0409825
0.49436
0.35176
0.251146
0.284661
0.234841
0.325231
0.580536
0.190162
0.662
0.662
0.525562
0.234204
0.610719
0.467001
0.00775951
0.182592
0.241876
0.208302
0.662
0.662
0.662
0.208646
0.247337
0.071242
0.23213
0.48834
0.424635
0.662
0.0217047
0.662
0.662
0.343283
0.354489
0.190912
0.453918
0.434122
0.344273
0.195987
0.184891
0.389214
0.662
0.662
0.581313
0.506077
0.662
0.662
0.178317
0.23375
0.402191
0.131363
0.467901
0.662
0.4579
0.0788134
0.371508
0.280157
0.662
0.310252
0.0689093
0.662
0.346213
0.662
0.428765
0.297894
0.51525
0.416803
0.662
0.662
0.0243791
0.384909
0.662
0.219244
0.662
0.484681
0.0670136
0.662
0.662
0.662
0.640992
0.186708
0.0838774
0.640271
0.662
0.662
0.662
0.319799
0.662
0.289189
0.311218
0.388339
0.662
0.224815
0.662
0.662
0.662
0.225694
0.662
0.231362
0.0745563
0.662
0.38382
0.0120579
0.456518
0.662
0.191967
0.30592
0.138262
0.662
0.149634
0.563565
0.33344
0.208009
0.227539
0.386733
0.546585
0.662
0.230407
0.25591
0.662
0.662
0.662
0.19205
0.236252
0.178564
0.0162242
0.196644
0.0790081
0.662
0.272677
0.0887824
0.662
0.165852
0.662
0.662
0.347076
0.662
0.167794
0.257972
0.65601
0.662
0.662
0.280681
0.0936206
0.0128029
0.370552
0.662
0.662
0.662
0.374
0.177875
0.17351
0.662
0.306198
0.507985
0.640128
0.120464
0.46863
0.571248
0.581762
0.662
0.397202
0.162732
0.662
0.662
0.662
0.662
0.662
0.454975
0.0433431
0.129035
0.140423
0.662
0.662
0.249348
0.662
0.308167
0.662
0.299089
0.662
0.159154
0.662
0.662
0.662
0.662
0.662
0.208785
0.662
0.230841
0.662
0.330398
0.41838
0.304328
0.157076
0.662
0.662
0.662
0.181981
0.662
0.662
0.662
0.188632
0.662
0.662
0.169456
0.443222
0.44721
0.662
0.435878
0.0484355
0.662
0.662
0.120305
0.394943
0.186395
0.558228
0.400225
0.409569
0.469345
0.662
0.0625738
0.326846
0.302756
0.662
0.2972
0.428745
0.168034
0.662
0.662
0.662
0.662
0.126202
0.662
0.0905029
0.441264
0.268079
0.0270834
0.662
0.105459
0.33279
0.662
0.662
0.159937
0.195897
0.662
0.362422
0.126549
0.662
0.662
0.662
0.662
0.662
0.662
0.662
0.11817
0.423892
0.064599
0.662
0.204857
0.146176
0.112279
0.126066
0.205548
0.1927
0.662
0.452456
0.662
0.130488
0.445223
0.139036
0.662
0.0439933
0.21395
0.388392
0.132896
0.0242672
0.476661
0.662
0.479401
0.363028
0.662
0.290201
0.200022
0.662
0.0695956
0.542287
0.184638
0.23422
0.662
0.450909
0.313918
0.662
0.662
0.285221
0.0661078
0.631726
0.453132
0.466448
0.180963
0.662
0.662
0.662
0.150386
0.524948
0.0153426
0.140016
0.662
0.214245
0.662
0.662
0.662
0.662
0.228166
0.662
0.281054
0.2696
0.0228092
0.287844
0.0944495
0.662
0.662
0.284732
0.288223
0.230081
0.662
0.468601
0.662
0.442196
0.662
0.349512
0.047452
0.662
0.662
0.450859
0.25199
0.627524
0.662
0.662
0.278878
0.427892
0.427607
0.465139
0.10806
0.662
0.146396
0.154408
0.426228
0.441099
0.289165
0.487177
0.0485231
0.0800185
0.534418
0.146919
0.662
0.0827842
0.662
0.275749
0.261928
0.662
0.662
0.233403
0.63339
0.643872
0.467099
0.440429
0.636348
0.286643
0.662
0.325764
0.662
0.058983
0.662
0.0621876
0.662
0.0715385
0.200739
0.662
0.662
0.528047
0.662
0.261243
0.13967
0.646819
0.662
0.662
0.0867167
0.662
0.662
0.0354826
0.662
0.128044
0.238692
0.662
0.662
0.0896341
0.662
0.279382
0.662
0.207489
0.662
0.662
0.662
0.179673
0.298627
0.662
0.00547897
0.662
0.662
0.236655
0.138088
0.662
0.662
0.662
0.662
0.294484
0.1022
0.353821
0.220226
0.662
0.305536
0.662
0.0802579
0.662
0.30875
0.327274
0.232809
0.662
0.597787
0.356818
0.662
0.194927
0.202008
0.662
0.448685
0.662
0.319274
0.662
0.256711
0.662
0.287302
0.395089
0.569112
0.662
0.336905
0.662
0.0757918
0.394665
0.343085
0.348516
0.46322
0.370098
0.3519
0.662
0.378797
0.662
0.303642
0.254834
0.302232
0.197717
0.514873
0.662
0.214011
0.206735
0.250334
0.276496
0.354441
0.662
0.0119258
0.422167
0.409277
0.662
0.11218
0.135805
0.396435
0.662
0.501229
0.582579
0.662
0.424596
0.479423
0.33753
0.662
0.662
0.257048
0.662
0.00971291
0.359457
0.190788
0.193364
0.321158
0.287402
0.662
0.419115
0.0161439
0.381205
0.662
0.662
0.206715
0.662
0.452698
0.208524
0.117514
0.662
0.662
0.119167
0.662
0.365983
0.221102
0.0383669
0.0946911
0.662
0.30946
0.662
0.0443131
0.45275
0.115134
0.662
0.398278
0.0459863
0.341801
0.662
0.484176
0.413596
0.264194
0.184869
0.662
0.376139
0.662
0.386704
0.375554
0.00417381
0.207372
0.662
0.381219
0.235011
0.363219
0.347729
0.0718087
0.662
0.10693
0.389676
0.436351
0.662
0.562144
0.511129
0.662
0.44892
0.15835
0.662
0.373076
0.662
0.555324
0.655493
0.230244
0.662
0.662
0.440407
0.0129124
0.662
0.240811
0.662
0.0491177
0.662
0.226774
0.192958
0.662
0.307216
0.00404833
0.0617504
0.143993
0.662
0.662
0.538959
0.330602
0.346215
0.545238
0.662
0.476025
0.272041
0.167137
0.307988
0.10505
0.662
0.045264
0.662
0.287501
0.218682
0.662
0.662
0.336353
0.356728
0.662
0.63827
0.662
0.662
0.179948
0.536838
0.662
0.662
0.371154
0.662
0.176105
0.298993
0.103954
0.662
0.662
0.479914
0.242002
0.662
0.662
0.662
0.662
0.662
0.259971
0.662
0.207889
0.0785487
0.267122
0.662
0.451413
0.17181
0.162405
0.662
0.662
0.351864
0.662
0.0880879
0.122554
0.219619
0.158607
0.662
0.170871
0.411849
0.662
0.311817
0.200086
0.454488
0.282084
0.188307
0.120017
0.320353
0.129836
0.662
0.291242
0.243194
0.662
0.116644
0.273541
0.25421
0.662
0.662
0.138311
0.551593
0.662
0.0975715
0.662
0.188975
0.4595
0.275598
0.36405
0.20274
0.662
0.662
0.662
0.662
0.250123
0.662
0.366724
0.213728
0.208687
0.116365
0.548726
0.662
0.662
0.662
0.662
0.662
0.158197
0.0397501
0.41318
0.536419
0.417528
0.596153
0.662
0.373996
0.267611
0.662
0.337973
0.0882834
0.662
0.662
0.381417
0.260888
0.511348
0.662
0.662
0.662
0.334823
0.662
0.256803
0.573121
0.662
0.662
0.662
0.47132
0.144007
0.0786491
0.662
0.218797
0.167735
0.662
0.399558
0.662
0.328587
0.397384
0.351468
0.00350863
0.662
0.33505
0.477275
0.151301
0.131789
0.662
0.57759
0.662
0.618867
0.662
0.576585
0.662
0.227161
0.522695
0.360023
0.279684
0.476379
0.662
0.662
0.662
0.463701
0.168224
0.662
0.662
0.662
0.662
0.427077
0.662
0.662
0.662
0.204821
0.662
0.394654
0.445541
0.662
0.662
0.142987
0.662
0.175505
0.0986105
0.212539
0.194216
0.269541
0.159086
0.314277
0.662
0.436673
0.662
0.662
0.524347
0.662
0.662
0.662
0.205431
0.149536
0.218852
0.662
0.370011
0.662
0.219111
0.662
0.441195
0.662
0.151911
0.177526
0.477237
0.0439529
0.662
0.662
0.48352
0.365732
0.662
0.286345
0.662
0.205491
0.176251
0.0843463
0.517254
0.367061
0.662
0.283424
0.662
0.123277
0.128482
0.113823
0.460931
0.662
0.662
0.662
0.149813
0.662
0.662
0.562447
0.386272
0.190029
0.258847
0.662
0.331944
0.662
0.271513
0.232576
0.223089
0.0836646
0.651144
0.212108
0.0668974
0.439779
0.358704
0.662
0.662
0.662
0.662
0.209832
0.201855
0.269204
0.143201
0.307492
0.662
0.662
0.166837
0.662
0.386647
0.644406
0.662
0.211319
0.444859
0.0599958
0.403359
0.207514
0.290579
0.272278
0.282373
0.110237
0.662
0.662
0.270692
0.662
0.398043
0.319803
0.325633
0.662
0.474826
0.662
0.0991317
0.373788
0.318793
0.537601
0.452527
0.237536
0.454088
0.206914
0.662
0.662
0.662
0.169755
0.421711
0.591831
0.212454
0.388441
0.415758
0.662
0.662
0.309212
0.32237
