0.629487
0.15656
0.662
0.662
0.118248
0.424528
0.203654
0.0545061
0.453606
0.632343
0.465786
0.126628
0.1527
0.0496004
0.662
0.190939
0.543806
0.617175
0.662
0.376379
0.080569
0.112276
0.348349
0.662
0.530341
0.197737
0.0491298
0.662
0.255849
0.388202
0.239118
0.34707
0.662
0.662
0.291633
0.310765
0.559824
0.662
0.662
0.518586
0.184841
0.662
0.171577
0.662
0.662
0.324243
0.662
0.08612
0.115231
0.549272
0.662
0.356769
0.226367
0.540155
0.662
0.601509
0.335137
0.662
0.0639585
0.0566637
0.273302
0.662
0.662
0.231814
0.391689
0.662
0.337464
0.629133
0.102918
0.662
0.233548
0.336018
0.0530372
0.44225
0.662
0.148
0.237298
0.385305
0.662
0.662
0.641549
0.425545
0.662
0.599424
0.662
0.457623
0.662
0.662
0.662
0.662
0.475439
0.407826
0.662
0.662
0.662
0.133576
0.236853
0.361734
0.0186662
0.184284
0.46079
0.495885
0.340674
0.590408
0.442814
0.364989
0.662
0.456028
0.662
0.662
0.137962
0.662
0.166664
0.244937
0.14649
0.662
0.662
0.662
0.308422
0.662
0.662
0.662
0.662
0.288734
0.4432
0.662
0.662
0.662
0.633694
0.0713097
0.662
0.662
0.26178
0.0202641
0.662
0.165634
0.662
0.600894
0.662
0.0183751
0.232146
0.0433646
0.653928
0.662
0.188421
0.640258
0.662
0.662
0.662
0.662
0.662
0.440534
0.662
0.50325
0.662
0.247232
0.154384
0.196883
0.340857
0.662
0.662
0.10329
0.0553159
0.662
0.435737
0.354776
0.154792
0.662
0.662
0.293835
0.311877
0.244253
0.662
0.277014
0.662
0.114844
0.662
0.437365
0.652652
0.232073
0.662
0.614647
0.662
0.0562287
0.205867
0.0564865
0.0660672
0.350093
0.662
0.662
0.662
0.305018
0.645019
0.189708
0.464051
0.601511
0.400089
0.126628
0.662
0.662
0.662
0.312965
0.327883
0.526517
0.662
0.662
0.440688
0.100589
0.311354
0.458281
0.279145
0.586244
0.475989
0.428394
0.662
0.465306
0.662
0.308773
0.305053
0.222444
0.662
0.0424604
0.642332
0.662
0.433205
0.440312
0.662
0.662
0.119251
0.662
0.660933
0.138796
0.06905
0.141663
0.662
0.0565089
0.662
0.18056
0.662
0.662
0.662
0.338711
0.418712
0.662
0.215133
0.214504
0.662
0.59587
0.549314
0.662
0.536865
0.420342
0.662
0.223624
0.662
0.662
0.662
0.538649
0.312246
0.234693
0.662
0.662
0.41859
0.662
0.421221
0.35024
0.105589
0.651393
0.662
0.587114
0.20836
0.36959
0.662
0.662
0.537537
0.352056
0.638944
0.0425556
0.361226
0.293421
0.0300678
0.262302
0.662
0.319099
0.0668908
0.245529
0.115413
0.542652
0.637499
0.662
0.662
0.326812
0.642382
0.225706
0.197474
0.150815
0.399134
0.0031754
0.433516
0.355189
0.118242
0.120392
0.201025
0.464046
0.272772
0.662
0.545975
0.241758
0.662
0.568744
0.662
0.662
0.650129
0.078765
0.395924
0.16154
0.159405
0.481957
0.662
0.662
0.162266
0.662
0.662
0.244151
0.200413
0.662
0.477954
0.662
0.380518
0.662
0.662
0.662
0.662
0.662
0.662
0.662
0.223518
0.201985
0.141113
0.274626
0.662
0.298597
0.0508605
0.662
0.662
0.0711664
0.183716
0.18007
0.287891
0.662
0.662
0.662
0.295868
0.662
0.662
0.40616
0.61365
0.466513
0.380822
0.310344
0.607435
0.151673
0.00932058
0.081484
0.662
0.252712
0.162484
0.662
0.256595
0.662
0.193479
0.461789
0.372254
0.662
0.662
0.251457
0.662
0.662
0.356692
0.662
0.0229225
0.662
0.253816
0.448334
0.0539217
0.662
0.662
0.20971
0.513811
0.662
0.0285435
0.198449
0.640996
0.189851
0.419577
0.662
0.662
0.662
0.662
0.662
0.29808
0.138738
0.476461
0.662
0.662
0.662
0.662
0.462396
0.314844
0.4519
0.662
0.361536
0.583743
0.409957
0.575362
0.626784
0.662
0.437853
0.662
0.436895
0.0158916
0.170877
0.363997
0.36137
0.412563
0.655688
0.319965
0.308518
0.0115534
0.662
0.0820396
0.249433
0.662
0.662
0.662
0.460671
0.482666
0.662
0.187667
0.662
0.662
0.0463442
0.22436
0.423812
0.662
0.472105
0.662
0.662
0.547321
0.185421
0.221594
0.662
0.662
0.662
0.413676
0.497149
0.116964
0.387854
0.662
0.568134
0.388642
0.0368201
0.292658
0.137714
0.662
0.359448
0.153408
0.366515
0.020472
0.629763
0.662
0.662
