0.20036
0.116223
0.575131
0.209225
0.662
0.471229
0.525089
0.239745
0.390884
0.662
0.137048
0.662
0.365389
0.662
0.220944
0.662
0.662
0.153881
0.436481
0.662
0.510545
0.419624
0.230405
0.662
0.19918
0.465087
0.662
0.662
0.43519
0.640107
0.369966
0.106692
0.150401
0.192422
0.662
0.292987
0.219839
0.0528488
0.179818
0.00450361
0.662
0.29428
0.495281
0.662
0.662
0.0252923
0.0535538
0.0259627
0.662
0.370194
0.32434
0.207437
0.336833
0.662
0.319224
0.425314
0.262653
0.560409
0.444269
0.398404
0.376552
0.0116365
0.180679
0.377008
0.362579
0.194661
0.629887
0.662
0.520368
0.362163
0.662
0.158061
0.662
0.519542
0.662
0.436206
0.488
0.662
0.388857
0.662
0.38517
0.258509
0.439784
0.662
0.662
0.662
0.0896487
0.662
0.214036
0.321262
0.159996
0.205578
0.213372
0.426101
0.662
0.448705
0.0434285
0.278301
0.337477
0.23041
0.312564
0.662
0.662
0.574675
0.00940322
0.0788525
0.256458
0.190357
0.662
0.662
0.662
0.421267
0.662
0.29914
0.662
0.662
0.634234
0.662
0.312304
0.662
0.170469
0.204503
0.268724
0.662
0.282559
0.43674
0.0571394
0.255825
0.662
0.221449
0.662
0.0783105
0.439109
0.662
0.337212
0.144558
0.662
0.662
0.662
0.662
0.662
0.141251
0.662
0.662
0.360551
0.662
0.320257
0.662
0.662
0.662
0.662
0.271286
0.187419
0.662
0.0229189
0.185548
0.662
0.496621
0.662
0.236421
0.662
0.245689
0.662
0.662
0.47706
0.153837
0.287817
0.662
0.662
0.192503
0.642056
0.264152
0.662
0.17989
0.364932
0.0919781
0.662
0.644002
0.662
0.662
0.347578
0.662
0.662
0.165119
0.662
0.525143
0.233104
0.169443
0.662
0.662
0.372191
0.384154
0.473772
0.241224
0.662
0.662
0.662
0.662
0.662
0.479043
0.0643013
0.0129651
0.662
0.662
0.141089
0.662
0.662
0.228904
0.662
0.223971
0.662
0.45222
0.662
0.662
0.662
0.449859
0.662
0.492246
0.418882
0.531767
0.662
0.185857
0.338932
0.398728
0.238252
0.357305
0.662
0.557652
0.448472
0.214187
0.662
0.662
0.662
0.431599
0.408098
0.300237
0.662
0.662
0.315092
0.00533742
0.339752
0.387197
0.662
0.034829
0.581604
0.462519
0.111916
0.0352249
0.17706
0.283974
0.662
0.222188
0.526475
0.662
0.662
0.499619
0.662
0.214599
0.250943
0.05673
0.037274
0.662
0.643395
0.453433
0.662
0.662
0.662
0.443863
0.662
0.428014
0.515017
0.149758
0.662
0.0840001
0.576695
0.438764
0.662
0.657037
0.270658
0.185653
0.662
0.662
0.369003
0.662
0.301286
0.229081
0.274297
0.662
0.01171
0.246678
0.650545
0.356352
0.4707
0.399166
0.662
0.662
0.4128
0.272341
0.0217562
0.662
0.662
0.28676
0.377509
0.662
0.56952
0.144432
0.662
0.662
0.228359
0.187158
0.656773
0.662
0.662
0.662
0.345643
0.662
0.293123
0.0317678
0.662
0.376151
0.26157
0.389082
0.662
0.226562
0.202913
0.662
0.662
0.294905
0.662
0.162335
0.168186
0.132488
0.00942461
0.662
0.662
0.201679
0.199827
0.137741
0.662
0.124318
0.192318
0.440582
0.628742
0.662
0.457468
0.633925
0.200603
0.336877
0.246841
0.0773531
0.0182716
0.662
0.390075
0.662
0.662
0.662
0.378294
0.129701
0.261405
0.494669
0.361122
0.60956
0.662
0.662
0.662
0.584017
0.445732
0.207017
0.0185119
0.662
0.245011
0.408356
0.662
0.0594417
0.5265
0.130253
0.41456
0.662
0.531038
0.346305
0.352225
0.211263
0.638632
0.372202
0.171721
0.662
0.285535
0.184105
0.30165
0.662
0.662
0.169893
0.185506
0.261732
0.452895
0.662
0.524454
0.662
0.662
0.0343562
0.352805
0.662
0.413302
0.639676
0.662
0.662
0.384523
0.249243
0.662
0.43991
0.168599
0.277446
0.266108
0.240904
0.662
0.662
0.196798
0.367995
0.57571
0.662
0.21933
0.190746
0.41225
0.662
0.35337
0.305864
0.215465
0.631301
0.123079
0.494855
0.344489
0.519991
0.217288
0.162496
0.311642
0.246044
0.662
0.310743
0.0797824
0.208634
0.662
0.311973
0.0442007
0.0150203
0.217485
0.022054
0.662
0.42219
0.302516
0.410203
0.662
0.470736
0.662
0.204283
0.374737
0.169646
0.218747
0.515812
0.191602
0.662
0.312865
0.228209
0.324031
0.662
0.662
0.529144
0.390306
0.662
0.255591
0.401623
0.284769
0.0971707
0.662
0.662
0.335641
0.216808
0.325982
0.662
0.662
0.155285
0.449171
0.0349018
0.129129
0.332581
0.662
0.662
0.331981
0.070612
0.330648
0.206767
0.356094
0.2103
0.662
0.127672
0.433787
0.662
0.12037
0.0571207
0.158133
0.488005
0.662
0.475236
0.504019
0.179108
0.662
0.32036
0.604917
0.662
0.281852
0.662
0.438687
0.662
0.662
0.336349
0.662
0.662
0.662
0.138786
0.662
0.539536
0.462937
0.662
0.0120155
0.348888
0.355607
0.662
0.662
0.030347
0.168845
0.120511
0.662
0.662
0.662
0.290356
0.0940911
0.662
0.0772891
0.222863
0.662
0.187289
0.61029
0.339088
0.274125
0.662
0.662
0.662
0.255609
0.662
0.662
0.662
0.220614
0.44965
0.662
0.501478
0.293364
0.0436161
0.662
0.662
0.32327
0.236285
0.40996
0.662
0.192894
0.482495
0.117182
0.636561
0.190978
0.662
0.662
0.662
0.0899652
0.502144
0.299297
0.087382
0.662
0.326898
0.662
0.304611
0.662
0.662
0.245547
0.387297
0.176194
0.662
0.47599
0.2143
0.662
0.662
0.476676
0.662
0.662
0.113397
0.31926
0.662
0.662
0.169018
0.350098
0.662
0.245468
0.662
0.185226
0.662
0.662
0.169643
0.03559
0.662
0.662
0.662
0.662
0.662
0.662
0.524553
0.472615
0.252799
0.344488
0.662
0.378214
0.662
0.438528
0.0398977
0.662
0.662
0.454947
0.0143269
0.662
0.662
0.662
0.618577
0.662
0.662
0.0267786
0.662
0.214079
0.662
0.662
0.662
0.464375
0.39816
0.662
0.662
0.360536
0.121619
0.217577
0.0305759
0.0938581
0.355746
0.00383787
0.662
0.238663
0.662
0.662
0.459439
0.662
0.0987479
0.662
0.662
0.432242
0.0238173
0.499877
0.662
0.662
0.662
0.146412
0.662
0.472172
0.662
0.382094
0.20389
0.662
0.426025
0.0541242
0.469887
0.361477
0.330473
0.456703
0.662
0.236961
0.351844
0.662
0.206703
0.497294
0.662
0.64846
0.424521
0.207268
0.662
0.31103
0.120253
0.460585
0.258086
0.662
0.25794
0.137125
0.285931
0.473116
0.662
0.321392
0.120342
0.662
0.662
0.511369
0.09519
0.585603
0.662
0.662
0.491585
0.583811
0.662
0.21371
0.0361015
0.0304861
0.00134066
0.225902
0.228709
0.342321
0.078618
0.662
0.662
0.13383
0.234484
0.662
0.658345
0.167778
0.0875417
0.662
0.0264579
0.459746
0.33901
0.462918
0.299389
0.662
0.662
0.223586
0.662
0.471165
0.590794
0.383546
0.211508
0.104829
0.216625
0.382524
0.662
0.662
0.300532
0.358069
0.662
0.617687
0.662
0.419997
0.586567
0.314056
0.662
0.43995
0.662
0.662
0.0495948
0.662
0.662
0.211095
0.176423
0.173399
0.26094
0.633218
0.463632
0.30675
0.662
0.662
0.662
0.199141
0.662
0.229813
0.506768
0.496646
0.662
0.159799
0.662
0.355401
0.662
0.662
0.289341
0.662
0.0431007
0.365214
0.625545
0.472291
0.662
0.610216
0.384692
0.32851
0.662
0.625337
0.662
0.520888
0.074787
0.202172
0.662
0.662
0.203128
0.575994
0.662
0.662
0.662
0.297593
0.662
0.662
0.465482
0.418954
0.22981
0.662
0.0888809
0.431114
0.00539506
0.247891
0.651496
0.557351
0.431014
0.662
0.307525
0.248145
0.494505
0.0729758
0.119029
0.662
0.662
0.0394329
0.267774
0.321208
0.47302
0.589919
0.231076
0.0860213
0.427603
0.458009
0.20871
0.528152
0.662
0.662
0.662
0.662
0.662
0.491756
0.192855
0.00711306
0.354983
0.178513
0.121968
0.371318
0.333515
0.662
0.195171
0.148939
0.662
0.662
0.662
0.662
0.389839
0.662
0.205665
0.322198
0.11708
0.355893
0.453886
0.426321
0.0856173
0.632447
0.248042
0.662
0.662
0.662
0.362956
0.296688
0.662
0.442335
0.379539
0.662
0.662
0.255107
0.643655
0.268417
0.662
0.0640603
0.636649
0.449901
0.646376
0.157166
0.662
0.117292
0.646721
0.0936258
0.336193
0.662
0.247333
0.662
0.662
0.662
0.662
0.0471418
0.0938424
0.662
0.205963
0.614515
0.291215
0.348339
0.662
0.356317
0.215405
0.499515
0.662
0.662
0.125808
0.451948
0.662
0.662
0.286352
0.142838
0.662
0.294036
0.168991
0.662
0.662
0.409723
0.662
0.10335
0.662
0.662
0.662
0.107244
0.555146
0.198344
0.0223459
0.44301
0.662
0.14792
0.662
0.662
0.662
0.631599
0.662
0.378186
0.187442
0.662
0.498568
0.405196
0.662
0.662
0.453903
0.662
0.0286096
0.637951
0.0453792
0.639881
0.662
0.322883
0.563786
0.330993
0.662
0.662
0.193691
0.451452
0.662
0.00920545
0.109457
0.662
0.086638
0.662
0.247576
0.418486
0.103586
0.205386
0.662
0.362694
0.202006
0.662
0.662
0.259935
0.662
0.662
0.226561
0.662
0.413423
0.318143
0.286771
0.639981
0.0436169
0.0853437
0.166465
0.662
0.662
0.662
0.662
0.0145962
0.155189
0.196828
0.662
0.0748466
0.662
0.662
0.662
0.354624
0.662
0.117649
0.211036
0.197854
0.225448
0.662
0.486001
0.368753
0.153994
0.662
0.284661
0.182417
0.239151
0.032459
0.662
0.403281
0.662
0.662
0.662
0.662
0.662
0.662
0.1997
0.662
0.662
0.130827
0.258916
0.204692
0.662
0.662
0.184232
0.662
0.336921
0.662
0.174431
0.662
0.662
0.662
0.297738
0.662
0.349685
0.662
0.239051
0.18609
0.310284
0.662
0.662
0.662
0.536999
0.0225955
0.197452
0.399365
0.00578299
0.423955
0.662
0.662
0.662
0.173005
0.525276
0.662
0.541624
0.269657
0.032106
0.544093
0.662
0.364286
0.662
0.498483
0.662
0.662
0.659087
0.52991
0.474383
0.157565
0.307478
0.549053
0.662
0.247973
0.172596
0.329502
0.163816
0.00837449
0.662
0.662
0.0782768
0.325481
0.0771491
0.357615
0.166608
0.0357814
0.103546
0.227467
0.380462
0.102694
0.153889
0.662
0.662
0.437652
0.662
0.396468
0.471413
0.475444
0.0468281
0.0966483
0.662
0.208649
0.309659
0.662
0.440048
0.662
0.0425718
0.220364
0.662
0.662
0.662
0.662
0.662
0.662
0.475379
0.175524
0.407838
0.626467
0.662
0.229792
0.543511
0.662
0.662
0.277777
0.262854
0.207903
0.662
0.662
0.0964458
0.644172
0.662
0.541431
0.662
0.168045
0.662
0.496837
0.662
0.662
0.214023
0.199854
0.0573717
0.139094
0.556011
0.662
0.364814
0.422058
0.593152
0.662
0.662
0.44892
0.604858
0.662
0.294344
0.199316
0.402728
0.347871
0.662
0.0964003
0.0888448
0.250442
0.611211
0.277345
0.662
0.274807
0.451765
0.411769
0.662
0.193992
0.271424
0.0420347
0.003658
0.662
0.353315
0.283149
0.606062
0.662
0.324808
0.662
0.662
0.146189
0.306152
0.662
0.662
0.453404
0.236754
0.662
0.662
0.559418
0.00936858
0.585775
0.454353
0.662
0.662
0.468828
0.662
0.579568
0.281668
0.476926
0.181493
0.343428
0.662
0.662
0.662
0.0624944
0.507943
0.55656
0.662
0.662
0.662
0.200042
0.662
0.0187029
0.119005
0.166803
0.053314
0.0504292
0.662
0.250432
0.662
0.662
0.00368533
0.662
0.456351
0.461816
0.435804
0.283191
0.142484
0.662
0.21166
0.269803
0.117752
0.174384
0.10721
0.364969
0.662
0.236939
0.662
0.662
0.662
0.224979
0.423002
0.277805
0.662
0.130073
0.0122451
0.473101
0.0566106
0.662
0.547637
0.572272
0.059044
0.210953
0.638323
0.662
0.277444
0.053205
0.0768914
0.662
0.137734
0.11996
0.662
0.362426
0.662
0.662
0.250737
0.662
0.662
0.268597
0.662
0.662
0.439081
0.328781
0.00648347
0.240116
0.662
0.662
0.295075
0.662
0.224384
0.198902
0.49925
0.219264
0.146133
0.527931
0.662
0.459033
0.47296
0.244069
0.126135
0.662
0.44325
0.187409
0.662
0.422102
0.662
0.178093
0.662
0.626155
0.163829
0.545335
0.347744
0.418873
0.57627
0.14827
0.23293
0.662
0.369224
0.662
0.136488
0.281445
0.411715
0.430999
0.123885
0.662
0.029657
0.662
0.662
0.263233
0.662
0.662
0.662
0.333075
0.262497
0.187044
0.27489
0.662
0.662
0.662
0.662
0.662
0.12198
0.662
0.662
0.662
0.429656
0.441723
0.579464
0.662
0.0808202
0.252608
0.122688
0.662
0.394597
0.662
0.662
0.0956105
0.477471
0.280914
0.0052899
0.662
0.000474128
0.662
0.0208888
0.199636
0.662
0.0303018
0.44591
0.662
0.148514
0.662
0.558235
0.204769
0.0475536
0.312993
0.662
0.151276
0.299906
0.0650495
0.18745
0.31898
0.533931
0.662
0.214391
0.662
0.266942
0.618751
0.189791
0.662
0.662
0.662
0.169356
0.302265
0.359441
0.294949
0.383195
0.523888
0.662
0.406312
0.0834558
0.276817
0.160549
0.461188
0.569274
0.662
0.579684
0.662
0.204857
0.536195
0.662
0.177167
0.174184
0.341375
0.0386808
0.584931
0.302512
0.214259
0.249625
0.0490026
0.398337
0.172838
0.158318
0.662
0.257014
0.195909
0.662
0.154027
0.118431
0.662
0.264938
0.448481
0.350091
0.662
0.300827
0.662
0.470707
0.135483
0.662
0.274072
0.662
0.119446
0.662
0.662
0.662
0.662
0.662
0.662
0.662
0.0342136
0.250627
0.112367
0.662
0.285908
0.662
0.157385
0.292607
0.131205
0.232738
0.39684
0.662
0.277993
0.114679
0.662
0.18846
0.562979
0.662
0.193424
0.461801
0.662
0.325825
0.0287319
0.0819227
0.644076
0.161433
0.365126
0.163777
0.239128
0.619963
0.662
0.662
0.410057
0.456757
0.309376
0.311505
0.662
0.382193
0.196914
0.662
0.662
0.559505
0.457437
0.257562
0.233224
0.0882513
0.20263
0.118121
0.109306
0.180006
0.662
0.286516
0.662
0.643024
0.261668
0.357034
0.609245
0.100789
0.662
0.662
0.315515
0.453699
0.613453
0.662
0.662
0.194805
0.662
0.363022
0.662
0.487186
0.377493
0.184139
0.0755557
0.662
0.507252
0.233377
0.277899
0.662
0.307694
0.505829
0.194982
0.319427
0.484597
0.441227
0.103051
0.475392
0.353625
0.186772
0.662
0.559182
0.662
0.0651304
0.662
0.0235049
0.662
0.662
0.209544
0.189566
0.372051
0.662
0.662
0.301356
0.127255
0.662
0.341047
0.309079
0.662
0.662
0.662
0.662
0.662
0.662
0.284422
0.319881
0.353482
0.469663
0.369882
0.662
0.642441
0.244994
0.38963
0.254851
0.229789
0.662
0.120292
0.213884
0.15581
0.239124
0.17376
0.336577
0.662
0.100118
0.530795
0.0565854
0.353003
0.436511
0.662
0.474593
0.662
0.0661273
0.114696
0.392276
0.662
0.229303
0.305566
0.662
0.553091
0.662
0.222203
0.237217
0.36924
0.588086
0.662
0.203077
0.510954
0.222301
0.196504
0.493031
0.639741
0.662
0.662
0.662
0.241906
0.266216
0.441976
0.288416
0.363507
0.662
0.652903
0.662
0.662
0.128366
0.662
0.523227
0.378521
0.662
0.0687878
0.130284
0.646737
0.0694183
0.27003
0.662
0.662
0.662
0.276139
0.662
0.662
0.295618
0.130469
0.603703
0.662
0.340384
0.421564
0.354605
0.120598
0.198436
0.0871116
0.430993
0.403368
0.390523
0.0809463
0.662
0.605163
0.662
0.662
0.384308
0.179953
0.662
0.196415
0.557459
0.465367
0.616888
0.552922
0.248727
0.28522
0.662
0.662
0.302047
0.0725969
0.662
0.662
0.139296
0.58909
0.499001
0.662
0.662
0.195487
0.662
0.514411
0.662
0.369615
0.662
0.662
0.385988
0.174351
0.226929
0.0121147
0.317061
0.195613
0.0910805
0.220087
0.079338
0.202333
0.0815442
0.662
0.662
0.0981368
0.557084
0.203495
0.662
0.0449556
0.243516
0.339009
0.662
0.542529
0.662
0.662
0.626858
0.279312
0.662
0.662
0.518433
0.0321453
0.291573
0.578444
0.190074
0.239477
0.662
0.189076
0.662
0.416675
0.103396
0.662
0.416423
0.116731
0.326371
0.311422
0.200374
0.159792
0.22072
0.257132
0.662
0.33971
0.662
0.21928
0.494547
0.634188
0.662
0.300443
0.662
0.570536
0.662
0.430874
0.427288
0.230446
0.62897
0.662
0.662
0.397491
0.400549
0.310639
0.509107
0.662
0.231725
0.602424
0.662
0.662
0.177302
0.255885
0.662
0.388412
0.185107
0.45897
0.304753
0.121003
0.260373
0.501721
0.662
0.34909
0.662
0.459633
0.304848
0.0188747
0.271904
0.160588
0.228908
0.485413
0.662
0.449502
0.662
0.662
0.388671
0.662
0.300685
0.662
0.10591
0.423321
0.0583253
0.421785
0.662
0.0667853
0.506577
0.662
0.208037
0.662
0.240335
0.537517
0.662
0.381515
0.29241
0.402062
0.0666858
0.145077
0.295087
0.11184
0.295136
0.662
0.662
0.662
0.177129
0.662
0.662
0.246588
0.0580051
0.300177
0.632732
0.474182
0.197002
0.328944
0.636271
0.662
0.662
0.457586
0.662
0.662
0.662
0.662
0.662
0.283912
0.662
0.37307
0.385739
0.479662
0.662
0.662
0.569881
0.662
0.534777
0.428596
0.310409
0.249134
0.373668
0.248875
0.662
0.0696504
0.662
0.662
0.633971
0.0499769
0.0293088
0.162436
0.662
0.255854
0.662
0.662
0.182688
0.443904
0.662
0.586181
0.662
0.349274
0.185826
0.662
0.622085
0.662
0.662
0.583119
0.662
0.662
0.662
0.662
0.28871
0.662
0.171941
0.119448
0.434787
0.0389311
0.662
0.345945
0.662
0.351112
0.190849
0.099507
0.662
0.157437
0.138278
