0.662
0.543031
0.249854
0.360508
0.284838
0.286801
0.662
0.662
0.662
0.0226283
0.0603165
0.62747
0.01878
0.446387
0.551068
0.461974
0.662
0.662
0.418735
0.0269155
0.207481
0.0317255
0.156204
0.0609383
0.422625
0.193524
0.662
0.0899617
0.0183728
0.662
0.092095
0.05075
0.662
0.465969
0.61308
0.662
0.463429
0.662
0.3127
0.314483
0.242227
0.371321
0.62528
0.175832
0.0636229
0.506653
0.0696197
0.662
0.199672
0.0572657
0.662
0.278467
0.662
0.544921
0.18973
0.0494252
0.662
0.1987
0.662
0.209505
0.662
0.320861
0.138359
0.419521
0.36089
0.0817763
0.662
0.662
0.0872486
0.499337
0.455316
0.255481
0.227012
0.662
0.662
0.662
0.662
0.506337
0.104096
0.320209
0.206206
0.662
0.270756
0.598711
0.433228
0.662
0.114877
0.0577244
0.106978
0.662
0.357671
0.657881
0.618994
0.452137
0.444841
0.436403
0.662
0.662
0.197493
0.076529
0.0829932
0.21675
0.267615
0.0350151
0.478734
0.662
0.662
0.662
0.141633
0.662
0.276431
0.662
0.662
0.662
0.52282
0.260554
0.662
0.576712
0.662
0.106157
0.07555
0.33255
0.0109558
0.270704
0.662
0.369723
0.189988
0.212337
0.662
0.0490183
0.198826
0.175612
0.273468
0.339913
0.58115
0.303115
0.453678
0.609258
0.662
0.211368
0.34418
0.662
0.617285
0.126871
0.220207
0.450843
0.391279
0.662
0.400968
0.181307
0.662
0.524218
0.662
0.556509
0.452425
0.0392601
0.243927
0.662
0.144809
0.662
0.63339
0.0154551
0.156759
0.374471
0.313653
0.662
0.154782
0.118101
0.263923
0.251174
0.662
0.662
0.364476
0.284826
0.505737
0.662
0.324147
0.53683
0.332536
0.383395
0.662
0.662
0.662
0.61902
0.179221
0.261426
0.662
0.197955
0.662
0.332519
0.662
0.30445
0.0627281
0.26293
0.662
0.662
0.316259
0.662
0.337418
0.310092
0.258523
0.646308
0.593359
0.662
0.397977
0.656966
0.220282
0.662
0.618323
0.662
0.516665
0.477004
0.230382
0.469477
0.62947
0.218638
0.377184
0.211222
0.662
0.499943
0.195142
0.200861
0.126359
0.0878399
0.253773
0.00820421
0.140134
0.662
0.662
0.32067
0.478901
0.205231
0.662
0.662
0.662
0.662
0.662
0.332847
0.662
0.173845
0.57096
0.228082
0.150231
0.372705
0.0391314
0.108792
0.662
0.662
0.643259
0.11726
0.662
0.351276
0.174943
0.559873
0.390917
0.662
0.365422
0.335666
0.662
0.662
0.338792
0.662
0.234991
0.0192519
0.313308
0.662
0.316795
0.336242
0.662
0.103657
0.662
0.431923
0.33692
0.464885
0.416471
0.0209422
0.662
0.662
0.662
0.662
0.0497244
0.662
0.662
0.299302
0.294706
0.328094
0.465263
0.195743
0.662
0.662
0.662
0.558327
0.662
0.662
0.431483
0.38408
0.662
0.662
0.407175
0.662
0.286609
0.662
0.662
0.0912485
0.662
0.277162
0.410317
0.662
0.0407998
0.291742
0.662
0.350682
0.662
0.257286
0.280103
0.662
0.424382
0.306367
0.0229517
0.605133
0.445637
0.116717
0.312544
0.318577
0.155847
0.662
0.123017
0.662
0.662
0.662
0.319398
0.662
0.227121
0.277123
0.318519
0.662
0.251231
0.226045
0.366246
0.662
0.655261
0.662
0.240143
0.662
0.0284538
0.481209
0.662
0.515501
0.477178
0.0162049
0.116579
0.662
0.41805
0.662
0.662
0.322273
0.208984
0.142496
0.194025
0.662
0.0686892
0.56621
0.436552
0.480882
0.662
0.356764
0.177598
0.318707
0.389666
0.39491
0.339548
0.0434328
0.662
0.650901
0.412507
0.316978
0.662
0.662
0.207993
0.291991
0.105942
0.459869
0.662
0.0948721
0.482436
0.633599
0.662
0.224086
0.285077
0.662
0.519749
0.662
0.073559
0.662
0.0272562
0.192492
0.662
0.159128
0.0637548
0.613225
0.574563
0.454011
0.662
0.662
0.247175
0.0923152
0.115073
0.246575
0.188612
0.662
0.31129
0.12175
0.153526
0.401968
0.462128
0.25736
0.50125
0.323347
0.200957
0.223215
0.0640176
0.171701
0.412683
0.662
0.662
0.662
0.662
0.288157
0.662
0.18795
0.662
0.192872
0.662
0.35587
0.662
0.430119
0.1433
0.00827899
0.491908
0.662
0.238769
0.562131
0.169966
0.243912
0.662
0.229715
0.49414
0.453517
0.662
0.662
0.648621
0.109601
0.662
0.0572575
0.136314
0.552402
0.455567
0.662
0.299279
0.662
0.662
0.459154
0.662
0.662
0.452465
0.662
0.646912
0.354548
0.467631
0.660714
0.597669
0.662
0.470656
0.0112218
0.662
0.662
0.662
0.662
0.501462
0.140908
0.662
0.567128
0.662
0.270656
0.612839
0.138096
0.501988
0.662
0.412934
0.202713
0.662
0.313662
0.414362
0.662
0.275695
0.662
0.404248
0.662
0.521995
0.58006
0.662
0.662
0.138958
0.64089
0.433995
0.230536
0.156876
0.430825
0.662
0.662
0.662
0.326365
0.128371
0.252252
0.213363
0.662
0.655602
0.202067
0.662
0.662
0.125686
0.220659
0.0359383
0.0867232
0.226022
0.662
0.662
0.575729
0.389583
0.662
0.125115
0.662
0.193101
0.428393
0.450461
0.312875
0.662
0.31679
0.662
0.459401
0.226675
0.410658
0.662
0.244463
0.662
0.404707
0.408144
0.301519
0.163349
0.399715
0.569167
0.044407
0.254162
0.662
0.173065
0.329432
0.662
0.00428356
0.306046
0.662
0.662
0.319443
0.662
0.662
0.0814868
0.662
0.0494207
0.662
0.662
0.662
0.662
0.167842
0.298032
0.662
0.413961
0.246858
0.0422936
0.00961965
0.662
0.662
0.662
0.155967
0.279879
0.446892
0.662
0.34859
0.595807
0.247903
0.662
0.0628703
0.662
0.498302
0.662
0.645674
0.662
0.282482
0.0791395
0.476056
0.662
0.662
0.523915
0.215021
0.00498615
0.0396264
0.662
0.446112
0.662
0.662
0.662
0.176477
0.185806
0.605414
0.365979
0.0739612
0.237431
0.449734
0.159955
0.380089
0.203129
0.662
0.662
0.378688
0.662
0.662
0.197983
0.0262192
0.662
0.662
0.54531
0.217796
0.484257
0.218481
0.662
0.177961
0.662
0.336885
0.19613
0.662
0.378858
0.502316
0.662
0.662
0.662
0.662
0.662
0.263369
0.662
0.252803
0.233684
0.169676
0.62452
0.305924
0.662
0.500468
0.27338
0.269516
0.662
0.662
0.163346
0.124189
0.662
0.662
0.0259154
0.175383
0.662
0.208484
0.483348
0.463517
0.662
0.662
0.662
0.662
0.662
0.618205
0.148803
0.218167
0.662
0.588951
0.456653
0.382745
0.662
0.315553
0.662
0.0450933
0.159396
0.649431
0.662
0.629229
0.123608
0.662
0.586612
0.092243
0.662
0.662
0.371418
0.662
0.0892038
0.432441
0.392145
0.252181
0.662
0.662
0.123218
0.313414
0.662
0.226342
0.662
0.662
0.37199
0.348433
0.396835
0.662
0.662
0.405711
0.169231
0.662
0.28749
0.599453
0.595178
0.401191
0.0790093
0.464397
0.106977
0.662
0.104551
0.613931
0.102719
0.447328
0.00416383
0.429799
0.0949628
0.184675
0.367162
0.662
0.475882
0.662
0.409947
0.104939
0.662
0.46411
0.18157
0.514613
0.0912359
0.662
0.421441
0.662
0.662
0.662
0.662
0.107188
0.413205
0.204977
0.323655
0.662
0.662
0.662
0.476302
0.662
0.547982
0.662
0.20198
0.408327
0.10922
0.662
0.662
0.662
0.597632
0.662
0.172889
0.354306
0.662
0.308041
0.409256
0.662
0.0825455
0.662
0.662
0.280526
0.287966
0.662
0.375979
0.662
0.662
0.451774
0.628715
0.530276
0.0719118
0.471584
0.4678
0.318192
0.179791
0.662
0.662
0.432687
0.652858
0.408992
0.223724
0.662
0.339738
0.0735548
0.662
0.0145583
0.0905752
0.195216
0.0691713
0.662
0.468425
0.315087
0.309102
0.0357746
0.662
0.408463
0.662
0.662
0.154079
0.167882
0.662
0.192153
0.662
0.503664
0.529837
0.662
0.630661
0.662
0.0548116
0.201118
0.49584
0.625684
0.495768
0.109685
0.583439
0.307898
0.662
0.662
0.662
0.285004
0.437836
0.662
0.662
0.662
0.601718
0.662
0.38082
0.662
0.0182946
0.662
0.662
0.271131
0.583657
0.188133
0.662
0.662
0.154384
0.662
0.179386
0.29071
0.247431
0.063609
0.662
0.299797
0.317633
0.662
0.599634
0.662
0.662
0.410506
0.458145
0.230484
0.00411303
0.34878
0.662
0.610483
0.662
0.662
0.42001
0.134858
0.199864
0.308934
0.432682
0.234332
0.552639
0.662
0.50578
0.662
0.662
0.662
0.373059
0.465362
0.662
0.662
0.662
0.662
0.662
0.662
0.412132
0.30578
0.662
0.535006
0.662
0.0159688
0.662
0.662
0.635188
0.662
0.091482
0.106893
0.192631
0.301273
0.480741
0.417482
0.335372
0.0572101
0.662
0.514969
0.662
0.220472
0.216841
0.237035
0.662
0.0670299
0.662
0.662
0.507725
0.451607
0.296347
0.464546
0.186916
0.662
0.371856
0.069719
0.207114
0.662
0.662
0.325012
0.662
0.662
0.662
0.175489
0.413031
0.662
0.587984
0.401014
0.446669
0.662
0.662
0.662
0.235137
0.2055
0.121953
0.476014
0.662
0.662
0.262533
0.491098
0.662
0.662
0.482942
0.393368
0.662
0.602078
0.0886353
0.107625
0.372801
0.264379
0.426646
0.662
0.279093
0.218166
0.479327
0.033856
0.662
0.330654
0.662
0.430428
0.476088
0.0865766
0.162811
0.662
0.0351436
0.35835
0.662
0.396174
0.267026
0.60881
0.662
0.230956
0.0550075
0.662
0.662
0.226231
0.0327627
0.425991
0.224459
0.662
0.295817
0.662
0.662
0.662
0.662
0.566947
0.376098
0.00748028
0.195057
0.662
0.53407
0.662
0.450157
0.360045
0.344804
0.662
0.29505
0.420157
0.662
0.662
0.662
0.662
0.662
0.258602
0.190613
0.304428
0.1553
0.428429
0.662
0.662
0.662
0.125259
0.25782
0.308906
0.153681
0.587986
0.298986
0.662
0.266296
0.561447
0.411524
0.0969654
0.240973
0.631376
0.171355
0.662
0.662
0.469385
0.126136
0.640436
0.216343
0.2004
0.416157
0.104969
0.662
0.123398
0.176152
0.662
0.662
0.0772539
0.61218
0.322481
0.611424
0.0518039
0.207401
0.0826705
0.662
0.222057
0.243951
0.463585
0.662
0.662
0.662
0.129895
0.662
0.435721
0.662
0.662
0.662
0.662
0.662
0.338126
0.284467
0.0377438
0.0043455
0.662
0.662
0.178062
0.131542
0.184
0.468002
0.203631
0.27843
0.0966937
0.553124
0.163221
0.18306
0.0440649
0.662
0.273654
0.255216
0.597425
0.355108
0.662
0.153277
0.662
0.194895
0.285841
0.216064
0.0709716
0.4485
0.155406
0.343898
0.662
0.640298
0.662
0.0236511
0.574852
0.583847
0.0753358
0.532902
0.283993
0.528764
0.551613
0.108283
0.193924
0.662
0.662
0.175673
0.662
0.507021
0.0457939
0.662
0.29271
0.165701
0.0750306
0.662
0.105824
0.636632
0.662
0.662
0.328492
0.662
0.156235
0.341524
0.0346267
0.662
0.43561
0.662
0.590693
0.300338
0.0816925
0.186156
0.360529
0.341492
0.515049
0.277306
0.662
0.0815531
0.445355
0.662
0.662
0.662
0.289798
0.19255
0.238638
0.409065
0.662
0.662
0.0875369
0.662
0.662
0.45404
0.288652
0.327448
0.198088
0.464857
0.662
0.195817
0.662
0.36943
0.662
0.410848
0.662
0.662
0.204693
0.266056
0.364138
0.662
0.205284
0.662
0.35879
0.662
0.662
0.662
0.662
0.0192511
0.662
0.300646
0.329456
0.662
0.446992
0.662
0.187275
0.662
0.222643
0.0544977
0.0398915
0.429165
0.662
0.625076
0.269602
0.0495321
0.476946
0.662
0.662
0.662
0.312258
0.0901716
0.662
0.662
0.662
0.299875
0.662
0.080835
0.383534
0.662
0.229255
0.652166
0.197729
0.469693
0.486547
0.164641
0.397526
0.41799
0.304662
0.421159
0.343642
0.662
0.431054
0.610396
0.455817
0.557118
0.46102
0.206995
0.615866
0.0378759
0.662
0.377266
0.15041
0.662
0.662
0.662
0.372271
0.261334
0.406486
0.638379
0.321727
0.209412
0.662
0.662
0.662
0.662
0.662
0.662
0.662
0.321514
