0.0301407
0.287685
0.662
0.239101
0.180877
0.662
0.662
0.662
0.662
0.0278472
0.0647673
0.180064
0.662
0.303255
0.205505
0.662
0.47209
0.112081
0.184931
0.559475
0.662
0.662
0.236469
0.662
0.662
0.204055
0.126243
0.662
0.00386087
0.662
0.662
0.662
0.542074
0.230886
0.455315
0.662
0.206987
0.316571
0.328015
0.662
0.128632
0.399139
0.059218
0.234461
0.445135
0.662
0.662
0.0599811
0.560268
0.662
0.657703
0.662
0.471632
0.39158
0.662
0.662
0.310799
0.193462
0.285895
0.662
0.207592
0.662
0.424882
0.662
0.12008
0.18952
0.450346
0.328921
0.0665357
0.174553
0.662
0.450553
0.662
0.519139
0.607051
0.164343
0.662
0.662
0.662
0.231031
0.64484
0.351652
0.0675864
0.662
0.0332309
0.662
0.662
0.146678
0.662
0.150579
0.272628
0.662
0.662
0.662
0.343265
0.662
0.662
0.28373
0.0589978
0.662
0.211586
0.204649
0.44716
0.662
0.252594
0.472997
0.662
0.531385
0.662
0.427039
0.662
0.115848
0.0860107
0.662
0.0285153
0.225002
0.662
0.662
0.09167
0.320226
0.215864
0.634311
0.662
0.3361
0.0245213
0.348382
0.278918
0.125122
0.161438
0.662
0.442041
0.662
0.662
0.079291
0.662
0.227956
0.142973
0.268575
0.390307
0.139314
0.662
0.579252
0.351705
0.662
0.309521
0.168256
0.662
0.662
0.163479
0.662
0.246305
0.459494
0.201634
0.360916
0.051209
0.124065
0.215125
0.221324
0.280749
0.442224
0.662
0.0827699
0.246532
0.174818
0.123814
0.662
0.0685086
0.0722777
0.662
0.662
0.387569
0.21031
0.662
0.284956
0.267557
0.662
0.662
0.662
0.299316
0.662
0.662
0.285177
0.022744
0.662
0.366173
0.662
0.662
0.441444
0.342431
0.130004
0.221012
0.45537
0.125195
0.662
0.162316
0.494983
0.0505389
0.265485
0.366102
0.236082
0.412484
0.662
0.633482
0.662
0.662
0.467146
0.276743
0.205554
0.662
0.444309
0.51589
0.662
0.662
0.662
0.662
0.27316
0.29534
0.0148852
0.255598
0.662
0.662
0.662
0.13803
0.662
0.247367
0.224984
0.129925
0.0808146
0.662
0.345115
0.662
0.328301
0.0828794
0.662
0.662
0.415255
0.662
0.662
0.662
0.325549
0.209416
0.662
0.471031
0.662
0.490507
0.209758
0.317934
0.165312
0.226631
0.662
0.270627
0.2227
0.262706
0.662
0.662
0.349674
0.662
0.424922
0.323419
0.662
0.662
0.222961
0.662
0.253088
0.662
0.662
0.151207
0.0551638
0.110489
0.351902
0.432639
0.308345
0.293986
0.662
0.662
0.298713
0.662
0.662
0.0133637
0.267595
0.296697
0.486078
0.146684
0.140496
0.2475
0.48396
0.662
0.337711
0.241294
0.194025
0.662
0.235301
0.662
0.662
0.00318054
0.241819
0.111258
0.662
0.662
0.179379
0.282769
0.662
0.662
0.662
0.662
0.452145
0.662
0.244956
0.662
0.451927
0.498627
0.195011
0.114137
0.662
0.291611
0.635118
0.662
0.662
0.0777972
0.240597
0.217008
0.114489
0.270278
0.662
0.123599
0.207438
0.662
0.662
0.662
0.662
0.483527
0.110474
0.662
0.662
0.278941
0.222482
0.494566
0.543079
0.335855
0.662
0.395613
0.265607
0.167452
0.428998
0.41597
0.162854
0.284405
0.662
0.662
0.662
0.662
0.325184
0.662
0.306505
0.212627
0.229586
0.662
0.451818
0.662
0.242793
0.327544
0.21144
0.500965
0.153501
0.0350779
0.535966
0.662
0.662
0.662
0.662
0.235615
0.389585
0.662
0.662
0.220402
0.221299
0.154779
0.146977
0.662
0.23016
0.308942
0.350393
0.339117
0.662
0.293903
0.481468
0.0750048
0.662
0.317147
0.662
0.1033
0.0811941
0.117503
0.35554
0.0975333
0.311688
0.662
0.0902906
0.662
0.662
0.662
0.662
0.662
0.662
0.662
0.662
0.251763
0.00259351
0.662
0.313458
0.246524
0.662
0.662
0.179207
0.571435
0.662
0.662
0.232034
0.662
0.344233
0.0780257
0.11539
0.662
0.421194
0.463581
0.662
0.297149
0.662
0.662
0.662
0.662
0.219743
0.662
0.2762
0.305478
0.662
0.132631
0.393746
0.662
0.472577
0.158155
0.662
0.662
0.662
0.546271
0.406481
0.0938217
0.19704
0.0770288
0.301125
0.15603
0.0352948
0.0728907
0.662
0.306025
0.303472
0.203957
0.662
0.124637
0.144419
0.209525
0.158561
0.0582645
0.662
0.128837
0.25419
0.662
0.662
0.354124
0.662
0.662
0.154824
0.215703
0.0614662
0.662
0.662
0.662
0.662
0.485804
0.398494
0.255037
0.46869
0.662
0.332597
0.662
0.0625609
0.130548
0.492237
0.220472
0.662
0.14692
0.32429
0.301513
0.662
0.466572
0.115077
0.116047
0.311546
0.216863
0.662
0.662
0.662
0.0118608
0.138177
0.315981
0.662
0.120201
0.662
0.662
0.662
0.12803
0.162298
0.589655
0.231988
0.662
0.662
0.662
0.00767186
0.252087
0.0587274
0.662
0.662
0.662
0.662
0.662
0.662
0.166858
0.413937
0.662
0.411343
0.359637
0.662
0.390459
0.662
0.662
0.0951581
0.197241
0.480283
0.662
0.511373
0.662
0.387522
0.662
0.352476
0.662
0.372318
0.238724
0.267114
0.662
0.464513
0.662
0.27172
0.662
0.662
0.662
0.662
0.102072
0.662
0.662
0.662
0.662
0.662
0.536974
0.193718
0.662
0.213877
0.662
0.278783
0.662
0.662
0.0284206
0.662
0.662
0.662
0.249421
0.304622
0.662
0.113768
0.273233
0.662
0.609122
0.434345
0.24516
0.476304
0.662
0.367577
0.211698
0.662
0.662
0.662
0.662
0.662
0.0117293
0.0143759
0.662
0.662
0.332301
0.492565
0.258614
0.17038
0.662
0.662
0.662
0.24021
0.00504644
0.662
0.194208
0.448982
0.386675
0.0716316
0.662
0.254791
0.166041
0.662
0.662
0.235432
0.662
0.435727
0.662
0.662
0.662
0.292611
0.0514281
0.414337
0.662
0.662
0.188035
0.383533
0.662
0.62648
0.662
0.662
0.416889
0.250758
0.517883
0.533796
0.28967
0.259302
0.631028
0.345323
0.0553029
0.662
0.208719
0.325377
0.662
0.524433
0.27147
0.662
0.346752
0.163774
0.662
0.662
0.413894
0.662
0.471384
0.381735
0.662
0.282401
0.515499
0.662
0.2959
0.628657
0.2363
0.536734
0.662
0.254756
0.1161
0.56133
0.384573
0.447354
0.662
0.662
0.1691
0.264982
0.0375539
0.275874
0.662
0.212485
0.551233
0.115273
0.662
0.195514
0.468267
0.662
0.614231
0.662
0.437705
0.662
0.662
0.00882866
0.186364
0.662
0.662
0.218287
0.662
0.179229
0.00723021
0.662
0.662
0.0108652
0.52751
0.662
0.662
0.158891
0.662
0.245085
0.230267
0.018761
0.255732
0.0266786
0.307824
0.662
0.659897
0.662
0.662
0.662
0.662
0.134323
0.662
0.662
0.207838
0.178159
0.0843775
0.662
0.662
0.432399
0.418858
0.662
0.172001
0.662
0.190017
0.662
0.160485
0.241673
0.0609995
0.370016
0.411921
0.662
0.354381
0.386118
0.379723
0.288143
0.377697
0.662
0.662
0.662
0.264305
0.662
0.662
0.394976
0.303893
0.662
0.307051
0.662
0.662
0.662
0.147242
0.180153
0.662
0.662
0.0831582
0.662
0.662
0.0206499
0.662
0.194038
0.662
0.604137
0.0228377
0.662
0.198518
0.192245
0.468785
0.662
0.662
0.136543
0.0649313
0.376211
0.170548
0.662
0.662
0.134584
0.313769
0.506739
0.0234105
0.282937
0.268729
0.662
0.662
0.662
0.662
0.662
0.348579
0.662
0.0480558
0.300991
0.363999
0.169819
0.662
0.045179
0.034973
0.285997
0.493749
0.200899
0.662
0.662
0.132296
0.662
0.315403
0.662
0.239712
0.252154
0.662
0.333079
0.481878
0.662
0.662
0.662
0.662
0.204347
0.201326
0.662
0.662
0.0454532
0.184763
0.193471
0.399886
0.336236
0.0524268
0.20693
0.276956
0.333078
0.403768
0.0461509
0.662
0.630988
0.212371
0.152239
0.241917
0.341141
0.662
0.662
0.202711
0.662
0.662
0.662
0.386365
0.193386
0.662
0.517594
0.114938
0.0312533
0.361943
0.126021
0.351521
0.0968432
0.662
0.662
0.662
0.0925845
0.145542
0.465998
0.158585
0.247836
0.662
0.130923
0.150072
0.232806
0.662
0.0561744
0.37053
0.662
0.269481
0.662
0.662
0.0180835
0.662
0.662
0.662
0.0869491
0.662
0.299921
0.662
0.662
0.662
0.266654
0.580287
0.662
0.662
0.186515
0.246403
0.437561
0.170718
0.321423
0.590892
0.207585
0.00386557
0.598354
0.186591
0.662
0.629706
0.662
0.662
0.12511
0.109839
0.0359098
0.0705944
0.154121
0.662
0.328031
0.197451
0.444748
0.662
0.0862205
0.299027
0.162495
0.662
0.563705
0.662
0.662
0.662
0.662
0.662
0.662
0.329908
0.630354
0.662
0.0898171
0.111652
0.662
0.662
0.183535
0.181124
0.662
0.0700674
0.0664218
0.662
0.37729
0.662
0.662
0.662
0.662
0.152852
0.291358
0.385628
0.662
0.662
0.366091
0.112559
0.316583
0.150531
0.29014
0.554665
0.280625
0.662
0.662
0.0963807
0.241927
0.396894
0.662
0.662
0.537932
0.317563
0.315193
0.662
0.662
0.16002
0.465123
0.299207
0.400811
0.439137
0.662
0.197144
0.662
0.423372
0.2493
0.244002
0.354969
0.0953202
0.662
0.462081
0.662
0.662
0.662
0.396729
0.662
0.441392
0.662
0.231239
0.662
0.445049
0.212237
0.45288
0.455279
0.662
0.296714
0.662
0.329352
0.00298936
0.662
0.662
0.129853
0.45626
0.182988
0.191899
0.662
0.662
0.181669
0.662
0.31632
0.0309875
0.662
0.243279
0.421346
0.662
0.662
0.211937
0.0958377
0.0375744
0.214233
0.375619
0.230118
0.218973
0.662
0.304326
0.181749
0.0275928
0.476687
0.662
0.247647
0.662
0.662
0.590276
0.17229
0.662
0.662
0.662
0.662
0.634681
0.189063
0.256074
0.662
0.4721
0.193745
0.662
0.123837
0.662
0.300766
0.196391
0.662
0.662
0.0601341
0.662
0.662
0.0293792
0.304481
0.662
0.662
0.662
0.662
0.138738
0.400303
0.258062
0.662
0.662
0.210816
0.219027
0.0239094
0.662
0.206505
0.641101
0.662
0.662
0.0270931
0.662
0.243185
0.41097
0.262713
0.218885
0.0143498
0.291551
0.364321
0.662
0.284197
0.662
0.0743191
0.247608
0.20722
0.103047
0.412925
0.662
0.233662
0.379888
0.662
0.316764
0.242052
0.662
0.171629
0.662
0.436201
0.0987928
0.243223
0.264759
0.0878822
0.662
0.446631
0.264898
0.089528
0.269337
0.211373
0.603959
0.0660825
0.194811
0.662
0.213844
0.662
0.662
0.518205
0.143716
0.662
0.662
0.651331
0.136306
0.0983737
0.221728
0.145483
0.662
0.662
0.289741
0.42177
0.375558
0.350462
0.251396
0.662
0.221374
0.304694
0.379583
0.662
0.197898
0.300794
0.662
0.662
0.434811
0.316367
0.345227
0.662
0.443022
0.293717
0.662
0.662
0.637907
0.0457372
0.257288
0.121256
0.662
0.158535
0.662
0.662
0.662
0.292568
0.0880372
0.662
0.662
0.0272365
0.280111
0.27777
0.662
0.147329
0.155536
0.013974
0.173464
0.21281
0.39502
0.498168
0.146747
0.139233
0.585575
0.201955
0.463054
0.272279
0.34453
0.0419058
0.349062
0.272694
0.646092
0.200718
0.662
0.662
0.248025
0.27282
0.662
0.662
0.187202
0.662
0.662
0.197723
0.662
0.662
0.662
0.341866
0.121774
0.377198
0.662
0.662
0.662
0.208774
0.662
0.0983896
0.662
0.25699
0.662
0.0883817
0.61759
0.190666
0.662
0.662
0.448597
0.360639
0.189376
0.336604
0.315329
0.662
0.000943205
0.317304
0.0461581
0.202542
0.176379
0.662
0.246583
0.0459935
0.364879
0.0867736
0.15473
0.227186
0.1944
0.662
0.284446
0.652775
0.211805
0.120025
0.662
0.0191988
0.461065
0.460635
0.632284
0.223306
0.106149
0.307556
0.662
0.326832
0.102323
0.237458
0.637556
0.629809
0.662
0.380534
0.236132
0.662
0.662
0.197475
0.456495
0.662
0.436307
0.451825
0.448468
0.642044
0.662
0.164817
0.0384304
0.662
0.662
0.23435
0.0538303
0.246878
0.662
0.662
0.241456
0.662
0.662
0.366415
0.153777
0.267114
0.311412
0.662
0.662
0.58982
0.266354
0.662
0.170382
0.28345
0.274787
0.662
0.163901
0.662
0.0645737
0.662
0.123344
0.662
0.662
0.231533
0.0750176
0.47466
0.402374
0.239519
0.180346
0.41441
0.198462
0.662
0.148348
0.662
0.266367
0.332547
0.662
0.128085
0.662
0.662
0.247944
0.662
0.662
0.333662
0.31929
0.662
0.275328
0.662
0.329429
0.321386
0.662
0.278707
0.637502
0.342201
0.662
0.169929
0.0162668
0.662
0.244563
0.662
0.176102
0.362396
0.662
0.304806
0.135869
0.662
0.0212526
0.662
0.47228
0.287906
0.195691
0.570261
0.370303
0.237322
0.662
0.662
0.662
0.662
0.112878
0.662
0.321528
0.2914
0.662
0.53559
0.662
0.418608
0.519346
0.229007
0.662
0.264711
0.500331
0.266268
0.233145
0.134557
0.150141
0.662
0.0927515
0.41388
0.116512
0.543567
0.244058
0.662
0.313124
0.662
0.20633
0.207402
0.233096
0.662
0.197417
0.126504
0.358283
0.662
0.662
0.662
0.0444174
0.662
0.281633
0.241652
0.190663
0.662
0.662
0.662
0.662
0.662
0.193778
0.662
0.171821
0.233374
0.252743
0.0666439
0.337902
0.463251
0.461299
0.662
0.648565
0.255414
0.404667
0.450114
0.449029
0.336644
0.19726
0.662
0.276971
0.169726
0.346143
0.654346
0.235006
0.662
0.0240129
0.00890554
0.62458
0.0550745
0.0131542
0.0223662
0.187251
0.662
0.191663
0.662
0.366846
0.662
0.662
0.230392
0.200382
0.251646
0.662
0.662
0.424048
0.0396876
0.662
0.662
0.662
0.662
0.662
0.662
0.227617
0.105816
0.662
0.118081
0.250957
0.440707
0.567
0.320708
0.230209
0.437564
0.181911
0.146826
0.662
0.662
0.26514
0.446029
0.662
0.226992
0.466655
0.662
0.172839
0.0729762
0.662
0.662
0.072287
0.127839
0.119633
0.268704
0.662
0.444118
0.662
0.662
0.452379
0.662
0.662
0.517702
0.662
0.662
0.662
0.662
0.390787
0.107515
0.662
0.662
0.662
0.448578
0.415626
0.261585
0.662
0.365811
0.324675
0.662
0.211036
0.31556
0.662
0.662
0.662
0.309988
0.21698
0.297782
0.00211388
0.233677
0.0716694
0.111652
0.326687
0.308737
0.195225
0.31653
0.662
0.662
0.206145
0.290821
0.082359
0.198907
0.140413
0.33188
0.214036
0.629434
0.662
0.659044
0.472645
0.354644
0.284468
0.662
0.662
0.410677
0.201683
0.282958
0.662
0.662
0.662
0.108324
0.662
0.0253192
0.181411
0.45691
0.358993
0.662
0.413446
0.662
0.179037
0.662
0.662
0.662
0.662
0.662
0.662
0.168451
0.290821
0.662
0.140001
0.458267
0.247655
0.2131
0.662
0.0108571
0.284245
0.37079
0.181312
0.662
0.236771
0.137176
0.662
0.230402
0.662
0.662
0.0339779
0.58402
0.239046
0.492397
0.129268
0.459909
0.662
0.662
0.114457
0.11245
0.374612
0.662
0.335082
0.662
0.517706
0.316752
0.115448
0.486574
0.662
0.662
0.238781
0.662
0.662
0.662
0.302638
0.662
0.662
0.662
0.662
0.662
0.606133
0.0507345
0.662
0.662
0.662
0.548725
0.662
0.662
0.41131
0.0856989
0.662
0.430938
0.214989
0.442225
0.17041
0.662
0.0417065
0.662
0.422182
0.662
0.150257
0.590037
0.337563
0.297961
0.445654
0.662
0.662
0.0524071
0.126916
0.662
0.409867
0.543743
0.56368
0.308969
0.229713
0.340438
0.662
0.662
0.662
0.662
0.662
0.0422511
0.662
0.26619
0.0267776
0.662
0.379502
0.271194
0.293372
0.447828
0.361809
0.662
0.391352
0.662
0.375199
0.662
0.662
0.662
0.291848
0.140969
0.529317
0.662
0.662
0.108366
0.662
0.429298
0.266213
0.322697
0.662
0.249939
0.662
0.0611688
0.0294409
0.0875576
0.106274
0.662
0.175859
0.662
0.466716
0.172199
0.662
0.211992
0.25733
0.341262
0.273859
0.506029
0.662
0.344194
0.662
0.2682
0.109002
0.499615
0.302761
0.662
0.662
0.20479
0.266322
0.0505527
0.22932
0.19335
0.662
0.182459
0.342919
0.662
0.394984
0.316118
0.312985
0.662
0.290321
0.121057
0.662
0.573863
0.662
0.662
0.662
0.535148
0.662
0.662
0.0811086
0.499537
0.392827
0.662
0.662
0.662
0.662
0.143139
0.662
0.662
0.662
0.662
0.662
0.662
0.662
0.22423
0.391108
0.662
0.42194
0.187726
0.218608
0.335606
0.192457
0.402849
0.662
0.662
0.231939
0.0552996
0.320986
0.662
0.197354
0.460048
0.107123
0.386922
0.420776
0.291337
0.011395
0.207237
0.629706
0.378739
0.563805
0.112396
0.662
0.662
0.162308
0.662
0.662
0.662
0.662
0.662
0.331586
0.42763
0.662
0.234547
0.662
0.428877
0.662
0.439683
0.56747
0.0975364
0.100652
0.662
0.662
0.662
0.662
0.662
0.567387
0.472467
0.0792609
0.208838
0.662
0.381396
0.55195
0.431549
0.475789
0.662
0.662
0.662
0.662
0.662
0.549697
0.393766
0.207273
0.278026
0.590159
0.146921
0.276222
0.662
0.0785757
0.247723
0.431636
0.662
0.197519
0.535893
0.662
0.362982
0.524557
0.63339
0.662
0.662
0.662
0.662
0.662
0.168679
0.095371
0.662
0.662
0.662
0.372924
0.662
0.662
0.637936
0.412721
0.342902
0.444705
0.246782
0.395352
0.662
0.194693
0.390772
0.102335
0.165154
0.199844
0.662
0.415494
0.662
0.474924
0.662
0.272506
0.414169
0.185698
0.355143
0.582641
0.219521
0.0394328
0.662
0.0282381
0.662
0.071427
0.662
0.662
0.662
0.180774
0.377358
0.0318577
0.662
0.43581
0.162524
0.662
0.133715
0.315261
0.662
0.216477
0.234053
0.220488
0.662
0.662
0.197106
0.192546
0.662
0.662
0.662
0.0343228
0.0853662
0.463913
0.207156
0.45114
0.662
0.0448139
0.356672
0.02449
0.223181
0.322998
0.350833
0.407743
0.143313
0.662
0.400984
0.662
0.347597
0.662
0.662
0.290831
0.506784
0.662
0.0214278
0.662
0.107469
0.592976
0.186812
0.45125
0.662
0.188125
0.662
0.662
0.131202
0.302124
0.0232994
0.662
0.662
0.662
0.662
0.520091
0.112054
0.0478053
0.594565
0.292022
0.30457
0.393054
0.0893552
0.306643
0.662
0.454375
0.525085
0.662
0.662
0.184976
0.403421
0.460486
0.162526
0.662
0.662
0.29267
0.301482
0.231172
0.662
0.662
0.662
0.436339
0.181519
0.632783
0.662
0.662
0.192643
0.0567013
0.662
0.662
0.662
0.662
0.662
0.158202
0.192702
0.439498
0.662
0.662
0.542498
0.662
0.264559
0.0082537
0.662
0.662
0.229337
0.237995
0.662
0.461999
0.555854
0.662
0.406277
0.0878661
0.193097
0.21343
0.388939
0.662
0.662
0.407827
0.361466
0.29221
0.662
0.662
0.662
0.662
0.210677
0.662
0.208888
0.436461
0.470806
0.662
0.662
0.662
0.309266
0.243481
0.0685116
0.3679
0.662
0.526494
0.00475323
0.662
0.227082
0.662
0.359312
0.326931
0.462524
0.252905
0.240258
0.149481
0.45421
0.449984
0.662
0.221041
0.191349
0.0824301
0.274747
0.0599846
0.349005
0.340394
0.151631
0.0531847
0.662
0.662
0.662
0.662
0.662
0.662
0.299178
0.217134
0.662
0.662
0.662
0.662
0.43736
0.348421
0.662
0.271021
0.662
0.0852439
0.122705
0.314602
0.350921
0.662
0.575958
0.290919
0.662
0.662
0.237558
0.397171
0.456487
0.285236
0.662
0.0614277
0.015443
0.662
0.165631
0.153476
0.662
0.104781
0.245366
0.662
0.208072
0.662
0.662
0.662
0.662
0.376587
0.270859
0.0712144
0.662
0.457834
0.662
0.662
0.420296
0.188667
0.252448
0.662
0.361442
0.112581
0.662
0.662
0.662
0.0246733
0.662
0.569985
0.357414
0.368967
0.610427
0.285941
0.173332
0.662
0.257111
0.304422
0.662
0.241514
0.442875
0.662
0.206944
0.50095
0.213131
0.26294
0.0122733
0.486214
0.662
0.290454
0.103221
0.111188
0.359062
0.662
0.193672
0.0715762
0.662
0.222938
0.19842
0.662
0.662
0.662
0.0851518
0.244438
0.662
0.662
0.583234
0.154637
0.00797695
0.662
0.220772
0.239197
0.551521
0.232768
0.144408
0.662
0.662
0.662
0.317932
0.207768
0.434649
0.272296
0.265123
0.282201
0.662
0.0585297
0.25186
0.662
0.662
0.0729347
0.662
0.234381
0.253618
0.320092
0.449677
0.662
0.662
0.170584
0.0107853
0.662
0.0421645
0.182942
0.662
0.662
0.662
0.662
0.662
0.562867
0.196163
0.218258
0.662
0.188069
0.662
0.662
0.33091
0.662
0.662
0.323036
0.267725
0.380115
0.0647175
0.662
0.662
0.45198
0.662
0.0286309
0.345316
0.400559
0.357288
0.432421
0.662
0.320463
0.662
0.0833787
0.464985
0.662
0.168407
0.662
0.107795
0.662
0.662
0.662
0.662
0.662
0.662
0.662
0.449951
0.583531
0.409121
0.256509
0.662
0.662
0.278776
0.283544
0.662
0.139104
0.350718
0.662
0.34614
0.311578
0.430921
0.662
0.662
0.3378
0.185121
0.662
0.662
0.400157
0.662
0.662
0.662
0.662
0.36158
0.662
0.429927
0.662
0.189721
0.388407
0.662
0.662
0.336806
0.0299156
0.384629
0.662
0.520158
0.662
0.398809
0.299276
0.363079
0.662
0.254696
0.121433
0.662
0.662
0.214815
0.317462
0.662
0.662
0.407731
0.297715
0.662
0.446186
0.52452
0.662
0.662
0.479256
0.41111
0.31785
0.348345
0.34318
0.662
0.39762
0.022081
0.662
0.412021
0.201278
0.505744
0.302409
0.182086
0.577124
0.662
0.148755
0.662
0.193538
0.662
0.653006
0.236987
0.110021
0.396772
0.662
0.0786823
0.662
0.662
0.662
0.405375
0.662
0.192456
0.662
0.190351
0.662
0.430978
0.662
0.662
0.222655
0.41026
0.662
0.662
0.662
0.662
0.181867
0.0115712
0.608922
0.662
0.662
0.662
0.662
0.0102697
0.662
0.112404
0.662
0.122656
0.662
0.306771
0.0279243
0.291576
0.293132
0.650621
0.662
0.633391
0.662
0.20498
0.662
0.662
0.32823
0.662
0.236005
0.662
0.0841493
0.662
0.233536
0.662
0.163568
0.127192
0.519365
0.167643
0.0437182
0.662
0.313876
0.371021
0.662
0.368692
0.662
0.662
0.354928
0.229653
0.532603
0.214192
0.662
0.662
0.662
0.446488
0.0159777
0.662
0.662
0.120844
0.332215
0.662
0.662
0.60582
0.381424
0.00607626
0.662
0.662
0.662
0.21096
0.662
0.18678
0.0234179
0.662
0.662
0.0649861
0.662
0.342346
0.662
0.429941
0.471397
0.422698
0.662
0.265656
0.263742
0.123885
0.175653
0.662
0.139112
0.662
0.475014
0.662
0.662
0.450531
0.474307
0.662
0.5649
0.198721
0.213141
0.264895
0.662
0.123267
0.662
0.662
0.0718409
0.662
0.412483
0.662
0.662
0.662
0.556684
0.662
0.662
0.662
0.224636
0.280987
0.662
0.620814
0.662
0.126058
0.662
0.662
0.133304
0.662
0.224326
0.361451
0.340076
0.662
0.662
0.662
0.429553
0.0188274
0.434185
0.662
0.230292
0.470247
0.662
0.662
0.662
0.0303631
0.662
0.662
0.263026
0.441756
0.662
0.061487
0.224318
0.267835
0.588476
0.296985
0.207911
0.662
0.662
0.662
0.662
0.339855
0.201252
0.545509
0.662
0.0758393
0.259934
0.154339
0.362964
0.662
0.662
0.662
0.0802746
0.662
0.287476
0.662
0.0998331
0.327298
0.662
0.456569
0.0921486
0.662
0.222815
0.399276
0.662
0.645587
0.662
0.462637
0.662
0.662
0.662
0.488927
0.662
0.662
0.410844
0.160519
0.662
0.662
0.223239
0.0878628
0.442266
0.28577
0.662
0.662
0.253683
0.385802
0.662
0.421143
0.539116
0.0921829
0.565487
0.167317
0.359086
0.188315
0.627047
0.662
0.280517
0.0659663
0.573292
0.662
0.319263
0.629207
0.0246529
0.469364
0.662
0.402468
0.662
0.662
0.662
0.662
0.58195
0.186875
0.00124168
0.164598
0.662
0.662
0.304408
0.0700816
0.662
0.482192
0.662
0.303018
0.662
0.662
0.194935
0.233899
0.662
0.349287
0.193376
0.150398
0.662
0.231157
0.419405
0.0946769
0.358866
0.45413
0.662
0.150935
0.662
0.662
0.27082
0.662
0.488916
0.628306
0.662
0.662
0.662
0.131661
0.228183
0.662
0.662
0.662
0.618349
0.48074
0.662
0.662
0.662
0.662
0.662
0.662
0.152169
0.662
0.187065
0.300843
0.662
0.107478
0.662
0.662
0.662
0.154575
0.35503
0.662
0.662
0.315364
0.544479
0.662
0.662
0.662
0.329246
0.0724707
0.662
0.662
0.662
0.46094
0.0248273
0.662
0.308669
0.662
0.211054
0.240274
0.662
0.662
0.662
0.429677
0.171176
0.662
0.36234
0.662
0.662
0.343278
0.662
0.128079
0.662
0.126045
0.662
0.662
0.343364
0.265087
0.352515
0.662
0.662
0.662
0.584394
0.662
0.662
0.229979
0.164806
0.476779
0.662
0.134679
0.444189
0.283052
0.106418
0.0629599
0.275069
0.662
0.662
0.357407
0.662
0.662
0.226656
0.0481794
0.0544129
0.00644543
0.173992
0.0331633
0.246323
0.662
0.662
0.299251
0.0811378
0.159873
0.662
0.233844
0.206172
0.4142
0.420392
0.662
0.662
0.137342
0.662
0.662
0.220115
0.171287
0.435528
0.305968
0.566961
0.662
0.239642
0.293005
0.451431
0.186031
0.662
0.194355
0.662
0.401872
0.0339259
0.662
0.662
0.0846306
0.662
0.0993808
0.440652
0.37182
0.662
0.426916
0.266998
0.0927116
0.182378
0.118168
0.0698464
0.507395
0.662
0.662
0.0718637
0.429129
0.0213904
0.662
0.662
0.105635
0.58881
0.662
0.662
0.662
0.329235
0.462416
0.662
0.662
0.662
0.443564
0.353739
0.460768
0.662
0.0288625
0.439722
0.662
0.334817
0.662
0.161503
0.518794
0.55528
0.524518
0.0131731
0.662
0.248097
0.382598
0.662
0.176162
0.662
0.662
0.662
0.0890678
0.662
0.0504659
0.662
0.662
0.662
0.662
0.662
0.0691465
0.662
0.294419
0.102025
0.662
0.130053
0.662
0.108589
0.0577818
0.273641
0.662
0.0565014
0.662
0.662
0.288668
0.367696
0.662
0.662
0.662
0.4699
0.0592937
0.401366
0.310319
0.662
0.33064
0.211252
0.314133
0.662
0.196284
0.32527
0.488816
0.662
0.662
0.116662
0.497194
0.134229
0.397855
0.405747
0.662
0.286574
0.662
0.662
0.157648
0.456958
0.662
0.560644
0.312744
0.164124
0.662
0.591745
0.0382981
0.662
0.662
0.662
0.662
0.662
0.662
0.249063
0.22598
0.370463
0.662
0.662
0.662
0.600297
0.662
0.184879
0.414087
0.618772
0.0798757
0.662
0.589632
0.662
0.219096
0.0793904
0.662
0.662
0.662
0.0841848
0.662
0.0912516
0.662
0.662
0.662
0.662
0.24316
0.662
0.201281
0.458146
0.662
0.662
0.281593
0.662
0.259819
0.0540717
0.563453
0.395338
0.662
0.23368
0.19156
0.387627
0.354062
0.0413652
0.662
0.0105949
0.662
0.41225
0.390313
0.168708
0.662
0.338147
0.662
0.578383
0.235065
0.27529
0.24232
0.662
0.431752
0.662
0.662
0.370217
0.0887862
0.662
0.662
0.662
0.296874
0.662
0.478142
0.44215
0.307762
0.247699
0.0371837
0.662
0.230606
0.24659
0.300331
0.0374254
0.0606689
0.272441
0.662
0.200548
0.662
0.662
0.273193
0.160954
0.141679
0.662
0.435552
0.233662
0.219025
0.662
0.662
0.662
0.662
0.662
0.0508114
0.662
0.309078
0.407507
0.662
0.662
0.409229
0.428041
0.662
0.147633
0.533748
0.182658
0.429719
0.662
0.100213
0.419412
0.297287
0.662
0.662
0.662
0.222501
0.442955
0.662
0.152032
0.486191
0.469186
0.155672
0.0898573
0.464342
0.217031
0.662
0.408646
0.662
0.662
0.245146
0.2935
0.662
0.183203
0.274917
0.210886
0.431702
0.201647
0.662
0.662
0.162761
0.662
0.207741
0.416802
0.132015
0.126689
0.662
0.662
0.662
0.125503
0.49272
0.662
0.662
0.490103
0.0339518
0.314697
0.662
0.662
0.662
0.662
0.384757
0.516527
0.662
0.302325
0.662
0.662
0.295143
0.396624
0.296457
0.662
0.662
0.382832
0.662
0.662
0.47216
0.223094
0.662
0.0235517
0.238493
0.249969
0.662
0.662
0.11941
0.321333
0.662
0.662
0.662
0.372889
0.476461
0.333917
0.378916
0.233926
0.417986
0.35043
0.230364
0.433732
0.662
0.662
0.662
0.662
0.662
0.339734
0.134955
0.245912
0.662
0.662
0.188071
0.197449
0.364906
0.433264
0.662
0.662
0.532909
0.662
0.662
0.662
0.411564
0.662
0.344753
0.662
0.339117
0.377514
0.412676
0.159915
0.0119443
0.662
0.270101
0.662
0.662
0.662
0.411364
0.0689543
0.662
0.571207
0.662
0.662
0.662
0.662
0.273727
0.662
0.662
0.441852
0.250734
0.00517914
0.175095
0.662
0.662
0.161373
0.662
0.662
0.316122
0.662
0.662
0.662
0.459702
0.394765
0.362682
0.461111
0.662
0.0926877
0.662
0.252109
0.662
0.1956
0.0476646
0.662
0.662
0.323297
0.337287
0.0866538
0.304664
0.662
0.406444
0.662
0.592702
0.309719
0.662
0.370879
0.0395506
0.662
0.662
0.662
0.662
0.514576
0.662
0.346823
0.267147
0.662
0.132182
0.219455
0.662
0.118164
0.355308
0.166135
0.662
0.205976
0.662
0.278835
0.22494
0.662
0.662
0.485388
0.421861
0.190213
0.0436641
0.662
0.662
0.662
0.40526
0.435827
0.145126
0.188578
0.323244
0.0806788
0.097419
0.662
0.662
0.662
0.203808
0.427673
0.406577
0.662
0.662
0.0916431
0.112842
0.662
0.662
0.662
0.662
0.0994982
0.330685
0.200042
0.176576
0.314412
0.28224
0.662
0.347631
0.43366
0.409659
0.218551
0.195532
0.662
0.662
0.302945
0.662
0.120392
0.45962
0.662
0.093921
0.662
0.387791
0.0677047
0.662
0.547714
0.526413
0.662
0.124466
0.409974
0.27107
0.662
0.381035
0.189286
0.455888
0.662
0.198987
0.662
0.0483942
0.662
0.662
0.662
0.662
0.28695
0.448614
0.662
0.662
0.167263
0.121409
0.662
0.379561
0.662
0.018277
0.133305
0.215319
0.336693
0.204919
0.429436
0.626753
0.248771
0.135315
0.396968
0.662
0.662
0.595977
0.662
0.465448
0.378915
0.246308
0.662
0.26431
0.662
0.0246968
0.228738
0.662
0.472905
0.611337
0.430728
0.662
0.167255
0.311431
0.598393
0.662
0.662
0.528021
0.662
0.563854
0.662
0.610119
0.185112
0.582292
0.662
0.213955
0.662
0.0689326
0.0229145
0.662
0.662
0.662
0.542684
0.0787589
0.662
0.662
0.358788
0.11443
0.0784023
0.0547421
0.662
0.0237467
0.147154
0.662
0.662
0.662
0.0390596
0.662
0.662
0.110356
0.415328
0.115002
0.662
0.33973
0.483223
0.21507
0.40831
0.142255
0.16619
0.00382651
0.246648
0.662
0.474213
0.11625
0.361802
0.437242
0.170731
0.662
0.0837557
0.662
0.345222
0.662
0.380322
0.662
0.237106
0.235242
0.662
0.662
0.662
0.203915
0.662
0.662
0.0589623
0.257941
0.081756
0.483836
0.662
0.422723
0.0227874
0.643729
0.192232
0.662
0.330479
0.346947
0.662
0.378085
0.662
0.469743
0.327334
0.0485504
0.141179
0.000500532
0.308116
0.662
0.384484
0.576451
0.252474
0.0239507
0.662
0.662
0.319368
0.662
0.662
0.191053
0.437977
0.424334
0.119382
0.123014
0.662
0.0997678
0.202695
0.262932
0.662
0.250271
0.415369
0.378172
0.154981
0.428746
0.356323
0.662
0.662
0.158825
0.0735758
0.662
0.0838675
0.662
0.187491
0.662
0.24609
0.662
0.295099
0.261576
0.662
0.662
0.218785
0.118771
0.191588
0.10717
0.251312
0.461384
0.146691
0.575227
0.662
0.407569
0.0205724
0.201187
0.213048
0.362464
0.662
0.035528
0.0252105
0.662
0.428089
0.662
0.662
0.285089
0.662
0.662
0.339933
0.662
0.211953
0.470595
0.124723
0.402685
0.662
0.662
0.495167
0.242602
0.662
0.332307
0.138702
0.662
0.208601
0.190176
0.662
0.11187
0.0554771
0.662
0.662
0.662
0.357776
0.164932
0.24837
0.662
0.109248
0.216818
0.662
0.662
0.662
0.592599
0.118644
0.662
0.4699
0.662
0.146056
0.182336
0.050007
0.662
0.339731
0.662
0.191891
0.662
0.0738368
0.239653
0.0872316
0.209614
0.662
0.232963
0.662
0.0338997
0.662
0.287738
0.400663
0.234539
0.662
0.573754
0.370283
0.662
0.623713
0.325889
0.154977
0.662
0.353699
0.205257
0.662
0.178026
0.0663907
0.508506
0.0693585
0.385271
0.37951
0.377321
0.662
0.276252
0.251404
0.459205
0.454103
0.662
0.662
0.136128
0.397055
0.4809
0.108635
0.106672
0.662
0.662
0.295533
0.662
0.458404
0.662
0.391448
0.335005
0.143525
0.412734
0.662
0.420895
0.662
0.0322942
0.0951362
0.662
0.0265075
0.210031
0.662
0.470731
0.662
0.662
0.662
0.223635
0.662
0.106074
0.0674598
0.662
0.662
0.128698
0.662
0.662
0.0421807
0.112876
0.0564325
0.662
0.662
0.662
0.257733
0.359745
0.16927
0.662
0.0233083
0.462736
0.0764435
0.234795
0.10697
0.0992529
0.00553762
0.662
0.662
0.0109318
0.416711
0.357882
0.662
0.662
0.385777
0.662
0.246981
0.419335
0.662
0.662
0.239984
0.029601
0.152708
0.662
0.327447
0.662
0.380646
0.662
0.662
0.662
0.362575
0.662
0.169829
0.662
0.662
0.662
0.396862
0.449354
0.0910418
0.156092
0.377598
0.424068
0.662
0.385212
0.0324968
0.662
0.154473
0.258308
0.662
0.336
0.662
0.420912
0.169628
0.44871
0.316556
0.339746
0.184562
0.0740495
0.662
0.377539
0.155748
0.389156
0.662
0.662
0.052045
0.247876
0.259131
0.202479
0.194045
0.662
0.346362
0.113429
0.662
0.662
0.495807
0.662
0.662
0.319418
0.662
0.0790186
0.164053
0.662
0.662
0.662
0.458734
0.125836
0.308226
0.662
0.662
0.662
0.5296
0.315417
0.217264
0.662
0.662
0.424627
0.0470049
0.662
0.314944
0.380872
0.662
0.544303
0.101259
0.273391
0.662
0.308473
0.00599358
0.271387
0.662
0.341748
0.662
0.662
0.294752
0.311229
0.236896
0.264419
0.26
0.192052
0.662
0.662
0.201582
0.6072
0.451489
0.443977
0.397195
0.554995
0.196474
0.662
0.662
0.662
0.189297
0.344687
0.662
0.662
0.662
0.662
0.210736
0.662
0.546558
0.316692
0.396231
0.460228
0.662
0.662
0.0712627
0.245134
0.662
0.662
0.662
0.662
0.662
0.204693
0.511784
0.384983
0.127254
0.152434
0.488041
0.0348449
0.662
0.662
0.662
0.662
0.0681761
0.662
0.182568
0.141479
0.375977
0.460863
0.662
0.177106
0.477543
0.662
0.662
0.356047
0.410511
0.27919
0.44569
0.205538
0.662
0.662
0.280451
0.0685857
0.129159
0.104816
0.662
0.0740688
0.662
0.427657
0.354832
0.537242
0.327519
0.510271
0.662
0.243301
0.22925
0.662
0.662
0.662
0.0654327
0.662
0.252336
0.46444
0.333927
0.662
0.662
0.662
0.496817
0.202705
0.662
0.662
0.591732
0.662
0.179224
0.662
0.662
0.662
0.226191
0.662
0.662
0.662
0.308852
0.662
0.324898
0.126399
0.231309
0.433777
0.326646
0.0338297
0.0905702
0.662
0.0345532
0.288842
0.01324
0.130154
0.289957
0.530004
0.163949
0.662
0.131484
0.104311
0.157582
0.662
0.303163
0.662
0.368265
0.662
0.662
0.662
0.662
0.662
0.446907
0.154129
0.375943
0.281907
0.662
0.662
0.466087
0.565481
0.662
0.662
0.271358
0.662
0.193433
0.662
0.662
0.28333
0.662
0.618948
0.662
0.662
0.662
0.276051
0.0644478
0.39103
0.662
0.155233
0.662
0.662
0.197787
0.26445
0.662
0.662
0.497451
0.662
0.391187
0.662
0.316828
0.262403
0.463551
0.662
0.662
0.341812
0.523218
0.662
0.341943
0.662
0.662
0.20466
0.265017
0.295321
0.100419
0.172533
0.438649
0.662
0.662
0.0125634
0.662
0.662
0.662
0.662
0.114751
0.662
0.157862
0.662
0.440753
0.662
0.294271
0.388529
0.662
0.662
0.662
0.191856
0.419528
0.662
0.336181
0.662
0.405657
0.235791
0.391426
0.334788
0.662
0.662
0.05023
0.335693
0.320478
0.328286
0.410665
0.662
0.382584
0.00812392
0.662
0.662
0.297114
0.662
0.0408666
0.662
0.662
0.662
0.401424
0.257708
0.0384262
0.234947
0.662
0.662
0.662
0.170044
0.109481
0.24882
0.510768
0.662
0.662
0.662
0.662
0.637446
0.662
0.413015
0.415594
0.512016
0.662
0.27006
0.662
0.662
0.161732
0.662
0.310453
0.37724
0.1217
0.518839
0.301213
0.662
0.293258
0.662
0.417594
0.662
0.254353
0.502937
0.145075
0.662
0.521431
0.0851915
0.239871
0.231061
0.456768
0.662
0.296207
0.200213
0.449473
0.467147
0.384017
0.365824
0.168509
0.0106682
0.177013
0.441708
0.662
0.190687
0.662
0.662
0.662
0.662
0.662
0.542409
0.221132
0.0275883
0.662
0.662
0.342032
0.202449
0.194834
0.498702
0.232307
0.18608
0.662
0.263869
0.290422
0.281728
0.662
0.210749
0.371472
0.662
0.332205
0.662
0.174002
0.662
0.0166652
0.263755
0.662
0.0749461
0.422045
0.662
0.662
0.662
0.124945
0.662
0.662
0.229023
0.133724
0.662
0.484631
0.662
0.23307
0.662
0.119491
0.164165
0.662
0.662
0.528435
0.662
0.662
0.100653
0.486315
0.662
0.140526
0.277007
0.356346
0.662
0.662
0.240287
0.662
0.126302
0.662
0.125753
0.432648
0.662
0.662
0.327703
0.63924
0.436587
0.662
0.216805
0.662
0.0783036
0.204106
0.253957
0.288172
0.662
0.662
0.421701
0.364477
0.175728
0.0728229
0.434302
0.662
0.400261
0.398515
0.328974
0.453902
0.19712
0.197228
0.235743
0.662
0.554868
0.0385081
0.240891
0.662
0.410684
0.0106388
0.221961
0.276174
0.274033
0.662
0.292923
0.0942976
0.212569
0.662
0.255885
0.198772
0.0332365
0.330575
0.0141168
0.662
0.0375868
0.27597
0.662
0.662
0.285158
0.662
0.11194
0.288018
0.662
0.662
0.662
0.413066
0.251021
0.662
0.155946
0.436243
0.276463
0.662
0.55958
0.662
0.233079
0.0366758
0.378812
0.440527
0.408398
0.662
0.662
0.662
0.211054
0.0738344
0.662
0.662
0.662
0.662
0.0519756
0.228735
0.364495
0.0989678
0.216346
0.384255
0.662
0.365482
0.288189
0.371867
0.662
0.662
0.166791
0.381536
0.662
0.359825
0.662
0.253685
0.662
0.430994
0.662
0.281676
0.24861
0.263886
0.662
0.445082
0.213762
0.444891
0.659173
0.662
0.191432
0.270341
0.219645
0.662
0.111279
0.0262647
0.662
0.273436
0.239715
0.662
0.662
0.176195
0.662
0.49739
0.281159
0.662
0.662
0.662
0.136514
0.662
0.321526
0.151971
0.433239
0.662
0.351543
0.460317
0.662
0.662
0.662
0.138953
0.662
0.262728
0.662
0.268761
0.662
0.662
0.662
0.396308
0.563887
0.399996
0.662
0.662
0.185327
0.246543
0.433374
0.662
0.23853
0.662
0.662
0.201387
0.662
0.390642
0.662
0.206915
0.662
0.466383
0.281674
0.662
0.470333
0.662
0.174372
0.662
0.425752
0.272407
0.662
0.105194
0.201363
0.662
0.290305
0.0115444
0.414087
0.301856
0.662
0.662
0.201146
0.662
0.662
0.427416
0.662
0.399681
0.469984
0.254921
0.662
0.384301
0.0503268
0.662
0.662
0.662
0.662
0.194447
0.662
0.132376
0.326752
0.475438
0.124533
0.410792
0.36831
0.27099
0.662
0.62444
0.662
0.21874
0.546976
0.662
0.662
0.662
0.186426
0.662
0.233713
0.662
0.561524
0.662
0.662
0.0365125
0.410007
0.662
0.207787
0.662
0.662
0.00700921
0.418069
0.662
0.662
0.0607207
0.662
0.0565401
0.177041
0.662
0.662
0.230532
0.458345
0.41165
0.128047
0.662
0.662
0.662
0.46544
0.662
0.131777
0.662
0.336667
0.662
0.662
0.126816
0.662
0.401377
0.342725
0.242586
0.662
0.662
0.103547
0.149814
0.0193556
0.662
0.662
0.203283
0.215211
0.662
0.259103
0.213248
0.662
0.15854
0.376069
0.206853
0.662
0.662
0.662
0.662
0.662
0.37273
0.25768
0.662
0.179176
0.48766
0.662
0.2425
0.33916
0.366813
0.0816346
0.29454
0.0655837
0.662
0.241385
0.662
0.335044
0.097189
0.662
0.463339
0.20538
0.662
0.662
0.330833
0.426771
0.662
0.662
0.662
0.506738
0.0504862
0.209751
0.662
0.327061
0.662
0.0182478
0.662
0.151129
0.662
0.662
0.662
0.662
0.662
0.662
0.195538
0.553192
0.662
0.662
0.412416
0.662
0.494785
0.463468
0.662
0.662
0.0494841
0.0128266
0.662
0.662
0.147135
0.662
0.16746
0.324733
0.662
0.662
0.662
0.295349
0.662
0.662
0.00860471
0.208288
0.514903
0.662
0.184865
0.207921
0.46996
0.123131
0.662
0.662
0.416781
0.393457
0.090463
0.662
0.662
0.662
0.662
0.222651
0.214132
0.62991
0.662
0.43502
0.285593
0.424699
0.662
0.455411
0.662
0.662
0.662
0.662
0.662
0.23084
0.662
0.39557
0.662
0.296932
0.625625
0.21103
0.434294
0.0828606
0.662
0.329184
0.662
0.311975
0.662
0.334018
0.321342
0.0373222
0.662
0.662
0.662
0.662
0.662
0.441696
0.305219
0.119497
0.188151
0.358433
0.662
0.183616
0.662
0.662
0.256587
0.386453
0.314494
0.2107
0.227714
0.219171
0.287709
0.237974
0.662
0.202502
0.198588
0.382013
0.329995
0.295737
0.100415
0.341923
0.662
0.662
0.0350546
0.131462
0.0971896
0.272898
0.180712
0.662
0.592847
0.296562
0.343537
0.662
0.662
0.662
0.469067
0.662
0.534811
0.480247
0.564077
0.662
0.185975
0.212695
0.324498
0.205927
0.662
0.662
0.662
0.662
0.662
0.21043
0.124014
0.380154
0.662
0.662
0.662
0.164966
0.148757
0.662
0.662
0.0679766
0.202312
0.662
0.662
0.662
0.351909
0.24903
0.662
0.283899
0.187787
0.662
0.20759
0.298403
0.467873
0.662
0.236511
0.411515
0.032701
0.222776
0.662
0.189815
0.662
0.662
0.662
0.392941
0.121086
0.0930324
0.662
0.000408086
0.103193
0.662
0.662
0.328894
0.662
0.173688
0.662
0.150602
0.454726
0.580772
0.199186
0.662
0.662
0.662
0.38896
0.425678
0.662
0.252335
0.662
0.575705
0.286925
0.188083
0.255434
0.662
0.321494
0.662
0.662
0.662
0.516762
0.662
0.243191
0.478123
0.0663295
0.654237
0.235713
0.662
0.662
0.662
0.191891
0.662
0.105636
0.662
0.407428
0.662
0.16977
0.281496
0.198585
0.0634018
0.662
0.662
0.371615
0.0780592
0.199948
0.247756
0.662
0.617792
0.598292
0.662
0.662
0.662
0.662
0.662
0.471109
0.115252
0.662
0.662
0.662
0.297207
0.633694
0.258728
0.662
0.662
0.175623
0.438512
0.662
0.662
0.662
0.161577
0.137074
0.0528898
0.662
0.433758
0.386541
0.134138
0.662
0.237371
0.101718
0.203906
0.662
0.662
0.0112225
0.662
0.662
0.237413
0.662
0.216635
0.662
0.271151
0.467806
0.347828
0.274602
0.662
0.662
0.446204
0.203083
0.109078
0.143372
0.213022
0.365801
0.0117115
0.662
0.281203
0.365409
0.313675
0.104907
0.270276
0.232148
0.25024
0.393535
0.662
0.123011
0.662
0.464191
0.537594
0.662
0.252253
0.662
0.662
0.662
0.475225
0.662
0.00645237
0.375082
0.0604126
0.207227
0.196131
0.215545
0.662
0.120808
0.662
0.662
0.293681
0.662
0.662
0.336667
0.405445
0.305632
0.662
0.272243
0.230692
0.260093
0.271801
0.255059
0.662
0.031604
0.662
0.662
0.31977
0.216766
0.288994
0.348459
0.662
0.224784
0.237443
0.239811
0.478981
0.32281
0.662
0.662
0.105793
0.308188
0.205894
0.269316
0.246167
0.173259
0.357686
0.662
0.177381
0.420326
0.662
0.0812398
0.662
0.662
0.662
0.0838791
0.662
0.662
0.662
0.335638
0.289512
0.662
0.662
0.234854
0.178872
0.662
0.169239
0.349671
0.354862
0.662
0.662
0.662
0.225936
0.662
0.476741
0.0846162
0.0737222
0.567399
0.377068
0.221905
0.150358
0.662
0.0994189
0.662
0.125231
0.342137
0.153277
0.0487859
0.155264
0.619054
0.662
0.204385
0.662
0.153718
0.662
0.26435
0.414227
0.457203
0.662
0.197593
0.662
0.662
0.151196
0.211797
0.0184228
0.211312
0.273229
0.662
0.656228
0.511741
0.206935
0.662
0.662
0.662
0.422991
0.238602
0.662
0.662
0.216934
0.138804
0.662
0.332891
0.410273
0.380539
0.517572
0.641733
0.174012
0.252976
0.495938
0.454968
0.662
0.495483
0.114716
0.16256
0.662
0.445126
0.662
0.274194
0.662
0.214413
0.635592
0.122745
0.662
0.662
0.662
0.441998
0.0754874
0.662
0.325952
0.662
0.0539779
0.662
0.399369
0.563125
0.175638
0.0897331
0.209411
0.296124
0.380049
0.662
0.205033
0.204717
0.457529
0.662
0.662
0.193908
0.246156
0.662
0.319924
0.00738059
0.662
0.249977
0.151689
0.247189
0.277858
0.316121
0.438675
0.661072
0.491877
0.662
0.376293
0.01616
0.196131
0.662
0.229369
0.612295
0.328893
0.662
0.293379
0.662
0.179796
0.662
0.251791
0.662
0.662
0.662
0.662
0.243192
0.429368
0.662
0.662
0.662
0.015339
0.463066
0.662
0.327246
0.662
0.662
0.662
0.107778
0.365727
0.117405
0.662
0.662
0.662
0.269795
0.662
0.632823
0.662
0.346779
0.359492
0.662
0.261407
0.5675
0.662
0.662
0.275269
0.225451
0.662
0.662
0.662
0.662
0.446835
0.662
0.640306
0.276714
0.662
0.0263214
0.30048
0.662
0.662
0.137895
0.171958
0.217742
0.301193
0.36171
0.4585
0.474833
0.456213
0.329862
0.662
0.662
0.342842
0.662
0.662
0.234895
0.23727
0.298548
0.270015
0.48609
0.269116
0.281172
0.327949
0.662
0.662
0.548792
0.47737
0.0449503
0.662
0.329762
0.0550906
0.662
0.662
0.662
0.399191
0.662
0.327633
0.121023
0.246177
0.662
0.662
0.662
0.476832
0.298548
0.366865
0.324889
0.629532
0.433062
0.662
0.246765
0.401955
0.6324
0.662
0.662
0.188734
0.108406
0.120251
0.416487
0.662
0.0101295
0.662
0.662
0.662
0.0311808
0.506647
0.204923
0.312645
0.662
0.662
0.662
0.662
0.662
0.662
0.662
0.0862767
0.662
0.00772432
0.662
0.211921
0.662
0.662
0.188872
0.338623
0.662
0.662
0.460378
0.662
0.662
0.662
0.165843
0.662
0.662
0.173886
0.221025
0.136775
0.662
0.41181
0.35397
0.406001
0.272204
0.662
0.662
0.662
0.407905
0.0177998
0.662
0.291634
0.135071
0.662
0.16045
0.0638042
0.371802
0.662
0.232365
0.662
0.662
0.155054
0.254905
0.662
0.662
0.662
0.0666812
0.662
0.0931346
0.662
0.662
0.396403
0.118397
0.662
0.662
0.662
0.662
0.49179
0.0481782
0.4616
0.662
0.0659039
0.186541
0.662
0.21187
0.662
0.44337
0.472702
0.289557
0.662
0.662
0.64566
0.662
0.662
0.662
0.662
0.455146
0.662
0.269573
0.213257
0.662
0.321117
0.662
0.599452
0.445881
0.089601
0.340125
0.228784
0.29729
0.662
0.662
0.662
0.662
0.662
0.337197
0.662
0.178988
0.662
0.256541
0.0222396
0.662
0.222385
0.196165
0.662
0.345355
0.23287
0.316616
0.0795436
0.662
0.200613
0.662
0.20546
0.662
0.171059
0.327369
0.491122
0.249684
0.204987
0.662
0.662
0.662
0.0894151
0.662
0.0990275
0.140048
0.662
0.38238
0.103514
0.662
0.281334
0.662
0.662
0.662
0.317402
0.662
0.662
0.205442
0.662
0.16636
0.349199
0.304066
0.250625
0.300253
0.662
0.662
0.335973
0.0449381
0.184958
0.662
0.662
0.662
0.662
0.447452
0.662
0.309565
0.458647
0.0723319
0.359066
0.236344
0.297778
0.55155
0.435971
0.259657
0.662
0.662
0.0591773
0.383536
0.195419
0.518807
0.451214
0.662
0.231666
0.245025
0.662
0.231168
0.356358
0.407739
0.662
0.178623
0.229374
0.261422
0.662
0.430782
0.394468
0.336441
0.142957
0.36695
0.662
0.662
0.0146131
0.391443
0.662
0.349304
0.0139995
0.184877
0.465492
0.662
0.318745
0.377874
0.662
0.662
0.662
0.0136785
0.104156
0.662
0.656767
0.428417
0.662
0.492269
0.237636
0.164647
0.662
0.662
0.662
0.662
0.662
0.266013
0.662
0.112814
0.662
0.290997
0.662
0.662
0.662
0.662
0.536351
0.354469
0.0537494
0.662
0.316159
0.193895
0.434135
0.662
0.203279
0.223795
0.281459
0.312436
0.401393
0.0701106
0.340056
0.306853
0.662
0.15722
0.662
0.100963
0.662
0.268507
0.435626
0.662
0.662
0.662
0.662
0.302708
0.0765857
0.662
0.235003
0.529607
0.19906
0.662
0.147274
0.334401
0.335856
0.29322
0.409545
0.662
0.662
0.066228
0.467258
0.216592
0.550436
0.662
0.202978
0.662
0.137565
0.662
0.662
0.662
0.163888
0.159066
0.106064
0.662
0.662
0.0330497
0.662
0.245266
0.455291
0.662
0.662
0.218362
0.279635
0.291234
0.342926
0.212652
0.662
0.481762
0.0487324
0.20104
0.662
0.662
0.309451
0.662
0.390988
0.662
0.662
0.474936
0.662
0.501568
0.224684
0.229448
0.00947101
0.283351
0.103115
0.662
0.00609434
0.297653
0.261931
0.662
0.662
0.662
0.662
0.662
0.662
0.662
0.224552
0.265529
0.235225
0.662
0.130266
0.662
0.662
0.662
0.209916
0.0988585
0.292436
0.154174
0.0976254
0.662
0.00786839
0.662
0.228467
0.330092
0.387571
0.662
0.662
0.662
0.662
0.662
0.132515
0.362277
0.662
0.662
0.662
0.65498
0.438385
0.0520249
0.662
0.539041
0.187198
0.3975
0.314154
0.662
0.242071
0.662
0.662
0.409309
0.662
0.289324
0.401243
0.117458
0.289595
0.662
0.130956
0.0824338
0.452114
0.662
0.662
0.0166002
0.274304
0.439862
0.00877625
0.342865
0.373724
0.226924
0.0796979
0.30595
0.662
0.171395
0.662
0.0402149
0.662
0.199205
0.662
0.662
0.39311
0.662
0.00433042
0.662
0.662
0.662
0.317118
0.662
0.26476
0.414593
0.662
0.164903
0.415282
0.662
0.662
0.662
0.111652
0.662
0.662
0.36233
0.324249
0.273414
0.335324
0.662
0.662
0.179666
0.662
0.662
0.222996
0.197623
0.662
0.402669
0.545561
0.662
0.662
0.203528
0.487452
0.141469
0.662
0.305138
0.662
0.662
0.0592354
0.143852
0.290125
0.662
0.662
0.662
0.0403936
0.484516
0.261146
0.662
0.662
0.274361
0.183319
0.662
0.662
0.270558
0.147769
0.187889
0.662
0.170819
0.18841
0.662
0.662
0.336951
0.371798
0.307414
0.662
0.662
0.662
0.662
0.456722
0.315553
0.415523
0.64198
0.275668
0.662
0.662
0.662
0.0476235
0.128299
0.662
0.347778
0.662
0.116297
0.355988
0.0437467
0.128421
0.662
0.225272
0.448321
0.662
0.662
0.278835
0.662
0.662
0.662
0.662
0.443486
0.662
0.662
0.662
0.140491
0.662
0.662
0.184751
0.375507
0.577569
0.183061
0.662
0.212218
0.0237908
0.539241
0.662
0.118452
0.662
0.591904
0.322164
0.381847
0.22325
0.662
0.662
0.662
0.114269
0.0954572
0.662
0.662
0.242637
0.0752106
0.231973
0.15718
0.0169962
0.662
0.662
0.290214
0.662
0.564992
0.374883
0.11058
0.10523
0.662
0.258667
0.583672
0.338551
0.662
0.324302
0.259307
0.397413
0.662
0.222567
0.360856
0.328357
0.662
0.662
0.662
0.149662
0.662
0.154327
0.662
0.293936
0.662
0.265753
0.662
0.617894
0.662
0.431247
0.0672926
0.402165
0.662
0.312766
0.662
0.375766
0.662
0.0243645
0.0231289
0.0295935
0.662
0.262905
0.662
0.342639
0.0655238
0.283677
0.662
0.106204
0.662
0.411781
0.662
0.662
0.662
0.351969
0.662
0.662
0.0341637
0.662
0.662
0.222793
0.662
0.662
0.662
0.662
0.23352
0.662
0.662
0.256942
0.0921328
0.255583
0.157347
0.662
0.495432
0.468911
0.449661
0.662
0.260264
0.448219
0.327519
0.662
0.662
0.290607
0.225728
0.0121773
0.662
0.112297
0.123421
0.471081
0.662
0.14048
0.662
0.0708627
0.662
0.130991
0.490141
0.662
0.662
0.350804
0.313
0.191141
0.662
0.542168
0.414816
0.219466
0.307316
0.662
0.101739
0.662
0.067788
0.256425
0.369312
0.174951
0.662
0.461512
0.662
0.441204
0.489341
0.392335
0.207578
0.662
0.662
0.286022
0.662
0.662
0.313121
0.576911
0.141068
0.662
0.286474
0.534651
0.358586
0.474954
0.506649
0.315278
0.255088
0.176142
0.662
0.662
0.662
0.662
0.21584
0.360386
0.540483
0.662
0.115665
0.662
0.391879
0.662
0.454488
0.224612
0.662
0.0463983
0.115863
0.321595
0.662
0.321498
0.356919
0.662
0.0655443
0.321467
0.662
0.164161
0.662
0.196803
0.37004
0.662
0.462272
0.662
0.662
0.662
0.062526
0.195082
0.662
0.263294
0.254765
0.432306
0.662
0.420726
0.381621
0.145212
0.257331
0.402938
0.159504
0.662
0.662
0.662
0.353145
0.662
0.662
0.477342
0.485881
0.364681
0.325694
0.193565
0.662
0.662
0.23165
0.304031
0.662
0.0268855
0.662
0.180273
0.158181
0.201246
0.662
0.662
0.129588
0.294882
0.228345
0.662
0.322992
0.47458
0.199954
0.293385
0.662
0.222959
0.662
0.662
0.662
0.171533
0.471595
0.13774
0.0575539
0.216505
0.662
0.270646
0.441204
0.379358
0.662
0.324552
0.104671
0.403133
0.662
0.113344
0.0203846
0.388052
0.662
0.199361
0.662
0.541956
0.301598
0.184368
0.362331
0.662
0.617733
0.110746
0.662
0.662
0.376351
0.662
0.662
0.373615
0.377232
0.135696
0.414262
0.662
0.662
0.662
0.185047
0.421595
0.0921911
0.476437
0.090684
0.662
0.662
0.662
0.290982
0.662
0.662
0.132092
0.58389
0.662
0.662
0.662
0.662
0.662
0.339912
0.188213
0.662
0.342626
0.662
0.0178836
0.662
0.126741
0.662
0.159908
0.662
0.191765
0.406493
0.285611
0.368203
0.225719
0.550407
0.275195
0.662
0.142731
0.662
0.014503
0.662
0.365968
0.662
0.662
0.208724
0.662
0.662
0.416848
0.662
0.198217
0.662
0.465147
0.436572
0.662
0.662
0.40513
0.359491
0.662
0.662
0.321728
0.447951
0.203376
0.351482
0.511537
0.661112
0.0371981
0.662
0.662
0.205233
0.662
0.409558
0.662
0.662
0.379481
0.47456
0.0197387
0.662
0.662
0.466106
0.360152
0.277385
0.662
0.662
0.0965665
0.344484
0.157991
0.285665
0.398773
0.662
0.526199
0.573849
0.662
0.205019
0.662
0.171013
0.662
0.662
0.662
0.0860775
0.662
0.469775
0.662
0.662
0.262001
0.662
0.662
0.42268
0.148531
0.071521
0.167818
0.327712
0.334315
0.353449
0.662
0.00757838
0.398867
0.662
0.239186
0.662
0.662
0.662
0.566503
0.662
0.662
0.662
0.426164
0.209153
0.385033
0.0872613
0.662
0.174547
0.627447
0.662
0.157069
0.304869
0.662
0.662
0.662
0.268483
0.0999944
0.662
0.662
0.662
0.0729624
0.343257
0.21653
0.662
0.662
0.662
0.662
0.304669
0.363471
0.489131
0.662
0.20761
0.662
0.23713
0.662
0.223034
0.504183
0.209968
0.662
0.496241
0.253427
0.211127
0.0648226
0.174978
0.245737
0.281569
0.500852
0.0315933
0.367962
0.662
0.662
0.662
0.398371
0.224992
0.300791
0.662
0.414864
0.426755
0.662
0.332184
0.139161
0.0817104
0.14128
0.188801
0.459407
0.125215
0.280424
0.421006
0.44324
0.662
0.662
0.662
0.210052
0.199962
0.0863587
0.272649
0.662
0.17761
0.516482
0.292324
0.662
0.662
0.257251
0.662
0.216862
0.662
0.388206
0.627702
0.315667
0.0118561
0.662
0.662
0.662
0.196473
0.662
0.662
0.115198
0.662
0.0805591
0.0119501
0.662
0.662
0.662
0.577716
0.0954307
0.46482
0.662
0.221666
0.185037
0.662
0.662
0.552759
0.304232
0.662
0.388378
0.662
0.662
0.202904
0.0484248
0.333093
0.131498
0.662
0.621208
0.662
0.662
0.218976
0.662
0.27858
0.321541
0.488101
0.101468
0.542877
0.281757
0.662
0.662
0.415718
0.662
0.662
0.662
0.662
0.662
0.662
0.290905
0.662
0.248664
0.343232
0.662
0.0534024
0.359273
0.472131
0.245194
0.662
0.662
0.448829
0.497098
0.262891
0.340442
0.276774
0.362325
0.662
0.662
0.479644
0.122941
0.30406
0.662
0.662
0.662
0.662
0.662
0.188232
0.0118872
0.662
0.662
0.336589
0.465213
0.662
0.198149
0.662
0.0358119
0.238327
0.662
0.0472872
0.662
0.662
0.198119
0.165277
0.0435675
0.0330955
0.239306
0.662
0.662
0.662
0.662
0.209023
0.192251
0.324413
0.0972463
0.0221005
0.662
0.662
0.381093
0.187072
0.353384
0.422931
0.662
0.662
0.248326
0.155303
0.391631
0.662
0.662
0.477027
0.203722
0.662
0.0548577
0.375525
0.465943
0.662
0.662
0.460476
0.662
0.662
0.662
0.194817
0.662
0.290932
0.475275
0.287192
0.662
0.134685
0.662
0.205664
0.662
0.312924
0.662
0.662
0.178877
0.662
0.130092
0.161153
0.333089
0.662
0.416588
0.662
0.662
0.192354
0.0447497
0.228413
0.662
0.662
0.307085
0.180428
0.662
0.662
0.278947
0.662
0.662
0.0268073
0.662
0.662
0.662
0.474884
0.662
0.662
0.662
0.662
0.194379
0.0946122
0.296886
0.0319513
0.383345
0.282241
0.373013
0.662
0.662
0.662
0.201727
0.662
0.662
0.662
0.151638
0.203299
0.631216
0.0903945
0.0233468
0.247486
0.376333
0.662
0.231731
0.662
0.662
0.662
0.662
0.189034
0.452685
0.403135
0.662
0.465188
0.0483214
0.237303
0.662
0.662
0.268223
0.426652
0.662
0.662
0.662
0.112461
0.26781
0.49507
0.662
0.662
0.662
0.340858
0.523195
0.662
0.637329
0.662
0.218225
0.0487814
0.541148
0.151647
0.249384
0.662
0.291863
0.235517
0.662
0.202362
0.383999
0.662
0.662
0.197205
0.141368
0.257373
0.133143
0.662
0.662
0.662
0.420243
0.212309
0.34973
0.204425
0.662
0.662
0.468691
0.421209
0.662
0.662
0.468633
0.662
0.383186
0.00824612
0.401905
0.662
0.662
0.662
0.662
0.25408
0.662
0.253604
0.662
0.24283
0.662
0.299305
0.289636
0.662
0.662
0.276617
0.626399
0.243981
0.660104
0.595612
0.662
0.204631
0.475698
0.101924
0.662
0.662
0.344745
0.6585
0.45703
0.197202
0.662
0.662
0.662
0.213878
0.662
0.238231
0.380127
0.299303
0.52398
0.662
0.0325661
0.153267
0.238212
0.248083
0.0242181
0.662
0.15714
0.24711
0.389974
0.572283
0.662
0.643205
0.0856084
0.662
0.0179496
0.662
0.244101
0.662
0.662
0.205542
0.60415
0.662
0.662
0.355445
0.240997
0.186045
0.662
0.0914508
0.0956089
0.662
0.156676
0.662
0.251034
0.394365
0.662
0.662
0.662
0.41503
0.662
0.483164
0.391528
0.662
0.662
0.193218
0.662
0.196888
0.426826
0.253951
0.15258
0.662
0.662
0.662
0.662
0.178758
0.222665
0.662
0.662
0.662
0.662
0.103342
0.662
0.0508988
0.242426
0.662
0.662
0.662
0.106655
0.653709
0.662
0.662
0.451626
0.568096
0.388197
0.662
0.252832
0.119635
0.205766
0.662
0.259842
0.461764
0.662
0.256914
0.662
0.662
0.375707
0.207396
0.367664
0.662
0.482864
0.662
0.224794
0.662
0.662
0.662
0.62543
0.65817
0.662
0.404373
0.0581004
0.146108
0.662
0.662
0.662
0.459254
0.259177
0.436592
0.662
0.347598
0.170327
0.0923369
0.0861636
0.662
0.358261
0.662
0.662
0.662
0.662
0.496256
0.662
0.662
0.662
0.115066
0.174995
0.471008
0.662
0.393332
0.34022
0.662
0.662
0.662
0.662
0.662
0.662
0.36997
0.662
0.662
0.411628
0.662
0.454563
0.662
0.46056
0.4245
0.143523
0.662
0.100462
0.366705
0.662
0.662
0.379909
0.662
0.662
0.369653
0.419138
0.662
0.421094
0.662
0.0434007
0.662
0.247796
0.662
0.382659
0.312006
0.14319
0.233041
0.286862
0.130147
0.217315
0.281463
0.662
0.252817
0.546947
0.596094
0.311958
0.662
0.216569
0.0763314
0.567933
0.186361
0.560258
0.2199
0.550307
0.662
0.191406
0.424603
0.204773
0.233005
0.64505
0.662
0.662
0.102654
0.662
0.662
0.662
0.662
0.528542
0.218105
0.662
0.0857294
0.662
0.662
0.563677
0.235009
0.662
0.104964
0.662
0.208386
0.242829
0.649883
0.270442
0.662
0.265093
0.662
0.662
0.317974
0.434412
0.662
0.662
0.570139
0.0960361
0.662
0.662
0.321848
0.170138
0.225855
0.213078
0.350875
0.662
0.662
0.249978
0.4565
0.662
0.396394
0.662
0.350743
0.250205
0.609932
0.662
0.159659
0.662
0.662
0.662
0.408754
0.144162
0.480097
0.662
0.292882
0.662
0.662
0.461813
0.662
0.26741
0.596216
0.662
0.662
0.662
0.662
0.662
0.218168
0.662
0.662
0.357828
0.150295
0.490978
0.662
0.516052
0.662
0.288521
0.202627
0.662
0.417978
0.34487
0.187952
0.662
0.468769
0.411756
0.662
0.662
0.364128
0.662
0.662
0.174145
0.662
0.662
0.393599
0.451472
0.662
0.427263
0.662
0.662
0.552207
0.220569
0.325942
0.336172
0.662
0.662
0.662
0.183343
0.662
0.284294
0.607743
0.662
0.662
0.662
0.363285
0.662
0.354878
0.191515
0.386205
0.327669
0.662
0.662
0.0483939
0.662
0.662
0.109558
0.195716
0.232804
0.662
0.430824
0.400897
0.662
0.662
0.662
0.662
0.351707
0.38593
0.0487865
0.389783
0.662
0.175336
0.332997
0.187149
0.662
0.662
0.0301007
0.539048
0.393046
0.469717
0.348834
0.261106
0.60053
0.662
0.662
0.330462
0.0844302
0.506629
0.662
0.662
0.210255
0.633694
0.279821
0.662
0.263029
0.662
0.662
0.294825
0.480769
0.40994
0.662
0.662
0.216014
0.662
0.279134
0.662
0.537729
0.250167
0.662
0.2162
0.562267
0.231968
0.662
0.662
0.120104
0.425405
0.662
0.316398
0.179841
0.193762
0.3648
0.662
0.374564
0.187713
0.0457009
0.0621038
0.29761
0.0740512
0.662
0.383842
0.662
0.662
0.662
0.662
0.662
0.131485
0.662
0.32421
0.451304
0.225294
0.590507
0.335721
0.0706104
0.205851
0.263828
0.251426
0.22434
0.172521
0.313029
0.662
0.662
0.662
0.662
0.25255
0.662
0.351919
0.24849
0.149089
0.257403
0.222741
0.662
0.135723
0.567841
0.451796
0.662
0.149642
0.366603
0.639501
0.344702
0.662
0.662
0.267793
0.662
0.398466
0.120769
0.298922
0.253807
0.662
0.662
0.448941
0.662
0.662
0.402221
0.222567
0.662
0.662
0.130853
0.273034
0.488475
0.662
0.192024
0.15981
0.662
0.132553
0.29308
0.100268
0.662
0.170728
0.413728
0.354537
0.662
0.00974962
0.133671
0.662
0.662
0.662
0.099838
0.418714
0.126729
0.213584
0.0312662
0.409981
0.662
0.138446
0.246195
0.626101
0.223149
0.662
0.662
0.442625
0.142014
0.443092
0.173476
0.0770077
0.308083
0.662
0.477672
0.662
0.662
0.424817
0.662
0.352047
0.662
0.662
0.186134
0.215865
0.619362
0.662
0.384948
0.475772
0.551125
0.15565
0.662
0.662
0.437493
0.662
0.662
0.473852
0.219223
0.250467
0.430732
0.198381
0.16507
0.182246
0.210095
0.202299
0.662
0.662
0.662
0.126261
0.276434
0.662
0.32128
0.662
0.662
0.388815
0.253584
0.0436201
0.662
0.449887
0.17502
0.662
0.662
0.23557
0.0983286
0.662
0.0763825
0.155998
0.662
0.282502
0.247395
0.0193665
0.662
0.662
0.662
0.302356
0.662
0.662
0.432236
0.0661257
0.662
0.662
0.239625
0.662
0.662
0.662
0.534788
0.141259
0.324132
0.328899
0.662
0.662
0.662
0.33971
0.662
0.22613
0.662
0.3286
0.197241
0.662
0.662
0.662
0.0106951
0.275554
0.350714
0.311488
0.34972
0.662
0.147484
0.437236
0.662
0.330464
0.662
0.662
0.331551
0.662
0.662
0.662
0.608451
0.187425
0.184167
0.662
0.662
0.662
0.24525
0.662
0.0655913
0.662
0.190105
0.662
0.391871
0.23912
0.298273
0.662
0.37451
0.345693
0.0899528
0.485566
0.142331
0.208345
0.0542919
0.662
0.662
0.662
0.662
0.265844
0.114861
0.462642
0.662
0.314972
0.662
0.662
0.00978573
0.123376
0.662
0.662
0.662
0.35639
0.0316099
0.662
0.268633
0.662
0.385237
0.30762
0.611049
0.209779
0.446894
0.204924
0.0729709
0.32698
0.193672
0.0746826
0.274771
0.205422
0.198156
0.549588
0.662
0.662
0.15836
0.173044
0.367357
0.130391
0.199208
0.662
0.287655
0.662
0.662
0.220965
0.662
0.662
0.300867
0.662
0.405171
0.662
0.127744
0.662
0.662
0.180902
0.662
0.662
0.0275559
0.209902
0.662
0.291575
0.2635
0.0986565
0.394704
0.662
0.0166782
0.491447
0.574121
0.122291
0.662
0.662
0.662
0.662
0.256251
0.374043
0.126955
0.617084
0.0214746
0.457072
0.253914
0.459482
0.662
0.662
0.377269
0.295129
0.662
0.662
0.238895
0.662
0.430647
0.662
0.662
0.662
0.0692354
0.662
0.662
0.662
0.662
0.214858
0.436927
0.114378
0.0738645
0.0364763
0.662
0.662
0.510295
0.518176
0.00309376
0.460248
0.662
0.243287
0.355463
0.662
0.662
0.662
0.415911
0.118851
0.171212
0.0988701
0.662
0.219704
0.0828057
0.364099
0.662
0.662
0.662
0.265225
0.662
0.662
0.662
0.662
0.414685
0.662
0.662
0.662
0.662
0.662
0.0510559
0.662
0.662
0.319681
0.662
0.662
0.104436
0.229956
0.195017
0.240101
0.440575
0.237625
0.662
0.451218
0.654256
0.13297
0.217003
0.662
0.310612
0.662
0.0752231
0.662
0.267407
0.662
0.662
0.223565
0.662
0.603593
0.371073
0.180348
0.0343775
0.662
0.662
0.295832
0.210255
0.595952
0.308525
0.354438
0.156537
0.309691
0.393488
0.662
0.662
0.662
0.409534
0.662
0.0063556
0.475172
0.662
0.220353
0.662
0.277684
0.221298
0.43694
0.169646
0.291475
0.313353
0.25494
0.662
0.403004
0.0651525
0.662
0.662
0.380112
0.662
0.405151
0.483015
0.304997
0.432126
0.63339
0.662
0.112814
0.662
0.255913
0.22856
0.23896
0.0687251
0.662
0.286285
0.662
0.299693
0.144817
0.662
0.662
0.231076
0.261966
0.662
0.351822
0.302287
0.249612
0.430598
0.662
0.662
0.198877
0.662
0.662
0.363926
0.662
0.662
0.662
0.662
0.662
0.459468
0.662
0.101878
0.662
0.662
0.662
0.662
0.160833
0.662
0.662
0.606202
0.662
0.172198
0.662
0.323792
0.662
0.206937
0.177262
0.34037
0.662
0.404173
0.388493
0.662
0.0474746
0.00644668
0.662
0.169727
0.662
0.224545
0.662
0.662
0.210749
0.320337
0.154925
0.662
0.308502
0.662
0.662
0.329798
0.200781
0.662
0.662
0.662
0.366905
0.316365
0.662
0.26618
0.341433
0.662
0.196313
0.173048
0.39227
0.327823
0.24994
0.662
0.416179
0.454104
0.351146
0.281915
0.662
0.282492
0.662
0.353022
0.662
0.490498
0.0372362
0.228729
0.662
0.442602
0.351578
0.662
0.317896
0.189723
0.662
0.144846
0.662
0.0518847
0.662
0.662
0.662
0.662
0.309935
0.404335
0.281129
0.0130973
0.199155
0.662
0.198227
0.662
0.109895
0.465932
0.48773
0.376857
0.662
0.580029
0.0602941
0.30919
0.0686825
0.338784
0.133216
0.548784
0.662
0.289996
0.239941
0.600059
0.435184
0.00337055
0.662
0.662
0.0476954
0.207282
0.662
0.444997
0.662
0.368767
0.662
0.148431
0.662
0.142809
0.662
0.467183
0.662
0.37078
0.608942
0.662
0.662
0.417451
0.662
0.662
0.119746
0.477147
0.592031
0.46899
0.437274
0.662
0.562848
0.0510891
0.4199
0.662
0.662
0.458649
0.235985
0.457484
0.191468
0.32517
0.231973
0.293036
0.311599
0.662
0.593522
0.562518
0.197382
0.662
0.173689
0.123199
0.324538
0.662
0.419291
0.189412
0.227098
0.404275
0.102174
0.195376
0.662
0.373845
0.364268
0.0711431
0.20562
0.210266
0.222611
0.438897
0.248666
0.1807
0.0659932
0.121001
0.662
0.22564
0.662
0.239864
0.238604
0.609794
0.0948553
0.662
0.467699
0.662
0.597094
0.662
0.396999
0.141046
0.220818
0.280245
0.662
0.662
0.662
0.127481
0.662
0.662
0.662
0.260375
0.662
0.662
0.662
0.662
0.018787
0.662
0.662
0.0584683
0.662
0.136082
0.132519
0.171427
0.348354
0.662
0.215126
0.152311
0.421884
0.662
0.496597
0.512236
0.662
0.114932
0.40592
0.662
0.662
0.261152
0.662
0.662
0.328342
0.662
0.160498
0.163022
0.150281
0.662
0.081827
0.662
0.324241
0.212958
0.353527
0.264933
0.46961
0.461694
0.662
0.104775
0.662
0.662
0.662
0.662
0.430896
0.662
0.662
0.662
0.662
0.662
0.553847
0.0260607
0.210382
0.270493
0.662
0.0191258
0.662
0.297572
0.230815
0.662
0.361953
0.418777
0.662
0.337742
0.399106
0.297608
0.264997
0.662
0.662
0.662
0.662
0.254767
0.24866
0.662
0.376039
0.662
0.662
0.514779
0.662
0.662
0.662
0.662
0.662
0.220875
0.662
0.119126
0.00579766
0.446556
0.662
0.335322
0.348755
0.156244
0.662
0.156558
0.662
0.299228
0.520196
0.144216
0.0168539
0.662
0.336797
0.177914
0.662
0.225568
0.662
0.662
0.270444
0.662
0.662
0.452354
0.137778
0.44698
0.631332
0.286582
0.0279989
0.342148
0.377962
0.662
0.662
0.662
0.124085
0.332444
0.662
0.662
0.662
0.505432
0.656149
0.662
0.349814
0.298231
0.662
0.662
0.426179
0.662
0.595697
0.187225
0.148515
0.0520901
0.288872
0.420494
0.365378
0.177696
0.662
0.061745
0.0360027
0.662
0.258066
0.490207
0.662
0.662
0.466758
0.662
0.270146
0.662
0.455479
0.49724
0.662
0.45862
0.176551
0.330222
0.662
0.662
0.348572
0.440117
0.455293
0.662
0.47149
0.136952
0.662
0.662
0.462764
0.662
0.662
0.60438
0.429406
0.662
0.662
0.662
0.429067
0.662
0.662
0.662
0.154058
0.437921
0.257252
0.0131153
0.201313
0.406379
0.212613
0.662
0.662
0.151951
0.189096
0.155741
0.269972
0.32544
0.418522
0.662
0.58714
0.662
0.48474
0.662
0.662
0.203892
0.423486
0.124676
0.102752
0.662
0.461098
0.662
0.662
0.662
0.662
0.662
0.662
0.358703
0.662
0.638294
0.662
0.49373
0.119394
0.277017
0.662
0.662
0.662
0.131263
0.190207
0.339501
0.292072
0.192348
0.287562
0.662
0.469777
0.662
0.273761
0.662
0.662
0.286772
0.662
0.662
0.662
0.343355
0.662
0.0770605
0.662
0.246781
0.420485
0.20719
0.246967
0.662
0.37916
0.117182
0.253457
0.37594
0.291914
0.321716
0.240144
0.655574
0.198322
0.077425
0.140809
0.202063
0.491952
0.320618
0.104308
0.461499
0.157134
0.218867
0.259591
0.662
0.387646
0.406817
0.273858
0.331568
0.439783
0.251787
0.403557
0.122444
0.662
0.662
0.443195
0.398328
0.491052
0.209605
0.0312302
0.363881
0.468385
0.621797
0.315964
0.03294
0.371724
0.662
0.241723
0.662
0.211043
0.202268
0.25999
0.442918
0.662
0.662
0.662
0.662
0.662
0.326222
0.515635
0.662
0.371405
0.316902
0.662
0.0695746
0.662
0.113157
0.0472964
0.324863
0.167383
0.396122
0.662
0.221346
0.0290384
0.538828
0.454362
0.445782
0.662
0.147243
0.662
0.662
0.662
0.662
0.142531
0.662
0.192174
0.662
0.171669
0.168326
0.505635
0.183677
0.662
0.662
0.662
0.373141
0.257651
0.662
0.529205
0.391193
0.662
0.105572
0.00956049
0.544122
0.662
0.303067
0.183186
0.662
0.662
0.662
0.662
0.0915831
0.303291
0.546352
0.539041
0.662
0.662
0.34294
0.203344
0.662
0.275958
0.340928
0.662
0.359273
0.65884
0.662
0.112511
0.662
0.662
0.239078
0.662
0.19365
0.332887
0.662
0.662
0.476404
0.662
0.543901
0.0950852
0.299744
0.457859
0.0770714
0.0737056
0.507189
0.283692
0.662
0.274684
0.253456
0.662
0.662
0.291688
0.289806
0.173246
0.662
0.402714
0.136007
0.662
0.231405
0.514469
0.286483
0.662
0.662
0.662
0.369701
0.662
0.662
0.364038
0.218926
0.283406
0.60147
0.443321
0.0188746
0.662
0.224617
0.481003
0.662
0.249719
0.448156
0.662
0.662
0.274124
0.285697
0.662
0.593817
0.147976
0.0796093
0.459846
0.612576
0.662
0.255716
0.439357
0.490168
0.662
0.662
0.0148738
0.662
0.662
0.348407
0.662
0.662
0.662
0.238154
0.662
0.44417
0.162661
0.175983
0.662
0.662
0.0954548
0.353494
0.662
0.189735
0.0174459
0.203564
0.662
0.662
0.0719418
0.662
0.283384
0.662
0.662
0.122316
0.0962732
0.662
0.359547
0.662
0.178263
0.662
0.255555
0.058439
0.662
0.207482
0.208571
0.157204
0.662
0.438771
0.662
0.353929
0.383808
0.662
0.323427
0.194576
0.146888
0.604395
0.293524
0.48967
0.10145
0.662
0.496997
0.382396
0.17478
0.627947
0.372976
0.339517
0.427746
0.279942
0.186629
0.662
0.46911
0.482083
0.0654067
0.495976
0.37296
0.662
0.662
0.662
0.662
0.662
0.200181
0.662
0.662
0.264947
0.16871
0.406145
0.111151
0.188591
0.662
0.494391
0.662
0.462351
0.662
0.406972
0.0957498
0.302956
0.233331
0.0979357
0.166306
0.289294
0.0528649
0.345421
0.325523
0.0955074
0.23291
0.416545
0.143223
0.352416
0.662
0.131231
0.662
0.662
0.520472
0.662
0.169979
0.28498
0.662
0.448275
0.15401
0.399834
0.409858
0.662
0.230149
0.321343
0.662
0.662
0.501612
0.218001
0.662
0.662
0.662
0.662
0.155655
0.662
0.337275
0.662
0.662
0.254819
0.306309
0.196371
0.0459756
0.579524
0.662
0.662
0.662
0.662
0.408738
0.464909
0.662
0.193715
0.232424
0.392383
0.24849
0.397739
0.410649
0.296722
0.275172
0.662
0.257268
0.39508
0.662
0.385439
0.662
0.626747
0.662
0.662
0.422371
0.249378
0.15607
0.192592
0.259281
0.662
0.662
0.662
0.662
0.662
0.662
0.298816
0.43404
0.479018
0.662
0.0543449
0.207724
0.45391
0.602115
0.292795
0.127605
0.662
0.452244
0.662
0.213963
0.633694
0.356053
0.196777
0.282402
0.0857741
0.662
0.374354
0.0250624
0.662
0.662
0.662
0.244272
0.457318
0.279958
0.358497
0.662
0.662
0.481835
0.394637
0.662
0.324912
0.662
0.25178
0.662
0.0964383
0.662
0.292948
0.311559
0.194792
0.310974
0.662
0.662
0.205833
0.662
0.662
0.149667
0.599063
0.662
0.662
0.662
0.12449
0.141579
0.662
0.662
0.22381
0.662
0.487922
0.206469
0.662
0.662
0.487091
0.501628
0.144136
0.169017
0.150232
0.599666
0.565713
0.257931
0.662
0.632384
0.662
0.615902
0.662
0.662
0.431858
0.662
0.0739464
0.662
0.662
0.165542
0.336834
0.351506
0.401975
0.662
0.662
0.662
0.662
0.662
0.662
0.35961
0.662
0.662
0.317065
0.388646
0.397002
0.387952
0.153691
0.479787
0.401666
0.662
0.662
0.662
0.0440057
0.435416
0.662
0.662
0.1853
0.163608
0.391333
0.324458
0.264579
0.368556
0.662
0.662
0.479074
0.662
0.285455
0.403682
0.662
0.662
0.0967044
0.662
0.0184879
0.662
0.662
0.662
0.427927
0.158471
0.434095
0.0985841
0.662
0.662
0.262979
0.260487
0.198109
0.22238
0.0640427
0.369369
0.209408
0.662
0.0556191
0.374448
0.307218
0.15597
0.662
0.662
0.184752
0.662
0.420053
0.662
0.246839
0.132488
0.526454
0.662
0.101679
0.303522
0.319976
0.118113
0.530607
0.662
0.48892
0.156813
0.231404
0.662
0.662
0.377567
0.199643
0.479762
0.259699
0.484798
0.662
0.00827254
0.662
0.0645322
0.205312
0.243356
0.465598
0.235676
0.380388
0.216239
0.175439
0.662
0.662
0.382202
0.662
0.662
0.0386838
0.361806
0.381394
0.662
0.17908
0.396368
0.235203
0.27041
0.397856
0.62897
0.211218
0.269708
0.662
0.662
0.662
0.0209272
0.242729
0.633391
0.398328
0.662
0.662
0.102468
0.662
0.662
0.662
0.261687
0.0538134
0.662
0.438537
0.662
0.209156
0.662
0.662
0.391482
0.662
0.662
0.662
0.662
0.425844
0.662
0.62942
0.596044
0.0648922
0.662
0.143697
0.326189
0.662
0.277922
0.263768
0.0474202
0.166662
0.662
0.254792
0.662
0.364202
0.662
0.23781
0.228555
0.235997
0.662
0.201145
0.230038
0.609641
0.10101
0.662
0.464578
0.662
0.388916
0.483129
0.662
0.338173
0.662
0.197993
0.125135
0.611942
0.662
0.662
0.662
0.662
0.662
0.662
0.662
0.662
0.662
0.23766
0.202603
0.662
0.369183
0.662
0.662
0.0562365
0.348674
0.662
0.662
0.392935
0.662
0.662
0.289875
0.662
0.662
0.0144542
0.252476
0.662
0.0916733
0.662
0.662
0.662
0.155389
0.662
0.662
0.662
0.477683
0.662
0.0105053
0.662
0.0394857
0.29008
0.662
0.0538182
0.662
0.662
0.155737
0.662
0.190327
0.662
0.242794
0.126623
0.359083
0.662
0.22494
0.530567
0.245429
0.127324
0.21519
0.314745
0.662
0.31225
0.662
0.207584
0.662
0.315171
0.662
0.150584
0.203117
0.182795
0.222171
0.0368663
0.147214
0.149854
0.266175
0.662
0.478621
0.662
0.662
0.307897
0.662
0.401848
0.37103
0.424807
0.18266
0.269132
0.356681
0.662
0.348846
0.355946
0.00793575
0.499127
0.238218
0.662
0.662
0.662
0.0447996
0.230085
0.662
0.662
0.662
0.662
0.336369
0.240417
0.0843057
0.400263
0.662
0.24215
0.662
0.213045
0.662
0.45968
0.468602
0.288034
0.235507
0.0245897
0.662
0.504957
0.662
0.302742
0.0142453
0.146573
0.133027
0.662
0.471974
0.157795
0.256662
0.662
0.662
0.116954
0.662
0.318669
0.0298734
0.164054
0.413496
0.10787
0.0723216
0.368315
0.662
0.662
0.130935
0.00113587
0.662
0.358736
0.213937
0.424103
0.662
0.662
0.219806
0.0661192
0.662
0.00351277
0.159451
0.0287491
0.662
0.312993
0.662
0.010265
0.225627
0.605573
0.0606429
0.203466
0.28165
0.0356083
0.662
0.662
0.157147
0.425086
0.354012
0.662
0.193282
0.662
0.662
0.662
0.236232
0.662
0.274815
0.662
0.456581
0.443343
0.662
0.662
0.657637
0.662
0.662
0.662
0.0988102
0.187889
0.662
0.41436
0.662
0.309858
0.662
0.266441
0.662
0.662
0.662
0.662
0.114879
0.662
0.662
0.662
0.662
0.662
0.361324
0.195643
0.662
0.662
0.236267
0.276986
0.0580003
0.238029
0.261303
0.662
0.649674
0.662
0.276944
0.358583
0.211811
0.662
0.307716
0.39477
0.156921
0.522111
0.662
0.166022
0.232904
0.249047
0.0500957
0.662
0.662
0.215815
0.662
0.662
0.170062
0.250412
0.662
0.286589
0.662
0.193083
0.662
0.662
0.0429868
0.521742
0.281205
0.0511348
0.662
0.362884
0.662
0.252456
0.662
0.662
0.057538
0.662
0.194393
0.173893
0.662
0.452025
0.662
0.662
0.402993
0.419186
0.662
0.0711664
0.662
0.24223
0.400914
0.55916
0.662
0.605314
0.419063
0.662
0.42139
0.131208
0.662
0.662
0.230626
0.662
0.207111
0.520301
0.662
0.662
0.0501465
0.662
0.283383
0.662
0.239415
0.253562
0.301789
0.059641
0.376929
0.235665
0.0557749
0.435434
0.358367
0.286504
0.451578
0.237369
0.662
0.662
0.3258
0.662
0.190662
0.662
0.054364
0.662
0.124922
0.398591
0.662
0.233494
0.13555
0.662
0.246119
0.412349
0.662
0.5159
0.405433
0.662
0.662
0.208868
0.201808
0.49024
0.662
0.662
0.254427
0.191836
0.662
0.523679
0.662
0.662
0.59502
0.289455
0.118411
0.258219
0.307714
0.120732
0.401929
0.185961
0.385277
0.207686
0.298098
0.24508
0.662
0.0996033
0.0501735
0.361659
0.376079
0.213892
0.662
0.662
0.43045
0.220442
0.314744
0.336551
0.662
0.275594
0.662
0.662
0.450873
0.662
0.662
0.247803
0.293315
0.662
0.662
0.396377
0.662
0.170281
0.147348
0.0586204
0.216003
0.517458
0.662
0.662
0.599827
0.604304
0.662
0.662
0.662
0.114417
0.218116
0.441301
0.121006
0.662
0.662
0.387566
0.662
0.457632
0.662
0.245636
0.160304
0.662
0.662
0.655376
0.184846
0.662
0.662
0.15039
0.662
0.662
0.662
0.221161
0.662
0.145347
0.662
0.662
0.397394
0.257726
0.561699
0.486692
0.662
0.117854
0.662
0.259517
0.662
0.12017
0.662
0.302416
0.274315
0.103277
0.662
0.465142
0.662
0.662
0.662
0.662
0.0882724
0.662
0.254869
0.464781
0.662
0.107144
0.662
0.662
0.402928
0.207504
0.662
0.430441
0.662
0.662
0.662
0.543277
0.00756499
0.662
0.662
0.2083
0.662
0.662
0.662
0.368377
0.662
0.163378
0.29863
0.295422
0.662
0.662
0.662
0.13241
0.223115
0.662
0.662
0.662
0.185922
0.308513
0.282134
0.593171
0.662
0.662
0.483331
0.265539
0.662
0.177863
0.662
0.662
0.351687
0.662
0.20006
0.395719
0.662
0.353442
0.203405
0.662
0.662
0.127952
0.662
0.662
0.662
0.238683
0.662
0.055244
0.569665
0.662
0.0121313
0.180824
0.662
0.270971
0.32702
0.227972
0.662
0.0166694
0.351342
0.662
0.126253
0.363361
0.472349
0.662
0.662
0.217915
0.662
0.662
0.662
0.096286
0.193909
0.662
0.508294
0.0448627
0.662
0.383474
0.662
0.469118
0.263466
0.2214
0.398921
0.662
0.662
0.662
0.0892099
0.271413
0.19109
0.364852
0.662
0.662
0.662
0.530132
0.567954
0.425196
0.465859
0.103598
0.662
0.662
0.115099
0.662
0.662
0.293093
0.235425
0.140476
0.43689
0.662
0.23775
0.155897
0.662
0.662
0.662
0.299269
0.0544699
0.33767
0.247929
0.662
0.662
0.461108
0.662
0.662
0.238686
0.219912
0.217224
0.256768
0.662
0.294648
0.136463
0.662
0.225272
0.662
0.0544827
0.662
0.563456
0.662
0.458587
0.26371
0.662
0.662
0.197128
0.662
0.172852
0.0921059
0.410158
0.662
0.662
0.221596
0.463458
0.662
0.246023
0.0675758
0.662
0.294663
0.662
0.470663
0.072634
0.356704
0.662
0.662
0.176744
0.159056
0.662
0.662
0.40676
0.662
0.156026
0.0422364
0.162456
0.662
0.196763
0.501313
0.662
0.643142
0.662
0.551147
0.662
0.662
0.662
0.153242
0.30184
0.662
0.465079
0.243744
0.157163
0.426937
0.278336
0.212434
0.0262903
0.223625
0.290554
0.00519181
0.662
0.457393
0.395814
0.662
0.252566
0.32098
0.122475
0.662
0.450416
0.662
0.662
0.662
0.0712975
0.421355
0.209264
0.662
0.193793
0.377972
0.0570768
0.662
0.0975795
0.662
0.662
0.305222
0.181941
0.662
0.0945509
0.662
0.662
0.527438
0.199189
0.662
0.316162
0.413412
0.131303
0.662
0.410709
0.662
0.662
0.662
0.120402
0.039656
0.130482
0.528172
0.662
0.399053
0.662
0.662
0.306707
0.370497
0.662
0.214253
0.662
0.662
0.259026
0.22622
0.245746
0.556354
0.549429
0.662
0.662
0.30262
0.473557
0.662
0.251294
0.481507
0.275889
0.0419261
0.342789
0.662
0.662
0.639741
0.662
0.234731
0.662
0.316615
0.0978962
0.662
0.662
0.662
0.177038
0.133942
0.662
0.662
0.662
0.0643543
0.289297
0.662
0.662
0.496196
0.662
0.448526
0.662
0.662
0.326475
0.00573625
0.217881
0.168303
0.518007
0.547375
0.662
0.135267
0.0678217
0.551513
0.662
0.0953577
0.0703859
0.662
0.103275
0.662
0.662
0.662
0.662
0.3146
0.662
0.410398
0.133028
0.662
0.237448
0.662
0.662
0.209253
0.662
0.211575
0.554803
0.151315
0.375637
0.0233532
0.170223
0.050136
0.272862
0.662
0.502887
0.0497906
0.662
0.662
0.222856
0.432142
0.662
0.169283
0.662
0.218462
0.662
0.662
0.662
0.662
0.0527322
0.662
0.263222
0.389506
0.00631086
0.457719
0.257903
0.662
0.662
0.235777
0.188683
0.156992
0.662
0.662
0.36045
0.0959395
0.314844
0.601099
0.662
0.135474
0.367255
0.363327
0.649726
0.662
0.145074
0.662
0.31388
0.541582
0.662
0.662
0.261227
0.662
0.0301246
0.662
0.662
0.662
0.254111
0.218294
0.396969
0.24793
0.662
0.348397
0.500781
0.662
0.662
0.133462
0.409681
0.519114
0.180822
0.662
0.120734
0.0308282
0.11407
0.242688
0.662
0.662
0.180701
0.268095
0.380547
0.453486
0.137892
0.46872
0.662
0.274392
0.662
0.205293
0.260286
0.662
0.464756
0.662
0.0702817
0.38918
0.662
0.29949
0.662
0.156789
0.662
0.133854
0.183799
0.217099
0.245664
0.19912
0.614729
0.662
0.662
0.662
0.210537
0.662
0.662
0.662
0.662
0.281934
0.053522
0.662
0.662
0.188518
0.565081
0.662
0.662
0.359981
0.451344
0.419227
0.662
0.662
0.308968
0.259541
0.181981
0.662
0.47251
0.38694
0.451297
0.331417
0.662
0.662
0.407082
0.271376
0.662
0.662
0.662
0.662
0.662
0.306616
0.205139
0.476767
0.210265
0.662
0.186757
0.662
0.310814
0.662
0.232048
0.662
0.528098
0.1096
0.203618
0.0507029
0.145438
0.662
0.099503
0.229112
0.433165
0.662
0.412169
0.425256
0.662
0.662
0.302877
0.662
0.128631
0.243009
0.605093
0.662
0.662
0.662
0.662
0.492036
0.662
0.662
0.345556
0.662
0.662
0.662
0.0330949
0.200839
0.662
0.662
0.0890339
0.652822
0.146193
0.479715
0.251089
0.0909834
0.207585
0.10942
0.662
0.33145
0.662
0.190432
0.311911
0.0515851
0.306421
0.26641
0.194989
0.470789
0.347444
0.437255
0.116431
0.192424
0.662
0.228434
0.662
0.662
0.473317
0.662
0.280858
0.46432
0.464065
0.662
0.20106
0.354359
0.662
0.662
0.146103
0.306862
0.662
0.662
0.662
0.441785
0.442927
0.0597991
0.298828
0.198321
0.662
0.430011
0.662
0.662
0.336811
0.662
0.601234
0.390341
0.446085
0.381807
0.239967
0.577749
0.662
0.429363
0.0957604
0.18488
0.662
0.254845
0.662
0.233253
0.662
0.662
0.662
0.276836
0.217019
0.662
0.116801
0.662
0.123828
0.662
0.662
0.662
0.12559
0.0366832
0.215297
0.398558
0.141548
0.086729
0.274627
0.306927
0.240693
0.222737
0.662
0.543472
0.605782
0.662
0.662
0.182017
0.662
0.255061
0.662
0.326054
0.193237
0.662
0.191134
0.662
0.662
0.662
0.662
0.662
0.437712
0.47671
0.178458
0.662
0.662
0.662
0.662
0.0694865
0.332654
0.0890624
0.259822
0.662
0.662
0.231064
0.17133
0.662
0.0593157
0.662
0.662
0.124515
0.280008
0.228043
0.662
0.58817
0.577984
0.0426605
0.169732
0.662
0.662
0.662
0.152531
0.123137
0.0288018
0.662
0.662
0.212878
0.0973115
0.662
0.662
0.662
0.167556
0.155981
0.326941
0.662
0.0353711
0.234928
0.134523
0.662
0.662
0.25048
0.495651
0.305038
0.662
0.662
0.0116409
0.386974
0.111142
0.231373
0.442948
0.662
0.494771
0.511725
0.662
0.627645
0.334167
0.441611
0.344792
0.48646
0.269541
0.662
0.453936
0.662
0.412191
0.662
0.250151
0.23963
0.118582
0.00146711
0.244811
0.506404
0.662
0.430174
0.465641
0.200772
0.662
0.421729
0.662
0.662
0.662
0.151865
0.662
0.13405
0.662
0.662
0.407062
0.370007
0.240659
0.662
0.662
0.27635
0.588893
0.410696
0.239317
0.575823
0.662
0.610495
0.662
0.662
0.662
0.662
0.662
0.338385
0.662
0.22662
0.662
0.0440807
0.320778
0.254653
0.505862
0.495929
0.475171
0.659639
0.290431
0.662
0.267374
0.662
0.621742
0.14181
0.331249
0.510065
0.488804
0.109937
0.34556
0.662
0.662
0.662
0.662
0.186996
0.662
0.144881
0.662
0.662
0.449682
0.204362
0.543399
0.433035
0.170054
0.662
0.17957
0.662
0.662
0.662
0.662
0.238631
0.0476742
0.382248
0.135118
0.169049
0.139617
0.466865
0.662
0.34206
0.479308
0.662
0.227837
0.343821
0.123935
0.379787
0.662
0.324502
0.662
0.662
0.662
0.418512
0.192873
0.662
0.353091
0.301283
0.662
0.228679
0.662
0.25312
0.405079
0.111107
0.662
0.166446
0.312994
0.476391
0.662
0.474562
0.190129
0.147969
0.662
0.662
0.51041
0.662
0.662
0.293084
0.662
0.339901
0.29341
0.315115
0.662
0.621705
0.662
0.0766969
0.195873
0.204093
0.173777
0.168704
0.442188
0.662
0.07646
0.662
0.662
0.662
0.662
0.541891
0.0960788
0.662
0.636419
0.662
0.610753
0.094388
0.662
0.654737
0.662
0.662
0.0572975
0.214808
0.662
0.585822
0.169628
0.0822366
0.394256
0.660873
0.662
0.27733
0.662
0.38525
0.662
0.348781
0.662
0.662
0.359234
0.398235
0.391518
0.662
0.0327348
0.0934131
0.662
0.0338883
0.662
0.0114556
0.662
0.282387
0.562412
0.0895935
0.662
0.120251
0.335897
0.446973
0.421367
0.662
0.662
0.370385
0.662
0.662
0.12235
0.471463
0.00828096
0.662
0.662
0.351304
0.41969
0.154253
0.119985
0.177155
0.662
0.662
0.114652
0.432113
0.624026
0.218692
0.285481
0.279164
0.192318
0.116184
0.466669
0.268778
0.662
0.662
0.0657543
0.0455505
0.275757
0.662
0.662
0.215003
0.157374
0.463539
0.662
0.0279413
0.282708
0.39842
0.434352
0.138246
0.662
0.478932
0.471024
0.662
0.662
0.107208
0.662
0.435876
0.237682
0.225934
0.12686
0.243168
0.142063
0.662
0.662
0.662
0.453023
0.111986
0.364395
0.106659
0.662
0.336264
0.25784
0.563929
0.662
0.662
0.662
0.662
0.26885
0.662
0.662
0.272022
0.633391
0.146899
0.0805656
0.662
0.419479
0.1587
0.662
0.137243
0.314096
0.662
0.231624
0.662
0.662
0.662
0.656883
0.662
0.063093
0.662
0.662
0.662
0.209831
0.197386
0.223157
0.662
0.217596
0.086156
0.662
0.460879
0.00504066
0.312548
0.662
0.662
0.662
0.28807
0.662
