0.00344401
0.395949
0.662
0.662
0.160985
0.587026
0.526664
0.662
0.64976
0.662
0.45343
0.662
0.662
0.080835
0.484742
0.403639
0.662
0.105098
0.0541248
0.662
0.662
0.662
0.186512
0.0577244
0.230946
0.13985
0.269602
0.494395
0.27338
0.662
0.662
0.662
0.518853
0.58006
0.167951
0.662
0.0512032
0.188682
0.21686
0.168959
0.487828
0.270146
0.36089
0.592436
0.0443029
0.662
0.613225
0.233424
0.662
0.235876
0.199544
0.0909195
0.239268
0.0333048
0.224459
0.495772
0.409065
0.662
0.213294
0.320209
0.0882059
0.662
0.662
0.662
0.662
0.321514
0.0894955
0.662
0.662
0.662
0.662
0.249678
0.662
0.662
0.662
0.662
0.316978
0.207532
0.581266
0.662
0.373059
0.496356
0.31831
0.662
0.662
0.26293
0.614866
0.281682
0.652166
0.662
0.44275
0.662
0.662
0.518131
0.662
0.200802
0.662
0.107188
0.662
0.0117691
0.662
0.216645
0.264281
0.273649
0.662
0.194514
0.0956332
0.484602
0.14253
0.194839
0.15829
0.662
0.662
0.246643
0.623661
0.470706
0.386623
0.502612
0.662
0.0603165
0.10271
0.662
0.662
0.0894982
0.129781
0.16802
0.215382
0.353532
0.662
0.24306
0.296954
0.490951
0.118792
0.313308
0.302129
0.633253
0.662
0.662
0.356203
0.245131
0.384
0.271744
0.434507
0.217858
0.662
0.662
0.662
0.662
0.585524
0.662
0.411438
0.662
0.631481
0.450632
0.662
0.366162
0.173347
0.662
0.205531
0.232131
0.2077
0.583847
0.662
0.259201
0.662
0.250429
0.662
0.290748
0.0685745
0.109685
0.562131
0.662
0.308041
0.345927
0.526003
0.662
0.0857895
0.662
0.323736
0.164818
0.427997
0.318519
0.641995
0.662
0.137522
0.0735548
0.273979
0.0765824
0.308514
0.662
0.00742314
0.662
0.662
0.356207
0.305079
0.662
0.611138
0.662
0.662
0.61308
0.313255
0.662
0.029127
0.212726
0.662
0.662
0.474421
0.372726
0.460102
0.409947
0.369312
0.662
0.618205
0.662
0.662
0.469476
0.662
0.226231
0.593359
0.390796
0.239355
0.0766669
0.564398
0.273301
0.662
0.209863
0.662
0.0910725
0.662
0.131872
0.468607
0.151808
0.373527
0.476302
0.211653
0.662
0.0328945
0.662
0.662
0.373452
0.662
0.662
0.651647
0.323505
0.662
0.662
0.372899
0.581771
0.662
0.397852
0.0126602
0.529252
0.554521
0.358011
0.443895
0.662
0.436831
0.348433
0.662
0.662
0.662
0.662
0.118561
0.627376
0.116068
0.662
0.375319
0.229715
0.649465
0.558327
0.327857
0.436827
0.0494252
0.203464
0.259008
0.662
0.54108
0.662
0.312468
0.64114
0.662
0.268769
0.648621
0.662
0.467631
0.0118282
0.289982
0.662
0.662
0.107912
0.662
0.376117
0.0496094
0.336242
0.662
0.184
0.662
0.662
0.409565
0.662
0.095805
0.13226
0.196656
0.565697
0.662
0.0375195
0.662
0.662
0.217985
0.0316918
0.662
0.471093
0.265785
0.223782
0.662
0.662
0.522939
0.146968
0.362896
0.662
0.311865
0.467259
0.461079
0.588039
0.662
0.60548
0.492737
0.662
0.0755985
0.40974
0.662
0.662
0.312725
0.0698147
0.662
0.0566085
0.590653
0.226022
0.330862
0.662
0.176477
0.553717
0.662
0.0350413
0.662
0.383248
0.334727
0.123986
0.143111
0.197729
0.662
0.517756
0.308462
0.303733
0.662
0.662
0.531414
0.20325
0.553208
0.662
0.450961
0.472721
0.611424
0.571638
0.662
0.167882
0.368957
0.662
0.450203
0.245785
0.662
0.662
0.501466
0.662
0.294117
0.662
0.63484
0.253963
0.10594
0.662
0.450552
0.662
0.00437642
0.0390788
0.662
0.662
0.662
0.558768
0.662
0.221911
0.155496
0.662
0.493557
0.397862
0.123464
0.416468
0.535456
0.656966
0.2398
0.662
0.191632
0.0578993
0.0921612
0.662
0.662
0.216841
0.123608
0.53407
0.420362
0.662
0.662
0.0937782
0.662
0.134395
0.662
0.429582
0.293094
0.662
0.473306
0.662
0.662
0.206995
0.662
0.211026
0.606982
0.412475
0.662
0.53683
0.276014
0.461388
0.281546
0.116323
0.662
0.662
0.285841
0.316795
0.662
0.178018
0.662
0.613222
0.171355
0.315799
0.481779
0.148967
0.662
0.291885
0.662
0.244061
0.350393
0.400944
0.219001
0.495686
0.629706
0.188062
0.662
0.662
0.662
0.662
0.196366
0.368551
0.416568
0.361757
0.0355996
0.146481
0.31129
0.662
0.0256603
0.662
0.662
0.49868
0.662
0.00660181
0.662
0.349152
0.203405
0.37199
0.160047
0.463505
0.662
0.662
0.324793
0.567653
0.241071
0.662
0.302691
0.662
0.0256109
0.662
0.607404
0.356745
0.662
0.462487
0.0349553
0.254703
0.662
0.0861748
0.657376
0.662
0.206153
0.662
0.501961
0.300156
0.137917
0.00416383
0.662
0.0817763
0.662
0.0991681
0.633206
0.0396465
0.347484
0.527552
0.0227429
0.662
0.339913
0.569905
0.662
0.178062
0.662
0.093765
0.311644
0.603478
0.638951
0.662
0.662
0.602719
0.205802
0.570253
0.465556
0.176152
0.138096
0.662
0.482247
0.19613
0.391952
0.560314
0.0815531
0.662
0.428387
0.662
0.263186
0.662
0.134635
0.442351
0.522823
0.662
0.662
0.662
0.662
0.662
0.00340775
0.312729
0.185239
0.503877
0.0212435
0.662
0.231677
0.412991
0.165941
0.22154
0.348477
0.605278
0.480187
0.662
0.408327
0.662
0.662
0.662
0.662
0.662
0.208355
0.40504
0.198087
0.662
0.381658
0.200957
0.362245
0.171572
0.662
0.662
0.582431
0.662
0.3026
0.156235
0.662
0.192685
0.662
0.00667666
0.662
0.662
0.34555
0.525754
0.42188
0.662
0.167896
0.236904
0.662
0.662
0.540788
0.662
0.662
0.662
0.104989
0.662
0.662
0.516588
0.662
0.662
0.662
0.47863
0.519749
0.209184
0.459739
0.273511
0.428393
0.306493
0.62947
0.419003
0.203039
0.662
0.657655
0.30905
0.372535
0.224102
0.272405
0.593357
0.194689
0.437569
0.459154
0.662
0.269516
0.662
0.662
0.303115
0.38647
0.662
0.662
0.662
0.143417
0.107995
0.506094
0.135605
0.662
0.662
0.662
0.662
0.487339
0.204971
0.662
0.529523
0.0603541
0.237431
0.159696
0.288709
0.662
0.0439205
0.662
0.0395061
0.662
0.347578
