0.662
0.662
0.492963
0.662
0.228254
0.436831
0.402605
0.210922
0.626049
0.662
0.409302
0.274128
0.199162
0.662
0.662
0.0667118
0.662
0.662
0.219001
0.330427
0.121279
0.662
0.467486
0.662
0.213294
0.662
0.38773
0.662
0.558768
0.662
0.662
0.4105
0.662
0.0178581
0.246987
0.196503
0.248398
0.283144
0.662
0.458016
0.0118282
0.662
0.250491
0.427997
0.175449
0.436827
0.662
0.662
0.662
0.243476
0.555859
0.194689
0.662
0.12716
0.456294
0.51553
0.662
0.662
0.0333048
0.662
0.31982
0.272405
0.0316918
0.31831
0.0468388
0.662
0.207068
0.369773
0.324361
0.160083
0.429582
0.662
0.0309798
0.2398
0.400428
0.352056
0.484742
0.662
0.662
0.107995
0.662
0.450203
0.662
0.662
0.148276
0.0557526
0.246486
0.570253
0.662
0.392321
0.268769
0.184774
0.470706
0.234792
0.662
0.631481
0.662
0.0643767
0.00667666
0.662
0.662
0.390337
0.433894
0.363081
0.152155
0.116323
0.340298
0.462045
0.201761
0.440419
0.629455
0.662
0.662
0.20325
0.347578
0.662
0.460631
0.400255
0.207532
0.523914
0.662
0.137917
0.215241
0.209184
0.124802
0.637309
0.662
0.130847
0.662
0.558251
0.390045
0.112293
0.461223
0.662
0.662
0.421984
0.473061
0.29243
0.260844
0.662
0.305528
0.347484
0.593357
0.624599
0.232431
0.375319
0.662
0.662
0.0906752
0.662
0.226458
0.662
0.129781
0.336641
0.204329
0.429928
0.395935
0.662
0.250429
0.661381
0.662
0.110228
0.662
0.0409023
0.459739
0.662
0.662
0.226617
0.391952
0.662
0.526664
0.662
0.662
0.662
0.0726661
0.525754
0.113982
0.662
0.662
0.155496
0.662
0.221174
0.662
0.662
0.662
0.622721
0.223782
0.662
0.42188
0.501961
0.105016
0.253963
0.662
0.662
0.662
0.424273
0.383248
0.106106
0.662
0.234145
0.24106
0.252598
0.10271
0.0908085
0.649465
0.591521
0.662
0.0355996
0.597388
0.662
0.624918
0.598377
0.249678
0.363203
0.372107
0.118774
0.152452
0.662
0.408978
0.192939
0.602719
0.662
0.662
0.0252268
0.436949
0.662
0.662
0.662
0.662
0.662
0.323736
0.231364
0.238214
0.662
0.662
0.662
0.662
0.286601
0.631802
0.467266
0.0681819
0.662
0.368957
0.662
0.315799
0.525505
0.662
0.595488
0.662
0.439607
0.15268
0.130153
0.177718
0.235876
0.266584
0.662
0.00414928
0.164818
0.645516
0.199544
0.425791
0.662
0.0423657
0.662
0.0842143
0.662
0.187393
0.662
0.221911
0.123986
0.662
0.662
0.195258
0.475042
0.662
0.406896
0.662
0.205947
0.543228
0.117835
0.662
0.318934
0.662
0.0398029
0.662
0.168959
0.285549
0.246485
0.22154
0.289384
0.490951
0.452844
0.465556
0.0205485
0.587026
0.662
0.530753
0.124165
0.0257595
0.662
0.662
0.662
0.662
0.31977
0.662
0.174636
0.662
0.363375
0.662
0.167951
0.6581
0.123903
0.662
0.581004
0.0496094
0.0438845
0.629101
0.60548
0.297401
0.00842663
0.433982
0.477803
0.152741
0.548737
0.293094
0.0864288
0.168555
0.662
0.210808
0.662
0.468607
0.00610895
0.662
0.32353
0.662
0.447821
0.163659
0.139284
0.233355
0.662
0.662
0.362896
0.141203
0.349152
0.362245
0.662
0.467777
0.451311
0.573721
0.0757373
0.662
0.662
0.63339
0.326168
0.0342528
0.0564971
0.662
0.537524
0.662
0.662
0.204971
0.13933
0.662
0.311644
0.374774
0.15829
0.590653
0.662
0.662
0.229372
0.406533
0.457526
0.417277
0.261199
0.662
0.662
0.0746249
0.662
0.384715
0.662
0.259184
0.662
0.362071
0.662
0.627376
0.662
0.662
0.662
0.296545
0.0737163
0.141955
0.662
0.440276
0.069713
0.662
0.404594
0.529252
0.662
0.5605
0.364429
0.662
0.569905
0.662
0.454941
0.495686
0.662
0.143417
0.0276791
0.241349
0.0901399
0.662
0.662
0.123228
0.189487
0.208151
0.652899
0.052441
0.657836
0.662
0.662
0.662
0.662
0.662
0.662
0.662
0.638951
0.662
0.662
0.30905
0.222145
0.662
0.165941
0.614866
0.209612
0.608447
0.448702
0.662
0.662
0.211026
0.662
0.484602
0.308514
0.662
0.104213
0.592436
0.287549
0.662
0.662
0.662
0.662
0.327673
0.0375195
0.492573
0.515217
0.662
0.0861748
0.662
