0.204329
0.662
0.0439596
0.662
0.229372
0.0245719
0.662
0.00999562
0.253963
0.662
0.662
0.4105
0.662
0.408978
0.662
0.171572
0.523914
0.0496094
0.0342528
0.206535
0.356162
0.436949
0.484602
0.662
0.0842073
0.662
0.340298
0.662
0.3778
0.585831
0.148276
0.152741
0.242751
0.662
0.662
0.662
0.363203
0.107014
0.0901399
0.662
0.0737163
0.662
0.183764
0.0172691
0.274128
0.662
0.352097
0.662
0.211351
0.662
0.186409
0.662
0.286601
0.0681497
0.203963
0.222449
0.0580189
0.662
0.124802
0.29582
0.662
0.452844
0.542427
0.662
0.433982
0.208662
0.608447
0.662
0.662
0.454932
0.662
0.136185
0.0757373
0.13933
0.165102
0.662
0.662
0.662
0.662
0.662
0.662
0.662
0.0252268
0.662
0.662
0.662
0.129781
0.0257595
0.662
0.0440216
0.0468388
0.237189
0.43917
0.318934
0.662
0.662
0.662
0.662
0.484742
0.662
0.260844
0.439607
0.662
0.662
0.406533
0.559259
0.404766
0.492963
0.238486
0.662
0.662
0.199776
0.662
0.662
0.662
0.662
0.210808
0.53462
0.362071
0.662
0.662
0.392706
0.662
0.142104
0.662
0.467851
0.229136
0.662
0.146279
0.326168
0.662
0.265785
0.295582
0.495686
0.662
0.283179
0.177718
0.209184
0.662
0.662
0.662
0.662
0.31354
0.644492
0.31831
0.638951
0.189572
0.234462
0.662
0.662
0.376409
0.069713
0.384715
0.662
0.375468
0.12716
0.223782
0.193648
0.0746249
0.18467
0.2478
0.0438845
0.16702
0.570048
0.573721
0.467266
0.662
0.662
0.216514
0.304525
0.662
0.662
0.662
0.103139
0.38773
0.320649
0.598377
0.185488
0.228254
0.0784869
0.239655
0.624599
0.629455
0.417363
0.662
0.224839
0.539163
0.662
0.662
0.662
0.558768
0.0681819
0.0409023
0.662
0.448702
0.268769
0.602719
0.378789
0.662
0.662
0.525505
0.657624
0.457526
0.662
0.372107
0.0423657
0.662
0.288707
0.196503
0.137917
0.662
0.432074
0.662
0.662
0.454941
0.662
0.346129
0.409302
0.662
0.662
0.00360765
0.662
0.662
0.168555
0.598346
0.118931
0.6264
0.662
0.215549
0.662
0.391952
0.555628
0.662
0.221174
0.40974
0.364429
0.662
0.123907
0.0333048
0.173347
0.202726
0.398484
0.662
0.410003
0.662
0.662
0.215721
0.170013
0.661027
0.4543
0.515217
0.662
0.352056
0.662
0.461223
0.347484
0.662
0.661877
0.662
0.123903
0.119116
0.662
0.0406666
0.00667666
0.42188
0.0205485
0.662
0.235009
0.662
0.475585
0.450203
0.662
0.17682
0.662
0.141148
0.662
0.121279
0.128813
0.662
0.246486
0.531466
0.24106
0.662
0.333819
0.349152
0.64934
0.323991
0.597388
0.662
0.196457
0.662
0.633391
0.372616
0.658765
0.00842663
0.263815
0.476761
0.199593
0.662
0.537524
0.135423
0.052441
0.380806
0.156402
0.662
0.312128
0.662
0.163392
0.662
0.0169365
0.350747
0.662
0.198474
0.421984
0.00843325
0.220526
0.114741
0.141445
0.417277
0.188229
0.477803
0.662
0.33188
0.235876
0.465556
0.0216847
0.662
0.105016
0.510357
0.222145
0.662
0.662
0.662
0.367254
0.390045
0.241637
0.227999
0.194502
0.184774
0.208151
0.474734
0.481222
0.0787115
0.32353
0.662
0.395935
0.418614
0.363375
0.33318
0.662
0.382932
0.662
0.113982
