0.644135
0.274019
0.662
0.083244
0.347179
0.0709499
0.662
0.662
0.374029
0.0119818
0.662
0.0986885
0.137587
0.445602
0.662
0.389036
0.0820396
0.0272831
0.662
0.47251
0.561228
0.662
0.662
0.245599
0.662
0.662
0.662
0.157061
0.0284802
0.372892
0.662
0.0315034
0.469661
0.656014
0.220189
0.662
0.388642
0.233886
0.0924174
0.613992
0.524146
0.662
0.644801
0.259965
0.662
0.196941
0.662
0.437365
0.308353
0.203654
0.0208179
0.415255
0.169843
0.00243858
0.662
0.0939863
0.662
0.662
0.662
0.652652
0.313651
0.315483
0.662
0.520406
0.556507
0.662
0.360103
0.286247
0.315175
0.330894
0.662
0.216669
0.624007
0.662
0.430302
0.662
0.662
0.283388
0.36347
0.662
0.366842
0.194509
0.302807
0.192958
0.662
0.643334
0.662
0.662
0.662
0.243576
0.585486
0.190363
0.0326843
0.137714
0.0115534
0.662
0.354546
0.137962
0.447794
0.662
0.662
0.279133
0.662
0.662
0.0508605
0.662
0.662
0.103824
0.662
0.552451
0.662
0.266375
0.574546
0.662
0.565262
0.204671
0.0553159
0.172024
0.190939
0.60653
0.00964761
0.076376
0.662
0.558601
0.191055
0.662
0.662
0.522749
0.557414
0.662
0.535934
0.662
0.437687
0.662
0.662
0.159405
0.480699
0.203918
0.662
0.420342
0.380372
0.642382
0.560983
0.266343
0.121515
0.410523
0.302037
0.662
0.662
0.640996
0.662
0.661374
0.662
0.551859
0.662
0.0912001
0.662
0.249236
0.440688
0.662
0.191309
0.237804
0.118941
0.277823
0.152184
0.127334
0.662
0.531785
0.622736
0.350093
0.181474
0.117031
0.662
0.234693
0.662
0.470873
0.440325
0.662
0.642564
0.348587
0.662
0.00604369
0.0396389
0.662
0.662
0.662
0.107954
0.440943
0.295031
0.662
0.0639585
0.35185
0.456789
0.662
0.559824
0.237846
0.662
0.662
0.338111
0.115944
0.408232
0.231621
0.558049
0.662
0.662
0.22272
0.662
0.568765
0.252712
0.361226
0.662
0.0815309
0.662
0.662
0.662
0.115231
0.448334
0.279411
0.146275
0.662
0.356711
0.606399
0.662
0.391713
0.662
0.662
0.423818
0.225343
0.662
0.662
0.29808
0.614647
0.0873204
0.662
0.346894
0.662
0.662
0.658634
0.648846
0.662
0.580616
0.308422
0.662
0.363997
0.612813
0.662
0.490173
0.422805
0.0713097
0.398822
0.280716
0.213148
0.496047
0.464046
0.609443
0.279675
0.461837
