0.436403
0.58006
0.662
0.662
0.092095
0.662
0.230359
0.044407
0.662
0.662
0.662
0.554218
0.177961
0.662
0.371321
0.662
0.35587
0.662
0.261334
0.662
0.197921
0.662
0.662
0.662
0.463429
0.280526
0.403639
0.431054
0.208969
0.0603165
0.252803
0.662
0.465478
0.322273
0.662
0.249854
0.31129
0.662
0.588951
0.662
0.339164
0.169242
0.37732
0.662
0.662
0.656966
0.20839
0.587984
0.387812
0.662
0.662
0.662
0.308934
0.01878
0.662
0.341709
0.354256
0.466781
0.0443029
0.662
0.662
0.662
0.14305
0.662
0.544453
0.607404
0.23546
0.662
0.0286848
0.143111
0.662
0.662
0.662
0.662
0.410848
0.662
0.662
0.662
0.598711
0.662
0.662
0.0182946
0.0549425
0.662
0.314358
0.220282
0.662
0.662
0.662
0.313308
0.380905
0.258851
0.194689
0.0653143
0.447328
0.662
0.00340775
0.104096
0.650901
0.662
0.662
0.308041
0.306046
0.123464
0.006411
0.662
0.401014
0.320861
0.54108
0.662
0.395949
0.273511
0.0494252
0.135292
0.662
0.662
0.536908
0.188584
0.250105
0.53683
0.0814868
0.37199
0.64089
0.614866
0.287371
0.109685
0.662
0.118561
0.167882
0.397303
0.450552
0.156759
0.662
0.457797
0.0450933
0.226022
0.662
0.495768
0.408463
0.662
0.662
0.62528
0.662
0.662
0.0359383
0.581266
0.15041
0.188682
0.662
0.662
0.662
0.39491
0.360508
0.662
0.0698755
0.325012
0.410658
0.662
0.662
0.0815531
0.0603541
0.378858
0.484257
0.662
0.149118
0.371418
0.344804
0.662
0.478699
0.557118
0.476056
0.499276
0.318707
0.662
0.662
0.374132
0.662
0.662
0.564398
0.662
0.662
0.662
0.336152
0.163681
0.293043
0.142496
0.61308
0.662
0.662
0.07555
0.662
0.662
0.3127
0.662
0.523915
0.0550075
0.662
0.0157278
0.320272
0.397526
0.503664
0.0735548
0.313653
0.0772539
0.662
0.452465
0.662
0.0596434
0.516766
0.662
0.197983
0.138085
0.662
0.662
0.662
0.662
0.29071
0.284838
0.416409
0.33255
0.662
0.0192519
0.123017
0.662
0.636632
0.56621
0.583439
0.662
0.662
0.304428
0.662
0.662
0.356764
0.643126
0.202713
0.662
0.602078
0.450843
0.468002
0.306367
0.662
0.662
0.305589
0.226231
0.230536
0.0956332
0.43014
0.662
0.662
0.227012
0.662
0.321514
0.109601
0.420362
0.184
0.251174
0.436518
0.662
0.326365
0.662
0.662
0.662
0.662
0.662
0.465263
0.29505
0.123608
0.0286095
0.117631
0.0875219
0.367294
0.506337
0.076585
0.134858
0.0939295
0.196224
0.662
0.198087
0.662
0.662
0.475882
0.62452
0.316795
0.0495321
0.662
0.54531
0.662
0.662
0.662
0.26375
0.18384
0.662
0.453219
0.49868
0.501466
0.662
0.183923
0.662
0.109189
0.299797
0.319443
0.662
0.558327
0.662
0.449734
0.662
0.269602
0.662
0.195817
0.323655
0.373452
0.0112218
0.243927
0.662
0.454465
0.603478
0.599453
0.462487
0.489126
0.593357
0.662
0.322481
0.41799
0.356734
0.562131
0.169966
0.662
0.0969654
0.171701
0.382745
0.104551
0.662
0.662
0.208984
0.662
0.339913
0.328578
0.273301
0.662
0.20325
0.154782
0.435721
0.213714
0.662
0.583657
0.313255
0.27843
0.325081
0.662
0.345927
0.372801
0.662
0.0901716
0.662
0.207114
0.27338
0.0561982
0.237431
0.176477
0.423081
0.662
0.177986
0.14657
0.662
0.662
0.662
0.662
0.408992
0.159696
0.17537
0.662
0.154384
0.662
0.583847
0.474351
0.662
0.470706
0.662
0.52222
0.662
0.662
0.129895
0.203631
0.662
0.427997
0.662
0.662
0.487339
0.662
0.0327627
0.662
0.662
0.262127
0.119352
0.662
0.316978
0.662
0.409065
0.41526
0.0921612
0.662
0.662
0.381787
0.285077
0.662
0.662
0.22154
0.662
0.662
0.662
0.662
0.608317
0.658364
0.476302
0.662
0.141633
0.446992
0.662
0.209412
0.30578
0.635309
0.425991
0.662
0.208484
0.338792
0.662
0.260599
0.157843
0.662
0.19613
0.0730056
0.446387
0.122313
0.126359
0.220729
0.662
0.0335473
0.662
0.280153
0.519749
0.597669
0.556599
0.0992973
0.662
0.343898
0.662
0.159128
0.412132
0.103657
0.662
0.283993
0.662
0.0753358
0.0577244
0.662
0.178062
0.662
0.0620111
0.482247
0.662
0.662
0.00428356
0.45404
0.213294
0.254517
0.288157
0.662
0.126871
0.257286
0.662
0.662
0.552402
0.252252
0.242227
0.294117
0.234332
0.272824
0.131542
0.100325
0.486547
0.417482
0.662
0.479187
0.197955
0.229255
0.662
0.189988
0.163346
0.662
0.662
0.662
0.662
0.303115
0.662
0.144854
0.126755
0.662
0.197111
0.129757
0.0490183
0.291885
0.163349
0.0333225
0.199358
0.144465
0.662
0.186916
0.559873
0.161263
0.267026
0.662
0.197729
0.662
0.285638
0.332519
0.311489
0.175673
0.205284
0.107625
0.0817763
0.349725
0.39387
0.611424
0.300646
0.26293
0.201118
0.662
0.662
0.312227
0.662
0.662
0.146864
0.0440649
0.633253
0.164641
0.187503
0.105824
0.167084
0.662
0.662
0.662
0.208355
0.332847
0.662
0.00411303
0.662
0.662
0.443895
0.191313
0.142203
0.662
0.662
0.662
0.662
0.449442
0.581771
0.662
0.312258
0.662
0.459154
0.216595
0.374188
0.662
0.618994
0.0766982
0.62947
0.662
0.538049
0.197493
0.080835
0.382813
0.394156
0.662
0.29271
0.662
0.397862
0.277123
0.148967
0.662
0.662
0.662
0.662
0.409947
0.662
0.662
0.662
0.0991681
0.229661
0.662
0.662
0.0578993
0.284467
0.646912
0.00416383
0.662
0.662
0.662
0.34555
0.662
0.490949
0.106977
0.618205
0.662
0.477018
0.662
0.125115
0.0923152
0.115073
0.662
0.662
0.613225
0.36943
0.430119
0.317121
0.0719118
0.662
0.496212
0.34859
0.456653
0.662
0.462128
0.662
0.392252
0.504976
0.662
0.0910725
0.232131
0.123398
0.662
0.0909195
0.220207
0.662
0.662
0.662
0.169295
0.454011
0.156235
0.633599
0.407062
0.479327
0.318519
0.662
0.419003
0.662
0.662
0.10997
0.662
0.00437642
0.662
0.101472
0.662
0.38647
0.375979
0.341492
0.662
0.662
0.219516
0.372726
0.136314
0.289295
0.0698147
0.662
0.2955
0.310092
0.662
0.518853
0.0236511
0.505737
0.469477
0.662
0.631376
0.0407998
0.662
0.662
0.420157
0.360045
0.0432717
0.662
0.206206
0.625684
0.413205
0.662
0.0508619
0.662
0.662
0.171355
0.662
0.503877
0.416468
0.49414
0.320209
0.329456
0.05075
0.662
0.470656
0.0337701
0.662
0.406551
0.662
0.451713
0.312875
0.353716
0.638379
0.0574972
0.662
0.0829932
0.662
0.253773
0.431386
0.371856
0.200957
0.273979
0.455567
0.652166
0.662
0.330923
0.662
0.321082
0.410317
0.632974
0.25782
0.64976
0.662
0.662
0.105949
0.662
0.575907
0.662
0.662
0.276014
0.289798
0.609229
0.42655
0.662
0.155967
0.322338
0.243138
0.662
0.153681
0.399345
0.662
0.270704
0.636646
0.662
0.116717
0.17195
0.235647
0.339738
0.662
0.224086
0.662
0.662
0.400968
0.662
0.250311
0.643259
0.662
0.348433
0.662
0.104989
0.190613
0.662
0.219887
0.21675
0.662
0.640436
0.53407
0.609258
0.662
0.662
0.662
0.592436
0.662
0.662
0.662
0.662
0.662
0.662
0.0103533
0.662
0.662
0.286801
0.328094
0.354306
0.257313
0.146711
0.662
0.194643
0.662
0.662
0.648621
0.574563
0.662
0.171038
0.662
0.662
0.662
0.195743
0.184962
0.38082
0.662
0.0882059
0.107188
0.662
0.662
0.662
0.662
0.662
0.662
0.662
0.460241
0.523063
0.431923
0.502612
0.337245
0.662
0.421159
0.23307
0.0912359
0.0539605
0.662
0.662
0.0269155
0.662
0.662
0.357994
0.184675
0.662
0.662
0.30795
0.662
0.61902
0.190314
0.063609
0.108035
0.380089
0.662
0.179303
0.662
0.662
0.0246907
0.662
0.255481
0.224459
0.565697
0.662
0.330143
0.429165
0.662
0.175612
0.0494207
0.138359
0.493557
0.662
0.0972987
0.662
0.437836
0.260554
0.58115
0.114877
0.467761
0.662
0.605462
0.662
0.207481
0.177598
0.165941
0.193924
0.301519
0.0209422
0.662
0.0912485
0.383248
0.662
0.226675
0.662
0.229715
0.183192
0.662
0.373059
0.543333
0.156204
0.138096
0.595178
0.652858
0.430428
0.36089
0.483348
0.0855297
0.610396
0.0572575
0.662
0.662
0.617285
0.188133
0.605414
0.0781905
0.491098
0.46411
0.662
0.662
0.662
0.222652
0.193101
0.428393
0.662
0.19217
0.46102
0.576106
0.0390788
0.662
0.662
0.662
0.662
0.149174
0.162811
0.501154
0.216841
0.662
0.230382
0.0878399
0.0948721
0.529837
0.446857
0.662
0.0377438
0.154765
0.31679
0.097479
0.662
0.279093
0.662
0.314483
0.662
0.335666
0.481779
0.662
0.285841
0.662
0.662
0.102574
0.313414
0.305079
0.199864
0.662
0.662
0.125259
0.206346
0.211368
0.662
0.101884
0.662
0.662
0.49584
0.662
0.327857
0.356347
0.454195
0.662
0.208753
0.076529
0.160047
0.129056
0.662
0.662
0.662
0.455707
0.0750306
0.408327
0.662
0.544921
0.467631
0.662
0.662
0.366246
0.302691
0.143486
0.0261956
0.298887
0.108622
0.0260097
0.662
0.661241
0.662
0.502316
0.152155
0.662
0.215241
0.662
0.434507
0.410506
0.336587
0.42001
0.305393
0.377184
0.561447
