0.305528
0.448702
0.390337
0.662
0.31831
0.662
0.175298
0.662
0.234145
0.450203
0.662
0.662
0.555628
0.662
0.662
0.662
0.662
0.410003
0.204971
0.662
0.0439596
0.421984
0.662
0.662
0.581004
0.0681819
0.662
0.165941
0.259184
0.00843325
0.0285768
0.0726661
0.569905
0.475042
0.392706
0.662
0.662
0.293094
0.372107
0.662
0.662
0.60548
0.662
0.487057
0.467777
0.662
0.356162
0.662
0.629455
0.349152
0.408978
0.624599
0.662
0.662
0.207532
0.13933
0.175717
0.398484
0.244744
0.662
0.364429
0.513599
0.662
0.470112
0.252598
0.0375195
0.662
0.0438845
0.162696
0.274128
0.662
0.457526
0.530753
0.645516
0.187393
0.168555
0.662
0.362896
0.0309798
0.662
0.662
0.123903
0.392321
0.662
0.192939
0.662
0.662
0.425791
0.662
0.638951
0.662
0.662
0.662
0.460631
0.106106
0.477528
0.220964
0.34416
0.662
0.662
0.2398
0.289384
0.662
0.129781
0.662
0.662
0.347484
0.662
0.662
0.662
0.331077
0.662
0.0252268
0.4105
0.662
0.417277
0.00667666
0.662
0.63339
0.484844
0.118774
0.662
0.378789
0.662
0.124802
0.286601
0.326168
0.260844
0.164818
0.253963
0.662
0.662
0.662
0.662
0.662
0.296545
0.184774
0.235009
0.436827
0.15829
0.662
0.662
0.38773
0.662
0.433982
0.362245
0.16702
0.662
0.0924739
0.662
0.662
0.484602
0.229372
0.558768
0.662
0.199162
0.0316918
0.662
0.662
0.662
0.662
0.0746249
0.657624
0.662
0.662
0.657376
0.208151
0.210808
0.0861748
0.590653
0.201761
0.48651
0.222145
0.662
0.662
0.477803
0.0178581
0.219001
0.24106
0.389805
0.662
0.235876
0.391952
0.32353
0.0172691
0.29243
0.209184
0.608447
0.662
0.501961
0.2478
0.662
0.123986
0.662
0.304525
0.0257595
0.662
0.662
0.467486
0.10271
0.311644
0.515217
0.116323
0.167951
0.211026
0.0737671
0.0737163
0.662
0.662
0.447911
0.662
0.130153
0.226045
0.0920539
0.461223
0.662
0.662
0.662
0.598377
0.0667118
0.662
0.0901399
0.0991371
0.555859
0.0276791
0.293763
0.662
0.662
0.57647
0.246486
0.662
0.29582
0.662
0.0205485
0.0423657
0.662
0.662
0.467266
0.395935
0.662
0.209612
0.662
0.144238
0.662
0.173852
0.662
0.662
0.347578
0.662
0.42188
0.637309
0.537524
0.662
0.523914
0.242751
0.570253
0.662
0.188837
0.662
0.137917
0.363375
0.113982
0.409302
0.662
0.323736
0.662
0.340298
0.662
0.649465
0.662
0.439607
0.602719
0.195258
0.223782
0.262335
0.662
0.662
0.62823
0.662
0.629101
0.662
0.474128
0.363203
0.662
0.436949
0.202449
0.529252
0.268769
0.662
0.662
0.662
0.662
0.662
0.465556
0.662
0.429582
0.0496094
0.318934
0.662
0.662
0.451311
0.374774
0.238486
0.204329
0.662
0.0564971
0.662
0.297401
0.00842663
0.662
0.662
0.436831
0.0225089
0.221174
0.00414928
0.0908085
0.203963
0.597388
0.662
0.525505
0.384092
0.406896
0.152741
0.406533
0.662
0.662
0.627376
0.267218
0.241349
0.18467
0.53462
0.662
0.662
0.171572
0.245395
0.454941
0.459739
0.662
0.196503
0.662
0.0633118
0.51553
0.261199
0.662
0.652899
0.662
0.662
0.105016
0.228254
0.168959
0.0787115
0.148276
0.12716
0.107014
0.427483
0.363081
0.130847
0.662
0.662
0.662
0.573721
0.591521
0.662
0.0757373
0.174636
0.662
0.662
0.662
0.121279
0.221911
0.662
0.662
0.250491
0.631802
0.143417
0.352056
0.479767
0.492963
0.662
0.402605
0.524353
0.484742
0.452844
0.662
0.384715
0.0342528
0.00999562
0.0468388
0.440419
0.662
0.0398029
0.199776
0.538263
0.052441
0.657836
0.492573
0.662
0.631481
0.662
0.404594
0.0333048
0.177718
0.662
0.390045
0.069713
0.662
0.0784869
0.110228
0.495686
