0.390045
0.662
0.558251
0.0252268
0.662
0.134635
0.109685
0.658765
0.662
0.662
0.662
0.368551
0.461223
0.539163
0.662
0.662
0.0817763
0.372616
0.15829
0.605278
0.286601
0.308041
0.624428
0.434507
0.121279
0.662
0.662
0.662
0.154782
0.662
0.323527
0.006411
0.0765824
0.274128
0.662
0.468607
0.662
0.662
0.362245
0.662
0.105016
0.662
0.662
0.383752
0.475042
0.213294
0.470706
0.662
0.662
0.294117
0.0309798
0.662
0.467777
0.00414928
0.268769
0.662
0.467266
0.417277
0.203464
0.662
0.241637
0.662
0.624599
0.241349
0.313255
0.372107
0.662
0.662
0.505119
0.123464
0.662
0.12716
0.130153
0.662
0.0468388
0.0301067
0.454932
0.0409023
0.460631
0.454941
0.224459
0.211653
0.457526
0.515217
0.384
0.381658
0.662
0.662
0.154275
0.428102
0.205835
0.662
0.22154
0.347484
0.148967
0.662
0.661381
0.210808
0.224086
0.662
0.662
0.409302
0.364429
0.662
0.662
0.662
0.0375195
0.142693
0.30078
0.0496094
0.204
0.2478
0.427997
0.450203
0.0784869
0.662
0.593357
0.570253
0.571638
0.209184
0.348433
0.273511
0.519749
0.662
0.591521
0.662
0.615209
0.662
0.249678
0.662
0.662
0.662
0.392706
0.284502
0.0154551
0.00842663
0.662
0.662
0.537524
0.529252
0.602719
0.391952
0.662
0.662
0.242751
0.662
0.356162
0.662
0.662
0.425791
0.30795
0.564398
0.0787115
0.662
0.123903
0.662
0.662
0.199776
0.0423657
0.398484
0.61308
0.436949
0.662
0.203963
0.250491
0.0589299
0.481222
0.13933
0.662
0.0225089
0.0390788
0.662
0.152155
0.448702
0.302691
0.348868
0.662
0.00340775
0.368304
0.459154
0.305079
0.339913
0.608447
0.662
0.0735548
0.238946
0.0681819
0.501961
0.269516
0.662
0.4105
0.662
0.196503
0.487339
0.436831
0.124802
0.662
0.24106
0.662
0.662
0.662
0.662
0.311644
0.406896
0.406533
0.662
0.633253
0.662
0.662
0.662
0.542427
0.662
0.368957
0.0178581
0.662
0.662
0.662
0.432074
0.0438845
0.662
0.662
0.662
0.123986
0.662
0.253963
0.662
0.662
0.662
0.486781
0.662
0.342801
0.662
0.451311
0.203405
0.32353
0.662
0.662
0.525505
0.62947
0.60548
0.37199
0.148276
0.662
0.484602
0.476302
0.662
0.662
0.198495
0.188229
0.662
0.662
0.246486
0.226231
0.408978
0.662
0.052441
0.367294
0.080835
0.662
0.425389
0.0653143
0.0522637
0.436827
0.662
0.164818
0.375319
0.222449
0.20325
0.321514
0.116068
0.662
0.662
0.462487
0.662
0.2497
0.662
0.661877
0.151808
0.662
0.141445
0.38773
0.492963
0.662
0.656966
0.293094
0.662
0.221174
0.662
0.211026
0.526664
0.208617
0.662
0.662
0.192939
0.144238
0.336641
0.662
0.662
0.662
0.0737671
0.379162
0.00999562
0.662
0.662
0.191313
0.0396264
0.662
0.184
0.662
0.0667118
0.662
0.502612
0.662
0.326168
0.197729
0.261199
0.662
0.0816925
0.330477
0.378789
0.129781
0.0698147
0.0842073
0.662
0.662
0.0333048
0.662
0.662
0.304525
0.0205485
0.300633
0.395935
0.662
0.276048
0.31831
0.429582
0.662
0.477803
0.662
0.363375
0.662
0.662
0.662
0.662
0.234145
0.662
0.662
0.220526
0.220964
0.375468
0.260844
0.662
0.168555
0.137917
0.25099
0.384715
0.204971
0.352056
0.0316918
0.662
0.662
0.47863
0.0882059
0.361757
0.13918
0.199162
0.56239
0.662
0.410003
0.49868
0.662
0.662
0.131872
0.111703
0.662
0.662
0.2398
0.241071
0.19613
0.467631
0.467761
0.263815
0.662
0.662
0.662
0.662
0.631481
0.558327
0.316795
0.581004
0.0209422
0.662
0.662
0.484742
0.662
0.662
0.627376
0.63339
0.662
0.363203
0.0549425
0.208355
0.152741
0.662
0.0909195
0.214446
0.00667666
0.662
0.552643
0.107014
0.518853
0.662
0.173852
0.577818
0.555628
0.662
0.0910725
0.662
0.662
0.308465
0.33188
0.073559
0.662
0.318934
0.662
0.662
0.347477
0.662
0.662
0.193083
0.662
0.662
0.662
0.203671
0.224839
0.175717
0.207481
0.495686
0.501466
0.662
0.136035
0.662
0.662
0.0245719
0.0861748
0.662
0.112994
0.0908085
0.662
0.0355996
0.327857
0.559259
0.662
0.0261956
0.662
0.662
0.0541248
0.662
0.402605
0.53462
0.662
0.662
0.662
0.662
0.143417
0.662
0.30905
0.649465
0.662
0.662
0.277162
0.0620111
0.199593
0.455794
0.0126602
0.662
0.662
0.662
0.069713
0.662
0.450552
0.503877
0.0991371
0.662
0.590653
0.443833
0.229372
0.662
0.42188
0.378537
0.662
0.362896
0.219001
0.573721
0.421984
0.662
0.167951
0.662
0.440419
0.662
0.662
0.662
0.448409
0.0921612
0.638951
0.228254
0.0276791
0.0805969
0.479767
0.662
0.490951
0.229715
0.662
0.662
0.409065
0.133236
0.0858955
0.137237
0.0145583
0.409225
0.611424
0.614866
0.662
0.235009
0.607404
0.339738
0.662
0.662
0.235876
0.662
0.662
0.0956332
0.662
0.0901399
0.140966
0.221911
0.662
0.662
0.516588
0.662
0.36089
0.190197
0.662
0.322312
0.662
0.345927
0.662
0.662
0.523914
0.276014
0.662
0.662
0.662
0.592436
0.662
0.558768
0.493557
0.662
0.454819
0.213128
0.662
0.204329
0.662
0.340298
0.452844
0.13951
0.662
0.222145
0.225451
0.426033
0.662
0.629455
0.209612
0.177718
0.227999
0.0435103
0.662
0.662
0.662
0.662
0.662
0.62948
0.662
0.662
0.662
0.465556
0.662
0.662
0.662
0.193161
0.206995
0.662
0.662
0.495772
0.0398029
0.216841
0.3778
0.662
0.662
0.194689
0.662
0.0564971
0.349152
0.662
0.587026
0.168959
0.662
0.104989
0.662
0.662
0.662
0.302995
0.315799
0.597388
0.0757373
