0.662
0.662
0.182217
0.661913
0.662
0.0220155
0.169207
0.662
0.662
0.662
0.158328
0.0595904
0.662
0.662
0.355189
0.662
0.376227
0.327339
0.662
0.662
0.662
0.606709
0.662
0.491788
0.646965
0.662
0.662
0.662
0.662
0.28382
0.34211
0.662
0.662
0.637499
0.662
0.662
0.198449
0.292658
0.662
0.662
0.526048
0.138781
0.662
0.448096
0.165819
0.662
0.662
0.32567
0.662
0.662
0.181252
0.453606
0.662
0.662
0.645821
0.363997
0.662
0.660933
0.224772
0.312246
0.324243
0.16154
0.513811
0.641549
0.470249
0.215133
0.50325
0.662
0.545414
0.151673
0.386829
0.662
0.662
0.662
0.662
0.186649
0.662
0.662
0.662
0.326352
0.335137
0.662
0.603818
0.264234
0.21599
0.472433
0.502275
0.662
0.124304
0.348604
0.652367
0.662
0.662
0.662
0.612127
0.409957
0.662
0.10953
0.0915428
0.111918
0.190639
0.629133
0.662
0.0130565
0.399796
0.662
0.506609
0.662
0.0779905
0.633861
0.662
0.662
0.662
0.662
0.0425556
0.22436
0.550089
0.14649
0.202324
0.662
0.34109
0.197928
0.0517413
0.662
0.662
0.662
0.346156
0.20836
0.662
0.662
0.365666
0.338711
0.662
0.583723
0.209427
0.662
0.662
0.662
0.197737
0.662
0.642332
0.601509
0.476434
0.619745
0.341918
0.224918
0.266276
0.0660672
0.662
0.662
0.662
0.217481
0.662
0.381478
0.481773
0.314844
0.193006
0.332024
0.35988
0.340954
0.662
0.299139
0.645019
0.41338
0.0667913
0.0332847
0.438426
0.662
0.293835
0.297243
0.438071
0.534543
0.0167996
0.662
0.244004
0.199479
0.662
0.409519
0.0315801
0.234215
0.662
0.662
0.662
0.216859
0.127385
0.662
0.662
0.662
0.662
0.28203
0.643488
0.662
0.662
0.662
0.185257
0.36346
0.662
0.662
0.636391
0.0878579
0.277014
0.334659
0.643012
0.412563
0.662
0.00198872
0.418712
0.453169
0.201678
0.475239
0.662
0.435285
0.662
0.662
0.392277
0.175509
0.662
0.61365
0.255849
0.662
0.0676473
0.314839
0.191718
0.655031
0.662
0.662
0.252441
0.662
0.08612
0.662
0.367588
0.259394
0.527082
0.275483
0.42708
0.444412
0.305308
0.0766063
0.36959
0.662
0.020472
0.466513
0.662
0.210061
0.315002
0.662
0.224153
0.17184
0.471347
0.662
0.662
0.662
0.327821
0.586511
0.662
0.0171744
0.662
0.115125
0.421394
0.662
0.662
0.492145
0.170635
0.662
0.662
0.480235
0.662
0.662
0.153408
0.119251
0.584711
0.17697
0.662
0.436307
0.575854
0.662
0.149532
0.662
0.662
0.415045
0.392224
0.496617
0.662
0.0024309
0.269532
0.194965
0.662
0.400643
0.662
0.437853
0.662
0.376379
0.662
0.662
0.383446
0.296196
0.662
0.662
0.119099
0.443224
0.662
0.18007
0.336018
0.662
0.662
0.524266
0.390933
0.662
0.442663
0.662
0.662
0.0167848
0.662
0.662
0.662
0.193846
0.37573
0.127944
0.20971
0.183201
0.0727493
0.207293
0.662
0.200413
0.202335
0.319728
0.568744
0.662
0.0705105
0.662
0.268254
0.406282
0.662
0.180203
0.662
0.0217418
0.662
0.662
0.662
0.023057
0.603906
0.035336
0.230324
0.197853
0.524999
0.662
0.662
0.662
0.254573
0.662
0.662
0.662
0.291406
0.28204
0.662
0.357931
0.662
0.662
0.0499526
0.0549232
0.662
0.113824
0.662
0.633694
0.662
0.662
0.184841
0.662
0.197002
0.0181914
0.662
0.662
0.176389
0.662
0.487141
0.244531
0.230434
0.662
0.662
0.662
0.00870709
0.662
0.390488
0.662
0.662
0.605453
0.108415
0.0419939
0.249478
0.662
0.205388
0.209776
0.106854
0.643207
0.662
0.272148
0.662
0.193382
0.319965
0.662
0.662
0.305979
0.662
0.59587
0.662
0.662
0.196874
0.371885
0.516608
0.115237
0.399759
0.650496
0.651393
0.662
0.322297
0.527447
0.313413
0.058665
0.662
0.662
0.352056
0.662
0.662
0.212457
0.163263
0.551429
0.662
0.662
0.230425
0.135454
0.505192
0.526517
0.662
0.225706
0.197474
0.10329
0.305018
0.629406
0.340857
0.372254
0.662
0.662
0.440453
0.662
0.228484
0.662
0.271401
0.662
0.587114
0.269858
0.203007
0.662
0.0576132
0.109549
0.0507139
0.109967
0.141113
0.390586
0.505225
0.456964
0.205867
0.208232
0.662
0.662
0.513753
0.662
0.575362
0.638599
0.203226
0.228569
0.385446
0.0352802
0.290333
0.662
0.662
0.662
0.244477
0.662
0.0186662
0.206055
0.333719
0.662
0.662
0.24262
0.274626
0.310276
0.238986
0.470683
0.322603
0.359506
0.281494
0.444501
0.651413
0.264505
0.468588
0.311671
0.662
0.367398
0.351914
0.408865
0.630842
0.662
0.313811
0.662
0.662
0.662
0.150133
0.662
0.454507
0.0902971
0.105655
0.017187
0.271665
0.662
0.310344
0.662
0.508951
0.300464
0.495846
0.06905
0.040354
0.0579796
0.432787
0.162484
0.662
0.156279
0.662
0.662
0.171577
0.34707
0.662
0.252218
0.0613971
0.438275
0.662
0.0496004
0.662
0.227926
0.422198
0.662
0.662
0.364685
0.662
0.351699
0.0106455
0.662
0.662
0.0840493
0.419577
0.555378
0.662
0.196105
0.44586
0.662
0.00241212
0.662
0.0926157
0.662
0.662
0.399334
0.662
0.642625
0.475228
0.543574
0.385828
0.662
0.662
0.106784
0.662
0.477253
0.662
0.608287
0.270324
0.593602
0.503075
0.0982289
0.190512
0.412377
0.369831
0.662
0.165634
0.643728
0.4392
0.662
0.662
0.242998
0.662
0.662
0.112276
0.49042
0.662
0.131697
0.662
0.344909
0.662
0.00631207
0.662
0.662
0.525512
0.628765
0.662
0.662
0.356772
0.662
0.0896385
0.424528
0.662
0.662
0.263871
0.230236
0.308234
0.662
0.21182
0.102176
0.662
0.662
0.662
0.662
0.156949
0.071359
0.662
0.465958
0.246745
0.385481
0.317203
0.662
0.451838
0.133576
0.198777
0.443404
0.438517
0.662
0.238763
0.662
0.662
0.465306
0.435433
0.0725829
0.662
0.662
0.423518
0.662
0.146335
0.412059
0.662
0.607435
0.548638
0.236488
0.271977
0.499473
0.465586
0.03358
0.389581
0.662
0.662
0.297843
0.154384
0.662
0.662
0.20861
0.160219
0.188421
0.201415
0.11688
0.662
0.662
0.217709
0.662
0.662
0.662
0.662
0.192506
0.201025
0.662
0.0966091
0.0265251
0.662
0.662
0.239001
0.0977016
0.662
0.11324
0.380568
0.309433
0.662
0.32898
0.40616
0.283085
0.0871571
