0.662
0.228298
0.662
0.652004
0.20707
0.662
0.662
0.269093
0.276528
0.662
0.077728
0.578982
0.662
0.278042
0.27069
0.662
0.662
0.662
0.1713
0.467926
0.191095
0.121388
0.462988
0.507031
0.485523
0.0888444
0.48083
0.0189083
0.662
0.662
0.662
0.131758
0.662
0.165102
0.316412
0.593818
0.0238287
0.662
0.662
0.258944
0.265816
0.662
0.462538
0.395762
0.582625
0.179549
0.281607
0.662
0.399379
0.603455
0.207467
0.662
0.0430818
0.38825
0.00492133
0.662
0.208912
0.250827
0.342431
0.279742
0.63508
0.366612
0.662
0.556452
0.662
0.0645079
0.149591
0.102012
0.662
0.449984
0.0832836
0.627904
0.415094
0.662
0.662
0.611147
0.662
0.340839
0.274738
0.655323
0.183947
0.161283
0.340875
0.662
0.141989
0.329516
0.2329
0.0958563
0.246485
0.239458
0.509259
0.662
0.134539
0.113263
0.19857
0.147704
0.1703
0.436183
0.201797
0.118508
0.662
0.662
0.0666711
0.342444
0.65735
0.279661
0.662
0.354003
0.27427
0.0658218
0.662
0.456769
0.252894
0.31622
0.153261
0.379591
0.662
0.215549
0.662
0.662
0.352693
0.395724
0.662
0.662
0.633694
0.215721
0.167198
0.0155991
0.217121
0.662
0.662
0.118931
0.0695891
0.662
0.662
0.370013
0.228235
0.662
0.662
0.662
0.565552
0.662
0.662
0.376003
0.662
0.662
0.662
0.229311
0.662
0.459182
0.0246618
0.157775
0.662
0.128346
0.461207
0.633917
0.662
0.136185
0.428209
0.239783
0.165589
0.258028
0.265715
0.449444
0.541349
0.638043
0.160921
0.137459
0.465214
0.283922
0.284302
0.321203
0.625071
0.662
0.376738
0.662
0.662
0.203936
0.189673
0.000933679
0.400854
0.608893
0.0681497
0.662
0.662
0.430792
0.662
0.223508
0.181096
0.662
0.414531
