0.632121
0.345114
0.15957
0.662
0.662
0.201437
0.662
0.451366
0.662
0.35829
0.552451
0.662
0.398822
0.39446
0.662
0.208956
0.662
0.171501
0.423501
0.18873
0.662
0.624007
0.222178
0.423859
0.00226113
0.233886
0.235045
0.662
0.242994
0.662
0.373971
0.064634
0.0315034
0.281013
0.302037
0.125693
0.0381686
0.662
0.430302
0.662
0.662
0.221143
0.0815187
0.39178
0.191496
0.662
0.662
0.112486
0.556507
0.662
0.524413
0.423818
0.0873204
0.21093
0.348406
0.662
0.113484
0.0371939
0.662
0.662
0.171604
0.662
0.35185
0.277781
0.348189
0.662
0.662
0.633694
0.297713
0.203918
0.662
0.662
0.0815309
0.662
0.00243858
0.189803
0.662
0.326836
0.328899
0.662
0.47251
0.29808
0.280849
0.121676
0.185023
0.0147433
0.662
0.477008
0.0490176
0.584334
0.662
0.138192
0.662
0.656014
0.462849
0.298239
0.662
0.653425
0.3584
0.624479
0.662
0.452252
0.662
0.662
0.662
0.214372
0.410158
0.140856
0.557414
0.299781
0.662
0.521879
0.157061
0.464596
0.650918
0.242048
0.280969
0.643334
0.662
0.428496
0.662
0.132978
0.0284802
0.0455903
0.0762386
0.301137
0.402412
0.662
0.0396389
0.585486
0.247335
0.662
0.114182
0.662
0.0131426
0.483206
0.131799
0.103504
0.142369
0.662
0.00604369
0.193755
0.0742311
0.0297122
0.184214
0.622238
0.600707
0.250972
0.381284
0.187453
0.109238
0.0547213
0.251545
0.194509
0.662
0.641736
0.221339
0.19957
0.616911
0.60653
0.560983
0.335741
0.603092
0.383322
0.381028
0.662
0.644135
0.0324595
0.391201
0.213804
0.251991
0.076376
0.461837
0.340496
0.511925
0.662
0.662
0.209585
0.315483
0.662
0.191055
0.360061
0.369195
0.662
0.0483717
0.662
0.662
0.609443
0.662
0.650447
0.662
0.167503
0.404456
0.599424
0.662
0.662
