0.662
0.662
0.0875417
0.305074
0.662
0.127678
0.662
0.2143
0.00883446
0.0499769
0.616888
0.168599
0.388671
0.271036
0.396533
0.12037
0.662
0.157437
0.662
0.279312
0.662
0.207268
0.389839
0.662
0.294608
0.514411
0.662
0.662
0.217877
0.470736
0.662
0.117649
0.662
0.103396
0.0114081
0.662
0.438528
0.161433
0.662
0.287817
0.662
0.662
0.662
0.34909
0.662
0.662
0.662
0.287281
0.633218
0.255591
0.401623
0.662
0.178093
0.662
0.662
0.086638
0.170469
0.220364
0.662
0.662
0.207527
0.662
0.29241
0.420892
0.369615
0.443266
0.309079
0.326898
0.201292
0.662
0.401274
0.662
0.257132
0.662
0.144432
0.644076
0.202335
0.475236
0.196798
0.309376
0.662
0.507943
0.662
0.032106
0.639741
0.423413
0.449978
0.662
0.211095
0.662
0.662
0.662
0.662
0.167778
0.662
0.430874
0.200603
0.333075
0.662
0.662
0.662
0.662
0.053205
0.662
0.306504
0.214036
0.662
0.206767
0.559182
0.662
0.662
0.633925
0.633715
0.662
0.416675
0.662
0.662
0.662
0.0122451
0.0768914
0.662
0.356352
0.0193751
0.662
0.102694
0.633971
0.662
0.662
0.662
0.662
0.525143
0.396468
0.304753
0.457586
0.283149
0.239477
0.662
0.662
0.247576
0.14827
0.662
0.662
0.662
0.662
0.662
0.662
0.0144043
0.662
0.476676
0.662
0.662
0.317061
0.254851
0.636271
0.613453
0.0398977
0.05673
0.662
0.492246
0.364814
0.387297
0.662
0.662
0.239051
0.325982
0.662
0.464759
0.553155
0.662
0.348888
0.662
0.662
0.32054
0.255609
0.662
0.120292
0.383546
0.662
0.23891
0.111916
0.0559749
0.178513
0.121968
0.662
0.55595
0.385739
0.662
0.449859
0.662
0.179953
0.180857
0.662
0.662
0.662
0.662
0.662
0.465367
0.662
0.662
0.436206
0.662
0.0208888
0.199636
0.662
0.428776
0.499619
0.354983
0.32434
0.397491
0.662
0.181765
0.281445
0.662
0.662
0.662
0.662
0.31926
0.662
0.305864
0.281852
0.662
0.172838
0.428014
0.366124
0.662
0.471413
0.0882513
0.441723
0.216808
0.662
0.456757
0.224715
0.662
0.16684
0.127007
0.245011
0.392898
0.307478
0.125808
0.0188747
0.0580051
0.197452
0.662
0.662
0.555146
0.662
0.169356
0.203288
0.429656
0.276139
0.399814
0.286516
0.0565854
0.18609
0.662
0.421564
0.10591
0.662
0.0453792
0.300827
0.524553
0.662
0.356317
0.39631
0.0687878
0.187158
0.662
0.662
0.217699
0.662
0.320257
0.547637
0.465087
0.662
0.21933
0.662
0.418486
0.662
0.184105
0.475379
0.662
0.26157
0.202006
0.662
0.662
0.662
0.461816
0.435804
0.204503
0.461801
0.662
0.436481
0.662
0.510545
0.206703
0.204769
0.248875
0.662
0.662
0.352805
0.315515
0.662
0.662
0.506577
0.662
0.662
0.079485
0.662
0.662
0.494547
0.341327
0.129701
0.472291
0.662
0.471165
0.662
0.578112
0.0819227
0.253863
0.543511
0.662
0.662
0.662
0.370194
0.662
0.662
0.662
0.494855
0.662
0.409723
0.662
0.662
0.662
0.439109
0.453886
0.388435
0.120342
0.662
0.0373516
0.640107
0.284422
0.438764
0.189076
0.00936922
0.472172
0.0808202
0.378082
0.662
0.662
0.177167
0.662
0.662
0.411542
0.187442
0.662
0.662
0.57627
0.347871
0.087382
0.0912204
0.162796
0.174431
0.369224
0.204692
0.589919
0.294949
0.221449
0.662
0.590794
0.501721
0.662
0.442335
0.150401
0.662
0.475444
0.211266
0.417529
0.662
0.482579
0.472618
0.662
0.662
0.662
0.312564
0.345643
0.662
0.662
0.197854
0.662
0.662
0.662
0.315092
0.47706
0.187405
0.662
0.382618
0.131205
0.232738
0.174351
0.0966483
0.662
0.272341
0.0640603
0.228209
0.308607
0.662
0.392276
0.203495
0.662
0.250442
0.662
0.662
0.124318
0.536195
0.0389311
0.662
0.559505
0.523888
0.37307
0.662
0.295087
0.662
0.662
0.662
0.0594417
0.292987
0.25794
0.472615
0.208634
0.662
0.662
0.119448
0.434787
0.205963
0.180116
0.276046
0.104829
0.662
0.662
0.0471418
0.311642
0.662
0.271286
0.163816
0.184232
0.662
0.32036
0.453404
0.662
0.0252923
0.662
0.262854
0.236285
0.146412
0.169018
0.459633
0.109457
0.354605
0.546337
0.0129651
0.398728
0.520888
0.229789
0.355401
0.662
0.223971
0.662
0.236743
0.662
0.112367
0.439859
0.511369
0.662
0.662
0.449171
0.0349018
0.662
0.034829
0.662
0.0182716
0.662
0.0971707
0.403368
0.130469
0.178466
0.443904
0.662
0.335641
0.369882
0.190978
0.550251
0.662
0.662
0.195613
0.377405
0.29038
0.583811
0.210953
0.646376
0.471229
0.662
0.00936858
0.224979
0.262653
0.220087
0.662
0.342321
0.460969
0.662
0.662
0.662
0.359441
0.662
0.0981368
0.662
0.142484
0.163777
0.23041
0.662
0.222203
0.365389
0.258916
0.302047
0.662
0.237217
0.662
0.662
0.662
0.662
0.42219
0.29428
0.495281
0.346305
0.629887
0.343428
0.293364
0.436511
0.318638
0.662
0.430811
0.16254
0.662
0.579568
0.281668
0.282559
0.153357
0.505829
0.662
0.285931
0.662
0.321208
0.662
0.662
0.662
0.662
0.662
0.492562
0.229813
0.234484
0.27489
0.662
0.662
0.184139
0.662
0.0423486
0.518433
0.448481
0.249134
0.193424
0.278301
0.277993
0.462842
0.311973
0.136488
0.662
0.199141
0.203077
0.487186
0.662
0.351112
0.264152
0.44892
0.662
0.11996
0.355893
0.662
0.217288
0.289341
0.070612
0.171721
0.662
0.662
0.474383
0.0661273
0.662
0.159792
0.496646
0.662
0.416423
0.0910805
0.260373
0.662
0.291573
0.662
0.28871
0.240904
0.662
0.662
0.240116
0.345945
0.0964003
0.194661
0.194982
0.662
0.662
0.481854
0.662
0.236939
0.322198
0.099507
0.185548
0.662
0.369966
0.662
0.662
0.0729758
0.192855
0.0571394
0.402062
0.662
0.151276
0.662
0.338932
0.0347031
0.269803
0.662
0.662
0.60956
0.497294
0.662
0.662
0.662
0.410057
0.277538
0.549053
0.662
0.662
0.662
0.579684
0.163829
0.441227
0.262497
0.291215
0.439064
0.662
0.339752
0.277899
0.562979
0.09519
0.662
0.104203
0.662
0.26094
0.41225
0.662
0.214079
0.224384
0.373668
0.626467
0.32851
0.180104
0.498568
0.662
0.662
0.64846
0.250432
0.29914
0.420461
0.340366
0.103546
0.398337
0.662
0.609025
0.49925
0.662
0.24643
0.198344
0.225581
0.474593
0.126135
0.662
0.399166
0.662
0.0554607
0.662
0.662
0.662
0.662
0.557459
0.662
0.190074
0.662
0.662
0.387193
0.302512
0.0264579
0.519542
0.226201
0.20389
0.117292
0.365126
0.142838
0.341375
0.0386808
0.385988
0.662
0.398404
0.00450361
0.177129
0.202913
0.662
0.662
0.662
0.0768294
0.662
0.258086
0.119029
0.04342
0.245468
0.0748466
0.168045
0.21423
0.215465
0.438904
0.268724
0.662
0.110627
0.354624
0.468828
0.0745848
0.377509
0.662
0.236421
0.662
0.0940911
0.364286
0.583566
0.421267
0.609245
0.662
0.0259627
0.17376
0.211263
0.284661
0.030347
0.662
0.662
0.00578299
0.108415
0.639881
0.441976
0.0899652
0.0229189
0.644002
0.0425718
0.662
0.662
0.0888448
0.662
0.662
0.344488
0.541624
0.662
0.382193
0.333515
0.32327
0.662
0.418954
0.268417
0.199827
0.074787
0.0217562
0.266108
0.662
0.662
0.662
0.499001
0.662
0.662
0.236754
0.662
0.662
0.022054
0.387197
0.662
0.662
0.662
0.662
0.339088
0.453699
0.422102
0.662
0.662
0.460585
0.195487
0.140297
0.442339
0.662
0.662
0.0449556
0.274747
0.662
0.195171
0.662
0.662
0.662
0.57489
0.638632
0.662
0.372202
0.153837
0.662
0.297593
0.226561
0.662
0.496837
0.310639
0.113397
0.117182
0.322942
0.662
0.0271999
0.226562
0.662
0.469663
0.662
0.662
0.662
0.295075
0.662
0.325481
0.312865
0.330473
0.378294
0.132488
0.383195
0.585603
0.222301
0.196504
0.662
0.324349
0.515812
0.195909
0.662
0.662
0.662
0.223586
0.207903
0.222863
0.13383
0.662
0.560409
0.444269
0.662
0.662
0.662
0.336577
0.524454
0.662
0.202172
0.662
0.28522
0.328781
0.662
0.662
0.21166
0.662
0.0143269
0.662
0.438687
0.662
0.662
0.349685
0.0666858
0.40573
0.618751
0.662
0.662
0.220944
0.662
0.295618
0.662
0.662
0.0938424
0.662
0.0571207
0.374737
0.38963
0.662
0.435685
0.662
0.662
0.662
0.662
0.293123
0.121003
0.138278
0.18745
0.662
0.190849
0.662
0.0755557
0.159725
0.233104
0.0187756
0.662
0.225902
0.228709
0.0667853
0.166608
0.480038
0.662
0.662
0.0120155
0.662
0.460375
0.662
0.662
0.330648
0.166803
0.0474746
0.448472
0.196914
0.662
0.662
0.33901
0.662
0.643024
0.31898
0.662
0.190746
0.217756
0.531038
0.585775
0.662
0.137741
0.662
0.662
0.662
0.662
0.0771491
0.662
0.413423
0.662
0.662
0.122639
0.363952
0.662
0.455092
0.168186
0.353003
0.662
0.12198
0.662
0.199286
0.187419
0.662
0.218747
0.662
0.488
0.119005
0.491585
0.311422
0.200374
0.410203
0.310743
0.053314
0.0504292
0.385828
0.470707
0.662
0.575994
0.530108
0.0956105
0.353315
0.662
0.274807
0.662
0.226402
0.662
0.662
0.474182
0.351844
0.208649
0.418873
0.662
0.662
0.326371
0.361122
0.318721
0.662
0.380462
0.160588
0.310284
0.0361015
0.662
0.58909
0.622085
0.350766
0.662
0.662
0.662
0.222188
0.526475
0.165119
0.662
0.658345
0.432242
0.236027
0.662
0.662
0.662
0.636649
0.662
0.662
0.0583253
0.043892
0.662
0.662
0.662
0.662
0.662
0.109143
0.662
0.662
0.208482
0.0343562
0.135483
0.519991
0.662
0.189566
0.662
0.662
0.662
0.421785
0.257014
0.473101
0.662
0.662
0.376151
0.49889
0.662
0.304611
0.662
0.525276
0.662
0.38517
0.662
0.662
0.662
0.402687
0.662
0.662
0.423002
0.662
0.662
0.662
0.631301
0.662
0.662
0.662
0.536999
0.127255
0.662
0.302076
0.408098
0.166465
0.382524
0.662
0.662
0.662
0.243516
0.424521
0.225448
0.662
0.247891
0.204857
0.662
0.586181
0.402728
0.462918
0.662
0.208037
0.469887
0.662
0.662
0.138786
0.191602
0.373451
0.0863714
0.388857
0.662
0.0888809
0.181493
0.504019
0.353362
0.662
0.662
0.274125
0.494505
0.44301
0.347744
0.332919
0.563786
0.662
0.662
0.662
0.47599
0.569274
0.15581
0.245689
0.662
0.662
0.453433
0.662
0.255107
0.662
0.390075
0.662
0.0788525
0.43701
0.00920545
0.493031
0.360536
0.244069
0.662
0.0475536
0.321392
0.662
0.261732
0.0317678
0.662
0.154027
0.438549
0.209544
0.0442007
0.261405
0.610216
0.0773531
0.189374
0.411769
0.231725
0.13942
0.22981
0.390884
0.331981
0.257562
0.231076
0.662
0.464375
0.257583
0.662
0.662
0.205665
0.182417
0.399365
0.662
0.473116
0.130827
0.19918
0.461784
0.059044
0.662
0.300237
0.662
0.662
0.662
0.0350239
0.662
0.604858
0.0566106
0.00383787
0.662
0.211508
0.075967
0.479043
0.172771
0.286352
0.662
0.0782768
0.0145962
0.662
0.662
0.165232
0.0357814
0.192318
0.321262
0.662
0.103586
0.662
0.662
0.662
0.662
0.0573717
0.662
0.506768
0.662
0.662
0.1997
0.114784
0.30675
0.662
0.369003
0.157166
0.115189
0.405196
0.114679
0.662
0.662
0.662
0.662
0.337212
0.617687
0.496621
0.662
0.106692
0.656773
0.107244
0.0456549
0.300685
0.158318
0.632447
0.662
0.357305
0.42207
0.662
0.229081
0.662
0.662
0.177302
0.299297
0.576695
0.304848
0.378214
0.0997324
0.214187
0.44325
0.662
0.457468
0.376552
0.312304
0.652903
0.662
0.353482
0.169494
0.153881
0.662
0.662
0.557084
0.662
0.317691
0.564988
0.078618
0.662
0.619473
0.355607
0.378521
0.271424
0.214259
0.361477
0.662
0.45222
0.340384
0.259935
0.662
0.639676
0.180006
0.439081
0.662
0.0303018
0.662
0.628742
0.261668
0.169893
0.344489
0.277805
0.662
0.529535
0.606062
0.662
0.11184
0.123885
0.662
0.662
0.139296
0.662
0.457437
0.300443
0.662
0.662
0.198902
0.662
0.178502
0.350091
0.662
0.465482
0.199854
0.662
0.662
0.337477
0.459033
0.419624
0.230405
0.662
0.4707
0.501478
0.347578
0.557652
0.162436
0.207437
0.214391
0.437652
0.430999
0.662
0.267774
0.328944
0.662
0.17706
0.365214
0.625545
0.662
0.153889
0.662
0.662
0.185826
0.662
0.355746
0.662
0.662
0.662
0.662
0.0772891
0.00134066
0.662
0.130284
0.0436161
0.319427
0.484597
0.662
0.662
0.363507
0.662
0.662
0.0356541
0.239151
0.662
0.662
0.662
0.662
0.329502
0.662
0.662
0.23293
0.244994
0.149758
0.475392
0.662
0.662
0.390523
0.230795
0.662
0.121619
0.662
0.662
0.662
0.252608
0.00837449
0.662
0.239124
0.662
0.662
0.662
0.662
0.0287319
0.123079
0.307694
0.294905
0.463632
0.203128
0.107595
0.476926
0.657037
0.662
0.404586
0.406312
0.0834558
0.119446
0.294918
0.318143
0.270366
0.626472
0.556011
0.662
0.0495948
0.309659
0.539536
0.462937
0.238663
0.324808
0.20263
0.187409
0.662
0.248042
0.633572
0.153994
0.276816
0.0624944
0.620867
0.128366
0.348339
0.422058
0.0235049
0.0963331
0.662
0.662
0.544093
0.662
0.662
0.618577
0.662
0.162335
0.310409
0.485413
0.284622
0.662
0.662
0.461197
0.619963
0.202333
0.611211
0.371318
0.662
0.525089
0.239745
0.662
0.662
0.347983
0.631599
0.662
0.477471
0.079338
0.558235
0.662
0.662
0.400549
0.662
0.534777
0.662
0.662
0.662
0.662
0.662
0.662
0.642441
0.185107
0.277777
0.662
0.277444
0.662
0.322769
0.662
0.408356
0.662
0.476812
0.662
0.364969
0.172596
0.228719
0.662
0.445632
0.21371
0.129129
0.662
0.488005
0.43995
0.662
0.173399
0.662
0.662
0.219839
0.312993
0.210861
0.509107
0.214599
0.662
0.662
0.435285
0.43991
0.451948
0.662
0.154374
0.662
0.5265
0.130253
0.542529
0.53987
0.520368
0.662
0.662
0.20871
0.137734
0.662
0.662
0.662
0.579464
0.319224
0.171941
0.252799
0.277345
0.324031
0.228857
0.662
0.662
0.0121147
0.367995
0.662
0.527931
0.662
0.662
0.453903
0.299389
0.662
0.145077
0.157565
0.174384
0.662
0.294344
0.299964
0.662
0.100118
0.0185119
0.515017
0.362956
0.296688
0.118121
0.650545
0.662
0.662
0.662
0.431114
0.0238173
0.0490026
0.604917
0.662
0.0556604
0.426321
0.0327993
0.307525
0.662
0.662
0.352225
0.276817
0.662
0.207017
0.0234631
0.0964458
0.241906
0.0431007
0.662
0.662
0.250737
0.662
0.137328
0.586567
0.100807
0.208232
0.662
0.662
0.541431
0.662
0.229303
0.109306
0.0797824
0.584017
0.0305759
0.662
0.584931
0.116731
0.662
0.662
0.322883
0.651496
0.662
0.427288
0.662
0.419997
0.140274
0.192894
0.255854
0.662
0.336193
0.662
0.301356
0.662
0.662
0.220614
0.489388
0.0116365
0.0871116
0.294036
0.662
0.662
0.27003
0.47296
0.122688
0.662
0.394597
0.116223
0.003658
0.0306353
0.20036
0.662
0.662
0.448705
0.662
0.228359
0.662
0.179818
0.381515
0.268597
0.413302
0.263233
0.423321
0.349274
0.662
0.662
0.662
0.662
0.459439
0.662
0.662
0.193992
0.572937
0.662
0.662
0.204283
0.459746
0.662
0.285908
0.404763
0.357615
0.483343
0.458009
0.266216
0.0394329
0.384523
0.662
0.662
0.404434
0.662
0.285535
0.662
0.07572
0.662
0.228904
0.41456
0.662
0.659087
0.45897
0.32124
0.192503
0.217485
0.372191
0.662
0.523227
0.634234
0.330993
0.192028
0.176194
0.288416
0.0225955
0.662
0.360551
0.662
0.662
0.341047
0.662
0.144558
0.382094
0.662
0.605163
0.662
0.662
0.662
0.137048
0.662
0.280914
0.0052899
0.662
0.662
0.662
0.452895
0.174184
0.314056
0.662
0.662
0.029657
0.662
0.662
0.0556323
0.236961
0.569727
0.625337
0.662
0.662
0.662
0.662
0.209225
0.637951
0.219264
0.662
0.662
0.247973
0.0783105
0.233377
0.662
0.0251517
0.0411576
0.662
0.662
0.662
0.553091
0.0528488
0.662
0.299906
0.185857
0.0468281
0.662
0.109805
0.457747
0.662
0.194805
0.662
0.662
0.01171
0.192422
0.377008
0.362579
0.246847
0.229792
0.137125
0.662
0.0650495
0.662
0.662
0.529144
0.185814
0.662
0.130073
0.662
0.662
