0.662
0.662
0.477803
0.295582
0.229372
0.662
0.662
0.417277
0.537524
0.662
0.432074
0.326168
0.320082
0.662
0.452844
0.202726
0.274128
0.662
0.372616
0.184774
0.118931
0.662
0.662
0.662
0.052441
0.143303
0.662
0.266305
0.228254
0.588054
0.163392
0.136185
0.378789
0.069713
0.539163
0.559259
0.657624
0.0238287
0.432949
0.662
0.00999562
0.351582
0.454932
0.625071
0.436949
0.0787115
0.662
0.662
0.193648
0.183764
0.245808
0.662
0.0245719
0.33188
0.662
0.18467
0.0876142
0.662
0.408978
0.399096
0.406533
0.46226
0.662
0.0172691
0.364429
0.662
0.662
0.662
0.662
0.238486
0.662
0.189572
0.38773
0.662
0.0439596
0.0189083
0.201901
0.644492
0.638951
0.454941
0.0519145
0.137917
0.245395
0.167786
0.662
0.208151
0.633917
0.662
0.662
0.372107
0.662
0.433982
0.41936
0.662
0.142104
0.662
0.352056
0.662
0.204329
0.246486
0.662
0.27103
0.484602
0.467266
0.241637
0.130267
0.662
0.555628
0.662
0.662
0.222145
0.662
0.662
0.662
0.64934
0.662
0.398484
0.662
0.288707
0.662
0.223782
0.662
0.235876
0.662
0.573721
0.662
0.0333048
0.152741
0.386217
0.00360765
0.417363
0.662
0.148276
0.0205485
0.215721
0.237189
0.662
0.662
0.662
0.186409
0.662
0.286893
0.146629
0.474734
0.662
0.114741
0.662
0.333819
0.128813
0.530987
0.662
0.224839
0.150271
0.465556
0.662
0.0252268
0.662
0.350747
0.662
0.221174
0.662
0.662
0.392706
0.16702
0.585831
0.662
0.662
0.662
0.0842073
0.662
0.495686
0.597388
0.662
0.448702
0.41501
0.439607
0.375468
0.662
0.662
0.0342528
0.232297
0.662
0.662
0.320649
0.235009
0.662
0.13933
0.662
0.662
0.0681497
0.215549
0.272437
0.4105
0.0468388
0.662
0.662
0.141445
0.542427
0.123903
0.395935
0.662
0.209184
0.185488
0.662
0.629455
0.662
0.476761
0.199593
0.0438845
0.604025
0.467851
0.461223
0.17682
0.165102
0.450203
0.121279
0.662
0.349152
0.264462
0.229136
0.199776
0.662
0.141148
0.32353
0.0580189
0.376409
0.234462
0.662
0.662
0.662
0.346129
0.041728
0.662
0.190449
0.0681819
0.263815
0.612391
0.439343
0.662
0.662
0.391882
0.662
0.662
0.475597
0.220526
0.0737163
0.662
0.105016
0.199441
0.662
0.53462
0.0486495
0.662
0.608447
0.222449
0.457526
0.662
0.384715
0.622354
0.31354
0.662
0.410003
0.658765
0.662
0.662
0.662
0.570048
0.662
0.662
0.153413
0.662
0.363375
0.662
0.662
0.107014
0.662
0.523914
0.188229
0.2478
0.194502
0.662
0.066222
0.662
0.662
0.168555
0.304525
0.129652
0.318934
0.421984
0.662
0.0257595
0.662
0.662
0.476845
0.354666
0.242751
0.0784869
0.206535
0.6264
0.662
0.0757373
0.363203
0.662
0.0901399
0.0986972
0.171572
0.313532
0.0440216
0.662
0.12127
0.0423657
0.3778
0.481222
0.347484
0.196893
0.662
0.157775
0.367254
0.418614
0.662
0.356162
0.662
0.662
0.0114218
0.662
0.661877
0.390045
