0.0423486
0.638632
0.616888
0.206767
0.075967
0.584931
0.372202
0.26963
0.217288
0.424947
0.627644
0.371318
0.662
0.01171
0.359441
0.279312
0.056153
0.662
0.62897
0.238763
0.292987
0.662
0.593602
0.332095
0.662
0.183413
0.662
0.662
0.286311
0.138781
0.266239
0.662
0.662
0.353121
0.662
0.662
0.413704
0.436398
0.662
0.423655
0.662
0.662
0.662
0.659087
0.568737
0.17609
0.662
0.608528
0.481854
0.315901
0.49889
0.336327
0.166608
0.662
0.662
0.662
0.249134
0.493031
0.300237
0.624734
0.662
0.53987
0.662
0.558235
0.156949
0.221449
0.662
0.662
0.662
0.585603
0.662
0.439109
0.209542
0.662
0.662
0.662
0.662
0.456335
0.257395
0.174184
0.0217337
0.403274
0.662
0.102176
0.160588
0.169356
0.662
0.00631207
0.294608
0.662
0.505126
0.356317
0.662
0.662
0.662
0.662
0.355746
0.662
0.662
0.662
0.476676
0.24744
0.438071
0.662
0.104829
0.662
0.29283
0.636649
0.589755
0.383446
0.662
0.662
0.26157
0.662
0.662
0.383213
0.662
0.207268
0.662
0.295618
0.662
0.662
0.524999
0.662
0.662
0.662
0.0235049
0.0789189
0.448096
0.244059
0.0871116
0.569727
0.662
0.662
0.293123
0.662
0.662
0.448481
0.662
0.614578
0.200603
0.662
0.662
0.662
0.136488
0.662
0.662
0.662
0.191602
0.662
0.286415
0.662
0.662
0.294949
0.310743
0.0729758
0.662
0.457586
0.355266
0.662
0.180277
0.465958
0.662
0.44325
0.168186
0.662
0.381515
0.480528
0.0886856
0.107205
0.122688
0.662
0.662
0.085502
0.271977
0.0490026
0.177401
0.479571
0.662
0.0566106
0.471165
0.662
0.155846
0.662
0.662
0.125808
0.662
0.662
0.0499769
0.628765
0.238696
0.483194
0.360536
0.40573
0.28211
0.662
0.662
0.181537
0.643012
0.336193
0.198344
0.042073
0.531052
0.662
0.268162
0.343776
0.269858
0.113994
0.662
0.134927
0.662
0.662
0.662
0.662
0.086638
0.117649
0.385446
0.662
0.662
0.0964458
0.645821
0.514866
0.662
0.34109
0.662
0.273823
0.586181
0.388671
0.245011
0.662
0.662
0.208033
0.23304
0.186794
0.276219
0.11184
0.662
0.662
0.610216
0.338932
0.662
0.2382
0.347853
0.497649
0.459746
0.20389
0.662
0.662
0.662
0.662
0.310639
0.197928
0.549053
0.431082
0.662
0.202341
0.347983
0.662
0.254274
0.222203
0.662
0.662
0.662
0.540771
0.184105
0.662
0.537903
0.662
0.315515
0.0939318
0.0452231
0.662
0.392224
0.662
0.662
0.269803
0.662
0.662
0.662
0.640107
0.290911
0.15581
0.541431
0.0495948
0.662
0.198365
0.25794
0.662
0.29241
0.662
0.0981368
0.559984
0.553383
0.146335
0.662
0.294684
0.311422
0.200374
0.662
0.100118
0.369831
0.662
0.416716
0.364969
0.553091
0.465363
0.662
0.244531
0.662
0.662
0.341327
0.049112
0.662
0.662
0.0623489
0.396582
0.662
0.662
0.662
0.662
0.129701
0.662
0.444501
0.0185119
0.21182
0.109549
0.442043
0.15757
0.662
0.310284
0.0910805
0.662
0.662
0.662
0.662
0.233377
0.619473
0.192028
0.029657
0.390714
0.210953
0.662
0.662
0.662
0.662
0.306354
0.662
0.378801
0.434786
0.662
0.383382
0.662
0.470707
0.550251
0.153461
0.662
0.382857
0.662
0.662
0.0253084
0.0248656
0.662
0.354605
0.476812
0.142368
0.662
0.343096
0.202335
0.572937
0.288309
0.435685
0.662
0.261732
0.165119
0.643207
0.662
0.392927
0.334281
0.662
0.00903615
0.223586
0.662
0.0431007
0.47296
0.302947
0.266276
0.0966091
0.0225955
0.662
0.557084
0.241405
0.662
0.662
0.330087
0.248872
0.293036
0.662
0.438507
0.662
0.662
0.0528488
0.474593
0.662
0.593922
0.662
0.238986
0.589051
0.662
0.662
0.662
0.417336
0.662
0.662
0.0698616
0.185826
0.662
0.662
0.662
0.662
0.177346
0.38368
0.369738
0.192318
0.662
0.307589
0.058435
0.456964
0.362956
0.0122451
0.525089
0.239745
0.662
0.228719
0.287483
0.193484
0.662
0.662
0.662
0.24262
0.128375
0.662
0.186093
0.399484
0.662
0.639676
0.230583
0.226609
0.435804
0.108415
0.230425
0.533464
0.226561
0.388201
0.259488
0.662
0.276809
0.04999
0.662
0.662
0.662
0.375594
0.662
0.0251845
0.539536
0.0624944
0.34211
0.168599
0.472615
0.0567406
0.651413
0.662
0.508951
0.662
0.44586
0.469663
0.480492
0.253947
0.434787
0.0783105
0.397154
0.662
0.208562
0.48702
0.662
0.190306
0.330381
0.662
0.285773
0.662
0.0840001
0.662
0.219839
0.378186
0.380568
0.0579796
0.662
0.662
0.662
0.505192
0.662
0.662
0.662
0.37573
0.41475
0.501721
0.357615
0.214391
0.662
0.160488
0.496837
0.0822743
0.662
0.662
0.392755
0.0753118
0.662
0.282271
0.116407
0.304555
0.289341
0.662
0.662
0.308234
0.618751
0.119284
0.181493
0.662
0.11324
0.149066
0.662
0.662
0.662
0.605163
0.662
0.662
0.662
0.328333
0.0827602
0.236754
0.662
0.662
0.662
0.053205
0.662
0.662
0.594141
0.393733
0.662
0.071359
0.662
0.0118712
0.0808202
0.0385822
0.138739
0.662
0.269225
0.662
0.0882513
0.662
0.662
0.662
0.662
0.167691
0.662
0.656773
0.422102
0.281028
0.351699
0.662
0.0560285
0.601377
0.184232
0.291861
0.662
0.468828
0.190743
0.381478
0.1997
0.662
0.545096
0.662
0.310785
0.11102
0.457522
0.131281
0.662
0.135483
0.572905
0.322603
0.333719
0.459439
0.419624
0.230405
0.662
0.662
0.662
0.157614
0.552384
0.163263
0.662
0.336517
0.662
0.333515
0.620222
0.271424
0.105875
0.254573
0.185814
0.662
0.521879
0.662
0.576695
0.276817
0.662
0.391735
0.109967
0.662
0.0259627
0.633218
0.445438
0.322883
0.662
0.506557
0.0798059
0.662
0.201415
0.662
0.148414
0.46669
0.307478
0.313458
0.152213
0.662
0.0565854
0.114679
0.662
0.342321
0.395955
0.444714
0.662
0.175086
0.653626
0.404586
0.662
0.392936
0.120342
0.295031
0.388987
0.662
0.662
0.315126
0.662
0.662
0.376129
0.486987
0.186649
0.662
0.239623
0.452502
0.280914
0.662
0.584999
0.346156
0.292206
0.349983
0.339008
0.662
0.662
0.439064
0.662
0.02909
0.662
0.0265251
0.662
0.59217
0.208037
0.662
0.11688
0.662
0.662
0.208232
0.308607
0.172596
0.662
0.662
0.662
0.443904
0.345979
0.662
0.211263
0.18768
0.195171
0.299297
0.662
0.662
0.216859
0.288565
0.340897
0.52456
0.250442
0.662
0.0516564
0.662
0.344488
0.662
0.388768
0.337143
0.662
0.193424
0.662
0.214259
0.662
0.662
0.662
0.662
0.662
0.158318
0.662
0.662
0.244994
0.657037
0.662
0.662
0.532355
0.662
0.469646
0.304848
0.113824
0.662
0.05673
0.662
0.0528311
0.622085
0.662
0.662
0.0964888
0.287907
0.592653
0.444224
0.662
0.0182716
0.364572
0.082922
0.662
0.662
0.00134066
0.259073
0.603818
0.438731
0.0467914
0.662
0.28706
0.128971
0.0024309
0.662
0.264152
0.662
0.0982289
0.390586
0.239051
0.662
0.330464
0.390523
0.662
0.194805
0.633861
0.217819
0.294344
0.472292
0.0625759
0.662
0.479043
0.662
0.662
0.268724
0.299067
0.0217418
0.488005
0.662
0.583055
0.435285
0.662
0.578112
0.117343
0.174351
0.424891
0.662
0.185257
0.268254
0.662
0.116731
0.100807
0.424521
0.182893
0.636271
0.185857
0.662
0.307879
0.662
0.457437
0.203288
0.372191
0.189825
0.662
0.662
0.662
0.662
0.117752
0.201678
0.661913
0.0797853
0.229081
0.0525464
0.585775
0.662
0.534463
0.0373516
0.662
0.662
0.662
0.0167848
0.187419
0.662
0.662
0.662
0.662
0.247576
0.662
0.137648
0.435557
0.662
0.248895
0.242108
0.662
0.662
0.0693309
0.23824
0.17376
0.0442007
0.390933
0.21166
0.253844
0.629887
0.662
0.204857
0.662
0.180006
0.662
0.662
0.662
0.662
0.226402
0.255089
0.662
0.423761
0.662
0.570416
0.662
0.328335
0.220944
0.228857
0.236913
0.662
0.579568
0.499619
0.662
0.662
0.662
0.662
0.408098
0.662
0.165819
0.64846
0.322297
0.494547
0.662
0.347871
0.631599
0.662
0.662
0.191039
0.662
0.396264
0.314839
0.217709
0.442891
0.140678
0.626863
0.662
0.248875
0.241906
0.662
0.159792
0.662
0.111918
0.662
0.662
0.396468
0.178093
0.0918404
0.223971
0.662
0.635463
0.257132
0.662
0.559538
0.46558
0.277224
0.416602
0.662
0.662
0.662
0.45897
0.327392
0.117182
0.0888448
0.143411
0.662
0.662
0.0971707
0.662
0.44314
0.328944
0.175512
0.662
0.172216
0.227536
0.236421
0.662
0.302753
0.315818
0.0938424
0.352027
0.662
0.662
0.662
0.662
0.662
0.662
0.0956105
0.246011
0.0347756
0.255107
0.432242
0.662
0.462842
0.3598
0.0557999
0.662
0.501824
0.662
0.00804479
0.538613
0.662
0.10335
0.522111
0.662
0.662
0.385765
0.398337
0.0731138
0.30522
0.228359
0.662
0.150401
0.330648
0.662
0.662
0.416675
0.231962
0.412424
0.599358
0.662
0.122189
0.332234
0.662
0.0120155
0.662
0.0184036
0.662
0.587493
0.197854
0.662
0.662
0.224384
0.430811
0.196302
0.349685
0.229303
0.662
0.662
0.643224
0.0687878
0.662
0.662
0.662
0.299389
0.662
0.224918
0.278245
0.662
0.288486
0.385828
0.234484
0.504617
0.541624
0.350279
0.439859
0.131205
0.369966
0.240231
0.662
0.662
0.662
0.395678
0.662
0.272214
0.326017
0.441976
0.208677
0.18128
0.480038
0.459032
0.448776
0.21423
0.353324
0.662
0.662
0.631428
0.585247
0.662
0.335648
0.230851
0.291963
0.662
0.662
0.464837
0.410351
0.662
0.533357
0.193302
0.662
0.662
0.336577
0.472041
0.118121
0.482579
0.318143
0.235674
0.293629
0.153881
0.0559749
0.155963
0.507943
0.361477
0.592582
0.195037
0.050324
0.428776
0.292791
0.662
0.447481
0.370826
0.439081
0.662
0.322769
0.0902401
0.239151
0.225448
0.625337
0.341711
0.555378
0.473578
0.662
0.662
0.551429
0.662
0.317061
0.662
0.662
0.662
0.473542
0.03358
0.206055
0.0757563
0.662
0.662
0.662
0.662
0.662
0.0947931
0.378294
0.277805
0.0306353
0.117033
0.662
0.639741
0.662
0.289088
0.378868
0.203128
0.662
0.662
0.662
0.283085
0.0871571
0.0988667
0.187158
0.10088
0.192993
0.411373
0.586511
0.28203
0.662
0.352805
0.0840493
0.662
0.150133
0.662
0.662
0.662
0.662
0.253124
0.610212
0.312304
0.662
0.537828
0.662
0.349274
0.156732
0.662
0.0938685
0.167699
0.229813
0.166652
0.499001
0.0573717
0.144558
0.662
0.662
0.662
0.662
0.531038
0.662
0.662
0.662
0.662
0.662
0.662
0.662
0.291806
0.348339
0.553305
0.662
0.268762
0.662
0.309387
0.0667853
0.211508
0.395581
0.629406
0.662
0.275771
0.662
0.341375
0.348821
0.406432
0.662
0.491585
0.204954
0.662
0.662
0.0536106
0.662
0.536195
0.471199
0.662
0.162467
0.0317678
0.420298
0.260373
0.662
0.612127
0.169893
0.317203
0.0238173
0.655004
0.662
0.60956
0.662
0.191941
0.0145962
0.192503
0.127678
0.662
0.662
0.216393
0.10953
0.662
0.124318
0.304753
0.035336
0.0398977
0.662
0.274872
0.662
0.343428
0.09519
0.662
0.563786
0.187409
