0.662
0.562131
0.169966
0.155406
0.191313
0.662
0.23546
0.662
0.230956
0.119138
0.662
0.420362
0.420157
0.43014
0.409947
0.662
0.662
0.662
0.469477
0.662
0.662
0.109189
0.662
0.58006
0.553708
0.430428
0.258523
0.0910725
0.0450933
0.662
0.662
0.318707
0.388299
0.662
0.258851
0.662
0.480633
0.46411
0.662
0.142203
0.449442
0.373452
0.305393
0.662
0.426658
0.662
0.0112218
0.0192519
0.413205
0.538049
0.547982
0.197921
0.107625
0.662
0.561447
0.662
0.662
0.431923
0.273699
0.662
0.104551
0.662
0.662
0.175612
0.662
0.662
0.662
0.662
0.238638
0.332519
0.52282
0.230382
0.583657
0.311432
0.662
0.252252
0.339913
0.191548
0.208355
0.416409
0.662
0.662
0.662
0.176477
0.0653143
0.662
0.31679
0.662
0.662
0.336587
0.617285
0.519749
0.131542
0.638379
0.0753358
0.131782
0.108792
0.202713
0.662
0.605414
0.611424
0.662
0.662
0.662
0.662
0.0103533
0.662
0.116717
0.0182946
0.365422
0.662
0.106977
0.430119
0.662
0.0715726
0.264044
0.165916
0.575907
0.583509
0.662
0.36005
0.36943
0.287371
0.109685
0.216841
0.557118
0.134858
0.257286
0.495768
0.146711
0.471584
0.662
0.234332
0.188133
0.605462
0.662
0.322273
0.374188
0.289798
0.27843
0.306367
0.502612
0.273468
0.155967
0.159696
0.395949
0.207481
0.17537
0.662
0.662
0.0620111
0.230536
0.42001
0.662
0.662
0.648621
0.662
0.371418
0.662
0.284467
0.662
0.662
0.62452
0.107188
0.662
0.260554
0.662
0.662
0.662
0.314406
0.662
0.410506
0.662
0.208484
0.484257
0.179221
0.07555
0.168558
0.662
0.464857
0.105824
0.261334
0.114877
0.436403
0.345927
0.595178
0.662
0.609258
0.662
0.662
0.576106
0.662
0.207114
0.662
0.662
0.298887
0.292453
0.62947
0.0246907
0.536908
0.662
0.0923152
0.115073
0.252181
0.313653
0.662
0.371321
0.264379
0.467631
0.354306
0.179791
0.105235
0.138085
0.662
0.662
0.558327
0.197983
0.0814868
0.480741
0.0351436
0.662
0.423081
0.0636229
0.662
0.662
0.662
0.446669
0.255481
0.399715
0.661241
0.387812
0.25782
0.662
0.422625
0.372726
0.0719118
0.160047
0.283993
0.346143
0.319443
0.58115
0.344804
0.662
0.662
0.00498615
0.0377438
0.336152
0.662
0.662
0.163346
0.123719
0.490342
0.662
0.393368
0.662
0.270704
0.662
0.394156
0.662
0.662
0.250311
0.662
0.583439
0.662
0.0544977
0.314483
0.662
0.123398
0.662
0.662
0.371856
0.49868
0.662
0.662
0.607404
0.662
0.412132
0.312227
0.662
0.662
0.177986
0.246575
0.662
0.377266
0.15041
0.382745
0.662
0.56621
0.625684
0.662
0.662
0.646912
0.437836
0.300646
0.662
0.313308
0.466781
0.662
0.662
0.662
0.662
0.662
0.478901
0.076585
0.285077
0.450157
0.662
0.662
0.518853
0.409065
0.662
0.0909195
0.662
0.455316
0.662
0.662
0.544921
0.260599
0.19613
0.101472
0.269602
0.662
0.0572575
0.320209
0.16915
0.662
0.188682
0.662
0.356347
0.156235
0.662
0.662
0.633599
0.420522
0.321514
0.662
0.29271
0.302691
0.0912359
0.662
0.314358
0.465263
0.123017
0.503664
0.26293
0.662
0.662
0.42655
0.662
0.357017
0.318519
0.662
0.662
0.662
0.216064
0.479327
0.483348
0.417482
0.220282
0.662
0.662
0.354102
0.339738
0.392145
0.0490183
0.662
0.425991
0.27338
0.0637542
0.662
0.174943
0.662
0.662
0.0972987
0.0499773
0.406551
0.01878
0.662
0.62465
0.662
0.662
0.477018
0.449734
0.0539605
0.190314
0.244714
0.312258
0.373059
0.429165
0.662
0.00340775
0.662
0.556599
0.662
0.476056
0.142496
0.246858
0.453219
0.662
0.0261956
0.662
0.618994
0.662
0.662
0.662
0.467172
0.0969654
0.662
0.308041
0.310092
0.590693
0.193101
0.428393
0.662
0.605133
0.205284
0.597632
0.662
0.195743
0.143051
0.198087
0.662
0.662
0.184
0.377184
0.341492
0.31492
0.305079
0.662
0.662
0.378858
0.401968
0.662
0.354022
0.662
0.076529
0.392252
0.662
0.662
0.662
0.588951
0.662
0.503877
0.063747
0.662
0.513932
0.0209422
0.662
0.41805
0.662
0.662
0.431483
0.662
0.662
0.410551
0.108622
0.662
0.159396
0.171701
0.614866
0.468002
0.609229
0.251174
0.434507
0.304428
0.484496
0.0921612
0.237431
0.454465
0.476302
0.446992
0.477431
0.3127
0.662
0.0561982
0.313255
0.193924
0.199864
0.0796338
0.61902
0.622287
0.276014
0.36089
0.662
0.662
0.662
0.372213
0.662
0.662
0.0939792
0.662
0.129895
0.242582
0.369462
0.662
0.0901716
0.662
0.662
0.476946
0.662
0.662
0.0550075
0.33255
0.456653
0.308934
0.662
0.208753
0.138359
0.122606
0.153681
0.662
0.220207
0.0192511
0.1553
0.327857
0.52222
0.447328
0.502316
0.444841
0.631504
0.29071
0.662
0.177598
0.662
0.662
0.320272
0.662
0.662
0.267615
0.662
0.00416383
0.662
0.279093
0.662
0.608317
0.662
0.662
0.652166
0.574563
0.126871
0.161263
0.662
0.662
0.41799
0.662
0.64976
0.662
0.640298
0.163349
0.167882
0.662
0.229715
0.635309
0.662
0.453579
0.662
0.45404
0.662
0.470955
0.126359
0.649311
0.179386
0.124189
0.0183728
0.662
0.662
0.662
0.464885
0.523915
0.316795
0.252803
0.662
0.197729
0.662
0.0518039
0.662
0.613225
0.374471
0.446109
0.551613
0.360045
0.430825
0.00428356
0.662
0.312329
0.2955
0.455567
0.662
0.401014
0.662
0.260832
0.201118
0.662
0.552402
0.374132
0.46102
0.0494207
0.481209
0.332847
0.662
0.462128
0.453048
0.662
0.184675
0.273301
0.662
0.0327627
0.362071
0.662
0.39491
0.662
0.662
0.104096
0.191723
0.662
0.407062
0.375979
0.450843
0.171355
0.175673
0.0707722
0.250239
0.330143
0.60479
0.273979
0.662
0.656966
0.209505
0.662
0.0999628
0.662
0.662
0.662
0.662
0.113662
0.662
0.320861
0.303115
0.0815531
0.0875219
0.53683
0.662
0.167842
0.662
0.662
0.0609383
0.662
0.662
0.226022
0.141633
0.662
0.0817763
0.328094
0.23307
0.130417
0.301519
0.655261
0.062021
0.662
0.455707
0.0577244
0.0691635
0.380089
0.662
0.044407
0.00961965
0.618205
0.662
0.662
0.427997
0.0882059
0.662
0.662
0.662
0.305924
0.662
0.505737
0.662
0.475882
0.662
0.295809
0.104989
0.662
0.245479
0.194643
0.662
0.650901
0.662
0.235647
0.129056
0.662
0.103657
0.0813386
0.636632
0.159128
0.662
0.125115
0.482247
0.118561
0.100325
0.209412
0.226231
0.436956
0.662
0.476088
0.163681
0.662
0.0912485
0.338792
0.329456
0.662
0.383349
0.169242
0.393932
0.435721
0.662
0.662
0.662
0.107679
0.458145
0.343898
0.123464
0.0815243
0.408327
0.175383
0.662
0.662
0.154384
0.662
0.280526
0.280153
0.49584
0.662
0.610396
0.366246
0.229255
0.285841
0.649431
0.0992973
0.662
0.662
0.069719
0.00411303
0.662
0.410848
0.322481
0.233684
0.179091
0.662
0.327448
0.325012
0.430397
0.662
0.0948721
0.34859
0.299797
0.0494252
0.662
0.652858
0.662
0.277123
0.0829932
0.341709
0.360508
0.397784
0.109601
0.0359383
0.662
0.0772539
0.455817
0.662
0.284838
0.662
0.633253
0.662
0.662
0.662
0.144465
0.662
0.49414
0.662
0.662
0.403639
0.521995
0.204693
0.662
0.206206
0.250105
0.62528
0.14305
0.587984
0.253773
0.662
0.063609
0.640436
0.279896
0.0750306
0.136314
0.662
0.311489
0.662
0.662
0.216483
0.295515
0.662
0.486547
0.662
0.499943
0.227012
0.579471
0.154782
0.305589
0.288157
0.230484
0.21675
0.0603165
0.326365
0.323655
0.4715
0.662
0.662
0.469591
0.181696
0.162811
0.080835
0.38647
0.662
0.306405
0.200957
0.662
0.662
0.313414
0.662
0.37199
0.0698147
0.128255
0.0359506
0.223724
0.477004
0.178062
0.662
0.662
0.226675
0.662
0.602078
0.470656
0.662
0.197955
0.183923
0.0407998
0.0443029
0.662
0.294117
0.143111
0.00748028
0.662
0.662
0.662
0.410317
0.662
0.662
0.128371
0.662
0.662
0.229661
0.46078
0.662
0.662
0.662
0.177961
0.0627281
0.662
0.662
0.31129
0.0100937
0.662
0.0269155
0.0578993
0.662
0.316978
0.662
0.662
0.662
0.662
0.662
0.408463
0.452465
0.0392601
0.05075
0.662
0.506653
0.410349
0.662
0.662
0.33326
0.662
0.662
0.208969
0.0816925
0.581771
0.224086
0.220015
0.312875
0.662
0.662
0.112212
0.662
0.662
0.662
0.662
0.32655
0.662
0.400968
0.249854
0.467761
0.196423
0.662
0.631376
0.662
0.662
0.446387
0.662
0.208984
0.215981
0.356764
0.328278
0.189988
0.295283
0.213714
0.463429
0.243927
0.203631
0.273511
0.662
0.662
0.233294
0.610483
0.662
0.0495321
0.204415
0.662
0.61308
0.53407
0.599453
0.0956332
0.276431
0.123608
0.218504
0.190613
0.18242
0.147823
0.0991681
0.491098
0.662
0.643259
0.408992
0.662
0.662
0.33901
0.125259
0.211368
0.662
0.662
0.662
0.64089
0.662
0.583847
0.0766982
0.662
0.54108
0.598711
0.104939
0.459154
0.662
0.662
0.242227
0.662
0.662
0.343642
0.502068
0.033856
0.164641
0.662
0.229565
0.613931
0.433228
0.118544
0.286801
0.662
0.662
0.385516
0.154757
0.436518
0.421159
0.257172
0.662
0.197493
0.410658
0.662
0.156204
0.662
0.247903
0.0236511
0.0284538
0.662
0.493557
0.662
0.224459
0.662
0.662
0.335666
0.446857
0.306046
0.662
0.662
0.29505
0.662
0.662
0.662
0.205231
0.267026
0.662
0.0878399
0.529837
0.38082
0.662
0.662
0.35587
0.348433
0.0735548
0.587986
0.662
0.119352
0.20839
0.156759
0.662
0.157843
0.657126
0.662
0.397526
0.662
0.662
0.506337
0.372801
0.662
0.195817
0.54531
0.597669
0.662
0.662
0.454011
0.219887
0.662
0.207993
0.662
0.662
0.186916
0.559873
0.0440649
0.349876
0.490949
