0.332718
0.147704
0.181096
0.655323
0.662
0.19857
0.278042
0.258028
0.662
0.295582
0.662
0.130267
0.662
0.662
0.662
0.662
0.662
0.428209
0.366612
0.662
0.199593
0.230908
0.228298
0.329516
0.202167
0.662
0.104442
0.554837
0.281607
0.662
0.188229
0.65157
0.217121
0.377777
0.157775
0.411352
0.662
0.453257
0.219327
0.662
0.215549
0.662
0.141445
0.0842073
0.662
0.112923
0.183187
0.474428
0.449444
0.102012
0.662
0.298416
0.513899
0.229311
0.0945934
0.000933679
0.251999
0.662
0.661877
0.662
0.252894
0.0370197
0.0832836
0.367254
0.191095
0.662
0.662
0.662
0.258944
0.319888
0.237053
0.662
0.279763
0.467926
0.0695891
0.163494
0.219289
0.212835
0.662
0.578982
0.0317518
0.662
0.662
0.662
0.662
0.222449
0.662
0.662
0.662
0.202726
0.115388
0.662
0.192679
0.582625
0.029674
0.662
0.1713
0.400854
0.662
0.376003
0.455537
0.662
0.342431
0.662
0.65867
0.141148
0.662
0.0658218
0.662
0.276528
0.662
0.662
0.198177
0.237497
0.0958563
0.215721
0.370013
0.250827
0.279661
0.457389
0.662
0.441828
0.662
0.20707
0.662
0.662
0.509259
0.395724
0.465253
0.662
0.662
0.203936
0.597846
0.284302
0.65735
0.0681497
0.38825
0.261422
0.274738
0.662
0.342444
0.662
0.0645079
0.265715
0.662
0.280846
0.662
0.662
0.179549
0.163392
0.662
0.662
0.593818
0.189673
0.64934
0.134539
0.140966
0.200328
0.662
0.283922
0.608893
0.662
0.662
0.126837
0.662
0.662
0.0155991
0.238486
0.662
0.183947
0.662
0.485523
0.662
0.662
0.208912
0.0606715
0.662
0.165102
0.253676
0.662
0.189572
0.662
0.229794
0.633676
0.647552
0.662
0.662
0.662
0.662
0.662
0.48083
0.354003
0.481222
0.662
0.566483
0.0189083
0.662
0.662
0.462538
0.625071
0.137459
0.0666711
0.00360765
0.169429
0.0430818
0.6264
0.31622
0.507031
0.63508
0.638043
0.198474
0.0246618
0.662
