0.662
0.560409
0.229303
0.662
0.465367
0.662
0.606062
0.662
0.593602
0.341327
0.214259
0.619473
0.662
0.289341
0.196302
0.186649
0.161433
0.330087
0.128375
0.292206
0.542529
0.662
0.662
0.662
0.469887
0.599358
0.662
0.390714
0.662
0.610216
0.330464
0.662
0.168599
0.336577
0.244059
0.289088
0.385765
0.662
0.187419
0.421564
0.050324
0.662
0.483194
0.274872
0.662
0.276219
0.662
0.347983
0.662
0.315126
0.308676
0.333719
0.362953
0.662
0.14827
0.381478
0.286311
0.438507
0.662
0.170181
0.300685
0.174184
0.20389
0.662
0.27489
0.185814
0.662
0.020607
0.662
0.320257
0.662
0.662
0.226561
0.294905
0.239051
0.282271
0.44892
0.201678
0.662
0.662
0.410203
0.662
0.00134066
0.439081
0.199854
0.05673
0.365126
0.341375
0.348821
0.153461
0.662
0.462842
0.662
0.662
0.572905
0.662
0.662
0.23824
0.0840493
0.129701
0.328335
0.409723
0.336327
0.181537
0.605163
0.456757
0.662
0.295618
0.662
0.662
0.662
0.662
0.439064
0.662
0.0251845
0.378214
0.26094
0.192894
0.477431
0.645821
0.501721
0.662
0.0265251
0.157614
0.189076
0.662
0.662
0.662
0.341711
0.662
0.159573
0.168045
0.662
0.662
0.206055
0.184105
0.181765
0.382193
0.184072
0.229813
0.662
0.230425
0.662
0.442043
0.662
0.0988667
0.0886856
0.633861
0.549053
0.662
0.662
0.250432
0.291806
0.662
0.662
0.662
0.137328
0.662
0.662
0.233975
0.0248656
0.00774146
0.662
0.441227
0.662
0.196914
0.349274
0.11184
0.11324
0.662
0.557334
0.662
0.46669
0.223586
0.662
0.349983
0.0554746
0.662
0.662
0.662
0.0145962
0.525089
0.239745
0.662
0.0687878
0.662
0.662
0.662
0.662
0.662
0.34211
0.395678
0.259073
0.662
0.354983
0.387193
0.533357
0.662
0.481854
0.224384
0.662
0.134927
0.662
0.488005
0.662
0.142484
0.662
0.559505
0.220944
0.410351
0.118446
0.662
0.42219
0.428014
0.0819227
0.662
0.0982289
0.43991
0.0731138
0.421785
0.662
0.396582
0.662
0.403274
0.128971
0.662
0.156949
0.662
0.662
0.479023
0.11102
0.0567406
0.662
0.330648
0.662
0.398337
0.662
0.545096
0.631121
0.662
0.662
0.662
0.18768
0.300827
0.383446
0.662
0.662
0.662
0.662
0.206767
0.64846
0.662
0.439109
0.103396
0.114679
0.662
0.662
0.424891
0.326017
0.252608
0.328944
0.269541
0.0306353
0.662
0.21182
0.453903
0.169893
0.335648
0.178093
0.662
0.0122451
0.662
0.662
0.0757563
0.579568
0.580734
0.662
0.0452231
0.331815
0.662
0.057309
0.662
0.0888448
0.662
0.662
0.662
0.469646
0.193424
0.662
0.662
0.343096
0.662
0.381515
0.662
0.21371
0.439859
0.662
0.662
0.662
0.253124
0.662
0.34109
0.246011
0.472172
0.662
0.662
0.281445
0.662
0.662
0.662
0.662
0.356317
0.662
0.60956
0.497294
0.174351
0.224979
0.662
0.640107
0.0966091
0.662
0.100992
0.662
0.662
0.662
0.636649
0.082922
0.424521
0.662
0.662
0.202335
0.0667853
0.0624944
0.0822743
0.3148
0.30078
0.662
0.140678
0.643024
0.31898
0.244069
0.312564
0.662
0.165819
0.662
0.662
0.589755
0.639741
0.392927
0.271977
0.079338
0.042073
0.662
0.662
0.341505
0.460969
0.662
0.662
0.662
0.662
0.390933
0.662
0.662
0.0840001
0.662
0.0335637
0.662
0.662
0.662
0.355746
0.363507
0.274247
0.662
0.662
0.248875
0.346156
0.662
0.662
0.662
0.100118
0.662
0.21423
0.662
0.662
0.190306
0.256494
0.130827
0.309387
0.175086
0.662
0.056153
0.662
0.241906
0.662
0.662
0.436481
0.111918
0.662
0.135483
0.137741
0.43995
0.662
0.662
0.662
0.385696
0.662
0.168186
0.662
0.158318
0.662
0.0753118
0.662
0.0559749
0.662
0.5265
0.130253
0.662
0.210115
0.142838
0.662
0.01171
0.662
0.662
0.662
0.25794
0.26963
0.16949
0.662
0.117649
0.662
0.0303018
0.459439
0.662
0.662
0.629887
0.27677
0.383195
0.15757
0.390523
0.277444
0.382618
0.0224024
0.44325
0.225448
0.0317678
0.431082
0.310284
0.0052899
0.3598
0.236919
0.662
0.239151
0.182893
0.452234
0.662
0.662
0.0536106
0.662
0.438071
0.198344
0.636271
0.469663
0.0185119
0.662
0.226609
0.479043
0.434786
0.434787
0.086722
0.37573
0.662
0.661913
0.230583
0.662
0.10335
0.345979
0.662
0.662
0.662
0.662
0.0852734
0.552384
0.196798
0.662
0.662
0.0947931
0.443904
0.385739
0.322769
0.631301
0.662
0.610212
0.312304
0.385446
0.0666858
0.142368
0.375594
0.534463
0.113824
0.505126
0.662
0.399166
0.00578299
0.662
0.363223
0.662
0.361122
0.362579
0.662
0.662
0.507943
0.662
0.585603
0.119284
0.175512
0.185107
0.662
0.190746
0.476812
0.652903
0.403368
0.662
0.198365
0.217819
0.113994
0.199636
0.662
0.209225
0.662
0.183857
0.195171
0.442335
0.244531
0.662
0.372202
0.63339
0.662
0.348339
0.553305
0.369882
0.195909
0.241405
0.662
0.635463
0.662
0.555378
0.576695
0.662
0.662
0.662
0.508951
0.0267078
0.19918
0.662
0.662
0.419997
0.56434
0.0235049
0.416423
0.553383
0.376151
0.662
0.662
0.435804
0.662
0.239623
0.662
0.662
0.175814
0.47296
0.662
0.662
0.662
0.277805
0.204857
0.152213
0.292791
0.662
0.253844
0.0499769
0.293036
0.662
0.662
0.662
0.662
0.364572
0.174098
0.662
0.662
0.285931
0.551429
0.378801
0.435285
0.662
0.12037
0.0565854
0.662
0.273823
0.222612
0.189825
0.482579
0.662
0.476676
0.256937
0.211095
0.465087
0.662
0.447481
0.662
0.034829
0.662
0.453404
0.295628
0.662
0.622085
0.267774
0.0961998
0.333515
0.236913
0.662
0.432242
0.464375
0.362956
0.473578
0.186093
0.662
0.0795465
0.155963
0.0291745
0.472247
0.228857
0.646376
0.662
0.531052
0.0964458
0.662
0.208677
0.104829
0.662
0.287483
0.340384
0.514866
0.662
0.662
0.0971707
0.214391
0.192318
0.264152
0.21166
0.413302
0.471165
0.311422
0.200374
0.489388
0.304848
0.662
0.349685
0.662
0.662
0.285773
0.662
0.10591
0.300237
0.662
0.662
0.214599
0.136625
0.662
0.662
0.541624
0.352027
0.662
0.662
0.662
0.255107
0.662
0.662
0.662
0.662
0.169356
0.171941
0.2382
0.0788525
0.662
0.10953
0.662
0.0612411
0.0797853
0.662
0.0716181
0.304217
0.279312
0.122189
0.294949
0.662
0.662
0.662
0.662
0.0808202
0.662
0.662
0.260373
0.395301
0.662
0.0253084
0.369966
0.662
0.662
0.662
0.662
0.119437
0.662
0.233377
0.642441
0.111916
0.662
0.288565
0.587493
0.0585521
0.0024309
0.233309
0.662
0.662
0.339008
0.662
0.153881
0.662
0.662
0.541431
0.662
0.259488
0.0642177
0.521879
0.484597
0.662
0.355266
0.436398
0.662
0.589919
0.249134
0.662
0.662
0.197854
0.662
0.57627
0.229081
0.472041
0.255591
0.401623
0.294608
0.479571
0.343776
0.662
0.662
0.203288
0.662
0.0120155
0.662
0.261732
0.0918404
0.662
0.300443
0.0225955
0.395619
0.315515
0.28597
0.420461
0.662
0.0981368
0.275771
0.428776
0.159792
0.662
0.583811
0.28203
0.662
0.390586
0.085502
0.153837
0.445438
0.0571394
0.353121
0.662
0.662
0.029657
0.49889
0.27636
0.639676
0.177401
0.304753
0.662
0.0779905
0.504019
0.406432
0.143411
0.185257
0.662
0.10088
0.662
0.662
0.354605
0.662
0.131205
0.232738
0.499619
0.662
0.662
0.116407
0.662
0.107628
0.313458
0.102176
0.553155
0.662
0.143632
0.662
0.662
0.662
0.578112
0.284422
0.223971
0.662
0.538613
0.515501
0.427288
0.330913
0.271424
0.563786
0.330993
0.662
0.242108
0.662
0.662
0.473116
0.116731
0.444269
0.26157
0.662
0.287907
0.662
0.0217418
0.293123
0.0650495
0.662
0.0789189
0.539536
0.462937
0.0938685
0.0373516
0.127678
0.203077
0.310409
0.475236
0.105875
0.238763
0.662
0.332919
0.662
0.187535
0.662
0.300202
0.110931
0.400253
0.109967
0.662
0.662
0.44586
0.662
0.247576
0.338932
0.651413
0.441976
0.629406
0.221449
0.415565
0.662
0.662
0.325481
0.140297
0.0661273
0.177167
0.662
0.662
0.498568
0.138781
0.190978
0.505829
0.625337
0.404586
0.189566
0.383213
0.315092
0.0579796
0.491585
0.325982
0.633391
0.662
0.662
0.662
0.378294
0.662
0.0583253
0.0118712
0.662
0.0229731
0.321708
0.662
0.10551
0.524999
0.0264579
0.662
0.117343
0.662
0.638632
0.222203
0.662
0.310743
0.662
0.662
0.662
0.662
0.097285
0.12198
0.277224
0.662
0.525143
0.662
0.662
0.662
0.0693309
0.00903615
0.193484
0.662
0.448481
0.254573
0.435685
0.662
0.307478
0.0729758
0.352805
0.166652
0.131281
0.17376
0.100807
0.269803
0.662
0.662
0.662
0.248042
0.070612
0.662
0.662
0.238696
0.306354
0.40573
0.108415
0.639881
0.190743
0.531038
0.353482
0.277993
0.344488
0.594141
0.662
0.398404
0.0357948
0.357615
0.650545
0.662
0.281028
0.662
0.624734
0.662
0.276816
0.397491
0.216859
0.662
0.150401
0.662
0.283085
0.0871571
0.662
0.662
0.444501
0.163263
0.565937
0.167778
0.245011
0.662
0.662
0.0573717
0.207268
0.603818
0.185861
0.150133
0.662
0.18982
0.472615
0.662
0.662
0.251809
0.662
0.662
0.339088
0.662
0.662
0.662
0.662
0.662
0.0938424
0.662
0.662
0.38368
0.662
0.46558
0.662
0.662
0.266276
0.211263
0.536195
0.291963
0.662
0.584931
0.662
0.537828
0.285535
0.299389
0.19144
0.372191
0.327392
0.369831
0.662
0.208562
0.268762
0.519991
0.351699
0.662
0.204283
0.616888
0.662
0.107205
0.307589
0.378186
0.290911
0.662
0.662
0.0143269
0.427397
0.662
0.662
0.41475
0.662
0.662
0.263233
0.662
0.15274
0.43935
0.662
0.662
0.583055
0.236421
0.662
0.266239
0.086638
0.334281
0.52456
0.228719
0.277899
0.00415306
0.662
0.662
0.0871116
0.160588
0.662
0.228359
0.662
0.662
0.662
0.537903
0.662
0.144558
0.662
0.146335
0.662
0.662
0.210953
0.662
0.0357936
0.559984
0.110235
0.13157
0.269858
0.473247
0.413704
0.662
0.392224
0.231725
0.11688
0.350279
0.569727
0.631599
0.662
0.0528311
0.248895
0.662
0.662
0.127098
0.176194
0.662
0.662
0.662
0.119029
0.468828
0.219264
0.662
0.122688
0.662
0.200603
0.223854
0.304658
0.382162
0.662
0.518433
0.174349
0.371318
0.501824
0.662
0.347871
0.216753
0.662
0.662
0.0870927
0.364969
0.395581
0.662
0.662
0.0490026
0.217288
0.662
0.185857
0.662
0.662
0.662
0.181493
0.448776
0.343428
0.662
0.214036
0.662
0.662
0.124318
0.333075
0.585247
0.257132
0.662
0.662
0.00837449
0.288416
0.294344
0.472292
0.662
0.662
0.662
0.438731
0.550251
0.662
0.456964
0.224918
0.195487
0.197928
0.662
0.250442
0.380568
0.263112
0.408098
0.217709
0.662
0.308234
0.618751
0.662
0.662
0.314839
0.662
0.234484
0.00342124
0.272214
0.662
0.0625759
0.129129
0.382857
0.120416
0.0920456
0.662
0.123692
0.117033
0.662
0.317203
0.0238173
0.474593
0.662
0.662
0.662
0.44314
0.0423486
0.0985518
0.292987
0.172596
0.0910805
0.662
0.662
0.208232
0.662
0.341198
0.657037
0.662
0.662
0.457522
0.357305
0.662
0.266216
0.662
0.197853
0.586181
0.388671
0.430811
0.192028
0.138278
0.47908
0.662
0.662
0.62897
0.258086
0.662
0.662
0.662
0.662
0.662
0.662
0.035336
0.238986
0.662
0.0783105
0.662
0.449171
0.473542
0.360536
0.204503
0.662
0.612127
0.392936
0.120342
0.191039
0.226402
0.520368
0.505192
0.662
0.03358
0.204954
0.167699
0.662
0.662
0.662
0.662
0.465958
0.208037
0.16254
0.322297
0.626294
0.0566106
0.118121
0.322883
0.662
0.288309
0.299297
0.662
0.202341
0.643207
0.662
0.294684
0.0256452
0.662
0.280757
0.268162
0.1997
0.662
0.662
0.662
0.177302
0.353003
0.634234
0.09519
0.396468
0.662
0.662
0.317061
0.33583
0.192993
0.662
0.138739
0.557084
0.452895
0.058435
0.280914
0.662
0.499001
0.662
0.0173569
0.662
0.356926
0.662
0.517084
0.197452
0.662
0.0882513
0.162467
0.662
0.326371
0.0827602
0.662
0.662
0.662
0.075967
0.662
0.662
0.662
0.165119
0.219839
0.183413
0.662
0.435557
0.614578
0.184232
0.071359
0.662
0.457586
0.15581
0.268724
0.662
0.217485
0.662
0.662
0.470707
0.318143
0.177832
0.391431
0.501413
0.59217
0.0167848
0.662
0.167691
0.662
0.662
0.336193
0.662
0.553091
0.187158
0.42302
0.662
0.444224
0.662
0.662
0.662
0.662
0.22222
0.0431007
0.257562
0.496621
0.662
0.419624
0.230405
0.662
0.662
0.662
0.662
0.662
0.00631207
0.662
0.494547
0.17609
0.662
0.662
0.255089
0.662
0.452502
0.662
0.459032
0.662
0.662
0.200272
0.180277
0.191602
0.0442007
0.497649
0.586511
0.662
0.385828
0.662
0.662
0.0495948
0.585775
0.0259627
0.662
0.493031
0.662
0.662
0.053205
0.0939318
0.459746
0.480038
0.360551
0.0394329
0.359441
0.438528
0.662
0.662
0.662
0.286415
0.0834558
0.203128
0.397154
0.662
0.416675
0.208033
0.337143
0.47706
0.252799
0.662
0.620867
0.456335
0.276817
0.308607
0.662
0.340897
0.662
0.411769
0.342321
0.496837
0.662
0.662
0.0182716
0.626863
0.662
0.662
0.45897
0.376129
0.38517
0.180006
0.0560285
0.643012
0.662
0.53987
0.662
0.662
0.662
0.659087
0.448096
0.107244
0.662
0.662
0.424947
0.381684
0.662
0.187409
0.662
0.201415
0.192503
0.444714
0.572937
0.29241
0.310639
