0.33855
0.284302
0.226479
0.662
0.662
0.342431
0.474634
0.662
0.662
0.342444
0.0189083
0.662
0.662
0.662
0.662
0.465253
0.279118
0.329516
0.362871
0.662
0.662
0.228235
0.141445
0.253553
0.662
0.395762
0.662
0.215549
0.662
0.589764
0.33188
0.113263
0.662
0.662
0.399214
0.272333
0.0430818
0.250827
0.376003
0.193268
0.662
0.662
0.662
0.203936
0.22523
0.0645079
0.662
0.662
0.1713
0.452236
0.662
0.0408112
0.279661
0.201797
0.0246618
0.662
0.183187
0.662
0.19857
0.569468
0.662
0.347841
0.00492133
0.662
0.269093
0.541349
0.662
0.662
0.222449
0.13848
0.134539
0.662
0.662
0.662
0.141148
0.428209
0.367254
0.147704
0.247769
0.662
0.662
0.662
0.662
0.0613338
0.253252
0.595113
0.585831
0.455432
0.48083
0.578982
0.189572
0.229311
0.378451
0.662
0.662
0.114375
0.662
0.411352
0.313473
0.265816
0.543309
0.662
0.278042
0.662
0.662
0.662
0.662
0.662
0.662
0.662
0.662
0.662
0.662
0.309635
0.153909
0.662
0.662
0.0658218
0.662
0.31622
0.458837
0.0370197
0.662
0.0104248
0.662
0.118931
0.384175
0.202726
0.189673
0.137459
0.130267
0.461207
0.395724
0.0042628
0.228298
0.662
0.222569
0.662
0.0747355
0.509259
0.238486
0.662
0.239458
0.000933679
0.661877
0.662
0.611957
0.335718
0.366612
0.633694
0.662
0.662
0.662
0.208912
0.662
0.662
0.121388
0.662
0.662
0.229148
0.0666711
0.467926
0.0681781
0.250644
0.183947
0.253676
0.215721
0.0681497
0.608893
0.662
0.459182
0.202997
0.20707
0.281607
0.0958563
0.258028
0.102012
0.191095
0.399038
0.662
0.0155991
0.209126
0.104442
0.165102
0.237497
0.65867
0.662
0.029674
0.231739
0.662
0.202167
0.195807
0.662
0.662
0.662
0.217121
0.272995
0.662
0.258944
0.237053
0.662
0.662
0.295582
0.625071
0.580442
0.379591
0.151542
0.445483
0.276528
0.63508
0.662
0.199593
0.324814
0.662
0.186985
0.0448788
0.38825
0.662
0.157228
0.262052
0.321203
0.65735
0.481222
0.128412
0.507031
0.662
0.662
0.157775
0.662
0.465214
0.00360765
0.265715
0.179549
0.26276
