0.464046
0.60653
0.0639585
0.585486
0.662
0.437687
0.269263
0.662
0.50325
0.662
0.360103
0.568765
0.662
0.631398
0.18056
0.624007
0.662
0.600603
0.172024
0.662
0.662
0.545975
0.461837
0.537537
0.662
0.414487
0.662
0.0815309
0.223396
0.0326843
0.662
0.107954
0.662
0.662
0.231621
0.622736
0.558601
0.523229
0.366842
0.222176
0.662
0.662
0.249236
0.662
0.194509
0.233886
0.475439
0.279133
0.662
0.662
0.147368
0.662
0.374029
0.662
0.266343
0.216669
0.662
0.189851
0.388642
0.520406
0.662
0.662
0.662
0.641549
0.662
0.644135
0.614647
0.190939
0.0284802
0.308422
0.200832
0.262847
0.662
0.662
0.584448
0.206034
0.0396389
0.662
0.662
0.347739
0.0820396
0.662
0.245407
0.618487
0.662
0.191055
0.423818
0.252712
0.535934
0.549314
0.662
0.0315034
0.662
0.662
0.662
0.662
0.662
0.40597
0.250972
0.117031
0.0713097
0.398822
0.662
0.0939863
0.524146
0.558049
0.656014
0.662
0.150815
0.662
0.355189
0.542652
0.261689
0.422805
0.348406
0.350093
0.662
0.662
0.210084
0.287891
0.662
0.662
0.436895
0.00604369
0.259965
0.547321
0.662
0.162266
0.600707
0.662
0.469661
0.556507
0.662
0.488973
0.662
0.662
0.662
0.0433646
0.440325
0.408232
0.662
0.188168
0.223624
0.072546
0.662
0.662
0.126628
0.662
0.22272
0.662
0.662
0.302807
0.244253
0.193412
0.0424604
0.644801
0.10753
0.662
0.662
0.662
0.662
0.169843
0.0880779
0.662
0.199695
0.356711
0.237846
0.662
0.662
0.294928
0.177305
0.461789
0.551859
0.325478
0.382925
0.662
0.192958
0.662
0.256595
0.662
0.662
0.662
0.642382
0.662
0.57027
0.36347
0.0115534
0.662
0.204671
0.662
0.662
0.643334
0.354546
0.327883
0.662
0.476607
0.220467
0.346403
0.115231
0.0817433
0.662
0.490587
0.662
0.662
0.448334
0.116529
0.361525
0.662
0.662
0.662
0.313651
0.391689
0.662
0.460671
0.184284
0.196941
0.480699
0.283388
0.266375
0.0119818
0.662
0.662
0.440343
0.662
0.105121
0.605453
0.662
0.662
0.662
0.281155
0.662
0.430302
0.652652
0.0873204
0.308773
0.279411
0.662
0.476029
0.363997
0.662
0.243576
0.662
0.662
0.410523
0.662
0.115237
0.152184
0.662
0.372892
0.662
0.662
0.662
0.171604
0.580616
0.662
0.394892
0.662
0.319099
0.213148
0.35185
0.483206
0.662
0.662
0.0324595
0.662
0.659588
0.137962
0.273302
0.662
0.288852
0.662
0.662
0.662
0.315483
0.493814
0.137587
0.606399
0.159405
0.364989
0.0381686
0.277823
0.234693
0.297843
0.0924174
0.389036
0.361226
0.662
0.662
0.662
0.346894
0.662
0.280716
0.662
0.245599
0.661374
0.191309
0.308353
0.662
0.493135
0.662
0.662
0.565262
0.302037
0.662
0.180855
0.662
0.662
0.662
0.662
0.0553159
0.469057
0.662
0.612813
0.183716
0.220189
0.137714
0.574546
0.435491
0.274019
0.203654
0.0508605
0.0912001
0.560983
0.203918
0.561228
0.662
0.0986885
0.456789
0.237804
0.628862
0.662
0.662
0.421221
0.440688
0.662
0.445602
0.662
0.609443
0.662
0.662
0.287343
0.209617
0.00964761
0.662
0.662
0.662
0.376319
0.0202641
0.662
0.662
0.662
0.121515
0.146275
0.490173
