0.256268
0.474547
0.662
0.662
0.0737224
0.505033
0.662
0.19957
0.313535
0.481314
0.662
0.171604
0.662
0.0775304
0.577286
0.662
0.0381686
0.425049
0.43928
0.662
0.240053
0.662
0.662
0.662
0.0104121
0.20707
0.186763
0.662
0.321694
0.0880779
0.00489365
0.489267
0.662
0.662
0.0999323
0.293063
0.662
0.401504
0.198949
0.207589
0.326903
0.662
0.254144
0.653425
0.125686
0.591904
0.662
0.60305
0.201437
0.147614
0.662
0.662
0.662
0.662
0.631836
0.631792
0.161324
0.452252
0.511925
0.404456
0.442678
0.662
0.288731
0.405352
0.662
0.662
0.180363
0.662
0.206639
0.662
0.348406
0.296027
0.662
0.453072
0.303828
0.420703
0.119403
0.662
0.662
0.299781
0.662
0.35829
0.277781
0.110682
0.662
0.662
0.389884
0.232185
0.0333583
0.662
0.662
0.322651
0.662
0.662
0.273383
0.221143
0.662
0.345564
0.662
0.662
0.662
0.21495
0.662
0.632121
0.576236
0.305478
0.662
0.229413
0.662
0.662
0.33699
0.662
0.662
0.0582292
0.662
0.662
0.662
0.624479
0.197721
0.185023
0.662
0.662
0.662
0.251545
0.125693
0.300146
0.315146
0.152938
0.662
0.455858
0.139472
0.188996
0.173407
0.662
0.0574284
0.393691
0.662
0.328936
0.662
0.662
0.428496
0.0198806
0.315937
0.164795
0.662
0.0783982
0.1556
0.0371939
0.633569
0.469057
0.36981
0.662
0.40038
0.662
0.600707
0.129876
0.243905
0.331163
0.662
0.637622
0.662
