0.313535
0.125693
0.317621
0.662
0.577286
0.662
0.0455903
0.31982
0.662
0.0396389
0.662
0.381284
0.180363
0.148445
0.662
0.19755
0.591904
0.33699
0.662
0.662
0.430302
0.662
0.576236
0.229413
0.477008
0.142488
0.662
0.213804
0.305478
0.464596
0.662
0.0371939
0.219785
0.0349912
0.256268
0.462849
0.556507
0.662
0.223596
0.315937
0.662
0.662
0.662
0.662
0.662
0.214372
0.662
0.662
0.412932
0.662
0.632121
0.662
0.0783982
0.51607
0.348406
0.662
0.662
0.662
0.662
0.221143
0.662
0.393691
0.0491901
0.300146
0.125821
0.662
0.252717
0.662
0.35829
0.273383
0.117654
0.662
0.662
0.197721
0.662
0.452252
0.138192
0.653425
0.662
0.373971
0.521879
0.297268
0.250295
0.425049
0.662
0.345114
0.15957
0.36981
0.420703
0.201437
0.662
0.152938
0.0775304
0.398822
0.662
0.132978
0.198949
0.303828
0.662
0.328936
0.458565
0.662
0.637622
0.418967
0.206937
0.662
0.662
0.662
0.662
0.662
0.662
0.662
0.662
0.372033
0.254144
0.662
0.233177
0.315146
0.603092
0.404456
0.345564
0.0742311
0.624479
0.662
0.251545
0.662
0.662
0.662
0.624007
0.511925
0.380689
0.662
0.57468
0.662
0.233886
0.662
0.662
0.030973
0.321694
0.662
0.299781
0.662
0.232185
0.195946
0.0333583
0.600707
0.616911
0.0449381
0.0582292
0.267452
0.110682
0.40038
0.662
0.277781
0.662
0.643334
0.650474
0.662
0.0381686
0.161324
0.0198806
0.125686
0.481314
0.171604
0.185023
0.461327
0.243905
0.19957
0.585486
0.251991
0.46223
0.662
0.209853
0.322651
0.662
0.281013
0.662
0.428496
0.357017
0.108352
0.186763
0.293063
0.662
0.414985
0.331163
