0.662
0.570253
0.558768
0.662
0.184774
0.372616
0.448702
0.375468
0.662
0.284302
0.177718
0.515217
0.263815
0.209184
0.539163
0.662
0.467266
0.141445
0.0986972
0.188229
0.662
0.3778
0.662
0.662
0.662
0.484602
0.157775
0.318934
0.662
0.662
0.0737163
0.215721
0.662
0.12716
0.13933
0.662
0.662
0.398484
0.450203
0.662
0.662
0.662
0.123903
0.0333048
0.0440216
0.662
0.320848
0.662
0.662
0.0842073
0.581004
0.590653
0.662
0.662
0.662
0.662
0.662
0.553127
0.432949
0.604025
0.662
0.662
0.220526
0.662
0.662
0.165102
0.262805
0.440419
0.53462
0.662
0.662
0.662
0.31831
0.286893
0.107014
0.484742
0.293763
0.0908085
0.662
0.477803
0.167951
0.0787115
0.662
0.662
0.189572
0.202449
0.529252
0.384715
0.633917
0.662
0.662
0.662
0.402358
0.2106
0.29582
0.569905
0.148276
0.662
0.662
0.118931
0.123986
0.229372
0.347484
0.163392
0.356162
0.523914
0.0178581
0.625071
0.00667666
0.658765
0.454941
0.0667118
0.662
0.662
0.662
0.0468388
0.241637
0.649465
0.662
0.222449
0.662
0.352056
0.662
0.662
0.199593
0.662
0.0901399
0.465556
0.662
0.662
0.4105
0.31354
0.662
0.209839
0.662
0.221911
0.662
0.662
0.271204
0.662
0.454932
0.438832
0.399096
0.262335
0.223782
0.457526
0.662
0.0205485
0.185488
0.242751
0.0496094
0.63782
0.245592
0.0438845
0.137917
0.662
0.452844
0.662
0.662
0.174636
0.306493
0.252598
0.662
0.662
0.630577
0.41749
0.190602
0.00842663
0.136822
0.662
0.662
0.0172691
0.378789
0.662
0.432074
0.250491
0.645516
0.345382
0.215549
0.0375195
0.368722
0.00360765
0.629455
0.573721
0.662
0.130153
0.10271
0.235876
0.662
0.657624
0.186409
0.662
0.662
0.662
0.555859
0.662
0.662
0.128813
0.597388
0.501961
0.0564971
0.662
0.662
0.286601
0.662
0.662
0.662
0.246486
0.421984
0.395935
0.192939
0.363203
0.492963
0.372107
0.481222
0.661877
0.591521
0.662
0.559259
0.662
0.459739
0.311644
0.662
0.662
0.662
0.321763
0.168959
0.253963
0.662
0.165127
0.662
0.38773
0.363375
0.662
0.662
0.31982
0.662
0.209612
0.662
0.406533
0.409302
0.662
0.350747
0.171069
0.662
0.0221496
0.662
0.0183594
0.513073
0.367254
0.662
0.203936
0.662
0.662
0.662
0.171572
0.662
0.662
0.662
0.143417
0.662
0.631481
0.410003
0.662
0.525505
0.662
0.470112
0.304525
0.662
0.238486
0.390045
0.00296654
0.571638
0.624599
0.121279
0.662
0.662
0.204329
0.662
0.2478
0.598377
0.0519145
0.467851
0.64934
0.460631
0.585831
0.662
0.662
0.662
0.228254
0.662
0.662
0.0784869
0.105016
0.662
0.662
0.662
0.662
0.484078
0.662
0.221174
0.542427
0.274128
0.208151
0.18467
0.041728
0.662
0.477528
0.662
0.168555
0.32353
0.15829
0.662
0.662
0.451311
0.662
0.555628
0.662
0.199654
0.136185
0.0765824
0.00999562
0.0245719
0.662
0.0423657
0.662
0.129781
0.222145
0.662
0.052441
0.143303
0.386217
0.662
0.662
0.662
0.152741
0.288707
0.436831
0.351173
0.662
0.127019
0.602719
0.662
0.638951
0.662
0.662
0.417363
0.662
0.662
0.0252268
0.662
0.253692
0.662
0.475042
0.0681497
0.662
0.436949
0.187393
0.573479
0.295582
0.204971
0.662
0.662
0.425791
0.362245
0.662
0.42188
0.662
0.066222
0.662
0.362896
0.364429
0.662
0.662
0.662
0.662
0.332718
0.662
0.268769
0.657376
0.206535
0.662
0.461223
0.662
0.349152
0.0398029
0.283781
0.417277
0.537524
0.0189083
0.333819
0.141148
0.662
0.0681819
0.142104
0.131683
0.129815
0.130296
0.495686
0.350373
0.54191
0.229136
0.662
0.662
0.662
0.433982
0.662
0.199441
0.293094
0.662
0.662
0.19857
0.662
0.235009
0.202726
0.662
0.662
0.211026
0.199776
0.662
0.662
0.232297
0.0312101
0.662
0.0747838
0.662
0.237189
0.114741
0.429582
0.436827
0.219001
0.608447
0.662
0.530987
0.662
0.476904
