0.662
0.265715
0.662
0.662
0.238486
0.662
0.662
0.239458
0.295582
0.662
0.0246618
0.0784869
0.662
0.662
0.662
0.662
0.00360765
0.0842073
0.253676
0.215721
0.352693
0.0841406
0.179549
0.662
0.281607
0.183187
0.662
0.20707
0.662
0.000933679
0.662
0.283922
0.662
0.662
0.662
0.662
0.0468388
0.0189083
0.188229
0.276528
0.452236
0.662
0.662
0.465214
0.376003
0.086498
0.0430818
0.208912
0.662
0.662
0.237497
0.141148
0.662
0.250827
0.662
0.662
0.456769
0.367254
0.65157
0.662
0.199654
0.329516
0.638043
0.662
0.578982
0.0666711
0.278042
0.65867
0.208662
0.181096
0.0737671
0.662
0.582625
0.662
0.662
0.662
0.379989
0.203936
0.662
0.342431
0.662
0.662
0.662
0.428209
0.64934
0.199776
0.662
0.284302
0.0370197
0.662
0.269093
0.216652
0.195407
0.237053
0.288707
0.662
0.662
0.662
0.662
0.662
0.223508
0.19857
0.366612
0.189572
0.662
0.400854
0.662
0.321203
0.18467
0.134179
0.662
0.662
0.662
0.356162
0.474634
0.168555
0.662
0.304525
0.395724
0.662
0.662
0.662
0.29557
0.449984
0.0645079
0.157775
0.611957
0.662
0.399379
0.202726
0.205123
0.38825
0.459182
0.662
0.199593
0.31622
0.662
0.222449
0.662
0.662
0.662
0.662
0.116061
0.481222
0.662
0.627147
0.341753
0.662
0.228298
0.147704
0.541349
0.167198
0.662
0.215549
0.662
0.461207
0.662
0.0155991
0.31003
0.0658218
0.445483
0.202167
0.662
0.226108
0.202997
0.53462
0.192679
0.662
0.662
0.191095
0.121388
0.662
0.662
0.279661
0.662
0.0695891
0.625071
0.201797
0.662
0.229311
0.662
0.662
0.114741
0.662
0.384715
0.662
0.662
0.127019
0.662
0.258944
0.63508
0.161283
0.662
0.662
0.662
0.65735
0.662
0.509259
0.354003
0.1713
0.183947
0.662
0.141445
0.00492133
0.662
0.134539
0.279742
0.662
0.395762
0.186409
0.467926
0.118931
0.113263
0.662
0.608893
0.2329
0.662
0.165102
0.507031
0.662
0.104442
0.337773
0.437473
0.449444
0.662
0.662
0.581732
0.0681497
0.217121
0.662
0.148276
0.0832836
0.662
0.310418
0.1703
0.662
0.228235
0.662
0.565552
0.169429
0.662
0.379591
0.48083
0.370013
0.63339
0.465253
0.00999562
0.189673
0.633694
0.077728
0.370391
0.543492
0.662
0.0958563
0.662
0.188316
