0.0245719
0.662
0.662
0.228254
0.237497
0.284302
0.439343
0.662
0.615209
0.662
0.436082
0.052441
0.105016
0.662
0.662
0.286893
0.662
0.633694
0.472814
0.0468388
0.662
0.571398
0.662
0.0423657
0.223782
0.662
0.0787115
0.448702
0.662
0.662
0.200328
0.662
0.19857
0.662
0.662
0.367254
0.204329
0.432074
0.372616
0.662
0.662
0.530987
0.205231
0.13933
0.662
0.319545
0.662
0.0876142
0.662
0.662
0.041728
0.465253
0.662
0.662
0.548382
0.141445
0.608447
0.662
0.168555
0.313532
0.148276
0.662
0.450203
0.662
0.662
0.199593
0.378421
0.134539
0.662
0.229136
0.662
0.332718
0.38906
0.662
0.448019
0.662
0.18467
0.395935
0.48083
0.662
0.246486
0.627147
0.662
0.205799
0.185072
0.0155991
0.232297
0.0440216
0.0681819
0.295582
0.452844
0.288707
0.467926
0.569468
0.0172691
0.662
0.432245
0.168735
0.0665985
0.399665
0.390045
0.363203
0.392706
0.410003
0.477803
0.662
0.591494
0.31003
0.0737163
0.662
0.481222
0.222449
0.662
0.114741
0.662
0.0681497
0.000933679
0.440477
0.454932
0.436949
0.274128
0.188462
0.662
0.662
0.662
0.662
0.384715
0.129247
0.238486
0.302303
0.0128932
0.222145
0.662
0.662
0.189572
0.662
0.629455
0.351582
0.662
0.352056
0.429934
0.37043
0.662
0.662
0.662
0.304525
0.662
0.662
0.38825
0.375468
0.662
0.662
0.662
0.305358
0.662
0.433982
0.662
0.662
0.457526
0.465556
0.662
0.662
0.177756
0.662
0.662
0.299944
0.127019
0.0333048
0.662
0.386217
0.00999562
0.662
0.349152
0.145492
0.188229
0.662
0.0147937
0.141148
0.662
0.304245
0.662
0.662
0.199654
0.662
0.6264
0.662
0.53462
0.215721
0.199776
0.467851
0.186409
0.662
0.0789339
0.104442
0.0252268
0.662
0.207332
0.662
0.229311
0.2478
0.184774
0.130267
0.573721
0.662
0.12716
0.208912
0.130683
0.662
0.662
0.64934
0.662
0.662
0.625071
0.121279
0.372107
0.00984631
0.475998
0.608893
0.662
0.0438845
0.220526
0.189673
0.215549
0.597388
0.662
0.0189083
0.582625
0.662
0.662
0.662
0.662
0.140966
0.662
0.662
0.662
0.604025
0.417363
0.662
0.662
0.662
0.474421
0.0786359
0.662
0.242751
0.454941
0.662
0.134179
0.165102
0.597846
0.662
0.588054
0.662
0.662
0.417277
0.542427
0.662
0.0430818
0.356162
0.202726
0.229372
0.539163
0.662
0.0221496
0.188316
0.662
0.555628
0.662
0.612391
0.662
0.253304
0.0622222
0.163392
0.662
0.662
0.662
0.123903
0.230908
0.662
0.221174
0.662
0.261805
0.183947
0.12127
0.662
0.0842073
0.0807853
0.241637
0.237189
0.661877
0.662
0.183764
0.662
0.0958563
0.662
0.662
0.453257
0.639257
0.662
0.169429
0.0784869
0.152741
0.321203
0.662
0.662
0.662
0.20707
0.662
0.662
0.328937
0.662
0.492132
0.390974
0.662
0.0901399
0.662
0.65157
0.662
0.644492
0.263815
0.439303
0.406533
0.662
0.662
0.157775
0.662
0.200424
0.203936
0.131683
0.467266
0.662
0.41749
0.662
0.00360765
