0.655323
0.08335
0.183187
0.370013
0.662
0.662
0.662
0.662
0.662
0.662
0.280846
0.189572
0.662
0.662
0.238486
0.199776
0.662
0.647552
0.279763
0.662
0.662
0.662
0.400854
0.148276
0.228298
0.19857
0.662
0.662
0.662
0.662
0.6581
0.147704
0.65157
0.53462
0.662
0.662
0.107014
0.18467
0.121279
0.2478
0.462538
0.252894
0.662
0.662
0.662
0.573721
0.0945934
0.230908
0.48083
0.441207
0.208912
0.219776
0.284302
0.578982
0.662
0.0737671
0.352056
0.615209
0.188316
0.662
0.457526
0.229136
0.0658218
0.662
0.541699
0.258944
0.662
0.192679
0.507031
0.530987
0.64934
0.0958563
0.436949
0.1713
0.465253
0.342431
0.662
0.229794
0.41749
0.218339
0.662
0.662
0.662
0.283922
0.31622
0.38825
0.662
0.597388
0.662
0.662
0.662
0.250827
0.0430818
0.662
0.186367
0.662
0.153106
0.662
0.077728
0.111703
0.662
0.662
0.214374
0.662
0.169429
0.0370197
0.052441
0.229372
0.662
0.0681497
0.662
0.662
0.332718
0.662
0.265715
0.662
0.662
0.212835
0.661877
0.662
0.168555
0.662
0.662
0.000933679
0.208662
0.123903
0.662
0.662
0.625071
0.228254
0.662
0.0155991
0.179549
0.384715
0.456769
0.411352
0.662
0.163392
0.188229
0.278042
0.183947
0.276528
0.199654
0.263815
0.222449
0.0784869
0.662
0.662
0.0246618
0.113263
0.141148
0.662
0.662
0.342929
0.041728
0.157775
0.215549
0.662
0.474428
0.662
0.63508
0.662
0.304525
0.441828
0.428209
0.662
0.00999562
0.467266
0.130267
0.662
0.662
0.0787115
0.662
0.215721
0.376003
0.31003
0.582625
0.321807
0.366612
0.662
0.453257
0.662
0.662
0.6264
0.662
0.0695891
0.662
0.449984
0.237053
0.134179
0.118931
0.29557
0.662
0.662
0.00360765
0.219327
0.295582
0.134539
0.202726
0.121388
0.226108
0.662
0.638043
0.662
0.662
0.104442
0.608893
0.0842073
0.0832836
0.662
0.662
0.662
0.662
0.127019
0.0468388
0.597846
0.662
0.139665
0.186409
0.193513
0.662
0.20707
0.274738
0.141445
0.662
0.662
0.329516
0.662
0.662
0.627147
0.395724
0.437473
0.662
0.253676
0.662
0.662
0.662
0.662
0.203936
0.662
0.279661
0.191095
0.321203
0.662
0.356162
0.229311
0.662
0.135812
0.354003
0.662
0.165102
0.107066
0.662
0.0681819
0.337467
0.0901399
0.662
0.199593
0.662
0.662
0.367254
0.467926
0.281607
0.189673
0.65735
0.181096
0.232297
0.481222
0.202167
0.662
0.662
0.662
0.237497
0.662
0.662
0.217121
0.198177
