0.437945
0.662
0.662
0.448476
0.154293
0.320047
0.662
0.630598
0.662
0.662
0.662
0.0508822
0.662
0.662
0.172592
0.662
0.662
0.662
0.662
0.488082
0.166837
0.662
0.662
0.662
0.54332
0.0721337
0.662
0.190849
0.193955
0.567806
0.474382
0.575944
0.289758
0.319881
0.637553
0.449696
0.321262
0.662
0.662
0.662
0.13006
0.662
0.192107
0.350357
0.257237
0.386015
0.662
0.390124
0.662
0.381886
0.390086
0.307925
0.234451
0.662
0.247236
0.662
0.662
0.150661
0.662
0.277446
0.326274
0.13668
0.18921
0.662
0.179435
0.662
0.662
0.160994
0.305961
0.0283415
0.217433
0.228782
0.378797
0.662
0.196035
0.637397
0.371729
0.272995
0.662
0.662
0.662
0.186351
0.30547
0.119132
0.662
0.46641
0.291839
0.662
0.662
0.662
0.340855
0.662
0.662
0.662
0.662
0.662
0.277124
0.662
0.662
0.224397
0.0613599
0.304279
0.662
0.662
0.160338
0.280188
0.662
0.37045
0.443016
0.662
0.277392
0.0516571
0.19364
0.662
0.662
0.264888
0.2765
0.601447
0.191081
0.120295
0.130253
0.203574
0.0459863
0.662
0.662
0.662
0.662
0.55521
0.432923
0.443153
0.662
0.375426
0.455156
0.0790204
0.662
0.324788
0.662
0.251671
0.662
0.662
0.662
0.0404599
0.126886
0.662
0.247786
0.662
0.64259
0.37905
0.662
0.181962
0.0950949
0.662
0.411434
0.234274
0.275422
0.662
0.432983
0.560519
0.418183
0.662
0.2119
0.174393
0.227852
0.363541
0.662
0.403142
0.275555
0.282963
0.662
0.424635
0.662
0.206088
0.367885
0.662
0.662
0.512132
0.662
0.186869
0.194178
0.237983
0.0764172
0.662
0.06565
0.102041
0.149405
0.337489
0.283974
0.500486
0.140747
0.662
0.0771777
0.662
0.337651
0.0162581
0.328605
0.205548
0.282084
0.189703
0.278699
0.383328
0.183141
0.472946
0.366914
0.0701752
0.20063
0.27219
0.662
0.44021
0.662
0.662
0.352797
0.215193
0.322777
0.0903856
0.156902
0.114732
0.168011
0.662
0.662
0.286352
0.662
0.662
0.662
0.333972
0.131874
0.591831
0.662
0.19008
0.198877
0.249456
0.122339
0.511445
0.277012
0.383611
0.561709
0.465213
0.367106
0.662
0.662
0.662
0.139242
0.662
0.260083
0.281564
0.204666
0.44204
0.193692
0.662
0.0621396
0.505771
0.65012
0.0411331
0.266594
0.662
0.270461
0.662
0.662
0.329406
0.143929
0.272677
0.662
0.40965
0.662
0.662
0.435207
0.394183
0.662
0.0543788
0.269835
0.136383
0.662
0.293225
0.662
0.354903
0.0553094
0.344552
0.445541
0.473383
0.662
0.0199007
0.229991
0.00411355
0.273375
0.453096
0.200654
0.518152
0.662
0.014309
0.00561763
0.662
0.534198
0.391499
0.421778
0.662
0.174443
0.119854
0.180382
0.662
0.41034
0.350618
0.662
0.294745
0.0487753
0.133408
0.442244
0.662
0.51081
0.193478
0.662
0.450021
0.155824
0.662
0.140734
0.662
0.625921
0.304743
0.662
0.215948
0.155423
0.662
0.662
0.662
0.662
0.0904345
0.662
0.0979931
0.662
0.662
0.149477
0.184256
0.421537
0.662
0.0462232
0.185633
0.662
0.277871
0.436041
0.662
0.398467
0.456016
0.662
0.495953
0.271739
0.662
0.109232
0.44405
0.403359
0.662
0.253098
0.375554
0.633664
0.232457
0.662
0.662
0.662
0.22267
0.662
0.662
0.355091
0.662
0.662
0.396422
0.394085
0.217612
0.186327
0.281972
0.169176
0.567201
0.662
0.575865
0.0817598
0.301369
0.0602207
0.22819
0.151173
0.292469
0.317373
0.662
0.662
0.503079
0.435285
0.466931
0.195897
0.469345
0.450429
0.216735
0.662
0.449308
0.662
0.662
0.662
0.0152791
0.662
0.316147
0.526245
0.109527
0.159961
0.662
0.662
0.662
0.662
0.0779285
0.450506
0.0905015
0.662
0.62049
0.662
0.00755839
0.389847
0.401511
0.662
0.662
0.397213
0.662
0.662
0.662
0.662
0.662
0.141251
0.662
0.435878
0.387753
0.302265
0.408246
0.230407
0.445168
0.662
0.662
0.153636
0.662
0.235274
0.662
0.263388
0.662
0.221214
0.662
0.240701
0.311739
0.353821
0.662
0.0793882
0.662
0.662
0.316829
0.461348
0.662
0.662
0.154209
0.662
0.662
0.411892
0.662
0.662
0.486689
0.192095
0.662
0.662
0.226162
0.0170982
0.65778
0.0481138
0.532087
0.126915
0.662
0.662
0.662
0.662
0.0182417
0.662
0.186645
0.662
0.662
0.258627
0.58909
0.662
0.104408
0.385683
0.418907
0.429438
0.188307
0.263775
0.662
0.0794752
0.126549
0.0188747
0.386029
0.246302
0.662
0.290201
0.662
0.20609
0.462642
0.517981
0.0546826
0.662
0.424864
0.190877
0.662
0.214599
0.231497
0.174346
0.176881
0.189806
0.363971
0.317445
0.300307
0.322071
0.0226601
0.167262
0.432728
0.39486
0.383097
0.389029
0.335246
0.662
0.662
0.138311
0.662
0.662
0.662
0.662
0.0172728
0.464036
0.153947
0.158176
0.662
0.136005
0.118302
0.662
0.662
0.245334
0.485871
0.0734805
0.532371
0.40177
0.662
0.662
0.159154
0.633256
0.372951
0.319767
0.0844258
0.363247
0.000149064
0.296254
0.662
0.292585
0.363993
0.465481
0.560853
0.206687
0.662
0.662
0.662
0.662
0.459961
0.256501
0.128743
0.243761
0.236592
0.662
0.301925
0.148444
0.0525594
0.428649
0.0806294
0.177526
0.0213523
0.299262
0.662
0.469937
0.662
0.158607
0.0744212
0.539487
0.283424
0.027263
0.347966
0.206194
0.662
0.349286
0.36771
0.191348
0.662
0.220706
0.0988079
0.184785
0.432155
0.662
0.515226
0.447419
0.662
0.662
0.440429
0.109112
0.00340863
0.662
0.357711
0.662
0.0622284
0.408332
0.662
0.245085
0.662
0.328289
0.0729016
0.558807
0.662
0.546715
0.0782962
0.189215
0.662
0.458543
0.130092
0.662
0.204305
0.662
0.380154
0.289507
0.662
0.347431
0.10208
0.662
0.222187
0.420618
0.662
0.489204
0.167772
0.662
0.31037
0.662
0.190315
0.0651362
0.226581
0.662
0.662
0.198512
0.662
0.499588
0.0668266
0.662
0.662
0.517239
0.351032
0.662
0.360742
0.662
0.08105
0.434663
0.491831
0.662
0.233566
0.341149
0.662
0.662
0.0995072
0.662
0.662
0.164989
0.138451
0.662
0.662
0.349063
0.662
0.037274
0.662
0.516902
0.662
0.132279
0.662
0.662
0.197251
0.662
0.662
0.483372
0.437366
0.418768
0.285547
0.662
0.662
0.662
0.173118
0.662
0.156756
0.662
0.209258
0.17348
0.223844
0.374737
0.662
0.0316685
0.374779
0.222139
0.662
0.327797
0.662
0.430871
0.462305
0.0716669
0.662
0.0373776
0.493929
0.0892967
0.662
0.20236
0.386953
0.261792
0.662
0.553202
0.385724
0.662
0.357202
0.662
0.662
0.628114
0.336633
0.662
0.375611
0.662
0.662
0.434645
0.662
0.194671
0.662
0.546585
0.325242
0.035014
0.28986
0.24934
0.47599
0.371136
0.560521
0.662
0.201861
0.260238
0.467159
0.513005
0.629763
0.662
0.0587246
0.662
0.662
0.662
0.662
0.362572
0.662
0.662
0.662
0.210424
0.662
0.662
0.401634
0.522316
0.550847
0.181879
0.592517
0.148554
0.203142
0.221056
0.251545
0.387454
0.161407
0.377493
0.662
0.166465
0.55656
0.662
0.278454
0.621784
0.662
0.130588
0.067825
0.369117
0.501012
0.662
0.662
0.468735
0.662
0.231475
0.662
0.399728
0.177875
0.662
0.662
0.662
0.428532
0.165472
0.662
0.0867756
0.306198
0.409746
0.0396609
0.304802
0.0503177
0.254187
0.0574746
0.662
0.188975
0.48056
0.662
0.381135
0.662
0.133181
0.345067
0.144146
0.662
0.662
0.269657
0.108575
0.662
0.662
0.662
0.662
0.229502
0.637575
0.637605
0.662
0.662
0.662
0.592632
0.302185
0.254671
0.00896393
0.221003
0.418368
0.662
0.662
0.662
0.40227
0.04309
0.662
0.662
0.453597
0.371656
0.662
0.460638
0.524311
0.662
0.662
0.306469
0.245547
0.495006
0.252736
0.0511227
0.403697
0.0162007
0.662
0.295668
0.194388
0.662
0.426826
0.027451
0.662
0.282328
0.184993
0.175049
0.222758
0.0144883
0.413906
0.580802
0.47144
0.228951
0.417617
0.436022
0.662
0.662
0.250807
0.154994
0.662
0.230515
0.662
0.313054
0.662
0.662
0.408043
0.662
0.662
0.436183
0.00503904
0.471091
0.662
0.662
0.662
0.528175
0.568877
0.63339
0.586341
0.471201
0.662
0.662
0.335509
0.662
0.61066
0.465984
0.373752
0.662
0.662
0.329252
0.662
0.662
0.662
0.22191
0.662
0.434926
0.662
0.662
0.194386
0.350467
0.479401
0.021605
0.115146
0.0119316
0.419206
0.662
0.120582
0.372981
0.108845
0.14434
0.662
0.407138
0.0405708
0.253966
0.529459
0.190357
0.2455
0.209182
0.220952
0.421511
0.662
0.213533
0.0461611
0.662
0.177422
0.662
0.662
0.518753
0.514286
0.261761
0.206325
0.250016
0.662
0.662
0.662
0.569787
0.272104
0.269354
0.39581
0.253059
0.662
0.442799
0.608859
0.662
0.662
0.13481
0.195987
0.152249
0.542212
0.662
0.25045
0.662
0.662
0.662
0.662
0.413739
0.662
0.234369
0.483632
0.373076
0.217982
0.0187118
0.208361
0.662
0.414892
0.394665
0.254918
0.0123104
0.658055
0.662
0.238528
0.662
0.662
0.662
0.662
0.214997
0.662
0.662
0.662
0.103178
0.47132
0.126486
0.148183
0.150587
0.662
0.170964
0.43221
0.375652
0.662
0.488002
0.114363
0.246008
0.662
0.662
0.196593
0.662
0.198611
0.633391
0.662
0.55499
0.662
0.429831
0.662
0.662
0.0428747
0.275989
0.190544
0.662
0.172212
0.662
0.662
0.662
0.662
0.662
0.662
0.662
0.662
0.434733
0.462649
0.390816
0.154715
0.662
0.139939
0.310078
0.383531
0.662
0.00648347
0.389422
0.00416789
0.21043
0.662
0.140052
0.309851
0.662
0.441486
0.662
0.662
0.310974
0.662
0.662
0.597187
0.404975
0.299265
0.662
0.625032
0.249112
0.224423
0.276885
0.282697
0.0381757
0.474826
0.570478
0.662
0.662
0.662
0.170535
0.222092
0.662
0.662
0.165852
0.400587
0.662
0.529575
0.487172
0.0968837
0.376304
0.177831
0.571042
0.378168
0.226546
0.176693
0.176137
0.286259
0.662
0.662
0.662
0.662
0.662
0.620157
0.662
0.662
0.450581
0.0902159
0.10943
0.0466903
0.462203
0.662
0.662
0.662
0.662
0.333147
0.135053
0.662
0.00825919
0.574216
0.0325123
0.0427177
0.373058
0.487001
0.25155
0.088128
0.269342
0.1578
0.202017
0.662
0.573142
0.662
0.31958
0.662
0.0513708
0.166476
0.662
0.238531
0.662
0.212849
0.258039
0.10806
0.317303
0.372701
0.115916
0.0978161
0.662
0.0029369
0.662
0.208043
0.502602
0.238123
0.662
0.0268744
0.157471
0.662
0.162496
0.662
0.140733
0.259089
0.662
0.28679
0.250723
0.662
0.662
0.386245
0.24904
0.00930778
0.135805
0.662
0.662
0.373012
0.150752
0.662
0.589795
0.662
0.240059
0.662
0.186596
0.662
0.346106
0.597944
0.662
0.11873
0.192085
0.662
0.20263
0.662
0.662
0.662
0.0357059
0.662
0.147097
0.213673
0.572173
0.662
0.233231
0.205085
0.464998
0.0653113
0.236558
0.662
0.326846
0.412984
0.287941
0.470483
0.662
0.247321
0.24201
0.662
0.0135093
0.662
0.662
0.662
0.462797
0.00106409
0.378636
0.0569583
0.662
0.185999
0.662
0.662
0.662
0.662
0.662
0.550523
0.436422
0.193776
0.335551
0.662
0.274183
0.249322
0.34381
0.185226
0.160384
0.299532
0.20493
0.440718
0.076681
0.662
0.0363552
0.662
0.662
0.236306
0.651167
0.662
0.0183347
0.399513
0.662
0.298724
0.662
0.350811
0.269831
0.40315
0.18238
0.211411
0.662
0.662
0.140666
0.529689
0.233871
0.123781
0.662
0.298993
0.103954
0.426949
0.246445
0.436243
0.278082
0.662
0.662
0.327845
0.318243
0.185845
0.121439
0.479423
0.319929
0.458803
0.267773
0.662
0.422236
0.329157
0.23422
0.662
0.662
0.662
0.662
0.662
0.221746
0.662
0.287501
0.464578
0.411469
0.144973
0.421184
0.0684421
0.301963
0.193229
0.40799
0.175266
0.4598
0.342165
0.442133
0.662
0.233044
0.38208
0.252484
0.613382
0.662
0.330185
0.242387
0.369167
0.301387
0.662
0.448072
0.662
0.121637
0.420298
0.354498
0.155191
0.410892
0.662
0.248787
0.662
0.662
0.271614
0.662
0.662
0.662
0.662
0.41701
0.316944
0.192659
0.111538
0.10875
0.253331
0.662
0.323379
0.258905
0.389546
0.398355
0.429609
0.173363
0.626173
0.130469
0.196644
0.161138
0.556334
0.388493
0.662
0.577994
0.662
0.024898
0.662
0.280664
0.633045
0.0764517
0.58783
0.361993
0.464238
0.366393
0.651385
0.328696
0.662
0.662
0.644406
0.662
0.483088
0.662
0.0395592
0.307454
0.662
0.636038
0.448232
0.109049
0.662
0.0602128
0.130634
0.363486
0.662
0.261887
0.662
0.493362
0.662
0.349723
0.353274
0.662
0.0557868
0.087955
0.576171
0.187044
0.650315
0.220999
0.33716
0.185104
0.414606
0.467091
0.252504
0.662
0.662
0.145955
0.102057
0.662
0.0616532
0.662
0.662
0.662
0.662
0.0233353
0.404254
0.289184
0.348958
0.662
0.662
0.123562
0.662
0.494009
0.119653
0.662
0.662
0.662
0.136351
0.662
0.09366
0.662
0.662
0.189827
0.662
0.662
0.0942919
0.0850962
0.239297
0.152261
0.662
0.662
0.297119
0.146658
0.662
0.662
0.334321
0.662
0.551881
0.0775409
0.261272
0.402444
0.21991
0.00450361
0.662
0.662
0.433078
0.385954
0.37893
0.662
0.216925
0.151911
0.0123725
0.662
0.662
0.0829729
0.472004
0.332719
0.383958
0.0106724
0.560869
0.662
0.189136
0.238562
0.224479
0.033305
0.662
0.662
0.662
0.282056
0.392408
0.662
0.662
0.181249
0.235585
0.250943
0.563165
0.351112
0.662
0.626554
0.233235
0.662
0.0117898
0.439268
0.457466
0.102251
0.662
0.107003
0.181561
0.0440327
0.662
0.142619
0.177599
0.179673
0.288714
0.574855
0.662
0.616879
0.662
0.569523
0.437319
0.662
0.511742
0.0611807
0.371234
0.662
0.578268
0.443259
0.662
0.350703
0.34183
0.167761
0.662
0.399128
0.0715596
0.662
0.542055
0.662
0.200272
0.662
0.27976
0.662
0.487775
0.662
0.419443
0.662
0.662
0.466448
0.381205
0.206616
0.154655
0.662
0.605372
0.662
0.219495
0.0885733
0.472612
0.333149
0.13532
0.662
0.328617
0.183012
0.662
0.162402
0.02897
0.00688081
0.365691
0.490352
0.662
0.166474
0.33106
0.662
0.496654
0.391002
0.662
0.253918
0.662
0.662
0.570232
0.321802
0.128653
0.476871
0.304288
0.231602
0.360412
0.470679
0.662
0.379587
0.662
0.336828
0.0150203
0.384692
0.662
0.662
0.662
0.145465
0.662
0.0855097
0.662
0.084796
0.662
0.662
0.662
0.435927
0.662
0.662
0.603186
0.19667
0.4549
0.662
0.662
0.197002
0.662
0.377511
0.662
0.187212
0.347223
0.662
0.300301
0.179
0.662
0.334136
0.662
0.662
0.336661
0.211971
0.407838
0.662
0.216458
0.662
0.662
0.662
0.388534
0.662
0.137789
0.662
0.266627
0.662
0.38076
0.457164
0.359362
0.47522
0.662
0.00993508
0.662
0.248156
0.245986
0.390104
0.662
0.662
0.39507
0.315612
0.160549
0.523543
0.19333
0.395151
0.491401
0.662
0.302071
0.217502
0.662
0.0816979
0.662
0.662
0.662
0.662
0.0307193
0.00436257
0.354751
0.486789
0.459124
0.208217
0.213193
0.662
0.126089
0.662
0.662
0.662
0.662
0.469228
0.662
0.262698
0.0880879
0.662
0.13715
0.662
0.662
0.662
0.662
0.662
0.0256701
0.662
0.662
0.662
0.662
0.180812
0.662
0.619639
0.201472
0.394162
0.0436169
0.0421532
0.28765
0.0723682
0.129836
0.295724
0.662
0.345403
0.0166713
0.48834
0.316085
0.288753
0.662
0.662
0.107128
0.334464
0.0397469
0.191651
0.662
0.662
0.191129
0.662
0.511878
0.378082
0.362163
0.535796
0.358927
0.662
0.331944
0.157539
0.303133
0.662
0.662
0.280177
0.662
0.0629705
0.662
0.341358
0.234165
0.662
0.0656264
0.662
0.0428323
0.0529747
0.272278
0.662
0.59126
0.312562
0.259184
0.031694
0.0111775
0.662
0.14314
0.363912
0.0560441
0.156185
0.662
0.16249
0.022054
0.0957102
0.60287
0.662
0.507845
0.594022
0.057281
0.608212
0.662
0.662
0.662
0.169038
0.309591
0.662
0.0559384
0.662
0.217827
0.662
0.662
0.140166
0.298882
0.0876752
0.662
0.662
0.662
0.227121
0.11218
0.0237424
0.347355
0.276722
0.423719
0.662
0.318486
0.662
0.662
0.222049
0.662
0.402993
0.0666799
0.40076
0.162389
0.142987
0.397384
0.0927464
0.623789
0.352913
0.662
0.662
0.662
0.0643013
0.450465
0.308333
0.440031
0.662
0.662
0.191685
0.415406
0.00594174
0.192562
0.276496
0.662
0.459463
0.46865
0.662
0.350284
0.286501
0.400035
0.36776
0.662
0.204692
0.175524
0.10505
0.276214
0.194216
0.551467
0.479907
0.472364
0.169698
0.185853
0.233475
0.662
0.394021
0.0652402
0.433943
0.662
0.184554
0.238784
0.662
0.467869
0.298133
0.662
0.662
0.395219
0.662
0.662
0.206209
0.353003
0.56933
0.25434
0.41366
0.209366
0.436142
0.210733
0.312297
0.662
0.662
0.662
0.559812
0.322003
0.149871
0.662
0.201855
0.0942143
0.207946
0.140376
0.662
0.344273
0.496542
0.662
0.155915
0.662
0.662
0.469748
0.0643137
0.223727
0.560955
0.0512772
0.166072
0.662
0.397971
0.221174
0.662
0.173022
0.446255
0.148939
0.444981
0.189068
0.431966
0.662
0.46699
0.119854
0.351651
0.662
0.662
0.395787
0.326185
0.458052
0.662
0.662
0.662
0.40975
0.393002
0.662
0.662
0.656902
0.662
0.201903
0.490835
0.603002
0.266145
0.453403
0.662
0.632101
0.662
0.366632
0.662
0.303881
0.436056
0.662
0.329437
0.169044
0.223886
0.0183539
0.458524
0.662
0.410731
0.0210555
0.260726
0.231854
0.662
0.393355
0.300728
0.662
0.385961
0.662
0.662
0.0556038
0.12892
0.662
0.0853315
0.131802
0.109994
0.487159
0.39439
0.340661
0.238446
0.641982
0.662
0.339184
0.450207
0.204958
0.662
0.607779
0.662
0.278381
0.0809448
0.662
0.659792
0.242022
0.662
0.322137
0.553347
0.462013
0.0835292
0.662
0.197102
0.400612
0.662
0.662
0.662
0.00383787
0.662
0.403522
0.662
0.662
0.273042
0.188666
0.0467307
0.0896487
0.662
0.397597
0.662
0.320508
0.662
0.662
0.662
0.662
0.00829245
0.012718
0.662
0.662
0.662
0.0148314
0.662
0.662
0.0184144
0.662
0.0967526
0.219473
0.419115
0.662
0.662
0.662
0.662
0.662
0.31299
0.662
0.122132
0.0155821
0.662
0.463312
0.122254
0.23248
0.259935
0.157687
0.201406
0.316212
0.0945512
0.467754
0.662
0.441203
0.21684
0.662
0.00359406
0.662
0.120396
0.143677
0.591511
0.222743
0.153385
0.662
0.662
0.309595
0.662
0.499877
0.234974
0.178696
0.662
0.195395
0.495972
0.289162
0.662
0.214989
0.662
0.662
0.214018
0.162312
0.190788
0.429044
0.662
0.662
0.143993
0.399703
0.0387766
0.563565
0.662
0.483133
0.471186
0.359247
0.662
0.202987
0.662
0.662
0.178657
0.662
0.45353
0.284665
0.662
0.662
0.448913
0.662
0.327397
0.347329
0.651567
0.662
0.0847041
0.662
0.227954
0.409354
0.115134
0.662
0.298056
0.431486
0.33279
0.371569
0.397186
0.446887
0.225104
0.137686
0.467956
0.662
0.662
0.436521
0.249473
0.0389097
0.662
0.229303
0.662
0.475256
0.0864302
0.424293
0.211963
0.309285
0.578002
0.0042219
0.445557
0.662
0.127672
0.39172
0.362079
0.416988
0.662
0.662
0.233833
0.662
0.382385
0.272759
0.36762
0.662
0.662
0.662
0.662
0.662
0.303929
0.662
0.53092
0.456664
0.214245
0.575336
0.562191
0.426879
0.541759
0.662
0.177302
0.662
0.043621
0.662
0.0813521
0.36784
0.200791
0.547648
0.10721
0.662
0.124672
0.536419
0.662
0.662
0.416908
0.381513
0.220109
0.0491763
0.220344
0.412648
0.662
0.662
0.211492
0.311297
0.662
0.522149
0.187289
0.205038
0.187901
0.195151
0.402617
0.662
0.226845
0.662
0.662
0.291259
0.662
0.662
0.662
0.459329
0.638284
0.662
0.408912
0.320831
0.399658
0.662
0.662
0.0425728
0.569003
0.41723
0.662
0.191495
0.662
0.662
0.00839167
0.333469
0.225913
0.662
0.272159
0.201114
0.662
0.662
0.273644
0.0741576
0.166213
0.662
0.327882
0.662
0.662
0.662
0.120652
0.176024
0.459364
0.662
0.662
0.455521
0.196582
0.662
0.477237
0.0149691
0.662
0.161102
0.170789
0.231754
0.0725969
0.368557
0.662
0.166435
0.662
0.381718
0.455562
0.662
0.662
0.662
0.662
0.662
0.125284
0.190137
0.483724
0.181335
0.289165
0.0643315
0.662
0.662
0.662
0.662
0.423146
0.167328
0.265666
0.662
0.662
0.662
0.429095
0.13175
0.662
0.662
0.373996
0.267611
0.282177
0.662
0.0369019
0.662
0.431223
0.230201
0.388412
0.177363
0.458719
0.570256
0.662
0.662
0.453363
0.381016
0.48643
0.347076
0.662
0.284145
0.662
0.114112
0.122982
0.662
0.199077
0.662
0.306186
0.27213
0.327872
0.341802
0.662
0.662
0.230119
0.0805699
0.662
0.377055
0.313764
0.170811
0.398114
0.398852
0.0682345
0.662
0.0506221
0.662
0.00394755
0.0334235
0.662
0.662
0.230877
0.426941
0.291242
0.23818
0.662
0.662
0.247846
0.662
0.662
0.49454
0.662
0.301712
0.198819
0.316323
0.308307
0.261927
0.662
0.285416
0.662
0.214269
0.445634
0.167766
0.336674
0.134625
0.662
0.135402
0.0755197
0.000474128
0.158827
0.662
0.662
0.598176
0.440126
0.194216
0.657577
0.205082
0.662
0.662
0.265343
0.662
0.662
0.404246
0.250548
0.048547
0.662
0.662
0.168431
0.233738
0.662
0.662
0.662
0.662
0.662
0.662
0.274709
0.186168
0.0152826
0.662
0.662
0.578873
0.319066
0.628445
0.050193
0.221683
0.381417
0.662
0.47302
0.329091
0.140958
0.395817
0.662
0.662
0.289384
0.615454
0.100789
0.662
0.662
0.662
0.415223
0.476543
0.662
0.240816
0.2698
0.368555
0.259971
0.42913
0.153886
0.605096
0.118889
0.161554
0.431965
0.277564
0.311012
0.0694183
0.204428
0.662
0.461188
0.194645
0.662
0.206305
0.056463
0.662
0.662
0.111545
0.21137
0.662
0.662
0.662
0.101674
0.275297
0.0081712
0.199997
0.453732
0.662
0.185136
0.662
0.582193
0.213086
0.662
0.184626
0.338967
0.662
0.449138
0.620593
0.631036
0.0920962
0.662
0.662
0.662
0.581566
0.662
0.662
0.662
0.161672
0.389486
0.234629
0.138889
0.0133661
0.20947
0.159086
0.179168
0.662
0.201235
0.662
0.662
0.662
0.0295635
0.164784
0.662
0.0617622
0.662
0.410056
0.212539
0.432137
0.0604894
0.471691
0.662
0.0529969
0.662
0.0932059
0.188003
0.059044
0.117511
0.20356
0.403953
0.192747
0.432425
0.197383
0.662
0.662
0.172392
0.20833
0.662
0.366697
0.449211
0.441598
0.28798
0.276157
0.0309421
0.186708
0.0851413
0.175776
0.383269
0.662
0.543089
0.662
0.662
0.662
0.205139
0.10071
0.662
0.139571
0.662
0.560559
0.179948
0.336136
0.662
0.19941
0.662
0.346326
0.662
0.662
0.189447
0.662
0.0487533
0.433917
0.149996
0.662
0.41318
0.292251
0.203478
0.44267
0.662
0.2517
0.438069
0.662
0.274807
0.662
0.662
0.662
0.460344
0.454135
0.466139
0.0633759
0.100103
0.430002
0.245689
0.191993
0.448063
0.343283
0.288352
0.215685
0.662
0.284214
0.662
0.40655
0.294422
0.662
0.295545
0.33271
0.625654
0.662
0.247947
0.455344
0.391251
0.158774
0.662
0.281851
0.330809
0.662
0.662
0.662
0.30345
0.319491
0.662
0.256695
0.370011
0.275794
0.266028
0.0282484
0.467901
0.612028
0.662
0.662
0.662
0.662
0.662
0.0844772
0.456206
0.449172
0.212699
0.653203
0.662
0.662
0.662
0.662
0.204052
0.377736
0.208097
0.662
0.549835
0.0322207
0.29629
0.409569
0.0409405
0.16879
0.179421
0.662
0.218121
0.348948
0.64549
0.611432
0.662
0.433706
0.336712
0.114215
0.0238419
0.370335
0.31673
0.202514
0.147518
0.589229
0.662
0.214312
0.662
0.490361
0.345182
0.206039
0.208301
0.425961
0.662
0.662
0.13151
0.237664
0.662
0.662
0.45404
0.0137039
0.662
0.475788
0.662
0.125891
0.454884
0.662
0.662
0.662
0.216421
0.209743
0.520459
0.484437
0.276452
0.662
0.395784
0.162327
0.137658
0.662
0.662
0.662
0.356309
0.0241887
0.456932
0.0724071
0.297802
0.662
0.662
0.381477
0.342893
0.261083
0.662
0.373003
0.270349
0.662
0.000631339
0.256954
0.662
0.0979537
0.259634
0.662
0.662
0.609108
0.199881
0.19299
0.662
0.526299
0.662
0.662
0.662
0.609191
0.662
0.662
0.359754
0.407515
0.22072
0.210854
0.150619
0.662
0.385702
0.111695
0.662
0.662
0.662
0.0243791
0.662
0.49436
0.662
0.440938
0.168727
0.426618
0.662
0.662
0.501072
0.47003
0.662
0.24535
0.396366
0.602479
0.662
0.233403
0.662
0.662
0.366724
0.136857
0.662
0.623477
0.662
0.360407
0.215794
0.101031
0.662
0.243199
0.662
0.189767
0.0129332
0.334846
0.662
0.662
0.503259
0.662
0.180311
0.300532
0.662
0.662
0.662
0.114696
0.662
0.662
0.662
0.662
0.16789
0.261243
0.13684
0.662
0.662
0.283838
0.662
0.348383
0.373859
0.122892
0.371003
0.662
0.662
0.662
0.186779
0.662
0.662
0.322232
0.549234
0.640128
0.0906965
0.162651
0.2662
0.226307
0.025524
0.662
0.000480457
0.662
0.662
0.189753
0.427187
0.662
0.570536
0.662
0.581762
0.662
0.523309
0.0544765
0.302875
0.488797
0.662
0.662
0.634305
0.262233
0.153125
0.357693
0.120319
0.186272
0.0934783
0.662
0.170261
0.226935
0.602876
0.560499
0.333905
0.662
0.662
0.402191
0.662
0.194927
0.662
0.662
0.0514562
0.191931
0.662
0.50468
0.238865
0.523259
0.662
0.390408
0.662
0.662
0.662
0.505189
0.662
0.103337
0.662
0.211091
0.26073
0.265745
0.287362
0.662
0.662
0.34368
0.10067
0.282208
0.305242
0.662
0.345359
0.662
0.188632
0.662
0.139104
0.448141
0.07283
0.662
0.0364496
0.662
0.16438
0.197044
0.662
0.662
0.611211
0.662
0.380753
0.662
0.662
0.662
0.0931464
0.179172
0.561171
0.13
0.662
0.662
0.228908
0.662
0.662
0.269755
0.580908
0.116385
0.20978
0.00466173
0.662
0.662
0.149538
0.266439
0.156973
0.662
0.354706
0.107177
0.662
0.24963
0.305977
0.662
0.0397501
0.662
0.475544
0.662
0.662
0.17706
0.662
0.662
0.662
0.399127
0.401282
0.286278
0.662
0.190445
0.29655
0.00737794
0.0687431
0.631817
0.662
0.250938
0.662
0.360923
0.250302
0.37308
0.13407
0.662
0.662
0.132488
0.662
0.221608
0.662
0.662
0.662
0.662
0.340976
0.317953
0.372887
0.338562
0.412029
0.662
0.280754
0.662
0.195765
0.662
0.662
0.662
0.410781
0.0150127
0.292708
0.0459061
0.662
0.230261
0.662
0.33141
0.662
0.172885
0.401376
0.662
0.662
0.127255
0.662
0.472163
0.389806
0.0827792
0.53436
0.467911
0.662
0.215227
0.202782
0.380972
0.662
0.0577512
0.148813
0.172941
0.662
0.0904168
0.662
0.251378
0.186583
0.320844
0.449044
0.194188
0.662
0.662
0.0197244
0.0376428
0.00940322
0.662
0.662
0.662
0.662
0.10551
0.355497
0.154915
0.273875
0.662
0.662
0.428978
0.662
0.151984
0.662
0.606446
0.535136
0.336094
0.254567
0.239929
0.391556
0.662
0.662
0.636505
0.197635
0.662
0.662
0.662
0.662
0.435934
0.10693
0.662
0.155285
0.353035
0.385063
0.662
0.413271
0.662
0.416119
0.0940041
0.180875
0.252373
0.662
0.662
0.231251
0.662
0.168483
0.302816
0.190112
0.662
0.223123
0.0672472
0.194005
0.128522
0.381126
0.614977
0.283877
0.200842
0.113563
0.662
0.662
0.259058
0.117467
0.133738
0.264286
0.662
0.162597
0.662
0.0792605
0.662
0.662
0.196828
0.0969021
0.15973
0.0635403
0.165185
0.662
0.662
0.202008
0.149733
0.52991
0.236793
0.505158
0.0785801
0.149373
0.0799401
0.662
0.228284
0.530507
0.0236288
0.441698
0.147161
0.208634
0.641357
0.251516
0.234486
0.662
0.662
0.662
0.238823
0.00350863
0.390872
0.662
0.662
0.143912
0.511129
0.493177
0.198374
0.408907
0.202918
0.133743
0.490095
0.456351
0.185548
0.197095
0.426321
0.662
0.662
0.18529
0.662
0.415054
0.382837
0.0657979
0.662
0.662
0.327165
0.662
0.243079
0.225475
0.0535538
0.299089
0.662
0.366024
0.662
0.662
0.083007
0.662
0.161433
0.162294
0.186848
0.409554
0.298208
0.662
0.662
0.289233
0.662
0.662
0.215746
0.662
0.482352
0.514189
0.0465257
0.662
0.266519
0.622818
0.662
0.662
0.0896377
0.451835
0.662
0.662
0.0457224
0.662
0.304936
0.186772
0.310865
0.21234
0.662
0.506921
0.662
0.483669
0.228876
0.662
0.662
0.662
0.223408
0.0740374
0.455842
0.385544
0.297149
0.662
0.229212
0.0766135
0.146396
0.512464
0.202654
0.662
0.662
0.662
0.118007
0.525275
0.253904
0.662
0.375999
0.662
0.662
0.403058
0.662
0.413444
0.662
0.662
0.533249
0.662
0.0379374
0.662
0.662
0.662
0.32237
0.18399
0.662
0.128777
0.662
0.662
0.577869
0.529267
0.32728
0.282654
0.662
0.382958
0.173236
0.38467
0.358651
0.207917
0.284975
0.564975
0.662
0.643395
0.662
0.662
0.662
0.106871
0.662
0.662
0.575131
0.413575
0.294292
0.662
0.325633
0.463982
0.662
0.195954
0.662
0.477147
0.662
0.662
0.28871
0.318521
0.230081
0.246672
0.0393456
0.0144822
0.662
0.258847
0.226461
0.662
0.475271
0.662
0.046395
0.386451
0.662
0.10605
0.662
0.559261
0.221352
0.662
0.662
0.662
0.406345
0.235135
0.114848
0.662
0.0140252
0.0524195
0.286904
0.580536
0.25962
0.662
0.234806
0.259906
0.395196
0.182471
0.383505
0.158487
0.157322
0.144644
0.662
0.377925
0.0485103
0.219619
0.264075
0.061738
0.662
0.662
0.662
0.662
0.662
0.305806
0.297456
0.011641
0.662
0.662
0.0439453
0.21488
0.662
0.356094
0.319507
0.662
0.180174
0.418618
0.662
0.662
0.253965
0.197941
0.480458
0.662
0.306817
0.662
0.662
0.440876
0.662
0.662
0.150771
0.258274
0.662
0.45956
0.0554746
0.145205
0.375969
0.389749
0.556977
0.197717
0.227844
0.605973
0.230871
0.574036
0.281356
0.135604
0.0135184
0.441099
0.321439
0.36445
0.00287867
0.256523
0.172237
0.471267
0.662
0.448393
0.360552
0.662
0.662
0.662
0.232718
0.662
0.662
0.317511
0.197413
0.429241
0.662
0.351379
0.662
0.662
0.102882
0.662
0.662
0.662
0.662
0.662
0.662
0.547402
0.32315
0.391612
0.104964
0.310495
0.365734
0.296301
0.162333
0.190718
0.0061485
0.0974123
0.662
0.199457
0.410955
0.277607
0.363219
0.54257
0.662
0.0867167
0.662
0.300977
0.127785
0.0431605
0.146899
0.133335
0.0370035
0.662
0.542292
0.124237
0.183675
0.295087
0.0443131
0.662
0.190259
0.662
0.662
0.4595
0.461527
0.194292
0.662
0.160982
0.264404
0.217676
0.431545
0.0217387
0.413631
0.662
0.57759
0.662
0.614515
0.0783822
0.0730634
0.101542
0.662
0.662
0.662
0.0345451
0.17506
0.186681
0.358356
0.573121
0.662
0.620241
0.662
0.662
0.279921
0.662
0.387986
0.28363
0.280681
0.541289
0.558097
0.662
0.168482
0.662
0.627746
0.662
0.325116
0.264063
0.662
0.662
0.208782
0.662
0.25559
0.579889
0.170152
0.164671
0.0340436
0.0955739
0.34923
0.507203
0.322457
0.662
0.121815
0.662
0.662
0.662
0.545335
0.308662
0.662
0.662
0.434698
0.662
0.662
0.52389
0.336872
0.662
0.0938581
0.0290083
0.662
0.662
0.662
0.275079
0.424511
0.662
0.19573
0.662
0.022583
0.319344
0.434742
0.662
0.662
0.662
0.662
0.417537
0.643872
0.280377
0.51221
0.158858
0.662
0.662
0.449568
0.662
0.662
0.217824
0.0768607
0.173618
0.0976603
0.662
0.662
0.662
0.518386
0.23846
0.103903
0.642734
0.254457
0.662
0.0469331
0.662
0.413676
0.262817
0.101717
0.365156
0.304637
0.662
0.593152
0.0380744
0.662
0.536859
0.610426
0.208613
0.34281
0.211074
0.662
0.0126543
0.430917
0.0442042
0.46751
0.662
0.0317753
0.145604
0.662
0.662
0.662
0.381476
0.117425
0.486143
0.662
0.240334
0.248161
0.618867
0.662
0.230254
0.320127
0.1521
0.28199
0.662
0.393648
0.189256
0.662
0.662
0.662
0.0734927
0.662
0.354624
0.498985
0.219264
0.662
0.354489
0.453918
0.0228287
0.360707
0.662
0.662
0.297215
0.291928
0.199839
0.278377
0.546691
0.1061
0.102203
0.193364
0.662
0.662
0.662
0.377001
0.189315
0.279028
0.453448
0.275598
0.452717
0.112694
0.564907
0.662
0.258932
0.121024
0.037431
0.394784
0.662
0.223365
0.306201
0.662
0.662
0.662
0.122035
0.443982
0.662
0.662
0.298672
0.523598
0.305038
0.20951
0.00536452
0.662
0.646737
0.662
0.0343854
0.0361324
0.662
0.576175
0.169796
0.662
0.120313
0.0571207
0.662
0.215791
0.399558
0.662
0.662
0.44591
0.185262
0.472798
0.662
0.662
0.202967
0.662
0.662
0.662
0.662
0.174859
0.202373
0.662
0.662
0.662
0.662
0.278878
0.662
0.0149645
0.370929
0.188851
0.662
0.662
0.457953
0.268053
0.347933
0.662
0.662
0.662
0.280334
0.0423154
0.662
0.662
0.327513
0.662
0.273984
0.662
0.335262
0.662
0.502866
0.662
0.662
0.0878131
0.211496
0.349294
0.662
0.208717
0.39317
0.204857
0.240327
0.0617504
0.662
0.662
0.662
0.349104
0.0250949
0.312865
0.662
0.662
0.662
0.662
0.662
0.662
0.433825
0.0471123
0.662
0.244704
0.662
0.107988
0.662
0.25746
0.662
0.662
0.662
0.662
0.205491
0.176251
0.662
0.662
0.450542
0.662
0.662
0.18448
0.642147
0.0780898
0.152901
0.247147
0.153207
0.214389
0.662
0.289823
0.662
0.390064
0.662
0.662
0.00509634
0.662
0.00389391
0.139061
0.134738
0.389163
0.248753
0.232379
0.398278
0.46156
0.662
0.662
0.0944951
0.470848
0.360433
0.548246
0.662
0.662
0.273614
0.335928
0.19057
0.199762
0.273974
0.377125
0.388384
0.662
0.462519
0.00778971
0.662
0.139355
0.662
0.662
0.425455
0.135099
0.662
0.386539
0.295075
0.376262
0.305303
0.191049
0.662
0.246517
0.662
0.276287
0.662
0.662
0.172742
0.120235
0.662
0.662
0.662
0.271314
0.662
0.195449
0.372775
0.135679
0.359816
0.647652
0.0583656
0.534655
0.483319
0.662
0.426135
0.662
0.662
0.0189558
0.237707
0.199528
0.321701
0.662
0.110291
0.662
0.150298
0.662
0.662
0.479179
0.641119
0.662
0.264374
0.48157
0.662
0.280944
0.662
0.662
0.324345
0.154636
0.351833
0.197844
0.341207
0.340134
0.122273
0.662
0.211757
0.426124
0.344692
0.662
0.662
0.435684
0.662
0.477101
0.109396
0.458188
0.413342
0.314879
0.102623
0.166055
0.662
0.434443
0.662
0.312395
0.519838
0.662
0.334435
0.662
0.251366
0.439729
0.134652
0.373506
0.662
0.662
0.0167026
0.206842
0.398976
0.478527
0.426672
0.662
0.300654
0.255951
0.659873
0.173399
0.662
0.422705
0.662
0.287913
0.662
0.662
0.213728
0.192991
0.34513
0.662
0.662
0.411168
0.63
0.469802
0.325498
0.311885
0.29493
0.426004
0.662
0.377848
0.662
0.00786214
0.662
0.352111
0.0923372
0.662
0.662
0.662
0.662
0.146919
0.662
0.293724
0.18556
0.662
