0.662
0.423818
0.299781
0.19957
0.251545
0.662
0.0455903
0.0742311
0.609443
0.624007
0.410158
0.662
0.0815309
0.591904
0.662
0.233177
0.662
0.662
0.662
0.662
0.35829
0.662
0.662
0.224607
0.00465734
0.662
0.451366
0.662
0.662
0.662
0.662
0.428496
0.302037
0.345114
0.243905
0.152938
0.662
0.662
0.0315034
0.662
0.171604
0.167503
0.480699
0.142488
0.46223
0.321694
0.662
0.0491901
0.644135
0.603092
0.662
0.616911
0.393691
0.662
0.576236
0.0381686
0.221143
0.662
0.632121
0.35185
0.398822
0.662
0.556507
0.481314
0.229413
0.497615
0.662
0.391201
0.662
0.161915
0.662
0.643334
0.322651
0.662
0.653425
0.251991
0.662
0.00604369
0.662
0.656014
0.516863
0.662
0.215599
0.60653
0.348406
0.191055
0.180363
0.305478
0.662
0.420703
0.662
0.662
0.404456
0.650918
0.19755
0.414985
0.213804
0.0873204
0.662
0.477008
0.600707
0.301049
0.662
0.461837
0.662
0.662
0.272968
0.246668
0.662
0.0582292
0.392154
0.577286
0.338111
0.662
0.662
0.254144
0.277781
0.117654
0.585486
0.662
0.624479
0.662
0.125693
0.452252
0.326836
0.227054
0.195946
0.250408
0.238666
0.302807
0.662
0.662
0.662
0.46484
0.256268
0.211894
0.37334
0.662
0.662
0.335741
0.142369
0.207836
0.15957
0.1556
0.0371939
0.21093
0.250295
0.662
0.662
0.521879
0.0490176
0.330343
0.464596
0.281013
0.662
0.662
0.662
0.186763
0.662
0.250972
0.0396389
0.346894
0.662
0.430302
0.662
0.0302078
0.462849
0.662
0.662
0.29304
0.381284
0.36981
0.662
0.662
0.209125
0.301137
0.233886
0.662
0.273383
0.138192
0.201437
0.662
0.132978
0.511925
0.232185
0.373971
0.662
0.662
0.103504
0.662
0.328899
0.662
0.348189
0.300928
0.203918
0.0284802
0.662
0.662
0.110682
0.112486
0.108352
