0.518798
0.250295
0.420703
0.662
0.308153
0.0371939
0.0455903
0.373971
0.572419
0.398822
0.142488
0.591904
0.254144
0.662
0.662
0.410158
0.662
0.250408
0.302037
0.430302
0.662
0.305478
0.0873204
0.233177
0.0491901
0.521879
0.229413
0.15957
0.103504
0.256268
0.662
0.662
0.609443
0.0893825
0.301137
0.0396389
0.348189
0.662
0.321694
0.662
0.250972
0.469849
0.662
0.42377
0.243905
0.662
0.0381686
0.233886
0.384177
0.243576
0.556507
0.662
0.19957
0.662
0.328899
0.662
0.662
0.622736
0.643334
0.0315034
0.653425
0.461837
0.585486
0.316436
0.393691
0.662
0.662
0.0856161
0.662
0.381284
0.662
0.21093
0.662
0.251991
0.624007
0.0284802
0.221143
0.661374
0.0582292
0.662
0.203918
0.632121
0.60653
0.662
0.511925
0.662
0.662
0.662
0.662
0.662
0.644135
0.152938
0.423859
0.662
0.662
0.656014
0.662
0.404456
0.469661
0.428496
0.477008
0.423818
0.662
0.29304
0.662
0.662
0.480699
0.163019
0.36981
0.180363
0.281013
0.662
0.0490176
0.662
0.00604369
0.600707
0.662
0.132978
0.452252
0.662
0.191055
0.662
0.0742311
0.662
0.662
0.326836
0.662
0.0197419
0.138192
0.662
0.46223
0.322651
0.464596
0.0815309
0.577286
0.167503
0.366842
0.238666
0.662
0.662
0.662
0.616911
0.662
0.213804
0.662
0.662
0.662
0.125693
0.662
0.299781
0.662
0.277781
0.418967
0.041061
0.662
0.35829
0.481314
0.330343
0.110682
0.662
0.230881
0.232185
0.462849
0.42908
0.251545
0.662
0.662
0.662
0.201437
0.39446
0.576236
0.662
0.1556
0.108352
0.0275745
0.662
0.338111
0.662
0.348406
0.662
0.345114
0.161915
0.19755
0.283388
0.662
0.662
0.662
0.662
0.398143
0.186763
0.662
0.225343
0.163249
0.483206
0.157333
0.273383
0.171604
0.302807
0.227054
0.117654
0.46484
0.603092
0.662
0.662
0.436439
0.335741
0.142369
0.662
0.113484
