0.114375
0.662
0.445483
0.202167
0.384175
0.662
0.265715
0.662
0.324814
0.276528
0.662
0.141445
0.226479
0.65867
0.0430818
0.662
0.662
0.237497
0.0448788
0.662
0.662
0.662
0.253252
0.662
0.179549
0.38825
0.228235
0.662
0.662
0.662
0.215549
0.662
0.19857
0.662
0.474634
0.22523
0.222449
0.157228
0.183187
0.192881
0.367254
0.662
0.0666711
0.279118
0.662
0.465214
0.428209
0.00492133
0.578982
0.253676
0.662
0.662
0.662
0.662
0.662
0.208912
0.169429
0.465253
0.633694
0.662
0.662
0.321203
0.662
0.313473
0.0189083
0.228298
0.662
0.662
0.191095
0.662
0.137459
0.662
0.662
0.253553
0.662
0.662
0.662
0.589764
0.662
0.662
0.455537
0.662
0.625071
0.295582
0.662
0.283922
0.661877
0.611957
0.33855
0.362871
0.281607
0.662
0.20707
0.216307
0.153909
0.189673
0.662
0.202726
0.662
0.65735
0.141148
0.662
0.662
0.203936
0.278042
0.662
0.238486
0.662
0.662
0.662
0.0408112
0.311021
0.202997
0.662
0.13848
0.309635
0.342431
0.478296
0.662
0.467926
0.252894
0.201797
0.662
0.33188
0.0104248
0.452236
0.461207
0.662
0.662
0.0370197
0.49414
0.399038
0.258944
0.580442
0.000933679
0.0681497
0.130267
0.0042628
0.189572
0.029674
0.104442
0.0246618
0.0658218
0.376003
0.284302
0.662
0.411352
0.378451
0.662
0.459182
0.662
0.188229
0.121388
0.662
0.165102
0.608893
0.31622
0.0155991
0.193268
0.0958563
0.134539
0.662
0.662
0.48083
0.222569
0.157775
0.662
0.509259
0.662
0.258028
0.229148
0.662
0.662
0.147704
0.569468
0.662
0.269093
0.183947
0.0645079
0.262052
0.662
0.237053
0.0613338
0.662
0.151542
0.250827
0.662
0.662
0.662
0.662
0.662
0.00360765
0.118931
0.279661
0.662
0.217121
0.395762
0.329516
0.662
0.662
0.662
0.366612
0.541349
0.195807
0.662
0.379591
0.662
0.507031
0.186985
0.662
0.662
0.199593
0.662
0.662
0.662
0.662
0.1713
0.342444
0.113263
0.662
0.239458
0.662
0.647727
0.395724
0.229311
0.215721
0.63508
0.0721348
0.481222
