0.662
0.372892
0.542652
0.190939
0.50325
0.560983
0.433516
0.461689
0.389507
0.422548
0.662
0.41859
0.437687
0.314844
0.302807
0.398642
0.115231
0.476607
0.658634
0.234693
0.644801
0.469661
0.662
0.662
0.0639358
0.662
0.662
0.662
0.319099
0.0508605
0.137962
0.391713
0.613992
0.200413
0.266375
0.159405
0.662
0.448334
0.376319
0.662
0.354546
0.662
0.662
0.0924174
0.197474
0.600894
0.313651
0.662
0.0315034
0.40777
0.662
0.662
0.662
0.662
0.280716
0.311877
0.662
0.662
0.662
0.18056
0.662
0.389036
0.662
0.0694223
0.662
0.641549
0.662
0.662
0.662
0.216669
0.436895
0.162484
0.561228
0.464022
0.0547785
0.203918
0.638944
0.662
0.662
0.662
0.662
0.121515
0.662
0.412563
0.273302
0.662
0.662
0.305018
0.287891
0.547321
0.558601
0.662
0.662
0.0323948
0.662
0.662
0.662
0.184284
0.556507
0.662
0.0424604
0.338111
0.302037
0.632343
0.488973
0.662
0.662
0.191055
0.662
0.020472
0.662
0.185427
0.662
0.662
0.391689
0.36137
0.137587
0.642564
0.364989
0.662
0.662
0.662
0.662
0.523229
0.26178
0.430302
0.308353
0.294928
0.662
0.549314
0.440343
0.0873204
0.662
0.196883
0.662
0.310765
0.662
0.662
0.243576
0.252712
0.644135
0.197737
0.535934
0.662
0.361226
0.244253
0.662
0.609443
0.662
0.662
0.662
0.497149
0.256595
0.662
0.662
0.618487
0.662
0.628862
0.662
0.359448
0.0131538
0.662
0.662
0.126628
0.662
0.0202641
0.662
0.662
0.374029
0.662
0.662
0.363997
0.00604369
0.662
0.472433
0.662
0.356711
0.322077
0.662
0.662
0.237804
0.662
0.490173
0.18546
0.662
0.312246
0.555679
0.442814
0.322927
0.220189
0.422805
0.614647
0.658225
0.0713097
0.398822
0.631398
0.0639585
0.133576
0.150815
0.196941
0.0820396
0.445602
0.308422
0.396034
0.295622
0.662
0.315483
0.662
0.293835
0.662
0.662
0.662
0.137714
0.0815309
0.60653
0.433205
0.662
0.36347
0.662
0.662
0.545975
0.624007
0.662
0.117031
0.266343
0.277823
0.662
0.662
0.662
0.0939863
0.274019
0.152184
0.327883
0.364594
0.662
0.413676
0.662
0.083244
0.662
0.334587
0.0433646
0.656014
0.233886
0.471709
0.423818
0.283388
0.662
0.662
0.662
0.662
0.408232
0.497615
0.662
0.662
0.493135
0.662
0.410523
0.421221
0.642382
0.245599
0.440325
0.662
0.662
0.652367
0.57027
0.459815
0.103504
0.662
0.268094
0.662
0.6494
0.189851
0.662
0.662
0.652652
0.398618
0.461789
0.662
0.350093
0.192958
0.06905
0.551859
0.662
0.535215
0.204671
0.191309
0.438993
0.662
0.662
0.465306
0.291633
0.662
0.662
0.114844
0.662
0.0348879
0.212067
0.662
0.662
0.662
0.537537
0.565262
0.529024
0.662
0.662
0.347179
0.662
0.213148
0.662
0.574546
0.389833
0.426336
0.662
0.612813
0.662
0.662
0.279411
0.107954
0.662
0.00964761
0.170877
0.237846
0.265095
0.524146
0.661374
0.662
0.366842
0.662
0.662
0.308773
0.662
0.662
0.662
0.662
0.169843
0.231621
0.662
0.605453
0.0284802
0.0325684
0.662
0.662
0.163609
0.662
0.360103
0.662
0.223624
0.662
0.526517
0.662
0.662
0.456789
0.662
0.662
0.662
0.319965
0.662
0.662
0.16154
0.437365
0.662
0.346894
0.0425556
0.141113
0.558049
0.475439
0.279133
0.662
0.422283
0.382925
0.0532134
0.0986885
0.617175
0.662
0.662
0.662
0.0115534
0.472105
0.193412
0.203654
0.622736
0.372254
0.388642
0.277014
0.440688
0.662
0.662
0.0186662
0.464046
0.262847
0.662
0.568765
0.35185
