0.142369
0.662
0.662
0.662
0.0151282
0.662
0.313651
0.662
0.414343
0.560983
0.662
0.662
0.662
0.662
0.661374
0.469661
0.524146
0.250972
0.662
0.0381686
0.189803
0.662
0.259965
0.662
0.408232
0.662
0.252712
0.15957
0.137962
0.662
0.237804
0.295031
0.0742311
0.662
0.423501
0.0915075
0.131659
0.662
0.279133
0.662
0.662
0.566378
0.132978
0.354546
0.113484
0.584448
0.653425
0.662
0.612813
0.363997
0.656014
0.225343
0.60653
0.644135
0.430302
0.389036
0.600707
0.662
0.662
0.662
0.216669
0.648846
0.437365
0.662
0.193755
0.221143
0.0324595
0.404456
0.0491901
0.535934
0.662
0.103824
0.167503
0.076376
0.662
0.474333
0.302037
0.662
0.662
0.247335
0.440688
0.662
0.137714
0.0208179
0.469057
0.662
0.258404
0.662
0.662
0.662
0.19716
0.201437
0.662
0.662
0.662
0.237846
0.662
0.662
0.0326843
0.373971
0.616911
0.662
0.50111
0.662
0.662
0.0115534
0.568765
0.203918
0.662
0.662
0.315483
0.106943
0.0639585
0.288852
0.0084253
0.0396389
0.662
0.662
0.662
0.662
0.369195
0.199695
0.662
0.0873204
0.662
0.644801
0.194509
0.276517
0.603092
0.192958
0.251545
0.662
0.662
0.440325
0.361226
0.0815309
0.63673
0.662
0.470873
0.114182
0.235045
0.662
0.0762386
0.662
0.662
0.662
0.410523
0.415255
0.298239
0.662
0.662
0.0701922
0.643334
0.326836
0.662
0.662
0.662
0.456789
0.662
0.624007
0.662
0.0553159
0.662
0.204811
0.172024
0.490173
0.231621
0.381284
0.662
0.662
0.274019
0.662
0.662
0.245599
0.0713097
0.398822
0.423818
0.662
0.328899
0.233886
0.0315034
0.662
0.662
0.662
0.662
0.662
0.308422
0.662
0.461837
0.448334
0.609265
0.0924174
0.609443
0.253816
0.580616
0.340496
0.190819
0.064634
0.286247
0.185023
0.662
0.662
0.622736
0.551859
0.662
0.662
0.0284802
0.662
0.222178
0.477008
0.266375
0.437687
0.0297122
0.423859
0.105121
0.374029
0.662
0.106778
0.558601
0.190939
0.652652
0.308353
0.39178
0.184214
0.1527
0.662
0.243576
0.0912001
0.662
0.662
0.301137
0.662
0.662
0.585486
0.217518
0.662
0.662
0.422805
0.556507
0.42377
0.662
0.277823
0.662
0.121515
0.662
0.445602
0.662
0.191309
0.584334
0.662
0.115231
0.662
0.159405
0.00243858
0.251991
0.0508605
0.117031
0.299781
0.662
0.662
0.138192
0.460622
0.171604
0.366842
0.184284
0.614647
0.574546
0.281594
0.662
0.452252
0.642382
0.0815187
0.662
0.125693
0.662
0.348406
0.440943
0.558049
0.191055
0.00604369
0.197802
0.662
0.245407
0.662
0.127334
0.280964
0.662
0.169843
0.208956
0.662
0.350093
0.19957
