0.662
0.662
0.229372
0.662
0.481222
0.128813
0.662
0.662
0.662
0.662
0.662
0.477528
0.123986
0.253963
0.662
0.375468
0.662
0.157775
0.662
0.662
0.662
0.454941
0.662
0.0333048
0.219001
0.662
0.662
0.662
0.477803
0.515217
0.052441
0.143303
0.662
0.202726
0.0842073
0.662
0.662
0.662
0.15829
0.0316918
0.196893
0.0986972
0.218393
0.662
0.581004
0.662
0.221911
0.662
0.286601
0.662
0.662
0.662
0.662
0.662
0.662
0.417363
0.662
0.451311
0.571638
0.142104
0.662
0.662
0.662
0.662
0.662
0.326168
0.222449
0.141445
0.624599
0.658765
0.114741
0.42188
0.148276
0.274128
0.62823
0.662
0.662
0.164818
0.662
0.629455
0.0486495
0.467851
0.662
0.306493
0.0440216
0.542427
0.662
0.372616
0.184774
0.188229
0.662
0.304525
0.662
0.241637
0.364429
0.0398029
0.104974
0.662
0.250491
0.625071
0.0737163
0.043536
0.237189
0.539163
0.0496094
0.182017
0.662
0.185488
0.192939
0.662
0.555628
0.388659
0.421984
0.066222
0.433982
0.16702
0.432949
0.143417
0.199593
0.293094
0.662
0.384715
0.501961
0.0908085
0.662
0.484742
0.662
0.242751
0.410003
0.262805
0.436831
0.295582
0.0564971
0.591521
0.662
0.662
0.0519145
0.436949
0.235876
0.00360765
0.374171
0.529252
0.53462
0.318934
0.398484
0.662
0.662
0.465556
0.474734
0.268769
0.570253
0.228254
0.662
0.662
0.204329
0.60548
0.33188
0.662
0.608447
0.662
0.470112
0.432074
0.662
0.333819
0.662
0.0238287
0.194689
0.362245
0.645516
0.18467
0.448702
0.662
0.320848
0.587026
0.223782
0.662
0.0245719
0.313532
0.429582
0.662
0.661877
0.662
0.662
0.129781
0.10271
0.662
0.662
0.662
0.00999562
0.215721
0.215549
0.662
0.662
0.662
0.450203
0.121279
0.0252268
0.662
0.136185
0.662
0.475042
0.0784869
0.662
0.00842663
0.406533
0.662
0.232297
0.569905
0.4105
0.386217
0.662
0.141148
0.662
0.286893
0.662
0.638951
0.417277
0.0423657
0.459739
0.523914
0.662
0.662
0.597388
0.390045
0.633917
0.349152
0.0901399
0.662
0.662
0.662
0.0367266
0.662
0.492573
0.0667118
0.662
0.662
0.662
0.399096
0.662
0.163392
0.662
0.662
0.495686
0.662
0.662
0.662
0.627376
0.260261
0.662
0.452844
0.662
0.662
0.662
0.38773
0.12716
0.0861748
0.662
0.425791
0.662
0.399939
0.2106
0.288707
0.662
0.662
0.118931
0.263815
0.211026
0.209401
0.395935
0.662
0.662
0.199441
0.372107
0.662
0.00296654
0.224839
0.662
0.662
0.662
0.264462
0.206535
0.2398
0.484602
0.662
0.123903
0.293763
0.662
0.378789
0.118792
0.311644
0.484078
0.3778
0.573721
0.631481
0.347484
0.252598
0.107014
0.492963
0.662
0.662
0.662
0.284302
0.177718
0.13933
0.662
0.662
0.585831
0.662
0.662
0.0787115
0.637309
0.368722
0.0205485
0.602719
0.662
0.153413
0.598377
0.662
0.662
0.590653
0.0189083
0.461223
0.00667666
0.657624
0.32353
0.662
0.187393
0.436827
0.2478
0.558768
0.662
0.662
0.367254
0.662
0.0681497
0.559259
0.662
0.530987
0.222145
0.662
0.229136
0.0747838
0.438832
0.662
0.662
0.409302
0.662
0.152741
0.662
0.467266
0.235009
0.662
0.356162
0.041728
0.662
0.662
0.362896
0.29582
0.662
0.464095
0.662
0.168555
0.133849
0.662
0.31354
0.0438845
0.525505
0.246486
0.165102
0.165885
0.662
0.440419
0.31831
0.662
0.0765824
0.649465
0.17682
0.0757373
0.209612
0.662
0.350747
0.662
0.662
0.186409
0.662
0.662
0.363203
0.662
0.00231756
0.0312101
0.208151
0.167951
0.662
0.662
0.402358
0.211293
0.662
0.662
0.537524
0.209184
0.0375195
0.204971
0.662
0.0468388
0.662
0.189572
0.0681819
0.662
0.662
0.662
0.662
0.662
0.31982
0.662
0.555859
0.363375
0.662
0.352056
0.457526
0.320082
0.662
0.165941
0.662
0.662
0.662
0.662
0.199776
0.662
0.137917
0.174636
0.662
0.662
0.130153
0.662
0.460631
0.604025
0.662
0.454932
0.105016
0.662
0.220526
0.168959
0.221174
0.392706
