0.662
0.61365
0.662
0.181803
0.662
0.410474
0.510732
0.662
0.662
0.126628
0.36959
0.295622
0.0186662
0.0603409
0.662
0.372254
0.662
0.497615
0.435769
0.461789
0.368921
0.601511
0.273302
0.587114
0.662
0.632343
0.0532134
0.16866
0.662
0.220887
0.440343
0.231621
0.437853
0.662
0.0668908
0.662
0.292658
0.464051
0.662
0.114844
0.662
0.456028
0.422805
0.442491
0.662
0.391689
0.662
0.656014
0.617175
0.315315
0.0667913
0.618766
0.662
0.363997
0.185421
0.662
0.526517
0.662
0.421604
0.100589
0.205867
0.662
0.184841
0.166664
0.662
0.354546
0.314844
0.662
0.0820396
0.126628
0.215133
0.308422
0.020472
0.662
0.662
0.50325
0.641549
0.448334
0.537537
0.409957
0.599424
0.662
0.388642
0.508267
0.614647
0.57027
0.213148
0.662
0.662
0.607435
0.662
0.662
0.256595
0.662
0.662
0.293421
0.662
0.469849
0.469661
0.662
0.41859
0.662
0.662
0.0115261
0.662
0.305018
0.662
0.365076
0.319099
0.234693
0.662
0.310833
0.247232
0.483639
0.662
0.26178
0.475439
0.196941
0.662
0.662
0.662
0.360425
0.662
0.662
0.258956
0.662
0.262302
0.565262
0.423818
0.662
0.662
0.662
0.376319
0.662
0.497149
0.662
0.00675111
0.609443
0.376379
0.399334
0.561228
0.662
0.662
0.662
0.438993
0.308353
0.662
0.662
0.293835
0.662
0.465306
0.165634
0.662
0.361734
0.662
0.568765
0.209776
0.662
0.16154
0.662
0.391676
0.216669
0.662
0.437365
0.187667
0.0721469
0.662
0.662
0.662
0.662
0.513811
0.277014
0.171577
0.662
0.662
0.266329
0.225706
0.197474
0.662
0.662
0.662
0.340674
0.662
0.239118
0.223736
0.339343
0.476607
0.662
0.662
0.237804
0.662
0.0562287
0.115413
0.0711664
0.0115534
0.662
0.200413
0.20836
0.462396
0.137587
0.662
0.662
0.662
0.662
0.308773
0.662
0.662
0.662
0.356769
0.662
0.0566637
0.255849
0.555679
0.440688
0.662
0.137714
0.662
0.662
0.638944
0.188421
0.244937
0.662
0.312246
0.46079
0.191055
0.662
0.601509
0.193479
0.304565
0.0424604
0.662
0.115231
0.662
0.175682
0.662
0.36137
0.458281
0.420342
0.14649
0.364989
0.214658
0.415045
0.653928
0.464046
0.662
0.662
0.438327
0.662
0.645019
0.342735
0.662
0.662
0.023057
0.662
0.662
0.06905
0.201025
0.0433646
0.223624
0.0486624
0.0374373
0.662
0.652652
0.662
0.203918
0.662
0.568744
0.0564865
0.662
0.662
0.15656
0.324243
0.662
0.488973
0.0145163
0.662
0.618487
0.662
0.22436
0.551859
0.159405
0.662
0.130897
0.214504
0.382925
0.662
0.662
0.45999
0.326812
0.0924174
0.00964761
0.600894
0.662
0.662
0.460671
0.662
0.662
0.662
0.359448
0.651393
0.662
0.184284
0.662
0.12363
0.380822
0.662
0.626784
0.662
0.662
0.545975
0.319965
0.118248
0.424528
0.389507
0.274019
0.338711
0.662
0.662
0.103504
0.662
0.662
0.662
0.662
0.662
0.662
0.331106
0.662
0.153408
0.196883
0.662
0.542652
0.194965
0.637499
0.263871
0.642382
0.361226
0.662
0.662
0.662
0.471709
0.0508605
0.662
0.662
0.662
0.433205
0.0915428
0.662
0.0660672
0.273129
0.254749
0.662
0.436895
0.662
0.232146
0.32898
0.662
0.20971
0.0533526
0.662
0.662
0.233548
0.476461
0.0642753
0.0639585
0.662
0.662
0.287891
0.662
0.662
0.119251
0.313651
0.315175
0.458043
0.662
0.655688
0.0934703
0.662
0.662
0.40777
0.10329
0.0388985
0.364594
0.662
0.662
0.18056
0.662
0.148026
0.662
0.0553159
0.662
0.198449
0.162484
0.0202641
0.549314
0.170877
0.259768
0.660933
0.08612
0.662
0.662
0.575362
0.433516
0.243576
0.421221
0.543806
0.662
0.662
0.295868
0.662
0.662
0.662
0.366842
0.413676
0.00604369
0.247422
0.662
0.472105
0.662
0.662
0.141113
0.662
0.310765
0.459815
0.662
0.238486
0.203654
0.662
0.191269
0.222311
0.276517
0.574546
0.662
0.341199
0.0713097
0.16846
0.302037
0.335137
0.150815
0.662
0.442814
0.274626
0.662
0.453606
0.631398
0.133576
0.0425556
0.662
0.662
0.662
0.662
0.18546
0.662
0.622736
0.662
0.18007
0.662
0.137962
0.189851
0.662
0.662
0.193412
0.437687
0.662
0.374029
0.558049
0.311877
0.244253
0.118242
0.662
0.356692
0.291633
0.662
0.154384
0.105685
0.197737
0.662
0.650129
0.219807
0.662
0.191309
0.662
0.336018
0.662
0.608287
0.662
0.662
0.629133
0.662
0.236703
0.252712
0.337464
0.190939
0.412563
0.662
0.662
0.425545
