0.232197
0.0948721
0.662
0.371321
0.410064
0.15041
0.662
0.556241
0.383233
0.662
0.291764
0.180429
0.478734
0.175383
0.585181
0.662
0.0208603
0.313484
0.662
0.45969
0.662
0.145814
0.230484
0.662
0.378925
0.662
0.106157
0.662
0.230536
0.128371
0.274146
0.531415
0.201977
0.426802
0.662
0.662
0.600228
0.662
0.662
0.184675
0.0709716
0.662
0.32576
0.662
0.662
0.154782
0.155754
0.662
0.0110219
0.419521
0.451774
0.409119
0.121534
0.662
0.181039
0.662
0.278859
0.662
0.575993
0.393798
0.320861
0.0221288
0.662
0.662
0.544921
0.662
0.308934
0.216796
0.662
0.504853
0.662
0.523273
0.248892
0.0970369
0.127441
0.398033
0.234332
0.662
0.662
0.204411
0.208275
0.220197
0.662
0.481209
0.203631
0.209505
0.0909675
0.662
0.255481
0.319881
0.662
0.662
0.283993
0.395934
0.278412
0.163836
0.397526
0.0271595
0.6563
0.159955
0.662
0.033488
0.662
0.33944
0.536073
0.662
0.463279
0.204504
0.662
0.402272
0.662
0.662
0.662
0.31679
0.113662
0.464546
0.33255
0.0592656
0.0209422
0.378858
0.433766
0.238769
0.662
0.576717
0.662
0.0742177
0.578296
0.662
0.381167
0.662
0.662
0.608669
0.662
0.48457
0.662
0.662
0.154079
0.298827
0.208554
0.446992
0.383417
0.20331
0.662
0.329789
0.197983
0.662
0.276426
0.662
0.341524
0.119926
0.662
0.662
0.198571
0.60881
0.453517
0.637169
0.409256
0.108283
0.285623
0.134817
0.21675
0.0200047
0.662
0.207114
0.365979
0.662
0.662
0.218066
0.323347
0.224086
0.662
0.662
0.662
0.662
0.136936
0.0627281
0.0920854
0.491098
0.662
0.662
0.662
0.662
0.0565384
0.662
0.662
0.662
0.662
0.0658772
0.662
0.108246
0.662
0.662
0.564139
0.101299
0.662
0.662
0.401079
0.662
0.378324
0.23349
0.531582
0.662
0.662
0.662
0.662
0.481037
0.662
0.662
0.226342
0.616278
0.044407
0.662
0.449967
0.486547
0.662
0.590693
0.0472871
0.662
0.370862
0.63339
0.662
0.24376
0.289798
0.231602
0.41202
0.662
0.662
0.348692
0.662
0.042843
0.0351436
0.101533
0.597669
0.366488
0.662
0.662
0.662
0.640253
0.448302
0.103431
0.108792
0.662
0.476946
0.662
0.142316
0.0686892
0.662
0.662
0.547387
0.279498
0.416471
0.0724822
0.227694
0.436403
0.662
0.358065
0.319368
0.298574
0.599453
0.662
0.662
0.0407998
0.662
0.662
0.662
0.551613
0.515501
0.662
0.662
0.583657
0.355501
0.662
0.662
0.00467927
0.243911
0.323427
0.662
0.0229517
0.123398
0.662
0.662
0.266477
0.662
0.557602
0.464397
0.662
0.662
0.207401
0.4732
0.447658
0.662
0.1335
0.463517
0.662
0.662
0.515049
0.662
0.00213516
0.015119
0.662
0.116896
0.662
0.355108
0.476015
0.412132
0.482362
0.605414
0.272332
0.184
0.662
0.662
0.497382
0.0190379
0.177915
0.135018
0.177598
0.228512
0.436608
0.21606
0.377184
0.076529
0.0245992
0.662
0.170217
0.662
0.177961
0.366074
0.397569
0.284838
0.328438
0.270704
0.662
0.27278
0.28618
0.662
0.0061013
0.0457939
0.413031
0.187821
0.662
0.198825
0.0450933
0.662
0.662
0.662
0.213366
0.269324
0.573112
0.662
0.662
0.662
0.162811
0.432687
0.662
0.662
0.662
0.662
0.354306
0.0994504
0.662
0.471833
0.662
0.453631
0.662
0.662
0.552402
0.662
0.406486
0.401014
0.00498615
0.374105
0.662
0.662
0.543014
0.286525
0.453768
0.662
0.229255
0.430813
0.456653
0.662
0.662
0.186916
0.662
0.00223513
0.103078
0.480903
0.299279
0.179354
0.0969654
0.552099
0.0209806
0.0912485
0.480882
0.662
0.296088
0.608236
0.0488489
0.340263
0.0219847
0.288157
0.0269155
0.218481
0.452465
0.194381
0.161761
0.662
0.21963
0.662
0.662
0.208755
0.597632
0.662
0.662
0.0435216
0.662
0.169231
0.662
0.662
0.122292
0.301849
0.427492
0.662
0.00646532
0.415081
0.38967
0.662
0.136793
0.203333
0.662
0.42001
0.662
0.370573
0.203748
0.662
0.344682
0.475884
0.104096
0.662
0.662
0.331894
0.132945
0.0714392
0.662
0.662
0.504123
0.581323
0.580655
0.198088
0.43512
0.284826
0.556509
0.286782
0.156204
0.392145
0.662
0.119352
0.575729
0.277791
0.353716
0.662
0.459869
0.0560943
0.459658
0.446669
0.20198
0.662
0.469693
0.643259
0.409059
0.57291
0.190213
0.164641
0.0192511
0.423734
0.662
0.662
0.662
0.249854
0.662
0.31129
0.277839
0.601986
0.531938
0.205547
0.463484
0.662
0.26433
0.419277
0.662
0.662
0.405225
0.307232
0.155644
0.523652
0.662
0.662
0.019653
0.335372
0.301519
0.306816
0.286801
0.156903
0.105942
0.183192
0.476056
0.662
0.458612
0.662
0.23821
0.411822
0.426646
0.280103
0.220207
0.197404
0.175832
0.294706
0.157149
0.139949
0.662
0.408992
0.662
0.24778
0.07555
0.246575
0.463585
0.391577
0.640436
0.662
0.662
0.662
0.307283
0.662
0.335114
0.357271
0.495768
0.662
0.662
0.662
0.662
0.467464
0.662
0.082138
0.437591
0.315553
0.277123
0.256815
0.0899617
0.662
0.0920527
0.100388
0.569167
0.136004
0.662
0.662
0.370765
0.167842
0.389583
0.662
0.0495321
0.50477
0.662
0.662
0.0977837
0.146216
0.662
0.662
0.168171
0.0836748
0.078891
0.222086
0.19842
0.662
0.662
0.285077
0.662
0.225036
0.0719118
0.0192519
0.197728
0.25916
0.484257
0.194895
0.0249274
0.308104
0.329017
0.662
0.0935378
0.662
0.386462
0.0473187
0.48006
0.662
0.196366
0.126544
0.208984
0.106977
0.662
0.240143
0.662
0.183209
0.662
0.360508
0.662
0.329456
0.662
0.599634
0.188365
0.662
0.244774
0.662
0.454739
0.240013
0.662
0.586452
0.164818
0.662
0.662
0.15359
0.156759
0.417295
0.237819
0.662
0.0677947
0.432441
0.0326764
0.203613
0.662
0.521995
0.265727
0.0765478
0.247903
0.415773
0.218638
0.662
0.662
0.662
0.662
0.589755
0.107625
0.393368
0.0452183
0.35835
0.137407
0.464857
0.439488
0.232422
0.662
0.662
0.662
0.662
0.18973
0.374471
0.662
0.62747
0.662
0.477004
0.200157
0.662
0.301273
0.0490183
0.662
0.102719
0.0391314
0.662
0.662
0.662
0.236139
0.602078
0.662
0.662
0.662
0.662
0.195057
0.211086
0.662
0.303836
0.62452
0.430455
0.635339
0.069719
0.246661
0.534788
0.662
0.662
0.662
0.181193
0.662
0.355225
0.00898677
0.405711
0.662
0.662
0.662
0.0548116
0.662
0.662
0.662
0.453479
0.00421891
0.476088
0.662
0.662
0.334046
0.0357365
0.590103
0.064217
0.434941
0.662
0.0901716
0.122633
0.662
0.229904
0.0677607
0.305076
0.172889
0.605133
0.464897
0.0440649
0.0981366
0.168757
0.469477
0.262533
0.121249
0.332536
0.662
0.203982
0.529689
0.662
0.662
0.0314228
0.662
0.662
0.662
0.662
0.662
0.279093
0.307898
0.662
0.389159
0.0607844
0.443911
0.647966
0.662
0.662
0.460123
0.455567
0.662
0.502316
0.206753
0.241107
0.35496
0.270756
0.257752
0.0495998
0.501462
0.393823
0.662
0.24464
0.294042
0.662
0.125783
0.1789
0.200861
0.0180235
0.312544
0.459581
0.343881
0.319398
0.40683
0.363773
0.662
0.313414
0.258602
0.315087
0.662
0.662
0.124189
0.101987
0.377842
0.461974
0.662
0.479611
0.435437
0.299797
0.662
0.507725
0.662
0.439576
0.608568
0.662
0.458322
0.163601
0.480574
0.662
0.104969
0.328492
0.252537
0.378688
0.0150553
0.32067
0.00961965
0.207993
0.439275
0.662
0.662
0.396835
0.662
0.436552
0.50125
0.450157
0.557118
0.532111
0.106771
0.662
0.349878
0.102242
0.519619
0.11645
0.662
0.0572657
0.662
0.00428356
0.598931
0.301772
0.203554
0.561447
0.662
0.662
0.0494252
0.662
0.32899
0.109658
0.662
0.662
0.514613
0.662
0.215787
0.404185
0.208929
0.567774
0.468425
0.189649
0.662
0.662
0.662
0.62947
0.339548
0.229105
0.264138
0.457797
0.455301
0.456726
0.662
0.355678
0.662
0.255555
0.662
0.662
0.662
0.662
0.226045
0.481573
0.207468
0.445429
0.662
0.662
0.131542
0.421064
0.662
0.435721
0.217796
0.282482
0.0262192
0.56366
0.155967
0.123218
0.662
0.414205
0.662
0.451366
0.662
0.185399
0.647498
0.553247
0.209241
0.150029
0.662
0.662
0.662
0.312562
0.662
0.501988
0.0177331
0.48576
0.310527
0.465496
0.662
0.662
0.662
0.662
0.662
0.475605
0.662
0.381913
0.212416
0.662
0.662
0.662
0.662
0.102779
0.267615
0.126359
0.662
0.232879
0.560129
0.095424
0.662
0.350682
0.442315
0.662
0.662
0.198826
0.662
0.662
0.0974612
0.13138
0.662
0.662
0.627855
0.662
0.662
0.157719
0.662
0.359539
0.110699
0.542426
0.0103533
0.662
0.520152
0.310858
0.662
0.662
0.125115
0.646912
0.662
0.28255
0.188133
0.382468
0.117493
0.662
0.662
0.0508619
0.662
0.23153
0.205947
0.662
0.662
0.106978
0.662
0.662
0.268809
0.370061
0.298032
0.662
0.131514
0.305924
0.662
0.452679
0.429761
0.662
0.359455
0.662
0.662
0.662
0.54531
0.396394
0.662
0.382745
0.100732
0.662
0.662
0.369782
0.662
0.402641
0.403636
0.662
0.425069
0.299875
0.448113
0.662
0.0696197
0.449453
0.662
0.662
0.662
0.662
0.0691713
0.410362
0.242444
0.138958
0.662
0.0396331
0.358709
0.301076
0.662
0.0794745
0.662
0.266901
0.218429
0.662
0.162242
0.662
0.160916
0.662
0.414362
0.662
0.662
0.662
0.662
0.239474
0.662
0.662
0.0912359
0.300646
0.190975
0.107235
0.662
0.662
0.662
0.19339
0.413961
0.662
0.514969
0.374082
0.315196
0.235776
0.272133
0.0628703
0.662
0.405224
0.628715
0.204053
0.595807
0.338792
0.0723459
0.586265
0.662
0.480741
0.649311
0.539235
0.0496393
0.662
0.29505
0.662
0.662
0.455316
0.662
0.662
0.662
0.358203
0.18209
0.321648
0.662
0.215559
0.0826705
0.351151
0.195142
0.662
0.662
0.153961
0.662
0.662
0.446112
0.201442
0.169901
0.662
0.662
0.590752
0.662
0.662
0.662
0.382861
0.268327
0.662
0.662
0.662
0.428429
0.448253
0.236822
0.0684324
0.662
0.662
0.662
0.286073
0.662
0.662
0.261517
0.187275
0.286652
0.186747
0.662
0.662
0.385141
0.204977
0.257175
0.0609829
0.192492
0.310206
0.662
0.328278
0.662
0.262027
0.633391
0.662
0.315488
0.5631
0.662
0.662
0.257286
0.365422
0.290073
0.543031
0.335666
0.538201
0.160582
0.0845341
0.150358
0.372936
0.662
0.588951
0.662
0.227243
0.342207
0.662
0.21215
0.287371
0.313308
0.662
0.526163
0.662
0.636769
0.150072
0.324147
0.375979
0.662
0.662
0.132269
0.0239934
0.662
0.358276
0.0643091
0.334752
0.662
0.662
0.662
0.306367
0.662
0.662
0.0226532
0.261334
0.295497
0.146168
0.120809
0.662
0.662
0.662
0.1868
0.662
0.420157
0.271081
0.0844482
0.662
0.207455
0.662
0.462128
0.173065
0.567128
0.372705
0.170174
0.662
0.357334
0.220659
0.662
0.220472
0.216841
0.662
0.419076
0.662
0.662
0.220684
0.395273
0.662
0.481018
0.631376
0.400411
0.193924
0.388577
0.472089
0.357336
0.0524179
0.662
0.630661
0.205887
0.264379
0.662
0.149836
0.662
0.0505151
0.662
0.586612
0.662
0.662
0.125686
0.309102
0.366684
0.615866
0.662
0.662
0.649431
0.662
0.0341305
0.662
0.662
0.662
0.662
0.662
0.414063
0.201959
0.24011
0.121985
0.451607
0.662
0.330997
0.422093
0.662
0.235329
0.662
0.662
0.637805
0.0988076
0.628413
0.633599
0.662
0.662
0.662
0.156876
0.662
0.118101
0.662
0.662
0.326365
0.165819
0.121953
0.662
0.0089698
0.662
0.470656
0.227012
0.478901
0.662
0.255216
0.252252
0.116579
0.54079
0.316978
0.280602
0.662
0.308906
0.153681
0.0226283
0.662
0.662
0.181166
0.325606
0.0689929
0.278384
0.505737
0.182334
0.0968857
0.662
0.205231
0.186814
0.329432
0.459822
0.645674
0.662
0.662
0.260554
0.662
0.662
0.662
0.216484
0.662
0.220379
0.662
0.0159688
0.662
0.173603
0.416432
0.662
0.507021
0.233684
0.662
0.110066
0.595178
0.629229
0.251174
0.177443
0.227121
0.662
0.662
0.662
0.130735
0.662
0.583439
0.247175
0.574563
0.383708
0.662
0.662
0.19983
0.0697807
0.286609
0.662
0.662
0.0494207
0.662
0.0327627
0.0703305
0.662
0.21281
0.390942
0.662
0.662
0.417835
0.662
0.11307
0.662
0.662
0.266296
0.063609
0.662
0.46102
0.662
0.00024941
0.662
0.0857066
0.108975
0.662
0.268015
0.244463
0.259522
0.197493
0.263122
0.599753
0.662
0.00355071
0.227677
0.662
0.662
0.318577
0.118194
0.258523
0.589136
0.662
0.410848
0.269363
0.662
0.42669
0.487481
0.415549
0.662
0.184508
0.662
0.0284637
0.662
0.462897
0.299302
0.129895
0.367162
0.450843
0.195743
0.217577
0.662
0.662
0.662
0.01878
0.608392
0.662
0.264817
0.00827899
0.662
0.662
0.440608
0.662
0.662
0.662
0.247232
0.662
0.0603165
0.1553
0.662
0.662
0.662
0.662
0.502929
0.0923152
0.148977
0.243149
0.662
0.662
0.421159
0.450062
0.662
0.662
0.267026
0.662
0.36538
0.0272562
0.42533
0.662
0.401424
0.197955
0.662
0.610396
0.0144664
0.662
0.146709
0.177269
0.306046
0.547982
0.280301
0.332519
0.0321276
0.135312
0.662
0.662
0.662
0.0999263
0.46996
0.00363753
0.285004
0.0116047
0.662
0.662
0.223724
0.0307632
0.566947
0.242397
0.57096
0.210969
0.433228
0.150269
0.662
0.291991
0.328644
0.0867232
0.662
0.0949628
0.662
0.114877
0.0136932
0.355836
0.660819
0.662
0.662
0.121987
0.382151
0.201997
0.0392601
0.126871
0.380358
0.00411303
0.0332948
0.662
0.163346
0.464303
0.152562
0.662
0.38408
0.353647
0.34859
0.189468
0.315796
0.662
0.0110992
0.662
0.0530198
0.125259
0.118683
0.36427
0.662
0.0886353
0.0497244
0.279879
0.662
0.662
0.252549
0.390917
0.662
0.29271
0.191872
0.0829932
0.482942
0.408463
0.514398
0.252803
0.587986
0.662
0.662
0.662
0.662
0.542334
0.207135
0.195216
0.34851
0.282071
0.186057
0.662
0.662
0.545259
0.0422936
0.317544
0.662
0.376098
0.662
0.410991
0.662
0.662
0.0171802
0.662
0.286946
0.662
0.662
0.662
0.516665
0.662
0.119974
0.662
0.662
0.251231
0.273468
0.662
0.662
0.194589
0.501458
0.522294
0.662
0.662
0.179236
0.662
0.662
0.190197
0.104525
0.662
0.332847
0.662
0.662
0.662
0.230382
0.165701
0.199252
0.662
0.527471
0.1433
0.0951955
0.662
0.453678
0.185917
0.409568
0.304428
0.662
0.383395
0.124305
0.662
0.595922
0.662
0.662
0.23365
0.662
0.662
0.662
0.662
0.662
0.662
0.412934
0.662
0.662
0.155406
0.662
0.44824
0.193005
0.179791
0.662
0.662
0.498302
0.268536
0.662
0.662
0.598711
0.640776
0.169676
0.188155
0.655602
0.263935
0.662
0.467021
0.662
0.662
0.662
0.662
0.609258
0.626613
0.662
0.428086
0.0770029
0.662
0.475504
0.193419
0.662
0.662
0.119736
0.662
0.410506
0.662
0.277978
0.662
0.15333
0.231527
0.662
0.662
0.0322216
0.166836
0.189558
0.662
0.366246
0.467903
0.049641
0.430304
0.612097
0.203028
0.662
0.662
0.128246
0.0640176
0.662
0.323655
0.662
0.381403
0.445637
0.662
0.230199
0.296134
0.662
0.662
0.662
0.215021
0.0679894
0.611686
0.662
0.662
0.662
0.203129
0.30445
0.4308
0.18601
0.662
0.193101
0.28958
0.662
0.662
0.150231
0.19255
0.141633
0.0827933
0.517577
0.494659
0.334293
0.092095
0.662
0.371856
0.00310528
0.662
0.0934695
0.662
0.087684
0.662
0.662
0.662
0.25782
0.05075
0.349345
0.444841
0.662
0.662
0.195657
0.189638
0.49414
0.662
0.208484
0.662
0.243951
0.591327
0.199836
0.447328
0.662
0.110008
0.662
0.662
0.323692
0.662
0.662
0.364476
0.662
0.380089
0.0367196
0.662
0.662
0.662
0.662
0.405742
0.662
0.662
0.662
0.211711
0.662
0.238638
0.662
0.662
0.292988
0.357671
0.104939
0.662
0.311087
0.110992
0.662
0.0609383
0.615578
0.662
0.230956
0.209412
0.137237
0.662
0.526037
0.55278
0.662
0.662
0.114816
0.662
0.204972
0.433079
0.479327
0.662
0.662
0.190863
0.0694658
0.0790036
0.431054
0.662
0.662
0.662
0.31373
0.662
0.506653
0.633545
0.639153
0.662
0.247935
0.326097
0.662
0.574782
0.662
0.412507
0.138064
0.199864
0.662
0.189875
0.649035
0.640298
0.662
0.399715
0.0676701
0.371418
0.429165
0.41805
0.135863
0.662
0.61902
0.662
0.503664
0.425991
0.299517
0.11156
0.636632
0.213032
0.104947
0.101523
0.0043455
0.213289
0.499943
0.206145
