0.662
0.662
0.0186662
0.135816
0.662
0.0934703
0.662
0.415045
0.196883
0.324243
0.662
0.662
0.617175
0.662
0.308422
0.662
0.662
0.0668908
0.363223
0.118248
0.662
0.45999
0.662
0.448334
0.662
0.662
0.568765
0.662
0.662
0.662
0.291406
0.210061
0.662
0.0713097
0.389036
0.652652
0.26178
0.442814
0.662
0.662
0.433205
0.662
0.662
0.436895
0.662
0.662
0.448096
0.232146
0.662
0.0374373
0.662
0.376319
0.660933
0.193412
0.662
0.662
0.391689
0.276517
0.662
0.662
0.292658
0.662
0.549314
0.356692
0.210166
0.662
0.445602
0.453606
0.438327
0.444501
0.662
0.662
0.662
0.109549
0.662
0.527447
0.662
0.465306
0.114844
0.223624
0.20971
0.662
0.226774
0.137648
0.662
0.662
0.0553159
0.662
0.662
0.662
0.637499
0.191269
0.662
0.662
0.371881
0.488973
0.0907491
0.440325
0.392522
0.223736
0.0721469
0.464046
0.244937
0.662
0.662
0.24262
0.274626
0.151268
0.228941
0.662
0.0562287
0.662
0.606709
0.225706
0.662
0.662
0.0560285
0.662
0.284492
0.310765
0.356769
0.662
0.220189
0.662
0.662
0.565262
0.00964761
0.662
0.328659
0.342735
0.662
0.662
0.220182
0.283085
0.126628
0.456789
0.662
0.52412
0.662
0.662
0.57027
0.405399
0.662
0.662
0.313651
0.118242
0.00675111
0.319965
0.258956
0.231621
0.662
0.662
0.287891
0.662
0.662
0.359448
0.12363
0.212067
0.662
0.291633
0.614647
0.662
0.662
0.0115261
0.662
0.0388985
0.662
0.476607
0.662
0.0425556
0.662
0.0902971
0.662
0.662
0.244531
0.34211
0.308353
0.188421
0.662
0.537537
0.662
0.319099
0.401007
0.153877
0.603906
0.662
0.662
0.137962
0.364989
0.662
0.263871
0.662
0.184284
0.100589
0.662
0.662
0.399334
0.662
0.662
0.662
0.148026
0.662
0.618487
0.643012
0.662
0.662
0.662
0.662
0.600894
0.336327
0.662
0.662
0.662
0.172501
0.662
0.651413
0.662
0.662
0.337464
0.315175
0.662
0.662
0.382925
0.662
0.194965
0.462396
0.662
0.238486
0.302424
0.662
0.662
0.295868
0.475439
0.339343
0.662
0.0532134
0.662
0.662
0.662
0.662
0.154384
0.662
0.662
0.601509
0.662
0.662
0.137587
0.662
0.0323948
0.163609
0.392277
0.151216
0.662
0.662
0.662
0.662
0.626784
0.641549
0.662
0.662
0.662
0.196414
0.461789
0.337798
0.149532
0.662
0.662
0.271401
0.662
0.0315034
0.273129
0.217709
0.308773
0.422805
0.662
0.561228
0.22562
0.662
0.115231
0.389833
0.543806
0.191309
0.437687
0.542652
0.497615
0.459815
0.662
0.662
0.662
0.020472
0.364594
0.555679
0.198449
0.06905
0.0639585
0.361226
0.631398
0.186649
0.217481
0.662
0.558049
0.438993
0.0332847
0.10329
0.368921
0.662
0.662
0.662
0.109967
0.662
0.662
0.662
0.638944
0.662
0.662
0.18546
0.607435
0.335137
0.662
0.662
0.513811
0.341199
0.466513
0.0433646
0.311877
0.166664
0.662
0.254749
0.662
0.11688
0.0217418
0.662
0.662
0.662
0.146335
0.483639
0.662
0.662
0.0564865
0.662
0.662
0.215133
0.662
0.35988
0.233548
0.662
0.662
0.662
0.662
0.374029
0.372254
0.609443
0.138781
0.642382
0.141113
0.662
0.633391
0.166652
0.421221
0.662
0.587114
0.230483
0.326601
0.190939
0.469661
0.314844
0.0202641
0.0572956
0.545975
0.165634
0.140856
0.433516
0.551859
0.645019
0.662
0.159405
0.662
0.432787
0.00604369
0.268254
0.11324
0.0476133
0.189851
0.277014
0.662
0.662
0.105685
0.236703
0.354546
0.662
0.220887
0.440343
0.662
0.162484
0.662
0.633694
0.323331
0.27281
0.0115534
0.281242
0.662
0.223163
0.662
0.0840493
0.040354
0.160978
0.662
0.0660672
0.662
0.662
0.312246
0.662
0.60653
0.662
0.662
0.662
0.622736
0.662
0.662
0.351699
0.108341
0.471709
0.113824
0.662
0.252712
0.0645603
0.423818
0.629133
0.662
0.457377
0.0931481
0.662
0.656014
0.305018
0.332451
0.662
0.203654
0.111918
0.37573
0.315483
0.477665
0.662
0.437853
0.662
0.234693
0.175509
0.437365
0.484509
0.618766
0.299139
0.662
0.388642
0.203918
0.216669
0.550089
0.302807
0.0024309
0.137714
0.08612
0.40777
0.651393
0.662
0.209776
0.150815
0.412563
0.216859
0.425545
0.662
0.662
0.0642753
0.662
0.213626
0.207396
0.420342
0.653928
0.201025
0.244253
0.243576
0.0535105
0.224918
0.628765
0.36137
0.0424604
0.171577
0.153408
0.274019
0.4519
0.332333
0.662
0.237804
0.295622
0.0579796
0.662
0.662
0.574546
0.440688
0.662
0.293421
0.126628
0.662
0.662
0.662
0.0820396
0.662
0.662
0.103504
0.662
0.662
0.662
0.662
0.662
0.438071
0.662
0.662
0.245599
0.16154
0.0984518
0.165251
0.662
0.662
0.304565
0.662
0.00141915
0.22436
0.662
0.662
0.334587
0.256595
0.197737
0.662
0.662
0.0924174
0.273302
0.133576
0.191055
0.662
0.662
0.662
0.185421
0.170877
0.662
0.213148
0.293835
0.0508605
0.662
0.497149
0.662
0.662
0.434012
0.156949
0.50325
0.18007
0.662
0.413676
0.389507
0.662
0.255849
0.662
0.472105
0.366842
0.628862
0.302037
0.662
0.196941
0.262302
0.464051
0.568744
