0.391279
0.662
0.46411
0.408463
0.662
0.583657
0.429165
0.189988
0.662
0.662
0.104096
0.0667103
0.0269155
0.264281
0.662
0.38647
0.252276
0.284838
0.662
0.367294
0.157603
0.662
0.436827
0.662
0.0912485
0.203631
0.662
0.636632
0.0956332
0.36943
0.662
0.538049
0.243069
0.422733
0.662
0.662
0.554582
0.437836
0.662
0.662
0.662
0.571638
0.10594
0.593357
0.662
0.186916
0.606982
0.210689
0.480129
0.203405
0.167084
0.151643
0.160047
0.138096
0.662
0.15829
0.662
0.662
0.662
0.453219
0.662
0.207993
0.0188741
0.618205
0.662
0.251231
0.662
0.2077
0.662
0.255503
0.134858
0.150231
0.662
0.080835
0.662
0.245226
0.125259
0.231677
0.226675
0.662
0.662
0.371856
0.46515
0.662
0.36089
0.662
0.662
0.0578993
0.199864
0.662
0.662
0.306367
0.197729
0.662
0.282071
0.197493
0.242227
0.0796338
0.662
0.662
0.381912
0.405217
0.662
0.142497
0.662
0.613225
0.495768
0.662
0.313308
0.662
0.299797
0.347578
0.662
0.662
0.662
0.313255
0.662
0.662
0.339548
0.190571
0.503664
0.662
0.159696
0.662
0.412132
0.126871
0.662
0.106978
0.592436
0.362245
0.662
0.483348
0.206995
0.498302
0.0539605
0.409565
0.261334
0.116068
0.662
0.269602
0.135202
0.383248
0.104989
0.0135875
0.662
0.662
0.282482
0.565697
0.476056
0.0719118
0.662
0.662
0.662
0.251826
0.0541248
0.29505
0.662
0.139949
0.662
0.662
0.0603165
0.526664
0.662
0.209253
0.0798922
0.662
0.230382
0.53407
0.0443029
0.37565
0.629098
0.662
0.516588
0.0439205
0.226231
0.662
0.662
0.662
0.0677307
0.123608
0.662
0.662
0.302691
0.662
0.109773
0.648621
0.610396
0.662
0.244463
0.662
0.314483
0.562131
0.169966
0.662
0.0815531
0.662
0.662
0.662
0.581266
0.15041
0.260576
0.197955
0.252252
0.662
0.00344401
0.662
0.22154
0.177217
0.237989
0.285638
0.0991681
0.614866
0.169231
0.662
0.662
0.662
0.662
0.443895
0.645674
0.662
0.662
0.0915199
0.410506
0.455707
0.0209422
0.662
0.318707
0.662
0.662
0.123986
0.143578
0.435721
0.662
0.633391
0.662
0.195817
0.0667118
0.662
0.254517
0.0450933
0.225451
0.00861044
0.502316
0.454195
0.662
0.662
0.564398
0.662
0.0303312
0.662
0.473306
0.551613
0.386623
0.662
0.662
0.662
0.141633
0.49868
0.00340775
0.662
0.662
0.151467
0.389176
0.662
0.143486
0.662
0.0923152
0.236904
0.213294
0.216841
0.484257
0.662
0.0766806
0.662
0.662
0.662
0.0316918
0.662
0.339913
0.643259
0.382745
0.662
0.662
0.194975
0.209412
0.662
0.662
0.232131
0.462628
0.662
0.146481
0.272359
0.0508619
0.366246
0.662
0.631481
0.344804
0.0490183
0.662
0.201118
0.321514
0.462487
0.662
0.420157
0.194741
0.455567
0.35531
0.662
0.420362
0.410658
0.493557
0.0572575
0.662
0.662
0.662
0.42188
0.662
0.158066
0.219887
0.523915
0.197921
0.253773
0.662
0.662
0.633253
0.442833
0.171355
0.350373
0.662
0.662
0.662
0.424295
0.662
0.171701
0.662
0.662
0.455316
0.56239
0.160985
0.0753358
0.188062
0.662
0.360045
0.126755
0.43014
0.529252
0.662
0.662
0.662
0.186858
0.165941
0.463429
0.58006
0.662
0.375979
0.662
0.203129
0.662
0.662
0.294576
0.224168
0.341709
0.467761
0.23792
0.662
0.156204
0.217796
0.457507
0.272405
0.662
0.662
0.239355
0.0495321
0.662
0.0396465
0.662
0.301519
0.662
0.0262192
0.476302
0.233424
0.662
0.662
0.662
0.202713
0.662
0.662
0.662
0.321527
0.662
0.662
0.125115
0.469477
0.662
0.362896
0.662
0.341492
0.175612
0.662
0.190314
0.662
0.662
0.662
0.0861748
0.308041
0.54313
0.662
0.662
0.19339
0.662
0.662
0.632502
0.662
0.662
0.662
0.662
0.185155
0.427997
0.367927
0.662
0.477031
0.320272
0.529523
0.662
0.411438
0.459154
0.306046
0.636515
0.33255
0.203612
0.437729
0.27338
0.168959
0.450632
0.0182946
0.662
0.0765824
0.524218
0.662
0.481779
0.662
0.278466
0.662
0.45343
0.0402571
0.478734
0.237431
0.501466
0.472721
0.611424
0.476088
0.374471
0.662
0.552643
0.255909
0.662
0.29071
0.0972987
0.662
0.662
0.662
0.00428356
0.0390788
0.662
0.285841
0.595178
0.662
0.662
0.625684
0.662
0.241071
0.27843
0.123464
0.662
0.397526
0.662
0.0691635
0.662
0.662
0.104939
0.662
0.276014
0.397862
0.526163
0.652166
0.30578
0.662
0.356203
0.0126602
0.374132
0.599453
0.293763
0.502612
0.0375195
0.431706
0.114877
0.662
0.662
0.193101
0.428393
0.520152
0.662
0.224459
0.454011
0.662
0.662
0.662
0.34555
0.0766669
0.0494252
0.330923
0.31692
0.289647
0.328094
0.662
0.294162
0.662
0.215021
0.0355996
0.662
0.662
0.280526
0.662
0.662
0.607404
0.381658
0.0886353
0.662
0.0882059
0.662
0.662
0.0550075
0.430428
0.662
0.371321
0.602719
0.662
0.662
0.151808
0.0685745
0.480187
0.19613
0.0894955
0.227012
0.662
0.332519
0.0735548
0.543031
0.332847
0.662
0.262233
0.368551
0.211653
0.128678
0.00437642
0.662
0.116579
0.409947
0.280602
0.453678
0.662
0.00416383
0.276431
0.475882
0.305924
0.1433
0.316978
0.185239
0.662
0.220282
0.662
0.428387
0.630661
0.570253
0.143111
0.491098
0.124189
0.662
0.662
0.44316
0.213208
0.532902
0.300646
0.191632
0.0377438
0.544921
0.662
0.662
0.30905
0.662
0.662
0.662
0.463517
0.368253
0.273511
0.662
0.662
0.662
0.148375
0.662
0.662
0.662
0.0117691
0.155967
0.20325
0.662
0.581771
0.662
0.267953
0.176477
0.662
0.662
0.518853
0.327857
0.268769
0.257286
0.291885
0.597669
0.662
0.524353
0.519749
0.303115
0.662
0.450157
0.320209
0.419003
0.452465
0.560314
0.631376
0.662
0.662
0.513599
0.444841
0.662
0.470706
0.558768
0.662
0.142496
0.0350413
0.662
0.119352
0.662
0.239268
0.156876
0.474031
0.662
0.662
0.0909195
0.662
0.167882
0.559916
0.0698147
0.267026
0.662
0.0921612
0.494869
0.661241
0.416568
0.369312
0.662
0.0316414
0.662
0.662
0.105098
0.662
0.320861
0.409065
0.662
0.191313
0.14698
0.395949
0.255481
0.0327627
0.662
0.662
0.662
0.129056
0.462128
0.10997
0.390796
0.07555
0.657376
0.308514
0.281982
0.662
0.662
0.0750306
0.449734
0.211026
0.200836
0.587026
0.312729
0.662
0.558327
0.0118282
0.662
0.662
0.662
0.403639
0.613931
0.18668
0.662
0.662
0.114993
0.161263
0.662
0.662
0.662
0.662
0.423081
0.662
0.267615
0.662
0.318519
0.662
0.109601
0.503877
0.662
0.171437
0.662
0.52222
0.662
0.208753
0.662
0.203464
0.302995
0.655261
0.627376
0.617285
0.662
0.0577244
0.0518039
0.316795
0.428652
0.662
0.662
0.277123
0.148967
0.62947
0.413205
0.0720881
0.662
0.288157
0.410317
0.023442
0.662
0.252464
0.323655
0.662
0.467259
0.662
0.662
0.482247
0.255748
0.662
0.662
0.590653
0.293094
0.633599
0.219001
0.220207
0.662
0.662
0.602078
0.494514
0.229715
0.467631
0.20839
0.509349
0.305079
0.421159
0.662
0.224086
0.54531
0.197983
0.662
0.662
0.436518
0.31129
0.063609
0.662
0.273979
0.662
0.215241
0.229255
0.14657
0.163601
0.598711
0.361757
0.269516
0.252803
0.308906
0.153681
0.662
0.552402
0.662
0.199481
0.662
0.662
0.662
0.208969
0.662
0.662
0.31679
0.461315
0.148213
0.21675
0.605278
0.0564971
0.662
0.249678
0.331131
0.662
0.185399
0.557118
0.662
0.186403
0.226022
0.662
0.144083
0.428715
0.293043
0.484742
0.413031
0.265785
0.39491
0.148927
0.662
0.374188
0.163349
0.163346
0.228978
0.109685
0.662
0.320347
0.427691
0.662
0.26293
0.662
0.662
0.247903
0.459739
0.662
0.662
0.662
0.450552
0.662
0.662
0.662
0.446669
0.662
0.662
0.662
0.662
0.461827
0.525754
0.662
0.662
0.184
0.662
0.208355
0.332659
0.393368
0.154301
0.134635
0.0440649
0.118561
0.662
0.44275
0.195743
0.1553
0.188682
0.0609829
0.208984
0.107625
0.209505
0.0226004
0.107188
0.313868
0.373452
0.446859
0.662
0.273301
0.311644
0.64976
0.434507
0.662
0.640436
0.490951
0.397852
0.47863
0.371418
0.175383
0.193849
0.0363677
0.150923
0.662
0.260554
0.448253
0.662
0.409256
0.662
0.465263
0.38561
0.628305
0.143417
0.662
0.662
0.131872
0.492737
0.401014
0.652858
0.194689
0.662
0.603478
0.662
0.123398
0.323347
0.200957
0.381787
0.253963
0.220015
0.662
0.662
0.501961
0.662
0.662
0.177961
0.199162
0.61308
0.662
0.662
0.662
0.0512032
0.487339
0.225061
0.662
0.438223
0.662
0.662
0.662
0.662
0.556537
0.662
0.0878399
0.156235
0.662
0.298887
0.42001
0.662
0.221911
0.662
0.350393
0.456653
0.2398
0.146711
0.164818
0.126359
0.518131
0.662
0.662
0.154384
0.40683
0.656966
0.397303
0.348433
0.38082
0.53683
0.11726
0.315799
0.326365
0.0814868
0.662
0.178062
0.345927
0.154782
0.662
0.104551
0.662
0.662
0.312544
0.662
0.109801
0.429582
0.41799
0.0829932
0.447328
0.662
0.662
0.662
0.378858
0.37199
0.372726
0.0103533
0.662
0.0715726
0.662
0.187275
0.662
0.178018
0.306493
0.662
0.662
0.129895
0.446992
0.198087
0.662
0.209149
0.649465
0.16802
0.62452
0.662
0.167951
0.662
0.662
0.49414
0.208484
0.360508
0.54108
0.366
0.662
0.308934
0.294117
0.184675
0.410848
0.339738
0.0112218
0.662
0.662
0.0910725
0.286801
0.177598
