0.196883
0.00604369
0.137587
0.374029
0.555679
0.237846
0.245599
0.274019
0.0591354
0.558601
0.190939
0.60653
0.0873204
0.662
0.535934
0.662
0.197862
0.662
0.0425556
0.613992
0.662
0.0639585
0.36347
0.605453
0.526517
0.662
0.642382
0.197737
0.312246
0.662
0.277823
0.315483
0.25695
0.469661
0.422805
0.644801
0.105685
0.549314
0.0924174
0.609443
0.662
0.662
0.0896385
0.662
0.287891
0.497149
0.662
0.662
0.169843
0.662
0.200413
0.662
0.440688
0.364989
0.295622
0.107954
0.0713097
0.398822
0.265982
0.413676
0.662
0.26178
0.662
0.220189
0.364594
0.662
0.662
0.662
0.388642
0.662
0.662
0.438993
0.152769
0.440343
0.523229
0.560983
0.662
0.302037
0.363997
0.372892
0.203654
0.614647
0.437365
0.662
0.628862
0.568744
0.662
0.50325
0.662
0.662
0.204671
0.662
0.662
0.662
0.486491
0.662
0.662
0.456789
0.471709
0.662
0.558049
0.0639358
0.0433646
0.547602
0.662
0.662
0.662
0.16154
0.662
0.40777
0.662
0.662
0.020472
0.662
0.662
0.662
0.121515
0.662
0.302807
0.412563
0.537537
0.662
0.266375
0.277014
0.338111
0.423818
0.430302
0.662
0.662
0.35185
0.662
0.662
0.189851
0.196941
0.356692
0.461689
0.662
0.618487
0.662
0.133576
0.359448
0.662
0.662
0.543806
0.662
0.391689
0.662
0.662
0.662
0.115231
0.662
0.662
0.305018
0.213148
0.6494
0.252712
0.20971
0.382925
0.662
0.662
0.600894
0.617175
0.0721469
0.662
0.398618
0.662
0.662
0.0986885
0.389507
0.662
0.397382
0.662
0.652367
0.109645
0.662
0.662
0.361226
0.150815
0.662
0.00964761
0.279411
0.662
0.662
0.134957
0.662
0.422283
0.465306
0.662
0.662
0.662
0.631398
0.662
0.06905
0.313651
0.662
0.662
0.638944
0.662
0.083244
0.280716
0.662
0.244253
0.243576
0.662
0.568765
0.662
0.185421
0.262302
0.662
0.662
0.162484
0.662
0.117031
0.420342
0.203226
0.662
0.308353
0.488973
0.126628
0.662
0.159405
0.574546
0.475439
0.279133
0.472105
0.322077
0.203918
0.0939863
0.662
0.524146
0.662
0.662
0.293835
0.644135
0.662
0.100589
0.632343
0.662
0.662
0.662
0.133019
0.433205
0.662
0.223624
0.662
0.662
0.382272
0.339343
0.662
0.652652
0.662
0.170908
0.346894
0.624007
0.662
0.662
0.5982
0.314844
0.662
0.561228
0.662
0.0284802
0.334587
0.662
0.542652
0.662
0.662
0.20583
0.662
0.0820396
0.662
0.472173
0.662
0.354546
0.216669
0.437687
0.662
0.273302
0.0325684
0.476593
0.308422
0.237804
0.256595
0.662
0.368921
0.319099
0.191309
0.63339
0.662
0.366842
0.662
0.0323948
0.0424604
0.36137
0.0508605
0.141113
0.662
0.461789
0.322927
0.656014
0.662
0.0115534
0.310765
0.662
0.497615
0.662
0.0131538
0.662
0.0532134
0.234693
0.389242
0.662
0.57027
0.662
0.662
0.442814
0.0186662
0.601509
0.184284
0.389036
0.662
0.622736
0.308773
0.170877
0.152184
0.192958
0.662
0.662
0.662
0.389833
0.311877
0.662
0.662
0.163609
0.662
0.662
0.662
0.641549
0.18546
0.662
0.231621
0.662
0.662
0.137962
0.662
0.360103
0.662
0.662
0.662
0.662
0.642564
0.662
0.662
0.103504
0.319965
0.662
0.433516
0.662
0.191055
0.662
0.114844
0.18056
0.551859
0.421221
0.464046
0.476607
0.0315034
0.662
0.662
0.569567
0.662
0.233886
0.662
0.662
0.662
0.662
0.448334
0.662
0.295868
0.662
0.662
0.376319
0.291633
0.12363
0.221273
0.137714
0.440325
0.662
0.556507
0.565262
0.197474
0.662
0.0202641
0.372254
0.662
0.445602
0.193412
0.545975
0.662
0.41859
0.662
0.436895
0.459815
0.662
0.212067
0.662
0.662
