0.662
0.662
0.662
0.0508605
0.0815309
0.105121
0.0172954
0.114182
0.662
0.184214
0.662
0.662
0.662
0.354546
0.662
0.374029
0.190939
0.614647
0.237846
0.662
0.00604369
0.662
0.301137
0.662
0.661374
0.558601
0.221143
0.187453
0.064634
0.328899
0.259965
0.644801
0.662
0.192958
0.662
0.125693
0.0396389
0.361226
0.662
0.662
0.131799
0.414343
0.662
0.431119
0.490173
0.662
0.250972
0.277823
0.445602
0.231621
0.345634
0.423859
0.662
0.461837
0.624007
0.662
0.335741
0.109238
0.662
0.662
0.662
0.662
0.662
0.662
0.662
0.477008
0.616911
0.277781
0.662
0.1527
0.381028
0.252621
0.662
0.662
0.584334
0.21093
0.662
0.469175
0.469661
0.299781
0.622238
0.608787
0.243576
0.103504
0.662
0.308353
0.406666
0.662
0.662
0.276517
0.632121
0.398822
0.662
0.662
0.0371939
0.662
0.662
0.0873204
0.142369
0.315483
0.076376
0.662
0.201437
0.0297122
0.280969
0.302037
0.612813
0.281013
0.662
0.253816
0.662
0.0815187
0.662
0.662
0.662
0.172348
0.167503
0.423818
0.662
0.521879
0.106943
0.430302
0.603092
0.0315034
0.251545
0.586377
0.42377
0.662
0.566378
0.389036
0.452252
0.556507
0.653425
0.662
0.0742311
0.662
0.662
0.662
0.345114
0.0208179
0.115231
0.662
0.189803
0.662
0.138192
0.302807
0.19957
0.340496
0.0324595
0.437687
0.117031
0.404456
0.0762386
0.222178
0.662
0.193755
0.644135
0.662
0.39178
0.410158
0.250408
0.0455903
0.373971
0.169843
0.279133
0.662
0.15957
0.662
0.35829
0.662
0.245407
0.410523
0.580616
0.39446
0.45336
0.662
0.245599
0.00243858
0.585486
0.326836
0.194509
0.560983
0.366842
0.662
0.483206
0.0381686
0.408224
0.511925
0.60653
0.662
0.662
0.233886
0.423501
0.24728
0.221339
0.662
0.393691
0.662
0.633694
0.297713
0.381284
0.185023
0.662
0.3584
0.348406
0.216669
0.121515
0.662
0.213804
0.551859
0.0639585
0.106778
0.662
0.558049
0.662
0.643334
0.662
0.662
0.662
0.662
0.656014
0.251991
0.662
0.662
0.662
0.235045
0.203918
0.662
0.0147433
0.132978
0.600707
0.208956
0.662
0.662
0.0284802
0.662
0.0276954
0.662
0.622736
0.191055
0.369195
0.662
0.320875
0.428496
0.662
0.171604
0.609443
0.209585
0.662
0.662
0.662
0.113484
0.295031
