0.113994
0.435685
0.662
0.34109
0.606709
0.110871
0.396468
0.355189
0.662
0.225706
0.197474
0.156279
0.662
0.662
0.662
0.32567
0.35988
0.138781
0.662
0.197737
0.662
0.662
0.319099
0.328944
0.662
0.0989859
0.249134
0.212457
0.662
0.312304
0.662
0.0556604
0.196105
0.310344
0.471654
0.287891
0.15684
0.605453
0.234245
0.662
0.111918
0.244477
0.308234
0.662
0.662
0.662
0.562268
0.662
0.268254
0.662
0.662
0.662
0.0496004
0.203288
0.408098
0.662
0.662
0.202335
0.662
0.662
0.662
0.210402
0.180203
0.662
0.34211
0.662
0.32617
0.492145
0.662
0.226402
0.0982289
0.662
0.1997
0.662
0.662
0.662
0.662
0.662
0.662
0.662
0.309325
0.637499
0.155963
0.662
0.230434
0.662
0.314839
0.661913
0.0171744
0.220182
0.0455191
0.662
0.662
0.225448
0.662
0.332024
0.18218
0.367588
0.42708
0.585247
0.662
0.412377
0.435285
0.230324
0.10953
0.175956
0.662
0.662
0.248189
0.315002
0.662
0.259394
0.272148
0.200413
0.643488
0.0024309
0.503075
0.41859
0.508951
0.662
0.357559
0.662
0.277014
0.355266
0.337143
0.230425
0.662
0.193551
0.662
0.0428064
0.320099
0.44586
0.662
0.215405
0.433002
0.662
0.228484
0.221287
0.662
0.175509
0.662
0.662
0.276817
0.529511
0.639741
0.146335
0.396679
0.06905
0.283479
0.442663
0.662
0.307478
0.633861
0.247576
0.504658
0.390714
0.472433
0.600235
0.11608
0.662
0.583723
0.193846
0.254573
0.165232
0.231126
0.322769
0.662
0.662
0.662
0.662
0.184841
0.0669765
0.116757
0.662
0.340857
0.662
0.100589
0.662
0.0753118
0.662
0.122688
0.662
0.335137
0.443404
0.662
0.662
0.662
0.522111
0.399334
0.662
0.315999
0.662
0.432787
0.00631207
0.387854
0.269803
0.50962
0.0595904
0.305308
0.662
0.662
0.662
0.469663
0.662
0.165634
0.662
0.135454
0.550089
0.32898
0.210061
0.201025
0.268724
0.244531
0.662
0.383446
0.209776
0.629406
0.0265251
0.127678
0.338932
0.662
0.392277
0.662
0.541431
0.662
0.185257
0.575773
0.0518915
0.311924
0.277805
0.0896385
0.424528
0.0507139
0.470249
0.224772
0.4392
0.119251
0.662
0.00743746
0.169646
0.662
0.456964
0.155317
0.252218
0.662
0.662
0.662
0.228569
0.120342
0.421597
0.662
0.205867
0.662
0.662
0.662
0.0977016
0.438517
0.662
0.662
0.662
0.193006
0.629133
0.438426
0.662
0.662
0.662
0.662
0.207293
0.263266
0.408865
0.662
0.662
0.247345
0.662
0.175667
0.662
0.662
0.224918
0.610186
0.662
0.367398
0.108415
0.0902971
0.231238
0.187419
0.662
0.662
0.270871
0.655031
0.293123
0.662
0.662
0.662
0.662
0.662
0.434515
0.662
0.153357
0.364685
0.662
0.226561
0.50325
0.444501
0.168186
0.20836
0.662
0.206755
0.662
0.357931
0.662
0.662
0.662
0.291406
0.662
0.662
0.638632
0.412059
0.164456
0.608287
0.185718
0.465586
0.040354
0.292658
0.662
0.346156
0.319965
0.27742
0.139131
0.423315
0.341375
0.0386808
0.11324
0.603906
0.537903
0.344909
0.662
0.11688
0.662
0.662
0.662
0.409957
0.177949
0.0729758
0.662
0.141347
0.662
0.075967
0.0517413
0.312246
0.390586
0.409276
0.662
0.662
0.0181914
0.658225
0.0306353
0.662
0.662
0.662
0.370291
0.291823
0.662
0.16154
0.0840493
0.662
0.297243
0.47838
0.662
0.194965
0.662
0.662
0.513811
0.0660672
0.662
0.147643
0.392224
0.662
0.662
0.385446
0.385481
0.313811
0.165819
0.662
0.607435
0.548638
0.131281
0.662
0.541624
0.0373516
0.217481
0.18165
0.271401
0.32124
0.435433
0.10329
0.215133
0.662
0.493031
0.662
0.374991
0.495573
0.299496
0.223586
0.440453
0.239745
0.231854
0.443224
0.662
0.662
0.662
0.662
0.197928
0.0605863
0.662
0.390933
0.317203
0.186649
0.309433
0.347983
0.662
0.448481
0.252441
0.662
0.0186662
0.0352802
0.652367
0.386829
0.276219
0.662
0.238743
0.220045
0.524999
0.269858
0.662
0.662
0.587493
0.662
0.587114
0.662
0.534543
0.532528
0.662
0.643207
0.662
0.543574
0.170635
0.662
0.662
0.662
0.662
0.662
0.187409
0.154384
0.662
0.385828
0.662
0.575854
0.662
0.431479
0.662
0.662
0.662
0.662
0.255849
0.596225
0.244004
0.151673
0.238763
0.628765
0.465958
0.662
0.393431
0.28203
0.415045
0.662
0.662
0.662
0.53987
0.662
0.0687878
0.491788
0.174431
0.645821
0.141113
0.662
0.185814
0.217709
0.489777
0.662
0.662
0.150133
0.662
0.662
0.662
0.402652
0.662
0.205388
0.0725829
0.662
0.348339
0.372254
0.351699
0.662
0.386528
0.662
0.643012
0.412563
0.662
0.244253
0.662
0.0167996
0.0504292
0.336577
0.662
0.662
0.662
0.662
0.662
0.0705105
0.453606
0.188421
0.324243
0.352056
0.170877
0.349685
0.542652
0.248482
0.299964
0.020472
0.418712
0.174184
0.275483
0.662
0.241906
0.438071
0.662
0.198449
0.029657
0.253844
0.364572
0.305979
0.208232
0.662
0.0786486
0.071359
0.475439
0.662
0.662
0.662
0.662
0.662
0.662
0.662
0.0971707
0.662
0.645019
0.199479
0.359714
0.474593
0.636391
0.662
0.662
0.593602
0.569727
0.662
0.662
0.662
0.21182
0.198951
0.147368
0.383454
0.0579796
0.306098
0.662
0.662
0.203226
0.650496
0.378186
0.601509
0.113824
0.454269
0.444412
0.555378
0.34707
0.383546
0.299297
0.28204
0.651393
0.662
0.662
0.662
0.479043
0.114784
0.662
0.662
0.109549
0.192503
0.662
0.140179
0.662
0.662
0.17697
0.612127
0.0797824
0.14649
0.662
0.662
0.310276
0.228359
0.0332847
0.471199
0.662
0.662
0.662
0.662
0.465306
0.0425556
0.153408
0.662
0.619745
0.662
0.662
0.662
0.625361
0.0106455
0.271977
0.603818
0.662
0.216966
0.662
0.390488
0.211382
0.662
0.190639
0.299139
0.431046
0.162484
0.662
0.22436
0.190512
0.662
0.310765
0.456703
0.466513
0.526048
0.448096
0.235943
0.203128
0.183647
0.662
0.575362
0.242998
0.662
0.662
0.662
0.662
0.662
0.447481
0.408213
0.181493
0.662
0.0286096
0.37573
0.182217
0.437853
0.144558
0.662
0.187158
0.662
0.0490026
0.419577
0.439081
0.651413
0.662
0.118121
0.662
0.237298
0.662
0.662
0.296196
0.153881
0.20971
0.229792
0.238986
0.0926157
0.284074
0.0898747
0.662
0.662
0.662
0.662
0.18007
0.662
0.662
0.17609
0.662
0.662
0.314844
0.346785
0.40573
0.662
0.662
0.439064
0.171577
0.537537
0.36137
0.662
0.662
0.568744
0.234215
0.248499
0.662
0.662
0.216859
0.662
0.300464
0.662
0.28382
0.00198872
0.18558
0.266764
0.156949
0.662
0.662
0.369738
0.662
0.119284
0.264505
0.662
0.662
0.180006
0.662
0.109967
0.662
0.662
0.662
0.49042
0.08612
0.596462
0.123148
0.326352
0.133576
0.662
0.662
0.662
0.662
0.364969
0.250442
0.0576132
0.403274
0.662
0.322297
0.527447
0.290333
0.662
0.662
0.662
0.127385
0.662
0.662
0.662
0.662
0.283411
0.249478
0.662
0.662
0.662
0.0915428
0.273158
0.202324
0.0217418
0.662
0.662
0.662
0.281242
0.662
0.662
0.547321
0.662
0.662
0.381478
0.169207
0.662
0.283085
0.0871571
0.662
0.338711
0.662
0.662
0.082922
0.0668908
0.293835
0.662
0.662
0.496837
0.261732
0.662
0.499225
0.185857
0.0988667
0.442814
0.0889755
0.198344
0.380568
0.662
0.662
0.662
0.662
0.24262
0.274626
0.305018
0.662
0.603228
0.163263
0.162467
0.03358
0.159792
0.371885
0.662
0.365666
0.0840001
0.662
0.217288
0.662
0.662
0.0081622
0.149532
0.00134066
0.467963
0.662
0.389581
0.506609
0.260373
0.662
0.0763657
0.138739
0.40616
0.499473
0.662
0.660933
0.662
0.662
0.559182
0.662
0.225425
0.662
0.662
0.662
0.662
0.058665
0.662
0.255885
0.104829
0.662
0.476434
0.662
0.424947
0.662
0.263871
0.192028
0.239151
0.200374
0.192422
0.023057
0.450639
0.395581
0.169893
0.276232
0.322603
0.662
0.00492851
0.61365
0.319728
0.291806
0.46655
0.662
0.126628
0.641549
