0.471872
0.229311
0.662
0.253252
0.662
0.412989
0.662
0.589764
0.343982
0.307507
0.662
0.662
0.662
0.189673
0.436183
0.662
0.226479
0.13848
0.209335
0.191095
0.437816
0.662
0.115201
0.662
0.662
0.247259
0.153106
0.662
0.275233
0.077173
0.662
0.662
0.31622
0.244062
0.201797
0.662
0.387522
0.662
0.209126
0.269093
0.662
0.281607
0.662
0.114375
0.265397
0.603455
0.395762
0.662
0.0880281
0.662
0.335718
0.137459
0.662
0.633694
0.383446
0.077728
0.258028
0.662
0.662
0.00492133
0.662
0.239783
0.580442
0.662
0.335794
0.0645079
0.662
0.452331
0.662
0.179549
0.000933679
0.121388
0.523571
0.0613338
0.0658218
0.222569
0.0246618
0.278042
0.662
0.217121
0.662
0.342431
0.195605
0.59975
0.161356
0.134539
0.00353889
0.662
0.252894
0.608893
0.309635
0.662
0.662
0.452535
0.329516
0.378451
0.136539
0.662
0.465214
0.147704
0.569468
0.247769
0.662
0.202167
0.239458
0.144203
0.662
0.662
0.662
0.662
0.652004
0.662
0.474634
0.342444
0.151542
0.0430818
0.662
0.203936
0.467926
0.0155991
0.449165
0.507031
0.153017
0.168735
0.662
0.00590166
0.662
0.325195
0.662
0.662
0.662
0.662
0.662
0.366612
0.662
0.489945
0.32345
0.611957
0.315145
0.578982
0.318484
0.399038
0.662
0.662
0.313473
0.213422
0.228698
0.662
0.428209
0.662
0.662
0.662
0.26552
0.302773
0.265816
0.48083
0.250644
0.233307
0.662
0.0818761
0.567686
0.662
0.662
0.662
0.563303
0.461207
0.443607
0.662
0.662
0.167785
0.342134
0.662
0.662
0.183947
0.662
0.0958563
0.662
0.195807
0.22523
0.335147
0.0576373
0.153909
0.0246026
0.19857
0.131758
0.662
0.20707
