0.633569
0.148445
0.213804
0.662
0.221143
0.662
0.662
0.662
0.662
0.455858
0.288731
0.585486
0.315937
0.662
0.0371939
0.147614
0.186763
0.662
0.36981
0.511925
0.662
0.662
0.662
0.662
0.313535
0.277781
0.662
0.185023
0.662
0.662
0.577286
0.15957
0.331163
0.303828
0.232185
0.662
0.662
0.125686
0.637622
0.662
0.662
0.00489365
0.180363
0.632121
0.328936
0.576236
0.108352
0.0195118
0.299781
0.662
0.662
0.35185
0.662
0.19957
0.662
0.380689
0.0396389
0.223596
0.254144
0.393691
0.662
0.662
0.600707
0.0198806
0.134695
0.152938
0.305478
0.40038
0.233177
0.404456
0.662
0.1556
0.322651
0.662
0.662
0.662
0.662
0.0333583
0.420703
0.662
0.662
0.348406
0.197721
0.214372
0.662
0.315146
0.33699
0.631836
0.662
0.373971
0.662
0.0104121
0.206937
0.591904
0.662
0.662
0.321694
0.662
0.480699
0.662
0.198949
0.662
0.662
0.662
0.243905
0.653425
0.414985
0.233886
0.229413
0.164795
0.662
0.461327
0.418967
0.662
0.251545
0.494625
0.138192
0.300146
0.125693
0.662
0.662
0.293063
0.662
0.489267
0.46223
0.110682
0.662
0.662
0.273383
0.239924
0.662
0.35829
0.662
0.481314
0.0564707
0.119403
0.662
0.662
0.662
0.662
0.662
0.662
0.662
0.0381686
0.662
0.662
0.201437
0.0775304
0.161324
0.117654
0.624479
0.662
0.141253
0.345114
0.171604
0.209853
0.452252
0.662
0.193755
0.428496
0.662
0.0582292
0.20707
0.345564
0.425049
0.662
0.405352
0.142488
0.643334
0.256268
