0.153017
0.662
0.299788
0.658485
0.662
0.412989
0.260648
0.20226
0.652241
0.209335
0.662
0.261805
0.250644
0.662
0.235198
0.662
0.239458
0.590349
0.0396982
0.153715
0.329516
0.662
0.402797
0.662
0.213422
0.507031
0.000933679
0.662
0.151542
0.662
0.0880281
0.444429
0.662
0.662
0.319112
0.662
0.662
0.226479
0.662
0.00590166
0.662
0.0294042
0.662
0.662
0.22523
0.662
0.00723768
0.335718
0.662
0.662
0.0613338
0.258028
0.167785
0.662
0.428209
0.315145
0.603455
0.247259
0.461207
0.662
0.662
0.00358033
0.140427
0.53622
0.59975
0.465214
0.161356
0.662
0.662
0.383446
0.662
0.662
0.662
0.662
0.567686
0.662
0.662
0.662
0.233307
0.662
0.276157
0.662
0.662
0.347841
0.662
0.32345
0.278042
0.662
0.228698
0.662
0.13848
0.289225
0.436183
0.00492133
0.662
0.399038
0.265397
0.253252
0.136539
0.467926
0.00353889
0.0958563
0.662
0.437816
0.662
0.662
0.542148
0.077728
0.114375
0.662
0.423401
0.31622
0.662
0.611957
0.662
0.662
0.191095
0.662
0.662
0.662
0.342134
0.452535
0.474634
0.307507
0.662
0.247769
0.662
0.662
0.287184
0.281607
0.662
0.662
0.378451
0.161943
0.465907
0.476329
0.662
0.418597
0.405971
0.652004
0.662
0.147704
0.0658218
