0.662
0.0902971
0.662
0.57027
0.662
0.662
0.662
0.662
0.215133
0.575362
0.643012
0.662
0.662
0.662
0.18007
0.440453
0.22562
0.662
0.0605863
0.530341
0.662
0.662
0.201025
0.0667913
0.662
0.662
0.283085
0.662
0.662
0.662
0.601511
0.662
0.662
0.308422
0.662
0.662
0.662
0.19056
0.662
0.662
0.223736
0.146203
0.363997
0.662
0.166664
0.662
0.476607
0.111918
0.662
0.0228275
0.18546
0.040354
0.437365
0.662
0.662
0.383446
0.662
0.311354
0.662
0.244253
0.220321
0.236703
0.662
0.662
0.191309
0.440343
0.255849
0.154384
0.0229225
0.565262
0.216669
0.438327
0.338711
0.662
0.387854
0.662
0.662
0.388642
0.412563
0.662
0.662
0.194965
0.262302
0.662
0.543806
0.209776
0.364989
0.374029
0.203654
0.662
0.536865
0.545975
0.241758
0.16154
0.662
0.256595
0.273841
0.617175
0.20836
0.662
0.662
0.32898
0.662
0.662
0.023057
0.662
0.269532
0.662
0.214504
0.513811
0.641549
0.662
0.662
0.244937
0.662
0.662
0.643488
0.15656
0.662
0.247232
0.0265251
0.0115534
0.662
0.105685
0.35988
0.662
0.238486
0.662
0.135816
0.434012
0.606709
0.662
0.662
0.662
0.662
0.662
0.662
0.467578
0.305018
0.662
0.662
0.0202641
0.662
0.41859
0.115413
0.662
0.662
0.662
0.437853
0.198449
0.150815
0.137962
0.662
0.24262
0.279826
0.337464
0.342735
0.662
0.662
0.662
0.292658
0.662
0.662
0.662
0.356692
0.137648
0.308353
0.217709
0.322603
0.662
0.421604
0.662
0.475439
0.662
0.662
0.662
0.356769
0.662
0.436895
0.219576
0.662
0.116112
0.662
0.662
0.662
0.662
0.299139
0.14649
0.662
0.319965
0.256113
0.340674
0.662
0.662
0.662
0.293421
0.653928
0.662
0.137714
0.662
0.662
0.662
0.293835
0.662
0.153408
0.662
0.310765
0.45999
0.662
0.662
0.662
0.614647
0.662
0.662
0.662
0.314844
0.662
0.126628
0.638944
0.382925
0.662
0.61365
0.662
0.268254
0.662
0.0186662
0.183716
0.118242
0.225561
0.11688
0.170877
0.08612
0.497149
0.662
0.662
0.0560285
0.662
0.254749
0.340857
0.223518
0.637499
0.186384
0.482666
0.662
0.537537
0.118248
0.424528
0.137587
0.662
0.662
0.326812
0.313811
0.50325
0.0639585
0.322516
0.662
0.662
0.0309416
0.662
0.662
0.662
0.662
0.662
0.662
0.0425556
0.0660672
0.415835
0.662
0.197737
0.42285
0.138739
0.06905
0.225706
0.197474
0.660933
0.662
0.362011
0.205867
0.174515
0.310833
0.662
0.188421
0.365076
0.662
0.662
0.662
0.662
0.645019
0.662
0.662
0.662
0.662
0.400767
0.662
0.162484
0.662
0.400089
0.662
0.662
0.542652
0.662
0.181803
0.257851
0.442732
0.662
0.210632
0.600894
0.263871
0.281167
0.662
0.389507
0.662
0.156949
0.662
0.662
0.460671
0.568765
0.319099
0.420342
0.662
0.662
0.22436
0.0982289
0.214658
0.159405
0.662
0.26488
0.4432
0.27055
0.413676
0.0508605
0.185421
0.443404
0.662
0.662
0.273302
0.34211
0.0433646
0.662
0.662
0.399334
0.662
0.662
0.662
0.20971
0.629133
0.587114
0.115231
0.469175
0.626784
0.662
0.601509
0.652652
0.0192516
0.0576132
0.472105
0.662
0.0564865
0.252712
0.662
0.376379
0.662
0.165634
0.285835
0.662
0.662
0.464046
0.449959
0.133576
0.171577
0.336018
0.603906
0.549314
0.476461
0.234693
0.223624
0.662
0.221594
0.662
0.149532
0.662
0.662
0.526517
0.335137
0.409957
0.0934703
0.442814
0.12363
0.422308
0.440688
0.233548
0.662
0.662
0.662
0.662
0.10329
0.650129
0.662
0.511606
0.452079
0.464051
0.662
0.106275
0.36959
0.448334
0.632343
0.432787
0.41239
0.36137
0.662
0.4519
0.236853
0.461789
0.332451
0.662
0.662
0.662
0.662
0.628765
0.0562287
0.0915428
0.266329
0.100589
0.662
0.0713097
0.568744
0.662
0.17609
0.181662
0.662
0.662
0.662
0.662
0.651393
0.662
0.0553159
0.662
0.662
0.462396
0.662
0.662
0.359448
0.662
0.189851
0.662
0.662
0.196883
0.361082
0.662
0.368921
0.662
0.662
0.239118
0.456572
0.662
0.466513
0.421221
0.561228
0.311877
0.631398
0.662
0.0424604
0.0172293
0.0603409
0.114844
0.662
0.372254
0.361226
0.662
0.324243
0.291633
0.190939
0.662
0.662
0.662
0.391676
0.662
0.295868
0.259424
0.453606
0.662
0.662
0.391689
0.465306
0.242998
0.662
0.415045
0.662
0.662
0.549788
0.126628
0.154792
0.26178
0.662
0.184841
0.425545
0.607435
0.173347
0.662
0.187667
0.662
0.433516
0.336327
0.361734
0.442491
0.312246
0.435769
0.662
0.0024309
0.301714
0.662
0.292791
0.279675
0.662
0.629763
0.662
0.662
0.03358
0.0667682
0.224918
0.551825
0.1668
0.00964761
0.642382
0.662
0.662
0.483639
0.662
0.0820396
0.193479
0.662
0.662
0.332208
0.662
0.00675111
0.599424
0.392224
0.662
0.662
0.662
0.376319
0.308773
0.662
0.141113
0.276517
0.662
0.662
0.662
0.020472
0.0668908
0.662
0.528713
0.550089
0.105589
0.355189
0.662
0.277014
0.327883
0.232146
0.662
0.662
0.0840493
0.287891
0.662
