0.175509
0.175086
0.662
0.662
0.662
0.367865
0.0378895
0.662
0.662
0.662
0.49042
0.187409
0.662
0.662
0.141663
0.255849
0.275483
0.162484
0.662
0.508667
0.381478
0.0182716
0.662
0.662
0.355266
0.436895
0.198344
0.0579796
0.662
0.641549
0.475439
0.662
0.288734
0.617175
0.209776
0.314839
0.662
0.662
0.378186
0.662
0.662
0.662
0.413676
0.0840493
0.472041
0.662
0.662
0.662
0.662
0.109967
0.184105
0.35988
0.311354
0.199479
0.201025
0.662
0.193846
0.20836
0.10953
0.662
0.662
0.597444
0.40573
0.431562
0.662
0.224918
0.100589
0.662
0.0315801
0.210953
0.234245
0.443404
0.223518
0.662
0.662
0.662
0.662
0.662
0.662
0.20389
0.593602
0.569267
0.484959
0.156279
0.662
0.390586
0.392277
0.662
0.662
0.399334
0.0202641
0.227619
0.662
0.662
0.217288
0.662
0.292658
0.662
0.662
0.662
0.662
0.662
0.228569
0.211263
0.47838
0.532528
0.662
0.662
0.662
0.532163
0.383446
0.174184
0.662
0.111918
0.662
0.14062
0.662
0.575854
0.662
0.120342
0.662
0.17609
0.346785
0.149532
0.371885
0.662
0.601511
0.662
0.662
0.662
0.1997
0.432787
0.40597
0.603228
0.390714
0.662
0.662
0.662
0.197954
0.662
0.119284
0.662
0.662
0.367588
0.655031
0.662
0.662
0.662
0.122688
0.291806
0.271401
0.662
0.662
0.322547
0.662
0.662
0.662
0.607435
0.548638
0.488005
0.662
0.273302
0.37573
0.349685
0.127678
0.291633
0.159792
0.628765
0.651393
0.225448
0.626784
0.662
0.408865
0.0507139
0.28382
0.545975
0.264152
0.284074
0.412377
0.32124
0.662
0.662
0.662
0.0934703
0.662
0.63339
0.662
0.662
0.660933
0.662
0.253844
0.138781
0.662
0.662
0.141251
0.662
0.438517
0.423315
0.0904132
0.183647
0.468828
0.662
0.308234
0.662
0.662
0.221449
0.662
0.146335
0.662
0.662
0.389581
0.0420347
0.303057
0.230434
0.0131538
0.0217418
0.662
0.0122451
0.662
0.662
0.396679
0.412563
0.4392
0.645821
0.115413
0.180203
0.234215
0.153408
0.662
0.662
0.662
0.662
0.185814
0.662
0.335137
0.469663
0.340674
0.32617
0.18713
0.058665
0.662
0.392224
0.390933
0.662
0.0141734
0.071359
0.291406
0.229792
0.388642
0.188421
0.180006
0.296196
0.460671
0.163829
0.662
0.662
0.608287
0.662
0.662
0.662
0.491788
0.662
0.662
0.194965
0.612127
0.211382
0.662
0.662
0.662
0.347983
0.662
0.662
0.662
0.662
0.075967
0.662
0.341375
0.0386808
0.256595
0.662
0.144558
0.662
0.243516
0.190639
0.466513
0.662
0.662
0.288332
0.662
0.195613
0.662
0.17388
0.259394
0.322297
0.527447
0.587114
0.662
0.662
0.293544
0.662
0.14649
0.22436
0.629406
0.662
0.224772
0.34211
0.438426
0.324243
0.662
0.290911
0.662
0.662
0.662
0.662
0.662
0.399891
0.355189
0.319965
0.662
0.225706
0.197474
0.348339
0.553305
0.662
0.662
0.662
0.662
0.207293
0.662
0.662
0.662
0.200413
0.662
0.662
0.662
0.249134
0.298597
0.239745
0.662
0.550089
0.175667
0.662
0.662
0.438071
0.662
0.662
0.662
0.41859
0.187158
0.662
0.629133
0.198499
0.309186
0.662
0.662
0.340857
0.0797853
0.472433
0.476434
0.0352802
0.662
0.662
0.170635
0.662
0.662
0.335224
0.32898
0.662
0.662
0.127385
0.20971
0.319099
0.279145
0.0971707
0.662
0.662
0.662
0.662
0.28203
0.159725
0.662
0.662
0.196105
0.127864
0.661913
0.662
0.24262
0.640004
0.662
0.435685
0.192503
0.113285
0.633391
0.662
0.662
0.165634
0.662
0.662
0.662
0.662
0.385828
0.252441
0.470707
0.322769
0.662
0.662
0.662
0.497649
0.434012
0.179769
0.662
0.162467
0.269803
0.50325
0.310276
0.662
0.244253
0.596225
0.163609
0.662
0.662
0.171577
0.662
0.164242
0.0660672
0.042073
0.06905
0.662
0.633391
0.662
0.651413
0.660898
0.662
0.404434
0.0496004
0.495131
0.650496
0.156949
0.273823
0.247576
0.662
0.662
0.662
0.393431
0.193006
0.662
0.662
0.0490026
0.662
0.424947
0.662
0.228359
0.652367
0.126628
0.662
0.444501
0.341357
0.662
0.18007
0.119251
0.442814
0.205867
0.662
0.356769
0.190512
0.023057
0.203226
0.662
0.662
0.662
0.237298
0.662
0.662
0.11324
0.662
0.662
0.633391
0.638632
0.44586
0.662
0.662
0.662
0.0425556
0.356692
0.08612
0.220045
0.643012
0.242998
0.662
0.334281
0.141347
0.118248
0.424528
0.415045
0.385481
0.662
0.662
0.187818
0.287891
0.662
0.662
0.636391
0.432486
0.662
0.662
0.337464
0.606709
0.306098
0.276219
0.372254
0.029657
0.238986
0.0669538
0.662
0.153357
0.662
0.662
0.153881
0.435727
0.662
0.662
0.0755557
0.549314
0.165232
0.239151
0.662
0.662
0.662
0.308773
0.244531
0.396468
0.138739
0.508951
0.662
0.151673
0.662
0.662
0.662
0.364989
0.662
0.49492
0.662
0.184841
0.541624
0.34109
0.513811
0.44197
0.0797824
0.662
0.448096
0.662
0.385446
0.662
0.271977
0.585247
0.421221
0.109549
0.268724
0.662
0.0524956
0.312246
0.328944
0.315002
0.662
0.0265251
0.0308098
0.269858
0.662
0.537903
0.662
0.470249
0.351699
0.662
0.208232
0.541431
0.0306353
0.662
0.165953
0.662
0.603906
0.289116
0.662
0.662
0.434515
0.662
0.662
0.078765
0.305053
0.0321453
0.448481
0.217481
0.605453
0.0786486
0.662
0.338711
0.534543
0.185257
0.643207
0.549053
0.263871
0.412059
0.0556604
0.662
0.662
0.234693
0.662
0.0753118
0.526048
0.662
0.313811
0.662
0.0186662
0.662
0.440453
0.662
0.465306
0.277014
0.662
0.662
0.659087
0.154384
0.662
0.26178
0.332024
0.293835
0.662
0.662
0.202104
0.0576132
0.0673458
0.619745
0.230425
0.395581
0.403274
0.662
0.603818
0.226402
0.211999
0.346509
0.662
0.250442
0.228484
0.226561
0.21182
0.497149
0.662
0.662
0.135454
0.155963
0.662
0.380568
0.409957
0.662
0.662
0.662
0.662
0.396686
0.0668908
0.0902971
0.521879
0.61365
0.479043
0.0562287
0.03358
0.134236
0.147368
0.662
0.216859
0.662
0.16154
0.662
0.0191106
0.662
0.0024309
0.469646
0.435737
0.425545
0.662
0.367398
0.662
0.198449
0.662
0.442663
0.662
0.662
0.17697
0.662
0.357931
0.352056
0.662
0.456335
0.217709
0.662
0.662
0.133576
0.662
0.197431
0.215133
0.36137
0.212457
0.662
0.040354
0.662
0.185857
0.662
0.662
0.249478
0.662
0.169207
0.662
0.163263
0.0332847
0.457623
0.435285
0.283085
0.0871571
0.662
0.0193751
0.472105
0.453606
0.310344
0.568744
0.174431
0.183755
0.662
0.662
0.0605863
0.662
0.162606
0.662
0.506609
0.00920545
0.11688
0.662
0.537537
0.662
0.317203
0.662
0.276817
0.34707
0.662
0.42786
0.337143
0.205388
0.662
0.0305759
0.113994
0.365666
0.0840001
0.248482
0.299964
0.601509
0.452079
0.662
0.662
0.456964
0.529511
0.114844
0.662
0.173411
0.34649
0.662
0.543574
0.203128
0.662
0.418712
0.272148
0.465958
0.493031
0.169319
0.199698
0.386679
0.0982289
0.169893
0.40616
0.404586
0.387854
0.662
0.107092
0.552014
0.186649
0.0424604
0.203288
0.020472
0.662
0.202324
0.197737
0.0892605
0.255089
0.662
0.662
0.390488
0.192028
0.268254
0.645019
0.662
0.27393
0.439064
0.662
0.18745
0.662
0.587493
0.662
0.433002
0.336327
0.662
0.223624
0.662
0.141113
0.662
0.662
0.662
0.28204
0.0517413
0.662
0.0915428
0.380492
0.662
0.119747
0.662
0.220182
0.662
0.662
0.170877
0.437853
0.082922
0.309433
0.189851
0.210061
0.662
0.0442007
0.113824
0.662
0.662
0.662
0.299139
0.391689
0.662
0.248189
0.310765
0.281242
0.00631207
0.330464
0.409276
0.662
0.662
0.662
0.254573
0.305018
0.314844
0.662
0.637499
0.662
0.662
0.165819
0.542652
