0.662
0.153581
0.662
0.662
0.344052
0.0912316
0.377614
0.662
0.20944
0.240671
0.406527
0.298481
0.477065
0.662
0.662
0.553415
0.662
0.278748
0.0608244
0.15336
0.481975
0.662
0.527871
0.19086
0.662
0.655879
0.587007
0.360415
0.662
0.382942
0.473637
0.34781
0.155027
0.3907
0.662
0.662
0.222796
0.662
0.132731
0.493963
0.403313
0.375485
0.662
0.338549
0.585043
0.172271
0.662
0.662
0.318095
0.662
0.104209
0.284494
0.353141
0.245604
0.662
0.662
0.205703
0.662
0.662
0.662
0.0869476
0.0702244
0.662
0.662
0.251195
0.331547
0.331185
0.434093
0.47019
0.47175
0.377309
0.103756
0.172986
0.454141
0.442871
0.122967
0.224751
0.662
0.662
0.641609
0.662
0.283299
0.636543
0.662
0.662
0.612929
0.662
0.189254
0.662
0.512978
0.662
0.662
0.662
0.221261
0.662
0.662
0.662
0.22277
0.378521
0.427652
0.61161
0.44226
0.425604
0.662
0.584032
0.0203501
0.662
0.662
0.297689
0.662
0.662
0.662
0.439737
0.443677
0.566635
0.356837
0.295094
0.662
0.102617
0.662
0.0746277
0.428835
0.662
0.355764
0.0319526
0.552511
0.0452367
0.662
0.302012
0.662
0.320454
0.662
0.662
0.662
0.219392
0.411061
0.0552244
0.662
0.662
0.662
0.196148
0.257416
0.187324
0.0204053
0.662
0.268966
0.662
0.496188
0.572626
0.313172
0.455625
0.0893709
0.134578
0.662
0.221497
0.662
0.662
0.662
0.662
0.412746
0.662
0.466027
0.0639239
0.475053
0.342622
0.250269
0.662
0.253794
0.662
0.662
0.272148
0.0390566
0.405578
0.406396
0.53588
0.421636
0.662
0.662
0.336195
0.662
0.444074
0.662
0.184551
0.216071
0.662
0.537063
0.228822
0.416047
0.662
0.443952
0.662
0.295036
0.419387
0.654347
0.113541
0.203723
0.211086
0.662
0.662
0.266654
0.351563
0.408107
0.559037
0.662
0.1247
0.0642333
0.453022
0.217131
0.234985
0.458545
0.662
0.662
0.281528
0.640832
0.662
0.177721
0.287814
0.195402
0.152691
0.220648
0.107826
0.264562
0.662
0.182897
0.662
0.0819828
0.662
0.662
0.399478
0.662
0.386378
0.662
0.15752
0.289149
0.0296707
0.208866
0.208193
0.291779
0.662
0.611801
0.662
0.662
0.40222
0.4681
0.281902
0.662
0.662
0.662
0.447506
0.345223
0.662
0.662
0.41211
0.662
0.614969
0.131611
0.299964
0.662
0.416779
0.191965
0.202619
0.288616
0.164194
0.45121
0.327076
0.071758
0.102549
0.379841
0.144244
0.662
0.569602
0.157264
0.185076
0.213063
0.293517
0.662
0.662
0.243576
0.218363
0.141505
0.662
0.50724
0.662
0.662
0.416752
0.662
0.398777
0.233645
0.662
0.662
0.262347
0.159886
0.343283
0.189997
0.333993
0.306456
0.165576
0.662
0.450302
0.350292
0.662
0.480754
0.662
0.373857
0.446408
0.241726
0.376242
0.662
0.408712
0.662
0.335884
0.662
0.0777858
0.662
0.47197
0.259421
0.662
0.640035
0.126298
0.445953
0.662
0.226772
0.662
0.281018
0.211234
0.581965
0.662
0.438235
0.662
0.400029
0.43469
0.0726111
0.299921
0.662
0.245558
0.662
0.662
0.662
0.662
0.662
0.662
0.662
0.662
0.347153
0.404302
0.662
0.169937
0.662
0.662
0.0798855
0.320654
0.662
0.520252
0.662
0.284599
0.140561
0.395323
0.215805
0.662
0.186109
0.0315849
0.380733
0.662
0.662
0.211109
0.143566
0.297332
0.0573247
0.0395202
0.662
0.662
0.662
0.662
0.349159
0.662
0.662
0.180947
0.65931
0.0820514
0.115316
0.662
0.0701666
0.158585
0.263527
0.199658
0.155333
0.0958717
0.662
0.440846
0.201429
0.662
0.662
0.364767
0.333218
0.0684222
0.161982
0.662
0.662
0.196267
0.0109438
0.4642
0.662
0.572496
0.574259
0.169161
0.662
0.467829
0.154875
0.662
0.190708
0.371317
0.662
0.462122
0.662
0.358396
0.662
0.662
0.391048
0.136928
0.662
0.367163
0.192725
0.662
0.307788
0.000576119
0.448918
0.267786
0.188116
0.662
0.662
0.554004
0.125122
0.662
0.449322
0.325126
0.118624
0.0260544
0.241083
0.389131
0.662
0.017028
0.0461314
0.275514
0.198224
0.662
0.388589
0.662
0.222448
0.201339
0.019575
0.323237
0.662
0.662
0.432664
0.662
0.662
0.662
0.662
0.0387022
0.662
0.654414
0.223603
0.662
0.0311934
0.662
0.45667
0.467738
0.662
0.662
0.662
0.22053
0.476956
0.662
0.662
0.103828
0.662
0.662
0.125331
0.465956
0.259111
0.167413
0.662
0.662
0.662
0.0962161
0.662
0.253369
0.280326
0.528919
0.662
0.475645
0.662
0.0432667
0.662
0.662
0.626856
0.251466
0.156967
0.662
0.0579902
0.129384
0.119131
0.573629
0.662
0.662
0.00459576
0.662
0.662
0.122297
0.284368
0.552303
0.420204
0.662
0.124944
0.441695
0.221042
0.662
0.175052
0.391305
0.662
0.662
0.202854
0.118215
0.456109
0.155421
0.662
0.662
0.662
0.290262
0.662
0.662
0.479921
0.473882
0.662
0.662
0.472
0.189021
0.662
0.289172
0.380577
0.407488
0.662
0.662
0.662
0.662
0.662
0.021627
0.662
0.662
0.662
0.331469
0.662
0.662
0.662
0.438633
0.0832359
0.662
0.628635
0.290597
0.061919
0.136569
0.0673961
0.662
0.662
0.429841
0.662
0.662
0.662
0.662
0.662
0.30475
0.1244
0.313348
0.367062
0.662
0.0673648
0.397619
0.662
0.101018
0.662
0.330163
0.662
0.569859
0.284188
0.662
0.0466178
0.662
0.662
0.44049
0.202428
0.209272
0.487885
0.00545782
0.662
0.662
0.662
0.138518
0.195213
0.662
0.662
0.103407
0.0947995
0.20096
0.0651638
0.50134
0.0911408
0.662
0.662
0.346135
0.504898
0.194162
0.662
0.257523
0.19612
0.284132
0.651044
0.122138
0.662
0.662
0.662
0.175512
0.662
0.662
0.316122
0.309789
0.446104
0.0796639
0.0789844
0.0773725
0.662
0.662
0.662
0.662
0.662
0.0662753
0.320722
0.499059
0.39377
0.46723
0.662
0.412035
0.125795
0.321656
0.0761669
0.662
0.662
0.17404
0.205512
0.582611
0.562484
0.181465
0.256189
0.267336
0.112173
0.662
0.338503
0.662
0.445634
0.662
0.662
0.106556
0.394672
0.217347
0.351918
0.662
0.102973
0.151218
0.662
0.566641
0.662
0.662
0.241003
0.662
0.662
0.662
0.224489
0.112849
0.183992
0.188551
0.178438
0.642473
0.440054
0.662
0.0154684
0.14815
0.477358
0.662
0.662
0.662
0.662
0.154439
0.522469
0.435036
0.662
0.662
0.462528
0.371227
0.0554681
0.182455
0.662
0.662
0.662
0.00117752
0.337389
0.0596988
0.0789543
0.140357
0.662
0.194987
0.28376
0.223542
0.0172228
0.383647
0.0438684
0.191353
0.406482
0.389783
0.662
0.337672
0.104899
0.469876
0.244905
0.662
0.662
0.488742
0.662
0.334647
0.0655057
0.662
0.662
0.138843
0.662
0.662
0.0977123
0.662
0.200863
0.342821
0.662
0.0632863
0.260081
0.161676
0.649705
0.662
0.130631
0.453804
0.28493
0.662
0.194849
0.251253
0.662
0.461556
0.662
0.662
0.380877
0.353821
0.312078
0.289479
0.662
0.0798152
0.218864
0.662
0.184335
0.234891
0.662
0.662
0.052137
0.490952
0.262572
0.662
0.662
0.662
0.662
0.662
0.662
0.234612
0.662
0.056018
0.025682
0.662
0.0246522
0.0684388
0.246971
0.662
0.460443
0.277079
0.639279
0.332748
0.662
0.662
0.662
0.662
0.219964
0.120956
0.46615
0.0940837
0.213097
0.228807
0.472913
0.40561
0.344089
0.222415
0.219671
0.245364
0.662
0.471869
0.662
0.462604
0.662
0.0618328
0.162791
0.662
0.201545
0.662
0.662
0.104964
0.662
0.159958
0.662
0.0834605
0.202323
0.662
0.286832
0.107791
0.116362
0.393142
0.225534
0.409806
0.22258
0.239831
0.511394
0.662
0.310719
0.232337
0.662
0.186377
0.662
0.406092
0.366079
0.0699587
0.635016
0.662
0.198934
0.196465
0.0695844
0.662
0.662
0.189331
0.662
0.662
0.277476
0.0432453
0.662
0.27138
0.662
0.431893
0.220314
0.148275
0.0422199
0.291911
0.662
0.310861
0.662
0.138309
0.662
0.433506
0.662
0.0272489
0.662
0.662
0.270812
0.397632
0.196566
0.662
0.662
0.224091
0.0587263
0.0116097
0.188121
0.0966968
0.228192
0.118061
0.335946
0.662
0.662
0.34774
0.662
0.125677
0.308213
0.0285921
0.223619
0.662
0.216198
0.221557
0.237454
0.0155683
0.508479
0.161021
0.662
0.662
0.388137
0.227518
0.223002
0.662
0.187532
0.13268
0.370835
0.424507
0.0967733
0.0581495
0.338204
0.15429
0.207236
0.235393
0.00607344
0.260666
0.396677
0.662
0.662
0.606528
0.144461
0.0767616
0.176988
0.662
0.662
0.160218
0.157934
0.219673
0.315604
0.662
0.662
0.662
0.442977
0.295512
0.662
0.21489
0.242148
0.247717
0.307092
0.662
0.0291599
0.0296412
0.662
0.662
0.662
0.340542
0.662
0.405159
0.0196856
0.256204
0.662
0.216462
0.662
0.0529913
0.662
0.662
0.296491
0.662
0.662
0.621437
0.176612
0.662
0.620427
0.662
0.495979
0.662
0.662
0.394305
0.662
0.436305
0.662
0.307905
0.662
0.0570811
0.662
0.662
0.128321
0.0565461
0.662
0.220086
0.150619
0.220692
0.662
0.662
0.662
0.258832
0.191303
0.662
0.286738
0.662
0.662
0.229466
0.182617
0.217045
0.387029
0.111324
0.502403
0.269962
0.662
0.257279
0.288618
0.662
0.471375
0.41283
0.197091
0.662
0.0380659
0.0510508
0.662
0.525554
0.662
0.0543603
0.662
0.662
0.206286
0.662
0.662
0.199744
0.662
0.270426
0.662
0.329662
0.264518
0.131455
0.662
0.629763
0.236349
0.662
0.292397
0.445978
0.662
0.253547
0.662
0.29895
0.576093
0.305307
0.0811354
0.662
0.206354
0.286832
0.420054
0.662
0.662
0.123067
0.385543
0.662
0.426218
0.0769124
0.662
0.662
0.662
0.448495
0.283205
0.0419735
0.662
0.0141907
0.114522
0.276429
0.355178
0.662
0.209301
0.117097
0.662
0.101785
0.4227
0.248465
0.182799
0.302633
0.441753
0.227959
0.662
0.0144039
0.0848916
0.322611
0.170626
0.662
0.21835
0.0411757
0.662
0.512633
0.662
0.662
0.2286
0.361097
0.662
0.662
0.662
0.662
0.662
0.109697
0.141761
0.208268
0.662
0.401536
0.662
0.218639
0.662
0.291054
0.556629
0.662
0.270405
0.42354
0.282719
0.354653
0.151853
0.662
0.662
0.0611076
0.662
0.279782
0.567068
0.335847
0.58882
0.303477
0.662
0.140594
0.292153
0.646134
0.221935
0.662
0.662
0.496194
0.662
0.212954
0.162196
0.662
0.198189
0.539809
0.109952
0.41611
0.239979
0.662
0.385918
0.662
0.662
0.0223352
0.629706
0.662
0.377383
0.662
0.439045
0.149165
0.662
0.662
0.118466
0.662
0.400394
0.469086
0.662
0.662
0.258506
0.306799
0.662
0.361343
0.284924
0.0720244
0.468954
0.662
0.122322
0.662
0.240831
0.131762
0.134455
0.0356241
0.662
0.0059972
0.662
0.0120741
0.0257162
0.288925
0.157845
0.662
0.0413631
0.37019
0.662
0.662
0.086606
0.662
0.381466
0.188813
0.662
0.211863
0.466151
0.662
0.662
0.452661
0.484407
0.209436
0.193327
0.484842
0.662
0.491789
0.013818
0.432967
0.662
0.662
0.176436
0.662
0.244634
0.187606
0.227406
0.662
0.161458
0.250214
0.662
0.620528
0.128388
0.662
0.318305
0.662
0.662
0.662
0.0068316
0.662
0.662
0.0651906
0.662
0.560185
0.264152
0.662
0.27608
0.586132
0.662
0.206648
0.370286
0.382597
0.562982
0.127605
0.433182
0.662
0.662
0.662
0.471834
0.334773
0.310275
0.662
0.244645
0.00117709
0.662
0.662
0.394452
0.00519569
0.464092
0.298636
0.545779
0.662
0.210935
0.0976878
0.511393
0.662
0.269525
0.438346
0.436698
0.662
0.417634
0.414943
0.662
0.0546715
0.662
0.420879
0.308849
0.662
0.662
0.212983
0.38444
0.212076
0.662
0.0437905
0.239968
0.230515
0.343917
0.185241
0.662
0.465638
0.662
0.662
0.379779
0.178804
0.286037
0.0967931
0.370836
0.113713
0.206428
0.335736
0.147453
0.344452
0.28392
0.386113
0.238282
0.407408
0.662
0.233328
0.622613
0.130237
0.201035
0.320767
0.294049
0.438247
0.119357
0.662
0.662
0.662
0.276905
0.317909
0.270375
0.662
0.523812
0.433109
0.279067
0.662
0.662
0.290951
0.335192
0.210037
0.277752
0.662
0.195103
0.0728476
0.662
0.216785
0.126204
0.662
0.662
0.14047
0.498865
0.662
0.268435
0.450313
0.431974
0.0339063
0.662
0.116074
0.662
0.662
0.662
0.213013
0.104052
0.662
0.662
0.662
0.662
0.413072
0.16284
0.468181
0.662
0.172584
0.609341
0.662
0.662
0.662
0.214673
0.662
0.14823
0.504462
0.0219373
0.606445
0.255399
0.308164
0.158682
0.0210354
0.0845199
0.202272
0.281461
0.187067
0.240793
0.051847
0.662
0.0429812
0.662
0.486426
0.662
0.662
0.305144
0.0930938
0.171897
0.146353
0.209652
0.662
0.202221
0.588051
0.662
0.662
0.662
0.400705
0.419875
0.3259
0.260683
0.13962
0.397065
0.662
0.662
0.451855
0.231395
0.113074
0.461184
0.240526
0.662
0.0139429
0.527106
0.346111
0.33979
0.662
0.236843
0.494463
0.247634
0.118057
0.662
0.257819
0.475026
0.309834
0.411141
0.662
0.0266827
0.662
0.286688
0.448621
0.662
0.277983
0.0646998
0.662
0.0892174
0.662
0.0574447
0.114696
0.184374
0.209536
0.0386301
0.255287
0.662
0.662
0.662
0.500822
0.366485
0.35113
0.662
0.0572842
0.237234
0.641756
0.662
0.111503
0.39912
0.662
0.0262691
0.662
0.027847
0.295454
0.245123
0.662
0.662
0.662
0.120672
0.662
0.613773
0.277818
0.662
0.0254559
0.377493
0.662
0.519593
0.424706
0.495981
0.0786536
0.292884
0.0528188
0.662
0.0831757
0.184899
0.276657
0.662
0.31773
0.476649
0.662
0.662
0.4146
0.662
0.662
0.281941
0.662
0.363681
0.44465
0.308646
0.118077
0.475524
0.662
0.662
0.662
0.146858
0.309894
0.662
0.287657
0.187828
0.662
0.112887
0.219676
0.288698
0.450204
0.456463
0.213822
0.662
0.191337
0.634285
0.0211644
0.662
0.662
0.143215
0.213976
0.662
0.662
0.144999
0.209635
0.662
0.0308847
0.205782
0.662
0.293316
0.24605
0.662
0.213955
0.346802
0.662
0.662
0.0591903
0.662
0.17069
0.662
0.398192
0.587975
0.308355
0.439481
0.544482
0.214242
0.662
0.0668215
0.10341
0.51289
0.337457
0.662
0.662
0.662
0.662
0.662
0.0598152
0.437742
0.217593
0.662
0.10432
0.662
0.206771
0.662
0.662
0.214844
0.662
0.210976
0.662
0.662
0.165115
0.308127
0.0253452
0.662
0.275975
0.0464174
0.28768
0.662
0.381824
0.45112
0.294158
0.331438
0.26543
0.662
0.246742
0.186687
0.144153
0.0488753
0.662
0.662
0.0822562
0.662
0.662
0.0107326
0.662
0.122741
0.662
0.662
0.061203
0.412479
0.662
0.662
0.288388
0.662
0.662
0.662
0.662
0.662
0.0950971
0.662
0.662
0.543081
0.117736
0.662
0.449391
0.149647
0.290387
0.18972
0.662
0.662
0.00818346
0.662
0.662
0.0990686
0.166988
0.0104998
0.662
0.662
0.221405
0.443964
0.250806
0.662
0.23294
0.662
0.465062
0.398891
0.0870464
0.373342
0.662
0.0142462
0.485382
0.662
0.662
0.206213
0.662
0.339579
0.106923
0.662
0.662
0.488799
0.662
0.662
0.158152
0.662
0.23456
0.153587
0.0194218
0.662
0.246136
0.662
0.662
0.173298
0.377878
0.562328
0.273231
0.41373
0.477102
0.662
0.212852
0.662
0.321347
0.115496
0.662
0.223028
0.157701
0.343485
0.662
0.0528164
0.662
0.382509
0.662
0.53969
0.453763
0.662
0.00304454
0.662
0.662
0.0197736
0.662
0.614212
0.662
0.468412
0.237186
0.383068
0.662
0.068752
0.662
0.450174
0.45804
0.215464
0.139919
0.662
0.571358
0.662
0.327302
0.662
0.662
0.311223
0.306413
0.532829
0.662
0.143948
0.274565
0.662
0.662
0.662
0.0308626
0.224537
0.126787
0.19892
0.0185472
0.117433
0.30681
0.662
0.282857
0.32705
0.396079
0.662
0.0239478
0.347722
0.299165
0.662
0.662
0.662
0.335098
0.263657
0.156983
0.662
0.569761
0.63254
0.662
0.343456
0.662
0.15864
0.352257
0.325001
0.360169
0.662
0.649295
0.292965
0.431472
0.554476
0.0720586
0.662
0.662
0.265375
0.662
0.12342
0.405814
0.329426
0.422406
0.27264
0.516828
0.313066
0.393628
0.0758245
0.662
0.237445
0.662
0.662
0.662
0.0932094
0.662
0.185743
0.132411
0.012247
0.16283
0.662
0.662
0.662
0.235742
0.662
0.24975
0.662
0.377559
0.662
0.662
0.0128783
0.662
0.443443
0.662
0.441917
0.424963
0.662
0.197085
0.662
0.303673
0.662
0.662
0.662
0.396739
0.63096
0.177714
0.196714
0.662
0.216503
0.35886
0.662
0.662
0.662
0.662
0.662
0.420271
0.662
0.188952
0.662
0.223459
0.662
0.534488
0.326565
0.662
0.297343
0.411655
0.662
0.662
0.0924115
0.140372
0.0299419
0.00982587
0.662
0.36357
0.662
0.662
0.662
0.269648
0.662
0.662
0.56601
0.662
0.212585
0.0372916
0.423953
0.662
0.0271282
0.074787
0.206827
0.513824
0.455044
0.662
0.146772
0.242849
0.312596
0.185669
0.398475
0.474715
0.662
0.138922
0.659046
0.180455
0.662
0.225197
0.438607
0.282627
0.22145
0.126125
0.662
0.662
0.551581
0.43802
0.662
0.24397
0.524507
0.662
0.110556
0.662
0.662
0.495758
0.662
0.568947
0.662
0.662
0.535169
0.662
0.234687
0.263163
0.378236
0.58719
0.307105
0.662
0.249753
0.0909075
0.662
0.650018
0.407239
0.435144
0.120763
0.562039
0.330592
0.662
0.189421
0.662
0.0399234
0.236244
0.419418
0.662
0.662
0.0332966
0.662
0.153636
0.0214219
0.662
0.468947
0.210627
0.209724
0.438973
0.375084
0.662
0.256753
0.280609
0.662
0.12525
0.443153
0.232771
0.309321
0.198853
0.662
0.662
0.215542
0.662
0.227938
0.662
0.662
0.662
0.202439
0.221351
0.366835
0.662
0.662
0.159589
0.224999
0.662
0.662
0.471561
0.640456
0.442835
0.662
0.662
0.402564
0.431355
0.250501
0.0633636
0.662
0.114282
0.473809
0.135344
0.264077
0.662
0.662
0.662
0.184804
0.662
0.19534
0.0122199
0.377619
0.419129
0.502505
0.208827
0.1252
0.662
0.252357
0.386831
0.25558
0.662
0.177191
0.662
0.432143
0.448417
0.385939
0.585911
0.455211
0.340895
0.662
0.32859
0.462759
0.662
0.0832229
0.662
0.310112
0.662
0.0125547
0.611164
0.337381
0.23032
0.261695
0.32814
0.662
0.194403
0.422908
0.662
0.544298
0.662
0.342661
0.246158
0.0965676
0.262133
0.662
0.662
0.662
0.228927
0.174098
0.662
0.662
0.662
0.204486
0.358788
0.248207
0.210837
0.0135014
0.154673
0.662
0.442559
0.321425
0.662
0.662
0.289159
0.662
0.129696
0.448842
0.467459
0.662
0.424932
0.299672
0.0446432
0.662
0.232399
0.662
0.282893
0.662
0.662
0.319947
0.269461
0.662
0.120886
0.021865
0.288055
0.0603408
0.662
0.282419
0.662
0.355958
0.662
0.556641
0.662
0.662
0.628415
0.49427
0.662
0.662
0.662
0.230614
0.662
0.662
0.0213825
0.400369
0.662
0.490768
0.208355
0.324615
0.662
0.662
0.266103
0.662
0.662
0.133286
0.662
0.662
0.312571
0.662
0.623296
0.662
0.394163
0.465096
0.662
0.0979608
0.370895
0.314545
0.188501
0.662
0.662
0.662
0.662
0.662
0.388912
0.226308
0.194032
0.203443
0.497969
0.662
0.662
0.662
0.662
0.662
0.168551
0.211875
0.325734
0.662
0.662
0.0495002
0.0533203
0.662
0.103022
0.373875
0.662
0.518471
0.136825
0.512324
0.165794
0.662
0.662
0.662
0.427398
0.259032
0.341731
0.662
0.662
0.121487
0.376426
0.167339
0.226883
0.488207
0.315587
0.47521
0.338407
0.662
0.662
0.191203
0.662
0.601106
0.309357
0.465276
0.134889
0.640412
0.332332
0.339923
0.445919
0.268013
0.172584
0.15663
0.662
0.662
0.390251
0.662
0.360657
0.390472
0.0401533
0.0364255
0.662
0.123624
0.179431
0.662
0.191266
0.662
0.250231
0.662
0.662
0.282499
0.662
0.662
0.442261
0.662
0.0454675
0.511519
0.216531
0.662
0.390252
0.188033
0.662
0.662
0.662
0.662
0.13407
0.662
0.200562
0.662
0.151882
0.662
0.292631
0.662
0.188737
0.269081
0.248265
0.438997
0.267471
0.47369
0.251019
0.662
0.662
0.27122
0.21495
0.496422
0.297501
0.345157
0.248741
0.391164
0.206912
0.18467
0.203371
0.662
0.149419
0.461012
0.662
0.220089
0.376602
0.662
0.544918
0.662
0.00932963
0.654887
0.662
0.662
0.491768
0.662
0.0959897
0.639144
0.178038
0.100659
0.115204
0.148486
0.233493
0.233279
0.662
0.227176
0.662
0.0835742
0.0994255
0.662
0.662
0.314752
0.256285
0.238011
0.662
0.297342
0.232918
0.38632
0.662
0.364475
0.662
0.236504
0.662
0.292624
0.662
0.32139
0.662
0.662
0.662
0.0167638
0.148826
0.0206023
0.295762
0.662
0.419399
0.22353
0.0296167
0.473965
0.562913
0.267465
0.455156
0.206817
0.132989
0.451218
0.662
0.181987
0.169156
0.662
0.480315
0.662
0.643173
0.222465
0.0796448
0.662
0.135207
0.662
0.662
0.291026
0.423628
0.0413613
0.446052
0.289374
0.662
0.662
0.413799
0.662
0.403844
0.43878
0.231203
0.622361
0.662
0.378507
0.301758
0.361939
0.385172
0.364147
0.662
0.662
0.0266498
0.298134
0.367536
0.12536
0.366291
0.662
0.474587
0.662
0.0295076
0.662
0.662
0.662
0.662
0.355119
0.159871
0.662
0.195455
0.452613
0.34986
0.0104195
0.662
0.662
0.248763
0.511143
0.17312
0.173879
0.662
0.662
0.662
0.286376
0.596454
0.662
0.396344
0.662
0.199183
0.257075
0.188309
0.662
0.390595
0.662
0.257093
0.662
0.0439147
0.128962
0.0599053
0.302412
0.146352
0.662
0.662
0.662
0.325396
0.36224
0.633391
0.127801
0.227369
0.122025
0.14422
0.662
0.662
0.662
0.355375
0.662
0.627702
0.186313
0.662
0.356942
0.602326
0.219881
0.387861
0.662
0.662
0.198125
0.209472
0.02998
0.662
0.0938263
0.662
0.160397
0.460655
0.662
0.341672
0.339643
0.221209
0.010436
0.662
0.662
0.154065
0.209356
0.164702
0.050281
0.662
0.505554
0.276166
0.106276
0.299213
0.476699
0.662
0.662
0.202016
0.662
0.662
0.662
0.662
0.662
0.662
0.256261
0.662
0.662
0.662
0.662
0.662
0.424274
0.662
0.0812808
0.662
0.206266
0.612343
0.64722
0.662
0.186051
0.662
0.25176
0.318672
0.38644
0.400313
0.633694
0.662
0.662
0.498525
0.662
0.662
0.177862
0.258232
0.662
0.662
0.198978
0.662
0.109599
0.662
0.190818
0.662
0.662
0.413062
0.212905
0.662
0.135094
0.662
0.643682
0.395547
0.662
0.602364
0.662
0.393024
0.193404
0.185452
0.662
0.59435
0.662
0.375467
0.394638
0.513872
0.446466
0.284011
0.662
0.662
0.177733
0.149103
0.662
0.0373965
0.11481
0.25763
0.662
0.662
0.282963
0.260598
0.321482
0.446745
0.662
0.219169
0.296676
0.45324
0.0385291
0.216808
0.15062
0.662
0.662
0.532081
0.662
0.131456
0.356995
0.662
0.662
0.327552
0.192729
0.662
0.140283
0.662
0.167554
0.0803317
0.662
0.232781
0.662
0.202183
0.387907
0.381686
0.662
0.267754
0.226837
0.662
0.115322
0.146248
0.199947
0.331888
0.662
0.364771
0.185081
0.662
0.662
0.261276
0.397631
0.530176
0.0339346
0.199464
0.662
0.662
0.273851
0.133649
0.662
0.662
0.189346
0.233013
0.662
0.662
0.0806988
0.662
0.285218
0.58099
0.662
0.662
0.355592
0.139003
0.0670072
0.381488
0.270764
0.662
0.662
0.287871
0.454253
0.556681
0.579318
0.662
0.662
0.185915
0.337775
0.662
0.662
0.662
0.662
0.662
0.191516
0.662
0.251321
0.104056
0.187831
0.424065
0.0356389
0.662
0.466657
0.196342
0.624648
0.662
0.662
0.310899
0.0232574
0.662
0.390797
0.470209
0.662
0.295612
0.386881
0.662
0.193053
0.662
0.618484
0.153625
0.141263
0.323318
0.662
0.662
0.662
0.482181
0.312859
0.176269
0.130655
0.662
0.662
0.0731836
0.220252
0.428459
0.181075
0.0295936
0.183629
0.473965
0.662
0.24726
0.37542
0.662
0.141077
0.662
0.340651
0.16387
0.128528
0.507527
0.260191
0.516293
0.0829112
0.662
0.662
0.32593
0.445712
0.620499
0.295275
0.662
0.0580442
0.358927
0.662
0.333373
0.662
0.662
0.662
0.27084
0.415104
0.662
0.470997
0.633403
0.126929
0.662
0.662
0.662
0.662
0.136335
0.662
0.662
0.120276
0.662
0.662
0.662
0.662
0.306139
0.283029
0.386101
0.311457
0.662
0.373906
0.127525
0.271417
0.662
0.276817
0.662
0.136838
0.662
0.662
0.662
0.188408
0.220076
0.662
0.218849
0.0765422
0.203684
0.240337
0.662
0.400031
0.482471
0.210792
0.264104
0.662
0.412446
0.299902
0.281402
0.236206
0.0434025
0.224724
0.0756826
0.662
0.218725
0.383558
0.662
0.662
0.662
0.375942
0.41847
0.478628
0.662
0.662
0.00771708
0.662
0.197245
0.662
0.287717
0.662
0.368899
0.358855
0.662
0.662
0.662
0.662
0.0174247
0.662
0.354854
0.662
0.662
0.662
0.662
0.360261
0.662
0.488892
0.662
0.662
0.662
0.662
0.047853
0.217468
0.0898513
0.374877
0.545549
0.662
0.452773
0.662
0.6412
0.662
0.483535
0.31884
0.51456
0.662
0.141642
0.264596
0.662
0.0487967
0.156072
0.146118
0.662
0.414222
0.662
0.542809
0.183247
0.0565049
0.662
0.662
0.662
0.662
0.383837
0.133398
0.662
0.149306
0.38465
0.179981
0.198739
0.21777
0.17234
0.662
0.662
0.205688
0.662
0.064494
0.662
0.462867
0.222973
0.489594
0.662
0.662
0.578608
0.634709
0.662
0.596591
0.374053
0.299863
0.662
0.662
0.662
0.662
0.662
0.0187916
0.662
0.419742
0.163268
0.190815
0.269576
0.662
0.625649
0.0337397
0.281389
0.278302
0.662
0.398746
0.0158701
0.633464
0.435883
0.205889
0.205206
0.240026
0.662
0.662
0.135362
0.0926975
0.662
0.246939
0.205663
0.471632
0.363527
0.662
0.464472
0.358907
0.662
0.363683
0.662
0.0585527
0.300408
0.302282
0.662
0.662
0.277381
0.215632
0.0879655
0.114107
0.662
0.449141
0.228805
0.662
0.434806
0.662
0.509161
0.0135023
0.662
0.525485
0.183755
0.127833
0.115712
0.0602876
0.0283829
0.122843
0.662
0.109146
0.148122
0.330353
0.662
0.446257
0.251294
0.662
0.662
0.662
0.662
0.22263
0.662
0.662
0.12248
0.109845
0.662
0.365528
0.33241
0.662
0.604122
0.212426
0.662
0.531602
0.662
0.315243
0.662
0.269933
0.0128307
0.491999
0.0902946
0.662
0.127403
0.00136933
0.662
0.442652
0.490719
0.612761
0.566076
0.662
0.433156
0.326769
0.662
0.13708
0.10054
0.367105
0.103273
0.454867
0.282397
0.662
0.278731
0.580186
0.662
0.383859
0.347406
0.662
0.216892
0.39021
0.189942
0.662
0.662
0.662
0.662
0.283777
0.211401
0.662
0.520127
0.662
0.2218
0.449086
0.656876
0.448076
0.14755
0.257634
0.147201
0.0523135
0.403747
0.29351
0.204461
0.662
0.116687
0.149066
0.662
0.176501
0.163673
0.347521
0.321157
0.662
0.662
0.379082
0.0100962
0.218828
0.192641
0.662
0.662
0.662
0.190315
0.662
0.206525
0.662
0.662
0.0647186
0.123875
0.662
0.442238
0.327738
0.320031
0.662
0.16323
0.189022
0.27693
0.559522
0.662
0.569882
0.385931
0.265761
0.127144
0.662
0.433367
0.232858
0.422349
0.266062
0.263985
0.662
0.662
0.245977
0.662
0.1044
0.082769
0.303749
0.017012
0.662
0.662
0.0467156
0.662
0.163939
0.132295
0.662
0.357945
0.19501
0.439498
0.310796
0.662
0.662
0.218995
0.403156
0.0866779
0.44871
0.662
0.662
0.0765955
0.662
0.19235
0.368275
0.14158
0.338395
0.191153
0.356539
0.662
0.662
0.662
0.34779
0.279246
0.0140241
0.389115
0.057675
0.172599
0.662
0.662
0.246703
0.662
0.662
0.578282
0.303809
0.454594
0.662
0.662
0.256071
0.35522
0.366391
0.318923
0.662
0.169555
0.662
0.662
0.184516
0.662
0.391206
0.662
0.662
0.165754
0.408516
0.662
0.389683
0.348994
0.327367
0.662
0.263973
0.662
0.134454
0.201881
0.662
0.294846
0.294078
0.662
0.00643185
0.662
0.454901
0.360161
0.0941145
0.662
0.337554
0.0750108
0.662
0.28833
0.662
0.507416
0.332451
0.662
0.662
0.601047
0.541777
0.373818
0.158514
0.170747
0.662
0.20682
0.662
0.071111
0.188924
0.24077
0.662
0.136675
0.662
0.652622
0.430385
0.529088
0.662
0.662
0.151844
0.23712
0.191012
0.662
0.662
0.240702
0.662
0.662
0.662
0.662
0.467383
0.662
0.145042
0.662
0.662
0.143836
0.662
0.662
0.217952
0.662
0.214694
0.662
0.30356
0.281308
0.260523
0.475108
0.0365549
0.215816
0.220047
0.359705
0.662
0.548821
0.562377
0.662
0.288348
0.274289
0.662
0.195868
0.209533
0.477523
0.194679
0.662
0.51586
0.455781
0.0455513
0.272344
0.1381
0.662
0.39262
0.567184
0.376304
0.662
0.401238
0.281362
0.422482
0.130044
0.373159
0.618633
0.29811
0.662
0.662
0.108063
0.662
0.662
0.47532
0.527938
0.662
0.662
0.662
0.662
0.656042
0.158846
0.363322
0.385044
0.662
0.0186583
0.206712
0.298071
0.0850884
0.662
0.662
0.471204
0.429716
0.348535
0.0967321
0.662
0.194498
0.662
0.125145
0.662
0.154267
0.662
0.662
0.386181
0.184738
0.267293
0.662
0.662
0.349967
0.377347
0.662
0.662
0.0968441
0.44942
0.662
0.188407
0.156301
0.662
0.662
0.439342
0.662
0.0164708
0.662
0.662
0.467202
0.662
0.0281344
0.0669079
0.662
0.662
0.362606
0.168137
0.451823
0.199667
0.0843492
0.34172
0.662
0.662
0.662
0.188277
0.333851
0.662
0.662
0.662
0.255152
0.581706
0.100782
0.083591
0.0273582
0.662
0.662
0.142402
0.662
0.0656456
0.342367
0.662
0.662
0.279326
0.124149
0.437183
0.520594
0.662
0.662
0.662
0.394109
0.449933
0.04917
0.662
0.347708
0.495773
0.662
0.662
0.4934
0.662
0.662
0.662
0.240452
0.107798
0.662
0.420522
0.350096
0.662
0.662
0.52684
0.310197
0.100403
0.662
0.662
0.662
0.585072
0.453077
0.662
0.38562
0.662
0.662
0.662
0.304895
0.662
0.127421
0.0019996
0.559496
0.662
0.341117
0.662
0.662
0.354339
0.257789
0.366309
0.662
0.662
0.330522
0.233843
0.602564
0.662
0.188114
0.662
0.455901
0.662
0.199342
0.201952
0.259133
0.349199
0.369287
0.662
0.662
0.662
0.000723984
0.0606039
0.434177
0.662
0.662
0.175474
0.662
0.361695
0.43916
0.43874
0.149085
0.662
0.662
0.268828
0.445905
0.376772
0.363837
0.513742
0.662
0.662
0.238643
0.662
0.662
0.591772
0.662
0.228543
0.662
0.662
0.614669
0.662
0.662
0.156134
0.662
0.109395
0.662
0.248383
0.311175
0.430938
0.563919
0.00902142
0.252918
0.48257
0.536689
0.312426
0.184453
0.337793
0.300765
0.0125956
0.292097
0.0578226
0.231052
0.436859
0.662
0.615933
0.209754
0.264791
0.662
0.0567228
0.662
0.0731022
0.200115
0.440708
0.662
0.173714
0.441366
0.317835
0.662
0.429329
0.662
0.592609
0.662
0.120913
0.477174
0.40592
0.400941
0.272144
0.45136
0.0339176
0.116528
0.662
0.424373
0.166077
0.172351
0.662
0.289266
0.135403
0.0913733
0.662
0.268421
0.402309
0.662
0.662
0.563579
0.662
0.247809
0.104517
0.662
0.662
0.23968
0.252829
0.471957
0.350091
0.662
0.299243
0.452097
0.388697
0.614727
0.662
0.2121
0.200686
0.231768
0.662
0.662
0.384132
0.205647
0.056346
0.32917
0.0307337
0.450053
0.438326
0.662
0.415189
0.133286
0.585257
0.417912
0.214335
0.318388
0.662
0.208167
0.0580462
0.662
0.0930099
0.662
0.408992
0.31942
0.662
0.662
0.229282
0.662
0.662
0.662
0.662
0.191897
0.0590514
0.662
0.662
0.188287
0.662
0.498179
0.316467
0.429458
0.118354
0.662
0.363394
0.662
0.662
0.662
0.343772
0.463679
0.662
0.662
0.0694346
0.207628
0.333369
0.0419493
0.430387
0.662
0.662
0.662
0.301767
0.662
0.662
0.573139
0.239304
0.305053
0.0187743
0.461885
0.442986
0.220796
0.454433
0.300028
0.662
0.662
0.330913
0.662
0.555967
0.318462
0.167202
0.662
0.119261
0.106733
0.267029
0.127279
0.595567
0.424877
0.0818655
0.662
0.662
0.0202712
0.144373
0.662
0.662
0.414284
0.641346
0.469186
0.193894
0.182003
0.307788
0.371723
0.662
0.662
0.662
0.662
0.559195
0.330504
0.662
0.662
0.662
0.325331
0.32813
0.662
0.010143
0.356375
0.363554
0.662
0.662
0.408329
0.192624
0.00606747
0.262448
0.41398
0.198418
0.662
0.332006
0.662
0.312447
0.212548
0.209641
0.161764
0.482385
0.662
0.662
0.41155
0.448293
0.44201
0.1263
0.233066
0.12284
0.155507
0.349748
0.662
0.308471
0.662
0.267363
0.193482
0.662
0.0688162
0.662
0.662
0.00680024
0.00608454
0.164428
0.662
0.194758
0.269555
0.662
0.109949
0.314194
0.167039
0.337275
0.546743
0.31118
0.452451
0.606243
0.468421
0.662
0.271333
0.662
0.662
0.662
0.662
0.662
0.455605
0.662
0.0467623
0.662
0.662
0.662
0.662
0.126061
0.546207
0.133116
0.662
0.662
0.225983
0.662
0.210639
0.492871
0.192086
0.314933
0.182741
0.23795
0.466203
0.213591
0.662
0.0556149
0.0607736
0.662
0.426439
0.662
0.236338
0.662
0.294698
0.134
0.627581
0.288695
0.662
0.662
0.662
0.167751
0.258971
0.159551
0.140838
0.162618
0.662
0.662
0.662
0.662
0.392485
0.662
0.114074
0.162027
0.40362
0.0415881
0.0420175
0.0165361
0.662
0.662
0.662
0.662
0.0511185
0.079889
0.156766
0.614686
0.250366
0.662
0.662
0.00649664
0.344353
0.362339
0.0927163
0.190499
0.662
0.538763
0.598928
0.380217
0.662
0.455847
0.44827
0.662
0.57683
0.0945326
0.367525
0.182133
0.39593
0.113346
0.662
0.441079
0.0836435
0.662
0.118764
0.40766
0.334592
0.662
0.662
0.528811
0.662
0.662
0.187203
0.372218
0.136229
0.662
0.662
0.662
0.0256699
0.662
0.121112
0.0259623
0.580481
0.662
0.586649
0.182495
0.201543
0.243906
0.662
0.183654
0.0124378
0.262653
0.233844
0.338672
0.662
0.179752
0.0519021
0.282771
0.155497
0.662
0.562073
0.205829
0.662
0.131361
0.265286
0.125211
0.327633
0.662
0.0261979
0.662
0.221206
0.662
0.662
0.662
0.231482
0.0854353
0.662
0.471421
0.534941
0.662
0.662
0.351945
0.662
0.355646
0.662
0.202732
0.662
0.662
0.375845
0.662
0.277469
0.203717
0.662
0.662
0.662
0.662
0.100841
0.383608
0.118968
0.430354
0.662
0.662
0.662
0.662
0.423722
0.325232
0.312481
0.322232
0.421527
0.375502
0.662
0.662
0.633391
0.661317
0.178163
0.662
0.43105
0.231051
0.662
0.457411
0.175671
0.662
0.662
0.592088
0.251012
0.662
0.262462
0.662
0.14147
0.662
0.396686
0.000917318
0.226909
0.266399
0.117627
0.662
0.303311
0.539086
0.662
0.662
0.0440655
0.221644
0.147377
0.347772
0.408789
0.0577122
0.464439
0.662
0.662
0.338105
0.138652
0.0551937
0.174059
0.564027
0.25694
0.662
0.155105
0.15053
0.179115
0.168204
0.0325065
0.106079
0.337592
0.662
0.0989335
0.193168
0.662
0.378035
0.185124
0.201603
0.354615
0.32335
0.427694
0.039465
0.326301
0.662
0.115864
0.662
0.278328
0.662
0.662
0.573483
0.535304
0.662
0.202943
0.257809
0.409862
0.662
0.271235
0.254142
0.662
0.662
0.407832
0.662
0.559751
0.537517
0.662
0.107025
0.295528
0.584483
0.662
0.360994
0.421911
0.370787
0.662
0.162056
0.127764
0.174936
0.662
0.115968
0.662
0.166462
0.662
0.0987997
0.662
0.326561
0.365549
0.258963
0.662
0.0429622
0.662
0.0775554
0.662
0.456441
0.244303
0.255065
0.662
0.119071
0.270502
0.365622
0.260165
0.662
0.380389
0.472585
0.662
0.275287
0.662
0.662
0.280599
0.479712
0.634763
0.662
0.267459
0.371514
0.471581
0.495372
0.662
0.264536
0.137583
0.199158
0.662
0.662
0.662
0.662
0.662
0.662
0.662
0.662
0.250062
0.0202417
0.662
0.444147
0.154863
0.662
0.0199075
0.662
0.662
0.142087
0.631337
0.491674
0.453064
0.662
0.143407
0.662
0.196064
0.576653
0.134502
0.131941
0.662
0.402576
0.292094
0.662
0.2618
0.299039
0.662
0.264473
0.194548
0.309617
0.0816044
0.189798
0.415866
0.662
0.365019
0.346617
0.239926
0.284262
0.492624
0.210861
0.662
0.197897
0.281944
0.662
0.151189
0.662
0.662
0.139662
0.372744
0.485137
0.070582
0.421438
0.44144
0.662
0.432647
0.156974
0.474162
0.000910674
0.0726954
0.191976
0.206591
0.00873473
0.662
0.2585
0.029701
0.028493
0.662
0.662
0.205202
0.306245
0.149036
0.662
0.662
0.414022
0.662
0.220369
0.662
0.662
0.0198472
0.486963
0.437927
0.267677
0.472705
0.662
0.662
0.438148
0.291653
0.662
0.404778
0.25925
0.662
0.109043
0.246993
0.198515
0.662
0.662
0.00181489
0.662
0.318528
0.662
0.235229
0.662
0.214106
0.662
0.662
0.520978
0.481335
0.0917228
0.303762
0.375562
0.324313
0.662
0.662
0.662
0.662
0.202761
0.0348346
0.185621
0.662
0.402147
0.633826
0.389108
0.53593
0.31457
0.592571
0.0719896
0.662
0.662
0.210549
0.662
0.369188
0.354959
0.662
0.26426
0.21251
0.662
0.63662
0.158583
0.15499
0.140343
0.168503
0.662
0.396019
0.534678
0.184394
0.190324
0.662
0.662
0.662
0.206422
0.32049
0.662
0.662
0.451263
0.290915
0.662
0.662
0.196805
0.662
0.20395
0.0740415
0.366112
0.18272
0.662
0.358236
0.20188
0.0645874
0.294514
0.662
0.662
0.253532
0.662
0.283726
0.372036
0.662
0.204907
0.662
0.662
0.419899
0.229976
0.0997433
0.242729
0.292177
0.168209
0.0399818
0.623154
0.258541
0.662
0.158486
0.662
0.204844
0.662
0.412865
0.662
0.662
0.662
0.0430455
0.662
0.436816
0.662
0.235533
0.208556
0.00487366
0.140722
0.662
0.662
0.662
0.356021
0.5941
0.193369
0.662
0.104822
0.662
0.589495
0.194011
0.16933
0.432724
0.662
0.245131
0.0730631
0.662
0.662
0.40716
0.207095
0.261848
0.476614
0.662
0.32307
0.662
0.197626
0.662
0.196644
0.340637
0.662
0.1714
0.145046
0.244643
0.0977729
0.153252
0.662
0.662
0.127557
0.662
0.662
0.662
0.308999
0.662
0.0129794
0.662
0.140076
0.179056
0.420702
0.662
0.662
0.247933
0.311659
0.00163427
0.221114
0.63339
0.441053
0.646412
0.662
0.563673
0.662
0.311424
0.368422
0.306885
0.662
0.662
0.247554
0.128021
0.662
0.462311
0.662
0.662
0.112305
0.369503
0.261247
0.256663
0.171902
0.453698
0.59057
0.662
0.662
0.445581
0.662
0.102104
0.662
0.662
0.180154
0.662
0.0733767
0.662
0.32338
0.662
0.662
0.323853
0.350625
0.655504
0.48888
0.662
0.662
0.106551
0.662
0.0994739
0.662
0.135837
0.662
0.458076
0.532433
0.662
0.404863
0.277245
0.662
0.662
0.662
0.262735
0.439549
0.662
0.445282
0.0567055
0.662
0.662
0.417356
0.662
0.250944
0.334373
0.662
0.459594
0.107291
0.544027
0.254362
0.662
0.662
0.618349
0.662
0.343669
0.0229418
0.154993
0.159464
0.286387
0.662
0.422646
0.167094
0.271725
0.662
0.662
0.211367
0.655264
0.152028
0.662
0.398394
0.370953
0.504821
0.662
0.190787
0.662
0.534328
0.662
0.304542
0.532347
0.509922
0.276975
0.505047
0.319365
0.662
0.662
0.662
0.310745
0.0285246
0.113953
0.662
0.662
0.499279
0.662
0.0368212
0.662
0.0821565
0.662
0.229123
0.324137
0.662
0.662
0.49737
0.223246
0.0997938
0.662
0.566005
0.662
0.662
0.662
0.662
0.662
0.662
0.197484
0.662
0.662
0.662
0.662
0.662
0.316046
0.437095
0.293497
0.111819
0.163556
0.306921
0.662
0.662
0.662
0.334439
0.662
0.497078
0.662
0.662
0.662
0.617079
0.133775
0.219237
0.199679
0.662
0.662
0.56759
0.122721
0.223103
0.318013
0.662
0.392466
0.22937
0.33868
0.121095
0.662
0.10912
0.651835
0.662
0.662
0.522475
0.662
0.662
0.662
0.662
0.300314
0.107242
0.190278
0.0437961
0.333365
0.661118
0.420228
0.408414
0.29303
0.662
0.469444
0.404448
0.662
0.429992
0.662
0.662
0.235661
0.206308
0.662
0.387508
0.236553
0.202949
0.662
0.254381
0.662
0.0322371
0.360376
0.662
0.164375
0.396845
0.662
0.189326
0.330299
0.662
0.662
0.0809955
0.10306
0.662
0.662
0.662
0.662
0.149383
0.662
0.662
0.662
0.662
0.144486
0.472507
0.231895
0.21699
0.422703
0.342511
0.662
0.662
0.408115
0.662
0.662
0.662
0.186566
0.332037
0.662
0.0527668
0.0533503
0.455168
0.662
0.662
0.662
0.662
0.662
0.662
0.363006
0.662
0.168295
0.264531
0.662
0.368814
0.662
0.0443865
0.662
0.471477
0.235976
0.662
0.206138
0.662
0.0206827
0.662
0.204286
0.294246
0.662
0.662
0.248159
0.450197
0.178821
0.369028
0.662
0.662
0.220962
0.219734
0.456369
0.662
0.0960016
0.15558
0.662
0.662
0.662
0.129705
0.662
0.162965
0.357411
0.186528
0.0724507
0.117912
0.190114
0.361858
0.161284
0.662
0.431739
0.662
0.662
0.261809
0.335395
0.662
0.446319
0.036758
0.0618655
0.662
0.662
0.378847
0.376463
0.662
0.419593
0.227482
0.170152
0.0895079
0.0831946
0.194319
0.0200304
0.309744
0.241549
0.662
0.662
0.662
0.662
0.467873
0.110781
0.610454
0.387498
0.662
0.662
0.470331
0.362478
0.662
0.662
0.22417
0.662
0.662
0.000840663
0.662
0.0306513
0.662
0.662
0.469134
0.662
0.487482
0.407539
0.257419
0.662
0.662
0.662
0.662
0.234682
0.293708
0.177807
0.122072
0.0929456
0.662
0.331944
0.662
0.662
0.662
0.448429
0.296213
0.241927
0.662
0.662
0.662
0.656158
0.662
0.457817
0.20896
0.662
0.374973
0.207106
0.662
0.662
0.142592
0.227411
0.662
0.662
0.23618
0.0164641
0.662
0.474992
0.246057
0.442787
0.662
0.662
0.295095
0.306881
0.115628
0.166588
0.427028
0.662
0.662
0.0749019
0.291031
0.662
0.203649
0.0445174
0.472449
0.236744
0.216067
0.662
0.442688
0.2608
0.169211
0.251222
0.662
0.295637
0.519752
0.662
0.662
0.662
0.662
0.203039
0.467522
0.662
0.176854
0.115593
0.0918216
0.662
0.662
0.0573651
0.239304
0.296337
0.333337
0.662
0.423617
0.475368
0.662
0.324847
0.20759
0.215427
0.288562
0.662
0.662
0.662
0.223678
0.392834
0.371172
0.0429302
0.0826507
0.662
0.349909
0.295537
0.662
0.468419
0.159979
0.5136
0.302835
0.358276
0.341129
0.314976
0.662
0.320177
0.420692
0.662
0.662
0.18888
0.241139
0.188652
0.359663
0.429974
0.662
0.225878
0.662
0.662
0.294081
0.223453
0.662
0.662
0.253252
0.662
0.0363015
0.662
0.233995
0.287556
0.662
0.11102
0.351813
0.491326
0.662
0.662
0.246655
0.411723
0.187986
0.662
0.662
0.353619
0.475194
0.170527
0.228727
0.662
0.662
0.662
0.125109
0.325758
0.138912
0.662
0.662
0.44442
0.4771
0.311851
0.25124
0.138854
0.662
0.662
0.639158
0.271117
0.662
0.662
0.38914
0.662
0.662
0.295742
0.641322
0.0345161
0.22248
0.337947
0.143346
0.325034
0.217303
0.662
0.0875759
0.662
0.0396083
0.185409
0.0463721
0.501314
0.351286
0.662
0.23177
0.308948
0.234411
0.142294
0.242575
0.0443844
0.51459
0.101264
0.354854
0.475691
0.508184
0.0122804
0.140001
0.662
0.662
0.207089
0.662
0.662
0.662
0.662
0.550814
0.662
0.270173
0.662
0.454683
0.208079
0.28228
0.662
0.131748
0.662
0.564994
0.218507
0.662
0.662
0.472175
0.133711
0.170095
0.40079
0.605879
0.662
0.662
0.662
0.662
0.1771
0.662
0.188688
0.435927
0.662
0.217192
0.309133
0.662
0.662
0.078692
0.662
0.262953
0.662
0.437881
0.662
0.417344
0.202049
0.662
0.021236
0.398946
0.452076
0.201794
0.194261
0.662
0.662
0.662
0.344369
0.184399
0.662
0.263352
0.662
0.662
0.0795937
0.239855
0.662
0.662
0.200998
0.258071
0.289097
0.150086
0.662
0.489807
0.662
0.213531
0.326259
0.23999
0.462233
0.105199
0.169171
0.345653
0.256837
0.662
0.45863
0.571976
0.513537
0.299771
0.662
0.662
0.662
0.662
0.662
0.125897
0.662
0.662
0.099956
0.662
0.195212
0.662
0.259717
0.662
0.662
0.0205162
0.662
0.42019
0.662
0.438359
0.218003
0.662
0.662
0.662
0.662
0.662
0.563959
0.169574
0.163228
0.319699
0.0102997
0.662
0.662
0.211856
0.662
0.644673
0.496126
0.155439
0.350666
0.662
0.387403
0.662
0.264834
0.377856
0.662
0.126846
0.46412
0.36664
0.662
0.386273
0.662
0.24951
0.473708
0.662
0.414619
0.662
0.662
0.662
0.662
0.662
0.662
0.662
0.236807
0.370342
0.662
0.411872
0.362716
0.0950364
0.662
0.662
0.662
0.496566
0.662
0.248988
0.0140066
0.089954
0.203344
0.113912
0.164784
0.292886
0.662
0.662
0.21911
0.514383
0.288023
0.662
0.318676
0.0429161
0.42981
0.662
0.00620719
0.662
0.342631
0.441978
0.019954
0.662
0.173204
0.196903
0.662
0.304835
0.662
0.524156
0.0948995
0.0939697
0.224377
0.467202
0.330883
0.662
0.204154
0.302586
0.291558
0.131897
0.662
0.0105253
0.662
0.206043
0.662
0.0494029
0.0168443
0.662
0.240772
0.358218
0.38161
0.088784
0.36354
0.17298
0.090056
0.317237
0.662
0.245432
0.629617
0.306466
0.043722
0.42245
0.340916
0.489417
0.51861
0.662
0.662
0.414494
0.373728
0.662
0.0215986
0.662
0.0860482
0.662
0.65022
0.662
0.430127
0.0242486
0.662
0.38758
0.195381
0.336564
0.0617027
0.244048
0.662
0.483495
0.396957
0.28187
0.662
0.282818
0.392815
0.662
0.662
0.31221
0.408468
0.320419
0.662
0.662
0.662
0.207289
0.60524
0.521922
0.662
0.445661
0.205073
0.662
0.238924
0.214904
0.662
0.662
0.373893
0.662
0.00296353
0.0906816
0.340632
0.662
0.447151
0.662
0.662
0.662
0.662
0.662
0.662
0.662
0.326911
0.185905
0.631123
0.206459
0.283755
0.268829
0.662
0.446241
0.662
0.662
0.0162816
0.662
0.200732
0.198314
0.662
0.370509
0.662
0.215637
0.200049
0.662
0.261177
0.33761
0.662
0.282388
0.22893
0.346952
0.449365
0.662
0.662
0.169163
0.457635
0.217047
0.26699
0.662
0.178555
0.662
0.0123527
0.0104269
0.662
0.662
0.662
0.444715
0.0561627
0.662
0.418666
0.378732
0.662
0.662
0.277872
0.141334
0.588548
0.453128
0.176586
0.662
0.239362
0.662
0.227167
0.662
0.195849
0.0992341
0.412276
0.201292
0.138097
0.662
0.218954
0.155927
0.298284
0.355658
0.662
0.662
0.662
0.662
0.247109
0.22012
0.248697
0.593754
0.662
0.1545
0.0905487
0.662
0.399484
0.332706
0.227756
0.476153
0.407712
0.662
0.204902
0.215122
0.507592
0.662
0.245923
0.323846
0.43758
0.662
0.662
0.662
0.662
0.315596
0.662
0.140331
0.169114
0.379187
0.662
0.460086
0.336572
0.662
0.417015
0.662
0.662
0.662
0.442511
0.662
0.662
0.662
0.479176
0.204226
0.490003
0.500088
0.0775094
0.179386
0.318611
0.12376
0.36865
0.522886
0.230225
0.662
0.212947
0.17865
0.662
0.662
0.462709
0.538505
0.411286
0.662
0.149855
0.110894
0.324845
0.0278372
0.662
0.662
0.662
0.215643
0.584629
0.095441
0.662
0.138777
0.211679
0.371471
0.662
0.662
0.25426
0.662
0.433917
0.662
0.545306
0.662
0.662
0.514917
0.16801
0.165962
0.628022
0.186015
0.206288
0.205261
0.389279
0.513124
0.196007
0.340882
0.662
0.502832
0.376594
0.350877
0.662
0.662
0.662
0.662
0.564845
0.236827
0.662
0.0736961
0.179175
0.185709
0.635418
0.662
0.139177
0.662
0.203339
0.118842
0.662
0.123895
0.662
0.392399
0.662
0.607044
0.0755596
0.238907
0.662
0.209929
0.662
0.662
0.490263
0.662
0.662
0.310167
0.662
0.588351
0.356381
0.201096
0.662
0.438729
0.167209
0.093589
0.120407
0.662
0.158149
0.431663
0.662
0.662
0.426667
0.662
0.662
0.643443
0.528922
0.662
0.609199
0.149014
0.312937
0.186036
0.662
0.435066
0.101887
0.481566
0.662
0.662
0.551556
0.32891
0.662
0.662
0.431708
0.291025
0.559384
0.662
0.229219
0.662
0.482903
0.662
0.476741
0.209828
0.662
0.175328
0.331989
0.662
0.126624
0.662
0.46611
0.207992
0.22416
0.662
0.305697
0.662
0.266197
0.272139
0.196246
0.662
0.662
0.662
0.269147
0.393495
0.662
0.190338
0.315133
0.662
0.296111
0.662
0.537324
0.662
0.662
0.0323892
0.429901
0.307406
0.662
0.599908
0.654636
0.662
0.259275
0.662
0.662
0.36028
0.662
0.662
0.393522
0.662
0.662
0.358183
0.159363
0.135444
0.550808
0.266554
0.662
0.361476
0.180897
0.306133
0.190652
0.289432
0.415851
0.473078
0.26283
0.662
0.0260187
0.207264
0.292652
0.0103413
0.662
0.662
0.662
0.339395
0.477813
0.662
0.22565
0.282809
0.662
0.301145
0.169673
0.345625
0.662
0.662
0.00869274
0.662
0.280029
0.506286
0.662
0.0638704
0.122343
0.662
0.104516
0.662
0.340803
0.662
0.662
0.163312
0.662
0.00983086
0.211586
0.662
0.287832
0.533635
0.662
0.189269
0.662
0.167122
0.317908
0.662
0.499665
0.662
0.662
0.107929
0.331042
0.26415
0.453399
0.662
0.124334
0.244795
0.662
0.662
0.103386
0.183211
0.662
0.5856
0.662
0.155747
0.16169
0.374738
0.662
0.0847856
0.662
0.120371
0.183142
0.0781781
0.662
0.149223
0.662
0.453643
0.662
0.578747
0.662
0.662
0.276739
0.662
0.268961
0.0858696
0.206321
0.37304
0.662
0.168898
0.315268
0.390516
0.662
0.662
0.0203664
0.145271
0.336777
0.130422
0.184154
0.300855
0.541216
0.377038
0.662
0.434544
0.341935
0.217771
0.620328
0.662
0.466301
0.320995
0.438289
0.662
0.662
0.662
0.240761
0.0575814
0.425719
0.662
0.430287
0.386354
0.403803
0.662
0.662
0.221944
0.403476
0.662
0.662
0.252081
0.0820116
0.376749
0.392109
0.368904
0.183682
0.662
0.292663
0.21017
0.188764
0.662
0.662
0.662
0.662
0.0947255
0.662
0.415297
0.662
0.476368
0.662
0.662
0.662
0.0748659
0.662
0.63339
0.644537
0.188779
0.0626418
0.662
0.662
0.309884
0.662
0.662
0.459745
0.662
0.662
0.504072
0.207929
0.226777
0.480882
0.64226
0.0799804
0.159195
0.662
0.589309
0.561624
0.662
0.662
0.0783285
0.662
0.252008
0.318945
0.162659
0.171514
0.362163
0.466955
0.471147
0.235886
0.662
0.0105032
0.209814
0.313164
0.662
0.662
0.573984
0.102098
0.662
0.0511085
0.662
0.0676923
0.386629
0.436818
0.662
0.662
0.0989196
0.662
0.662
0.182683
0.662
0.531098
0.662
0.408403
0.371171
0.26932
0.121329
0.662
0.662
0.662
0.118757
0.277661
0.662
0.65436
0.164709
0.662
0.376523
0.662
0.662
0.269815
0.277517
0.662
0.498058
0.177609
0.662
0.24174
0.662
0.30391
0.183952
0.327822
0.662
0.662
0.662
0.662
0.216577
0.662
0.213358
0.662
0.662
0.662
0.662
0.662
0.380635
0.662
0.662
0.29125
0.493035
0.116413
0.662
0.17453
0.161459
0.662
0.34938
0.0974279
0.285298
0.662
0.0623087
0.662
0.662
0.662
0.466859
0.662
0.215189
0.45147
0.46327
0.215079
0.628982
0.518415
0.662
0.359923
0.279155
0.662
0.363294
0.163831
0.662
0.199288
0.662
0.662
0.662
0.662
0.372168
0.662
0.389862
0.0984399
0.0259482
0.043278
0.470686
0.0318548
0.319051
0.152091
0.662
0.0960675
0.662
0.0237486
0.0338325
0.0400269
0.662
0.0411326
0.555136
0.197583
0.195052
0.0860017
0.056594
0.49248
0.662
0.662
0.662
0.662
0.316339
0.00460937
0.00395396
0.358928
0.305414
0.662
0.416455
0.662
0.000658638
0.662
0.247073
0.338398
0.662
0.282039
0.129313
0.292834
0.240303
0.190572
0.662
0.662
0.465076
0.662
0.662
0.425519
0.662
0.230405
0.662
0.0768391
0.277222
0.0829321
0.432534
0.662
0.132861
0.318247
0.0609192
0.371229
0.34212
0.662
0.649829
0.662
0.224937
0.662
0.662
0.371418
0.0850924
0.337662
0.420674
0.291524
0.662
0.662
0.662
0.167741
0.662
0.380368
0.433235
0.287667
0.662
0.662
0.0156458
0.662
0.391972
0.662
0.662
0.14647
0.662
0.193641
0.0553291
0.110428
0.662
0.281013
0.422838
0.098418
0.220035
0.084185
0.638769
0.275054
0.0787719
0.179099
0.662
0.485082
0.63612
0.327496
0.662
0.472204
0.351121
0.469851
0.339297
0.662
0.462129
0.286761
0.464383
0.0798967
0.473876
0.16212
0.662
0.217811
0.122902
0.662
0.390633
0.380807
0.662
0.611998
0.209397
0.0705869
0.662
0.0971965
0.126416
0.194154
0.662
0.662
0.662
0.379825
0.590646
0.408562
0.461768
0.225751
0.662
0.326624
0.662
0.662
0.195763
0.332678
0.662
0.366771
0.471587
0.0358746
0.662
0.61765
0.643002
0.260209
0.662
0.662
0.662
0.662
0.459352
0.479878
0.239358
0.662
0.662
0.662
0.350808
0.387121
0.287702
0.511592
0.374023
0.221028
0.566668
0.471225
0.662
0.662
0.369896
0.662
0.662
0.662
0.662
0.243473
0.550072
0.662
0.184313
0.474665
0.305752
0.267674
0.196405
0.662
0.662
0.662
0.0147364
0.662
0.21006
0.662
0.28375
0.409265
0.662
0.111718
0.662
0.662
0.662
0.429881
0.423762
0.00971844
0.662
0.662
0.319862
0.00891049
0.417454
0.662
0.295381
0.662
0.662
0.20008
0.662
0.662
0.662
0.662
0.662
0.662
0.662
0.662
0.262239
0.662
0.662
0.201724
0.662
0.119109
0.662
0.310659
0.137705
0.438943
0.662
0.662
0.388457
0.662
0.662
0.662
0.23487
0.0880779
0.662
0.438253
0.274664
0.662
0.370362
0.13844
0.319962
0.662
0.662
0.223351
0.237735
0.662
0.410915
0.243372
0.0415533
0.662
0.662
0.662
0.662
0.662
0.255513
0.581124
0.0509117
0.198163
0.516796
0.662
0.25901
0.382854
0.662
0.662
0.662
0.171299
0.662
0.557055
0.421245
0.135593
0.662
0.662
0.0283409
0.662
0.153089
0.662
0.125194
0.265422
0.316032
0.394863
0.539155
0.4397
0.662
0.662
0.146608
0.350273
0.662
0.248962
0.662
0.662
0.197329
0.282548
0.205087
0.234183
0.402003
0.382229
0.662
0.662
0.445685
0.322272
0.153914
0.200809
0.662
0.662
0.339334
0.662
0.662
0.440253
0.662
0.169215
0.662
0.447922
0.662
0.220576
0.0561326
0.360511
0.484764
0.302087
0.171505
0.194211
0.196461
0.662
0.213584
0.310692
0.522475
0.335534
0.662
0.438179
0.0392106
0.662
0.0628066
0.172033
0.662
0.662
0.662
0.09088
0.376635
0.662
0.182102
0.662
0.626944
0.0089939
0.270281
0.662
0.352365
0.662
0.662
0.662
0.21323
0.662
0.662
0.231569
0.388463
0.399233
0.662
0.204615
0.662
0.0180841
0.662
0.351284
0.0736476
0.247893
0.35372
0.662
0.662
0.0634776
0.0410571
0.662
0.662
0.637331
0.301997
0.0264869
0.212416
0.201763
0.044693
0.218762
0.662
0.662
0.662
0.576987
0.217073
0.28239
0.260879
0.00727941
0.17513
0.662
0.332579
0.20843
0.0333224
0.662
0.662
0.662
0.227755
0.148955
0.275305
0.340376
0.00894777
0.662
0.662
0.662
0.218346
0.126125
0.662
0.56613
0.387198
0.662
0.522941
0.662
0.450837
0.662
0.369962
0.657083
0.236328
0.190798
0.657611
0.662
0.0492181
0.327352
0.585187
0.662
0.662
0.288921
0.00564112
0.567754
0.649017
0.247461
0.621575
0.196024
0.662
0.259007
0.662
0.662
0.310921
0.345389
0.662
0.491955
0.662
0.626668
0.662
0.274051
0.151924
0.35234
0.337174
0.0210057
0.130951
0.480035
0.238648
0.662
0.662
0.662
0.662
0.662
0.351298
0.662
0.124043
0.662
0.133474
0.397516
0.209405
0.238576
0.662
0.662
0.00480263
0.25134
0.662
0.634693
0.386784
0.662
0.662
0.662
0.662
0.662
0.662
0.662
0.662
0.662
0.442206
0.662
0.189025
0.214869
0.256054
0.2387
0.319626
0.662
0.42207
0.662
0.662
0.662
0.662
0.662
0.145704
0.377406
0.662
0.36268
0.408906
0.662
0.662
0.255066
0.662
0.662
0.662
0.0995178
0.117245
0.0904646
0.061158
0.0882334
0.436492
0.380554
0.662
0.0913342
0.319538
0.211247
0.379013
0.662
0.267001
0.496382
0.110315
0.662
0.452291
0.0455132
0.45287
0.662
0.62143
0.57345
0.662
0.662
0.347625
0.662
0.348845
0.150469
0.00445663
0.217436
0.381895
0.662
0.467274
0.185161
0.662
0.575611
0.0129513
0.151181
0.19124
0.262504
0.215581
0.200431
0.662
0.662
0.100888
0.17457
0.128014
0.472147
0.368314
0.662
0.662
0.363922
0.177801
0.662
0.662
0.0434762
0.662
0.662
0.662
0.206644
0.32432
0.662
0.662
0.662
0.662
0.210849
0.662
0.144304
0.195364
0.662
0.662
0.219844
0.218408
0.662
0.378013
0.287693
0.662
0.226665
0.418717
0.296088
0.224928
0.461964
0.250574
0.252965
0.401348
0.206996
0.637153
0.270408
0.192955
0.468584
0.662
0.124801
0.410526
0.030313
0.125947
0.460658
0.149923
0.148053
0.662
0.662
0.29876
0.26348
0.662
0.662
0.512729
0.662
0.342868
0.200849
0.662
0.662
0.425341
0.662
0.0709425
0.273857
0.0714499
0.223534
0.662
0.21896
0.662
0.662
0.19453
0.662
0.662
0.287715
0.226731
0.312715
0.662
0.379465
0.662
0.276985
0.160622
0.335597
0.312429
0.068742
0.522907
0.019124
0.662
0.662
0.268849
0.0023885
0.0968972
0.662
0.662
0.662
0.662
0.662
0.167619
0.398425
0.124917
0.662
0.662
0.104049
0.103894
0.347734
0.186601
0.0872391
0.662
0.662
0.228545
0.662
0.195883
0.206023
0.376578
0.662
0.206506
0.488645
0.662
0.324245
0.0280698
0.153825
0.0525129
0.259653
0.361411
0.662
0.662
0.0572757
0.04736
0.184772
0.662
0.662
0.321519
0.623302
0.0671515
0.268658
0.662
0.662
0.662
0.187376
0.447487
0.208895
0.0269746
0.302125
0.159383
0.662
0.271453
0.193461
0.0413614
0.197882
0.110436
0.118972
0.0250502
0.149768
0.127057
0.662
0.662
0.185589
0.0182167
0.435471
0.662
0.662
0.662
0.662
0.422075
0.185877
0.662
0.662
0.662
0.277255
0.263083
0.116088
0.506989
0.662
0.18632
0.392112
0.0276142
0.662
0.662
0.117307
0.421697
0.44187
0.193077
0.662
0.269374
0.236362
0.662
0.662
0.289231
0.662
0.219393
0.459594
0.354926
0.662
0.534352
0.583273
0.45072
0.207986
0.291346
0.183502
0.662
0.662
0.202851
0.112131
0.662
0.662
0.318644
0.0349863
0.662
0.511364
0.0372824
0.662
0.662
0.305615
0.662
0.662
0.0531787
0.317793
0.488133
0.662
0.417879
0.662
0.0831563
0.662
0.592467
0.159599
0.0644659
0.269029
0.162252
0.662
0.662
0.175941
0.662
0.17053
0.0528871
0.662
0.338068
0.451388
0.000253717
0.662
0.662
0.662
0.206935
0.662
0.260511
0.662
0.662
0.662
0.101688
0.662
0.349295
0.662
0.662
0.224736
0.253736
0.173104
0.201818
0.0723596
0.394757
0.662
0.662
0.178745
0.297198
0.453519
0.190476
0.356324
0.288699
0.278404
0.1938
0.38024
0.662
0.434901
0.410655
0.662
0.662
0.662
0.498138
0.581546
0.156631
0.109557
0.425891
0.143394
0.662
0.662
0.511466
0.193463
0.38651
0.662
0.662
0.662
0.169519
0.108543
0.662
0.0530935
0.504903
0.253238
0.359653
0.662
0.374455
0.0441351
0.235393
0.0259293
0.368105
0.464835
0.211191
0.543744
0.258815
0.236827
0.270412
0.313371
0.662
0.175627
0.32021
0.662
0.425746
0.662
0.225489
0.662
0.384709
0.662
0.605741
0.662
0.44348
0.151071
0.546546
0.081467
0.343089
0.481894
0.230542
0.444802
0.662
0.205657
0.253419
0.662
0.480285
0.239366
0.310127
0.124255
0.188699
0.00954363
0.272613
0.662
0.527327
0.662
0.00785679
0.388829
0.445917
0.456819
0.0419176
0.286034
0.205757
0.662
0.662
0.14011
0.212391
0.662
0.662
0.28749
0.251622
0.405182
0.404888
0.25975
0.154152
0.3996
0.662
0.440814
0.330167
0.662
0.662
0.215677
0.662
0.449902
0.662
0.460266
0.662
0.229777
0.662
0.662
0.662
0.662
0.4642
0.467546
0.364702
0.547173
0.356988
0.18512
0.662
0.662
0.231688
0.662
0.531544
0.351172
0.645875
0.662
0.222214
0.21297
0.356436
0.179723
0.231779
0.205178
0.662
0.192775
0.551889
0.40661
0.354926
0.662
0.479204
0.347557
0.233019
0.662
0.195769
0.112932
0.384332
0.149073
0.218461
0.0770954
0.353006
0.422393
0.662
0.502878
0.16908
0.253464
0.357041
0.282763
0.662
0.360843
0.395742
0.662
0.662
0.301039
0.00526884
0.448403
0.137679
0.338355
0.358039
0.662
0.458512
0.662
0.127191
0.45976
0.513532
0.409674
0.662
0.148298
0.397454
0.312291
0.662
0.0784281
0.662
0.615406
0.286503
0.323698
0.0768601
0.662
0.662
0.662
0.365886
0.196015
0.0867801
0.553618
0.118722
0.662
0.662
0.0063794
0.283015
0.292445
0.341725
0.55401
0.662
0.662
0.662
0.239067
0.662
0.662
0.200391
0.662
0.257127
0.662
0.461323
0.275177
0.251493
0.662
0.396686
0.146588
0.460534
0.316545
0.129095
0.662
0.0358664
0.662
0.662
0.662
0.367669
0.220877
0.662
0.390964
0.662
0.00887649
0.165959
0.0953083
0.358181
0.31463
0.662
0.206358
0.422108
0.231692
0.0359488
0.295286
0.662
0.406458
0.191277
0.662
0.0103296
0.251961
0.416772
0.662
0.186315
0.288473
0.662
0.231632
0.307928
0.662
0.662
0.662
0.662
0.662
0.149678
0.407467
0.0578314
0.369511
0.232371
0.662
0.0975219
0.662
0.282158
0.206677
0.0232482
0.394341
0.21588
0.662
0.583329
0.0513264
0.662
0.662
0.202124
0.191897
0.662
0.28297
0.662
0.145548
0.396082
0.150659
0.239454
0.123815
0.275848
0.224397
0.662
0.380324
0.662
0.662
0.0441311
0.137185
0.286139
0.176862
0.36041
0.0516264
0.193372
0.212642
0.0315934
0.616425
0.662
0.662
0.0686584
0.662
0.662
0.0633081
0.662
0.662
0.662
0.375338
0.203315
0.662
0.434982
0.496781
0.226792
0.246478
0.662
0.360313
0.662
0.191525
0.378745
0.501479
0.662
0.662
0.0975182
0.662
0.227529
0.662
0.662
0.326535
0.530576
0.662
0.441444
0.345958
0.530553
0.2302
0.534792
0.662
0.335882
0.429954
0.662
0.276511
0.662
0.222314
0.304863
0.398911
0.427815
0.662
0.192544
0.241265
0.157416
0.662
0.418344
0.166819
0.637773
0.662
0.210453
0.371374
0.662
0.228767
0.1525
0.662
0.174345
0.116599
0.662
0.104726
0.662
0.0889064
0.662
0.143497
0.39662
0.340314
0.45655
0.0155655
0.439328
0.0169936
0.404165
0.165615
0.225095
0.245402
0.308635
0.662
0.651248
0.363576
0.662
0.00588361
0.662
0.571934
0.13535
0.662
0.154109
0.0501609
0.662
0.386153
0.662
0.662
0.662
0.411758
0.448921
0.662
0.662
0.215654
0.662
0.47743
0.218895
0.358512
0.0774307
0.407768
0.236881
0.33527
0.662
0.24918
0.662
0.662
0.662
0.332073
0.329773
0.409457
0.241286
0.154272
0.469439
0.662
0.361704
0.662
0.132091
0.528411
0.382685
0.204433
0.662
0.64749
0.35252
0.662
0.662
0.662
0.662
0.662
0.616493
0.413385
0.662
0.662
0.662
0.306686
0.662
0.662
0.530981
0.191486
0.464375
0.204991
0.662
0.662
0.662
0.662
0.00756089
0.447052
0.168111
0.120539
0.662
0.604797
0.0881485
0.270186
0.662
0.0260273
0.31964
0.662
0.525594
0.662
0.263506
0.519412
0.662
0.662
0.0408831
0.158347
0.662
0.1836
0.150147
0.662
0.148074
0.420281
0.415911
0.662
0.0659922
0.291103
0.234714
0.662
0.000403953
0.662
0.131384
0.0354062
0.19044
0.662
0.312399
0.244854
0.0707787
0.344575
0.149456
0.662
0.662
0.662
0.662
0.271389
0.662
0.181909
0.0358301
0.359998
0.662
0.362561
0.109893
0.662
0.662
0.662
0.292069
0.662
0.232724
0.662
0.213651
0.310838
0.29689
0.164821
0.239356
0.662
0.0721378
0.379901
0.662
0.220766
0.662
0.570174
0.615755
0.662
0.0561496
0.662
0.662
0.662
0.0839502
0.0413091
0.662
0.621737
0.263036
0.0086747
0.310462
0.107776
0.262867
0.662
0.662
0.22528
0.283454
0.601856
0.0769137
0.662
0.224411
0.662
0.191022
0.182432
0.27439
0.662
0.475832
0.662
0.448562
0.362441
0.662
0.662
0.662
0.197303
0.408633
0.191633
0.262855
0.157765
0.662
0.3315
0.662
0.662
0.402246
0.662
0.59291
0.640068
0.0833966
0.0414204
0.662
0.275046
0.612342
0.50202
0.662
0.192239
0.662
0.461134
0.662
0.662
0.635075
0.107175
0.662
0.662
0.662
0.393348
0.662
0.451623
0.662
0.365138
0.20868
0.295545
0.130258
0.315388
0.662
0.505533
0.662
0.662
0.133463
0.662
0.662
0.125263
0.662
0.662
0.18046
0.662
0.662
0.250929
0.223809
