0.662
0.191241
0.461706
0.208956
0.343308
0.662
0.643334
0.662
0.328899
0.662
0.662
0.235045
0.662
0.662
0.0762386
0.662
0.064634
0.662
0.662
0.662
0.662
0.662
0.0371939
0.308353
0.354546
0.0297122
0.490173
0.662
0.644135
0.662
0.662
0.423859
0.221143
0.0491901
0.423818
0.662
0.191055
0.389036
0.0381686
0.609443
0.114182
0.0396389
0.0533183
0.662
0.15957
0.251545
0.0284802
0.377748
0.113484
0.279133
0.614647
0.0084253
0.381284
0.302037
0.456789
0.624007
0.551859
0.560983
0.662
0.662
0.406666
0.281013
0.616911
0.131799
0.662
0.662
0.662
0.201437
0.662
0.662
0.662
0.106778
0.0289771
0.345114
0.662
0.662
0.662
0.42377
0.556507
0.648846
0.662
0.457285
0.437687
0.125693
0.209585
0.662
0.580616
0.400311
0.168406
0.662
0.167503
0.315483
0.662
0.448334
0.115231
0.222178
0.600707
0.0742311
0.361226
0.194509
0.662
0.662
0.3135
0.295031
0.199695
0.277823
0.662
0.662
0.662
0.408232
0.408642
0.00243858
0.39178
0.142369
0.609825
0.193755
0.430302
0.662
0.662
0.105121
0.662
0.656014
0.662
0.662
0.109238
0.644801
0.622736
0.652652
0.524146
0.0815187
0.217518
0.231621
0.371425
0.662
0.374029
0.653425
0.216669
0.662
0.662
0.566378
0.243576
0.662
0.348406
0.0713097
0.398822
0.169843
0.369195
0.662
0.662
0.19957
0.185023
0.477008
0.662
0.469661
0.585486
0.138192
0.250972
0.415738
0.558049
0.299781
0.117031
0.00604369
0.0324595
0.662
0.245407
0.461837
0.662
0.373971
0.245599
0.103824
0.192958
0.428496
0.662
0.414343
0.612813
0.076376
0.558601
0.190939
0.662
0.662
0.423501
0.0915075
0.662
0.662
0.662
0.662
0.662
0.662
0.233886
0.19716
0.662
0.661374
0.288852
0.0315034
0.662
0.662
0.184214
0.662
0.203918
0.298239
0.247335
0.410523
0.662
0.662
0.0639585
0.662
0.528668
0.662
0.634946
0.253816
0.662
0.662
0.662
0.1527
0.662
0.452252
0.662
0.662
0.237846
0.366842
0.662
0.259965
0.132978
0.662
0.662
0.640996
0.662
0.595024
0.171604
0.662
0.280969
0.251991
0.0815309
0.326836
0.662
0.340496
0.662
0.35829
0.301137
0.455009
0.227743
0.0147433
0.189803
0.603092
0.662
0.662
0.159405
0.0873204
0.106943
0.0508605
0.121515
0.60653
0.404456
0.662
0.584334
0.662
0.21093
0.0208179
0.445602
0.662
