0.0315034
0.612813
0.279133
0.662
0.662
0.662
0.456189
0.42377
0.408232
0.662
0.662
0.366842
0.662
0.662
0.549314
0.121515
0.662
0.662
0.448334
0.656014
0.662
0.410523
0.117031
0.662
0.662
0.0284802
0.0119818
0.371376
0.662
0.662
0.185023
0.662
0.662
0.194509
0.662
0.662
0.662
0.129704
0.258404
0.662
0.437687
0.614647
0.0820396
0.469661
0.191309
0.662
0.662
0.242994
0.445602
0.609443
0.308422
0.389036
0.662
0.643334
0.662
0.624007
0.662
0.628862
0.234693
0.430302
0.440325
0.452409
0.216669
0.662
0.328899
0.315483
0.662
0.460671
0.243576
0.662
0.361525
0.662
0.580616
0.415705
0.662
0.266375
0.440343
0.11649
0.116529
0.662
0.662
0.0270539
0.662
0.190939
0.325478
0.0639585
0.180855
0.0817433
0.551859
0.662
0.662
0.275935
0.662
0.193755
0.259965
0.662
0.662
0.585486
0.662
0.423501
0.125693
0.105121
0.662
0.648846
0.662
0.283388
0.245599
0.493135
0.0849393
0.662
0.22272
0.662
0.0491901
0.662
0.192958
0.535934
0.60653
0.0508605
0.568765
0.600707
0.440688
0.273302
0.662
0.222178
0.369195
0.322035
0.662
0.191055
0.252712
0.662
0.618487
0.662
0.423818
0.662
0.642382
0.104279
0.341405
0.388642
0.662
0.250972
0.24886
0.0396389
0.662
0.662
0.159405
0.662
0.558049
0.076376
0.13293
0.196941
0.662
0.374029
0.558601
0.35185
0.0912001
0.644801
0.277823
0.662
0.662
0.247335
0.29049
0.0713097
0.398822
0.662
0.363997
0.545975
0.560983
0.662
0.0873204
0.662
0.237846
0.662
0.662
0.662
0.476607
0.662
0.373971
0.662
0.662
0.662
0.662
0.302037
0.339343
0.662
0.662
0.376319
0.236546
0.662
0.662
0.137587
0.0326843
0.662
0.223624
0.662
0.208956
0.231621
0.237804
0.0553159
0.662
0.662
0.193412
0.445112
0.167503
0.662
0.313651
0.584448
0.0742311
0.662
0.0324595
0.221143
0.382925
0.364989
0.524146
0.0924174
0.422805
0.662
0.114363
0.0815309
0.0939863
0.662
0.184214
0.662
0.354546
0.662
0.361226
0.19716
0.253816
0.662
0.662
0.189851
0.0202641
0.662
0.203918
0.274019
0.662
0.114182
0.233886
0.490173
0.464046
0.00604369
0.662
0.644135
0.662
0.556507
0.662
0.461837
0.436895
0.203654
0.616911
0.662
0.421221
0.349908
0.350093
0.301137
0.0084253
0.662
0.348406
0.172024
0.137714
0.662
0.661374
0.269263
0.574546
0.662
0.245407
0.662
0.662
0.0762386
0.256595
0.662
0.662
0.137962
0.662
0.169843
0.456789
0.356711
0.662
0.622736
0.0115534
0.116964
0.469057
0.662
0.115231
0.662
0.142369
0.603092
0.662
0.662
0.652652
0.288852
0.662
0.662
0.662
0.281594
0.39178
0.251991
0.662
0.0381686
0.189803
0.662
0.199695
0.662
0.662
0.662
0.662
0.662
0.308353
0.662
0.662
0.348549
0.177305
0.064634
0.662
0.35829
0.662
