0.662
0.200374
0.248189
0.586181
0.662
0.269102
0.662
0.109549
0.191039
0.193424
0.662
0.259488
0.662
0.662
0.071359
0.225706
0.0496004
0.662
0.260373
0.324126
0.448147
0.522111
0.545414
0.0933067
0.662
0.439109
0.28203
0.662
0.185427
0.662
0.662
0.456335
0.662
0.662
0.0512164
0.662
0.543606
0.662
0.24262
0.274626
0.662
0.0896385
0.424528
0.385481
0.541431
0.170181
0.230425
0.662
0.662
0.305979
0.662
0.662
0.662
0.662
0.662
0.52456
0.420298
0.0875957
0.00134066
0.662
0.271977
0.00744244
0.662
0.185814
0.0317678
0.187419
0.662
0.662
0.662
0.662
0.10335
0.075967
0.0888448
0.04999
0.662
0.146335
0.662
0.282271
0.662
0.662
0.215133
0.662
0.341711
0.662
0.651393
0.165819
0.348339
0.553305
0.127678
0.227272
0.505829
0.238493
0.300237
0.662
0.293123
0.662
0.662
0.662
0.315002
0.662
0.427369
0.324382
0.662
0.0265251
0.243626
0.291406
0.662
0.662
0.662
0.209776
0.662
0.662
0.0938685
0.469663
0.310276
0.3722
0.266276
0.0971707
0.353121
0.587114
0.662
0.662
0.541624
0.322603
0.662
0.662
0.662
0.290814
0.662
0.453606
0.0579796
0.662
0.662
0.662
0.662
0.662
0.662
0.662
0.435685
0.662
0.223971
0.249134
0.662
0.0185119
0.662
0.274872
0.250442
0.20971
0.214391
0.662
0.662
0.179012
0.0693309
0.569727
0.390586
0.469646
0.662
0.662
0.640107
0.349685
0.292987
0.662
0.476874
0.170625
0.662
0.38792
0.662
0.286466
0.375291
0.488005
0.662
0.0958474
0.202335
0.224918
0.662
0.662
0.294344
0.330417
0.253844
0.662
0.463148
0.430811
0.333515
0.226774
0.560303
0.570416
0.197854
0.136288
0.337798
0.491788
0.662
0.662
0.330464
0.662
0.662
0.271401
0.610212
0.312304
0.662
0.350279
0.409374
0.255089
0.662
0.662
0.114679
0.0528488
0.351699
0.117033
0.217288
0.390523
0.229813
0.491585
0.120342
0.336517
0.396729
0.44586
0.662
0.253942
0.662
0.286415
0.0753118
0.508951
0.448481
0.496837
0.423761
0.44325
0.174431
0.183413
0.437779
0.568737
0.662
0.662
0.0251845
0.662
0.234245
0.662
0.662
0.662
0.317061
0.230851
0.662
0.440453
0.315999
0.191602
0.318143
0.662
0.662
0.0871116
0.336193
0.638632
0.37087
0.236652
0.14649
0.662
0.643012
0.310284
0.662
0.662
0.0595904
0.385446
0.662
0.303739
0.157385
0.662
0.241906
0.585247
0.662
0.371318
0.662
0.18768
0.369831
0.387288
0.662
0.0676473
0.662
0.410203
0.304848
0.222444
0.180277
0.14997
0.662
0.662
0.439081
0.11184
0.41475
0.292932
0.439064
0.334281
0.662
0.662
0.104829
0.431082
0.662
0.441976
0.378294
0.122189
0.00537111
0.404586
0.335137
0.390933
0.352805
0.122688
0.474593
0.662
0.662
0.156279
0.181493
0.662
0.165119
0.645821
0.45897
0.269803
0.662
0.662
0.0646791
0.662
0.662
0.662
0.246011
0.424891
0.645019
0.662
0.662
0.255849
0.174184
0.023296
0.662
0.662
0.662
0.662
0.184105
0.662
0.212594
0.662
0.0423486
0.662
0.532528
0.662
0.263871
0.253947
0.110256
0.395305
0.364969
0.11324
0.392277
0.0490026
0.662
0.584931
0.662
0.662
0.662
0.196302
0.113824
0.158318
0.195315
0.228569
0.0938434
0.329939
0.435804
0.185857
0.662
0.662
0.471165
0.662
0.662
0.432242
0.328944
0.169893
0.472041
0.594141
0.435285
0.662
0.333165
0.0808202
0.662
0.150401
0.230324
0.120072
0.239151
0.662
0.250097
0.662
0.11688
0.257132
0.633861
0.662
0.290333
0.184232
0.369738
0.662
0.662
0.662
0.275818
0.186256
0.662
0.229303
0.662
0.465958
0.28164
0.0564865
0.445438
0.537828
0.229081
0.662
0.662
0.0120898
0.491777
0.525089
0.239745
0.32617
0.526364
0.199479
0.662
0.529511
0.47296
0.662
0.380758
0.662
0.428776
0.205904
0.662
0.474021
0.662
0.244531
0.216859
0.210953
0.662
0.269006
0.662
0.472615
0.662
0.643207
0.411705
0.662
0.185257
0.238763
0.501824
0.662
0.338932
0.479043
0.453169
0.150133
0.662
0.662
0.279312
0.341375
0.348821
0.662
0.603818
0.0442007
0.226561
0.662
0.336577
0.197928
0.0886856
0.662
0.662
0.512083
0.662
0.381478
0.586511
0.261732
0.163263
0.057309
0.662
0.304753
0.522587
0.184841
0.188421
0.521879
0.156949
0.035336
0.308234
0.206581
0.662
0.167699
0.662
0.53987
0.268254
0.662
0.324262
0.63339
0.662
0.160588
0.629887
0.499001
0.575773
0.662
0.21371
0.662
0.0120465
0.201678
0.662
0.398337
0.145157
0.307879
0.309387
0.0373516
0.187818
0.347983
0.444412
0.029657
0.378186
0.492145
0.390714
0.276817
0.662
0.662
0.662
0.662
0.662
0.108415
0.662
0.459439
0.662
0.497649
0.0182716
0.662
0.662
0.662
0.254573
0.662
0.187381
0.00631207
0.662
0.003658
0.507943
0.662
0.462842
0.211021
0.436398
0.08612
0.662
0.662
0.501721
0.403274
0.662
0.0495948
0.662
0.662
0.360834
0.662
0.322297
0.527447
0.662
0.534463
0.186794
0.240396
0.169356
0.662
0.662
0.662
0.035216
0.313811
0.369966
0.662
0.292206
0.308607
0.662
0.00477287
0.0024309
0.662
0.662
0.662
0.227439
0.662
0.579568
0.662
0.415045
0.0496624
0.317622
0.526184
0.294949
0.662
0.445057
0.662
0.192172
0.476676
0.662
0.151673
0.258267
0.40616
0.662
0.258935
0.662
0.662
0.0507139
0.662
0.131281
0.662
0.662
0.662
0.362559
0.662
0.480038
0.662
0.28978
0.456964
0.344488
0.383546
0.189471
0.301835
0.662
0.662
0.662
0.283085
0.0871571
0.26157
0.662
0.415537
0.662
0.494547
0.662
0.155846
0.396468
0.662
0.662
0.0217418
0.662
0.181537
0.225448
0.222203
0.662
0.662
0.124318
0.415159
0.273129
0.162467
0.662
0.244477
0.03358
0.21423
0.513811
0.119284
0.20389
0.662
0.289088
0.662
0.662
0.0565854
0.624734
0.229792
0.0982289
0.320303
0.413704
0.587493
0.662
0.200603
0.662
0.408098
0.662
0.355646
0.0465829
0.480492
0.503713
0.662
0.281412
0.662
0.285773
0.422293
0.34109
0.662
0.662
0.662
0.18007
0.662
0.256458
0.118121
0.493031
0.389347
0.662
0.662
0.662
0.537903
0.662
0.119251
0.40163
0.662
0.186649
0.662
0.36346
0.513753
0.662
0.314839
0.64846
0.662
0.662
0.4392
0.111918
0.635463
0.0938424
0.154384
0.0939318
0.292658
0.662
0.662
0.662
0.662
0.299297
0.359441
0.160122
0.343428
0.49889
0.201025
0.662
0.550089
0.662
0.444501
0.0882851
0.662
0.568744
0.662
0.476347
0.18824
0.662
0.662
0.294608
0.662
0.242998
0.0687878
0.662
0.618766
0.662
0.662
0.321198
0.043064
0.662
0.662
0.0595904
0.662
0.342321
0.138781
0.0988667
0.439859
0.662
0.154076
0.00198872
0.662
0.465586
0.662
0.629133
0.662
0.662
0.506059
0.210061
0.322769
0.383446
0.662
0.662
0.662
0.291806
0.303137
0.0915428
0.0966091
0.192028
0.00138535
0.662
0.270287
0.309433
0.226402
0.662
0.662
0.0729758
0.662
0.639741
0.195766
0.443904
0.514866
0.662
0.662
0.421394
0.662
0.619745
0.601509
0.276219
0.292791
0.662
0.662
0.603228
0.662
0.414022
0.662
0.416607
0.662
0.117649
0.385828
0.662
0.330087
0.626863
0.20836
0.662
0.424947
0.662
0.273823
0.137328
0.612127
0.662
0.188316
0.662
0.248895
0.662
0.416675
0.205867
0.37573
0.324243
0.662
0.416602
0.662
0.538904
0.662
0.291861
0.662
0.662
0.217819
0.239128
0.636391
0.224384
0.281028
0.082922
0.662
0.122511
0.662
0.274072
0.0248656
0.662
0.662
0.662
0.662
0.217709
0.662
0.662
0.662
0.419624
0.230405
0.662
0.355746
0.277805
0.208037
0.264505
0.662
0.452502
0.142368
0.47838
0.0306353
0.662
0.305387
0.555378
0.662
0.662
0.662
0.29241
0.364572
0.040354
0.239051
0.470249
0.662
0.128828
0.234484
0.662
0.662
0.202324
0.223586
0.651413
0.662
0.662
0.402853
0.570022
0.661913
0.662
0.346785
0.662
0.367398
0.190639
0.168186
0.662
0.662
0.0667853
0.293036
0.662
0.662
0.380568
0.302632
0.662
0.662
0.605163
0.10953
0.247576
0.388201
0.524999
0.662
0.662
0.662
0.662
0.662
0.270324
0.662
0.662
0.662
0.346156
0.378801
0.662
0.659087
0.662
0.278018
0.337143
0.0431007
0.0827602
0.662
0.662
0.22436
0.185432
0.662
0.551765
0.662
0.662
0.448096
0.662
0.165634
0.502556
0.662
0.662
0.269858
0.1997
0.662
0.178093
0.203128
0.662
0.662
0.238986
0.662
0.662
0.35988
0.340954
0.503431
0.211263
0.127044
0.662
0.0167623
0.616888
0.662
0.662
0.187409
0.662
0.221449
0.662
0.38368
0.344909
0.662
0.234215
0.34079
0.662
0.628765
0.0624944
0.248875
0.482579
0.662
0.05673
0.438071
0.176645
0.662
0.662
0.275771
0.596225
0.023057
0.662
0.056153
0.17697
0.302753
0.662
0.43638
0.433515
0.317203
0.137741
0.203288
0.208677
0.369431
0.206055
0.447481
0.409276
0.168251
0.593922
0.662
0.421597
0.204857
0.0783105
0.662
0.662
0.662
0.629406
0.190743
0.643224
0.169295
0.662
0.113994
0.206767
0.662
0.40573
0.338711
0.662
0.177376
0.662
0.116731
0.155963
0.662
0.662
0.470707
0.476461
0.321263
0.662
0.0122451
0.175086
0.662
0.187158
0.662
0.662
0.15274
0.212457
0.0797853
0.660933
0.575854
0.662
0.584999
0.207293
0.425456
0.662
0.0840001
0.192503
0.662
0.186093
0.0840493
0.32898
0.13504
0.268724
0.662
0.227536
0.153881
0.662
0.32567
0.505192
0.0573717
0.662
0.28204
0.559538
0.637499
0.264152
0.662
0.193846
0.614578
0.543574
0.662
0.254497
0.217481
0.0830994
0.392224
0.549053
0.18141
0.172596
0.0576132
0.551429
0.205388
0.662
0.662
0.194965
0.662
0.662
0.434515
0.135483
0.662
0.355266
0.662
0.144558
0.109967
0.457623
0.506609
0.085502
0.395581
0.220496
0.307478
0.662
0.662
0.662
0.324127
0.662
0.662
0.662
0.662
0.228359
0.21182
0.662
0.662
0.220182
0.662
0.337388
0.662
0.353232
0.662
0.356317
0.442812
0.484272
0.0515554
0.662
0.159792
0.662
0.262881
0.198344
0.435557
0.266239
0.662
0.662
0.662
0.593602
0.275483
0.174351
0.287907
0.499473
0.34211
0.662
0.102176
0.662
0.501964
0.208232
0.662
0.284074
0.662
0.332024
0.662
0.61365
0.662
0.20859
0.662
0.49659
0.533357
0.662
0.662
0.662
0.0981368
0.662
0.435433
0.290911
0.208562
0.192993
0.138739
0.229674
0.180006
0.175509
0.662
0.119826
0.468828
0.662
0.274616
0.332234
