0.662
0.0430818
0.237053
0.306963
0.662
0.662
0.662
0.118931
0.208662
0.202167
0.662
0.354003
0.662
0.662
0.370391
0.662
0.181096
0.625071
0.65867
0.662
0.340875
0.662
0.662
0.662
0.165102
0.134179
0.48083
0.202997
0.65735
0.638043
0.201797
0.281607
0.253676
0.662
0.367254
0.662
0.662
0.662
0.662
0.376003
0.662
0.130267
0.507031
0.662
0.662
0.662
0.199776
0.53462
0.662
0.662
0.662
0.662
0.662
0.00492133
0.165589
0.662
0.662
0.183947
0.238606
0.0941509
0.662
0.284302
0.141445
0.077728
0.662
0.462538
0.356162
0.662
0.662
0.662
0.662
0.226108
0.662
0.662
0.186409
0.662
0.163392
0.294941
0.662
0.0784869
0.111703
0.662
0.215549
0.509259
0.578982
0.121279
0.662
0.127019
0.662
0.459182
0.283922
0.229311
0.191095
0.662
0.395724
0.662
0.662
0.662
0.00999562
0.467926
0.228235
0.6581
0.662
0.662
0.258944
0.633694
0.461207
0.662
0.662
0.0468388
0.662
0.662
0.662
0.608893
0.29557
0.31003
0.19857
0.0958563
0.192679
0.0155991
0.44107
0.265715
0.662
0.213307
0.199593
0.662
0.199654
0.662
0.481222
0.0370197
0.662
0.0238287
0.362276
0.120887
0.141148
0.662
0.395762
0.202726
0.340839
0.662
0.662
0.0695891
0.662
0.0658218
0.662
0.113263
0.116061
0.662
0.104442
0.1713
0.462988
0.436949
0.456769
0.662
0.278042
0.217121
0.384715
0.662
0.662
0.662
0.276528
0.370013
0.228298
0.662
0.169429
0.662
0.144238
0.662
0.274738
0.662
0.189572
0.0842073
0.269093
0.321203
0.188229
0.662
0.0681497
0.6264
0.400854
0.18467
0.627147
0.582625
0.179549
0.597388
0.148276
0.134539
0.662
0.250827
0.428209
0.304525
0.0569305
0.342929
0.662
0.662
0.662
0.662
0.662
0.437473
0.168555
0.222449
0.449984
0.662
0.64934
0.597846
0.208912
0.295582
0.0737671
0.329516
0.662
0.662
0.662
0.399379
0.662
0.662
0.662
0.655323
0.238486
0.229372
0.662
0.65157
0.000933679
0.662
0.280846
0.215721
0.41749
0.0246618
0.279661
0.662
0.38825
0.0901399
0.662
0.662
0.662
0.573721
0.541349
0.31622
0.465253
0.366612
0.662
0.662
0.0832836
0.131967
0.188316
0.00360765
0.189673
0.237497
0.203936
0.662
0.63508
0.121388
0.147704
0.157775
0.662
0.342431
0.662
0.186367
0.183187
0.662
0.662
0.662
0.662
0.662
0.20707
