0.518586
0.36137
0.662
0.366515
0.662
0.662
0.550089
0.662
0.154384
0.116964
0.662
0.138796
0.662
0.662
0.662
0.662
0.040354
0.662
0.311877
0.662
0.0332847
0.662
0.217709
0.662
0.476461
0.352056
0.662
0.662
0.023057
0.662
0.0668908
0.652652
0.187667
0.20414
0.415045
0.0433646
0.0579796
0.662
0.247232
0.0840493
0.513811
0.662
0.662
0.662
0.232073
0.662
0.662
0.662
0.109967
0.244253
0.662
0.662
0.662
0.185257
0.399255
0.662
0.662
0.662
0.662
0.662
0.385481
0.141663
0.662
0.50325
0.284492
0.376379
0.662
0.662
0.662
0.662
0.126628
0.314844
0.662
0.662
0.201025
0.662
0.0381416
0.189851
0.662
0.322603
0.421604
0.662
0.00631207
0.40616
0.662
0.4519
0.662
0.35988
0.270737
0.662
0.662
0.662
0.662
0.662
0.662
0.224918
0.340857
0.662
0.153408
0.472105
0.662
0.662
0.26178
0.225706
0.197474
0.643012
0.100589
0.662
0.662
0.327791
0.346156
0.61365
0.662
0.310344
0.662
0.277014
0.223624
0.662
0.662
0.662
0.287891
0.443404
0.109549
0.662
0.435737
0.662
0.662
0.662
0.662
0.629706
0.662
0.193479
0.138739
0.662
0.662
0.337464
0.662
0.444501
0.20971
0.662
0.183716
0.662
0.194965
0.442814
0.399334
0.08612
0.662
0.244531
0.425545
0.210061
0.215133
0.662
0.661913
0.184284
0.614647
0.662
0.645019
0.162484
0.154792
0.324243
0.18007
0.662
0.0115534
0.662
0.662
0.662
0.203654
0.114844
0.662
0.0425556
0.662
0.159405
0.222172
0.662
0.549272
0.662
0.662
0.309433
0.0186662
0.214504
0.662
0.475439
0.662
0.662
0.662
0.567207
0.662
0.335137
0.662
0.448096
0.328335
0.219576
0.234693
0.526517
0.662
0.662
0.662
0.662
0.662
0.0300678
0.409957
0.0265251
0.662
0.078765
0.662
0.13272
0.363997
0.0508605
0.662
0.662
0.388642
0.542573
0.662
0.545975
0.241758
0.568134
0.319965
0.662
0.662
0.11324
0.662
0.662
0.217481
0.662
0.0915428
0.348349
0.463499
0.137962
0.412563
0.423518
0.662
0.662
0.662
0.0564865
0.0539217
0.340674
0.0565089
0.662
0.662
0.355189
0.1527
0.268254
0.271401
0.138781
0.662
0.662
0.662
0.311354
0.312246
0.606709
0.437853
0.201985
0.662
0.111946
0.662
0.543806
0.232146
0.407826
0.662
0.361734
0.438071
0.662
0.218566
0.662
0.102918
0.231814
0.662
0.17609
0.06905
0.662
0.662
0.662
0.662
0.662
0.662
0.262302
0.15656
0.662
0.662
0.662
0.662
0.640996
0.434323
0.662
0.126628
0.662
0.184841
0.0713097
0.308422
0.662
0.662
0.662
0.400115
0.662
0.662
0.642382
0.662
0.466513
0.20836
0.0546623
0.141113
0.643207
0.00479504
0.331064
0.361226
0.445054
0.662
0.662
0.252712
0.305018
0.662
0.662
0.127385
0.637499
0.662
0.190939
0.448334
0.662
0.436895
0.662
0.662
0.662
0.362011
0.662
0.269532
0.293421
0.227761
0.395924
0.433205
0.295868
0.14649
0.662
0.232082
0.662
0.662
0.170877
0.662
0.662
0.662
0.476284
0.662
0.10329
0.617175
0.537537
0.600894
0.662
0.662
0.655031
0.651413
0.198449
0.387854
0.662
0.587114
0.0982289
0.662
0.662
0.662
0.0639585
0.662
0.662
0.372707
0.662
0.643488
0.662
0.273302
0.662
0.462396
0.383446
0.16154
0.391689
0.662
0.662
0.540155
0.651393
0.185421
0.662
0.542652
0.662
0.0562287
0.239118
0.653928
0.0158916
0.24262
0.274626
0.662
0.34707
0.603906
0.32898
0.0934703
0.0424604
0.216859
0.662
0.662
0.662
0.150815
0.275483
0.662
0.202324
0.356692
0.662
0.662
0.118242
0.34211
0.296196
0.308773
0.0705105
0.619745
0.549314
0.662
0.662
0.662
0.080569
0.662
0.662
0.662
0.291406
0.328273
0.292658
0.177656
0.11688
0.350093
0.432787
0.255849
0.175509
0.629763
0.626784
0.400089
0.19642
0.662
0.662
0.660933
0.223518
0.638944
0.662
0.256595
0.662
0.421221
0.293835
0.662
0.662
0.662
0.372254
0.662
0.113285
0.392224
0.628765
0.283085
0.0077446
0.364989
0.464046
0.662
0.662
0.662
0.662
0.242998
0.662
0.662
0.629133
0.0660672
0.601509
0.118248
0.424528
0.440534
0.0229225
0.415835
0.650592
0.465786
0.662
0.593602
0.259394
0.291633
0.662
0.662
0.244937
0.435483
0.662
0.662
0.568744
0.388202
0.662
0.0496004
0.390933
0.662
0.465306
0.662
0.662
0.662
0.419577
0.420342
0.662
0.525512
0.133576
0.197737
0.0576132
0.230425
0.662
0.497149
0.662
0.237298
0.156949
0.662
0.233548
0.137648
0.368597
0.0667913
0.662
0.662
0.662
0.536865
0.149532
0.461789
0.196883
0.604704
0.137854
0.438426
0.118284
0.071359
0.662
0.162266
0.413676
0.310765
0.607435
0.225908
0.437365
0.662
0.03358
0.151673
0.662
0.662
0.020472
0.662
0.338711
0.662
0.662
0.662
0.662
0.263871
0.4432
0.0202641
0.662
0.221594
0.115231
0.662
0.22436
0.200417
0.662
0.00932058
0.361536
0.662
0.662
0.662
0.662
0.662
0.230254
0.662
0.392277
0.662
0.662
0.326812
0.440688
0.205867
0.629406
0.662
0.360912
0.0352802
0.662
0.0820396
0.460671
0.453606
0.327883
0.0553159
0.165634
0.236853
0.464051
0.0491298
0.662
0.601511
0.0902971
0.171577
0.662
0.662
0.662
0.457623
0.137714
0.319099
0.188421
0.359448
0.336327
0.662
0.37573
0.662
0.641549
0.662
0.183647
0.115413
0.662
0.418712
0.495885
0.662
0.254573
0.662
0.209776
0.365076
0.17697
0.662
0.662
0.0024309
0.111918
0.476434
0.434012
0.433516
0.0605863
0.662
0.281242
0.662
0.440453
0.113824
0.662
0.41859
0.356769
0.662
0.662
0.662
0.105589
0.14062
0.662
0.662
0.662
0.186649
0.313811
0.36532
0.0572177
0.042073
0.575362
0.299139
