0.662
0.662
0.363997
0.230434
0.357931
0.165819
0.0202641
0.248189
0.148514
0.662
0.423748
0.203654
0.0576132
0.264234
0.421221
0.662
0.435737
0.159725
0.662
0.195613
0.636391
0.662
0.662
0.185857
0.372707
0.415045
0.662
0.0556604
0.662
0.61365
0.643488
0.109967
0.662
0.119251
0.50325
0.662
0.593602
0.637499
0.352056
0.255104
0.662
0.662
0.114844
0.662
0.26178
0.202335
0.058665
0.371885
0.078765
0.662
0.662
0.385446
0.206095
0.662
0.268254
0.662
0.18165
0.569267
0.662
0.662
0.660933
0.662
0.662
0.4519
0.242998
0.438071
0.662
0.199316
0.040354
0.440453
0.308234
0.662
0.432787
0.662
0.461789
0.662
0.662
0.662
0.271401
0.662
0.658315
0.0252697
0.364989
0.193479
0.662
0.249478
0.629406
0.201025
0.475228
0.452079
0.662
0.662
0.108415
0.412563
0.662
0.608282
0.220182
0.662
0.662
0.241758
0.662
0.443404
0.662
0.662
0.662
0.662
0.189851
0.442814
0.662
0.662
0.662
0.662
0.224772
0.662
0.0902971
0.662
0.138739
0.256595
0.662
0.440688
0.662
0.626784
0.662
0.662
0.0840493
0.32898
0.662
0.662
0.16154
0.448096
0.662
0.462396
0.0186662
0.662
0.34211
0.662
0.460671
0.662
0.662
0.367398
0.131281
0.071359
0.662
0.24262
0.613989
0.042073
0.409957
0.224949
0.17609
0.310344
0.662
0.662
0.211382
0.629763
0.607435
0.399978
0.662
0.185257
0.062
0.202324
0.367865
0.392224
0.662
0.0024309
0.281242
0.662
0.435285
0.11688
0.198449
0.346156
0.662
0.303057
0.662
0.184841
0.662
0.662
0.269858
0.662
0.662
0.662
0.662
0.662
0.662
0.219576
0.655031
0.135454
0.28204
0.293835
0.0518985
0.226402
0.187667
0.662
0.233548
0.0660672
0.662
0.662
0.37573
0.662
0.662
0.662
0.662
0.21182
0.662
0.46655
0.662
0.14649
0.314839
0.372254
0.03358
0.662
0.232073
0.662
0.662
0.662
0.18558
0.662
0.662
0.662
0.0394799
0.662
0.20836
0.0668908
0.210061
0.0517413
0.662
0.662
0.472105
0.662
0.399891
0.662
0.317203
0.662
0.662
0.340857
0.662
0.619745
0.183755
0.662
0.575854
0.662
0.020472
0.424947
0.662
0.392277
0.355189
0.287891
0.397502
0.662
0.296196
0.0306353
0.628765
0.662
0.438426
0.0934703
0.662
0.163263
0.0332847
0.662
0.194965
0.662
0.662
0.662
0.06905
0.223518
0.301188
0.00479504
0.303662
0.133576
0.662
0.662
0.319965
0.110833
0.662
0.662
0.662
0.549272
0.662
0.662
0.662
0.425545
0.314844
0.662
0.662
0.662
0.651393
0.0373516
0.472433
0.386679
0.662
0.0829955
0.585247
0.437853
0.367588
0.662
0.662
0.652367
0.662
0.390488
0.662
0.205867
0.355229
0.177656
0.662
0.153408
0.146335
0.662
0.0982289
0.662
0.662
0.14062
0.299139
0.420375
0.075967
0.311354
0.347983
0.662
0.0496004
0.662
0.238986
0.662
0.662
0.662
0.587114
0.662
0.662
0.119747
0.641549
0.662
0.170635
0.525509
0.662
0.393431
0.113285
0.408865
0.549314
0.653928
0.662
0.662
0.170424
0.662
0.513811
0.232146
0.662
0.20971
0.385481
0.253398
0.335137
0.291633
0.662
0.575362
0.662
0.0562287
0.149532
0.0424604
0.662
0.250442
0.537537
0.662
0.137714
0.197737
0.13272
0.645821
0.0270539
0.503532
0.225706
0.197474
0.180203
0.291406
0.293714
0.662
0.294458
0.217481
0.283085
0.0871571
0.662
0.662
0.662
0.0425556
0.662
0.0579796
0.662
0.399334
0.385828
0.0308098
0.223624
0.662
0.643207
0.0217418
0.601509
0.662
0.534543
0.224918
0.662
0.221594
0.390407
0.438275
0.475439
0.230425
0.436895
0.365666
0.337464
0.209776
0.662
0.458687
0.234693
0.603906
0.662
0.190512
0.356692
0.234215
0.662
0.457623
0.662
0.629133
0.265595
0.543806
0.662
0.431562
0.662
0.171577
0.308773
0.435727
0.662
0.662
0.435685
0.407826
0.662
0.662
0.244531
0.662
0.434515
0.023057
0.662
0.525512
0.115413
0.193006
0.625803
0.388642
0.336327
0.601511
0.662
0.23289
0.412377
0.662
0.600894
0.254573
0.127944
0.662
0.313811
0.662
0.200413
0.284142
0.160402
0.662
0.466513
0.113824
0.662
0.662
0.662
0.662
0.662
0.662
0.08612
0.662
0.201606
0.662
0.244253
0.662
0.662
0.35988
0.662
0.662
0.662
0.662
0.662
0.662
0.233161
0.256294
0.526048
0.154384
0.215133
0.40616
0.662
0.438517
0.662
0.34109
0.662
0.662
0.662
0.662
0.118248
0.424528
0.275483
0.183647
0.662
0.44586
0.476434
0.662
0.100589
0.662
0.271977
0.612127
0.524266
0.322603
0.662
0.651413
0.312246
0.662
0.662
0.543574
0.315002
0.662
0.662
0.356769
0.11324
0.662
0.662
0.309433
0.662
0.662
0.662
0.203226
0.344557
0.252441
0.0352802
0.4392
0.662
0.453606
0.662
0.540155
0.305018
0.662
0.310765
0.41859
0.662
0.165232
0.28203
0.186649
0.662
0.662
0.443224
0.269532
0.34707
0.662
0.433002
0.662
0.319099
0.442663
0.662
0.662
0.545975
0.0605863
0.550089
0.0433646
0.052175
0.0747783
0.518586
0.170877
0.465786
0.322297
0.527447
0.662
0.662
0.138781
0.662
0.311469
0.662
0.662
0.662
0.645019
0.662
0.404434
0.49042
0.662
0.662
0.395924
0.662
0.322769
0.216859
0.32617
0.169207
0.126628
0.398617
0.662
0.109549
0.138796
0.497149
0.662
0.662
0.187409
0.662
0.661913
0.662
0.63339
0.662
0.662
0.00631207
0.434012
0.662
0.662
0.176389
0.662
0.127385
0.192028
0.662
0.351699
0.606709
0.662
0.313184
0.381478
0.141113
0.662
0.465306
0.340674
0.662
0.237298
0.662
0.662
0.662
0.28382
0.0915428
0.662
0.188421
0.324243
0.383446
0.444501
0.217709
0.0265251
0.662
0.22436
0.491788
0.662
0.662
0.273302
0.0507139
0.605453
0.0218349
0.662
0.662
0.662
0.13057
0.111918
0.583723
0.162484
0.175509
0.42786
0.391689
0.562268
0.662
0.662
0.662
0.662
0.662
0.662
0.662
0.306098
0.662
0.453175
0.662
0.662
0.662
0.662
0.465958
0.662
0.662
0.156949
0.662
0.165634
0.255849
0.387854
0.662
0.390933
0.662
0.662
0.662
0.17697
0.662
0.662
0.662
0.254749
0.617175
0.239118
0.662
0.277014
0.292658
0.141663
0.662
0.131697
0.662
0.662
0.662
0.470249
0.662
0.662
0.643012
0.662
0.662
0.413676
0.662
0.259394
0.568744
0.116964
0.127678
0.542652
0.263871
0.18007
0.350093
0.662
0.418712
0.338711
0.662
0.106784
0.508951
0.151673
0.0300678
0.494829
0.662
0.662
0.153357
0.477253
