0.164795
0.461327
0.187463
0.15957
0.662
0.603092
0.125821
0.662
0.250295
0.373971
0.662
0.662
0.420703
0.267452
0.662
0.662
0.662
0.662
0.662
0.209853
0.662
0.117654
0.288731
0.315937
0.300146
0.624479
0.273383
0.345114
0.345564
0.662
0.213804
0.662
0.331163
0.195946
0.662
0.662
0.35829
0.0783982
0.624007
0.662
0.662
0.110682
0.452252
0.662
0.481314
0.321694
0.232185
0.662
0.662
0.662
0.0491901
0.125693
0.404456
0.246777
0.148445
0.662
0.662
0.637622
0.600707
0.161324
0.297268
0.653425
0.662
0.201437
0.0775304
0.616911
0.662
0.0396389
0.171604
0.251545
0.132978
0.585486
0.256268
0.430302
0.662
0.198949
0.662
0.254144
0.425049
0.186763
0.662
0.662
0.261029
0.662
0.662
0.233886
0.313535
0.152938
0.214372
0.414985
0.229413
0.0333583
0.19755
0.662
0.46223
0.662
0.521879
0.662
0.418967
0.662
0.662
0.380689
0.662
0.662
0.398822
0.662
0.0582292
0.662
0.662
0.180363
0.662
0.31982
0.662
0.293063
0.243905
0.556507
0.632121
0.119403
0.412932
0.643334
0.348406
0.662
0.221143
0.125686
0.662
0.0455903
0.644135
0.511925
0.662
0.233177
0.662
0.197721
0.381284
0.662
0.299781
0.662
0.577286
0.251991
0.277781
0.328936
0.662
0.662
0.315146
0.322651
0.303828
0.138192
0.662
0.662
0.56592
0.662
0.206937
0.662
0.142488
0.464596
0.591904
0.223596
0.650474
0.19957
0.108352
0.40038
0.305478
0.393691
0.662
0.633694
0.0371939
0.662
0.477008
0.428496
0.0742311
0.0198806
0.662
0.36981
0.185023
0.576236
0.0381686
0.462849
0.662
0.662
0.357017
0.662
0.33699
0.662
