0.195946
0.110682
0.328936
0.125686
0.161324
0.257604
0.0449381
0.0492588
0.0783982
0.112486
0.233886
0.662
0.197721
0.40038
0.213804
0.125821
0.624007
0.373971
0.251991
0.662
0.662
0.662
0.404456
0.662
0.521718
0.632121
0.167503
0.662
0.662
0.326836
0.662
0.662
0.393691
0.662
0.600707
0.0113574
0.461327
0.250295
0.185023
0.235045
0.398822
0.662
0.662
0.0491901
0.132978
0.0455903
0.662
0.521879
0.464596
0.232185
0.662
0.662
0.142488
0.462849
0.345114
0.662
0.273383
0.15957
0.278543
0.511925
0.366746
0.662
0.662
0.0396389
0.662
0.251545
0.662
0.331163
0.481314
0.142369
0.624479
0.662
0.662
0.662
0.138192
0.662
0.315937
0.300146
0.458565
0.299781
0.494052
0.662
0.662
0.198949
0.223596
0.348406
0.46223
0.233177
0.19957
0.662
0.662
0.662
0.214372
0.420703
0.662
0.662
0.201437
0.0371939
0.662
0.662
0.662
0.662
0.313535
0.171604
0.250408
0.221143
0.430302
0.303828
0.662
0.477008
0.345564
0.186763
0.662
0.662
0.0483717
0.243905
0.321694
0.106943
0.662
0.0775304
0.662
0.662
0.414985
0.662
0.452252
0.662
0.197315
0.305478
0.662
0.0582292
0.662
0.108352
0.616911
0.229413
0.662
0.591904
0.254144
0.585486
0.161746
0.662
0.428496
0.31982
0.662
0.662
0.603092
0.662
0.662
0.662
0.662
0.35829
0.125693
0.152938
0.322651
0.0166039
0.256268
0.576236
0.662
0.19755
0.36981
0.280849
0.662
0.556507
0.381284
0.117654
0.0198806
0.0381686
0.277781
0.33699
0.0742311
0.637622
0.662
0.662
0.577286
0.180363
0.148445
0.219785
0.281013
0.425049
0.662
0.650474
0.643334
0.653425
0.315146
0.662
0.650918
0.0333583
0.662
0.662
0.0284802
