0.662
0.0496094
0.104442
0.286601
0.662
0.56724
0.662
0.662
0.185072
0.662
0.263815
0.662
0.376409
0.157775
0.436082
0.662
0.454932
0.662
0.662
0.0787115
0.662
0.662
0.281607
0.662
0.0958563
0.662
0.319545
0.481222
0.662
0.662
0.189673
0.662
0.203936
0.169429
0.644492
0.237189
0.0333048
0.198177
0.0737163
0.467851
0.662
0.662
0.347484
0.662
0.662
0.662
0.328937
0.246486
0.173347
0.662
0.64934
0.662
0.472814
0.222449
0.0788145
0.332718
0.229372
0.232297
0.105181
0.662
0.662
0.662
0.662
0.41749
0.199654
0.452844
0.602719
0.221174
0.484078
0.304525
0.188229
0.591494
0.151603
0.229311
0.127019
0.625071
0.38825
0.662
0.662
0.000933679
0.662
0.467266
0.662
0.662
0.662
0.2478
0.662
0.378421
0.662
0.662
0.627147
0.20707
0.662
0.12716
0.662
0.0468388
0.433982
0.662
0.0440216
0.392706
0.417363
0.662
0.662
0.539163
0.215721
0.662
0.0901399
0.0681819
0.199441
0.53462
0.662
0.662
0.223782
0.454941
0.302303
0.163392
0.662
0.174732
0.141148
0.121279
0.662
0.386217
0.410003
0.199776
0.149261
0.495686
0.629455
0.662
0.662
0.662
0.662
0.230908
0.633391
0.367254
0.372616
0.662
0.40974
0.349152
0.662
0.662
0.152741
0.662
0.438832
0.662
0.0172691
0.0245719
0.373338
0.569468
0.363375
0.582625
0.662
0.0842073
0.0438845
0.662
0.662
0.389648
0.662
0.662
0.662
0.662
0.237497
0.662
0.214374
0.305358
0.65157
0.662
0.0423657
0.0155991
0.662
0.477803
0.662
0.228254
0.662
0.662
0.436949
0.295582
0.662
0.662
0.286893
0.17256
0.207332
0.662
0.615209
0.662
0.114741
0.662
0.168555
0.530987
0.0430818
0.542427
0.467926
0.395935
0.241637
0.274128
0.417277
0.662
0.313532
0.148276
0.662
0.662
0.662
0.662
0.662
0.432074
0.626471
0.662
0.439343
0.662
0.662
0.662
0.145492
0.573479
0.140966
0.42188
0.523131
0.0189083
0.134179
0.457526
0.661877
0.662
0.662
0.0221496
0.662
0.555628
0.455414
0.662
0.662
0.171572
0.662
0.186409
0.6264
0.33318
0.204329
0.352056
0.363203
0.137917
0.662
0.573721
0.342046
0.662
0.662
0.662
0.00360765
0.662
0.131683
0.597388
0.215549
0.0807853
0.205231
0.00999562
0.129247
0.662
0.662
0.662
0.48083
0.418496
0.318934
0.222145
0.241677
0.662
0.129781
0.356162
0.662
0.4105
0.662
0.662
0.199593
0.284302
0.177718
0.19857
0.183764
0.416796
0.168735
0.184774
0.242751
0.662
0.0252268
0.662
0.662
0.662
0.662
0.183947
0.208912
0.041728
0.662
0.31354
0.662
0.662
0.662
0.662
0.202726
0.372107
0.00984631
0.200328
0.209184
0.662
0.229136
0.515217
0.165102
0.525505
0.662
0.0681497
0.662
0.662
0.662
0.662
0.662
0.272437
0.662
0.450203
0.662
0.421984
0.465556
0.662
0.390974
0.052441
0.0784869
0.0581888
0.398484
0.13933
0.662
0.220526
0.141445
0.608447
0.188316
0.662
0.604025
0.662
0.130683
0.492132
0.262052
0.190602
0.00842663
0.406533
0.189572
0.384715
0.351582
0.662
0.523914
0.662
0.662
0.662
0.238486
0.316412
0.195522
0.43917
0.662
0.662
0.662
0.662
0.662
0.200424
0.375468
0.662
0.390045
0.18467
0.288707
0.662
0.461223
0.624599
0.662
0.448702
0.175298
0.123903
0.662
0.638951
0.105016
