0.476607
0.361525
0.382925
0.662
0.549314
0.362096
0.618487
0.493135
0.0594684
0.580616
0.624007
0.661374
0.223624
0.662
0.662
0.662
0.394892
0.662
0.288852
0.354546
0.18056
0.0326843
0.662
0.662
0.662
0.460671
0.662
0.532328
0.461837
0.662
0.662
0.643334
0.662
0.662
0.662
0.262847
0.662
0.644135
0.614647
0.190089
0.302037
0.348406
0.558049
0.335558
0.363997
0.662
0.662
0.574546
0.551859
0.301137
0.662
0.662
0.356711
0.159405
0.535934
0.193755
0.662
0.064634
0.303828
0.21374
0.389036
0.415705
0.561228
0.233886
0.662
0.274019
0.662
0.430302
0.393949
0.116529
0.308353
0.662
0.662
0.662
0.39178
0.521709
0.0713097
0.398822
0.60653
0.234693
0.0508605
0.22272
0.560983
0.104279
0.662
0.662
0.162551
0.445602
0.107954
0.374029
0.256595
0.072546
0.0820396
0.464046
0.294395
0.475439
0.279133
0.348549
0.0381686
0.243576
0.662
0.408232
0.0873204
0.662
0.0270539
0.662
0.652652
0.490173
0.662
0.644801
0.662
0.199695
0.662
0.662
0.628862
0.191309
0.662
0.662
0.646817
0.440343
0.469661
0.346894
0.662
0.545975
0.616911
0.662
0.662
0.0939863
0.662
0.662
0.662
0.440325
0.19716
0.524146
0.662
0.203654
0.137587
0.662
0.388642
0.35185
0.216669
0.662
0.662
0.253816
0.115231
0.313651
0.308773
0.221143
0.410523
0.222178
0.0119818
0.662
0.662
0.0315034
0.0912001
0.662
0.117031
0.662
0.662
0.436895
0.0924174
0.662
0.422805
0.137962
0.269263
0.00604369
0.192958
0.662
0.556507
0.662
0.345634
0.0084253
0.662
0.177305
0.350093
0.076376
0.662
0.266375
0.609443
0.662
0.662
0.662
0.194509
0.322927
0.450152
0.252712
0.0324595
0.308422
0.622736
0.421221
0.259965
0.662
0.245407
0.169843
0.277823
0.237804
0.568765
0.456789
0.0553159
0.172024
0.152184
0.662
0.13293
0.185023
0.662
0.662
0.662
0.585486
0.0986885
0.273302
0.662
0.662
0.662
0.662
0.461789
0.662
0.35829
0.339343
0.662
0.445112
0.58673
0.0780845
0.662
0.266343
0.662
0.662
0.0639585
0.0202641
0.448334
0.196941
0.662
0.203918
0.42377
0.662
0.0360981
0.208956
0.662
0.114143
0.364989
0.662
0.0284802
0.440688
0.423818
0.662
0.662
0.193412
0.662
0.662
0.662
0.0817433
0.537537
0.662
0.283388
0.126628
0.662
0.191055
0.105121
0.662
0.190939
0.565262
0.584448
0.167503
0.662
0.0396389
0.0115534
0.250972
0.0742311
0.662
0.437687
0.631398
0.662
0.662
0.662
0.281594
0.319099
0.366842
0.662
0.275935
0.121515
0.662
0.662
0.662
0.242994
0.325478
0.662
0.642382
0.662
0.231621
0.237846
0.662
0.189851
0.662
0.361226
0.612813
0.662
0.0815309
0.180855
0.558601
0.662
0.662
0.253428
0.483206
0.662
0.662
0.662
0.315483
0.662
0.245599
0.662
0.600707
0.662
0.662
0.137714
0.114182
0.522869
0.662
0.662
0.376319
0.210084
0.0424604
0.469057
0.662
0.662
0.662
0.662
0.656014
0.662
0.349908
0.662
0.662
