0.204329
0.363375
0.0205485
0.662
0.167951
0.662
0.163392
0.662
0.587026
0.142693
0.662
0.168735
0.368806
0.662
0.0126602
0.438832
0.157775
0.495772
0.662
0.662
0.662
0.137917
0.00360765
0.152155
0.662
0.662
0.213294
0.662
0.662
0.199654
0.662
0.662
0.608447
0.144854
0.00999562
0.308465
0.362245
0.219001
0.249678
0.179091
0.421984
0.662
0.662
0.60548
0.349152
0.368957
0.481222
0.080835
0.662
0.662
0.495686
0.386217
0.662
0.0842073
0.0398029
0.662
0.597388
0.662
0.295582
0.662
0.662
0.392706
0.662
0.220526
0.362896
0.330559
0.662
0.361757
0.19613
0.0440216
0.662
0.0909195
0.662
0.221911
0.0840419
0.662
0.662
0.662
0.529252
0.390045
0.268769
0.398484
0.662
0.484078
0.662
0.662
0.463419
0.662
0.180199
0.662
0.662
0.30195
0.391107
0.662
0.363203
0.662
0.662
0.662
0.199441
0.00363574
0.229715
0.2478
0.232297
0.263815
0.429582
0.662
0.286893
0.372616
0.469321
0.624599
0.052441
0.633917
0.0221496
0.228254
0.662
0.662
0.558768
0.662
0.163597
0.662
0.192939
0.662
0.0564971
0.662
0.215549
0.368551
0.503877
0.13933
0.662
0.662
0.352056
0.318934
0.662
0.203936
0.591494
0.468607
0.0261956
0.662
0.662
0.313255
0.662
0.209612
0.375468
0.662
0.440419
0.662
0.662
0.662
0.662
0.263532
0.484602
0.31831
0.662
0.343418
0.662
0.662
0.00340775
0.662
0.662
0.454941
0.662
0.221174
0.12716
0.539871
0.662
0.662
0.364429
0.47863
0.571638
0.276048
0.467851
0.662
0.662
0.662
0.15829
0.662
0.0496094
0.662
0.376409
0.662
0.662
0.662
0.31354
0.121279
0.000957257
0.367254
0.662
0.42188
0.662
0.662
0.662
0.293094
0.336641
0.241637
0.662
0.477803
0.662
0.432074
0.625071
0.450733
0.197462
0.19857
0.229311
0.662
0.591521
0.662
0.662
0.164818
0.662
0.454932
0.0790093
0.662
0.199776
0.662
0.136185
0.501961
0.223782
0.457526
0.0921612
0.222449
0.436827
0.662
0.105824
0.169429
0.151808
0.662
0.662
0.417363
0.662
0.2398
0.583305
0.662
0.602719
0.662
0.662
0.662
0.0784869
0.328937
0.186415
0.662
0.211026
0.49868
0.525505
0.662
0.0519145
0.662
0.662
0.662
0.184
0.662
0.409302
0.165102
0.662
0.662
0.0144363
0.130153
0.237189
0.662
0.461223
0.516588
0.293763
0.208355
0.662
0.0189083
0.199953
0.662
0.661877
0.246486
0.662
0.302691
0.465556
0.662
0.397005
0.662
0.475042
0.662
0.0468388
0.460631
0.306493
0.662
0.662
0.177742
0.662
0.3778
0.662
0.399096
0.631481
0.253963
0.662
0.345927
0.662
0.384715
0.165941
0.53462
0.226231
0.662
0.211653
0.188316
0.662
0.662
0.390974
0.225451
0.593357
0.215348
0.177014
0.436949
0.129247
0.662
0.20325
0.450203
0.470706
0.662
0.0375195
0.229372
0.604025
0.662
0.123903
0.662
0.662
0.662
0.662
0.662
0.605278
0.662
0.426511
0.662
0.209839
0.222145
0.32353
0.114741
0.581004
0.208617
0.152741
0.492963
0.662
0.0861748
0.662
0.133568
0.662
0.138691
0.662
0.356162
0.0245719
0.662
0.573721
0.333819
0.662
0.662
0.316412
0.274128
0.452844
0.662
0.204971
0.0327644
0.0620111
0.199593
0.585831
0.242751
0.232801
0.194689
0.437335
0.662
0.662
0.662
0.662
0.376971
0.662
0.662
0.0252268
0.662
0.250491
0.190602
0.00842663
0.285115
0.662
0.662
0.372107
0.484742
0.662
0.662
0.662
0.41749
0.168555
0.0345747
0.142104
0.662
0.573479
0.662
0.300994
0.185607
0.416796
0.105016
0.156235
0.134635
0.0908085
0.662
0.425791
0.582625
0.662
0.638951
0.539163
0.467266
0.378537
0.662
0.501466
0.662
0.662
0.523914
0.215721
0.239974
0.662
0.662
0.271131
0.662
0.209184
0.662
0.0681819
0.662
0.213498
0.451311
0.542427
0.662
0.00667666
0.590653
0.662
0.347484
0.332718
0.0681497
0.662
0.127019
0.662
0.313532
0.131683
0.564398
0.107014
0.154275
0.662
0.662
0.315799
0.662
0.515217
0.558251
0.662
0.662
0.662
0.406533
0.237968
0.662
0.476987
0.662
0.128255
0.417277
0.662
0.592436
0.286601
0.399939
0.0423657
0.662
0.662
0.395935
0.662
0.662
0.0355996
0.143696
0.662
0.304525
0.629455
0.36089
0.467631
0.570253
0.148276
0.662
0.120796
0.129781
0.203464
0.0986972
0.0901399
0.555628
0.662
0.662
0.662
0.448702
0.662
0.283475
0.0333048
0.662
0.4105
0.662
0.662
0.614866
0.662
0.661381
0.662
0.410003
0.662
0.662
0.294117
0.154744
0.288707
0.243198
0.662
0.662
0.0787115
0.627147
0.530987
0.0438845
0.118931
0.284302
0.177718
0.327857
0.229136
0.305079
0.658765
0.188229
0.141445
