0.662
0.60653
0.0192832
0.662
0.233886
0.0284802
0.301137
0.42377
0.662
0.237846
0.277823
0.662
0.105121
0.1527
0.662
0.551859
0.00604369
0.113484
0.662
0.662
0.662
0.662
0.477008
0.643334
0.445602
0.614647
0.558601
0.251991
0.064634
0.464046
0.612813
0.662
0.0742311
0.662
0.190939
0.662
0.340496
0.0873204
0.39178
0.252712
0.191309
0.0508605
0.662
0.348406
0.662
0.662
0.662
0.0924174
0.253816
0.204811
0.354546
0.662
0.169843
0.437687
0.662
0.535934
0.234693
0.231621
0.662
0.274019
0.470873
0.662
0.642382
0.127334
0.0326843
0.388642
0.661374
0.662
0.662
0.469057
0.076376
0.191478
0.662
0.216669
0.584334
0.279133
0.662
0.452252
0.662
0.662
0.469661
0.235045
0.404456
0.662
0.548793
0.191055
0.0324595
0.0381686
0.496047
0.662
0.203918
0.662
0.243576
0.22272
0.662
0.106943
0.560983
0.662
0.662
0.662
0.662
0.423818
0.132978
0.474333
0.348549
0.0762386
0.662
0.662
0.662
0.115231
0.0084253
0.430302
0.159405
0.114182
0.0304197
0.295031
0.366842
0.313651
0.276517
0.203654
0.137587
0.137962
0.137714
0.251545
0.103824
0.15957
0.245407
0.600707
0.259965
0.197802
0.237804
0.662
0.374029
0.662
0.662
0.662
0.0396389
0.298239
0.315483
0.662
0.440325
0.662
0.662
0.414343
0.524146
0.490173
0.662
0.415255
0.266375
0.585486
0.0912001
0.662
0.208956
0.247335
0.662
0.437365
0.422805
0.662
0.121515
0.662
0.662
0.201437
0.288852
0.381284
0.662
0.662
0.662
0.0115534
0.0315034
0.662
0.662
0.662
0.662
0.245599
0.662
0.184214
0.662
0.221143
0.662
0.410523
0.408232
0.389036
0.566378
0.0208179
0.624007
0.662
0.302037
0.662
0.167503
0.662
0.662
0.373971
0.138192
0.652652
0.580616
0.662
0.185023
0.662
0.189803
0.281594
0.440943
0.662
0.0639585
0.5976
0.662
0.662
0.19716
0.125693
0.423859
0.350093
0.0297122
0.568765
0.662
0.0815309
0.172024
0.662
0.199695
0.574546
0.308353
0.662
0.662
0.662
0.662
0.326836
0.192958
0.0701922
0.662
0.217518
0.662
0.0491901
0.662
0.662
0.662
0.662
0.662
0.653425
0.363997
0.19957
0.308422
0.616911
0.35185
0.0553159
0.662
0.644135
0.662
0.556507
0.662
0.286247
0.117031
0.0815187
0.662
0.662
0.184284
0.448334
0.662
0.662
0.662
0.662
0.225343
0.609443
0.193755
0.0713097
0.398822
0.461837
0.423501
0.662
0.656014
0.662
0.662
0.662
0.662
0.222178
0.644801
0.440688
0.662
0.662
0.299781
0.584448
0.662
0.258404
0.194509
0.603092
0.460622
0.142369
0.622736
0.00243858
0.558049
0.648846
0.328899
0.662
0.131659
0.250972
0.369195
0.662
0.361226
0.456789
0.662
