0.0894955
0.227012
0.662
0.662
0.272359
0.324793
0.279818
0.662
0.662
0.662
0.662
0.336242
0.2077
0.662
0.36089
0.662
0.47863
0.662
0.137917
0.208355
0.216645
0.662
0.184675
0.0991681
0.219251
0.662
0.0490183
0.662
0.662
0.510355
0.204971
0.203405
0.662
0.308514
0.662
0.662
0.383248
0.662
0.631481
0.00239097
0.662
0.662
0.662
0.246486
0.114877
0.368957
0.126755
0.312725
0.442351
0.632502
0.662
0.453219
0.0692465
0.436518
0.266573
0.662
0.0178856
0.3026
0.495686
0.662
0.64976
0.356734
0.320442
0.312729
0.662
0.122909
0.221369
0.656966
0.197729
0.662
0.164818
0.461079
0.125259
0.171355
0.204329
0.368551
0.309876
0.502612
0.43014
0.662
0.581771
0.450552
0.662
0.23546
0.662
0.662
0.607404
0.662
0.662
0.662
0.662
0.662
0.142653
0.476302
0.0494252
0.554218
0.069662
0.00437642
0.331855
0.420157
0.0566085
0.168959
0.345927
0.118792
0.313308
0.570253
0.160985
0.662
0.176477
0.0333048
0.0112218
0.508865
0.662
0.239268
0.411129
0.0200047
0.156235
0.0704989
0.662
0.372726
0.662
0.562131
0.662
0.662
0.495772
0.269602
0.662
0.662
0.0286095
0.662
0.662
0.176152
0.416568
0.201118
0.662
0.107995
0.662
0.104989
0.123398
0.252803
0.063609
0.268769
0.53683
0.095805
0.638951
0.259201
0.14657
0.662
0.233424
0.146481
0.662
0.484602
0.662
0.381658
0.029127
0.662
0.662
0.609229
0.662
0.0496094
0.662
0.662
0.593357
0.662
0.662
0.397852
0.199544
0.633253
0.178062
0.0316918
0.662
0.592436
0.662
0.662
0.662
0.483348
0.0398029
0.662
0.662
0.220282
0.662
0.255481
0.529523
0.410848
0.519749
0.662
0.313255
0.154782
0.0350413
0.60548
0.662
0.349946
0.0909195
0.662
0.662
0.163349
0.2398
0.662
0.423081
0.190314
0.662
0.531414
0.348433
0.27338
0.662
0.302691
0.662
0.434507
0.662
0.662
0.302995
0.662
0.662
0.662
0.44275
0.662
0.662
0.662
0.662
0.456653
0.662
0.0541248
0.662
0.159696
0.262596
0.373452
0.370712
0.662
0.209149
0.211026
0.294117
0.198087
0.482247
0.462487
0.417359
0.662
0.0440387
0.662
0.276014
0.462128
0.45404
0.264281
0.662
0.269516
0.662
0.37199
0.134858
0.368253
0.558768
0.662
0.662
0.356764
0.193849
0.306493
0.662
0.662
0.0847702
0.285841
0.437668
0.662
0.662
0.293094
0.20325
0.116068
0.661241
0.4105
0.323655
0.0355996
0.333561
0.662
0.30905
0.273979
0.557118
0.0495321
0.662
0.662
0.565697
0.662
0.662
0.662
0.662
0.662
0.662
0.0117691
0.321514
0.316795
0.450203
0.662
0.0209422
0.662
0.436831
0.662
0.19613
0.188062
0.45343
0.62947
0.209184
0.662
0.662
0.662
0.375979
0.591607
0.662
0.409565
0.662
0.401014
0.316978
0.639418
0.662
0.284838
0.261334
0.662
0.161549
0.395949
0.662
0.213294
0.662
0.649465
0.518288
0.662
0.141633
0.487828
0.195817
0.270146
0.0735548
0.618205
0.0753358
0.662
0.662
0.662
0.662
0.280602
0.0472871
0.374417
0.662
0.662
0.662
0.105098
0.229255
0.221911
0.123608
0.459154
0.171701
0.662
0.662
0.465556
0.662
0.257752
0.662
0.31831
0.662
0.298601
0.212726
0.184
0.246643
0.0269155
0.419003
0.662
0.320272
0.603478
0.564139
0.362245
0.662
0.602719
0.397862
0.474421
0.0992973
0.231677
0.662
0.571638
0.386623
0.662
0.662
0.109766
0.131872
0.242227
0.0972987
0.308462
0.199481
0.0919522
0.350393
0.662
0.662
0.158066
0.536092
0.617285
0.409947
0.0550075
0.347578
0.560314
0.662
0.349995
0.662
0.58006
0.208484
0.306046
0.224459
0.662
0.554582
0.662
0.662
0.200957
0.391279
0.518853
0.662
0.662
0.40683
0.24306
0.203039
0.461315
0.662
0.662
0.0720864
0.602078
0.503877
0.662
0.421159
0.662
0.508505
0.662
0.320209
0.237431
0.41501
0.0910725
0.189988
0.49868
0.537524
0.662
0.662
0.0861748
0.217858
0.305079
0.467631
0.662
0.415795
0.134395
0.662
0.260554
0.662
0.662
0.0912485
0.188682
0.403923
0.0631365
0.0817763
0.267026
0.662
0.175612
0.378858
0.662
0.662
0.662
0.662
0.662
0.208969
0.467761
0.662
0.0815531
0.376117
0.662
0.662
0.455707
0.232131
0.662
0.633694
0.178018
0.468002
0.36225
0.468607
0.662
0.191313
0.167951
0.38376
0.0603165
0.429582
0.662
0.126871
0.110366
0.41799
0.648621
0.640436
0.662
0.107188
0.662
0.127351
0.206995
0.662
0.662
0.211653
0.662
0.154929
0.0195662
0.662
0.151808
0.0878399
0.662
0.0783037
0.0182946
0.0719118
0.583847
0.16802
0.273511
0.450632
0.662
0.219001
0.662
0.0472144
0.662
0.300646
0.662
0.193821
0.495689
0.287549
0.38082
0.373527
0.554521
0.662
0.504733
0.662
0.00416383
0.662
0.662
0.614866
0.662
0.409065
0.163601
0.605278
0.662
0.662
0.397713
0.0765824
0.662
0.662
0.662
0.552643
0.54108
0.428393
0.436827
0.662
0.662
0.662
0.339913
0.587026
0.662
0.662
0.662
0.369312
0.320861
0.662
0.662
0.0949992
0.597669
0.109685
0.662
0.197955
0.662
0.13226
0.360508
0.42188
0.470706
0.375319
0.104096
0.662
0.501466
0.662
0.118561
0.328094
0.420362
0.143111
0.207532
0.20839
0.662
0.080835
0.662
0.662
0.662
0.384
0.662
0.662
0.347542
0.662
0.109801
0.662
0.662
0.34555
0.455567
0.484742
0.186916
0.153681
0.224086
0.0956332
0.475882
0.543507
0.558327
0.662
0.167882
0.662
0.662
0.613225
0.31679
0.446859
0.311644
0.208984
0.662
0.101472
0.662
0.171572
0.199864
0.622721
0.662
0.265785
0.00667666
0.318519
0.662
0.662
0.194689
0.662
0.403639
0.523915
0.467259
0.146968
0.36943
0.00428356
0.0385487
0.308934
0.203464
0.255909
0.143417
0.361757
0.38647
0.476056
0.662
0.493557
0.367294
0.662
0.0450933
0.662
0.443895
0.40974
0.339738
0.29505
0.662
0.134635
0.54531
0.662
0.662
0.472721
0.611424
0.662
0.652166
0.226231
0.662
0.662
0.435363
0.662
0.662
0.662
0.0923152
0.402446
0.185239
0.26293
0.662
0.416468
0.662
0.564398
0.662
0.323505
0.662
0.501961
0.662
0.662
0.0103533
0.540788
0.0767723
0.662
0.662
0.235876
0.590653
0.662
0.459739
0.119352
0.662
0.662
0.277123
0.148967
0.0463127
0.183295
0.662
0.249678
0.430825
0.662
0.662
0.509627
0.662
0.487339
0.410658
0.308041
0.662
0.662
0.662
0.516588
0.490951
0.341492
0.662
0.241071
0.662
0.07555
0.129781
0.00340775
0.61308
0.303115
0.332847
0.662
0.662
0.431618
0.662
0.662
0.411438
0.526664
0.662
0.662
0.226022
0.662
0.662
0.581266
0.15041
0.245785
0.662
0.0577244
0.163346
0.662
0.502316
0.165941
0.662
0.0227429
0.662
0.662
0.146711
0.662
0.662
0.662
0.525754
0.123464
0.627376
0.529252
0.621684
0.273301
0.123986
0.253963
0.315799
0.349152
0.0578993
0.129895
0.15829
0.447328
0.583657
0.543026
0.662
0.662
0.662
0.366246
0.0921612
0.0375195
0.277365
0.215694
0.191632
0.0698147
0.397526
0.662
0.362896
0.437836
0.47715
0.312468
0.662
0.662
0.662
0.662
0.56239
0.0648696
0.662
0.629098
0.662
0.347484
0.662
0.473306
0.662
0.662
0.177598
0.496356
0.447283
0.662
0.0118282
0.229715
0.662
0.327857
0.131388
0.662
0.0396465
0.288157
0.662
0.322338
0.662
0.662
0.662
0.0882059
0.0443029
0.224102
0.272405
0.22154
0.0126602
0.0572575
0.662
0.662
0.662
0.662
0.516766
0.427997
0.0685745
0.662
0.226675
0.662
0.359835
0.662
0.662
0.633599
0.662
0.160047
0.662
0.662
0.662
0.662
0.0814868
0.53407
0.662
0.662
0.216841
0.662
0.0390788
0.217985
0.552402
0.662
0.662
0.606982
0.480187
0.209863
0.223782
0.518131
0.662
0.662
0.193334
0.391952
