0.117752
0.125808
0.662
0.461801
0.662
0.436481
0.662
0.209544
0.0875417
0.459584
0.353315
0.119029
0.230961
0.42219
0.475236
0.662
0.230405
0.326371
0.662
0.413302
0.662
0.448194
0.662
0.555146
0.662
0.64846
0.130469
0.199141
0.231475
0.0964458
0.219839
0.662
0.252608
0.302512
0.662
0.593152
0.440973
0.662
0.20263
0.662
0.499001
0.662
0.0187118
0.662
0.223586
0.217485
0.233104
0.54095
0.0404546
0.662
0.662
0.0528488
0.441976
0.0640603
0.297593
0.297456
0.382524
0.14792
0.662
0.220951
0.632732
0.584017
0.505829
0.351844
0.176693
0.171721
0.300443
0.662
0.662
0.662
0.662
0.351112
0.148554
0.312065
0.350098
0.204857
0.299297
0.662
0.662
0.211095
0.662
0.324562
0.662
0.128366
0.266942
0.300827
0.22981
0.662
0.662
0.662
0.0191637
0.662
0.662
0.662
0.469887
0.022054
0.662
0.662
0.283974
0.384692
0.300177
0.642441
0.244994
0.0788525
0.478801
0.322883
0.651496
0.557351
0.478938
0.228782
0.40996
0.423413
0.0317678
0.0533522
0.187212
0.662
0.609245
0.0321453
0.480019
0.662
0.662
0.662
0.0938424
0.0264579
0.478527
0.190746
0.662
0.382094
0.536999
0.277777
0.43991
0.366019
0.15581
0.662
0.662
0.662
0.662
0.662
0.662
0.130827
0.274297
0.662
0.662
0.662
0.127672
0.325914
0.138278
0.662
0.102694
0.171941
0.352805
0.580536
0.662
0.662
0.336193
0.458009
0.225902
0.228709
0.662
0.662
0.44301
0.119653
0.277871
0.276817
0.107244
0.145077
0.144432
0.662
0.204503
0.662
0.267774
0.662
0.0145962
0.200842
0.662
0.662
0.390523
0.0783105
0.16628
0.343428
0.270658
0.03559
0.371318
0.304753
0.662
0.457586
0.239477
0.662
0.662
0.324031
0.662
0.274807
0.348074
0.662
0.586181
0.662
0.174431
0.0910805
0.430874
0.662
0.662
0.294949
0.413423
0.203128
0.0398977
0.662
0.103583
0.0964003
0.111916
0.302047
0.662
0.662
0.466567
0.0425718
0.662
0.474182
0.662
0.545335
0.377493
0.047079
0.226562
0.0267786
0.662
0.311973
0.662
0.662
0.396729
0.00385305
0.662
0.137125
0.658345
0.220109
0.585775
0.453404
0.662
0.497294
0.22072
0.662
0.255107
0.114837
0.144558
0.0782768
0.560409
0.662
0.228209
0.576695
0.378214
0.662
0.462519
0.662
0.0495948
0.553091
0.662
0.662
0.662
0.662
0.236421
0.26157
0.149381
0.662
0.662
0.100118
0.662
0.45897
0.312993
0.2765
0.304848
0.119446
0.662
0.0146182
0.162496
0.662
0.161433
0.476676
0.181493
0.367995
0.0725969
0.662
0.662
0.662
0.662
0.662
0.160163
0.234484
0.662
0.365691
0.662
0.662
0.662
0.662
0.459603
0.662
0.662
0.662
0.147235
0.662
0.485582
0.662
0.390872
0.348339
0.35363
0.662
0.064558
0.449211
0.0357814
0.387297
0.321262
0.159996
0.410512
0.662
0.325982
0.662
0.106692
0.662
0.364035
0.391936
0.121968
0.662
0.662
0.662
0.662
0.319224
0.543511
0.473116
0.662
0.340388
0.320508
0.130073
0.129701
0.0596176
0.662
0.662
0.403368
0.662
0.662
0.662
0.113397
0.662
0.190849
0.662
0.662
0.542529
0.303033
0.473574
0.315092
0.198344
0.662
0.662
0.262854
0.662
0.160338
0.25794
0.240116
0.294036
0.168991
0.579027
0.260238
0.662
0.507943
0.468828
0.369812
0.662
0.285931
0.662
0.389839
0.485413
0.662
0.382193
0.293123
0.662
0.0808202
0.662
0.662
0.17376
0.662
0.0661273
0.190315
0.146412
0.193229
0.662
0.570536
0.322198
0.307478
0.211263
0.0182716
0.487186
0.331981
0.384132
0.662
0.662
0.662
0.21166
0.47599
0.393238
0.662
0.662
0.0971707
0.662
0.246044
0.239124
0.314056
0.0954476
0.548808
0.398728
0.558235
0.17706
0.003658
0.361122
0.300532
0.662
0.229991
0.662
0.274713
0.185226
0.205665
0.662
0.12037
0.2698
0.643024
0.662
0.078907
0.336349
0.662
0.185548
0.198191
0.159792
0.131205
0.232738
0.290339
0.283912
0.662
0.476926
0.12981
0.311422
0.200374
0.210402
0.552922
0.662
0.662
0.662
0.425314
0.662
0.662
0.448481
0.633218
0.662
0.21371
0.662
0.662
0.157385
0.662
0.33901
0.662
0.189076
0.378521
0.662
0.662
0.662
0.312564
0.166803
0.662
0.662
0.662
0.586567
0.547637
0.347744
0.215465
0.662
0.662
0.192503
0.662
0.662
0.179818
0.662
0.662
0.398467
0.662
0.662
0.662
0.574442
0.662
0.384308
0.662
0.662
0.00962922
0.289341
0.662
0.137789
0.308747
0.662
0.34909
0.662
0.0208888
0.199636
0.662
0.662
0.168599
0.170811
0.00936858
0.0904168
0.0442007
0.499619
0.662
0.662
0.388244
0.0755557
0.388857
0.662
0.438687
0.662
0.662
0.0393028
0.656773
0.662
0.662
0.471413
0.662
0.205038
0.117182
0.636561
0.277993
0.355401
0.173005
0.592877
0.246841
0.662
0.662
0.264938
0.662
0.217321
0.662
0.662
0.534777
0.662
0.662
0.662
0.662
0.662
0.662
0.119854
0.468092
0.349685
0.104829
0.662
0.662
0.169356
0.496646
0.239128
0.161554
0.20036
0.662
0.0259627
0.662
0.345643
0.396468
0.406312
0.0834558
0.631301
0.295087
0.425722
0.157166
0.662
0.662
0.662
0.662
0.662
0.662
0.662
0.163975
0.28871
0.157755
0.396422
0.374779
0.662
0.662
0.350519
0.662
0.475392
0.662
0.662
0.456703
0.260373
0.0143269
0.662
0.662
0.535136
0.662
0.160588
0.305566
0.662
0.662
0.408731
0.150401
0.397491
0.170469
0.662
0.662
0.11184
0.271424
0.662
0.204692
0.662
0.0594417
0.392276
0.245689
0.662
0.441703
0.662
0.27622
0.236961
0.177363
0.662
0.423321
0.303118
0.103337
0.662
0.42461
0.662
0.0768914
0.662
0.547289
0.408098
0.662
0.210953
0.157565
0.662
0.579568
0.281668
0.605973
0.662
0.167778
0.662
0.448472
0.299345
0.662
0.662
0.087382
0.246678
0.662
0.662
0.420572
0.662
0.662
0.662
0.380089
0.354624
0.662
0.662
0.373668
0.175049
0.662
0.291215
0.180006
0.241224
0.662
0.148981
0.168108
0.413859
0.255609
0.411769
0.0449556
0.226929
0.494855
0.662
0.659087
0.52991
0.662
0.182688
0.443904
0.209225
0.662
0.662
0.216308
0.342321
0.662
0.662
0.341416
0.372191
0.662
0.282654
0.662
0.192894
0.353003
0.331938
0.604858
0.662
0.354706
0.662
0.662
0.498483
0.142408
0.440582
0.194428
0.662
0.383195
0.294344
0.221253
0.662
0.191993
0.0361015
0.187158
0.311505
0.344488
0.184139
0.324808
0.240904
0.662
0.0512164
0.662
0.423002
0.149758
0.633925
0.662
0.387197
0.09519
0.086638
0.388412
0.201679
0.662
0.662
0.58909
0.569523
0.568633
0.662
0.0729446
0.0251845
0.418873
0.662
0.662
0.662
0.199698
0.360763
0.00920545
0.333515
0.374863
0.13383
0.656681
0.498568
0.191602
0.0148314
0.20389
0.662
0.662
0.662
0.184105
0.662
0.172212
0.662
0.53659
0.178093
0.662
0.154027
0.0716326
0.27489
0.00539506
0.310743
0.662
0.662
0.453886
0.513284
0.662
0.662
0.662
0.0687878
0.315572
0.0694183
0.27003
0.214079
0.321208
0.662
0.662
0.266594
0.662
0.119448
0.434787
0.356377
0.128455
0.10591
0.478892
0.662
0.0882513
0.662
0.14314
0.662
0.199194
0.662
0.46891
0.662
0.32434
0.357138
0.474383
0.662
0.103895
0.405196
0.431198
0.494505
0.514185
0.662
0.662
0.176876
0.206842
0.47302
0.589919
0.192585
0.662
0.422058
0.199854
0.421785
0.12802
0.365126
0.662
0.579684
0.0436169
0.263233
0.265872
0.261732
0.438764
0.369882
0.309079
0.256041
0.241906
0.662
0.0956105
0.200603
0.364286
0.469663
0.418486
0.390075
0.168045
0.662
0.384523
0.662
0.166608
0.140155
0.639676
0.662
0.662
0.112367
0.053314
0.0504292
0.662
0.360551
0.167344
0.261668
0.662
0.662
0.662
0.0454011
0.297215
0.662
0.114732
0.662
0.187289
0.307448
0.0888448
0.252799
0.255591
0.401623
0.662
0.192855
0.583566
0.618751
0.193691
0.31926
0.662
0.32851
0.326946
0.355607
0.152449
0.662
0.0748466
0.275386
0.123079
0.662
0.0667853
0.163816
0.43674
0.662
0.117649
0.644002
0.207017
0.549053
0.662
0.137734
0.403065
0.44892
0.662
0.398404
0.364814
0.350091
0.637951
0.368269
0.374035
0.662
0.662
0.195171
0.662
0.435804
0.426321
0.662
0.486001
0.410203
0.184232
0.640107
0.561722
0.662
0.662
0.419997
0.0625703
0.153889
0.662
0.662
0.0936258
0.662
0.292607
0.424521
0.399166
0.646965
0.162517
0.662
0.662
0.662
0.352225
0.451948
0.162335
0.662
0.470833
0.210352
0.211963
0.662
0.662
0.662
0.436206
0.662
0.662
0.441227
0.202913
0.662
0.253447
0.662
0.205085
0.288416
0.662
0.130253
0.456703
0.524553
0.662
0.312304
0.662
0.472615
0.662
0.662
0.4128
0.272341
0.258086
0.211508
0.214599
0.121003
0.470707
0.662
0.033714
0.19918
0.0678244
0.190074
0.292859
0.248875
0.662
0.427288
0.263471
0.410057
0.662
0.662
0.662
0.662
0.14827
0.662
0.00134066
0.662
0.662
0.662
0.325481
0.177129
0.463632
0.662
0.0773531
0.559182
0.662
0.201183
0.237661
0.639881
0.454353
0.239051
0.266108
0.110256
0.633971
0.280914
0.662
0.062209
0.18846
0.662
0.662
0.237983
0.402664
0.662
0.381262
0.338433
0.662
0.504019
0.179108
0.662
0.662
0.662
0.566587
0.531038
0.470299
0.2143
0.464375
0.0252923
0.662
0.400549
0.217271
0.662
0.418954
0.139424
0.662
0.662
0.151276
0.519542
0.0687281
0.233377
0.662
0.662
0.662
0.662
0.662
0.0693679
0.590794
0.0827884
0.457672
0.471229
0.662
0.174859
0.196798
0.365389
0.566091
0.47296
0.636271
0.421661
0.059044
0.125961
0.416578
0.662
0.662
0.662
0.533931
0.662
0.01171
0.662
0.431014
0.310639
0.223971
0.662
0.250943
0.662
0.662
0.641186
0.662
0.591409
0.399365
0.662
0.662
0.662
0.202172
0.662
0.662
0.662
0.662
0.216808
0.25155
0.309766
0.103051
0.214391
0.662
0.662
0.662
0.190877
0.662
0.662
0.556011
0.1997
0.254017
0.527931
0.265916
0.304611
0.662
0.662
0.662
0.032106
0.662
0.662
0.329502
0.459746
0.124318
0.0415446
0.662
0.543142
0.253942
0.228359
0.662
0.662
0.515812
0.286352
0.517091
0.163777
0.662
0.245085
0.265175
0.257562
0.440048
0.662
0.310942
0.190357
0.594093
0.662
0.662
0.662
0.662
0.662
0.158133
0.554969
0.662
0.118431
0.287817
0.529144
0.363507
0.662
0.253604
0.0583253
0.662
0.662
0.315515
0.662
0.31364
0.288552
0.662
0.117292
0.341375
0.0386808
0.200896
0.185826
0.622085
0.662
0.662
0.477101
0.197854
0.121619
0.437652
0.41456
0.139296
0.662
0.662
0.662
0.557084
0.662
0.374737
0.403791
0.18745
0.662
0.372202
0.662
0.662
0.662
0.662
0.662
0.662
0.00578299
0.662
0.662
0.662
0.662
0.423955
0.662
0.428014
0.457437
0.242022
0.662
0.662
0.662
0.211036
0.199827
0.330648
0.662
0.662
0.646737
0.662
0.662
0.662
0.475444
0.209366
0.662
0.034829
0.662
0.662
0.222863
0.083007
0.09772
0.662
0.662
0.207437
0.00364424
0.112605
0.662
0.0669908
0.145438
0.26094
0.662
0.39684
0.662
0.137741
0.249625
0.0490026
0.545098
0.224384
0.245547
0.662
0.20493
0.662
0.402728
0.160549
0.254851
0.300685
0.0303018
0.662
0.0650495
0.662
0.29914
0.231076
0.662
0.255825
0.284661
0.16831
0.0143943
0.662
0.479179
0.208634
0.186869
0.0129651
0.337477
0.165119
0.662
0.276139
0.662
0.448705
0.326185
0.662
0.10721
0.29241
0.173363
0.662
0.662
0.157437
0.662
0.662
0.436306
0.129129
0.103546
0.208717
0.188851
0.603186
0.662
0.32036
0.662
0.47706
0.662
0.153837
0.250035
0.398355
0.218747
0.662
0.662
0.259935
0.662
0.329091
0.662
0.662
0.662
0.662
0.646376
0.6035
0.662
0.166465
0.662
0.662
0.662
0.631599
0.662
0.662
0.00537111
0.116385
0.422293
0.662
0.120292
0.213884
0.662
0.354605
0.536195
0.662
0.662
0.662
0.662
0.626858
0.122132
0.622818
0.662
0.258916
0.119005
0.491585
0.662
0.189566
0.041572
0.285535
0.214259
0.205098
0.2103
0.585603
0.662
0.0966483
0.116277
0.662
0.662
0.431114
0.295211
0.60956
0.662
0.138786
0.662
0.201802
0.249134
0.662
0.177302
0.281852
0.214023
0.662
0.662
0.174184
0.190978
0.302265
0.20871
0.662
0.662
0.321392
0.0535538
0.300237
0.662
0.662
0.320257
0.0453792
0.0580051
0.662
0.0571207
0.662
0.0343562
0.268597
0.662
0.109306
0.361477
0.28389
0.380462
0.662
0.430832
0.172596
0.594965
0.148811
0.308314
0.104801
0.662
0.662
0.214036
0.662
0.462918
0.662
0.662
0.449859
0.430999
0.662
0.376151
0.539536
0.462937
0.378475
0.269803
0.604917
0.210861
0.353625
0.544093
0.366024
0.331175
0.316672
0.662
0.243516
0.662
0.275749
0.662
0.662
0.341047
0.506768
0.0468281
0.194982
0.43908
0.662
0.175524
0.662
0.662
0.662
0.356352
0.662
0.269342
0.662
0.662
0.662
0.193992
0.220614
0.222301
0.196504
0.465367
0.362579
0.662
0.662
0.291012
0.603703
0.0475536
0.662
0.194071
0.348888
0.662
0.401749
0.662
0.662
0.662
0.662
0.236939
0.184921
0.355746
0.662
0.0940911
0.231537
0.662
0.662
0.0431007
0.179903
0.0669538
0.610216
0.662
0.074787
0.483372
0.122688
0.662
0.394597
0.662
0.549373
0.662
0.226561
0.662
0.662
0.030347
0.200008
0.662
0.328944
0.339752
0.0116365
0.662
0.325825
0.236285
0.662
0.662
0.662
0.158318
0.290422
0.662
0.559505
0.662
0.0541242
0.662
0.52963
0.662
0.662
0.662
0.494547
0.0268744
0.662
0.205386
0.257132
0.174384
0.277444
0.0809463
0.662
0.433711
0.662
0.45222
0.341447
0.270461
0.426101
0.220364
0.488005
0.389688
0.268417
0.114679
0.317061
0.179953
0.662
0.463398
0.662
0.662
0.00940322
0.662
0.662
0.662
0.405092
0.20833
0.322573
0.662
0.533172
0.309376
0.662
0.436511
0.0352249
0.100789
0.0840001
0.662
0.221449
0.662
0.662
0.525089
0.239745
0.44396
0.662
0.662
0.185653
0.341235
0.472291
0.662
0.340384
0.557652
0.166182
0.439109
0.479043
0.0643013
0.189791
0.662
0.662
0.662
0.662
0.662
0.120342
0.662
0.662
0.369615
0.208301
0.136488
0.662
0.563786
0.662
0.459439
0.662
0.229303
0.465087
0.662
0.662
0.662
0.295618
0.279874
0.293364
0.408356
0.662
0.385988
0.662
0.0857243
0.445347
0.662
0.662
0.488
0.0272733
0.11708
0.0229189
0.203077
0.231725
0.544584
0.662
0.662
0.494669
0.662
0.662
0.26293
0.662
0.376552
0.662
0.662
0.662
0.662
0.356317
0.662
0.311642
0.490461
0.662
0.662
0.182417
0.0122451
0.176194
0.662
0.0342136
0.460585
0.217288
0.662
0.21933
0.662
0.0436161
0.662
0.155285
0.208037
0.662
0.175806
0.224979
0.662
0.346305
0.662
0.662
0.662
0.340006
0.662
0.662
0.662
0.378186
0.187442
0.362956
0.296688
0.381515
0.609932
0.0981368
0.197452
0.17751
0.174351
0.662
0.271286
0.662
0.294905
0.662
0.0770818
0.191348
0.662
0.569274
0.284422
0.507127
0.662
0.258906
0.662
0.197002
0.662
0.137048
0.0394329
0.248563
0.398337
0.662
0.662
0.662
0.282559
0.372887
0.662
0.662
0.165353
0.0671143
0.662
0.474593
0.662
0.484923
0.662
0.425332
0.239151
0.662
0.662
0.290807
0.204769
0.0899652
0.662
0.196914
0.262497
0.662
0.662
0.662
0.462396
0.229792
0.142484
0.520368
0.607779
0.520888
0.370194
0.29428
0.662
0.449171
0.0349018
0.662
0.0772891
0.662
0.662
0.662
0.662
0.662
0.369966
0.222038
0.0471418
0.662
0.0771491
0.186772
0.194805
0.662
0.49925
0.177167
0.330473
0.170261
0.618577
0.515017
0.662
0.523888
0.662
0.0938581
0.240885
0.531155
0.162606
0.23041
0.132488
0.662
0.40299
0.662
0.662
0.295075
0.662
0.43995
0.0341838
0.662
0.662
0.336577
0.523227
0.662
0.441723
0.662
0.514411
0.198902
0.306152
0.037274
0.142838
0.356681
0.662
0.584931
0.662
0.662
0.39816
0.662
0.662
0.145392
0.662
0.662
0.23293
0.0871116
0.05673
0.662
0.662
0.301356
0.070612
0.357305
0.344489
0.118076
0.0185119
0.662
0.662
0.264152
0.229375
0.662
0.193424
0.638323
0.411715
0.0121147
0.00411355
0.0819227
0.225448
0.662
0.662
0.12198
0.357281
0.4707
0.0573717
0.416675
0.662
0.475379
0.662
0.583811
0.356094
0.662
0.413839
0.452895
0.17547
0.390884
0.399513
0.379539
0.662
0.652903
0.145547
0.18609
0.541431
0.662
0.662
0.662
0.261405
0.572272
0.291573
0.662
0.388671
0.662
0.472172
0.662
0.0919781
0.662
0.468906
0.662
0.156408
0.357615
0.662
0.662
0.492246
0.662
0.662
0.662
0.662
0.0847041
0.639741
0.286516
0.0565854
0.216397
0.662
0.662
0.204283
0.662
0.662
0.662
0.662
0.662
0.0225955
0.662
0.628742
0.199856
0.662
0.662
0.266271
0.662
0.662
0.0152791
0.625337
0.662
0.473101
0.416423
0.477471
0.662
0.662
0.662
0.185019
0.662
0.662
0.0624944
0.662
0.662
0.172838
0.662
0.206703
0.418882
0.662
0.662
0.192318
0.479662
0.318143
0.286771
0.639981
0.422102
0.662
0.472163
0.141089
0.330993
0.662
0.115345
0.662
0.0508625
0.662
0.662
0.347871
0.662
0.662
0.662
0.196564
0.662
0.662
0.662
0.187044
0.605163
0.662
0.496621
0.472364
0.319427
0.484597
0.207268
0.662
0.00837449
0.277899
0.219264
0.662
0.0888809
0.444269
0.459633
0.205963
0.616888
0.0763617
0.384154
0.662
0.662
0.662
0.130213
0.662
0.23045
0.632447
0.662
0.0896487
0.662
0.0429756
0.196828
0.319881
0.353482
0.662
0.662
0.0395814
0.662
0.499877
0.244069
0.496837
0.470483
0.21609
0.0235049
0.053205
0.638632
0.222203
0.541624
0.00450361
0.32327
0.662
0.228904
0.518328
0.234124
0.662
0.662
0.442335
0.662
0.0671773
0.662
0.245011
0.0217562
0.109457
0.662
0.421564
0.0467914
0.0238173
0.130396
0.636649
0.474384
0.662
0.195909
0.432242
0.662
0.26916
0.662
0.644076
0.634234
0.662
0.202333
0.510545
0.662
0.409723
0.292987
0.44325
0.203495
0.0527243
0.278301
0.0987479
0.0516564
0.662
0.662
0.377509
0.662
0.510954
0.662
0.268724
0.338932
0.429656
0.662
0.162436
0.662
0.662
0.662
0.485927
0.31673
0.662
0.48643
0.475458
0.247973
0.662
0.619639
0.662
0.169893
0.389082
0.359441
0.662
0.453433
0.258509
0.102623
0.299389
0.427603
0.469139
0.501721
0.662
0.195487
0.148939
0.419978
0.220944
0.504662
0.222188
0.526475
0.662
0.662
0.662
0.662
0.662
0.229789
0.662
0.402062
0.662
0.662
0.474197
0.662
0.662
0.662
0.662
0.233224
0.662
0.662
0.518433
0.0571394
0.657037
0.194903
0.662
0.135483
0.365214
0.625545
0.185107
0.575994
0.349274
0.116731
0.662
0.662
0.23248
0.378294
0.137471
0.662
0.281445
0.662
0.57627
0.662
