0.247232
0.638944
0.662
0.41859
0.662
0.662
0.11688
0.662
0.643207
0.662
0.20836
0.35988
0.662
0.662
0.662
0.32617
0.438327
0.653928
0.476607
0.662
0.166664
0.662
0.662
0.662
0.606709
0.662
0.162484
0.308422
0.15656
0.196941
0.216859
0.483639
0.040354
0.340674
0.435769
0.111918
0.662
0.232146
0.0024309
0.57027
0.151216
0.662
0.413676
0.0424604
0.389507
0.662
0.662
0.225706
0.197474
0.392277
0.421221
0.11324
0.662
0.662
0.324243
0.662
0.10329
0.308773
0.263871
0.617175
0.662
0.662
0.390197
0.662
0.662
0.188421
0.160978
0.662
0.662
0.662
0.662
0.217709
0.662
0.662
0.662
0.4392
0.258956
0.0562287
0.628765
0.662
0.420342
0.453606
0.662
0.662
0.618766
0.422805
0.662
0.201292
0.36137
0.662
0.662
0.662
0.338711
0.662
0.662
0.662
0.476461
0.268254
0.662
0.103504
0.662
0.191309
0.568765
0.34211
0.662
0.118242
0.561228
0.311877
0.662
0.464051
0.662
0.662
0.351699
0.233548
0.281242
0.662
0.0681179
0.440343
0.662
0.576993
0.434515
0.26178
0.239623
0.662
0.315175
0.662
0.662
0.662
0.662
0.476935
0.388642
0.662
0.234215
0.662
0.0713097
0.291633
0.662
0.156949
0.465306
0.185421
0.237804
0.0982289
0.187667
0.194965
0.662
0.115413
0.16154
0.149532
0.662
0.20971
0.440453
0.137587
0.415045
0.0508605
0.45999
0.12363
0.159405
0.662
0.662
0.631398
0.374029
0.662
0.172501
0.203918
0.645821
0.469661
0.130897
0.154384
0.662
0.256595
0.662
0.283085
0.662
0.210061
0.662
0.220182
0.662
0.662
0.662
0.4432
0.148026
0.319965
0.265898
0.364594
0.292791
0.509118
0.662
0.575862
0.277014
0.201025
0.652652
0.491788
0.171577
0.383446
0.461789
0.662
0.196883
0.0639585
0.662
0.662
0.662
0.601509
0.238486
0.662
0.662
0.244531
0.0984518
0.0186662
0.660933
0.269858
0.273302
0.19716
0.662
0.662
0.662
0.642382
0.662
0.150815
0.22562
0.550089
0.662
0.24262
0.274626
0.662
0.462396
0.0642753
0.469849
0.184787
0.190939
0.141113
0.662
0.662
0.662
0.332451
0.662
0.497615
0.662
0.193479
0.339343
0.662
0.643012
0.662
0.662
0.438426
0.662
0.0115534
0.568744
0.662
0.361734
0.662
0.662
0.662
0.565262
0.356692
0.434012
0.662
0.284492
0.287891
0.259394
0.113824
0.3702
0.22436
0.118248
0.424528
0.662
0.662
0.223624
0.0486624
0.662
0.366842
0.662
0.06905
0.662
0.0425556
0.662
0.0924174
0.0668908
0.409957
0.126628
0.662
0.662
0.662
0.484869
0.342735
0.662
0.114844
0.03358
0.425545
0.662
0.020472
0.0202641
0.354546
0.0229225
0.105685
0.662
0.0902971
0.662
0.36532
0.00631207
0.459815
0.662
0.662
0.587114
0.662
0.662
0.247422
0.662
0.399334
0.426336
0.651413
0.662
0.662
0.641549
0.379946
0.255849
0.186649
0.662
0.662
0.662
0.209776
0.662
0.662
0.40777
0.662
0.662
0.662
0.460671
0.137648
0.312246
0.662
0.662
0.662
0.662
0.214504
0.223736
0.359448
0.662
0.385481
0.662
0.0934703
0.543806
0.187409
0.448334
0.662
0.0553159
0.662
0.271401
0.662
0.303
0.151268
0.436895
0.215133
0.438993
0.662
0.662
0.662
0.662
0.21182
0.662
0.662
0.432787
0.382925
0.364989
0.372254
0.555679
0.662
0.0217418
0.662
0.244937
0.662
0.662
0.191269
0.0433646
0.189851
0.662
0.662
0.662
0.662
0.381478
0.254749
0.662
0.326812
0.662
0.458043
0.662
0.622736
0.0667682
0.662
0.08612
0.337464
0.662
0.545975
0.50325
0.662
0.662
0.448096
0.262302
0.662
0.292658
0.243576
0.111946
0.0115261
0.295622
0.662
0.217481
0.4519
0.240684
0.0579796
0.662
0.497149
0.0501162
0.0253084
0.662
0.137714
0.662
0.662
0.662
0.662
0.0576132
0.335983
0.662
0.662
0.109967
0.662
0.248189
0.662
0.274019
0.662
0.662
0.662
0.391676
0.100589
0.662
0.170877
0.662
0.662
0.133576
0.662
0.135816
0.0388985
0.651393
0.662
0.340857
0.299139
0.527447
0.391689
0.274114
0.198449
0.191055
0.0840493
0.662
0.662
0.662
0.402412
0.18546
0.662
0.662
0.662
0.662
0.662
0.662
0.00675111
0.165634
0.184284
0.138271
0.304565
0.197737
0.662
0.138781
0.662
0.236703
0.662
0.146335
0.219807
0.662
0.603906
0.662
0.216669
0.234693
0.662
0.153408
0.626784
0.662
0.549314
0.662
0.464046
0.239118
0.335137
0.319099
0.0532134
0.466513
0.662
0.662
0.376319
0.655031
0.542652
0.202968
0.0564865
0.231621
0.301714
0.662
0.208588
0.513811
0.071359
0.662
0.313651
0.558049
0.252712
0.433205
0.662
0.16846
0.153877
0.302037
0.37573
0.662
0.356769
0.662
0.0820396
0.488973
0.662
0.661913
0.574546
0.368921
0.475439
0.662
0.662
0.662
0.662
0.662
0.662
0.224918
0.662
0.470249
0.00604369
0.293835
0.600894
0.115231
0.662
0.662
0.662
0.662
0.662
0.109549
0.662
0.0332847
0.203654
0.472105
0.662
0.656014
0.662
0.662
0.662
0.412563
0.305018
0.662
0.437853
0.310765
0.293421
0.433516
0.193412
0.662
0.662
0.662
0.645019
0.205867
0.662
0.662
0.308353
0.0722452
0.266329
0.619745
0.662
0.126628
0.295868
0.662
0.61365
0.607435
0.00964761
0.537537
0.629133
0.614647
0.175509
0.601511
0.618487
0.662
0.361226
0.662
0.637499
0.440688
0.0603409
0.662
0.662
0.662
0.444501
0.437365
0.0660672
0.166652
0.662
0.18007
0.276517
0.341199
0.662
0.183647
0.442814
0.662
0.137962
0.336327
0.125547
0.355224
0.314844
0.662
0.244253
0.438071
0.0721469
0.213148
0.662
