0.662
0.662
0.328334
0.662
0.240597
0.391656
0.662
0.235949
0.402432
0.246258
0.191479
0.662
0.662
0.160622
0.189453
0.662
0.662
0.29499
0.598086
0.211105
0.101589
0.283676
0.459026
0.662
0.662
0.507093
0.662
0.662
0.662
0.291026
0.662
0.144566
0.457773
0.380501
0.421934
0.0410934
0.103384
0.662
0.662
0.662
0.182133
0.186288
0.176502
0.662
0.662
0.662
0.468834
0.0529813
0.662
0.0607033
0.242969
0.455848
0.662
0.662
0.317303
0.662
0.585187
0.340846
0.10179
0.246198
0.539336
0.153
0.662
0.662
0.123895
0.662
0.267285
0.427584
0.662
0.662
0.662
0.193333
0.662
0.662
0.490294
0.662
0.227167
0.247543
0.484001
0.554335
0.217594
0.24721
0.0369064
0.662
0.662
0.561437
0.0637044
0.609696
0.662
0.280989
0.662
0.195964
0.400705
0.652351
0.662
0.243269
0.317108
0.662
0.662
0.291025
0.107227
0.662
0.598777
0.662
0.662
0.662
0.662
0.429558
0.290102
0.662
0.605651
0.662
0.578881
0.662
0.662
0.393906
0.0881901
0.110699
0.324517
0.117385
0.662
0.124776
0.662
0.378867
0.662
0.299745
0.114187
0.662
0.267471
0.662
0.662
0.105774
0.36805
0.0787989
0.662
0.662
0.662
0.631174
0.317754
0.662
0.662
0.284135
0.662
0.149647
0.662
0.209992
0.662
0.289462
0.662
0.313114
0.124568
0.156942
0.662
0.56308
0.28262
0.571913
0.662
0.447743
0.662
0.662
0.662
0.662
0.220777
0.169485
0.639849
0.164887
0.473395
0.662
0.330684
0.36853
0.429516
0.223842
0.662
0.109017
0.662
0.245831
0.250817
0.467918
0.662
0.662
0.198835
0.195318
0.662
0.662
0.273873
0.662
0.405071
0.662
0.115628
0.662
0.185009
0.662
0.662
0.662
0.135246
0.192618
0.662
0.662
0.662
0.300363
0.662
0.191159
0.313112
0.604114
0.662
0.270604
0.662
0.200418
0.662
0.104516
0.0484325
0.662
0.662
0.523476
0.662
0.662
0.631868
0.081984
0.420692
0.0173869
0.0405183
0.0697968
0.662
0.662
0.334584
0.0575312
0.00630989
0.0311934
0.662
0.662
0.476826
0.62995
0.502692
0.662
0.114195
0.662
0.662
0.662
0.208548
0.18794
0.341396
0.400379
0.662
0.34978
0.0930374
0.662
0.0961167
0.662
0.367673
0.662
0.48076
0.210121
0.662
0.662
0.662
0.141538
0.557677
0.168281
0.662
0.225461
0.494097
0.321521
0.662
0.375525
0.662
0.662
0.662
0.662
0.274741
0.181012
0.474902
0.662
0.323037
0.209843
0.191337
0.00340322
0.662
0.307406
0.662
0.24229
0.662
0.662
0.330696
0.440392
0.323207
0.625674
0.662
0.662
0.338808
0.496781
0.429557
0.156316
0.228822
0.662
0.662
0.586983
0.451243
0.153289
0.242414
0.478461
0.00679857
0.271671
0.662
0.153936
0.662
0.662
0.662
0.662
0.293717
0.418196
0.48888
0.143843
0.222111
0.389131
0.420204
0.346893
0.253942
0.152739
0.409197
0.380613
0.232607
0.662
0.628022
0.125069
0.318602
0.62989
0.214173
0.420781
0.517193
0.157921
0.662
0.662
0.401984
0.467202
0.662
0.0491291
0.662
0.268589
0.662
0.436869
0.184772
0.662
0.207919
0.170494
0.662
0.288595
0.284261
0.481843
0.270408
0.0879381
0.168431
0.127667
0.165076
0.209166
0.368539
0.34781
0.662
0.39618
0.153336
0.662
0.662
0.656038
0.0249708
0.0607736
0.662
0.662
0.662
0.662
0.662
0.248569
0.662
0.662
0.662
0.228192
0.662
0.371428
0.662
0.315604
0.662
0.597208
0.217558
0.429979
0.0636451
0.662
0.222314
0.418065
0.1994
0.205451
0.662
0.662
0.662
0.662
0.227346
0.662
0.337542
0.545823
0.662
0.662
0.46754
0.263048
0.662
0.143497
0.126787
0.286503
0.662
0.629706
0.389232
0.623058
0.150626
0.473308
0.662
0.491058
0.188764
0.662
0.101288
0.185509
0.277571
0.662
0.662
0.15475
0.248135
0.662
0.00148538
0.345094
0.0684233
0.468169
0.246685
0.662
0.662
0.201763
0.662
0.662
0.204615
0.104471
0.010025
0.662
0.40956
0.347204
0.662
0.335452
0.662
0.662
0.31714
0.662
0.662
0.266654
0.420979
0.165103
0.379465
0.220461
0.219016
0.367144
0.349103
0.19461
0.15986
0.662
0.286644
0.662
0.662
0.662
0.662
0.17224
0.662
0.662
0.662
0.662
2.41454e-05
0.662
0.0177441
0.0628066
0.662
0.205584
0.219392
0.662
0.662
0.339522
0.443136
0.10406
0.0900119
0.278349
0.0518765
0.493779
0.662
0.632027
0.662
0.662
0.271089
0.314893
0.460017
0.504898
0.194162
0.380994
0.356831
0.662
0.219964
0.0280785
0.380554
0.176105
0.436857
0.219608
0.409619
0.409437
0.146591
0.662
0.662
0.662
0.421076
0.662
0.662
0.662
0.443033
0.457229
0.559211
0.484399
0.36279
0.33406
0.075831
0.450314
0.360855
0.662
0.193482
0.662
0.290148
0.113105
0.287519
0.662
0.662
0.662
0.250284
0.141498
0.662
0.00342553
0.662
0.180593
0.223944
0.546957
0.662
0.283764
0.328299
0.662
0.318263
0.639231
0.662
0.248703
0.662
0.556353
0.295295
0.00231543
0.340006
0.306788
0.662
0.148698
0.662
0.445612
0.514329
0.447052
0.0375855
0.662
0.170744
0.183659
0.662
0.662
0.662
0.0287903
0.133649
0.358236
0.210357
0.135217
0.415451
0.662
0.62897
0.662
0.662
0.200303
0.0684355
0.662
0.198938
0.20616
0.662
0.116415
0.460799
0.245558
0.20324
0.330913
0.662
0.662
0.662
0.609796
0.662
0.200175
0.662
0.0100939
0.662
0.11307
0.662
0.195035
0.351237
0.616564
0.662
0.358941
0.662
0.662
0.157447
0.336111
0.461763
0.264873
0.662
0.430347
0.662
0.310813
0.0352556
0.143617
0.0620768
0.662
0.662
0.401612
0.450279
0.348809
0.369896
0.259123
0.332449
0.122967
0.662
0.662
0.219881
0.662
0.431966
0.662
0.662
0.662
0.662
0.0813134
0.35845
0.662
0.662
0.662
0.259796
0.102748
0.288348
0.380441
0.662
0.45057
0.296184
0.662
0.425073
0.121487
0.185669
0.189582
0.662
0.585884
0.662
0.592929
0.0420978
0.384461
0.662
0.603723
0.648445
0.237544
0.00464975
0.557099
0.219734
0.188712
0.127731
0.307935
0.646412
0.19451
0.377456
0.261894
0.662
0.0563495
0.377163
0.445819
0.65637
0.064506
0.196246
0.202761
0.548484
0.208301
0.0848224
0.224032
0.662
0.260139
0.51782
0.358546
0.662
5.79814e-06
0.449103
0.488791
0.119074
0.662
0.0497284
0.111288
0.336137
0.662
0.662
0.662
0.00139578
0.662
0.303163
0.662
0.662
0.199963
0.170941
0.119356
0.214538
0.345384
0.431106
0.0939697
0.259381
0.662
0.391344
0.662
0.200049
0.662
0.439784
0.495773
0.319868
0.662
0.64722
0.453597
0.127775
0.253035
0.275302
0.313891
0.495488
0.662
0.662
0.662
0.662
0.592881
0.496698
0.662
0.207916
0.662
0.662
0.662
0.257788
0.662
0.662
0.413869
0.650018
0.130385
0.0272057
0.662
0.236578
0.40965
0.662
0.281111
0.310673
0.200888
0.662
0.592453
0.196486
0.390167
0.426273
0.622225
0.406786
0.250929
0.506559
0.662
0.662
0.609049
0.662
0.446525
0.33975
0.662
0.0605064
0.0415575
0.662
0.241637
0.662
0.662
0.29075
0.662
0.662
0.0512126
0.370892
0.662
0.662
0.662
0.662
0.337977
0.662
0.22353
0.662
0.662
0.184821
0.00526203
0.662
0.17384
0.149363
0.662
0.662
0.662
0.338856
0.662
0.596785
0.662
0.404723
0.198224
0.662
0.662
0.303565
0.438653
0.534368
0.662
0.662
0.0102294
0.662
0.662
0.0816836
0.662
0.000972438
0.400031
0.507592
0.25671
0.662
0.662
0.461666
0.637741
0.340489
0.00271887
0.202328
0.662
0.180075
0.662
0.390261
0.13757
0.662
0.205835
0.662
0.662
0.214758
0.217941
0.662
0.662
0.542198
0.455264
0.29044
0.637872
0.292144
0.366471
0.398683
0.519586
0.662
0.662
0.623086
0.370367
0.628982
0.186767
0.0601759
0.126204
0.662
0.457261
0.261848
0.592468
0.308403
0.662
0.662
0.239537
0.662
0.276485
0.662
0.608353
0.369312
0.539773
0.0329758
0.662
0.662
0.662
0.662
0.303863
0.245811
0.142289
0.361483
0.566266
0.500587
0.0781781
0.378398
0.0906721
0.251686
0.662
0.454622
0.662
0.302545
0.662
0.292255
0.09624
0.662
0.26309
0.117493
0.662
0.4757
0.331989
0.408841
0.318065
0.662
0.45655
0.449146
0.249081
0.662
0.662
0.662
0.28359
0.0169936
0.369709
0.662
0.662
0.435498
0.174456
0.147214
0.662
0.662
0.662
0.662
0.00212409
0.450017
0.323025
0.0547308
0.350596
0.662
0.662
0.237738
0.662
0.662
0.00462874
0.662
0.360236
0.142087
0.0180935
0.38728
0.185309
0.021739
0.132825
0.148753
0.164247
0.284466
0.662
0.662
0.662
0.595567
0.637964
0.539209
0.437732
0.426473
0.235676
0.662
0.662
0.662
0.655301
0.253317
0.145866
0.662
0.0472022
0.233982
0.662
0.557159
0.228514
0.489757
0.579062
0.0026912
0.504578
0.591433
0.662
0.486692
0.390701
0.260193
0.662
0.195294
0.662
0.61594
0.408205
0.237531
0.410228
0.0985021
0.662
0.122598
0.37997
0.483808
0.298718
0.270391
0.271937
0.326333
0.662
0.621125
0.662
0.662
0.662
0.288454
0.492413
0.301023
0.398623
0.662
0.53862
0.293152
0.0957978
0.662
0.662
0.336544
0.279536
0.306722
0.218725
0.662
0.662
0.662
0.485543
0.0824561
0.662
0.232918
0.256663
0.662
0.634763
0.200685
0.662
0.0802737
0.14823
0.662
0.126002
0.662
0.0543231
0.649106
0.313166
0.201999
0.453503
0.662
0.228378
0.662
0.405533
0.662
0.662
0.359733
0.662
0.662
0.148602
0.662
0.334566
0.662
0.609058
0.232818
0.218674
0.160224
0.179032
0.662
0.369855
0.662
0.662
0.22258
0.662
0.557448
0.382043
0.640985
0.662
0.662
0.366586
0.319588
0.413135
0.662
0.662
0.131622
0.169215
0.421014
0.662
0.662
0.0203118
0.107859
0.571767
0.042839
0.207052
0.0470586
0.415574
0.185042
0.662
0.662
0.662
0.662
0.291283
0.662
0.332004
0.662
0.662
0.662
0.662
0.662
0.0443277
0.662
0.662
0.249724
0.356381
0.186724
0.0736961
0.280938
0.662
0.033957
0.465449
0.662
0.662
0.662
0.111601
0.398027
0.662
0.662
0.100724
0.236537
0.444994
0.0515781
0.32813
0.0580511
0.662
0.343135
0.13104
0.21521
0.258185
0.476814
0.263298
0.463779
0.197341
0.263311
0.1247
0.662
0.244907
0.662
0.662
0.662
0.662
0.226437
0.662
0.662
0.127047
0.139931
0.662
0.449966
0.0702244
0.662
0.302074
0.662
0.409979
0.108123
0.662
0.662
0.662
0.276745
0.100608
0.212186
0.431664
0.662
0.258047
0.202131
0.57345
0.404374
0.662
0.419875
0.662
0.341962
0.662
0.422908
0.0130665
0.662
0.662
0.662
0.662
0.149992
0.600784
0.662
0.440804
0.662
0.41801
0.139995
0.662
0.325278
0.582078
0.201222
0.662
0.662
0.00209224
0.458333
0.662
0.223678
0.385244
0.031419
0.662
0.662
0.662
0.377345
0.0812887
0.225517
0.16075
0.481566
0.317766
0.662
0.0985696
0.291067
0.218457
0.662
0.662
0.424872
0.662
0.293771
0.662
0.0261928
0.662
0.534992
0.586361
0.333702
0.662
0.662
0.662
0.662
0.418514
0.434605
0.0386261
0.118295
0.662
0.310762
0.267698
0.662
0.298134
0.662
0.566682
0.642469
0.662
0.662
0.234302
0.662
0.662
0.0422574
0.662
0.254301
0.232781
0.46955
0.229382
0.662
0.662
0.662
0.356324
0.451001
0.206544
0.662
0.447673
0.37624
0.46611
0.662
0.366828
0.662
0.662
0.124154
0.186833
0.662
0.584152
0.662
0.271723
0.504315
0.662
0.662
0.109365
0.662
0.348005
0.058618
0.662
0.213411
0.662
0.662
0.377166
0.662
0.212203
0.662
0.662
0.640874
0.165973
0.216244
0.519804
0.662
0.662
0.194692
0.356036
0.261573
0.662
0.315776
0.384101
0.289159
0.0301686
0.00102197
0.0086381
0.458123
0.201547
0.115496
0.329573
0.204221
0.518959
0.662
0.371378
0.467275
0.00983086
0.662
0.0996631
0.456101
0.354012
0.662
0.63339
0.662
0.0935192
0.662
0.662
0.528109
0.344029
0.439963
0.662
0.556336
0.344273
0.539653
0.263041
0.18632
0.460737
0.662
0.662
0.292521
0.0340681
0.662
0.662
0.433574
0.662
0.662
0.662
0.284874
0.662
0.371378
0.662
0.662
0.466588
0.322629
0.531927
0.395471
0.143292
0.0079372
0.662
0.424011
0.662
0.662
0.662
0.634693
0.453804
0.000576119
0.0796671
0.198367
0.199306
0.662
0.206308
0.388859
0.195682
0.662
0.247772
0.157895
0.199375
0.662
0.383756
0.181764
0.662
0.390545
0.448921
0.39791
0.662
0.333435
0.662
0.381666
0.00338322
0.267046
0.288281
0.0221723
0.662
0.283077
0.316408
0.422176
0.662
0.45495
0.662
0.662
0.662
0.278465
0.466072
0.662
0.662
0.263228
0.101648
0.662
0.0035883
0.0385802
0.268776
0.662
0.662
0.102549
0.433032
0.37878
0.474058
0.0187211
0.321425
0.0625263
0.662
0.255662
0.0999303
0.301996
0.420548
0.50204
0.489234
0.0403934
0.662
0.162965
0.448075
0.398286
0.662
0.662
0.662
0.425945
0.662
0.201525
0.220483
0.477238
0.662
0.236788
0.223063
0.581985
0.192544
0.32373
0.288757
0.291523
0.468412
0.381462
0.662
0.380814
0.662
0.124464
0.260348
0.213607
0.662
0.646514
0.662
0.662
0.662
0.301277
0.185409
0.238554
0.0439433
0.21136
0.662
0.662
0.430287
0.662
0.0451848
0.13552
0.00840246
0.10341
0.44676
0.662
0.662
0.079857
0.0921284
0.351883
0.662
9.04806e-05
0.448368
0.395713
0.476754
0.662
0.149759
0.345894
0.662
0.662
0.201349
0.662
0.126089
0.662
0.662
0.292304
0.0717676
0.0906062
0.193463
0.221776
0.662
0.662
0.0858696
0.356645
0.662
0.251945
0.250696
0.0742828
0.662
0.141918
0.492672
0.662
0.446888
0.662
0.271632
0.662
0.294158
0.0431483
0.662
0.662
0.585072
0.497403
0.662
0.218784
0.662
0.115593
0.662
0.367675
0.177801
0.28465
0.662
0.602001
0.23819
0.662
0.272199
0.662
0.662
0.217355
0.377105
0.54278
0.000563044
0.662
0.251712
0.0373431
0.160451
0.205026
0.662
0.48275
0.662
0.167504
0.44296
0.445022
0.662
0.290887
0.662
0.480413
0.596826
0.377458
0.35712
0.662
0.662
0.662
0.662
0.662
0.662
0.46522
0.30563
0.259934
0.662
0.409776
0.662
0.662
0.265682
0.0842477
0.103407
0.445953
0.174843
0.22053
0.210642
0.553542
0.662
0.327477
0.344212
0.662
0.662
0.662
0.445152
0.00291882
0.662
0.0800317
0.662
0.279403
0.0383462
0.662
0.21157
0.349262
0.662
0.662
0.662
0.118187
0.662
0.0171383
0.0729978
0.177714
0.662
0.157603
0.492175
0.467348
0.662
0.662
0.662
0.662
0.662
0.0520504
0.333472
0.215108
0.188513
0.562377
0.662
0.404162
0.662
0.662
0.547173
0.662
0.662
0.344304
0.662
0.256851
0.397539
0.555762
0.662
0.662
0.11049
0.619182
0.101999
0.662
0.662
0.662
0.662
0.662
0.340373
0.11681
0.662
0.662
0.662
0.296613
0.159036
0.309287
0.35978
0.662
0.0492053
0.662
0.201429
0.662
0.373084
0.662
0.401784
0.662
0.662
0.662
0.517752
0.22167
0.457167
0.662
0.208326
0.662
0.662
0.662
0.31884
0.196644
0.306102
0.272613
0.36669
0.439537
0.499135
0.173084
0.662
0.159117
0.0147433
0.662
0.158829
0.302401
0.503368
0.4672
0.369188
0.559751
0.0940501
0.172929
0.451218
0.334469
0.236267
0.662
0.662
0.408168
0.662
0.40362
0.662
0.662
0.45768
0.40444
0.559295
0.662
0.186739
0.291653
0.662
0.662
0.190652
0.216041
0.301721
0.129613
0.587975
0.662
0.338249
0.418895
0.662
0.251169
0.662
0.121325
0.662
0.512895
0.662
0.330442
0.201516
0.167163
0.369861
0.306851
0.662
0.354926
0.407482
0.662
0.243251
0.152138
0.662
0.113386
0.0983786
0.289358
0.302325
0.662
0.0988054
0.172997
0.454936
0.154979
0.407546
0.437932
0.391794
0.662
0.662
0.185161
0.589495
0.60991
0.461881
0.518842
0.622401
0.662
0.662
0.662
0.310018
0.662
0.561176
0.140251
0.662
0.0549671
0.662
0.662
0.243679
0.662
0.252185
0.557766
0.251961
0.662
0.471241
0.662
0.00181489
0.144829
0.476471
0.662
0.662
0.662
0.552406
0.662
0.342297
0.401205
0.0372827
0.3868
0.274308
0.662
0.662
0.216997
0.153826
0.53271
0.120206
0.662
0.515072
0.382331
0.0653732
0.115224
0.123394
0.166386
0.662
0.662
0.373879
0.662
0.662
0.468327
0.662
0.662
0.662
0.535317
0.662
0.577398
0.00721022
0.662
0.62366
0.662
0.662
0.24507
0.109893
0.272009
0.662
0.662
0.543627
0.662
0.393757
0.662
0.662
0.0571116
0.332206
0.305918
0.148664
0.289372
0.23452
0.120269
0.343331
0.662
0.662
0.267062
0.309617
0.0338325
0.103828
0.134144
0.303809
0.662
0.570772
0.336572
0.173025
0.480295
0.662
0.129746
0.662
0.662
0.662
0.286213
0.662
0.109112
0.560506
0.430644
0.437318
0.662
0.662
0.344923
0.662
0.662
0.290494
0.252033
0.40226
0.0795163
0.662
0.662
0.503863
0.662
0.662
0.662
0.237838
0.24622
0.0368212
0.40436
0.662
0.662
0.662
0.204467
0.662
0.383003
0.247175
0.0377044
0.662
0.510673
0.662
0.662
0.196978
0.537813
0.662
0.662
0.202124
0.219085
0.239008
0.662
0.422544
0.384911
0.0192833
0.0774928
0.194965
0.00222216
0.662
0.608835
0.112614
0.0165623
0.662
0.539625
0.438804
0.662
0.662
0.662
0.202808
0.662
0.157162
0.148053
0.573711
0.662
0.662
0.224426
0.252683
0.187084
0.662
0.106981
0.662
0.248045
0.662
0.662
0.357442
0.372549
0.662
0.3689
0.0222707
0.662
0.030313
0.454582
0.457041
0.662
0.337174
0.199195
0.662
0.662
0.662
0.21483
0.662
0.0369268
0.129793
0.048069
0.662
0.320652
0.052743
0.241458
0.471888
0.662
0.662
0.215632
0.145894
0.204832
0.399968
0.662
0.662
0.662
0.662
0.344668
0.191592
0.362499
0.499135
0.352648
0.406608
0.662
0.0377881
0.415327
0.151886
0.662
0.662
0.0235779
0.0664795
0.074894
0.317059
0.662
0.662
0.662
0.127376
0.266196
0.662
0.662
0.289681
0.277222
0.255513
0.526037
0.329368
0.330504
0.202016
0.662
0.409766
0.662
0.662
0.662
0.662
0.585035
0.105132
0.192171
0.222521
0.662
0.0658375
0.557221
0.355798
0.169326
0.198271
0.150095
0.220745
0.662
0.522605
0.0709479
0.398882
0.32287
0.199464
0.662
0.662
0.418654
0.431157
0.145188
0.662
0.272742
0.341287
0.662
0.154991
0.662
0.662
0.338356
0.581378
0.662
0.317719
0.413207
0.662
0.273394
0.430338
0.631337
0.100598
0.662
0.0475618
0.0874602
0.662
0.662
0.0508831
0.358191
0.662
0.662
0.662
0.662
0.238079
0.63339
0.113662
0.662
0.207878
0.209188
0.662
0.626134
0.662
0.662
0.662
0.0100036
0.156107
0.627442
0.411823
0.650258
0.338147
0.317433
0.662
0.418914
0.662
0.662
0.475606
0.662
0.662
0.662
0.662
0.662
0.497563
0.662
0.161207
0.0363178
0.275753
0.0911392
0.210719
0.662
0.318325
0.275048
0.662
0.249
0.662
0.255032
0.171849
0.257419
0.662
0.394187
0.662
0.574508
0.662
0.128747
0.0875755
0.202837
0.662
0.662
0.662
0.662
0.284924
0.662
0.662
0.380202
0.192836
0.662
0.662
0.0481529
0.662
0.074629
0.662
0.314973
0.126756
0.179564
0.0619951
0.34881
0.662
0.546271
0.442838
0.225081
0.0415881
0.449125
0.331714
0.312944
0.113189
0.304385
0.662
0.300398
0.324007
0.383558
0.362948
0.662
0.333921
0.662
0.298981
0.27742
0.636647
0.662
0.331346
0.1723
0.0103107
0.204902
0.300244
0.662
0.662
0.269488
0.233043
0.454356
0.203292
0.662
0.236082
0.662
0.480954
0.593573
0.23883
0.662
0.0562849
0.419669
0.525571
0.662
0.662
0.198163
0.433577
0.190962
0.485005
0.238648
0.11436
0.662
0.442582
0.662
0.662
0.0406022
0.320674
0.547074
0.406351
0.661597
0.662
0.262006
0.243571
0.16368
0.386022
0.211109
0.662
0.194849
0.662
0.662
0.305001
0.257711
0.259457
0.102974
0.25743
0.128731
0.208376
0.135081
0.292574
0.475105
0.662
0.221624
0.662
0.0298555
0.662
0.147355
0.662
0.318679
0.167202
0.333747
0.318062
0.119407
0.662
0.119372
0.662
0.417199
0.662
0.662
0.662
0.330722
0.401265
0.34358
0.0872225
0.35336
0.0237027
0.0683113
0.342572
0.285492
0.522892
0.459288
0.120237
0.610752
0.242804
0.21462
0.151181
0.040645
0.4642
0.273375
0.100667
0.662
0.662
0.117307
0.127088
0.411016
0.662
0.187956
0.662
0.662
0.662
0.236963
0.1244
0.662
0.500718
0.662
0.662
0.184715
0.662
0.272011
0.662
0.662
0.432795
0.464975
0.0186077
0.422672
0.662
0.662
0.468419
0.20295
0.509161
0.153901
0.662
0.215789
0.410548
0.186833
0.662
0.209356
0.662
0.31712
0.0842827
0.495469
0.0076138
0.0842182
0.479825
0.0950884
0.429386
0.662
0.0259293
0.457069
0.662
0.596454
0.0415093
0.041864
0.0214573
0.0873179
0.0333408
0.246939
0.325274
0.184391
0.662
0.18105
0.202221
0.497026
0.09841
0.295718
0.662
0.165662
0.54311
0.234183
0.324498
0.662
0.44306
0.349874
0.00206111
0.244885
0.256358
0.480261
0.662
0.288473
0.0852526
0.662
0.172412
0.528673
0.662
0.335281
0.652401
0.218803
0.480756
0.0261033
0.662
0.662
0.662
0.127921
0.662
0.387755
0.662
0.411723
0.662
0.662
0.507593
0.211253
0.662
0.0693135
0.394969
0.27866
0.662
0.662
0.334886
0.662
0.394036
0.47225
0.280597
0.238907
0.662
0.662
0.662
0.0413631
0.0531564
0.117495
0.46723
0.662
0.262897
0.662
0.662
0.662
0.157876
0.406247
0.662
0.0179896
0.662
0.23056
0.192272
0.0869549
0.476826
0.378274
0.209493
0.35177
0.198776
0.16363
0.298689
0.662
0.662
0.0720725
0.13268
0.367372
0.325078
0.662
0.0727036
0.414619
0.662
0.662
0.0306041
0.37859
0.662
0.0424582
0.0860017
0.201794
0.411465
0.375467
0.662
0.472
0.546791
0.309886
0.484137
0.662
0.34243
0.638543
0.30267
0.662
0.587012
0.662
0.206644
0.417858
0.419368
0.443415
0.25751
0.113264
0.402751
0.239479
0.451289
0.662
0.485899
0.662
0.327243
0.662
0.445226
0.180388
0.264779
0.567981
0.172986
0.337389
0.0596988
0.549065
0.0517153
0.368207
0.662
0.356882
0.662
0.342849
0.328363
0.508803
0.143237
0.662
0.322272
0.265913
0.330952
0.662
0.662
0.662
0.162269
0.662
0.421097
0.662
0.247657
0.491797
0.662
0.662
0.662
0.0773842
0.283726
0.0699318
0.483609
0.227746
0.25508
0.472169
0.534352
0.662
0.197626
0.662
0.662
0.181729
0.353811
0.662
0.662
0.0642489
0.162465
0.662
0.662
0.0945326
0.662
0.662
0.0179962
0.133949
0.30394
0.662
0.359638
0.0728645
0.145508
0.238748
0.101324
0.34214
0.662
0.662
0.356988
0.662
0.191976
0.662
0.662
0.41176
0.417548
0.473399
0.662
0.303567
0.388744
0.0124985
0.662
0.662
0.260581
0.0784376
0.662
0.0575858
0.434053
0.00580602
0.662
0.662
0.164428
0.160212
0.662
0.54065
0.395105
0.662
0.203339
0.662
0.662
0.662
0.662
0.662
0.662
0.454658
0.166548
0.56613
0.201082
0.662
0.662
0.538812
0.662
0.632976
0.012247
0.662
0.232234
0.27549
0.168642
0.662
0.662
0.373906
0.648653
0.51581
0.662
0.420883
0.16746
0.662
0.143191
0.23114
0.525158
0.662
0.30677
0.402385
0.238949
0.34661
0.662
0.416181
0.229777
0.662
0.106553
0.251622
0.520512
0.662
0.662
0.394604
0.393477
0.100905
0.662
0.534183
0.516145
0.0876718
0.239121
0.662
0.106651
0.159022
0.395438
0.520978
0.136683
0.159732
0.46269
0.211207
0.364092
0.662
0.662
0.263716
0.635837
0.256736
0.0626418
0.21323
0.310467
0.662
0.0523908
0.662
0.662
0.437152
0.154439
0.662
0.662
0.662
0.408402
0.202797
0.436666
0.119071
0.132861
0.461274
0.662
0.297634
0.19164
0.662
0.662
0.662
0.21021
0.220314
0.662
0.487293
0.662
0.450285
0.662
0.662
0.662
0.522345
0.00740425
0.333611
0.332105
0.662
0.484866
0.196813
0.560472
0.0742838
0.586118
0.169497
0.662
0.219169
0.20048
0.138323
0.261599
0.662
0.662
0.248988
0.662
0.370621
0.662
0.621831
0.460546
0.269931
0.108598
0.261894
0.125211
0.34399
0.142372
0.662
0.201461
0.662
0.0130435
0.0531101
0.662
0.39609
0.58073
0.662
0.282912
0.323472
0.662
0.662
0.406914
0.475134
0.662
0.0409769
0.28575
0.379745
0.192795
0.662
0.0781736
0.662
0.662
0.63033
0.662
0.197265
0.662
0.662
0.225529
0.365228
0.662
0.390965
0.662
0.662
0.487264
0.359663
0.265921
0.309688
0.311152
0.662
0.640356
0.204154
0.173162
0.40225
0.662
0.327984
0.461858
0.236894
0.662
0.302087
0.277793
0.496584
0.662
0.23699
0.662
0.358907
0.662
0.150086
0.338829
0.177104
0.156134
0.61629
0.187606
0.662
0.399748
0.328175
0.528332
0.662
0.0415468
0.205877
0.629789
0.209267
0.567407
0.26843
0.190278
0.386032
0.45318
0.662
0.662
0.662
0.30495
0.662
0.380134
0.184563
0.662
0.253447
0.662
0.130007
0.662
0.219934
0.662
0.0334378
0.662
0.662
0.0387019
0.662
0.448712
0.662
0.662
0.356421
0.662
0.662
0.151655
0.18921
0.48326
0.662
0.662
0.252025
0.218967
0.0799173
0.321646
0.662
0.531851
0.563261
0.125639
0.662
0.662
0.662
0.662
0.662
0.631557
0.3877
0.253632
0.0916026
0.486815
0.247461
0.0439147
0.428387
0.259539
0.662
0.662
0.532378
0.445627
0.657925
0.0735121
0.662
0.457817
0.0676412
0.149996
0.201881
0.662
0.286264
0.225751
0.254249
0.662
0.221399
0.219253
0.207696
0.312317
0.662
0.194583
0.662
0.448334
0.662
0.311398
0.527743
0.662
0.59644
0.538744
0.152779
0.197578
0.662
0.28187
0.662
0.0855698
0.247085
0.475473
0.662
0.662
0.283703
0.662
0.662
0.662
0.197373
0.662
0.477153
0.185867
0.218486
0.0208027
0.442512
0.662
0.368502
0.222417
0.616804
0.662
0.387321
0.194006
0.335376
0.662
0.662
0.662
0.493154
0.662
0.201608
0.662
0.00954363
0.662
0.662
0.36546
0.422414
0.605741
0.125514
0.662
0.506715
0.0995442
0.662
0.662
0.031545
0.284894
0.0458191
0.634285
0.662
0.264214
0.662
0.168898
0.513381
0.662
0.00489283
0.662
0.662
0.662
0.662
0.315437
0.257498
0.0516423
0.662
0.274128
0.402248
0.268207
0.244092
0.049348
0.662
0.662
0.166898
0.662
0.112505
0.333953
0.662
0.662
0.26378
0.203039
0.431663
0.278122
0.662
0.115367
0.265113
0.662
0.281438
0.662
0.0804418
0.480933
0.14647
0.139998
0.29468
0.662
0.389682
0.19434
0.113014
0.662
0.122398
0.662
0.212065
0.207592
0.662
0.662
0.662
0.216095
0.0426836
0.142471
0.277378
0.662
0.451855
0.198993
0.662
0.662
0.136014
0.474336
0.662
0.153162
0.205291
0.22145
0.464468
0.412989
0.662
0.136252
0.0756664
0.662
0.0994255
0.318361
0.662
0.406494
0.471295
0.224479
0.056665
0.19593
0.19641
0.662
0.422922
0.662
0.662
0.0556207
0.0291599
0.374404
0.662
0.662
0.662
0.662
0.362163
0.662
0.393303
0.272661
0.662
0.662
0.662
0.662
0.662
0.662
0.373096
0.47642
0.199054
0.0775094
0.396086
0.0843937
0.399984
0.0358258
0.104598
0.105831
0.553536
0.226636
0.379836
0.662
0.281918
0.205985
0.662
0.662
0.662
0.0828342
0.219475
0.19241
0.263521
0.0673648
0.662
0.337026
0.291524
0.662
0.208635
0.662
0.662
0.662
0.662
0.137679
0.316538
0.662
0.570998
0.662
0.662
0.338142
0.618969
0.422289
0.371613
0.177862
0.19299
0.662
0.286387
0.322221
0.000678321
0.38399
0.319851
0.306645
0.0347644
0.0547051
0.358946
0.662
0.466593
0.0141199
0.113702
0.0215185
0.294078
0.402875
0.189199
0.563488
0.4049
0.375199
0.436823
0.387958
0.332343
0.464947
0.662
0.662
0.185243
0.47936
0.268547
0.42981
0.404259
0.662
0.214166
0.662
0.662
0.203182
0.662
0.662
0.496974
0.373415
0.117097
0.662
0.662
0.662
0.583378
0.470284
0.440999
0.621918
0.259812
0.662
0.499622
0.662
0.279358
0.405171
0.60892
0.207431
0.350666
0.153935
0.216031
0.662
0.662
0.60621
0.345556
0.264597
0.662
0.662
0.662
0.348772
0.469744
0.662
0.205482
0.662
0.351876
0.0797389
0.421387
0.158896
0.413622
0.471676
0.342764
0.662
0.662
0.662
0.662
0.361725
0.405784
0.0965102
0.569761
0.316234
0.294395
0.137932
0.409646
0.469186
0.462762
0.462805
0.662
0.662
0.489463
0.662
0.107551
0.662
0.348405
0.312481
0.322232
0.608576
0.102961
0.336792
0.140863
0.374973
0.443293
0.153505
0.662
0.662
0.202323
0.324507
0.22526
0.17081
0.662
0.238736
0.343613
0.662
0.662
0.662
0.196968
0.340659
0.509218
0.662
0.171501
0.407956
0.468582
0.404673
0.152304
0.662
0.132309
0.662
0.662
0.405742
0.662
0.0355514
0.629408
0.662
0.662
0.662
0.200224
0.488645
0.408436
0.662
0.199331
0.662
0.357344
0.662
0.662
0.370518
0.146426
0.296487
0.548737
0.214192
0.239454
0.477148
0.0665486
0.662
0.373324
0.163954
0.378287
0.662
0.380162
0.662
0.424223
0.662
0.253532
0.426649
0.103775
0.444658
0.106551
0.662
0.632459
0.435761
0.53279
0.018232
0.155312
0.0967733
0.662
0.662
0.223834
0.662
0.662
0.662
0.375227
0.207992
0.148859
0.0886847
0.662
0.282147
0.662
0.662
0.662
0.650692
0.644932
0.106506
0.662
0.243281
0.62333
0.130643
0.251321
0.18261
0.662
0.662
0.057114
0.122766
0.210976
0.413026
0.185076
0.145228
0.483238
0.322678
0.293618
0.281319
0.662
0.320222
0.0547022
0.370953
0.329028
0.662
0.517934
0.199211
0.63887
0.662
0.662
0.275657
0.403747
0.208777
0.226121
0.662
0.0508951
0.662
0.331334
0.230405
0.127576
0.662
0.630505
0.306309
0.125599
0.662
0.386018
0.193632
0.662
0.662
0.0320105
0.280107
0.409568
0.31773
0.662
0.55676
0.583329
0.0501315
0.662
0.641705
0.662
0.277866
0.420989
0.10445
0.153017
0.15541
0.115204
0.0374475
0.472466
0.128579
0.662
0.156958
0.532042
0.662
0.174171
0.424617
0.347661
0.422824
0.662
0.369503
0.0913307
0.662
0.662
0.444277
0.662
0.326491
0.0277876
0.378252
0.430653
0.662
0.662
0.570174
0.0879349
0.662
0.662
0.662
0.102617
0.462862
0.375628
0.157926
0.240062
0.364571
0.662
0.662
0.662
0.433894
0.104517
0.203987
0.432545
0.662
0.662
0.662
0.386965
0.662
0.578987
0.662
0.233322
0.662
0.467117
0.0781327
0.662
0.408113
0.662
0.0466352
0.465093
0.0988134
0.401653
0.492484
0.662
0.64638
0.517417
0.25766
0.0358554
0.662
0.329232
0.282764
0.662
0.245162
0.228464
0.0244023
0.00171105
0.361402
0.3966
0.0474589
0.662
0.662
0.0672977
0.662
0.662
0.662
0.662
0.0884938
0.662
0.662
0.392519
0.662
0.662
0.0283957
0.540492
0.354926
0.662
0.127791
0.662
0.480531
0.0749214
0.289479
0.243416
0.439481
0.662
0.35102
0.662
0.224281
0.278774
0.0139909
0.662
0.662
0.170889
0.00674736
0.366962
0.662
0.662
0.171505
0.201952
0.446027
0.366051
0.662
0.0922959
0.662
0.26817
0.155439
0.394611
0.312491
0.251012
0.222986
0.16321
0.662
0.662
0.662
0.468566
0.27735
0.662
0.309838
0.026314
0.326586
0.662
0.33392
0.336612
0.238462
0.270714
0.662
0.326077
0.357264
0.159615
0.219393
0.436559
0.662
0.662
0.662
0.662
0.424274
0.233456
0.662
0.42977
0.603726
0.228808
0.662
0.347229
0.662
0.24724
0.0349132
0.128715
0.662
0.39693
0.662
0.473224
0.662
0.485838
0.334369
0.512094
0.662
0.260253
0.662
0.132576
0.332037
0.187969
0.662
0.289021
0.267674
0.309133
0.46967
0.11829
0.662
0.252965
0.0200867
0.411294
0.662
0.539155
0.662
0.0744703
0.173634
0.231039
0.18953
0.662
0.662
0.662
0.662
0.662
0.385029
0.498214
0.662
0.0966383
0.662
0.434375
0.0063794
0.409457
0.662
0.144486
0.0738045
0.662
0.0723596
0.662
0.662
0.0338498
0.662
0.244674
0.456217
0.333634
0.345114
0.63043
0.0134708
0.482721
0.454458
0.169113
0.453399
0.233139
0.433092
0.662
0.459351
0.224285
0.16295
0.284883
0.18597
0.662
0.188726
0.12919
0.0385688
0.259555
0.216565
0.229568
0.165859
0.662
0.202259
0.662
0.265019
0.101363
0.209968
0.0534234
0.662
0.662
0.662
0.204748
0.0747575
0.446605
0.662
0.662
0.342445
0.662
0.662
0.355646
0.0281344
0.342937
0.405378
0.662
0.546207
0.662
0.506094
0.132091
0.2108
0.662
0.662
0.59291
0.662
0.662
0.662
0.662
0.304292
0.662
0.371229
0.662
0.0244275
0.449077
0.662
0.250251
0.662
0.257018
0.435961
0.358855
0.129968
0.193588
0.0619571
0.34637
0.662
0.188287
0.181274
0.662
0.531561
0.662
0.175701
0.447352
0.662
0.301039
0.247554
0.662
0.0213165
0.662
0.221033
0.204225
0.662
0.400795
0.0450944
0.662
0.662
0.146437
0.662
0.31189
0.662
0.662
0.662
0.380595
0.662
0.330364
0.287234
0.662
0.190984
0.393921
0.662
0.347021
0.662
0.473194
0.341902
0.451823
0.211518
0.662
0.662
0.662
0.662
0.662
0.347462
0.368271
0.662
0.662
0.0109438
0.0756399
0.662
0.662
0.662
0.341725
0.662
0.154109
0.101456
0.662
0.267127
0.662
0.662
0.662
0.0126895
0.343368
0.41285
0.662
0.402774
0.385638
0.662
0.435267
0.104405
0.0781755
0.2202
0.615712
0.643476
0.53251
0.182099
0.0625678
0.382155
0.556894
0.0142983
0.21557
0.662
0.162856
0.199775
0.212299
0.24004
0.419933
0.367829
0.662
0.662
0.662
0.223809
0.662
0.662
0.662
0.217918
0.267072
0.399016
0.237749
0.405675
0.0283394
0.19892
0.305218
0.662
0.662
0.662
0.0514326
0.662
0.662
0.662
0.662
0.416123
0.193641
0.662
0.13477
0.174279
0.468273
0.565253
0.662
0.662
0.662
0.577646
0.398916
0.268339
0.129473
0.425836
0.485564
0.160581
0.26868
0.33018
0.42672
0.231437
0.662
0.434294
0.662
0.662
0.662
0.305615
0.401202
0.314284
0.662
0.401394
0.662
0.662
0.0149589
0.168248
0.572199
0.662
0.351082
0.662
0.662
0.379134
0.491243
0.0147488
0.662
0.662
0.0787353
0.662
0.662
0.662
0.662
0.101096
0.662
0.662
0.604018
0.662
0.147362
0.222803
0.280299
0.662
0.452405
0.225032
0.662
0.337924
0.662
0.662
0.245428
0.662
0.662
0.123886
0.662
0.0134004
0.662
0.119012
0.662
0.528093
0.331834
0.536011
0.118959
0.662
0.662
0.662
0.206626
0.656158
0.391212
0.662
0.26908
0.662
0.325001
0.138348
0.662
0.575194
0.308012
0.181848
0.0243807
0.0564392
0.662
0.287762
0.662
0.481018
0.109091
0.180244
0.662
0.0358856
0.459853
0.334351
0.449355
0.662
0.295381
0.477474
0.227176
0.662
0.378768
0.662
0.662
0.0185472
0.662
0.0666153
0.147082
0.108509
0.217988
0.149501
0.662
0.662
0.211243
0.662
0.662
0.357883
0.662
0.662
0.379928
0.19161
0.277147
0.201597
0.662
0.662
0.440943
0.184042
0.111382
0.662
0.268658
0.161267
0.358856
0.662
0.210188
0.439166
0.232555
0.443483
0.24975
0.661218
0.0618968
0.00136933
0.662
0.386656
0.193323
0.381044
0.662
0.336539
0.662
0.345188
0.336512
0.424887
0.307152
0.662
0.215193
0.0700398
0.415419
0.220576
0.532901
0.662
0.662
0.662
0.662
0.520198
0.240761
0.662
0.662
0.294094
0.31221
0.662
0.342454
0.212852
0.0262691
0.408359
0.457318
0.541777
0.317371
0.662
0.662
0.662
0.662
0.662
0.129196
0.199535
0.297859
0.662
0.499231
0.345047
0.352808
0.444023
0.654645
0.305738
0.182617
0.656556
0.455829
0.662
0.363841
0.295312
0.0764845
0.152091
0.01923
0.127345
0.116039
0.662
0.522767
0.662
0.187196
0.662
0.662
0.459437
0.475782
0.418344
0.662
0.662
0.34986
0.398946
0.662
0.293818
0.217301
0.0852339
0.662
0.379841
0.662
0.662
0.109496
0.259033
0.175489
0.186051
0.128327
0.110999
0.310188
0.301472
0.662
0.554013
0.662
0.513544
0.189346
0.553415
0.296669
0.662
0.494796
0.346446
0.379486
0.194278
0.662
0.160579
0.662
0.215599
0.662
0.662
0.00578995
0.368431
0.49129
0.343068
0.211659
0.145704
0.361659
0.662
0.662
0.662
0.240671
0.419541
0.65024
0.265959
0.631326
0.422501
0.662
0.088209
0.126624
0.662
0.662
0.550189
0.403476
0.259938
0.455886
0.662
0.662
0.662
0.184705
0.378562
0.662
0.662
0.199387
0.161335
0.051485
0.405717
0.662
0.662
0.662
0.243872
0.662
0.102275
0.662
0.558359
0.522003
0.306799
0.463116
0.662
0.662
0.221664
0.662
0.662
0.26719
0.662
0.250835
0.0917703
0.662
0.27129
0.22416
0.0458132
0.431893
0.662
0.401563
0.389528
0.466102
0.147184
0.662
0.349594
0.0257394
0.662
0.454557
0.481894
0.221098
0.645474
0.662
0.505187
0.311856
0.662
0.0914067
0.240898
0.662
0.0932094
0.662
0.63523
0.0132809
0.662
0.422659
0.662
0.343713
0.662
0.047853
0.662
0.662
0.37972
0.662
0.0842579
0.362441
0.190883
0.662
0.328779
0.564794
0.272989
0.662
0.662
0.29017
0.662
0.0570959
0.662
0.662
0.182838
0.51547
0.662
0.129688
0.441105
0.215391
0.194393
0.662
0.333844
0.662
0.662
0.662
0.453763
0.662
0.358245
0.662
0.410977
0.589043
0.33527
0.662
0.662
0.456213
0.662
0.148582
0.662
0.662
0.168604
0.662
0.339285
0.662
0.614969
0.662
0.662
0.662
0.1669
0.603871
0.662
0.0611076
0.452944
0.662
0.109488
0.5106
0.105008
0.0510121
0.662
0.662
0.188813
0.181435
0.0419176
0.235913
0.630736
0.416612
0.246655
0.344468
0.215453
0.239917
0.445492
0.662
0.469867
0.340946
0.435924
0.225028
0.662
0.662
0.0297138
0.662
0.195381
0.662
0.662
0.0307929
0.662
0.0429622
0.0396287
0.539809
0.272894
0.662
0.191201
0.0113548
0.662
0.571653
0.153661
0.662
0.147726
0.329977
0.194319
0.0299506
0.443008
0.144953
0.0732612
0.17068
0.662
0.207106
0.662
0.662
0.220291
0.662
0.0817825
0.662
0.463817
0.194758
0.035542
0.662
0.662
0.528677
0.144738
0.415267
0.210739
0.235942
0.662
0.662
0.334959
0.184017
0.00670673
0.662
0.662
0.662
0.0381714
0.454325
0.662
0.662
0.503725
0.231562
0.404724
0.140644
0.469851
0.527456
0.112173
0.219162
0.4003
0.0820915
0.0374973
0.607799
0.662
0.0097634
0.662
0.407037
0.662
0.389239
0.662
0.0761669
0.662
0.662
0.57615
0.168483
0.662
0.0136134
0.615596
0.156812
0.312604
0.662
0.662
0.662
0.0895079
0.398788
0.0743646
0.378645
0.662
0.642248
0.662
0.139602
0.662
0.586
0.207564
0.37314
0.381739
0.662
0.00667309
0.198095
0.313343
0.662
0.662
0.233185
0.662
0.662
0.662
0.662
0.0579556
0.44575
0.662
0.414943
0.468444
0.662
0.0546715
0.463865
0.363294
0.327586
0.416825
0.662
0.662
0.662
0.242412
0.427813
0.370902
0.662
0.662
0.0794564
0.662
0.333281
0.151813
0.477227
0.331352
0.0210354
0.662
0.166663
0.208895
0.651297
0.00262285
0.662
0.662
0.412496
0.271859
0.662
0.191544
0.662
0.18076
0.662
0.662
0.190023
0.138371
0.290102
0.662
0.662
0.662
0.222895
0.662
0.0831757
0.662
0.662
0.662
0.566609
0.389321
0.603039
0.219184
0.108606
0.341357
0.0379549
0.662
0.5074
0.662
0.662
0.662
0.323317
0.242315
0.662
0.662
0.543818
0.662
0.102412
0.592525
0.311592
0.571358
0.662
0.662
0.340397
0.662
0.391569
0.662
0.662
0.662
0.153383
0.628486
0.297418
0.662
0.283471
0.656912
0.662
0.225325
0.662
0.662
0.662
0.446858
0.206358
0.662
0.394277
0.190953
0.662
0.662
0.380973
0.16439
0.308849
0.197388
0.253491
0.281013
0.49169
0.241416
0.607178
0.662
0.0752716
0.662
0.209652
0.081197
0.240941
0.248558
0.0348386
0.431
0.0907311
0.301701
0.662
0.185452
0.662
0.662
0.0635481
0.455103
0.537655
0.191963
0.0511289
0.161475
0.316467
0.453773
0.0536931
0.582409
0.366895
0.662
0.662
0.249668
0.662
0.180143
0.192211
0.194058
0.255753
0.662
0.263615
0.249869
0.662
0.662
0.017697
0.659941
0.105916
0.617913
0.332639
0.158046
0.584354
0.136164
0.0832756
0.00440631
0.662
0.207269
0.662
0.177997
0.404592
0.662
0.662
0.662
0.175462
0.662
0.469945
0.387979
0.187499
0.294252
0.662
0.149103
0.662
0.662
0.342367
0.18972
0.229199
0.169937
0.212839
0.662
0.662
0.350117
0.662
0.629569
0.662
0.662
0.662
0.662
0.417746
0.662
0.284478
0.662
0.0227118
0.300521
0.586747
0.351713
0.279955
0.662
0.235593
0.234506
0.662
0.320454
0.250616
0.342635
0.662
0.370866
0.662
0.216076
0.203882
0.0511362
0.662
0.662
0.0531787
0.662
0.662
0.113143
3.63595e-05
0.347432
0.662
0.180947
0.202751
0.275427
0.662
0.0768211
0.662
0.495981
0.662
0.662
0.662
0.662
0.179431
0.322199
0.221557
0.29218
0.662
0.470508
0.662
0.0495059
0.662
0.662
0.662
0.662
0.093589
0.368909
0.662
0.662
0.28471
0.202542
0.30023
0.170849
0.330113
0.662
0.662
0.662
0.0492861
0.371501
0.662
0.415301
0.408684
0.662
0.490466
0.230046
0.662
0.365686
0.107061
0.335968
0.23877
0.499449
0.326493
0.662
0.662
0.194403
0.662
0.662
0.662
0.253139
0.662
0.337775
0.373335
0.662
0.400082
0.662
0.662
0.662
0.0217324
0.0117933
0.504792
0.357408
0.514555
0.12443
0.199947
0.662
0.336221
0.128338
0.662
0.0233782
0.0927075
0.662
0.0521778
0.456256
0.428241
0.391513
0.640539
0.241727
0.121694
