0.190939
0.662
0.364989
0.662
0.662
0.662
0.137962
0.662
0.662
0.023057
0.662
0.662
0.203654
0.662
0.335137
0.662
0.662
0.662
0.662
0.21182
0.247232
0.662
0.662
0.0433646
0.443404
0.662
0.113285
0.0532134
0.662
0.0403407
0.662
0.0300678
0.462396
0.662
0.662
0.15656
0.518586
0.662
0.219537
0.217481
0.662
0.232082
0.662
0.0270539
0.177656
0.0424604
0.662
0.540155
0.642382
0.372254
0.445054
0.36532
0.433516
0.10329
0.319965
0.34211
0.189851
0.662
0.662
0.0229225
0.407826
0.291406
0.355189
0.348217
0.184841
0.662
0.1435
0.662
0.0406036
0.310344
0.662
0.185421
0.216859
0.133332
0.284492
0.376379
0.662
0.662
0.0840493
0.305018
0.662
0.385481
0.545975
0.100589
0.331064
0.23289
0.662
0.662
0.14062
0.662
0.662
0.17609
0.259394
0.662
0.662
0.662
0.662
0.00631207
0.078765
0.662
0.400089
0.536865
0.292658
0.255849
0.626784
0.661566
0.156949
0.296196
0.141663
0.388202
0.662
0.662
0.232146
0.662
0.113824
0.662
0.662
0.00479504
0.327883
0.661913
0.662
0.593602
0.221594
0.41859
0.662
0.453606
0.524266
0.662
0.662
0.409957
0.308033
0.242998
0.662
0.662
0.662
0.662
0.317203
0.262302
0.0639585
0.662
0.115231
0.340857
0.662
0.662
0.237541
0.233548
0.662
0.662
0.662
0.435737
0.662
0.0820396
0.475439
0.662
0.662
0.230425
0.239118
0.299139
0.628765
0.0982289
0.662
0.662
0.476434
0.662
0.308234
0.662
0.662
0.423518
0.0667913
0.150815
0.165634
0.549272
0.662
0.194965
0.662
0.0425556
0.662
0.44586
0.662
0.133576
0.662
0.629133
0.662
0.071359
0.662
0.662
0.662
0.0713097
0.419577
0.287891
0.550089
0.662
0.662
0.435483
0.662
0.0660672
0.662
0.465306
0.237298
0.281242
0.432787
0.173833
0.0605863
0.662
0.273302
0.606709
0.495885
0.219576
0.175509
0.662
0.08612
0.311877
0.303662
0.356769
0.662
0.525512
0.61365
0.662
0.201025
0.367398
0.352056
0.662
0.637499
0.278141
0.196883
0.215133
0.662
0.662
0.662
0.662
0.662
0.662
0.127385
0.662
0.020472
0.186649
0.0508605
0.293835
0.141113
0.662
0.662
0.662
0.171577
0.662
0.154384
0.340674
0.277014
0.662
0.662
0.393431
0.662
0.118242
0.0562287
0.600894
0.549314
0.662
0.662
0.387854
0.662
0.662
0.662
0.131697
0.338711
0.662
0.283085
0.0871571
0.662
0.662
0.662
0.319099
0.662
0.361536
0.662
0.562268
0.0668908
0.662
0.34707
0.662
0.040354
0.662
0.662
0.223624
0.662
0.372707
0.662
0.115413
0.653928
0.662
0.312246
0.662
0.662
0.392224
0.185257
0.662
0.361734
0.308422
0.390933
0.362011
0.662
0.440453
0.322603
0.662
0.662
0.662
0.188421
0.116964
0.640996
0.662
0.421221
0.0265251
0.662
0.252712
0.662
0.662
0.662
0.109549
0.435574
0.0934703
0.324243
0.149532
0.662
0.662
0.662
0.662
0.643488
0.662
0.662
0.337464
0.575362
0.22436
0.662
0.350093
0.662
0.236853
0.662
0.381478
0.662
0.138914
0.617175
0.121106
0.662
0.28204
0.210061
0.4519
0.662
0.492794
0.114844
0.662
0.200413
0.662
0.601511
0.641549
0.425545
0.662
0.395924
0.662
0.568744
0.607435
0.225908
0.197737
0.438071
0.24262
0.372288
0.138781
0.662
0.440688
0.03358
0.662
0.575854
0.14649
0.464051
0.662
0.662
0.06905
0.662
0.662
0.326812
0.433205
0.200417
0.662
0.603906
0.118248
0.424528
0.662
0.138739
0.0579796
0.662
0.543806
0.662
0.0565089
0.159405
0.437853
0.0496004
0.662
0.291633
0.309433
0.662
0.231814
0.366515
0.638944
0.224918
0.662
0.662
0.413676
0.662
0.37573
0.457401
0.0705105
0.448334
0.662
0.629763
0.662
0.662
0.662
0.662
0.643207
0.662
0.662
0.465786
0.295868
0.662
0.662
0.308773
0.4432
0.650592
0.662
0.18558
0.513811
0.662
0.662
0.619745
0.662
0.662
0.170877
0.246328
0.662
0.662
0.392277
0.162484
0.662
0.662
0.629406
0.662
0.111946
0.234693
0.662
0.0539217
0.662
0.0564865
0.421604
0.271401
0.466513
0.662
0.662
0.217709
0.662
0.662
0.436895
0.252441
0.080569
0.263871
0.662
0.662
0.310765
0.662
0.662
0.662
0.399334
0.569267
0.568134
0.662
0.256595
0.444501
0.662
0.662
0.662
0.526517
0.32898
0.40616
0.662
0.662
0.662
0.0202641
0.662
0.662
0.448096
0.662
0.662
0.662
0.138796
0.662
0.105589
0.151673
0.137854
0.415045
0.0576132
0.194425
0.497149
0.662
0.0902971
0.662
0.662
0.0332847
0.662
0.662
0.662
0.193479
0.438426
0.662
0.542652
0.0024309
0.311354
0.213185
0.662
0.202324
0.460671
0.50325
0.056724
0.662
0.662
0.244531
0.36137
0.651413
0.198449
0.651393
0.655031
0.224772
0.26178
0.662
0.275483
0.244253
0.662
0.662
0.662
0.356692
0.313811
0.0308098
0.472105
0.383446
0.336327
0.662
0.18007
0.254573
0.363997
0.660933
0.662
0.0491298
0.662
0.11324
0.211382
0.217354
0.241758
0.225706
0.197474
0.662
0.20836
0.662
0.0186662
0.187667
0.385765
0.662
0.662
0.205867
0.20971
0.566919
0.587114
0.269858
0.662
0.291417
0.042073
0.662
0.662
0.662
0.327791
0.359448
0.643012
0.412563
0.662
0.662
0.662
0.662
0.418712
0.465958
0.232073
0.601509
0.314844
0.11688
0.268254
0.1527
0.420342
0.388642
0.434012
0.209776
0.42786
0.244937
0.0352802
0.527572
0.662
0.662
0.269532
0.662
0.0915428
0.662
0.437365
0.662
0.16154
0.662
0.457623
0.662
0.0553159
0.662
0.17697
0.662
0.109967
0.183647
0.662
0.501534
0.662
0.662
0.662
0.118284
0.0125855
0.442814
0.662
0.662
0.662
0.662
0.662
0.662
0.527447
0.662
0.110833
0.662
0.662
0.537537
0.645019
0.44659
0.391689
0.13272
0.662
0.243842
0.111918
0.662
0.153408
0.662
0.35988
0.476284
0.662
0.662
0.662
0.461789
0.346156
0.662
0.440534
0.126628
0.0158916
0.652652
0.223518
0.137714
