0.661877
0.662
0.563265
0.662
0.455537
0.662
0.481222
0.662
0.588919
0.662
0.662
0.507031
0.662
0.228298
0.662
0.662
0.279742
0.662
0.342431
0.662
0.662
0.0448788
0.399038
0.662
0.188229
0.662
0.662
0.662
0.20707
0.272995
0.253676
0.378451
0.638043
0.226108
0.0317518
0.662
0.269093
0.662
0.662
0.662
0.0189083
0.662
0.662
0.662
0.0370197
0.662
0.283922
0.589764
0.662
0.313473
0.183187
0.140966
0.459182
0.662
0.461207
0.662
0.278042
0.342444
0.340573
0.662
0.208912
0.348277
0.0430818
0.0645079
0.541349
0.130267
0.445483
0.134539
0.662
0.467926
0.662
0.65157
0.662
0.662
0.0666711
0.580442
0.195807
0.226479
0.19857
0.202167
0.0613338
0.65735
0.662
0.201797
0.662
0.456769
0.662
0.662
0.662
0.662
0.183947
0.192679
0.662
0.13848
0.183356
0.662
0.114375
0.00360765
0.465214
0.281607
0.366612
0.63508
0.147704
0.455302
0.215549
0.474634
0.1713
0.662
0.118931
0.265715
0.662
0.662
0.329516
0.252894
0.258944
0.662
0.33855
0.608893
0.00492133
0.229148
0.0958563
0.509259
0.662
0.662
0.0246618
0.662
0.662
0.239458
0.0695891
0.321203
0.662
0.662
0.662
0.113263
0.127019
0.104442
0.191095
0.662
0.662
0.121388
0.298416
0.611957
0.31622
0.662
0.578982
0.0155991
0.395762
0.662
0.662
0.0764076
0.411352
0.625071
0.262052
0.229311
0.354003
0.484227
0.379591
0.662
0.569468
0.194072
0.151542
0.0681497
0.662
0.222449
0.141445
0.276528
0.250827
0.662
0.662
0.662
0.662
0.238486
0.662
0.48083
0.179549
0.662
0.395724
0.141148
0.279661
0.662
0.186409
0.662
0.217121
0.662
0.662
0.662
0.189572
0.295582
0.662
0.452236
0.389805
0.428209
0.193268
0.258028
0.165102
0.029674
0.169429
0.000933679
0.662
0.662
0.237497
0.662
0.18467
0.189673
0.662
0.203936
0.0842073
0.202997
0.38825
0.228235
0.462398
0.465253
0.0658218
0.284302
0.309635
0.662
0.22523
0.202726
0.199593
0.662
0.662
0.662
0.237053
0.384175
0.65867
0.291023
0.157775
0.662
0.376003
0.633694
0.367254
0.662
0.215721
