0.410658
0.0861748
0.662
0.0625749
0.106869
0.662
0.176157
0.490951
0.662
0.239268
0.0764669
0.662
0.13226
0.327857
0.131872
0.662
0.662
0.662
0.0316918
0.662
0.607404
0.662
0.662
0.662
0.662
0.07555
0.662
0.376117
0.662
0.662
0.662
0.375319
0.43014
0.662
0.203464
0.063609
0.603478
0.662
0.662
0.0817763
0.287549
0.293094
0.662
0.0720864
0.277365
0.0495321
0.61308
0.294117
0.662
0.186223
0.662
0.218296
0.662
0.662
0.662
0.662
0.184
0.662
0.662
0.662
0.662
0.662
0.185239
0.0765824
0.208355
0.333015
0.662
0.60548
0.167951
0.662
0.662
0.358587
0.31831
0.45343
0.269602
0.597669
0.662
0.255481
0.189988
0.662
0.662
0.662
0.662
0.652166
0.468607
0.219345
0.312468
0.438365
0.0817288
0.662
0.525754
0.662
0.114877
0.0118282
0.662
0.289384
0.662
0.662
0.255909
0.0836836
0.662
0.581004
0.0502873
0.662
0.514845
0.662
0.662
0.379401
0.662
0.292453
0.0574972
0.0114211
0.143111
0.431786
0.347578
0.662
0.662
0.225451
0.409947
0.662
0.375979
0.148967
0.109685
0.662
0.320272
0.662
0.101472
0.662
0.662
0.336242
0.58006
0.662
0.0472871
0.662
0.168959
0.633253
0.123986
0.662
0.129781
0.558327
0.410049
0.100396
0.107188
0.436518
0.502612
0.302691
0.423081
0.474421
0.38647
0.622721
0.662
0.36089
0.224459
0.662
0.662
0.662
0.16802
0.452973
0.221911
0.662
0.662
0.197729
0.662
0.662
0.193821
0.125259
0.0396465
0.587026
0.186916
0.662
0.465556
0.25452
0.0910725
0.662
0.662
0.662
0.662
0.467761
0.662
0.581266
0.15041
0.0398029
0.462128
0.662
0.436827
0.662
0.503877
0.0541248
0.395949
0.420157
0.362245
0.558768
0.661241
0.0572575
0.41799
0.0252268
0.375917
0.662
0.3026
0.0390788
0.0205485
0.662
0.445126
0.662
0.124802
0.662
0.245785
0.308514
0.662
0.0209422
0.104096
0.662
0.130153
0.259201
0.662
0.662
0.479767
0.00428356
0.662
0.2398
0.662
0.662
0.662
0.435963
0.00416383
0.662
0.662
0.409302
0.397526
0.662
0.347484
0.662
0.241071
0.662
0.269516
0.373527
0.064765
0.662
0.456653
0.391952
0.0815531
0.662
0.343713
0.493557
0.629098
0.215694
0.662
0.662
0.662
0.662
0.662
0.602719
0.0577244
0.226022
0.339913
0.433317
0.662
0.662
0.373452
0.662
0.662
0.662
0.351816
0.458016
0.662
0.593357
0.480187
0.0490183
0.260554
0.264281
0.662
0.273301
0.662
0.662
0.662
0.483348
0.662
0.662
0.662
0.662
0.502316
0.662
0.662
0.662
0.0440216
0.235137
0.662
0.208484
0.211026
0.142653
0.662
0.662
0.237431
0.223782
0.473306
0.662
0.662
0.662
0.154782
0.0117691
0.662
0.662
0.219001
0.662
0.0964309
0.662
0.662
0.436831
0.335619
0.662
0.313308
0.311644
0.221174
0.447328
0.0550075
0.429582
0.662
0.656966
0.34555
0.662
0.632502
0.191313
0.199544
0.662
0.163681
0.662
0.31679
0.662
0.570253
0.316978
0.662
0.662
0.0269155
0.633599
0.401014
0.529252
0.226458
0.361757
0.487828
0.270146
0.161549
0.662
0.662
0.662
0.247734
0.276048
0.176152
0.662
0.0463127
0.163346
0.662
0.662
0.368253
0.163601
0.0698147
0.4105
0.516588
0.662
0.0443029
0.246643
0.662
0.530339
0.662
0.562131
0.184675
0.0991681
0.662
0.662
0.0909195
0.662
0.662
0.662
0.638951
0.417359
0.662
0.37199
0.131388
0.204971
0.323298
0.0596434
0.178018
0.450203
0.408978
0.283028
0.208984
0.40683
0.288157
0.662
0.662
0.519749
0.662
0.662
0.61144
0.0912485
0.250831
0.273979
0.518853
0.457001
0.450552
0.427635
0.198087
0.323655
0.409565
0.17231
0.171355
0.204329
0.662
0.662
0.0103533
0.662
0.459739
0.662
0.662
0.581771
0.662
0.249678
0.662
0.662
0.662
0.662
0.345927
0.0524179
0.199864
0.627376
0.495772
0.368957
0.461732
0.0112218
0.167882
0.207532
0.477803
0.662
0.662
0.662
0.662
0.211653
0.324793
0.662
0.662
0.285624
0.56239
0.462487
0.44275
0.649465
0.662
0.305079
0.156977
0.209184
0.261334
0.0532542
0.662
0.662
0.53683
0.137917
0.00437642
0.421159
0.662
0.662
0.640436
0.662
0.662
0.662
0.662
0.662
0.662
0.0603165
0.11818
0.662
0.662
0.0906527
0.662
0.662
0.0923152
0.662
0.662
0.662
0.362896
0.178062
0.204421
0.40974
0.276014
0.201118
0.662
0.662
0.662
0.312725
0.182906
0.320209
0.662
0.00667666
0.537524
0.662
0.662
0.164818
0.146968
0.180459
0.126871
0.662
0.27338
0.606982
0.662
0.104989
0.662
0.333561
0.662
0.14657
0.495686
0.662
0.583657
0.662
0.482247
0.221369
0.662
0.0921612
0.470706
0.222145
0.321514
0.160047
0.235876
0.662
0.194689
0.0496094
0.397862
0.120887
0.618205
0.348433
0.461315
0.224102
0.272405
0.662
0.349152
0.00271439
0.662
0.42188
0.662
0.662
0.583847
0.24306
0.662
0.360508
0.552643
0.662
0.0692465
0.662
0.662
0.662
0.143417
0.554582
0.501961
0.662
0.554521
0.662
0.212666
0.557118
0.242511
0.63569
0.592436
0.662
0.20325
0.662
0.0375195
0.662
0.181347
0.391279
0.662
0.367294
0.662
0.662
0.41501
0.472721
0.611424
0.290748
0.0472144
0.662
0.153681
0.662
0.170217
0.0735548
0.662
0.662
0.176477
0.428393
0.662
0.134635
0.224086
0.318519
0.662
0.662
0.434507
0.459154
0.662
0.284838
0.662
0.648621
0.409065
0.273511
0.64976
0.460631
0.526664
0.0685745
0.285549
0.498734
0.268769
0.350803
0.270065
0.163349
0.197481
0.662
0.0783037
0.662
0.331855
0.206995
0.484742
0.662
0.662
0.0143071
0.536092
0.662
0.308041
0.38082
0.0566085
0.662
0.171701
0.17746
0.662
0.383248
0.226675
0.190314
0.30905
0.662
0.47715
0.370165
0.662
0.62947
0.558632
0.662
0.246486
0.662
0.662
0.484602
0.49868
0.226231
0.0992973
0.0719118
0.613225
0.427997
0.381658
0.0956332
0.274128
0.403639
0.216841
0.232131
0.662
0.231169
0.00340775
0.662
0.631481
0.116068
0.523915
0.662
0.257752
0.188682
0.662
0.213294
0.662
0.662
0.217858
0.564398
0.315799
0.2077
0.455568
0.336641
0.662
0.501466
0.0816925
0.662
0.662
0.614866
0.662
0.662
0.262596
0.316795
0.172499
0.0879582
0.662
0.0899289
0.372726
0.156235
0.475042
0.080835
0.158066
0.455707
0.19613
0.303818
0.662
0.330427
0.259184
0.18447
0.248173
0.151808
0.368551
0.662
0.662
0.00842663
0.662
0.104974
0.662
0.662
0.31354
0.411438
0.0333048
0.339738
0.0200047
0.105016
0.662
0.188062
0.47863
0.0182946
0.156284
0.476056
0.662
0.146711
0.26293
0.662
0.476302
0.229255
0.662
0.662
0.220964
0.662
0.123608
0.662
0.662
0.0355996
0.605278
0.200957
0.209612
0.107995
0.662
0.253963
0.662
0.662
0.328179
0.302995
0.487339
0.662
0.662
0.0738152
0.662
0.662
0.123464
0.165941
0.662
0.0876142
0.303115
0.516766
0.287691
0.159696
0.0882059
0.384
0.662
0.662
0.0972987
0.662
0.197955
0.0494252
0.662
0.467631
0.22154
0.662
0.272359
0.153947
0.662
0.26055
0.129895
0.416468
0.0578993
0.203405
0.662
0.662
0.590653
0.118561
0.0894955
0.313255
0.0894982
0.229715
0.662
0.508505
0.0126602
0.15829
