0.247259
0.611957
0.662
0.61841
0.315145
0.603455
0.153909
0.662
0.662
0.452535
0.247769
0.0354807
0.20707
0.662
0.201797
0.662
0.662
0.378451
0.265397
0.662
0.329516
0.652004
0.114375
0.662
0.213422
0.153017
0.662
0.662
0.0294042
0.167785
0.662
0.00492133
0.662
0.662
0.662
0.309635
0.0658218
0.662
0.428209
0.147704
0.662
0.239458
0.32345
0.26552
0.00353889
0.662
0.189673
0.265816
0.662
0.662
0.467926
0.662
0.48083
0.31622
0.662
0.121388
0.662
0.580442
0.0430818
0.233307
0.662
0.387522
0.662
0.302773
0.383446
0.209126
0.278042
0.00590166
0.662
0.299788
0.662
0.465214
0.474634
0.662
0.466965
0.161943
0.335718
0.228698
0.662
0.136539
0.662
0.232788
0.662
0.567686
0.461207
0.222569
0.662
0.195807
0.151542
0.230464
0.662
0.662
0.662
0.179549
0.00934822
0.662
0.29155
0.250644
0.569468
0.662
0.0576373
0.153106
0.662
0.307507
0.252894
0.662
0.342134
0.229311
0.59975
0.209335
0.662
0.343982
0.305037
0.633694
0.662
0.399038
0.0880281
0.662
0.662
0.183947
0.412989
0.0613338
0.318484
0.161356
0.0958563
0.662
0.662
0.289225
0.347841
0.662
0.662
0.217121
0.436183
0.662
0.226479
0.662
0.507031
0.281607
0.13848
0.578982
0.144203
0.077728
0.662
0.191095
0.662
0.662
0.342444
0.325195
0.662
0.662
0.258028
0.0155991
0.239783
0.416796
0.46739
0.662
0.662
0.662
0.662
0.269093
0.195605
0.662
0.253252
0.135354
0.662
0.202167
0.662
0.418597
0.22523
0.662
0.662
0.342431
0.000933679
0.437816
