0.662
0.611868
0.662
0.662
0.28809
0.662
0.662
0.354928
0.229653
0.311794
0.662
0.0184739
0.662
0.451613
0.410665
0.618343
0.662
0.662
0.278835
0.246387
0.662
0.662
0.662
0.662
0.306369
0.63339
0.315194
0.662
0.164986
0.550459
0.4217
0.298231
0.662
0.274113
0.148755
0.662
0.162037
0.185123
0.0971295
0.662
0.224156
0.197144
0.19649
0.662
0.106078
0.662
0.662
0.289827
0.662
0.662
0.055244
0.182322
0.662
0.662
0.233096
0.348421
0.662
0.215427
0.662
0.265753
0.662
0.292205
0.275963
0.331015
0.662
0.662
0.662
0.662
0.284446
0.662
0.662
0.662
0.662
0.530648
0.662
0.15322
0.604395
0.662
0.662
0.474355
0.416523
0.662
0.15159
0.140491
0.662
0.190586
0.325184
0.662
0.175095
0.0944909
0.662
0.662
0.286902
0.276967
0.23642
0.247337
0.662
0.313322
0.662
0.279564
0.353746
0.218965
0.0207684
0.662
0.481507
0.470458
0.383905
0.00100932
0.472905
0.516578
0.662
0.441343
0.252448
0.662
0.480638
0.300771
0.662
0.0261524
0.662
0.662
0.662
0.263274
0.294882
0.24401
0.267793
0.268631
0.520656
0.388674
0.258562
0.662
0.662
0.662
0.137671
0.662
0.0108571
0.45968
0.288034
0.662
0.662
0.662
0.417742
0.143285
0.216105
0.372073
0.662
0.162254
0.372615
0.662
0.0257912
0.662
0.55803
0.662
0.181446
0.662
0.411364
0.467252
0.662
0.629706
0.662
0.450362
0.177339
0.529279
0.662
0.662
0.662
0.211054
0.240274
0.662
0.239149
0.662
0.662
0.195515
0.662
0.399047
0.178782
0.22292
0.455411
0.20922
0.259792
0.350357
0.662
0.300718
0.0633135
0.662
0.225754
0.311412
0.662
0.120163
0.662
0.156537
0.26872
0.662
0.443054
0.19496
0.662
0.0216822
0.662
0.5625
0.662
0.0575512
0.662
0.662
0.316121
0.368692
0.255762
0.662
0.662
0.0647673
0.253923
0.211765
0.316947
0.232669
0.0774371
0.183072
0.370497
0.244871
0.201687
0.254791
0.662
0.0143365
0.108179
0.662
0.662
0.412314
0.284031
0.662
0.662
0.0075871
0.189912
0.0587972
0.145279
0.211881
0.39194
0.179881
0.282738
0.662
0.125549
0.231272
0.662
0.662
0.18909
0.19434
0.662
0.0259561
0.308737
0.502223
0.142063
0.662
0.662
0.0592143
0.662
0.662
0.180073
0.235895
0.63339
0.662
0.281934
0.0439392
0.188315
0.217528
0.258372
0.662
0.460556
0.330833
0.662
0.218638
0.27172
0.662
0.662
0.662
0.662
0.472864
0.0827687
0.0899589
0.662
0.367027
0.662
0.392941
0.662
0.548983
0.662
0.662
0.357937
0.277598
0.0899335
0.26516
0.116448
0.662
0.662
0.251608
0.376318
0.304987
0.090463
0.662
0.0285071
0.662
0.385794
0.152463
0.662
0.437881
0.112404
0.283134
0.267835
0.0128601
0.662
0.379577
0.22038
0.662
0.662
0.662
0.288521
0.202627
0.322603
0.662
0.203722
0.662
0.162843
0.435528
0.378541
0.318158
0.660104
0.187952
0.487034
0.662
0.341665
0.662
0.390875
0.166057
0.662
0.349674
0.662
0.662
0.248755
0.315598
0.662
0.662
0.03407
0.434412
0.359745
0.662
0.21493
0.120734
0.0394805
0.662
0.106678
0.662
0.476205
0.662
0.662
0.243481
0.662
0.662
0.662
0.256309
0.662
0.329281
0.318565
0.209264
0.342626
0.662
0.182176
0.653187
0.662
0.279303
0.24711
0.662
0.662
0.662
0.453884
0.662
0.606077
0.131484
0.279491
0.662
0.662
0.662
0.115198
0.575227
0.375819
0.371079
0.662
0.0964707
0.248631
0.296886
0.0333481
0.175994
0.152784
0.16776
0.0741899
0.144136
0.00644543
0.662
0.662
0.662
0.301028
0.213002
0.0560217
0.106672
0.44636
0.662
0.662
0.662
0.603448
0.662
0.385271
0.321948
0.662
0.283677
0.448578
0.0438322
0.662
0.311456
0.0131346
0.662
0.474916
0.367718
0.0611186
0.461813
0.662
0.0307302
0.225528
0.662
0.662
0.662
0.662
0.636287
0.662
0.662
0.453109
0.252483
0.292883
0.57497
0.256425
0.208646
0.655614
0.506546
0.461065
0.662
0.186916
0.0208418
0.662
0.463054
0.662
0.258331
0.662
0.22268
0.0505258
0.220092
0.105772
0.662
0.662
0.197106
0.662
0.457517
0.227837
0.662
0.662
0.662
0.662
0.662
0.662
0.383397
0.662
0.0565174
0.201015
0.219852
0.220569
0.222503
0.662
0.221573
0.201831
0.178623
0.537932
0.237902
0.662
0.465027
0.202915
0.238621
0.662
0.0402657
0.112581
0.293005
0.198103
0.608408
0.182394
0.662
0.662
0.288546
0.494592
0.203344
0.141014
0.251732
0.379481
0.103598
0.662
0.662
0.103038
0.234947
0.400663
0.30269
0.436307
0.451825
0.118953
0.345499
0.662
0.430399
0.662
0.270443
0.277541
0.662
0.42874
0.662
0.256914
0.318372
0.404173
0.580135
0.122883
0.443822
0.181759
0.285455
0.282461
0.662
0.15259
0.264668
0.116619
0.196478
0.203528
0.119126
0.662
0.662
0.471595
0.662
0.583193
0.493384
0.434352
0.63339
0.483836
0.391665
0.314548
0.214951
0.662
0.662
0.662
0.320369
0.662
0.662
0.662
0.344194
0.662
0.662
0.309365
0.311794
0.662
0.662
0.662
0.662
0.662
0.662
0.111963
0.662
0.0907121
0.662
0.662
0.51737
0.662
0.160936
0.29295
0.662
0.662
0.400077
0.662
0.662
0.411537
0.662
0.390185
0.142275
0.662
0.216614
0.456108
0.662
0.192378
0.662
0.662
0.49944
0.662
0.130935
0.377145
0.233525
0.662
0.137538
0.662
0.662
0.662
0.662
0.662
0.662
0.431416
0.310422
0.421355
0.170492
0.652004
0.208072
0.646828
0.602053
0.00540603
0.426264
0.662
0.188151
0.405171
0.662
0.352747
0.662
0.209434
0.108406
0.428325
0.662
0.315457
0.197787
0.530292
0.662
0.396102
0.662
0.535415
0.351304
0.380137
0.361938
0.274458
0.196895
0.343677
0.662
0.662
0.524168
0.662
0.662
0.346899
0.344745
0.175498
0.237993
0.222856
0.343265
0.0751809
0.612449
0.662
0.247227
0.662
0.193178
0.662
0.218885
0.291377
0.0513773
0.662
0.662
0.277698
0.662
0.662
0.243169
0.662
0.662
0.662
0.662
0.251466
0.662
0.235113
0.234124
0.360294
0.662
0.522411
0.209605
0.304454
0.138458
0.662
0.329802
0.662
0.578757
0.23727
0.21258
0.662
0.163468
0.475415
0.416229
0.662
0.273436
0.125457
0.544853
0.662
0.595564
0.143206
0.662
0.17075
0.662
0.27472
0.662
0.662
0.0843057
0.662
0.460248
0.662
0.191824
0.153501
0.237371
0.192936
0.662
0.643142
0.662
0.602115
0.400627
0.414085
0.370669
0.149202
0.0476954
0.313305
0.336644
0.109858
0.246177
0.662
0.662
0.662
0.232436
0.662
0.444905
0.248326
0.53559
0.574427
0.443977
0.145518
0.140197
0.447452
0.295352
0.514903
0.662
0.662
0.281461
0.332747
0.662
0.662
0.643672
0.662
0.270781
0.204694
0.662
0.662
0.662
0.662
0.662
0.389974
0.314575
0.0707613
0.167397
0.662
0.662
0.0180719
0.662
0.570235
0.662
0.123572
0.662
0.662
0.662
0.24473
0.662
0.478517
0.216345
0.662
0.373147
0.662
0.106655
0.662
0.662
0.497098
0.0887264
0.222721
0.662
0.150463
0.529205
0.254276
0.238686
0.662
0.662
0.662
0.252543
0.662
0.662
0.338654
0.117518
0.662
0.439807
0.197202
0.469893
0.0174459
0.164716
0.418734
0.247875
0.200962
0.468385
0.38532
0.0251399
0.662
0.0956235
0.356919
0.449035
0.0655443
0.100626
0.246782
0.395352
0.171806
0.662
0.662
0.662
0.350804
0.662
0.506393
0.544843
0.507655
0.662
0.423372
0.365003
0.0107733
0.244811
0.468291
0.157603
0.662
0.0508114
0.662
0.105485
0.453902
0.461098
0.662
0.662
0.662
0.245166
0.215643
0.118128
0.662
0.662
0.140973
0.658065
0.662
0.662
0.357611
0.18608
0.662
0.662
0.0655911
0.462272
0.662
0.0166748
0.662
0.387448
0.662
0.0275704
0.218889
0.209668
0.495676
0.662
0.662
0.252741
0.662
0.662
0.36997
0.662
0.0787209
0.662
0.662
0.662
0.662
0.49135
0.230532
0.184751
0.324692
0.306505
0.662
0.662
0.662
0.662
0.215003
0.529248
0.662
0.662
0.662
0.309533
0.662
0.36267
0.452268
0.662
0.532425
0.662
0.662
0.145212
0.055655
0.662
0.473205
0.107208
0.24163
0.0639702
0.662
0.540813
0.0499229
0.0371981
0.662
0.0507345
0.662
0.356464
0.186531
0.0750717
0.662
0.259825
0.575705
0.0661192
0.27041
0.0456501
0.662
0.147936
0.107074
0.662
0.222063
0.442188
0.518794
0.662
0.662
0.576642
0.0928107
0.662
0.195514
0.253456
0.219888
0.361561
0.115672
0.662
0.253855
0.278947
0.0851248
0.0494351
0.23259
0.662
0.32421
0.451304
0.662
0.662
0.662
0.0326259
0.159085
0.340119
0.236299
0.60147
0.662
0.485068
0.344024
0.0939373
0.0558078
0.662
0.662
0.24903
0.151689
0.662
0.662
0.662
0.454103
0.459744
0.434764
0.662
0.662
0.354977
0.193718
0.422723
0.138238
0.662
0.662
0.368659
0.274697
0.192354
0.662
0.662
0.662
0.662
0.452379
0.662
0.662
0.00421948
0.0463983
0.173403
0.662
0.662
0.327712
0.242685
0.0135908
0.396235
0.547869
0.249298
0.0237467
0.662
0.239302
0.156309
0.662
0.662
0.253686
0.662
0.662
0.629532
0.662
0.0130325
0.213955
0.481715
0.662
0.441586
0.457175
0.444712
0.662
0.662
0.662
0.662
0.156052
0.106343
0.65817
0.177041
0.461694
0.662
0.173149
0.195873
0.357901
0.662
0.662
0.0247918
0.662
0.662
0.564613
0.662
0.662
0.224215
0.471463
0.180065
0.429176
0.662
0.346362
0.662
0.503283
0.662
0.0395506
0.662
0.662
0.662
0.662
0.242548
0.139456
0.239879
0.189483
0.381263
0.662
0.222506
0.267091
0.662
0.662
0.662
0.0447996
0.38896
0.465598
0.662
0.370007
0.474869
0.662
0.157971
0.457631
0.0878878
0.662
0.16302
0.662
0.662
0.0490572
0.562481
0.662
0.28772
0.0988701
0.382598
0.662
0.662
0.0162668
0.662
0.62764
0.216298
0.502887
0.662
0.0562365
0.662
0.2475
0.337832
0.662
0.359715
0.092572
0.27099
0.62444
0.487452
0.662
0.184707
0.280424
0.0859822
0.218659
0.389198
0.216762
0.422371
0.383534
0.22326
0.601099
0.187491
0.0376442
0.345981
0.369635
0.662
0.525601
0.662
0.124853
0.376333
0.281822
0.662
0.544785
0.377052
0.213553
0.51711
0.365677
0.0419706
0.0386838
0.456581
0.473929
0.662
0.252476
0.196042
0.272022
0.144376
0.662
0.662
0.662
0.199847
0.662
0.662
0.299228
0.541717
0.456768
0.662
0.0708339
0.662
0.662
0.391586
0.201151
0.347158
0.461108
0.662
0.356012
0.304622
0.336993
0.662
0.0655837
0.662
0.483175
0.662
0.662
0.662
0.060142
0.662
0.20546
0.440974
0.221964
0.662
0.147274
0.140529
0.662
0.662
0.0863349
0.198227
0.662
0.662
0.207438
0.662
0.416271
0.662
0.662
0.662
0.107752
0.662
0.662
0.662
0.662
0.475844
0.38784
0.662
0.662
0.330222
0.335693
0.662
0.104089
0.662
0.151354
0.662
0.662
0.662
0.329995
0.194913
0.303362
0.244509
0.662
0.23628
0.662
0.316873
0.163127
0.328301
0.0589502
0.510065
0.662
0.212569
0.39279
0.344984
0.662
0.461347
0.494771
0.511725
0.324813
0.662
0.603593
0.662
0.335307
0.662
0.662
0.495167
0.33064
0.211252
0.662
0.458649
0.662
0.239642
0.204924
0.662
0.662
0.10309
0.320092
0.662
0.662
0.662
0.608942
0.662
0.181124
0.345592
0.662
0.329537
0.296055
0.443947
0.662
0.207585
0.662
0.128261
0.662
0.193751
0.223434
0.662
0.206594
0.662
0.107591
0.534746
0.662
0.662
0.476296
0.662
0.662
0.662
0.322272
0.662
0.27592
0.662
0.528021
0.2559
0.540724
0.201962
0.280786
0.29062
0.110297
0.13811
0.0549225
0.662
0.198907
0.662
0.193236
0.162316
0.258062
0.152864
0.32945
0.662
0.150796
0.29715
0.621797
0.662
0.15603
0.0313508
0.465201
0.361111
0.662
0.662
0.662
0.662
0.11194
0.226198
0.662
0.0555797
0.172198
0.603449
0.662
0.171013
0.539109
0.662
0.662
0.336667
0.219171
0.662
0.192245
0.145711
0.244002
0.600844
0.224085
0.127839
0.268704
0.0687524
0.60381
0.239841
0.0957498
0.662
0.662
0.441773
0.662
0.622683
0.662
0.662
0.662
0.662
0.662
0.662
0.662
0.662
0.662
0.662
0.509728
0.551936
0.227773
0.662
0.323244
0.549462
0.662
0.662
0.224555
0.475019
0.403303
0.662
0.183501
0.330993
0.64811
0.204773
0.117448
0.454563
0.662
0.662
0.662
0.165269
0.662
0.123885
0.550685
0.147715
0.662
0.662
0.662
0.454375
0.034973
0.662
0.120403
0.413728
0.662
0.401848
0.662
0.662
0.130942
0.662
0.192456
0.662
0.473754
0.0326692
0.662
0.662
0.490944
0.662
0.246023
0.37916
0.662
0.475102
0.245085
0.1945
0.662
0.265844
0.462524
0.109248
0.661496
0.342475
0.662
0.662
0.581029
0.097189
0.143372
0.662
0.662
0.383571
0.662
0.662
0.659743
0.662
0.662
0.662
0.241113
0.662
0.437882
0.236143
0.0455505
0.662
0.359864
0.266946
0.0997678
0.662
0.161952
0.387686
0.319055
0.280433
0.359687
0.662
0.0610548
0.0135404
0.662
0.662
0.113369
0.662
0.15853
0.060039
0.208403
0.345028
0.259304
0.252662
0.381336
0.662
0.00468347
0.145438
0.429553
0.662
0.662
0.108802
0.662
0.662
0.428089
0.662
0.659897
0.662
0.662
0.312186
0.267523
0.288802
0.662
0.662
0.381161
0.330986
0.662
0.662
0.662
0.453714
0.662
0.662
0.412112
0.107509
0.662
0.150072
0.287521
0.662
0.211953
0.662
0.202171
0.463068
0.00351277
0.165312
0.239046
0.662
0.540989
0.320463
0.425938
0.662
0.203586
0.468633
0.340799
0.457828
0.662
0.662
0.389672
0.215672
0.662
0.0278917
0.0100907
0.0209272
0.015339
0.662
0.324866
0.109895
0.37968
0.662
0.433221
0.111652
0.662
0.662
0.620198
0.435568
0.214289
0.662
0.283384
0.662
0.0863587
0.662
0.114905
0.662
0.662
0.662
0.662
0.662
0.662
0.273156
0.425154
0.445928
0.0143056
0.662
0.662
0.595317
0.457586
0.167317
0.297602
0.662
0.662
0.0808512
0.299863
0.324665
0.119491
0.14981
0.0655552
0.204827
0.358693
0.155395
0.376587
0.238425
0.662
0.266863
0.265377
0.0149806
0.662
0.575319
0.398494
0.0801788
0.662
0.20006
0.662
0.662
0.0422364
0.662
0.126769
0.662
0.662
0.055036
0.662
0.662
0.216477
0.662
0.495976
0.37296
0.662
0.25942
0.662
0.662
0.353698
0.662
0.16871
0.387834
0.236812
0.662
0.118644
0.345316
0.0786563
0.231375
0.269573
0.204992
0.1136
0.110697
0.570509
0.662
0.662
0.662
0.259729
0.662
0.662
0.333115
0.662
0.194038
0.662
0.662
0.277027
0.216805
0.662
0.662
0.204055
0.214233
0.618466
0.0193308
0.237421
0.662
0.384301
0.321817
0.133462
0.662
0.382595
0.455588
0.662
0.0450908
0.662
0.135267
0.356307
0.662
0.662
0.158453
0.302943
0.548346
0.562267
0.334675
0.325183
0.198877
0.662
0.662
0.662
0.339912
0.662
0.662
0.195015
0.410383
0.17133
0.662
0.206663
0.662
0.533517
0.23912
0.662
0.479308
0.662
0.361213
0.209902
0.662
0.662
0.125372
0.16913
0.662
0.173992
0.0331633
0.58195
0.104905
0.315171
0.159039
0.662
0.662
0.654737
0.662
0.662
0.46048
0.314514
0.442936
0.164343
0.460949
0.651331
0.662
0.662
0.197232
0.662
0.662
0.0979357
0.6105
0.332201
0.190808
0.21519
0.288143
0.662
0.356935
0.0184879
0.662
0.645078
0.270896
0.408738
0.662
0.467714
0.662
0.399159
0.178872
0.0701106
0.374311
0.662
0.662
0.662
0.405375
0.503204
0.100963
0.662
0.662
0.0938874
0.0311055
0.244505
0.19016
0.662
0.309487
0.0837376
0.662
0.662
0.0697716
0.662
0.192873
0.662
0.369225
0.662
0.662
0.662
0.402927
0.0655238
0.141618
0.179465
0.662
0.0852439
0.160833
0.268166
0.134283
0.534651
0.203279
0.246931
0.310319
0.261979
0.650621
0.190996
0.662
0.662
0.431928
0.450541
0.233318
0.330023
0.232384
0.229589
0.662
0.355635
0.000741297
0.362884
0.662
0.662
0.245025
0.206944
0.662
0.4399
0.0963807
0.662
0.3705
0.0493392
0.323055
0.332156
0.662
0.414099
0.180153
0.424882
0.662
0.194487
0.662
0.294118
0.478123
0.184763
0.662
0.519585
0.0683283
0.334171
0.207787
0.662
0.662
0.1705
0.662
0.375902
0.0807588
0.128516
0.216777
0.196069
0.435733
0.662
0.662
0.0689543
0.521802
0.662
0.0279989
0.253053
0.41611
0.662
0.662
0.230591
0.662
0.386541
0.0999944
0.662
0.662
0.662
0.472886
0.105647
0.324552
0.104671
0.662
0.314412
0.357392
0.165737
0.24636
0.662
0.0229976
0.662
0.662
0.662
0.504962
0.662
0.662
0.291475
0.662
0.662
0.476134
0.366776
0.0559205
0.257391
0.27929
0.662
0.446972
0.662
0.123376
0.662
0.424172
0.596094
0.307845
0.293858
0.662
0.354438
0.586798
0.137237
0.465605
0.662
0.1137
0.367962
0.662
0.33277
0.154729
0.188494
0.662
0.662
0.245087
0.227841
0.0880039
0.662
0.662
0.662
0.662
0.662
0.282502
0.00895927
0.220466
0.662
0.385446
0.193908
0.433264
0.662
0.662
0.662
0.246008
0.662
0.662
0.569886
0.405079
0.213699
0.249266
0.182988
0.263026
0.662
0.662
0.0927608
0.662
0.662
0.544303
0.662
0.280952
0.441876
0.330452
0.662
0.662
0.662
0.662
0.0102378
0.49919
0.662
0.210537
0.265165
0.662
0.394637
0.101987
0.662
0.662
0.662
0.662
0.623303
0.480785
0.133982
0.662
0.520301
0.278311
0.662
0.420016
0.662
0.0216638
0.662
0.571181
0.4294
0.40592
0.261036
0.163364
0.0699031
0.662
0.407905
0.0513295
0.662
0.355906
0.662
0.563988
0.120116
0.425579
0.662
0.0371547
0.662
0.519596
0.662
0.00853608
0.373449
0.662
0.194991
0.0564325
0.286271
0.662
0.662
0.662
0.300761
0.297737
0.662
0.16291
0.226479
0.662
0.662
0.662
0.662
0.136514
0.197205
0.662
0.193282
0.155264
0.662
0.662
0.343161
0.662
0.193021
0.320327
0.275172
0.662
0.662
0.160519
0.182938
0.0747986
0.300867
0.662
0.662
0.0211412
0.364303
0.396237
0.268507
0.236519
0.0419667
0.662
0.195643
0.662
0.178171
0.662
0.265123
0.121763
0.133305
0.066606
0.662
0.662
0.662
0.662
0.46961
0.301125
0.662
0.452781
0.662
0.662
0.662
0.100653
0.662
0.188071
0.343911
0.662
0.0725105
0.31927
0.662
0.434905
0.662
0.20633
0.341141
0.662
0.30332
0.197305
0.650346
0.469874
0.398773
0.227337
0.584265
0.127247
0.662
0.33185
0.348558
0.384694
0.0127528
0.662
0.662
0.632284
0.260545
0.197733
0.662
0.662
0.0240635
0.246402
0.222138
0.238891
0.151476
0.662
0.662
0.662
0.662
0.662
0.662
0.662
0.662
0.353632
0.662
0.52761
0.494492
0.662
0.595952
0.308525
0.393281
0.306862
0.662
0.359083
0.340076
0.191653
0.662
0.662
0.216063
0.195017
0.440673
0.151367
0.662
0.662
0.16325
0.662
0.262832
0.194834
0.123421
0.30877
0.662
0.662
0.278452
0.662
0.43429
0.241819
0.353156
0.335465
0.57004
0.165154
0.662
0.662
0.445343
0.662
0.391376
0.472441
0.662
0.662
0.662
0.662
0.143407
0.0130911
0.194239
0.547375
0.0753513
0.105626
0.662
0.418442
0.662
0.291575
0.18101
0.0914265
0.311688
0.298098
0.24508
0.497728
0.107478
0.662
0.193538
0.330892
0.662
0.662
0.15722
0.130185
0.0638918
0.169939
0.662
0.414169
0.662
0.196295
0.336199
0.000611076
0.662
0.027274
0.358808
0.291286
0.662
0.662
0.364329
0.246647
0.0042106
0.0590365
0.141237
0.276685
0.335106
0.166791
0.662
0.662
0.662
0.662
0.384422
0.662
0.662
0.662
0.662
0.237448
0.662
0.473504
0.662
0.217099
0.0487974
0.662
0.662
0.298884
0.0246415
0.662
0.170828
0.45109
0.662
0.662
0.583196
0.662
0.662
0.0902906
0.388436
0.13297
0.419335
0.662
0.145347
0.230606
0.0734891
0.51497
0.454674
0.662
0.155938
0.126253
0.662
0.135696
0.662
0.349287
0.662
0.662
0.260874
0.215703
0.662
0.662
0.662
0.314045
0.662
0.303067
0.662
0.207921
0.662
0.662
0.265225
0.662
0.662
0.662
0.387017
0.16358
0.662
0.5159
0.231373
0.628725
0.2791
0.258164
0.205921
0.226478
0.642044
0.662
0.662
0.662
0.662
0.662
0.662
0.314494
0.189428
0.590037
0.662
0.481671
0.473317
0.662
0.662
0.194189
0.662
0.320996
0.409186
0.126514
0.583531
0.409121
0.294284
0.662
0.0824301
0.4137
0.662
0.624786
0.374448
0.662
0.0162895
0.662
0.662
0.213346
0.0753763
0.404275
0.662
0.21187
0.662
0.540705
0.662
0.190406
0.662
0.662
0.662
0.662
0.146753
0.474663
0.254173
0.0901261
0.417672
0.308968
0.251927
0.662
0.259349
0.662
0.662
0.26504
0.400212
0.662
0.662
0.00827254
0.486829
0.662
0.00723021
0.662
0.253807
0.207194
0.261029
0.662
0.34825
0.662
0.204321
0.146921
0.662
0.135709
0.1607
0.317194
0.216527
0.447404
0.596187
0.232051
0.458038
0.134577
0.104067
0.476879
0.170382
0.310558
0.662
0.463907
0.546184
0.662
0.662
0.276896
0.441444
0.0258995
0.145719
0.662
0.425678
0.662
0.0443967
0.140738
0.662
0.47216
0.170731
0.662
0.483527
0.110474
0.261611
0.662
0.25846
0.24483
0.662
0.355112
0.488547
0.662
0.662
0.662
0.0612442
0.449029
0.149226
0.662
0.248672
0.625739
0.164402
0.269315
0.661729
0.237724
0.435416
0.270636
0.187509
0.413573
0.662
0.0649861
0.251645
0.662
0.0709701
0.339385
0.245225
0.662
0.399217
0.109839
0.573863
0.208684
0.327633
0.470546
0.119355
0.535166
0.270525
0.662
0.568282
0.0572506
0.662
0.470789
0.0724406
0.204106
0.662
0.00843705
0.662
0.662
0.459626
0.662
0.662
0.662
0.0249932
0.316733
0.308084
0.453412
0.0351267
0.242793
0.581514
0.662
0.662
0.305707
0.662
0.662
0.0137194
0.662
0.651247
0.520196
0.144216
0.0168539
0.154281
0.0705959
0.662
0.55916
0.375525
0.465943
0.662
0.316319
0.367417
0.229713
0.0966575
0.429298
0.662
0.662
0.662
0.239101
0.662
0.378652
0.662
0.662
0.551147
0.250492
0.421002
0.103451
0.662
0.18592
0.662
0.662
0.195401
0.662
0.662
0.662
0.662
0.383472
0.582292
0.24866
0.662
0.662
0.0554522
0.662
0.662
0.662
0.662
0.303296
0.662
0.438649
0.186864
0.442852
0.662
0.662
0.662
0.379909
0.459468
0.425635
0.185789
0.145368
0.662
0.0204982
0.662
0.162349
0.662
0.41702
0.00935597
0.432306
0.662
0.17998
0.476741
0.640177
0.400994
0.0862205
0.662
0.170382
0.662
0.214192
0.662
0.343724
0.662
0.662
0.0274946
0.219027
0.386453
0.662
0.662
0.662
0.342032
0.154368
0.352953
0.440497
0.662
0.662
0.333089
0.642468
0.567515
0.662
0.227489
0.662
0.25999
0.662
0.662
0.324413
0.662
0.067545
0.0968432
0.349784
0.097905
0.662
0.413496
0.251776
0.528857
0.201582
0.662
0.662
0.662
0.123199
0.0988889
0.231595
0.241294
0.662
0.30482
0.170586
0.121617
0.662
0.191994
0.260787
0.662
0.581011
0.662
0.236362
0.387566
0.662
0.240887
0.316828
0.617735
0.662
0.662
0.662
0.662
0.662
0.662
0.383999
0.662
0.662
0.44665
0.662
0.662
0.15373
0.193211
0.662
0.100446
0.180824
0.151859
0.662
0.28213
0.380872
0.12154
0.385007
0.662
0.409184
0.662
0.662
0.662
0.606133
0.662
0.292806
0.662
0.662
0.662
0.662
0.602657
0.662
0.14181
0.662
0.662
0.662
0.662
0.662
0.412044
0.227618
0.662
0.214568
0.662
0.217181
0.2107
0.628306
0.148253
0.224545
0.532321
0.427275
0.210749
0.228699
0.662
0.260264
0.662
0.463342
0.385787
0.270944
0.52782
0.354809
0.662
0.563458
0.662
0.662
0.418118
0.30467
0.425027
0.371245
0.0658791
0.00290101
0.662
0.243065
0.377232
0.662
0.293379
0.662
0.662
0.187236
0.370463
0.397794
0.462232
0.42083
0.662
0.662
0.112814
0.662
0.38848
0.662
0.306616
0.662
0.311408
0.313318
0.662
0.662
0.662
0.662
0.146068
0.662
0.662
0.662
0.662
0.662
0.330464
0.408092
0.186029
0.662
0.201281
0.127726
0.237322
0.157837
0.662
0.220068
0.58402
0.401012
0.662
0.29221
0.662
0.362325
0.100886
0.0366758
0.446531
0.662
0.111816
0.202036
0.637502
0.21783
0.149706
0.335423
0.481468
0.540505
0.152145
0.234795
0.177136
0.662
0.662
0.48773
0.170189
0.662
0.29121
0.662
0.662
0.0990275
0.662
0.173858
0.662
0.662
0.283732
0.389156
0.488477
0.336551
0.40561
0.33221
0.398153
0.168305
0.395248
0.662
0.207822
0.662
0.0567663
0.362277
0.153025
0.157204
0.233927
0.32823
0.662
0.125646
0.295143
0.199186
0.481003
0.662
0.276329
0.465454
0.365767
0.662
0.662
0.283383
0.40761
0.245081
0.287655
0.662
0.472645
0.38644
0.662
0.366641
0.419548
0.662
0.139174
0.33145
0.486191
0.418143
0.662
0.193337
0.662
0.194548
0.223134
0.662
0.391071
0.108262
0.243744
0.662
0.662
0.662
0.28666
0.364395
0.314447
0.135834
0.662
0.662
0.662
0.192064
0.662
0.662
0.370283
0.623713
0.662
0.472696
0.218218
0.451927
0.351348
0.660873
0.662
0.652823
0.114071
0.205927
0.157347
0.0796587
0.316398
0.136207
0.179841
0.662
0.662
0.662
0.662
0.662
0.538347
0.662
0.662
0.662
0.662
0.020585
0.261822
0.0812202
0.113341
0.0174863
0.662
0.12449
0.316762
0.662
0.662
0.211262
0.0769283
0.0983978
0.662
0.239712
0.477715
0.401872
0.304232
0.381916
0.662
0.226629
0.2138
0.190207
0.383915
0.436741
0.188141
0.311994
0.662
0.662
0.662
0.662
0.662
0.590063
0.431314
0.662
0.397686
0.335082
0.504727
0.662
0.662
0.328588
0.642255
0.428516
0.0251221
0.232252
0.309401
0.486275
0.662
0.313029
0.0802713
0.268201
0.662
0.662
0.219184
0.241441
0.662
0.292072
0.287562
0.662
0.46606
0.185922
0.148726
0.662
0.0806788
0.100692
0.662
0.217742
0.443963
0.413869
0.60582
0.381424
0.662
0.662
0.0985841
0.662
0.196046
0.662
0.295934
0.662
0.396486
0.662
0.363991
0.264898
0.662
0.440753
0.258728
0.56741
0.181981
0.603808
0.313744
0.662
0.662
0.426417
0.0625609
0.397384
0.662
0.662
0.661078
3.67836e-05
0.119382
0.247189
0.235739
0.283343
0.662
0.154312
0.662
0.565481
0.198185
0.662
0.138935
0.0630436
0.662
0.603959
0.339172
0.662
0.263466
0.418557
0.345556
0.662
0.662
0.344687
0.662
0.167383
0.24072
0.0692622
0.0830998
0.251229
0.662
0.103572
0.203957
0.662
0.102665
0.435827
0.220645
0.130339
0.254712
0.0433842
0.662
0.662
0.662
0.435594
0.662
0.189814
0.662
0.662
0.43634
0.662
0.09167
0.0375313
0.293824
0.211937
0.316041
0.206763
0.020728
0.662
0.662
0.662
0.276617
0.441403
0.376896
0.236572
0.662
0.643883
0.662
0.562482
0.0763825
0.155998
0.0412362
0.120251
0.193778
0.150842
0.169959
0.565081
0.662
0.662
0.252948
0.421566
0.662
0.211333
0.321467
0.549429
0.119732
0.30151
0.610495
0.365129
0.0299156
0.662
0.505109
0.662
0.662
0.25579
0.0565014
0.662
0.222938
0.199558
0.102645
0.540483
0.662
0.499841
0.391871
0.333485
0.0740703
0.255324
0.46287
0.421622
0.662
0.662
0.662
0.662
0.662
0.662
0.662
0.187341
0.11324
0.662
0.662
0.662
0.443962
0.662
0.200507
0.662
0.662
0.101551
0.662
0.158444
0.444141
0.243674
0.662
0.324252
0.179947
0.662
0.662
0.181659
0.177262
0.22856
0.3627
0.662
0.578038
0.219455
0.419949
0.662
0.0744701
0.394431
0.222887
0.523218
0.662
0.662
0.233536
0.662
0.0406989
0.365945
0.327061
0.175293
0.662
0.22622
0.662
0.662
0.662
0.0288267
0.411515
0.223522
0.662
0.662
0.201404
0.662
0.662
0.102767
0.662
0.164966
0.414769
0.331117
0.373138
0.460317
0.314294
0.662
0.150232
0.662
0.662
0.47061
0.662
0.00307746
0.356248
0.0976754
0.662
0.442434
0.662
0.222737
0.383929
0.662
0.403301
0.150281
0.662
0.439838
0.14319
0.481762
0.461805
0.211054
0.662
0.662
0.662
0.198071
0.0487598
0.426614
0.163568
0.407077
0.662
0.549282
0.178807
0.108299
0.662
0.662
0.471587
0.463251
0.101718
0.203906
0.662
0.23151
0.42223
0.057538
0.662
0.455479
0.662
0.662
0.662
0.281728
0.25073
0.304481
0.255509
0.383103
0.662
0.178988
0.00408216
0.197519
0.583234
0.319402
0.134604
0.136898
0.367769
0.135737
0.662
0.267373
0.33187
0.662
0.308539
0.662
0.662
0.602873
0.319368
0.662
0.0209483
0.662
0.258219
0.300266
0.662
0.662
0.262822
0.662
0.662
0.37918
0.235863
0.662
0.662
0.093098
0.662
0.234807
0.345313
0.662
0.662
0.592594
0.292786
0.0338818
0.662
0.662
0.631862
0.662
0.662
0.200382
0.662
0.662
0.0221005
0.53527
0.662
0.169732
0.0596754
0.128526
0.0263702
0.293086
0.662
0.662
0.438344
0.662
0.662
0.413026
0.195624
0.329796
0.662
0.662
0.662
0.378007
0.221132
0.500574
0.662
0.662
0.662
0.221126
0.336269
0.31853
0.662
0.662
0.0379432
0.662
0.662
0.525733
0.662
0.662
0.662
0.391352
0.662
0.662
0.0516652
0.117832
0.662
0.662
0.377495
0.662
0.345115
0.113898
0.273859
0.24021
0.249264
0.159614
0.662
0.662
0.662
0.662
0.662
0.388948
0.230016
0.293629
0.421605
0.662
0.662
0.178111
0.0860128
0.431072
0.662
0.662
0.350187
0.662
0.17038
0.662
0.199733
0.0796071
0.394789
0.107549
0.307218
0.201944
0.594353
0.351146
0.231981
0.662
0.024294
0.497165
0.00813391
0.174224
0.447201
0.286574
0.662
0.662
0.115099
0.662
0.41165
0.185145
0.401493
0.212244
0.130378
0.392989
0.662
0.662
0.662
0.256963
0.662
0.0382981
0.00440005
0.662
0.662
0.662
0.127481
0.134917
0.662
0.079269
0.222792
0.662
0.25851
0.662
0.524433
0.0327234
0.662
0.662
0.662
0.433481
0.460048
0.107123
0.207262
0.237142
0.383452
0.239209
0.662
0.662
0.309771
0.0681335
0.222171
0.473557
0.0592051
0.120652
0.662
0.662
0.662
0.563677
0.142359
0.23061
0.662
0.283047
0.436993
0.294462
0.662
0.344224
0.662
0.662
0.462514
0.288199
0.429368
0.662
0.662
0.662
0.662
0.662
0.590276
0.239656
0.153972
0.662
0.211968
0.125836
0.662
0.662
0.662
0.662
0.662
0.378739
0.662
0.662
0.33505
0.340317
0.662
0.662
0.662
0.662
0.460486
0.420392
0.153327
0.0861246
0.177863
0.263305
0.662
0.662
0.272892
0.662
0.19693
0.214792
0.430559
0.33091
0.662
0.323036
0.214898
0.281315
0.524838
0.662
0.662
0.040412
0.662
0.662
0.0140663
0.21875
0.662
0.139218
0.662
0.315589
0.662
0.348799
0.662
0.662
0.390141
0.390414
0.662
0.554868
0.421304
0.662
0.650937
0.236567
0.313876
0.662
0.247428
0.662
0.424627
0.662
0.120254
0.446835
0.0983165
0.294271
0.488399
0.662
0.179037
0.232768
0.662
0.662
0.555919
0.662
0.662
0.662
0.267224
0.388703
0.226542
0.662
0.41181
0.323762
0.25255
0.388378
0.662
0.662
0.471031
0.222611
0.315417
0.217264
0.264676
0.231704
0.260319
0.662
0.662
0.520158
0.566401
0.0606333
0.212188
0.323274
0.662
0.269708
0.662
0.662
0.281159
0.48667
0.662
0.285603
0.214015
0.662
0.662
0.0063556
0.116512
0.138804
0.309114
0.662
0.0332364
0.409255
0.164989
0.662
0.28141
0.384665
0.268223
0.235348
0.540074
0.662
0.041135
0.322081
0.662
0.662
0.104786
0.519126
0.529607
0.247637
0.0827912
0.261227
0.662
0.662
0.332648
0.484132
0.662
0.416477
0.192355
0.662
0.662
0.662
0.662
0.419701
0.662
0.662
0.662
0.468901
0.42763
0.662
0.662
0.305558
0.662
0.662
0.0168732
0.111151
0.662
0.662
0.164143
0.662
0.316162
0.0842373
0.336937
0.294145
0.662
0.215048
0.662
0.662
0.662
0.662
0.662
0.662
0.513956
0.0447948
0.154129
0.662
0.168421
0.662
0.337706
0.182459
0.302602
0.201335
0.34334
0.347653
0.501034
0.141267
0.174012
0.235499
0.15429
0.662
0.662
0.460717
0.280427
0.316571
0.662
0.122602
0.662
0.662
0.55155
0.465834
0.236595
0.662
0.350833
0.662
0.245778
0.662
0.662
0.662
0.662
0.662
0.662
0.202479
0.285516
0.255598
0.232434
0.116458
0.317894
0.159915
0.0119443
0.424102
0.146003
0.657238
0.662
0.229458
0.662
0.662
0.662
0.215843
0.662
0.662
0.446029
0.442348
0.566873
0.0485589
0.0268551
0.662
0.237823
0.543399
0.360184
0.662
0.662
0.268315
0.235265
0.31549
0.662
0.582641
0.662
0.662
0.662
0.270989
0.662
0.662
0.20693
0.466716
0.431814
0.245457
0.662
0.662
0.048437
0.244872
0.253189
0.662
0.662
0.290905
0.662
0.462021
0.0561744
0.385277
0.662
0.183938
0.662
0.662
0.207402
0.47203
0.410571
0.662
0.239625
0.348755
0.230675
0.382537
0.662
0.662
0.0526128
0.288861
0.662
0.497321
0.195671
0.662
0.190825
0.662
0.22376
0.264417
0.662
0.471342
0.178249
0.0750032
0.662
0.225294
0.174872
0.288872
0.50991
0.0469309
0.662
0.302325
0.0729859
0.0469723
0.0301246
0.662
0.178345
0.0163279
0.662
0.130853
0.662
0.662
0.456495
0.176379
0.662
0.248608
0.23328
0.195003
0.654737
0.662
0.510953
0.452426
0.662
0.365383
0.143955
0.662
0.00406956
0.662
0.420276
0.662
0.284026
0.383808
0.0475087
0.563854
0.288107
0.224353
0.662
0.159937
0.334018
0.662
0.662
0.186875
0.169597
0.226631
0.407899
0.662
0.140508
0.0179464
0.662
0.311055
0.662
0.16814
0.0118872
0.300439
0.662
0.31774
0.428212
0.198233
0.662
0.222731
0.412275
0.662
0.588893
0.662
0.00241414
0.038231
0.191008
0.662
0.662
0.121967
0.662
0.114212
0.662
0.323297
0.662
0.348572
0.662
0.328921
0.281433
0.278222
0.358238
0.432959
0.0157888
0.640548
0.662
0.067026
0.454493
0.295073
0.662
0.509788
0.662
0.662
0.662
0.4535
0.662
0.662
0.183488
0.645951
0.662
0.662
0.137137
0.662
0.662
0.181724
0.149662
0.421862
0.662
0.237631
0.662
0.662
0.0944471
0.371307
0.442041
0.662
0.573483
0.662
0.444645
0.431247
0.662
0.388422
0.349394
0.348626
0.233129
0.529249
0.0602097
0.662
0.383381
0.662
0.00644738
0.0868867
0.0372362
0.373427
0.662
0.625838
0.249211
0.00736947
0.130053
0.212339
0.238185
0.299967
0.147557
0.142208
0.3916
0.473613
0.388989
0.419052
0.662
0.64484
0.393452
0.269262
0.662
0.224334
0.356869
0.204106
0.662
0.433239
0.662
0.191891
0.338641
0.436101
0.163893
0.274651
0.515499
0.223921
0.0242181
0.361763
0.662
0.662
0.662
0.600342
0.662
0.662
0.478944
0.662
0.662
0.662
0.662
0.662
0.463539
0.165481
0.662
0.662
0.15565
0.662
0.108635
0.275486
0.662
0.163949
0.237156
0.662
0.0247237
0.306332
0.225139
0.0622493
0.325754
0.135882
0.315715
0.662
0.404752
0.662
0.207603
0.662
0.206123
0.662
0.446471
0.662
0.308236
0.622287
0.662
0.442439
0.231314
0.662
0.152156
0.156244
0.662
0.400308
0.662
0.662
0.441777
0.256587
0.662
0.0847316
0.662
0.244628
0.345032
0.662
0.212695
0.662
0.28345
0.05824
0.662
0.219099
0.662
0.292803
0.458633
0.0360027
0.141124
0.546185
0.662
0.246323
0.662
0.662
0.147524
0.273573
0.26901
0.234596
0.662
0.245294
0.662
0.662
0.251744
0.364681
0.129848
0.662
0.34593
0.265619
0.197382
0.114075
0.662
0.23766
0.0645322
0.662
0.32413
0.376039
0.662
0.662
0.662
0.0597991
0.104205
0.408558
0.0116412
0.0589978
0.120196
0.279896
0.147902
0.0200184
0.662
0.367753
0.380942
0.20359
0.0554246
0.3087
0.662
0.364472
0.662
0.662
0.076582
0.662
0.662
0.235665
0.662
0.150079
0.662
0.455529
0.662
0.662
0.662
0.199948
0.247756
0.223306
0.276944
0.189392
0.295321
0.195087
0.29099
0.662
0.192174
0.662
0.27989
0.619362
0.0639456
0.105183
0.662
0.662
0.233094
0.662
0.662
0.384629
0.662
0.662
0.187262
0.26837
0.622175
0.662
0.662
0.662
0.11918
0.473837
0.227024
0.213183
0.662
0.662
0.258955
0.662
0.498006
0.388165
0.662
0.662
0.662
0.110723
0.285817
0.662
0.400478
0.662
0.389354
0.429067
0.239255
0.662
0.222379
0.662
0.241507
0.662
0.662
0.223367
0.526413
0.662
0.110919
0.393879
0.662
0.501648
0.662
0.662
0.349218
0.135474
0.217926
0.662
0.662
0.0684601
0.262058
0.662
0.337942
0.215545
0.662
0.33916
0.366813
0.165876
0.662
0.075471
0.3404
0.490391
0.559475
0.662
0.662
0.662
0.39535
0.277125
0.0951581
0.662
0.515738
0.276238
0.473705
0.224479
0.477313
0.167263
0.662
0.655605
0.662
0.0599846
0.222996
0.305405
0.356391
0.260097
0.662
0.662
0.662
0.271519
0.0990293
0.662
0.237261
0.353739
0.274711
0.23738
0.662
0.662
0.662
0.450531
0.662
0.402975
0.269988
0.133133
0.176022
0.275564
0.16183
0.0910551
0.662
0.146955
0.662
0.662
0.264935
0.662
0.105636
0.210039
0.662
0.268833
0.421729
0.662
0.009971
0.182336
0.399886
0.662
0.165331
0.244076
0.247486
0.662
0.432142
0.662
0.662
0.662
0.437236
0.0895935
0.662
0.119935
0.400327
0.662
0.662
0.662
0.662
0.662
0.146193
0.206118
0.662
0.00133133
0.662
0.178789
0.188578
0.00812259
0.662
0.662
0.377915
0.662
0.215435
0.339622
0.217224
0.192667
0.662
0.637446
0.469131
0.662
0.212652
0.662
0.295022
0.659203
0.254051
0.0819985
0.662
0.130963
0.662
0.662
0.262905
0.662
0.255915
0.662
0.137162
0.0492211
0.662
0.00388878
0.662
0.238415
0.662
0.0926556
0.662
0.662
0.662
0.472734
0.39945
0.662
0.0728803
0.578383
0.235065
0.132696
0.285288
0.662
0.662
0.384162
0.288036
0.662
0.214366
0.662
0.123199
0.231719
0.251312
0.0951976
0.184666
0.373189
0.0115712
0.662
0.508518
0.221298
0.662
0.18527
0.585575
0.662
0.067676
0.342492
0.662
0.662
0.34943
0.459244
0.643729
0.662
0.0709527
0.269281
0.274319
0.314745
0.662
0.500726
0.225071
0.309993
0.662
0.662
0.173183
0.567621
0.188959
0.662
0.49373
0.330965
0.431549
0.0975317
0.268702
0.315553
0.197512
0.662
0.519977
0.245787
0.662
0.457792
0.662
0.662
0.662
0.357776
0.306544
0.0539779
0.245736
0.662
0.662
0.200899
0.197411
0.662
0.662
0.662
0.662
0.216148
0.0606429
0.662
0.662
0.174951
0.219691
0.662
0.662
0.289162
0.662
0.291848
0.397171
0.662
0.662
0.329749
0.239425
0.383191
0.662
0.662
0.662
0.382672
0.162082
0.662
0.459702
0.442435
0.394765
0.25419
0.662
0.662
0.662
0.444309
0.662
0.425242
0.107795
0.662
0.27282
0.360856
0.662
0.0959322
0.494647
0.149222
0.539048
0.031604
0.391791
0.395967
0.176142
0.662
0.662
0.405404
0.380834
0.351785
0.662
0.16364
0.489279
0.662
0.018787
0.0473638
0.193083
0.662
0.662
0.216014
0.662
0.662
0.662
0.662
0.662
0.214591
0.662
0.0203846
0.662
0.400157
0.661474
0.662
0.662
0.662
0.662
0.274349
0.662
0.0132374
0.662
0.662
0.662
0.247245
0.662
0.662
0.143852
0.662
0.662
0.127605
0.580778
0.662
0.662
0.0435675
0.309858
0.217342
0.135071
0.27901
0.662
0.321386
0.662
0.662
0.662
0.417978
0.375214
0.662
0.662
0.662
0.365007
0.485388
0.662
0.662
0.662
0.460228
0.189484
0.662
0.662
0.662
0.116954
0.159895
0.662
0.662
0.629763
0.324889
0.00112075
0.662
0.201188
0.662
0.662
0.662
0.662
0.210658
0.231061
0.0828606
0.23542
0.662
0.329184
0.662
0.662
0.470422
0.336
0.316367
0.662
0.217757
0.341477
0.0984752
0.662
0.111747
0.468633
0.212539
0.662
0.248802
0.428829
0.274476
0.390718
0.234538
0.236398
0.460756
0.492175
0.160913
0.662
0.662
0.243846
0.0312533
0.662
0.662
0.47062
0.41505
0.239197
0.0590453
0.121409
0.662
0.379561
0.662
0.191349
0.662
0.115524
0.662
0.0178534
0.109247
0.510521
0.662
0.221435
0.132842
0.662
0.285849
0.143012
0.164903
0.0763728
0.150256
0.662
0.662
0.193386
0.662
0.456579
0.504768
0.662
0.422698
0.263742
0.662
0.36234
0.662
0.662
0.022668
0.140074
0.662
0.097419
0.280316
0.0750801
0.662
0.430174
0.443877
0.251419
0.343422
0.0921829
0.662
0.497889
0.264219
0.0695202
0.0269843
0.662
0.31683
0.270015
0.0867552
0.354899
0.662
0.662
0.0471374
0.211953
0.662
0.662
0.226924
0.662
0.297399
0.662
0.244944
0.662
0.209916
0.0176593
0.662
0.662
0.231973
0.662
0.41026
0.0342851
0.409333
0.662
0.662
0.319791
0.531642
0.662
0.168326
0.107363
0.662
0.241835
0.662
0.18192
0.124782
0.239946
0.470731
0.161695
0.662
0.219466
0.147135
0.16746
0.662
0.235531
0.662
0.232648
0.208175
0.210743
0.195532
0.423851
0.567926
0.158284
0.662
0.414431
0.546311
0.0902865
0.662
0.662
0.31623
0.298715
0.530607
0.0821704
0.0669167
0.429641
0.662
0.445082
0.662
0.420726
0.261146
0.289363
0.3038
0.241456
0.662
0.409775
0.14555
0.145634
0.662
0.662
0.662
0.662
0.243301
0.0213904
0.0725947
0.662
0.662
0.0775313
0.662
0.0729496
0.0455351
0.217703
0.662
0.662
0.662
0.662
0.662
0.0127104
0.246524
0.295756
0.426083
0.662
0.608797
0.123424
0.300741
0.0169082
0.226283
0.17063
0.662
0.23211
0.504759
0.662
0.379362
0.662
0.662
0.0469936
0.31121
0.0866281
0.260241
0.662
0.662
0.662
0.662
0.24428
0.662
0.246275
0.121081
0.401666
0.236185
0.662
0.0718969
0.224783
0.662
0.456205
0.397022
0.46611
0.309691
0.662
0.662
0.175835
0.662
0.201299
0.662
0.304079
0.662
0.19095
0.327823
0.225278
0.313631
0.128632
0.41821
0.0708673
0.662
0.662
0.662
0.662
0.662
0.662
0.235225
0.093496
0.303379
0.190186
0.662
0.662
0.0493176
0.662
0.662
0.409467
0.248372
0.534953
0.232459
0.662
0.662
0.662
0.199391
0.662
0.662
0.662
0.662
0.0872613
0.662
0.662
0.0471133
0.179735
0.46162
0.662
0.400523
0.310612
0.662
0.284846
0.211043
0.662
0.231061
0.19816
0.320238
0.1315
0.392004
0.293986
0.662
0.662
0.662
0.28864
0.263288
0.485794
0.403682
0.507168
0.394239
0.662
0.662
0.348683
0.284987
0.662
0.181222
0.591672
0.662
0.563453
0.395338
0.196163
0.202646
0.407373
0.662
0.662
0.662
0.314311
0.311364
0.662
0.270245
0.0319123
0.662
0.0291118
0.229461
0.249077
0.662
0.170054
0.506649
0.662
0.258404
0.662
0.662
0.662
0.662
0.219089
0.506739
0.249384
0.633694
0.662
0.213972
0.662
0.464096
0.662
0.662
0.236677
0.509254
0.138854
0.662
0.662
0.662
0.299316
0.662
0.662
0.498408
0.23713
0.662
0.476487
0.218001
0.662
0.359148
0.662
0.662
0.356311
0.662
0.662
0.662
0.545561
0.110593
0.662
0.65884
0.662
0.356471
0.277032
0.662
0.250327
0.662
0.323723
0.662
0.662
0.662
0.304774
0.2605
0.205749
0.662
0.353238
0.662
0.161284
0.458278
0.038928
0.662
0.312127
0.200548
0.662
0.662
0.494709
0.0170505
0.26641
0.404325
0.662
0.662
0.478765
0.662
0.552183
0.662
0.0250146
0.280111
0.443911
0.56368
0.662
0.478142
0.662
0.11984
0.662
0.421318
0.662
0.316181
0.0869407
0.662
0.0456434
0.112461
0.358433
0.201321
0.19561
0.662
0.662
0.286132
0.662
0.167675
0.20722
0.662
0.0404031
0.232063
0.25178
0.13847
0.371325
0.662
0.662
0.454362
0.268099
0.0417065
0.361501
0.102072
0.662
0.662
0.662
0.351053
0.41716
0.282191
0.662
0.326418
0.662
0.662
0.0114556
0.296758
0.231847
0.353022
0.246305
0.662
0.143907
0.388326
0.547714
0.078059
0.662
0.662
0.133418
0.103727
0.662
0.194792
0.337031
0.273808
0.207282
0.590194
0.662
0.276366
0.662
0.18007
0.276995
0.662
0.384673
0.329865
0.382248
0.103547
0.149814
0.662
0.279139
0.068222
0.230886
0.185747
0.496456
0.662
0.419114
0.407817
0.0792609
0.329876
0.662
0.014503
0.191254
0.662
0.137892
0.474186
0.592031
0.234742
0.662
0.0345532
0.0810601
0.662
0.543079
0.237974
0.212165
0.568007
0.289741
0.662
0.406754
0.284533
0.222931
0.161373
0.127315
0.243356
0.662
0.194208
0.662
0.14128
0.103342
0.307051
0.662
0.27951
0.662
0.337176
0.662
0.662
0.662
0.268766
0.662
0.505862
0.662
0.592599
0.163085
0.662
0.0509011
0.662
0.607716
0.447401
0.0536443
0.153561
0.662
0.662
0.662
0.250508
0.17478
0.184088
0.608922
0.662
0.426524
0.662
0.0706147
0.662
0.38398
0.192354
0.662
0.171698
0.0514281
0.272898
0.662
0.337138
0.196038
0.662
0.662
0.662
0.662
0.327669
0.147348
0.662
0.662
0.355791
0.662
0.0337963
0.0746113
0.662
0.0931964
0.238683
0.0149045
0.00533806
0.662
0.342902
0.184152
0.118392
0.598354
0.464144
0.220578
0.662
0.313937
0.253062
0.376763
0.205766
0.294732
0.662
0.662
0.1691
0.662
0.473852
0.662
0.348608
0.662
0.662
0.640922
0.662
0.250707
0.0218419
0.33942
0.485346
0.0447497
0.662
0.286276
0.662
0.325615
0.662
0.338147
0.662
0.220287
0.662
0.136389
0.662
0.285785
0.0509947
0.662
0.662
0.662
0.662
0.662
0.229298
0.662
0.231973
0.342789
0.131345
0.627702
0.0118561
0.250229
0.171958
0.662
0.662
0.156293
0.662
0.37724
0.203056
0.662
0.662
0.035528
0.0252105
0.228735
0.629207
0.33331
0.662
0.662
0.36404
0.00124168
0.662
0.278602
0.181401
0.172548
0.270493
0.662
0.662
0.418341
0.662
0.494391
0.662
0.662
0.273012
0.662
0.298922
0.309464
0.662
0.0714914
0.638294
0.409576
0.0559048
0.0259353
0.425749
0.381154
0.567177
0.662
0.662
0.662
0.217596
0.538273
0.662
0.662
0.164932
0.662
0.457963
0.662
0.662
0.662
0.662
0.662
0.195338
0.13261
0.308897
0.148466
0.292882
0.346261
0.476304
0.662
0.662
0.256825
0.0421807
0.397341
0.251284
0.0718637
0.16977
0.662
0.0304138
0.662
0.662
0.455279
0.662
0.174145
0.00159473
0.209992
0.187724
0.662
0.217725
0.662
0.433837
0.662
0.461905
0.143525
0.412734
0.662
0.662
0.596044
0.662
0.405043
0.662
0.299489
0.662
0.472575
0.662
0.662
0.450256
0.206514
0.630773
0.662
0.662
0.662
0.662
0.303775
0.662
0.662
0.662
0.22925
0.662
0.297872
0.30583
0.198316
0.227889
0.121569
0.473282
0.662
0.189417
0.461299
0.228784
0.401634
0.662
0.126689
0.374693
0.37568
0.222567
0.17427
0.352568
0.511784
0.220874
0.0321401
0.273132
0.176744
0.345722
0.209875
0.0663907
0.372049
0.186509
0.662
0.662
0.662
0.011395
0.271976
0.662
0.662
0.662
0.4442
0.235571
0.662
0.172155
0.662
0.662
0.333426
0.213217
0.662
0.662
0.261106
0.662
0.662
0.531854
0.310324
0.662
0.662
0.662
0.18607
0.662
0.427496
0.290305
0.662
0.0334686
0.338583
0.203554
0.451876
0.348793
0.662
0.327401
0.286071
0.633115
0.312545
0.200172
0.435552
0.612295
0.180416
0.0889166
0.19451
0.662
0.662
0.411564
0.348793
0.662
0.358028
0.662
0.512578
0.41503
0.662
0.662
0.662
0.662
0.633391
0.191406
0.424603
0.662
0.194615
0.662
0.329352
0.662
0.662
0.662
0.209525
0.0754874
0.0217784
0.417075
0.662
0.662
0.273761
0.662
0.662
0.423335
0.268729
0.662
0.662
0.165304
0.417298
0.662
0.132247
0.662
0.662
0.320351
0.292162
0.662
0.662
0.662
0.662
0.662
0.0194505
0.662
0.662
0.662
0.451344
0.29063
0.191684
0.662
0.662
0.662
0.186802
0.662
0.317065
0.159498
0.0335522
0.311241
0.450834
0.39797
0.162126
0.0515851
0.244956
0.0483942
0.662
0.358866
0.244828
0.662
0.553053
0.662
0.445126
0.457718
0.448941
0.458345
0.662
0.662
0.111438
0.19807
0.15981
0.207241
0.662
0.662
0.662
0.471345
0.459469
0.220344
0.306421
0.104964
0.275628
0.662
0.662
0.365801
0.662
0.662
0.317585
0.662
0.429412
0.218973
0.662
0.14644
0.662
0.662
0.366547
0.0188746
0.445655
0.239793
0.066228
0.467258
0.216592
0.662
0.0609923
0.0406018
0.371867
0.656149
0.662
0.432414
0.662
0.198095
0.166446
0.662
0.662
0.257733
0.0890678
0.662
0.244586
0.662
0.662
0.662
0.662
0.145841
0.662
0.416711
0.475275
0.0770077
0.662
0.662
0.340438
0.267423
0.279801
0.318762
0.662
0.662
0.662
0.662
0.486012
0.662
0.60078
0.662
0.301598
0.362331
0.157011
0.662
0.662
0.0777282
0.145321
0.662
0.312993
0.266441
0.183788
0.0965915
0.662
0.662
0.662
0.218989
0.461764
0.275427
0.251034
0.11539
0.181749
0.0932209
0.662
0.662
0.502381
0.204224
0.0739118
0.662
0.662
0.662
0.662
0.433679
0.176734
0.662
0.461202
0.546976
0.662
0.662
0.143313
0.210129
0.0410394
0.662
0.662
0.449308
0.24837
0.072316
0.662
0.662
0.0738128
0.662
0.388529
0.662
0.432644
0.0209646
0.149777
0.0266398
0.382659
0.662
0.0815085
0.348826
0.662
0.552148
0.662
0.662
0.662
0.662
0.46736
0.245159
0.321991
0.0603915
0.290297
0.443486
0.662
0.0968481
0.400947
0.348358
0.417464
0.598292
0.235511
0.662
0.237218
0.63339
0.662
0.662
0.433052
0.312706
0.662
0.394826
0.335005
0.662
0.312436
0.364858
0.662
0.326403
0.662
0.662
0.00456543
0.269087
0.216637
0.662
0.662
0.0296231
0.662
0.223152
0.614729
0.456075
0.662
0.493616
0.338481
0.212434
0.00519181
0.255833
0.239863
0.186317
0.196763
0.409317
0.662
0.662
0.218105
0.247635
0.662
0.0339775
0.18366
0.662
0.232856
0.156616
0.231047
0.405445
0.662
0.662
0.222194
0.662
0.580723
0.574152
0.662
0.212253
0.146207
0.662
0.662
0.201246
0.662
0.258931
0.451214
0.107505
0.662
0.662
0.662
0.255555
0.349275
0.223795
0.662
0.172845
0.0824067
0.662
0.662
0.22988
0.662
0.662
0.246195
0.0524772
0.215121
0.662
0.662
0.0983286
0.662
0.662
0.662
0.62094
0.216965
0.0790186
0.117503
0.662
0.0173522
0.662
0.662
0.662
0.662
0.338784
0.662
0.662
0.437249
0.662
0.394134
0.197993
0.0293792
0.294522
0.662
0.45555
0.342926
0.307966
0.226795
0.142973
0.156957
0.662
0.364038
0.662
0.262821
0.144873
0.662
0.222059
0.190024
0.662
0.0500957
0.449634
0.662
0.662
0.37182
0.662
0.00286904
0.592847
0.422792
0.662
0.193393
0.0149766
0.457318
0.204511
0.557201
0.452166
0.233894
0.23291
0.662
0.662
0.412169
0.662
0.337719
0.662
0.662
0.0121313
0.369952
0.662
0.662
0.419227
0.662
0.662
0.25108
0.662
0.195538
0.553192
0.561524
0.662
0.448493
0.662
0.187149
0.662
0.662
0.150758
0.344753
0.662
0.662
0.443195
0.194817
0.317147
0.662
0.322251
0.456224
0.228798
0.210736
0.272693
0.662
0.662
0.23307
0.332993
0.0494614
0.223094
0.662
0.662
0.662
0.0498556
0.463898
0.121983
0.283136
0.662
0.434302
0.0201401
0.415352
0.662
0.662
0.220353
0.662
0.334996
0.662
0.662
0.20562
0.210266
0.468358
0.368544
0.173777
0.662
0.662
0.474511
0.190856
0.662
0.435883
0.339454
0.662
0.662
0.107491
0.381801
0.414666
0.662
0.12084
0.0942976
0.662
0.11921
0.328376
0.441641
0.662
0.242001
0.209827
0.391196
0.654328
0.662
0.662
0.198987
0.356033
0.154327
0.662
0.505857
0.382177
0.662
0.172144
0.428497
0.342759
0.463458
0.662
0.0640079
0.202257
0.16797
0.662
0.267114
0.173044
0.662
0.662
0.45962
0.385882
0.234053
0.272279
0.662
0.385439
0.662
0.169819
0.525085
0.662
0.662
0.222543
0.193594
0.662
0.425224
0.0524071
0.616227
0.201402
0.262354
0.662
0.662
0.577218
0.12017
0.662
0.207718
0.662
0.662
0.310749
0.250838
0.413699
0.118777
0.661215
0.662
0.155385
0.183067
0.0344743
0.236076
0.662
0.662
0.662
0.662
0.472481
0.36233
0.662
0.220818
0.662
0.227927
0.662
0.284998
0.2198
0.299027
0.251499
0.662
0.302305
0.662
0.193711
0.213589
0.662
0.662
0.662
0.658114
0.662
0.662
0.48905
0.326941
0.662
0.183384
0.156921
0.349334
0.662
0.662
0.662
0.662
0.662
0.662
0.427222
0.662
0.662
0.190724
0.662
0.109817
0.383381
0.662
0.662
0.662
0.662
0.113452
0.662
0.662
0.214775
0.662
0.56747
0.0964792
0.445799
0.402849
0.662
0.34165
0.404769
0.211992
0.362464
0.210897
0.662
0.662
0.473802
0.365622
0.408228
0.0331057
0.320288
0.11187
0.0602941
0.0970642
0.443987
0.662
0.0135929
0.662
0.662
0.289066
0.245266
0.186007
0.153497
0.662
0.662
0.204774
0.278835
0.335324
0.662
0.321493
0.101567
0.499623
0.662
0.531872
0.420494
0.276002
0.662
0.662
0.662
0.662
0.662
0.214036
0.662
0.441301
0.662
0.422917
0.273628
0.654815
0.662
0.183394
0.274475
0.47001
0.662
0.281334
0.160018
0.209728
0.127634
0.195082
0.158126
0.103662
0.0611946
0.662
0.199936
0.451539
0.662
0.013211
0.662
0.33777
0.187531
0.101015
0.662
0.662
0.662
0.662
0.662
0.662
0.662
0.530143
0.662
0.662
0.132338
0.39158
0.65068
0.662
0.514065
0.209462
0.0292491
0.0726708
0.114293
0.470136
0.42536
0.359284
0.662
0.662
0.156044
0.662
0.662
0.320721
0.662
0.341805
0.0756387
0.278421
0.349869
0.662
0.662
0.438565
0.38238
0.662
0.662
0.251763
0.662
0.227451
0.563805
0.662
0.267045
0.123414
0.662
0.250702
0.324699
0.373346
0.662
0.662
0.662
0.662
0.662
0.199731
0.527216
0.164412
0.662
0.470982
0.453187
0.171646
0.662
0.0193556
0.661112
0.0108652
0.662
0.662
0.662
0.523342
0.155358
0.662
0.210883
0.662
0.195555
0.520472
0.184566
0.662
0.662
0.257708
0.662
0.662
0.465142
0.662
0.662
0.455178
0.662
0.662
0.662
0.662
0.662
0.662
0.0525162
0.348368
0.0155014
0.662
0.424638
0.319101
0.662
0.662
0.119162
0.114818
0.289455
0.312237
0.662
0.180705
0.117458
0.467767
0.165924
0.187787
0.27345
0.309815
0.206764
0.662
0.332673
0.662
0.246766
0.662
0.329246
0.35813
0.662
0.662
0.662
0.233926
0.662
0.662
0.460635
0.234941
0.015777
0.662
0.190344
0.0319513
0.662
0.662
0.586044
0.662
0.662
0.327291
0.662
0.662
0.662
0.662
0.662
0.662
0.662
0.296207
0.662
0.51995
0.662
0.662
0.204631
0.474505
0.662
0.193986
0.662
0.662
0.662
0.662
0.216371
0.662
0.45631
0.243586
0.662
0.23775
0.37496
0.168395
0.662
0.662
0.662
0.662
0.142309
0.599859
0.413894
0.282833
0.0341663
0.304946
0.662
0.0334414
0.134557
0.662
0.502701
0.490259
0.637907
0.662
0.662
0.662
0.662
0.662
0.212219
0.41441
0.662
0.365696
0.101237
0.662
0.662
0.389126
0.153427
0.198112
0.662
0.432323
0.662
0.662
0.103404
0.662
0.659639
0.295349
0.196371
0.662
0.0940787
0.446486
0.662
0.186146
0.212371
0.152239
0.456877
0.376702
0.129775
0.662
0.012965
0.662
0.662
0.46393
0.362476
0.562848
0.392012
0.662
0.240606
0.316764
0.0268943
0.391706
0.261576
0.662
0.662
0.155148
0.662
0.662
0.662
0.662
0.662
0.128707
0.154624
0.662
0.143554
0.662
0.662
0.0420171
0.619054
0.662
0.381735
0.5649
0.315592
0.406911
0.356672
0.392028
0.662
0.197202
0.662
0.552207
0.24923
0.275668
0.252253
0.662
0.152207
0.188213
0.0431631
0.662
0.208436
0.256995
0.222506
0.268528
0.448321
0.662
0.662
0.662
0.464553
0.662
0.662
0.662
0.484307
0.662
0.0572225
0.662
0.662
0.662
0.201312
0.662
0.304866
0.463339
0.626399
0.409376
0.371583
0.488816
0.172164
0.662
0.662
0.662
0.662
0.662
0.0177807
0.427473
0.276956
0.662
0.298816
0.662
0.311384
0.662
0.662
0.105686
0.20539
0.54082
0.638415
0.662
0.662
0.662
0.368799
0.662
0.0402873
0.225099
0.662
0.16203
0.220483
0.123814
0.662
0.662
0.102351
0.0643543
0.15854
0.00277877
0.392383
0.662
0.311494
0.34973
0.0068099
0.0683022
0.410273
0.380539
0.662
0.662
0.0935069
0.329762
0.662
0.122705
0.662
0.130968
0.306853
0.662
0.662
0.662
0.181845
0.0665522
0.662
0.534729
0.0375744
0.574284
0.662
0.100311
0.156023
0.0245981
0.249363
0.662
0.273598
0.662
0.33545
0.662
0.310469
0.662
0.338055
0.662
0.212218
0.250319
0.194837
0.421209
0.662
0.662
0.662
0.662
0.0456101
0.0105053
0.22285
0.662
0.20538
0.662
0.308116
0.662
0.269785
0.234324
0.662
0.197925
0.403061
0.645587
0.662
0.662
0.662
0.0509775
0.240041
0.662
0.0672688
0.662
0.662
0.662
0.662
0.627645
0.662
0.662
0.128499
0.461384
0.107065
0.662
0.210481
0.223897
0.201542
0.662
0.662
0.662
0.662
0.142531
0.662
0.213743
0.662
0.484302
0.662
0.662
0.229423
0.662
0.662
0.662
0.173163
0.662
0.0434007
0.36695
0.162661
0.00804811
0.46825
0.163774
0.662
0.662
0.0720949
0.600254
0.505922
0.294575
0.188131
0.351506
0.662
0.380367
0.0212526
0.122086
0.49134
0.150876
0.662
0.662
0.662
0.459205
0.662
0.304803
0.206401
0.306771
0.375411
0.662
0.662
0.662
0.662
0.662
0.155421
0.284979
0.662
0.275725
0.662
0.2083
0.490208
0.159138
0.662
0.662
0.182032
0.0116545
0.178458
0.466669
0.0421645
0.662
0.178898
0.621208
0.662
0.662
0.662
0.445096
0.662
0.405894
0.191891
0.229979
0.31727
0.354509
0.361994
0.187198
0.3975
0.39227
0.429406
0.231322
0.0960788
0.662
0.209831
0.146747
0.293745
0.255381
0.543472
0.662
0.620747
0.662
0.232988
0.245429
0.662
0.662
0.380209
0.231668
0.411781
0.662
0.205248
0.378269
0.387904
0.446478
0.501298
0.662
0.422008
0.662
0.33122
0.0669373
0.662
0.11703
0.305706
0.320436
0.347416
0.584243
0.267114
0.662
0.220772
0.423929
0.422152
0.662
0.662
0.255645
0.188232
0.287292
0.662
0.662
0.662
0.457603
0.662
0.190176
0.31635
0.171629
0.0659932
0.662
0.0547421
0.0810603
0.191096
0.228043
0.662
0.662
0.203412
0.311414
0.662
0.191541
0.535978
0.0825392
0.662
0.662
0.375707
0.662
0.240126
0.662
0.662
0.276766
0.0450394
0.169727
0.662
0.662
0.544302
0.662
0.188637
0.432131
0.462872
0.00292206
0.662
0.0389922
0.662
0.662
0.216882
0.323569
0.662
0.662
0.343533
0.429941
0.471397
0.127235
0.248205
0.273266
0.226957
0.662
0.377972
0.662
0.662
0.293936
0.453248
0.378085
0.332525
0.662
0.662
0.353384
0.662
0.662
0.662
0.105572
0.132182
0.235997
0.55571
0.311611
0.662
0.147675
0.0534317
0.662
0.0809074
0.227509
0.398401
0.0170857
0.537729
0.321498
0.662
0.388916
0.662
0.662
0.243095
0.662
0.336408
0.116184
0.662
0.641101
0.197386
0.0991317
0.589655
0.662
0.161097
0.378915
0.662
0.26345
0.662
0.662
0.17929
0.172839
0.662
0.110356
0.662
0.662
0.105502
0.662
0.143294
0.662
0.324498
0.495943
0.00424774
0.385058
0.386069
0.488297
0.662
0.367172
0.0128435
0.552057
0.212861
0.212878
0.290431
0.662
0.662
0.662
0.662
0.258432
0.34972
0.142712
0.24316
0.662
0.271328
0.505995
0.501329
0.162298
0.662
0.607023
0.662
0.662
0.256251
0.126955
0.43045
0.662
0.662
0.662
0.391448
0.662
0.633391
0.662
0.184487
0.311663
0.0879932
0.662
0.411343
0.446679
0.438547
0.662
0.0205393
0.161438
0.1897
0.662
0.662
0.327519
0.333523
0.662
0.662
0.662
0.286285
0.0485834
0.662
0.662
0.479074
0.662
0.662
0.232075
0.363881
0.662
0.39502
0.258667
0.165729
0.662
0.662
0.454529
0.662
0.109201
0.285665
0.662
0.462991
0.29287
0.324715
0.597038
0.662
0.302708
0.662
0.145856
0.177696
0.266821
0.168819
0.662
0.100613
0.406771
0.662
0.473492
0.625985
0.390114
0.363597
0.441756
0.0467515
0.218466
0.662
0.164619
0.0478745
0.592723
0.371917
0.31785
0.662
0.571923
0.662
0.393108
0.662
0.662
0.507189
0.662
0.351209
0.662
0.662
0.662
0.499127
0.662
0.528172
0.662
0.662
0.308969
0.662
0.128241
0.662
0.662
0.216824
0.662
0.662
0.662
0.432236
0.662
0.662
0.442226
0.277753
0.46337
0.458924
0.662
0.662
0.124075
0.662
0.0326225
0.213877
0.662
0.662
0.169628
0.662
0.120927
0.152393
0.0418183
0.24648
0.662
0.0824691
0.662
0.250605
0.662
0.662
0.662
0.140969
0.662
0.188283
0.662
0.607053
0.662
0.159562
0.246583
0.662
0.0394425
0.662
0.163073
0.184893
0.49507
0.662
0.189821
0.662
0.662
0.662
0.562852
0.662
0.662
0.33352
0.662
0.220136
0.072044
0.662
0.124014
0.050007
0.662
0.662
0.191441
0.662
0.662
0.662
0.423968
0.0222324
0.662
0.402343
0.662
0.656767
0.322214
0.14139
0.662
0.213675
0.662
0.321132
0.0476646
0.231268
0.198381
0.16507
0.430712
0.251236
0.662
0.377701
0.191663
0.158593
0.188714
0.333078
0.662
0.0217191
0.662
0.662
0.451489
0.123286
0.662
0.202747
0.384164
0.0202272
0.662
0.203283
0.446789
0.20266
0.662
0.662
0.662
0.199208
0.662
0.662
0.495933
0.662
0.662
0.662
0.662
0.662
0.662
0.434229
0.18952
0.45928
0.662
0.328068
0.315238
0.293385
0.421873
0.334849
0.479018
0.662
0.169628
0.662
0.295808
0.662
0.662
0.424274
0.662
0.32778
0.662
0.662
0.480097
0.48766
0.662
0.662
0.00134278
0.126261
0.425715
0.266979
0.504183
0.662
0.268753
0.662
0.22423
0.62897
0.662
0.662
0.662
0.662
0.480769
0.321798
0.662
0.0585297
0.662
0.37594
0.291914
0.662
0.662
0.662
0.117596
0.615339
0.475548
0.662
0.662
0.662
0.234909
0.662
0.260487
0.0758179
0.147214
0.0464047
0.0786823
0.262092
0.364222
0.0816346
0.662
0.188113
0.18449
0.0770379
0.662
0.527438
0.662
0.662
0.662
0.0154492
0.250225
0.392604
0.662
0.662
0.197648
0.662
0.322963
0.662
0.662
0.255494
0.245011
0.662
0.392971
0.662
0.33292
0.662
0.212613
0.662
0.238309
0.103553
0.662
0.662
0.110692
0.662
0.0437419
0.130266
0.662
0.109679
0.662
0.435025
0.27777
0.242541
0.221012
0.45537
0.236344
0.662
0.387174
0.662
0.662
0.662
0.252335
0.662
0.222959
0.223539
0.0774176
0.273563
0.662
0.257753
0.0235588
0.328616
0.662
0.0328618
0.662
0.276144
0.31473
0.662
0.576458
0.258538
0.0916431
0.173246
0.662
0.216862
0.152951
0.202938
0.580944
0.633694
0.0998257
0.662
0.662
0.14334
0.463577
0.221657
0.354381
0.223405
0.111648
0.285236
0.662
0.0854187
0.200748
0.662
0.662
0.0995688
0.443721
0.636111
0.275749
0.572283
0.662
0.334445
0.448468
0.126529
0.662
0.0921171
0.266484
0.452067
0.243273
0.519365
0.265575
0.114217
0.662
0.240821
0.323412
0.303251
0.145284
0.246839
0.662
0.662
0.662
0.46163
0.662
0.203117
0.312937
0.662
0.224374
0.662
0.192912
0.662
0.662
0.00349459
0.662
0.282608
0.662
0.257533
0.662
0.662
0.35933
0.56496
0.469775
0.400756
0.215319
0.122655
0.445881
0.662
0.662
0.349936
0.283315
0.555515
0.662
0.662
0.662
0.662
0.629763
0.662
0.0358278
0.562022
0.662
0.359067
0.662
0.662
0.351652
0.662
0.275554
0.0609995
0.662
0.652748
0.0301664
0.662
0.216473
0.662
0.662
0.35868
0.57136
0.227071
0.334847
0.00922792
0.662
0.662
0.662
0.204698
0.134323
0.115989
0.228285
0.0464766
0.229845
0.206172
0.359629
0.235635
0.662
0.244644
0.616465
0.294612
0.662
0.165249
0.301482
0.662
0.264933
0.1217
0.518839
0.662
0.568097
0.236489
0.662
0.218837
0.662
0.0399217
0.662
0.662
0.662
0.662
0.662
0.662
0.662
0.573849
0.0808715
0.397394
0.500918
0.662
0.478932
0.0821661
0.502034
0.662
0.318256
0.20796
0.662
0.228987
0.0607863
0.318745
0.662
0.662
0.0973115
0.130939
0.0325449
0.174372
0.662
0.253951
0.300562
0.1221
0.358358
0.441852
0.662
0.662
0.662
0.267752
0.201278
0.205538
0.662
0.0195976
0.662
0.662
0.662
0.178263
0.662
0.662
0.252905
0.662
0.486835
0.507545
0.662
0.545143
0.472735
0.662
0.157022
0.430443
0.662
0.662
0.662
0.662
0.557127
0.390915
0.525452
0.283351
0.103115
0.662
0.474765
0.115863
0.321595
0.135447
0.662
0.345693
0.0148108
0.134775
0.662
0.660265
0.0925381
0.110542
0.299178
0.662
0.366705
0.444705
0.0216473
0.259307
0.307662
0.647496
0.662
0.410654
0.349757
0.213911
0.662
0.492939
0.29335
0.210255
0.371359
0.175418
0.249531
0.662
0.662
0.176926
0.173698
0.263828
0.662
0.662
0.662
0.148757
0.445717
0.263618
0.202772
0.215001
0.662
0.482206
0.214989
0.425354
0.100512
0.662
0.662
0.662
0.0170113
0.222501
0.27934
0.213572
0.397055
0.12284
0.662
0.662
0.299921
0.236277
0.662
0.662
0.662
0.421418
0.662
0.662
0.491052
0.286423
0.271336
0.179066
0.662
0.662
0.245846
0.159056
0.195248
0.499413
0.662
0.662
0.662
0.163653
0.662
0.662
0.0797593
0.0640427
0.0232063
0.206207
0.662
0.662
0.449273
0.49272
0.662
0.662
0.662
0.662
0.136826
0.662
0.14545
0.662
0.446204
0.533195
0.662
0.0222396
0.576098
0.662
0.208888
0.662
0.498742
0.530296
0.0196889
0.662
0.0978964
0.402165
0.662
0.115114
0.662
0.662
0.199896
0.365751
0.120276
0.320681
0.453232
0.0891544
0.0505527
0.564569
0.215863
0.265954
0.504156
0.235713
0.271383
0.662
0.0912472
0.126243
0.662
0.662
0.662
0.251741
0.662
0.309451
0.241085
0.21944
0.161183
0.478981
0.0637985
0.662
0.662
0.526517
0.32252
0.662
0.0517481
0.662
0.662
0.060276
0.107749
0.38349
0.402815
0.257288
0.268673
0.662
0.128482
0.662
0.308318
0.392356
0.011128
0.449229
0.317897
0.662
0.662
0.662
0.662
0.624215
0.662
0.662
0.613189
0.476762
0.243192
0.662
0.470193
0.662
0.248731
0.25186
0.187894
0.0924446
0.459216
0.662
0.434799
0.204225
0.208422
0.425196
0.662
0.662
0.213141
0.428034
0.228118
0.176765
0.260782
0.560644
0.662
0.103437
0.242575
0.662
0.157795
0.662
0.341296
0.117316
0.131345
0.198933
0.381961
0.662
0.314973
0.662
0.662
0.662
0.466865
0.662
0.42177
0.430915
0.261774
0.662
0.662
0.662
0.0781741
0.662
0.662
0.366091
0.112559
0.662
0.662
0.365251
0.419407
0.411583
0.662
0.662
0.526454
0.662
0.249373
0.662
0.662
0.339428
0.128361
0.446976
0.63924
0.662
0.662
0.0143493
0.662
0.411685
0.229664
0.662
0.335855
0.326687
0.00386172
0.662
0.282782
0.0204537
0.373846
0.00888833
0.662
0.662
0.662
0.00607626
0.662
0.298347
0.068806
0.119806
0.167681
0.662
0.662
0.321103
0.662
0.220424
0.14086
0.0422067
0.640417
0.662
0.662
0.662
0.662
0.652049
0.433174
0.614887
0.662
0.662
0.662
0.468154
0.485881
0.192
0.662
0.066607
0.662
0.662
0.297737
0.658938
0.662
0.465157
0.662
0.396968
0.662
0.662
0.662
0.662
0.303161
0.174633
0.600059
0.407739
0.0671718
0.110021
0.132581
0.662
0.311479
0.652775
0.662
0.662
0.299735
0.234633
0.662
0.130923
0.662
0.662
0.551513
0.662
0.452114
0.662
0.662
0.01012
0.543115
0.662
0.662
0.372147
0.227068
0.298984
0.213042
0.186361
0.34318
0.408268
0.354711
0.662
0.193372
0.274124
0.285697
0.356821
0.213347
0.0360953
0.662
0.490507
0.436482
0.302877
0.476362
0.320107
0.657424
0.38222
0.222691
0.662
0.662
0.467259
0.662
0.662
0.662
0.662
0.494785
0.463468
0.662
0.662
0.172422
0.251944
0.662
0.230118
0.662
0.662
0.662
0.662
0.662
0.51478
0.662
0.662
0.662
0.301759
0.662
0.41388
0.662
0.390341
0.446085
0.381807
0.217675
0.662
0.271344
0.210273
0.355988
0.224768
0.662
0.155389
0.575746
0.174002
0.662
0.662
0.501652
0.662
0.662
0.662
0.0934131
0.284229
0.662
0.662
0.326832
0.22982
0.348674
0.156026
0.213045
0.662
0.0872234
0.662
0.302761
0.476324
0.355709
0.662
0.26836
0.397739
0.385777
0.171043
0.297287
0.662
0.426962
0.662
0.19092
0.662
0.662
0.31987
0.272694
0.364504
0.662
0.399996
0.662
0.18488
0.248404
0.449984
0.662
0.662
0.377866
0.662
0.662
0.480804
0.33429
0.662
0.662
0.210816
0.549068
0.310737
0.662
0.662
0.662
0.662
0.662
0.216658
0.160498
0.189096
0.155741
0.343114
0.139179
0.28333
0.662
0.662
0.189603
0.662
0.44352
0.295911
0.662
0.213128
0.205851
0.662
0.0108171
0.266268
0.162789
0.011533
0.659908
0.402669
0.298358
0.630183
0.199736
0.402058
0.200005
0.662
0.662
0.418892
0.208425
0.0467997
0.250345
0.459448
0.322089
0.0179233
0.0726116
0.5134
0.264982
0.662
0.662
0.662
0.662
0.662
0.662
0.427657
0.206582
0.662
0.0709163
0.512626
0.206937
0.208974
0.662
0.148312
0.512516
0.662
0.238218
0.247647
0.148443
0.101924
0.309341
0.662
0.207407
0.416781
0.662
0.337361
0.662
0.037931
0.281077
0.662
0.662
0.103277
0.220018
0.122291
0.212545
0.467946
0.210635
0.662
0.249378
0.288404
0.662
0.3258
0.662
0.396624
0.26321
0.33137
0.662
0.662
0.662
0.662
0.196139
0.662
0.31253
0.199962
0.662
0.662
0.662
0.37273
0.402215
0.049517
0.367076
0.0926144
0.662
0.0607647
0.662
0.31977
0.662
0.662
0.662
0.324906
0.662
0.209277
0.437491
0.332897
0.351137
0.328974
0.24428
0.189412
0.662
0.258268
0.662
0.410792
0.662
0.662
0.333927
0.368945
0.662
0.342639
0.294862
0.189176
0.182201
0.662
0.662
0.662
0.662
0.652881
0.0678683
0.662
0.176341
0.662
0.314602
0.56133
0.483331
0.662
0.662
0.662
0.207911
0.662
0.210306
0.277922
0.662
0.449078
0.132142
0.12294
0.662
0.662
0.0126841
0.381736
0.236896
0.662
0.193218
0.329265
0.560369
0.352371
0.662
0.662
0.412994
0.55317
0.662
0.202542
0.0903314
0.495539
0.449575
0.193729
0.662
0.662
0.201234
0.662
0.400262
0.662
0.662
0.662
0.662
0.662
0.246342
0.662
0.662
0.662
0.662
0.662
0.213078
0.662
0.213584
0.662
0.33398
0.0501297
0.214413
0.00297779
0.235507
0.0435257
0.453101
0.0685116
0.662
0.662
0.283046
0.221601
0.311181
0.662
0.296562
0.328304
0.662
0.479851
0.285881
0.662
0.30375
0.401389
0.34994
0.0621957
0.16303
0.662
0.60053
0.373058
0.662
0.662
0.200635
0.662
0.662
0.662
0.451054
0.136944
0.0921059
0.662
0.391528
0.662
0.292163
0.662
0.290191
0.112026
0.148532
0.246133
0.662
0.326575
0.542409
0.00775227
0.662
0.44337
0.662
0.662
0.138519
0.46738
0.662
0.289327
0.662
0.574253
0.00302376
0.413245
0.188502
0.133671
0.535148
0.263886
0.662
0.381621
0.662
0.662
0.662
0.662
0.594652
0.662
0.662
0.389942
0.197995
0.0715842
0.662
0.662
0.662
0.493389
0.649967
0.431845
0.207111
0.662
0.0460682
0.221753
0.593466
0.459254
0.259177
0.228345
0.309266
0.363558
0.266448
0.30919
0.466758
0.662
0.662
0.662
0.250533
0.324099
0.0341958
0.163888
0.662
0.34101
0.321146
0.293788
0.662
0.662
0.453936
0.45947
0.401875
0.662
0.662
0.226135
0.304052
0.16636
0.662
0.401332
0.662
0.662
0.110056
0.662
0.162714
0.662
0.321921
0.349151
0.301341
0.662
0.379293
0.662
0.198721
0.318685
0.377539
0.121429
0.662
0.0229053
0.662
0.662
0.662
0.0468323
0.662
0.246879
0.30342
0.545371
0.662
0.662
0.13333
0.662
0.432369
0.149988
0.662
0.308083
0.662
0.477672
0.662
0.382536
0.123011
0.662
0.450381
0.259724
0.662
0.0769658
0.662
0.058439
0.314972
0.662
0.662
0.309078
0.662
0.0128529
0.662
0.272644
0.662
0.245416
0.662
0.165342
0.133304
0.357299
0.201166
0.662
0.378567
0.662
0.444918
0.0851009
0.0121326
0.662
0.0468201
0.662
0.662
0.662
0.112222
0.662
0.403943
0.0375638
0.086345
0.662
0.259544
0.662
0.662
0.662
0.0422032
0.206399
0.295815
0.0802282
0.463767
0.270646
0.662
0.123276
0.662
0.285168
0.662
0.358829
0.662
0.243093
0.244863
0.197788
0.0719534
0.191967
0.662
0.472393
0.0365448
0.226863
0.662
0.662
0.662
0.662
0.168189
0.190067
0.662
0.662
0.297207
0.662
0.662
0.440196
0.662
0.142957
0.0754228
0.662
0.0948931
0.521214
0.662
0.280245
0.454731
0.662
0.0544827
0.483164
0.312176
0.140194
0.271341
0.30182
0.662
0.662
0.283842
0.380695
0.521045
0.662
0.620555
0.279928
0.20759
0.124584
0.0187706
0.155087
0.662
0.11316
0.662
0.340056
0.254765
0.247688
0.020856
0.0770557
0.4641
0.662
0.45125
0.488634
0.414053
0.193909
0.394969
0.662
0.258694
0.37903
0.359537
0.484441
0.291611
0.662
0.30581
0.191541
0.249684
0.204987
0.241114
0.324912
0.224958
0.0436641
0.407951
0.662
0.662
0.327364
0.0844206
0.662
0.0862767
0.119176
0.133857
0.194143
0.662
0.662
0.662
0.0102109
0.662
0.405091
0.00781084
0.662
0.662
0.138113
0.129568
0.256286
0.162524
0.476449
0.214835
0.662
0.662
0.452806
0.29341
0.662
0.505432
0.245791
0.662
0.158906
0.662
0.250271
0.193793
0.222482
0.662
0.662
0.662
0.662
0.0921825
0.00211711
0.390307
0.662
0.148591
0.0729199
0.662
0.152852
0.484283
0.0535294
0.662
0.248452
0.583844
0.662
0.124137
0.474302
0.448526
0.662
0.662
0.495503
0.282708
0.662
0.386816
0.271225
0.493524
0.468267
0.662
0.0612461
0.469984
0.2493
0.662
0.125466
0.398704
0.662
0.662
0.260002
0.662
0.662
0.342473
0.662
0.205139
0.662
0.350908
0.662
0.45469
0.0722777
0.662
0.42279
0.311478
0.662
0.662
0.662
0.382839
0.125204
0.662
0.458711
0.575958
0.511724
0.662
0.302828
0.43165
0.662
0.662
0.662
0.662
0.662
0.479644
0.662
0.0720134
0.662
0.239908
0.283912
0.00496174
0.347111
0.519114
0.463909
0.0492707
0.220215
0.2071
0.435968
0.662
0.358703
0.437921
0.0131153
0.634681
0.0454516
0.662
0.142068
0.662
0.662
0.289582
0.555864
0.35384
0.662
0.243546
0.595697
0.662
0.42139
0.146103
0.662
0.662
0.175226
0.0597247
0.36759
0.662
0.149089
0.662
0.246485
0.27379
0.0314238
0.426916
0.658734
0.0927116
0.225272
0.662
0.662
0.0572975
0.56488
0.354062
0.0361037
0.633124
0.662
0.483107
0.246574
0.423486
0.662
0.662
0.662
0.662
0.662
0.0626454
0.226194
0.360337
0.307714
0.373845
0.216885
0.662
0.662
0.662
0.0405969
0.334315
0.353449
0.141254
0.441622
0.662
0.262876
0.577984
0.378407
0.386894
0.662
0.0705944
0.183181
0.662
0.532603
0.662
0.308337
0.429247
0.662
0.662
0.662
0.211464
0.411709
0.662
0.662
0.0785686
0.662
0.0423171
0.495034
0.662
0.662
0.662
0.658415
0.662
0.207673
0.662
0.662
0.231624
0.662
0.267842
0.332723
0.294614
0.118835
0.303569
0.662
0.0634599
0.21479
0.330823
0.662
0.662
0.316752
0.662
0.209253
0.662
0.315302
0.368265
0.220773
0.0185338
0.145281
0.133724
0.0769854
0.662
0.445135
0.662
0.662
0.406001
0.662
0.0580231
0.662
0.284692
0.662
0.317934
0.359984
0.662
0.662
0.0554179
0.662
0.662
0.17502
0.662
0.372053
0.662
0.406972
0.662
0.236005
0.328908
0.206987
0.461999
0.555854
0.0740054
0.0270556
0.369801
0.662
0.0369701
0.143221
0.18937
0.627047
0.129588
0.662
0.608141
0.494269
0.662
0.662
0.477525
0.662
0.662
0.485518
0.148332
0.257234
0.662
0.0811263
0.636419
0.363358
0.110207
0.662
0.274084
0.0321564
0.662
0.249063
0.662
0.662
0.542607
0.397926
0.327668
0.629706
0.662
0.662
0.0205401
0.662
0.255269
0.662
0.662
0.47243
0.21244
0.62543
0.662
0.662
0.199392
0.659044
0.262994
0.232904
0.249047
0.437124
0.662
0.0469642
0.0601734
0.012509
0.291551
0.452473
0.662
0.662
0.662
0.339117
0.578646
0.460863
0.349304
0.662
0.321999
0.662
0.474562
0.310814
0.662
0.662
0.662
0.662
0.355583
0.662
0.376857
0.662
0.662
0.662
0.241958
0.152708
0.0371837
0.0396132
0.393618
0.459909
0.29474
0.662
0.188069
0.479787
0.662
0.395404
0.131687
0.198594
0.0687251
0.436927
0.662
0.662
0.251426
0.662
0.635393
0.662
0.662
0.226296
0.451985
0.662
0.662
0.237106
0.662
0.662
0.662
0.662
0.375529
0.177631
0.430701
0.442213
0.384904
0.662
0.193672
0.178184
0.662
0.0362202
0.662
0.131777
0.472349
0.400914
0.662
0.114879
0.662
0.662
0.0467738
0.388441
0.391693
0.341899
0.662
0.662
0.327442
0.662
0.662
0.662
0.662
0.163744
0.225793
0.662
0.162934
0.338454
0.274194
0.662
0.398701
0.662
0.440765
0.11551
0.662
0.662
0.0986134
0.314387
0.0577818
0.662
0.161371
0.520882
0.662
0.00199855
0.06472
0.329556
0.573577
0.662
0.453342
0.662
0.299207
0.618948
0.662
0.44405
0.0758393
0.662
0.662
0.297326
0.299305
0.311109
0.448482
0.137273
0.231405
0.372266
0.662
0.580817
0.662
0.662
0.662
0.452322
0.409269
0.662
0.488964
0.158926
0.0665867
0.662
0.233161
0.662
0.662
0.662
0.662
0.365632
0.237037
0.662
0.662
0.291963
0.325849
0.268246
0.384559
0.298195
0.320778
0.176284
0.662
0.190687
0.472348
0.228262
0.523654
0.662
0.662
0.331669
0.599452
0.00430128
0.0796093
0.333985
0.563887
0.662
