0.224839
0.662
0.555628
0.107995
0.228254
0.624599
0.16702
0.615209
0.662
0.662
0.662
0.662
0.0991371
0.662
0.379162
0.00999562
0.662
0.662
0.662
0.662
0.00667666
0.349152
0.662
0.662
0.0435103
0.0805969
0.506094
0.209612
0.662
0.662
0.501961
0.226231
0.662
0.0991681
0.662
0.662
0.662
0.123986
0.204329
0.467777
0.32353
0.460631
0.429582
0.662
0.2478
0.268769
0.173852
0.291885
0.18974
0.581004
0.662
0.662
0.0333048
0.515217
0.052441
0.143303
0.253963
0.662
0.406896
0.304729
0.662
0.662
0.662
0.363375
0.336641
0.406533
0.0779696
0.461223
0.662
0.662
0.662
0.30905
0.0901399
0.662
0.479767
0.34555
0.662
0.662
0.0757373
0.390045
0.318934
0.662
0.374774
0.398484
0.121279
0.662
0.452844
0.12716
0.662
0.662
0.421984
0.0861748
0.443833
0.189487
0.662
0.662
0.662
0.274905
0.235876
0.140966
0.662
0.246486
0.326168
0.662
0.662
0.662
0.662
0.662
0.0784869
0.542427
0.0468388
0.662
0.308465
0.454465
0.662
0.217112
0.484742
0.189572
0.408978
0.539163
0.662
0.662
0.662
0.00414928
0.662
0.392706
0.368957
0.501466
0.662
0.0633118
0.662
0.662
0.662
0.662
0.308041
0.662
0.662
0.556599
0.241349
0.656966
0.0438845
0.662
0.204971
0.662
0.211653
0.384715
0.315799
0.662
0.662
0.662
0.645516
0.633253
0.662
0.662
0.116068
0.495686
0.31831
0.152741
0.0126602
0.662
0.516588
0.432074
0.573721
0.662
0.223782
0.662
0.662
0.662
0.662
0.179935
0.368551
0.242751
0.49868
0.0956332
0.662
0.662
0.0765824
0.662
0.0316918
0.211026
0.662
0.469702
0.252894
0.558768
0.662
0.130847
0.2398
0.24106
0.0620111
0.662
0.662
0.523914
0.434507
0.662
0.661381
0.352056
0.237035
0.164818
0.558251
0.662
0.662
0.0205485
0.167951
0.229715
0.192939
0.199776
0.440419
0.327857
0.0541248
0.304525
0.662
0.118774
0.00296654
0.191888
0.305079
0.603478
0.0398029
0.662
0.0698147
0.475042
0.662
0.425791
0.423091
0.662
0.0375195
0.311644
0.188682
0.110228
0.662
0.590653
0.134635
0.417277
0.450203
0.622721
0.662
0.662
0.662
0.375468
0.537524
0.287691
0.187393
0.316795
0.662
0.143111
0.662
0.662
0.662
0.607404
0.662
0.629706
0.662
0.662
0.0178581
0.363203
0.503877
0.402605
0.436827
0.662
0.662
0.356162
0.662
0.662
0.662
0.662
0.188837
0.006411
0.143417
0.662
0.069713
0.0496094
0.313255
0.427997
0.662
0.130153
0.107014
0.123903
0.602719
0.662
0.209184
0.372107
0.593357
0.662
0.662
0.564398
0.253304
0.124802
0.662
0.105016
0.129056
0.0787115
0.606982
0.168555
0.662
0.490951
0.60548
0.0355996
0.234662
0.662
0.662
0.553208
0.662
0.631802
0.0564971
0.221911
0.340298
0.662
0.662
0.205947
0.662
0.0909195
0.662
0.592436
0.213294
0.250491
0.381658
0.467266
0.259184
0.555859
0.662
0.302691
0.321514
0.638951
0.175717
0.662
0.63339
0.465556
0.662
0.484602
0.484844
0.662
0.454819
0.662
0.662
0.662
0.18467
0.0261956
0.159183
0.662
0.662
0.297401
0.00842663
0.662
0.345927
0.37875
0.597388
0.0667118
0.129781
0.273511
0.222145
0.662
0.210808
0.221174
0.410003
0.529252
0.662
0.4105
0.53462
0.144238
0.475379
0.208355
0.662
0.502612
0.591521
0.470706
0.662
0.234145
0.468607
0.662
0.00340775
0.662
0.448702
0.495772
0.608447
0.662
0.647552
0.662
0.662
0.13933
0.0443029
0.229372
0.451311
0.662
0.15829
0.662
0.0276791
0.614866
0.362245
0.0908085
0.662
0.662
0.2077
0.598377
0.219001
0.0309798
0.261199
0.662
0.662
0.662
0.0737163
0.662
0.47863
0.662
0.263815
0.662
0.662
0.177986
0.379682
0.662
0.208617
0.165941
0.662
0.220964
0.347484
0.175673
0.530753
0.662
0.0882059
0.662
0.148276
0.535456
0.0252268
0.662
0.662
0.587026
0.168959
0.662
0.627376
0.662
0.0423657
0.662
0.518853
0.662
0.662
0.0669268
0.141445
0.286601
0.662
0.570253
0.662
0.253024
0.631481
0.662
0.662
0.312719
0.493557
0.409302
0.662
0.25942
0.662
0.662
0.662
0.20325
0.294117
0.235009
0.662
0.203405
0.662
0.188229
0.362896
0.42188
0.152155
0.662
0.662
0.477803
0.36089
0.662
0.260844
0.0921612
0.330143
0.662
0.454941
0.196503
0.395935
0.662
0.0578993
0.167882
0.249678
0.662
0.652899
0.662
0.177718
0.42307
0.203963
0.662
0.662
0.661877
0.608291
0.154275
0.662
0.662
0.662
0.662
0.662
0.662
0.286606
0.137917
0.0737671
0.662
0.629455
0.662
0.199162
0.526664
0.662
0.649465
0.224459
0.662
0.662
0.194184
0.22154
0.269516
0.378789
0.274128
0.662
0.662
0.662
0.483473
0.389576
0.276014
0.293094
0.492963
0.184774
0.19613
0.658364
0.38773
0.662
0.308514
0.457526
0.194689
0.662
0.436831
0.662
0.662
0.0681819
0.436949
0.525505
0.662
0.662
0.662
0.203464
0.391952
0.662
0.364429
0.662
0.318519
0.662
0.662
0.662
0.0225089
