0.108509
0.148274
0.662
0.662
0.662
0.551889
0.622361
0.12669
0.347557
0.391164
0.379465
0.333993
0.0280698
0.297801
0.662
0.662
0.186313
0.662
0.662
0.278396
0.662
0.170744
0.662
0.662
0.662
0.276649
0.191579
0.174081
0.662
0.20826
0.194154
0.309617
0.319962
0.502832
0.573139
0.251253
0.662
0.18632
0.123875
0.662
0.662
0.662
0.0512126
0.458621
0.289061
0.213651
0.310838
0.662
0.662
0.662
0.344778
0.0242591
0.662
0.360977
0.0668863
0.662
0.158583
0.387508
0.0200304
0.0274552
0.0465167
0.662
0.662
0.662
0.106418
0.662
0.327738
0.320031
0.310467
0.662
0.000658638
0.662
0.662
0.225713
0.662
0.00954363
0.172562
0.0603408
0.662
0.107242
0.662
0.662
0.0590514
0.662
0.662
0.176018
0.196579
0.662
0.444147
0.0567708
0.662
0.495469
0.662
0.662
0.53251
0.659033
0.662
0.662
0.051045
0.662
0.600425
0.160397
0.14147
0.0307386
0.662
0.662
0.393331
0.0859155
0.205703
0.0633081
0.662
0.0995619
0.662
0.662
0.662
0.662
0.662
0.448067
0.318247
0.133116
0.148302
0.662
0.373342
0.182432
0.27439
0.662
0.235913
0.347432
0.662
0.0434025
0.662
0.281018
0.211234
0.282719
0.382862
0.399082
0.581965
0.185905
0.280227
0.662
0.662
0.238249
0.662
0.0419735
0.662
0.212163
0.382229
0.662
0.559796
0.0858696
0.567754
0.662
0.155952
0.662
0.385244
0.433109
0.662
0.63339
0.662
0.662
0.118124
0.225594
0.0918216
0.0860017
0.21699
0.30436
0.507593
0.236578
0.255065
0.662
0.0378634
0.662
0.662
0.209652
0.662
0.250696
0.169215
0.219608
0.368105
0.662
0.662
0.662
0.662
0.609385
0.161764
0.233991
0.61765
0.315133
0.160464
0.081999
0.662
0.202761
0.385442
0.662
0.317586
0.513283
0.0968972
0.662
0.148053
0.662
0.344452
0.0707117
0.352365
0.662
0.4066
0.083103
0.125211
0.662
0.241428
0.198605
0.248568
0.0652648
0.00674736
0.149223
0.0651906
0.662
0.233061
0.135207
0.143407
0.21557
0.462476
0.662
0.55416
0.0893709
0.662
0.338542
0.356091
0.344256
0.662
0.0719747
0.468954
0.179723
0.662
0.662
0.440054
0.19235
0.662
0.259133
0.662
0.212954
0.662
0.41611
0.662
0.330181
0.203379
0.417908
0.192795
0.496328
0.386831
0.25558
0.309193
0.294698
0.662
0.330522
0.232733
0.188408
0.0822562
0.662
0.662
0.662
0.662
0.522064
0.235661
0.0283378
0.0692298
0.662
0.358181
0.266165
0.124801
0.662
0.257711
0.359705
0.662
0.548821
0.662
0.257075
0.296362
0.662
0.656038
0.662
0.169555
0.014146
0.28833
0.662
0.0560102
0.378274
0.138123
0.447487
0.208895
0.514555
0.170849
0.662
0.466102
0.662
0.662
0.662
0.199342
0.140343
0.662
0.662
0.537063
0.662
0.223542
0.506715
0.662
0.662
0.662
0.0176277
0.467348
0.662
0.662
0.261717
0.662
0.0296801
0.569636
0.453804
0.188727
0.662
0.305821
0.0248754
0.412829
0.447695
0.0372916
0.662
0.662
0.662
0.662
0.662
0.662
0.662
0.190063
0.662
0.317795
0.623086
0.21376
0.359663
0.662
0.333702
0.11578
0.662
0.662
0.104516
0.206308
0.662
0.43735
0.662
0.0549294
0.662
0.662
0.662
0.0411757
0.662
0.309133
0.0560255
0.133949
0.291026
0.430938
0.563919
0.662
0.150619
0.339407
0.662
0.662
0.133775
0.662
0.180137
0.662
0.662
0.662
0.662
0.662
0.451823
0.150723
0.204225
0.662
0.122664
0.662
0.662
0.331185
0.0649142
0.0576846
0.468412
0.370023
0.662
0.361411
0.0276627
0.422703
0.342511
0.138922
0.0141907
0.380807
0.212366
0.508184
0.4335
0.308471
0.662
0.030695
0.190017
0.168204
0.662
0.662
0.0189424
0.452097
0.421527
0.126929
0.662
0.662
0.662
0.662
0.363837
0.190338
0.189254
0.662
0.662
0.662
0.662
0.308362
0.276429
0.662
0.662
0.263544
0.0820514
0.115316
0.662
0.340846
0.662
0.662
0.149419
0.257419
0.0411737
0.662
0.662
0.0315934
0.662
0.404988
0.231052
0.117097
0.270942
0.662
0.293645
0.198941
0.662
0.662
0.190798
0.302419
0.583329
0.221428
0.00861662
0.662
0.106276
0.662
0.402387
0.662
0.662
0.198853
0.662
0.0665741
0.122072
0.499279
0.291779
0.662
0.543744
0.258815
0.113541
0.203723
0.662
0.290689
0.170217
0.269795
0.662
0.41847
0.518587
0.662
0.662
0.111995
0.662
0.662
0.368422
0.458562
0.149066
0.41398
0.225751
0.546546
0.448403
0.662
0.413062
0.2286
0.662
0.662
0.133175
0.051847
0.662
0.571976
0.662
0.238907
0.662
0.157845
0.0971406
0.662
0.21896
0.662
0.143617
0.662
0.662
0.442941
0.354926
0.662
0.662
0.457817
0.401536
0.197755
0.662
0.662
0.445953
0.174843
0.412035
0.125795
0.472867
0.662
0.219237
0.162965
0.662
0.202124
0.662
0.347772
0.493963
0.662
0.114282
0.365598
0.186622
0.662
0.662
0.017697
0.315243
0.662
0.314468
0.0172864
0.662
0.325734
0.662
0.204154
0.173162
0.637964
0.177801
0.662
0.40661
0.662
0.44612
0.662
0.219393
0.360843
0.172117
0.662
0.662
0.662
0.662
0.662
0.300228
0.42571
0.662
0.662
0.166462
0.662
0.098819
0.237653
0.662
0.286376
0.350013
0.401028
0.0451035
0.084185
0.662
0.013818
0.662
0.253317
0.344575
0.34921
0.195103
0.323622
0.149103
0.196236
0.372168
0.122535
0.662
0.534352
0.268435
0.662
0.476111
0.26708
0.343456
0.475606
0.172986
0.454141
0.33241
0.113886
0.662
0.474854
0.103273
0.662
0.662
0.662
0.662
0.301006
0.421911
0.662
0.397909
0.662
0.100439
0.662
0.143316
0.662
0.662
0.662
0.317108
0.662
0.34243
0.638543
0.390252
0.662
0.197245
0.228588
0.333943
0.662
0.646308
0.190481
0.662
0.662
0.418803
0.545549
0.242098
0.304776
0.402246
0.189746
0.662
0.200849
0.662
0.223678
0.662
0.47369
0.374709
0.28262
0.562942
0.662
0.662
0.662
0.0863552
0.662
0.0574447
0.114696
0.478638
0.330883
0.662
0.231203
0.662
0.662
0.662
0.240026
0.662
0.228231
0.209968
0.662
0.194849
0.498051
0.662
0.578747
0.662
0.293717
0.233685
0.662
0.438607
0.431472
0.554476
0.270426
0.662
0.194987
0.662
0.0531101
0.0547022
0.212839
0.0831757
0.662
0.20705
0.662
0.662
0.245724
0.244795
0.662
0.0956448
0.482471
0.253931
0.41213
0.662
0.662
0.259466
0.662
0.435144
0.65436
0.662
0.190499
0.0730631
0.429974
0.151844
0.0529623
0.396119
0.281878
0.472147
0.179489
0.236894
0.662
0.132181
0.662
0.662
0.307354
0.0735831
0.219334
0.454557
0.309894
0.662
0.61629
0.187606
0.662
0.328045
0.420879
0.662
0.210307
0.662
0.398192
0.186601
0.250596
0.209301
0.199076
0.662
0.584629
0.429901
0.188344
0.662
0.662
0.343283
0.457229
0.552803
0.662
0.662
0.318611
0.382942
0.662
0.258001
0.432967
0.662
0.232852
0.147388
0.662
0.0813229
0.662
0.662
0.662
0.374738
0.628982
0.662
0.662
0.662
0.127691
0.662
0.331584
0.662
0.122398
0.662
0.206286
0.368973
0.0364009
0.386022
0.15864
0.10844
0.311869
0.450053
0.0919985
0.632964
0.140033
0.662
0.43766
0.210453
0.662
0.240898
0.0455021
0.662
0.242967
0.318263
0.304183
0.236843
0.494463
0.662
0.662
0.15449
0.599877
0.662
0.496781
0.605741
0.0237724
0.662
0.301997
0.0264869
0.662
0.122046
0.662
0.00580602
0.662
0.0176197
0.662
0.662
0.220576
0.289112
0.0511419
0.662
0.212585
0.662
0.45976
0.513532
0.213822
0.027847
0.295454
0.294514
0.662
0.409167
0.012623
0.496184
0.109572
0.146987
0.363683
0.662
0.662
0.662
0.35336
0.229976
0.399968
0.616425
0.662
0.221937
0.213459
0.431336
0.191353
0.406482
0.142031
0.662
0.662
0.093325
0.289374
0.662
0.0567055
0.178284
0.135219
0.33527
0.662
0.153625
0.0866779
0.221644
0.0387216
0.107584
0.662
0.0110141
0.256523
0.662
0.662
0.215722
0.215632
0.662
0.340895
0.221399
0.369782
0.662
0.662
0.472585
0.662
0.369503
0.261247
0.263136
0.228862
0.662
0.662
0.114195
0.396251
0.171299
0.171505
0.0194218
0.101405
0.251232
0.271117
0.238282
0.0509117
0.198163
0.0560373
0.662
0.662
0.232207
0.288595
0.306664
0.662
0.662
0.29823
0.414022
0.662
0.662
0.229359
0.337174
0.662
0.662
0.662
0.662
0.0924269
0.662
0.025614
0.16212
0.251192
0.0338325
0.00670673
0.662
0.021236
0.133348
0.139662
0.0492181
0.588351
0.662
0.193561
0.328779
0.662
0.0266498
0.269081
0.457326
0.28623
0.459745
0.0791018
0.662
0.662
0.662
0.662
0.662
0.423939
0.662
0.662
0.573984
0.102098
0.0261624
0.359783
0.179115
0.0803317
0.190652
0.623735
0.662
0.178163
0.340916
0.489417
0.560196
0.22145
0.662
0.050288
0.501479
0.662
0.0203664
0.662
0.662
0.662
0.0649221
0.662
0.662
0.662
0.662
0.166988
0.20188
0.662
0.408008
0.195455
0.662
0.122322
0.156967
0.662
0.498477
0.0590379
0.176501
0.662
0.662
0.216669
0.361578
0.292177
0.662
0.662
0.456569
0.201429
0.662
0.193168
0.336612
0.1836
0.118753
0.295524
0.157934
0.1525
0.338672
0.496198
0.471561
0.396795
0.662
0.662
0.299745
0.32287
0.662
0.430206
0.206323
0.662
0.19451
0.467202
0.662
0.662
0.162252
0.0811076
0.337275
0.0798152
0.662
0.530929
0.662
0.158149
0.431663
0.662
0.662
0.662
0.662
0.662
0.662
0.288757
0.127801
0.662
0.402814
0.662
0.420674
0.214673
0.662
0.0314946
0.132091
0.0652794
0.422463
0.662
0.40277
0.313696
0.650692
0.284132
0.155105
0.417015
0.21323
0.329662
0.132411
0.000563044
0.414019
0.381373
0.62143
0.385931
0.0115591
0.662
0.415911
0.662
0.104517
0.413383
0.268658
0.25508
0.247933
0.46611
0.362478
0.538059
0.662
0.491768
0.251527
0.662
0.0808612
0.213097
0.662
0.383003
0.146545
0.662
0.662
0.662
0.308646
0.539155
0.4397
0.662
0.662
0.662
0.662
0.662
0.662
0.308871
0.429516
0.202862
0.0669079
0.662
0.380094
0.662
0.662
0.662
0.662
0.618418
0.662
0.304895
0.387744
0.0276142
0.431522
0.592088
0.662
0.36568
0.180871
0.117861
0.0339176
0.259992
0.351883
0.460135
0.662
0.662
0.662
0.662
0.388926
0.00603158
0.662
0.207477
0.662
0.305627
0.662
0.441917
0.47336
0.662
0.662
0.270281
0.662
0.0737483
0.570836
0.550072
0.247554
0.103395
0.216737
0.139919
0.662
0.190977
0.0775429
0.263671
0.234166
0.662
0.389683
0.418344
0.0459644
0.241286
0.662
0.662
0.662
0.188779
0.0626418
0.234605
0.227277
0.662
0.220314
0.516094
0.390167
0.662
0.489594
0.188586
0.074787
0.477153
0.562039
0.330592
0.662
0.0165125
0.662
0.354339
0.0104269
0.662
0.235976
0.151147
0.48888
0.662
0.228514
0.328334
0.662
0.22734
0.662
0.149788
0.0172228
0.662
0.074067
0.662
0.0556977
0.183142
0.0768391
0.662
0.662
0.390622
0.662
0.662
0.544027
0.254362
0.662
0.151633
0.662
0.284262
0.662
0.103828
0.662
0.319945
0.662
0.0524586
0.384709
0.662
0.134213
0.662
0.662
0.662
0.354854
0.662
0.266648
0.104598
0.534368
0.377619
0.098014
0.662
0.194319
0.662
0.420204
0.291653
0.662
0.0213165
0.251525
0.662
0.662
0.325107
0.255939
0.662
0.662
0.0736476
0.662
0.331878
0.662
0.16131
0.390472
0.662
0.258332
0.220692
0.662
0.662
0.396079
0.662
0.540492
0.0870464
0.170821
0.469744
0.371418
0.662
0.581841
0.662
0.662
0.472449
0.662
0.34779
0.662
0.662
0.662
0.2387
0.379156
0.167094
0.0124913
0.662
0.445581
0.148105
0.662
0.224119
0.284764
0.200562
0.662
0.662
0.662
0.662
0.271235
0.652615
0.662
0.662
0.203855
0.662
0.662
0.514497
0.662
0.28228
0.450174
0.439045
0.662
0.662
0.662
0.662
0.191516
0.662
0.515072
0.1134
0.144829
0.446104
0.449467
0.662
0.425561
0.257788
0.0171609
0.0105253
0.47521
0.516244
0.267875
0.0617027
0.214608
0.662
0.0229418
0.471483
0.186888
0.36041
0.130389
0.662
0.0273582
0.662
0.231895
0.662
0.248383
0.658681
0.22012
0.327822
0.421014
0.662
0.487627
0.0717247
0.504711
0.662
0.344353
0.37019
0.648266
0.267754
0.662
0.662
0.662
0.320251
0.442652
0.523476
0.254922
0.662
0.662
0.662
0.227959
0.662
0.662
0.519721
0.264779
0.662
0.432692
0.662
0.439481
0.347558
0.213607
0.662
0.0862243
0.154088
0.350791
0.40716
0.207095
0.450757
0.662
0.197626
0.662
0.662
0.491162
0.133133
0.584833
0.119012
0.662
0.339923
0.662
0.528093
0.662
0.212391
0.472824
0.274051
0.165312
0.252033
0.662
0.662
0.629569
0.253447
0.532433
0.242972
0.662
0.0913477
0.662
0.00697695
0.662
0.662
0.217295
0.403801
0.277222
0.662
0.662
0.662
0.662
0.375909
0.325805
0.24527
0.662
0.470508
0.214335
0.0684388
0.0280051
0.662
0.159599
0.242575
0.0157259
0.450017
0.0943692
0.583273
0.183502
0.662
0.662
0.122029
0.662
0.662
0.555136
0.197583
0.338533
0.662
0.22053
0.585257
0.417912
0.662
0.0848224
0.662
0.662
0.562377
0.662
0.118187
0.370895
0.455014
0.323517
0.214192
0.662
0.114098
0.00404247
0.173812
0.273231
0.662
0.662
0.288067
0.494184
0.358236
0.662
0.662
0.0587347
0.186377
0.662
0.0095182
0.662
0.13155
0.284368
0.552303
0.662
0.180455
0.225197
0.662
0.627613
0.662
0.184072
0.24174
0.256837
0.380324
0.29468
0.662
0.662
0.365769
0.150492
0.184804
0.244643
0.124255
0.630704
0.662
0.662
0.662
0.472722
0.0217806
0.365787
0.313348
0.662
0.449322
0.0512948
0.1713
0.259111
0.167413
0.218408
0.662
0.48443
0.527367
0.247085
0.662
0.362661
0.662
0.201389
0.471587
0.662
0.662
0.513537
0.662
0.278799
0.662
0.662
0.288726
0.360415
0.442206
0.662
0.662
0.662
0.0702427
0.662
0.662
0.662
0.662
0.662
0.237838
0.0438684
0.662
0.10306
0.662
0.20295
0.34172
0.662
0.517934
0.662
0.307105
0.297948
0.588816
0.161459
0.474847
0.475302
0.662
0.662
0.457635
0.662
0.0632863
0.260081
0.196978
0.0633636
0.662
0.662
0.387831
0.318672
0.662
0.201547
0.662
0.0913342
0.258963
0.203684
0.293953
0.662
0.456008
0.532347
0.662
0.0501609
0.387979
0.19164
0.307092
0.662
0.662
0.512978
0.341117
0.134455
0.370953
0.38758
0.409674
0.195381
0.355178
0.414222
0.662
0.201545
0.662
0.662
0.662
0.268421
0.438289
0.662
0.0563073
0.319862
0.197181
0.172033
0.141505
0.254708
0.0127073
0.662
0.424877
0.185124
0.662
0.662
0.467383
0.316899
0.216044
0.662
0.402582
0.662
0.662
0.02911
0.662
0.136652
0.0168443
0.0581055
0.662
0.320995
0.195318
0.662
0.197705
0.662
0.662
0.23795
0.245428
0.348145
0.504597
0.0329976
0.662
0.363407
0.662
0.26543
0.17457
0.121487
0.376426
0.553415
0.147142
0.0297025
0.312068
0.285218
0.210588
0.211109
0.429716
0.662
0.15223
0.662
0.0222707
0.0761669
0.233995
0.377701
0.662
0.440507
0.233043
0.138854
0.215427
0.662
0.662
0.662
0.0373965
0.0191988
0.391569
0.188287
0.078692
0.202428
0.451604
0.250062
0.662
0.33197
0.662
0.662
0.0296707
0.662
0.349909
0.662
0.549557
0.204444
0.662
0.124334
0.46053
0.405906
0.106553
0.585187
0.662
0.0888178
0.662
0.644619
0.551581
0.43802
0.606243
0.662
0.4021
0.363294
0.662
0.662
0.378958
0.662
0.662
0.203039
0.140251
0.662
0.164428
0.0777858
0.662
0.662
0.464472
0.035669
0.662
0.662
0.15447
0.662
0.145704
0.662
0.662
0.218725
0.662
0.662
0.495981
0.662
0.0259786
0.0718139
0.662
0.662
0.662
0.10912
0.260606
0.662
0.161982
0.662
0.357191
0.465638
0.3689
0.0509416
0.276229
0.662
0.591261
0.662
0.286832
0.188132
0.225002
0.662
0.662
0.0122804
0.0758286
0.559496
0.593692
0.662
0.662
0.554013
0.00472421
0.235393
0.231676
0.155955
0.662
0.155211
0.403476
0.291183
0.662
0.413799
0.662
0.303477
0.450285
0.41113
0.662
0.662
0.27027
0.662
0.347708
0.662
0.662
0.378919
0.0678737
0.231051
0.480531
0.662
0.662
0.289097
0.2526
0.51894
0.151926
0.402564
0.364147
0.43598
0.662
0.662
0.26719
0.315388
0.662
0.130373
0.662
0.350596
0.662
0.333953
0.662
0.662
0.14823
0.662
0.625674
0.068742
0.287646
0.15986
0.662
0.662
0.662
0.155439
0.2202
0.662
0.578282
0.303809
0.154109
0.662
0.189056
0.662
0.0962161
0.662
0.304835
0.662
0.194032
0.169937
0.00607344
0.321
0.662
0.270407
0.662
0.335438
0.580414
0.430117
0.490719
0.662
0.662
0.39693
0.0631127
0.602138
0.236206
0.662
0.338808
0.162988
0.137945
0.662
0.0721715
0.423928
0.0693135
0.24507
0.122313
0.662
0.30563
0.451724
0.662
0.151317
0.662
0.165812
0.662
0.662
0.168971
0.151096
0.662
0.662
0.662
0.662
0.662
0.662
0.386633
0.23456
0.297343
0.099158
0.431355
0.389108
0.53593
0.286688
0.662
0.525158
0.662
0.112842
0.443897
0.662
0.11772
0.662
0.232724
0.0811406
0.662
0.662
0.234761
0.662
0.335452
0.267336
0.348834
0.317414
0.394452
0.662
0.662
0.662
0.295708
0.125263
0.294049
0.662
0.662
0.662
0.308345
0.275287
0.127547
0.518905
0.377839
0.424065
0.0465338
0.00136933
0.185409
0.373142
0.662
0.662
0.662
0.198189
0.539809
0.227167
0.284532
0.522907
0.019124
0.662
0.155927
0.41321
0.662
0.252255
0.621125
0.662
0.588051
0.175512
0.662
0.39912
0.662
0.662
0.662
0.344867
0.24918
0.662
0.662
0.191337
0.382618
0.45506
0.22439
0.241927
0.643443
0.528922
0.662
0.128715
0.00230688
0.612649
0.370902
0.662
0.2297
0.0819828
0.488125
0.662
0.399478
0.662
0.366471
0.184391
0.189421
0.662
0.31221
0.662
0.0245649
0.662
0.341299
0.662
0.662
0.493154
0.662
0.207929
0.0858998
0.282147
0.208268
0.206154
0.393348
0.662
0.15767
0.662
0.533406
0.283299
0.440598
0.662
0.055004
0.228002
0.0414204
0.662
0.662
0.0126895
0.471295
0.662
0.30475
0.376594
0.228545
0.662
0.0537743
0.662
0.662
0.401796
0.358946
0.0111179
0.0494029
0.662
0.199947
0.0358856
0.48275
0.272139
0.173153
0.327076
0.220369
0.662
0.662
0.662
0.662
0.662
0.23819
0.242921
0.662
0.662
0.377383
0.662
0.560472
0.662
0.137679
0.662
0.662
0.24484
0.662
0.662
0.0870089
0.662
0.662
0.662
0.355764
0.306309
0.154439
0.217301
0.183654
0.200286
0.662
0.655466
0.662
0.662
0.145936
0.662
0.662
0.118077
0.213531
0.662
0.443677
0.281438
0.662
0.404863
0.662
0.201763
0.200149
0.281528
0.408468
0.047853
0.0662753
0.339883
0.662
0.331888
0.369287
0.336221
0.662
0.0662979
0.389115
0.340388
0.286387
0.278131
0.662
0.662
0.662
0.164375
0.46522
0.662
0.662
0.497026
0.662
0.1135
0.649705
0.284261
0.101512
0.662
0.268547
0.662
0.0137728
0.448429
0.334079
0.662
0.374973
0.501197
0.439482
0.662
0.662
0.0495059
0.366079
0.116088
0.377247
0.662
0.662
0.662
0.358855
0.662
0.662
0.0488011
0.277866
0.318669
0.525554
0.10473
0.0653732
0.662
0.226186
0.662
0.125677
0.134455
0.662
0.662
0.662
0.662
0.0831563
0.243671
0.662
0.424294
0.662
0.662
0.247344
0.662
0.173025
0.292631
0.488481
0.355546
0.233569
0.662
0.662
0.163268
0.662
0.45318
0.662
0.662
0.662
0.0906816
0.225983
0.439727
0.662
0.566076
0.662
0.662
0.497078
0.662
0.434093
0.662
0.440708
0.662
0.238748
0.29035
0.662
0.662
0.662
0.662
0.39229
0.028096
0.393477
0.293618
0.662
0.0334694
0.189269
0.361097
0.662
0.662
0.662
0.514383
0.662
0.112961
0.188121
0.662
0.0456353
0.662
0.662
0.662
0.416772
0.293311
0.662
0.179898
0.345625
0.662
0.662
0.662
0.462867
0.596454
0.421076
0.469876
0.170049
0.354083
0.662
0.662
0.0261979
0.0768601
0.572626
0.222599
0.317586
0.268013
0.662
0.662
0.0949449
0.662
0.159886
0.376635
0.607955
0.662
0.190278
0.632025
0.662
0.117307
0.543081
0.662
0.308655
0.279326
0.445978
0.662
0.576987
0.161206
0.662
0.487371
0.551231
0.38444
0.662
0.216198
0.506485
0.662
0.361149
0.221853
0.316255
0.662
0.026032
0.662
0.00526884
0.383558
0.662
0.662
0.330913
0.662
0.213141
0.662
0.309721
0.662
0.520594
0.662
0.206138
0.662
0.369572
0.662
0.662
0.662
0.662
0.662
0.246703
0.589495
0.412276
0.201292
0.662
0.195622
0.426517
0.281491
0.662
0.662
0.475053
0.51289
0.375227
0.662
0.420522
0.20118
0.10037
0.378691
0.307686
0.662
0.662
0.241003
0.662
0.520127
0.395626
0.287071
0.662
0.518707
0.662
0.365019
0.662
0.662
0.662
0.662
0.240772
0.158152
0.210037
0.662
0.177676
0.662
0.662
0.142087
0.662
0.414494
0.662
0.438359
0.662
0.404778
0.662
0.284184
0.662
0.662
0.628022
0.662
0.103693
0.662
0.662
0.214538
0.215327
0.662
0.662
0.17513
0.662
0.387999
0.254301
0.232781
0.177997
0.248465
0.149103
0.662
0.280822
0.353006
0.508479
0.161021
0.192624
0.230225
0.604122
0.19937
0.476741
0.494026
0.0439147
0.149768
0.127057
0.298067
0.113953
0.400313
0.0904646
0.197265
0.430237
0.662
0.361734
0.250929
0.662
0.295637
0.567455
0.0759164
0.324466
0.56613
0.662
0.662
0.662
0.278888
0.662
0.662
0.662
0.662
0.662
0.198425
0.634285
0.337381
0.198314
0.662
0.116173
0.662
0.574259
0.137844
0.057675
0.662
0.0795937
0.244303
0.405234
0.456239
0.662
0.662
0.662
0.363361
0.331264
0.191032
0.466126
0.662
0.662
0.662
0.36268
0.3611
0.202016
0.662
0.409766
0.232789
0.0294657
0.662
0.145046
0.0458191
0.662
0.517697
0.466567
0.536689
0.0553291
0.662
0.270173
0.662
0.336829
0.111718
0.662
0.534941
0.662
0.285735
0.662
0.241726
0.662
0.335098
0.171251
0.662
0.202221
0.217192
0.136392
0.408712
0.662
0.351121
0.42078
0.116074
0.0429302
0.353141
0.245604
0.662
0.363666
0.662
0.662
0.200686
0.257561
0.389279
0.285171
0.46758
0.662
0.412746
0.0349863
0.424507
0.528919
0.455781
0.662
0.662
0.388697
0.662
0.386016
0.336564
0.275048
0.466722
0.662
0.275914
0.441079
0.662
0.0124378
0.662
0.00207702
0.296367
0.415291
0.433917
0.662
0.662
0.662
0.0650348
0.662
0.149123
0.662
0.662
0.662
0.167554
0.438633
0.662
0.196064
0.576653
0.131941
0.662
0.454427
0.288902
0.218828
0.386881
0.175591
0.662
0.343772
0.662
0.662
0.0484325
0.346901
0.467829
0.528411
0.382685
0.662
0.0479331
0.283819
0.63612
0.570772
0.1044
0.303749
0.350808
0.0507561
0.662
0.223481
0.0259293
0.402576
0.525487
0.620528
0.47743
0.0802578
0.662
0.0429812
0.662
0.662
0.475782
0.662
0.387029
0.662
0.131611
0.662
0.162659
0.32813
0.662
0.0516423
0.197303
0.662
0.662
0.662
0.190476
0.643173
0.662
0.153902
0.032545
0.107656
0.228822
0.416047
0.662
0.125537
0.580186
0.188219
0.45287
0.662
0.426562
0.662
0.331944
0.662
0.662
0.618762
0.662
0.662
0.662
0.303445
0.662
0.270405
0.458166
0.358907
0.662
0.388137
0.0759431
0.40766
0.21835
0.100905
0.0796984
0.629706
0.199464
0.662
0.662
0.0406975
0.662
0.259007
0.109893
0.662
0.662
0.0983786
0.662
0.662
0.00393415
0.662
0.102974
0.480862
0.206321
0.186051
0.243953
0.417237
0.187418
0.00299518
0.330504
0.419399
0.22353
0.662
0.216892
0.0346893
0.109557
0.662
0.15062
0.662
0.0746277
0.451855
0.231395
0.113074
0.346333
0.435927
0.340976
0.330163
0.662
0.0224761
0.662
0.472757
0.662
0.662
0.439549
0.22248
0.337947
0.553536
0.226636
0.306881
0.326561
0.662
0.237186
0.662
0.268589
0.662
0.446257
0.662
0.662
0.332206
0.227126
0.557803
0.407832
0.0845028
0.320654
0.662
0.315999
0.288055
0.662
0.662
0.628231
0.662
0.0577204
0.604102
0.157603
0.277255
0.126416
0.109488
0.662
0.143394
0.662
0.523224
0.183055
0.188114
0.306799
0.273727
0.472181
0.662
0.662
0.0490518
0.250231
0.19574
0.662
0.00588541
0.662
0.228302
0.0185652
0.0254559
0.25838
0.218089
0.662
0.662
0.262867
0.207635
0.337867
0.662
0.295501
0.431939
0.662
0.662
0.662
0.1545
0.426273
0.662
0.408107
0.213063
0.273851
0.223773
0.307935
0.646412
0.414164
0.00480618
0.662
0.456213
0.662
0.0945326
0.367525
0.221351
0.27047
0.567243
0.662
0.662
0.522886
0.495621
0.217047
0.214242
0.0464174
0.38728
0.279536
0.662
0.190818
0.662
0.0197455
0.333449
0.219934
0.480413
0.149855
0.662
0.00647067
0.491955
0.662
0.329573
0.662
0.662
0.662
0.662
0.662
0.4227
0.662
0.662
0.20682
0.588548
0.662
0.138843
0.662
0.191633
0.177862
0.649836
0.236827
0.0207919
0.405264
0.532031
0.431739
0.662
0.0864521
0.449544
0.662
0.662
0.431893
0.662
0.5106
0.662
0.370611
0.662
0.211779
0.662
0.0609192
0.398946
0.352121
0.642473
0.196461
0.307406
0.662
0.199654
0.303762
0.223697
0.0437905
0.263334
0.228733
0.0979665
0.662
0.314933
0.310984
0.662
0.444074
0.312429
0.118757
0.662
0.34938
0.120763
0.205306
0.662
0.662
0.193894
0.662
0.662
0.502352
0.0567922
0.390595
0.662
0.253238
0.662
0.241953
0.594808
0.662
0.160642
0.519828
0.662
0.662
0.172069
0.662
0.662
0.115496
0.513124
0.248711
0.662
0.119004
0.138323
0.0694346
0.662
0.637893
0.534659
0.330937
0.344468
0.662
0.662
0.662
0.367579
0.226308
0.0253714
0.1445
0.662
0.32482
0.492974
0.662
0.522279
0.662
0.31463
0.662
0.379779
0.229777
0.305053
0.344508
0.662
0.276975
0.441695
0.662
0.352458
0.197342
0.662
0.662
0.193482
0.628379
0.14647
0.230405
0.270408
0.662
0.115204
0.662
0.637713
0.491789
0.00891049
0.417454
0.662
0.295381
0.240032
0.461556
0.662
0.375586
0.125947
0.1771
0.662
0.662
0.210976
0.662
0.140856
0.3996
0.662
0.256204
0.531544
0.351172
0.662
0.662
0.284924
0.626856
0.662
0.256753
0.0432871
0.201884
0.4642
0.467546
0.662
0.240842
0.477523
0.330828
0.662
0.311175
0.662
0.559751
0.662
0.112459
0.0430455
0.527327
0.662
0.179431
0.171516
0.369642
0.662
0.57159
0.620328
0.190883
0.124068
0.29125
0.197085
0.662
0.186026
0.662
0.662
0.4338
0.219881
0.222465
0.36506
0.662
0.265095
0.662
0.573483
0.535304
0.662
0.185743
0.289159
0.424373
0.662
0.269648
0.219676
0.662
0.450204
0.662
0.207412
0.19892
0.232858
0.249542
0.662
0.187691
0.566641
0.546207
0.662
0.196104
0.662
0.194261
0.172514
0.211863
0.0528164
0.662
0.662
0.192134
0.662
0.0258245
0.662
0.662
0.662
0.281308
0.662
0.182741
0.662
0.404247
0.244353
0.280005
0.0564808
0.119071
0.253573
0.05482
0.155419
0.662
0.256934
0.230426
0.662
0.662
0.185409
0.662
0.0606039
0.282771
0.662
0.27317
0.598928
0.400394
0.662
0.662
0.544918
0.662
0.210171
0.0867801
0.486466
0.662
0.662
0.0467623
0.428835
0.640456
0.442835
0.234985
0.331989
0.448921
0.662
0.440854
0.252922
0.662
0.233493
0.367105
0.103273
0.271725
0.418639
0.185076
0.662
0.662
0.000910674
0.662
0.0631649
0.424706
0.391048
0.507527
0.214523
0.216892
0.459594
0.662
0.631337
0.662
0.662
0.283726
0.662
0.662
0.662
0.537813
0.156974
0.329426
0.0570765
0.662
0.449391
0.406525
0.345653
0.0921284
0.186015
0.662
0.383935
0.662
0.662
0.367669
0.662
0.662
0.172584
0.45784
0.224736
0.050571
0.294487
0.662
0.211906
0.306054
0.258232
0.299863
0.208752
0.662
0.662
0.0291599
0.662
0.662
0.662
0.662
0.662
0.662
0.662
0.168295
0.028493
0.662
0.29453
0.0704785
0.42981
0.662
0.196366
0.30227
0.454589
0.662
0.662
0.288616
0.113151
0.627702
0.118624
0.375951
0.0623894
0.0391952
0.662
0.0905531
0.336572
0.662
0.198125
0.209472
0.02998
0.662
0.662
0.45655
0.0816886
0.662
0.662
0.662
0.320243
0.371172
0.370286
0.170527
0.662
0.662
0.351286
0.662
0.662
0.356324
0.520198
0.469186
0.141961
0.156134
0.662
0.662
0.662
0.662
0.62965
0.429012
0.662
0.662
0.57345
0.662
0.662
0.376749
0.662
0.133286
0.28493
0.662
0.662
0.46553
0.43916
0.354926
0.431335
0.122862
0.662
0.662
0.63339
0.0134524
0.662
0.45863
0.662
0.296111
0.662
0.662
0.352451
0.662
0.472549
0.662
0.662
0.584354
0.299039
0.258689
0.193463
0.157701
0.146437
0.651835
0.662
0.0585527
0.529088
0.392373
0.358928
0.40651
0.662
0.662
0.209641
0.662
0.582078
0.319699
0.662
0.662
0.614212
0.662
0.662
0.128338
0.135158
0.0728476
0.0129646
0.156874
0.662
0.0103296
0.377067
0.662
0.662
0.0715587
0.51586
0.662
0.518471
0.512324
0.498865
0.281556
0.445919
0.148051
0.662
0.51417
0.662
0.395543
0.662
0.37093
0.158033
0.443443
0.245289
0.662
0.14755
0.159589
0.662
0.662
0.21462
0.151181
0.332898
0.0736747
0.153336
0.662
0.289511
0.31749
0.662
0.662
0.318885
0.275192
0.142289
0.0644979
0.662
0.662
0.20395
0.662
0.662
0.160271
0.548519
0.662
0.662
0.662
0.365214
0.662
0.662
0.662
0.662
0.00209224
0.102103
0.185567
0.174098
0.381113
0.205584
0.33343
0.182102
0.62852
0.662
0.395854
0.662
0.662
0.326333
0.156511
0.662
0.140644
0.662
0.31964
0.662
0.349649
0.662
0.024774
0.662
0.13844
0.662
0.654636
0.23177
0.662
0.300508
0.196246
0.662
0.40362
0.134494
0.00459576
0.662
0.316032
0.394863
0.662
0.519593
0.662
0.662
0.15655
0.662
0.662
0.662
0.0733767
0.287665
0.238648
0.310197
0.100403
0.530981
0.102177
0.320025
0.662
0.121082
0.59554
0.662
0.662
0.27742
0.398746
0.34212
0.662
0.504315
0.662
0.210792
0.492871
0.176269
0.183247
0.662
0.662
0.492624
0.210861
0.227755
0.343669
0.662
0.334763
0.662
0.180947
0.462565
0.117423
0.662
0.662
0.563579
0.662
0.168667
0.662
0.635016
0.44465
0.16169
0.662
0.662
0.454858
0.532829
0.386273
0.338503
0.209493
0.338204
0.662
0.662
0.150441
0.662
0.662
0.662
0.662
0.514377
0.329753
0.438179
0.662
0.397927
0.0415881
0.215791
0.662
0.306139
0.662
0.13407
0.662
0.662
0.662
0.451263
0.323503
0.662
0.662
0.662
0.0308626
0.224537
0.0598152
0.416779
0.662
0.662
0.662
0.662
0.639158
0.338425
0.203339
0.480285
0.0971965
0.662
0.258506
0.662
0.397065
0.255738
0.596591
0.317371
0.0206316
0.208355
0.662
0.422955
0.662
0.400705
0.662
0.147726
0.216121
0.337793
0.455713
0.0411344
0.232771
0.0724507
0.35252
0.662
0.560185
0.662
0.0616143
0.662
0.391224
0.662
0.662
0.662
0.119109
0.0952102
0.662
0.530176
0.662
0.192616
0.0717676
0.209992
0.662
0.662
0.0920011
0.0775094
0.0181553
0.662
0.32891
0.661317
0.544503
0.443293
0.305307
0.662
0.662
0.662
0.662
0.196465
0.224285
0.129746
0.188737
0.662
0.440467
0.0455132
0.012247
0.466537
0.240793
0.401238
0.369861
0.184374
0.642234
0.662
0.662
0.662
0.278731
0.581706
0.00206111
0.474162
0.195504
0.662
0.0995178
0.662
0.662
0.662
0.662
0.662
0.450837
0.662
0.662
0.185161
0.662
0.146201
0.138912
0.662
0.662
0.216031
0.186692
0.145548
0.150659
0.662
0.662
0.290716
0.083591
0.271739
0.281712
0.662
0.161324
0.22417
0.393024
0.662
0.662
0.662
0.662
0.399888
0.390032
0.662
0.200049
0.662
0.662
0.662
0.205426
0.107084
0.662
0.0842827
0.569602
0.268668
0.15752
0.360233
0.289149
0.251945
0.662
0.373335
0.321425
0.662
0.662
0.662
0.662
0.662
0.662
0.301145
0.100241
0.187828
0.27138
0.343196
0.662
0.131103
0.137412
0.437742
0.662
0.261848
0.592468
0.288618
0.0134708
0.662
0.654347
0.662
0.491999
0.146352
0.662
0.0812808
0.405573
0.0464627
0.662
0.662
0.283539
0.662
0.662
0.364575
0.662
0.320454
0.662
0.662
0.662
0.170626
0.662
0.310719
0.662
0.239358
0.662
0.662
0.387498
0.662
0.0587263
0.172631
0.0372824
0.382148
0.332451
0.0786536
0.18597
0.468947
0.662
0.662
0.662
0.464375
0.0258202
0.107701
0.662
0.358218
0.662
0.508391
0.259106
0.0601855
0.662
0.662
0.406914
0.662
0.662
0.6412
0.324847
0.20759
0.220089
0.283029
0.144999
0.262504
0.217989
0.184042
0.345688
0.662
0.662
0.662
0.0510508
0.433577
0.254092
0.266103
0.662
0.662
0.662
0.322914
0.343541
0.449365
0.662
0.350666
0.662
0.5856
0.349748
0.270186
0.662
0.191897
0.346651
0.662
0.225878
0.662
0.32338
0.520724
0.662
0.340882
0.662
0.662
0.376218
0.662
0.662
0.139302
0.662
0.662
0.164797
0.243906
0.426738
0.273241
0.472
0.484407
0.662
0.662
0.223619
0.662
0.193287
0.629617
0.137185
0.12376
0.36865
0.0653547
0.356767
0.510673
0.662
0.662
0.662
0.211105
0.662
0.662
0.662
0.662
0.662
0.382956
0.662
0.418717
0.161267
0.236819
0.145811
0.662
0.563673
0.33868
0.662
0.205985
0.662
0.281362
0.109574
0.410655
0.462604
0.662
0.538505
0.411286
0.662
0.143948
0.662
0.662
0.452405
0.662
0.220685
0.188277
0.104899
0.146806
0.212558
0.662
0.662
0.44575
0.247543
0.185621
0.28749
0.251622
0.662
0.662
0.662
0.242148
0.662
0.662
0.662
0.294158
0.420521
0.218658
0.212548
0.662
0.662
0.225095
0.662
0.26932
0.662
0.22893
0.0425379
0.662
0.662
0.0210057
0.219266
0.386101
0.662
0.662
0.513919
0.215581
0.134412
0.662
0.662
0.662
0.662
0.134
0.662
0.662
0.305615
0.251321
0.302125
0.192544
0.435463
0.605879
0.299771
0.451289
0.526868
0.662
0.355646
0.367258
0.582309
0.462528
0.662
0.662
0.0558152
0.32335
0.49427
0.204941
0.0422044
0.0103413
0.237445
0.662
0.662
0.662
0.163711
0.662
0.47745
0.158682
0.222862
0.662
0.615406
0.662
0.0840089
0.208193
0.0432453
0.435924
0.196313
0.662
0.662
0.102617
0.105965
0.662
0.168551
0.209536
0.167751
0.662
0.185241
0.0372458
0.0602876
0.662
0.142592
0.662
0.257015
0.0623087
0.28392
0.301039
0.0736961
0.632976
0.51456
0.65022
0.662
0.662
0.662
0.662
0.118034
0.302237
0.584045
0.185661
0.637773
0.182133
0.3091
0.650018
0.280825
0.662
0.662
0.430287
0.242315
0.187532
0.326259
0.662
0.255066
0.662
0.19534
0.351973
0.662
0.0523908
0.662
0.662
0.614969
0.432647
0.355658
0.115526
0.339535
0.347734
0.662
0.234183
0.19751
0.662
0.446092
0.236328
0.270099
0.207878
0.43758
0.335192
0.303163
0.295512
0.662
0.662
0.420228
0.286503
0.662
0.662
0.662
0.662
0.0316946
0.662
0.662
0.445905
0.316467
0.592856
0.0452606
0.457223
0.174926
0.662
0.200809
0.159022
0.397454
0.662
0.134287
0.662
0.662
0.19666
0.312481
0.322232
0.662
0.627442
0.662
0.662
0.662
0.662
0.0360193
0.662
0.662
0.220705
0.310429
0.623296
0.442688
0.662
0.64722
0.453597
0.333993
0.662
0.268961
0.662
0.371317
0.351813
0.23618
0.662
0.662
0.409197
0.358183
0.255152
0.111721
0.0139909
0.23999
0.185709
0.662
0.662
0.425212
0.662
0.238011
0.662
0.662
0.0553644
0.215243
0.662
0.662
0.531098
0.662
0.43469
0.662
0.420942
0.662
0.385439
0.251888
0.662
0.662
0.662
0.153636
0.618295
0.662
0.23346
0.273636
0.150086
0.130258
0.662
0.332006
0.214078
0.473194
0.151586
0.0611076
0.452944
0.662
0.662
0.271995
0.662
0.662
0.146896
0.468419
0.284894
0.207289
0.232371
0.250002
0.662
0.662
0.578608
0.643293
0.127781
0.200732
0.501314
0.291898
0.219964
0.0334387
0.662
0.214844
0.315604
0.300043
0.136675
0.662
0.00321394
0.662
0.662
0.474992
0.295282
0.420111
0.662
0.0932094
0.311366
0.662
0.492087
0.662
0.662
0.156507
0.324615
0.210627
0.110757
0.0630172
0.662
0.662
0.662
0.223809
0.104964
0.399148
0.148602
0.662
0.662
0.662
0.502878
0.662
0.323846
0.102549
0.277255
0.662
0.219392
0.662
0.662
0.184772
0.361695
0.109219
0.206422
0.278244
0.662
0.662
0.662
0.662
0.662
0.236244
0.237308
0.131748
0.287832
0.662
0.219964
0.662
0.662
0.202542
0.248697
0.662
0.662
0.369511
0.662
0.615309
0.048948
0.607044
0.662
0.178038
0.63049
0.656158
0.662
0.184399
0.662
0.662
0.662
0.294078
0.662
0.662
0.662
0.393522
0.425719
0.662
0.191277
0.662
0.280915
0.219734
0.662
0.312165
0.12536
0.317691
0.662
0.662
0.662
0.351333
0.0847577
0.662
0.662
0.662
0.215816
0.220047
0.42245
0.186159
0.422922
0.662
0.199679
0.337389
0.509998
0.205158
0.0939989
0.148698
0.18972
0.662
0.662
0.662
0.662
0.31773
0.476649
0.131456
0.662
0.108331
0.662
0.350877
0.120672
0.662
0.303627
0.662
0.208866
0.662
0.342868
0.662
0.342367
0.662
0.662
0.198835
0.201881
0.0953083
0.662
0.662
0.246939
0.662
0.420692
0.361721
0.216161
0.662
0.662
0.144153
0.165615
0.442228
0.304572
0.662
0.454609
0.547173
0.662
0.662
0.426218
0.662
0.460534
0.662
0.662
0.662
0.297824
0.662
0.203371
0.662
0.332986
0.662
0.223002
0.662
0.436818
0.419023
0.662
0.178265
0.228759
0.662
0.569882
0.216462
0.100303
0.0529913
0.302087
0.662
0.0944253
0.305697
0.470048
0.662
0.466301
0.662
0.662
0.090056
0.415297
0.662
0.662
0.662
0.28297
0.006175
0.662
0.0794945
0.473708
0.662
0.40079
0.662
0.228192
0.32373
0.335946
0.662
0.453763
0.662
0.290262
0.662
0.662
0.662
0.0551937
0.196454
0.19124
0.512468
0.133474
0.180897
0.461134
0.29562
0.654887
0.511466
0.254116
0.442583
0.14791
0.662
0.662
0.308355
0.386983
0.662
0.112932
0.662
0.258185
0.0326734
0.158585
0.277381
0.477813
0.190008
0.662
0.455625
0.662
0.662
0.662
0.392109
0.242702
0.662
0.662
0.662
0.65637
0.662
0.264104
0.662
0.662
0.160622
0.335597
0.407488
0.298957
0.118057
0.662
0.472705
0.662
0.259607
0.614669
0.662
0.662
0.662
0.0259623
0.286761
0.162856
0.662
0.252081
0.662
0.200914
0.0390566
0.224201
0.223534
0.212076
0.662
0.144244
0.198555
0.662
0.662
0.662
0.662
0.20432
0.30391
0.369233
0.235222
0.419796
0.662
0.269461
0.0939697
0.435471
0.45324
0.0063794
0.23398
0.662
0.22277
0.427652
0.44692
0.662
0.223944
0.316748
0.167992
0.662
0.662
0.466151
0.662
0.662
0.662
0.662
0.368502
0.34994
0.227407
0.47175
0.313164
0.229836
0.662
0.383837
0.131637
0.662
0.662
0.469945
0.380585
0.662
0.662
0.0295076
0.329848
0.28375
0.662
0.0615583
0.170152
0.662
0.217347
0.351918
0.365622
0.208156
0.378745
0.662
0.662
0.195763
0.662
0.439736
0.662
0.662
0.402003
0.229123
0.662
0.133602
0.317793
0.239177
0.260209
0.323421
0.662
0.662
0.662
0.662
0.662
0.191976
0.662
0.662
0.662
0.469444
0.258214
0.235881
0.662
0.0662059
0.357945
0.19501
0.662
0.315587
0.319598
0.58719
0.26823
0.148307
0.218639
0.426473
0.662
0.350292
0.662
0.662
0.172552
0.245318
0.113189
0.455254
0.408562
0.328204
0.662
0.311379
0.144738
0.226344
0.662
0.662
0.407463
0.323698
0.107798
0.203882
0.283534
0.375502
0.056346
0.491243
0.325274
0.10179
0.346893
0.0534358
0.10341
0.0528871
0.662
0.662
0.662
0.318305
0.390231
0.662
0.206935
0.414619
0.662
0.300855
0.541216
0.435709
0.662
0.662
0.454911
0.662
0.662
0.40592
0.184333
0.541905
0.458573
0.436305
0.662
0.662
0.662
0.237207
0.455605
0.13962
0.662
0.453399
0.662
0.255257
0.662
0.662
0.362076
0.00606747
0.662
0.4934
0.662
0.662
0.479878
0.193109
0.124568
0.175328
0.662
0.469653
0.247109
0.0325065
0.419387
0.203443
0.497969
0.662
0.296676
0.662
0.452344
0.662
0.662
0.206506
0.662
0.215637
0.662
0.16009
0.209436
0.0673648
0.662
0.662
0.0338571
0.0799804
0.662
0.212947
0.17865
0.392032
0.361173
0.662
0.267674
0.17211
0.261809
0.140522
0.662
0.662
0.35886
0.662
0.170095
0.541777
0.662
0.662
0.38651
0.233173
0.380733
0.662
0.229265
0.662
0.480754
0.268339
0.292652
0.204461
0.205959
0.1247
0.662
0.1252
0.635418
0.662
0.135094
0.362163
0.318095
0.662
0.196644
0.523812
0.53474
0.273411
0.662
0.471225
0.662
0.662
0.182897
0.662
0.0068364
0.662
0.15053
0.206433
0.04902
0.662
0.420661
0.363004
0.362606
0.662
0.265803
0.371562
0.233013
0.662
0.380554
0.241986
0.0945353
0.651044
0.0607736
0.662
0.662
0.662
0.662
0.438253
0.471566
0.197091
0.133649
0.662
0.662
0.662
0.422349
0.662
0.125112
0.662
0.633464
0.435883
0.662
0.662
0.26645
0.433156
0.0899705
0.141334
0.25426
0.415109
0.36255
0.343412
0.291025
0.662
0.199787
0.327552
0.460658
0.0089939
0.379825
0.662
0.225229
0.594136
0.662
0.191455
0.100996
0.210739
0.564994
0.147437
0.662
0.127764
0.569761
0.333218
0.346464
0.662
0.461184
0.662
0.0148369
0.587007
0.662
0.0301822
0.438916
0.32593
0.371471
0.662
0.662
0.000489662
0.642345
0.662
0.576093
0.264214
0.662
0.224724
0.233066
0.247634
0.662
0.662
0.436666
0.23482
0.292965
0.124776
0.186724
0.290023
0.18289
0.662
0.499113
0.0767663
0.364752
0.378591
0.307905
0.425324
0.0570811
0.662
0.266399
0.10226
0.0269746
0.456109
0.155421
0.424766
0.662
0.0422199
0.662
0.377038
0.262074
0.471109
0.592787
0.125194
0.169211
0.0598317
0.208326
0.662
0.431966
0.10748
0.245162
0.0847856
0.561176
0.662
0.199744
0.339579
0.0471678
0.662
0.662
0.662
0.227176
0.246478
0.555583
0.662
0.329736
0.251961
0.25975
0.154152
0.662
0.451388
0.57114
0.662
0.662
0.353619
0.309789
0.207396
0.662
0.202566
0.388647
0.206677
0.662
0.159521
0.16908
0.408633
0.253532
0.662
0.662
0.0519021
0.415327
0.183211
0.662
0.504898
0.202389
0.158998
0.662
0.0684554
0.255788
0.371723
0.662
0.662
0.662
0.0552126
0.662
0.662
0.662
0.00374778
0.662
0.227406
0.426439
0.179684
0.256285
0.231039
0.00181489
0.662
0.0638704
0.162604
0.24975
0.587975
0.462577
0.484862
0.25265
0.114826
0.120554
0.117912
0.250616
0.662
0.208044
0.662
0.304292
0.217073
0.2642
0.662
0.662
0.0174639
0.140626
0.255355
0.247461
0.0417643
0.662
0.662
0.531602
0.662
0.56601
0.662
0.400031
0.662
0.662
0.0097634
0.662
0.662
0.266709
0.232366
0.662
0.662
0.326491
0.662
0.662
0.662
0.662
0.0223352
0.226398
0.181909
0.0615553
0.662
0.196024
0.310899
0.0487636
0.662
0.332332
0.452822
0.029701
0.1381
0.662
0.341039
0.475194
0.662
0.545779
0.159383
0.662
0.0684222
0.253547
0.239356
0.280609
0.148074
0.662
0.410915
0.243372
0.0112026
0.662
0.662
0.662
0.0565343
0.662
0.662
0.662
0.184313
0.390763
0.305752
0.156983
0.662
0.408004
0.662
0.621831
0.369188
0.44827
0.217034
0.662
0.0357635
0.357752
0.132861
0.448918
0.662
0.505554
0.662
0.428321
0.182462
0.662
0.662
0.662
0.335882
0.330037
0.662
0.662
0.439208
0.662
0.662
0.524507
0.662
0.342362
0.198515
0.451218
0.222782
0.662
0.612761
0.375467
0.0174087
0.613662
0.186262
0.236553
0.662
0.662
0.468754
0.283449
0.662
0.022877
0.662
0.662
0.662
0.296184
0.662
0.662
0.22416
0.141026
0.662
0.413734
0.245123
0.662
0.662
0.662
0.295323
0.0554061
0.209754
0.662
0.531356
0.136335
0.255058
0.312399
0.244854
0.151924
0.597818
0.0198472
0.662
0.210039
0.276511
0.189945
0.23487
0.265921
0.662
0.0798855
0.156072
0.395323
0.662
0.407239
0.662
0.299213
0.662
0.662
0.0315693
0.0580017
0.662
0.662
0.317502
0.662
0.356621
0.296908
0.190815
0.662
0.421422
0.662
0.662
0.662
0.662
0.429881
0.423762
0.263352
0.0173532
0.662
0.417782
0.662
0.662
0.662
0.42028
0.662
0.662
0.662
0.662
0.202519
0.338105
0.138652
0.202551
0.662
0.662
0.356988
0.662
0.161458
0.196714
0.662
0.1362
0.662
0.464092
0.662
0.662
0.356501
0.563959
0.261217
0.662
0.221209
0.662
0.344089
0.125122
0.662
0.188513
0.662
0.349714
0.662
0.0579556
0.662
0.662
0.349967
0.662
0.0397531
0.398911
0.346602
0.316046
0.662
0.662
0.116142
0.318013
0.258623
0.410977
0.177538
0.00342553
0.662
0.161135
0.015957
0.213169
0.449902
0.662
0.462361
0.662
0.230749
0.662
0.334647
0.412446
0.185669
0.653568
0.244048
0.662
0.662
0.47532
0.390633
0.662
0.365528
0.301758
0.662
0.0986129
0.662
0.0552244
0.216785
0.167619
0.662
0.662
0.323311
0.330299
0.662
0.324845
0.132166
0.662
0.177872
0.452613
0.662
0.419707
0.0413631
0.662
0.662
0.662
0.387907
0.381686
0.27673
0.465093
0.662
0.435066
0.138777
0.662
0.119131
0.573629
0.148675
0.193369
0.280233
0.0776137
0.20466
0.662
0.379013
0.662
0.662
0.389411
0.119387
0.106551
0.662
0.662
0.461881
0.662
0.53279
0.662
0.662
0.662
0.662
0.662
0.662
0.182099
0.0769464
0.589252
0.213955
0.283703
0.358507
0.662
0.662
0.19665
0.128014
0.199667
0.662
0.252845
0.662
0.297866
0.662
0.662
0.202049
0.320722
0.662
0.282397
0.168898
0.662
0.662
0.290915
0.044693
0.504072
0.209724
0.279067
0.164448
0.0107029
0.172929
0.0689024
0.147207
0.189636
0.106891
0.0831946
0.0758245
0.662
0.662
0.217593
0.36224
0.662
0.370928
0.662
0.662
0.204902
0.385287
0.400626
0.338395
0.551556
0.327263
0.662
0.662
0.287871
0.320652
0.207431
0.0412573
0.43177
0.308164
0.198091
0.662
0.329032
0.662
0.514711
0.662
0.0597072
0.22258
0.662
0.00600456
0.662
0.461623
0.662
0.267465
0.662
0.300765
0.471998
0.1244
0.662
0.662
0.465956
0.366012
0.662
0.371277
0.23968
0.409806
0.662
0.293497
0.150626
0.662
0.0452607
0.662
0.662
0.662
0.345157
0.248741
0.430387
0.00387078
0.662
0.193418
0.662
0.10742
0.662
0.29044
0.265547
0.662
0.0922959
0.662
0.387861
0.459797
0.662
0.662
0.662
0.512729
0.42913
0.130422
0.662
0.114107
0.662
0.662
0.427028
0.232337
0.56062
0.358276
0.341129
0.428791
0.43878
0.220877
0.525182
0.662
0.140283
0.122721
0.434664
0.662
0.119647
0.264596
0.231108
0.202794
0.662
0.13302
0.252965
0.662
0.662
0.106556
0.365549
0.312426
0.662
0.296997
0.662
0.424997
0.662
0.310112
0.662
0.421245
0.334088
0.42354
0.662
0.513373
0.28187
0.282818
0.355594
0.375485
0.414943
0.662
0.295762
0.662
0.662
0.662
0.662
0.237064
0.353616
0.467522
0.443408
0.0425935
0.662
0.470449
0.662
0.339334
0.662
0.202949
0.356036
0.48792
0.217045
0.265501
0.662
0.662
0.662
0.662
0.308849
0.216869
0.662
0.354959
0.252918
0.662
0.326159
0.383167
0.439535
0.662
0.195849
0.662
0.33819
0.571653
0.035146
0.571934
0.662
0.189453
0.662
0.179981
0.360313
0.662
0.287717
0.267001
0.187324
0.365888
0.078551
0.662
0.662
0.570174
0.615755
0.662
0.662
0.662
0.340651
0.16387
0.662
0.479712
0.634763
0.00756089
0.447052
0.263985
0.235519
0.662
0.22231
0.441753
0.199054
0.217771
0.128028
0.0445174
0.380635
0.362755
0.662
0.274541
0.402242
0.559384
0.325126
0.662
0.408115
0.460302
0.437927
0.314194
0.405678
0.114965
0.209124
0.662
0.662
0.393399
0.554713
0.662
0.32307
0.662
0.662
0.238576
0.211969
0.404302
0.395547
0.662
0.109276
0.291911
0.662
0.662
0.349339
0.662
0.662
0.662
0.641756
0.557812
0.662
0.163611
0.662
0.0984399
0.465544
0.662
0.186726
0.662
2.41454e-05
0.595567
0.424877
0.16284
0.449086
0.662
0.197897
0.116413
0.662
0.291054
0.13708
0.10054
0.496549
0.208548
0.379841
0.203135
0.662
0.182617
0.240761
0.344052
0.662
0.662
0.662
0.662
0.662
0.375938
0.662
0.189346
0.246115
0.662
0.198131
0.206023
0.662
0.0154684
0.418533
0.188764
0.53969
0.55401
0.194772
0.34781
0.0950364
0.662
0.246755
0.662
0.306788
0.662
0.27084
0.62662
0.553618
0.118722
0.662
0.662
0.253878
0.662
0.59291
0.0747575
0.446605
0.346835
0.662
0.662
0.177327
0.662
0.662
0.662
0.220076
0.438173
0.662
0.150147
0.477202
0.454534
0.662
0.259653
0.662
0.282388
0.136752
0.211586
0.156316
0.571358
0.33131
0.662
0.127191
0.662
0.662
0.662
0.157135
0.0959897
0.662
0.453077
0.0125956
0.17506
0.662
0.187885
0.102183
0.662
0.466333
0.0388878
0.3145
0.181833
0.662
0.662
0.212852
0.637153
0.262239
0.445685
0.322272
0.340757
0.310796
0.662
0.662
0.375338
0.662
0.500718
0.662
0.461274
0.662
0.437621
0.104209
0.215677
0.0368212
0.00519569
0.248569
0.355119
0.188699
0.482385
0.662
0.142994
0.662
0.662
0.1123
0.409457
0.662
0.00553346
0.662
0.219889
0.582611
0.190953
0.361939
0.662
0.652622
0.00801903
0.287667
0.662
0.662
0.356882
0.662
0.239831
0.662
0.186687
0.662
0.245333
0.333921
0.662
0.281013
0.309235
0.662
0.0583694
0.662
0.201952
0.00822493
0.183992
0.662
0.649829
0.0749019
0.176508
0.662
0.662
0.217952
0.662
0.662
0.662
0.144486
0.332631
0.662
0.153285
0.662
0.662
0.257634
0.194758
0.463535
0.29235
0.366958
0.254381
0.274128
0.662
0.662
0.662
0.451336
0.662
0.235757
0.198224
0.264425
0.662
0.662
0.189254
0.469851
0.662
0.217714
0.662
0.662
0.233645
0.662
0.662
0.141263
0.323318
0.662
0.662
0.04917
0.192729
0.662
0.662
0.0523135
0.403747
0.0256746
0.19299
0.662
0.662
0.334886
0.102009
0.0845199
0.585911
0.449603
0.0262966
0.662
0.143786
0.240702
0.210506
0.662
0.0530935
0.662
0.0834605
0.562073
0.332037
0.662
0.267018
0.662
0.662
0.662
0.0917228
0.662
0.324755
0.662
0.0395202
0.405368
0.662
0.662
0.662
0.662
0.433433
0.662
0.38465
0.278328
0.662
0.29876
0.481894
0.0522791
0.288473
0.0460942
0.419577
0.230793
0.255295
0.194583
0.662
0.662
0.34774
0.311398
0.188688
0.662
0.426433
0.411723
0.662
0.481836
0.464383
0.272613
0.141761
0.401784
0.662
0.489502
0.134005
0.315776
0.177714
0.662
0.662
0.127605
0.360511
0.264473
0.205647
0.662
0.662
0.117712
0.438247
0.662
0.498487
0.242677
0.662
0.267735
0.0413375
0.662
0.368821
0.360935
0.662
0.13299
0.318602
0.308127
0.662
0.239952
0.662
0.390737
0.24622
0.498138
0.399233
0.223453
0.0586444
0.184839
0.223789
0.0413091
0.633456
0.662
0.345047
0.123837
0.662
0.0571622
0.0850002
0.108063
0.662
0.268972
0.314893
0.662
0.662
0.120184
0.222111
0.389131
0.662
0.0166135
0.0219373
0.185915
0.337775
0.662
0.662
0.662
0.216608
0.566635
0.662
0.662
0.662
0.469867
0.356822
0.090576
0.470997
0.662
0.0256699
0.0278372
0.662
0.662
0.124149
0.662
0.193621
0.662
0.309192
0.662
0.485382
0.662
0.662
0.0967321
0.662
0.351719
0.662
0.662
0.662
0.46723
0.662
0.253736
0.173104
0.383892
0.2302
0.223459
0.662
0.504578
0.484866
0.662
0.245558
0.198068
0.525571
0.641705
0.662
0.150179
0.480824
0.269147
0.504406
0.416752
0.662
0.662
0.506286
0.368904
0.460348
0.662
0.537324
0.662
0.585432
0.367168
0.118968
0.662
0.305918
0.662
0.276905
0.46039
0.662
0.398806
0.662
0.195364
0.199183
0.188813
0.310167
0.662
0.257523
0.0888336
0.662
0.662
0.105199
0.662
0.0143197
0.318528
0.662
0.305287
0.0774307
0.662
0.467202
0.319538
0.00252304
0.643476
0.133514
0.21137
0.0860482
0.127525
0.662
0.662
0.40252
0.320767
0.0486963
0.273857
0.227482
0.187968
0.367594
0.363554
0.662
0.609199
0.149014
0.146772
0.140838
0.297332
0.310692
0.662
0.662
0.662
0.662
0.379928
0.243567
0.257819
0.475026
0.184394
0.662
0.662
0.342622
0.283531
0.11782
0.193641
0.662
0.0156614
0.247186
0.662
0.349295
0.130655
0.473517
0.662
0.572377
0.662
0.662
0.320571
0.31884
0.25176
0.662
0.662
0.662
0.662
0.000576119
0.600686
0.107025
0.228899
0.197957
0.662
0.662
0.662
0.662
0.634693
0.386784
0.662
0.662
0.454253
0.194058
0.662
0.662
0.22526
0.230693
0.662
0.153289
0.0261599
0.662
0.18622
0.662
0.662
0.662
0.114175
0.662
0.180747
0.662
0.0411326
0.166815
0.579791
0.112614
0.628415
0.662
0.0023885
0.00338842
0.447159
0.662
0.0924115
0.662
0.662
0.206644
0.0975182
0.284238
0.448283
0.232918
0.130631
0.65585
0.24067
0.153936
0.289231
0.662
0.425106
0.163694
0.450302
0.222876
0.662
0.454683
0.0106192
0.662
0.387996
0.662
0.566005
0.662
0.212107
0.655264
0.662
0.662
0.363935
0.377686
0.498179
0.445282
0.253419
0.662
0.0975219
0.204991
0.662
0.290417
0.310659
0.368275
0.0810546
0.662
0.662
0.0289781
0.320689
0.415189
0.181268
0.662
0.429644
0.662
0.662
0.662
0.263539
0.662
0.250251
0.223246
0.411141
0.662
0.459352
0.556353
0.662
0.266554
0.662
0.662
0.662
0.00237479
0.192725
0.207089
0.662
0.409163
0.107929
0.662
0.153914
0.216244
0.662
0.232512
0.434901
0.474716
0.231632
0.161949
0.0322454
0.662
0.662
0.0841413
0.662
0.159979
0.5136
0.125439
0.662
0.348994
0.327367
0.520978
0.662
0.169161
0.481566
0.488645
0.305879
0.347111
0.662
0.203066
0.288348
0.274289
0.544482
0.662
0.662
0.662
0.356381
0.124043
0.662
0.662
0.662
0.275046
0.211191
0.316874
0.662
0.295036
0.0854353
0.662
0.419643
0.143497
0.41283
0.010242
0.487031
0.238736
0.496257
0.251272
0.0751503
0.662
0.0197736
0.662
0.662
0.662
0.103756
0.662
0.240062
0.662
0.662
0.662
0.288562
0.430354
0.662
0.662
0.662
0.662
0.26189
0.282548
0.662
0.392466
0.662
0.662
0.185452
0.662
0.144117
0.662
0.489895
0.220206
0.338355
0.63339
0.25925
0.323237
0.240671
0.662
0.120305
0.662
0.662
0.2618
0.288695
0.0882334
0.309082
0.291294
0.662
0.40561
0.662
0.662
0.36357
0.662
0.662
0.474846
0.110556
0.409486
0.156631
0.186257
0.662
0.0990686
0.586747
0.319051
0.152091
0.339643
0.662
0.662
0.662
0.106059
0.236807
0.206771
0.662
0.0723596
0.394757
0.662
0.662
0.423617
0.327599
0.360169
0.446408
0.464439
0.271389
0.248869
0.662
0.662
0.662
0.662
0.125301
0.448914
0.0458284
0.662
0.288895
0.306921
0.126787
0.662
0.0408831
0.662
0.232502
0.662
0.194403
0.422908
0.204226
0.450663
0.662
0.662
0.286258
0.202732
0.662
0.662
0.350527
0.662
0.662
0.132283
0.305087
0.446858
0.662
0.662
0.662
0.662
0.662
0.649295
0.42019
0.662
0.184738
0.662
0.390516
0.603976
0.621771
0.662
0.283676
0.662
0.662
0.462311
0.303742
0.22263
0.0104787
0.376772
0.222943
0.184899
0.453683
0.394672
0.214106
0.662
0.199288
0.662
0.662
0.278404
0.0245379
0.399246
0.662
0.28471
0.117736
0.662
0.198449
0.662
0.662
0.337672
0.472913
0.662
0.116599
0.662
0.184551
0.289479
0.32389
0.202323
0.662
0.255513
0.581124
0.662
0.227462
0.123387
0.45072
0.662
0.355484
0.000830648
0.662
0.504821
0.544944
0.662
0.662
0.662
0.443153
0.417356
0.662
0.159551
0.201794
0.0211891
0.259421
0.662
0.662
0.319017
0.662
0.207106
0.205757
0.214869
0.662
0.662
0.662
0.3842
0.122208
0.288388
0.662
0.316339
0.511143
0.17312
0.662
0.662
0.662
0.662
0.0794322
0.662
0.328635
0.0166493
0.343917
0.200115
0.662
0.662
0.662
0.302515
0.0288939
0.495773
0.0834713
0.662
0.484137
0.662
0.0994739
0.0577122
0.589309
0.100376
0.139582
0.662
0.662
0.460538
0.0528188
0.662
0.593754
0.364475
0.458929
0.256663
0.662
0.302903
0.662
0.662
0.662
0.344004
0.322396
0.215686
0.277415
0.244645
0.175052
0.00679926
0.662
0.662
0.628292
0.662
0.367536
0.256261
0.407467
0.466974
0.14568
0.121524
0.266654
0.662
0.191203
0.662
0.149208
0.154673
0.662
0.662
0.622613
0.00317403
0.124128
0.662
0.459705
0.453287
0.662
0.662
0.0135023
0.662
0.193077
0.662
0.224377
0.662
0.662
0.662
0.377559
0.0769137
0.335736
0.662
0.662
0.662
0.621437
0.198739
0.662
0.0985402
0.384632
0.662
0.207992
0.198938
0.304831
0.267459
0.662
0.662
0.662
0.0110353
0.151189
0.662
0.662
0.662
0.662
0.662
0.011689
0.0480229
0.662
0.158864
0.360178
0.662
0.662
0.302549
0.662
0.210849
0.662
0.662
0.662
0.233639
0.174059
0.564027
0.662
0.123886
0.420209
0.180154
0.403792
0.0720615
0.153252
0.662
0.662
0.601856
0.662
0.662
0.465062
0.374043
0.101397
0.662
0.333788
0.662
0.246414
0.475832
0.448562
0.362441
0.507592
0.662
0.662
0.294846
0.662
0.639279
0.27608
0.586132
0.662
0.39888
0.662
0.662
0.250269
0.160883
0.662
0.367458
0.567949
0.219169
0.509161
0.662
0.122902
0.256189
0.662
0.662
0.172271
0.662
0.662
0.662
0.662
0.662
0.327586
0.0561326
0.104632
0.0440655
0.10615
0.662
0.662
0.662
0.662
0.293517
0.298284
0.222314
0.46327
0.394036
0.662
0.373906
0.662
0.662
0.662
0.448842
0.364767
0.662
0.175685
0.305144
