0.662
0.662
0.211263
0.293123
0.208033
0.505192
0.577225
0.662
0.662
0.26368
0.343776
0.448776
0.282271
0.314839
0.662
0.662
0.0120155
0.614578
0.132865
0.355266
0.117649
0.127678
0.14827
0.662
0.202341
0.662
0.508951
0.315515
0.448096
0.37573
0.662
0.662
0.462842
0.388435
0.120342
0.662
0.200272
0.349983
0.488005
0.662
0.552617
0.616888
0.108341
0.127098
0.360551
0.662
0.424891
0.662
0.612127
0.662
0.0217418
0.578112
0.537903
0.197452
0.285931
0.662
0.0528488
0.0624944
0.203957
0.190978
0.524999
0.336193
0.662
0.662
0.438693
0.593602
0.158318
0.662
0.363507
0.662
0.662
0.315092
0.585247
0.662
0.62897
0.662
0.321198
0.11184
0.662
0.476461
0.64846
0.0565854
0.277805
0.273823
0.662
0.662
0.177401
0.537828
0.159792
0.234484
0.398337
0.662
0.464375
0.469646
0.662
0.185814
0.236913
0.137648
0.662
0.662
0.424947
0.662
0.662
0.238986
0.662
0.608581
0.662
0.662
0.385156
0.385739
0.662
0.662
0.03358
0.662
0.102176
0.382162
0.341711
0.150401
0.662
0.662
0.15757
0.168186
0.110235
0.113994
0.661913
0.0303018
0.318143
0.442335
0.204954
0.662
0.662
0.662
0.662
0.260373
0.287907
0.45897
0.396468
0.257132
0.530841
0.662
0.205047
0.222203
0.320257
0.662
0.662
0.0285206
0.496621
0.662
0.291963
0.240396
0.662
0.662
0.662
0.624734
0.662
0.662
0.662
0.0234631
0.651413
0.662
0.1997
0.662
0.187419
0.439859
0.45031
0.629406
0.662
0.035336
0.662
0.378186
0.662
0.651393
0.107244
0.662
0.153881
0.41475
0.365126
0.662
0.0808202
0.553091
0.662
0.495228
0.496837
0.235556
0.662
0.0454011
0.248895
0.662
0.46558
0.662
0.662
0.662
0.299297
0.533357
0.662
0.662
0.662
0.406432
0.364969
0.198344
0.321263
0.662
0.662
0.662
0.662
0.413302
0.662
0.215313
0.662
0.662
0.662
0.333075
0.662
0.662
0.0317678
0.494547
0.662
0.585366
0.662
0.202335
0.122688
0.662
0.184841
0.662
0.662
0.228857
0.190306
0.662
0.662
0.130424
0.550251
0.662
0.662
0.304753
0.662
0.326017
0.273214
0.0281862
0.662
0.0185119
0.097285
0.662
0.209225
0.662
0.662
0.662
0.662
0.662
0.352805
0.228719
0.662
0.662
0.662
0.662
0.662
0.344488
0.203719
0.403368
0.354605
0.662
0.0248656
0.662
0.146505
0.396582
0.0650495
0.202403
0.662
0.662
0.136625
0.662
0.21371
0.662
0.493031
0.26094
0.662
0.662
0.343428
0.662
0.266216
0.662
0.471165
0.662
0.216859
0.404586
0.226561
0.286415
0.0834558
0.468828
0.192318
0.662
0.662
0.448481
0.294684
0.662
0.239051
0.058435
0.662
0.575773
0.238493
0.274872
0.075967
0.420298
0.662
0.341375
0.348821
0.629887
0.662
0.276219
0.49889
0.662
0.438731
0.60956
0.662
0.662
0.118446
0.662
0.299389
0.505829
0.0495948
0.100807
0.410203
0.5265
0.662
0.662
0.662
0.0693309
0.662
0.662
0.224384
0.104517
0.191039
0.390714
0.346156
0.662
0.619473
0.071359
0.0757563
0.662
0.252799
0.376151
0.662
0.662
0.195171
0.589755
0.460969
0.0595904
0.0667853
0.513753
0.662
0.631301
0.662
0.0197919
0.662
0.271424
0.153837
0.662
0.662
0.662
0.662
0.183973
0.662
0.662
0.086638
0.662
0.662
0.631599
0.662
0.128375
0.662
0.113824
0.140678
0.268254
0.456964
0.519991
0.0265251
0.662
0.662
0.662
0.662
0.170181
0.210953
0.662
0.662
0.153461
0.662
0.3598
0.428014
0.196914
0.223971
0.662
0.390933
0.662
0.418509
0.160588
0.662
0.244531
0.20389
0.416423
0.254274
0.315126
0.662
0.662
0.662
0.662
0.408098
0.352027
0.662
0.0871116
0.662
0.029657
0.254573
0.361728
0.276816
0.662
0.16254
0.229813
0.550089
0.347983
0.219839
0.662
0.603818
0.662
0.163263
0.307589
0.662
0.662
0.497649
0.19144
0.662
0.192894
0.551429
0.119029
0.662
0.497294
0.399166
0.662
0.22938
0.662
0.248759
0.328944
0.662
0.122189
0.310743
0.347871
0.514866
0.359441
0.662
0.18405
0.12037
0.662
0.0264579
0.662
0.662
0.181537
0.662
0.662
0.662
0.108415
0.0296918
0.662
0.659087
0.662
0.662
0.662
0.244059
0.459482
0.169356
0.269858
0.662
0.587195
0.518433
0.281003
0.555378
0.201415
0.662
0.220944
0.662
0.542529
0.0423486
0.662
0.189566
0.662
0.652903
0.662
0.662
0.486987
0.662
0.040354
0.226402
0.242998
0.343096
0.211095
0.0256452
0.662
0.226609
0.227536
0.184105
0.0306353
0.281445
0.662
0.662
0.382857
0.0788525
0.539536
0.462937
0.217485
0.662
0.44892
0.662
0.392347
0.662
0.662
0.662
0.117033
0.662
0.400253
0.322297
0.662
0.390586
0.662
0.662
0.142368
0.662
0.0661273
0.0982289
0.336327
0.489388
0.587493
0.662
0.419997
0.0573717
0.662
0.545096
0.230583
0.662
0.187158
0.317061
0.662
0.330648
0.662
0.469887
0.372191
0.439109
0.278863
0.26157
0.662
0.662
0.176194
0.662
0.645821
0.0965663
0.156949
0.662
0.662
0.662
0.662
0.300827
0.383446
0.247576
0.662
0.444501
0.308234
0.618751
0.662
0.662
0.308607
0.0559749
0.224979
0.491585
0.178093
0.662
0.662
0.662
0.228569
0.134927
0.662
0.255308
0.05673
0.150133
0.662
0.662
0.662
0.180277
0.057309
0.662
0.662
0.430811
0.662
0.276817
0.662
0.337798
0.392927
0.0536106
0.194965
0.662
0.0827602
0.586511
0.494851
0.662
0.28203
0.662
0.362956
0.385765
0.10591
0.536195
0.662
0.292987
0.452895
0.662
0.662
0.662
0.120416
0.662
0.469663
0.250432
0.166652
0.230425
0.662
0.11688
0.259488
0.396729
0.447481
0.43801
0.268724
0.662
0.439064
0.662
0.541431
0.432242
0.452234
0.283085
0.0871571
0.274063
0.662
0.662
0.330087
0.662
0.334281
0.203288
0.662
0.246011
0.0840493
0.483679
0.662
0.124318
0.0560285
0.338932
0.203077
0.337143
0.168939
0.662
0.085502
0.662
0.189825
0.662
0.082922
0.662
0.662
0.662
0.520368
0.662
0.662
0.475236
0.26963
0.253124
0.662
0.198365
0.662
0.0910805
0.662
0.662
0.284585
0.38368
0.155963
0.0840001
0.662
0.442043
0.0583253
0.285535
0.250442
0.636271
0.208037
0.151268
0.388671
0.662
0.662
0.435557
0.529511
0.416675
0.354983
0.662
0.111918
0.208562
0.662
0.111916
0.395581
0.169893
0.208677
0.192503
0.165634
0.431082
0.056153
0.59217
0.206767
0.368911
0.662
0.662
0.662
0.0964458
0.662
0.662
0.197854
0.559505
0.175086
0.0931481
0.662
0.662
0.174351
0.445613
0.317203
0.503431
0.662
0.499001
0.434787
0.342321
0.288565
0.662
0.332919
0.168599
0.662
0.190743
0.229081
0.662
0.0947931
0.353121
0.345979
0.662
0.499619
0.146335
0.480038
0.662
0.662
0.369831
0.109967
0.53987
0.662
0.662
0.249134
0.662
0.605163
0.196798
0.0579796
0.501824
0.662
0.294344
0.472292
0.23776
0.662
0.280914
0.662
0.35363
0.0394329
0.662
0.662
0.662
0.662
0.135483
0.0167848
0.662
0.57627
0.0224024
0.662
0.00134066
0.293036
0.203128
0.509107
0.662
0.11324
0.662
0.662
0.443904
0.662
0.0145962
0.662
0.214036
0.341505
0.0731138
0.161079
0.378294
0.0971707
0.38517
0.300237
0.174184
0.662
0.239623
0.424521
0.204503
0.119284
0.12198
0.00631207
0.0357948
0.314843
0.186093
0.235776
0.472172
0.662
0.662
0.662
0.200523
0.0052899
0.584931
0.267774
0.252608
0.385446
0.0666858
0.107205
0.0650591
0.123692
0.10953
0.295031
0.472615
0.662
0.662
0.0819227
0.286311
0.662
0.459439
0.294608
0.184232
0.232085
0.0431007
0.662
0.27489
0.269803
0.465958
0.662
0.0958474
0.131205
0.232738
0.662
0.596225
0.325481
0.662
0.104829
0.575854
0.643012
0.662
0.662
0.206055
0.200603
0.662
0.381478
0.0122665
0.662
0.662
0.0798059
0.409276
0.0939318
0.662
0.449171
0.473542
0.0966091
0.419624
0.230405
0.662
0.662
0.233377
0.137328
0.633861
0.353003
0.662
0.635463
0.351699
0.294949
0.288416
0.662
0.383546
0.230851
0.385828
0.599358
0.569727
0.0888448
0.192993
0.420399
0.662
0.662
0.0981368
0.559984
0.275771
0.146066
0.662
0.662
0.662
0.662
0.256494
0.421785
0.662
0.266239
0.662
0.197928
0.662
0.662
0.340384
0.662
0.361122
0.129701
0.639676
0.662
0.662
0.662
0.662
0.428776
0.662
0.0571394
0.0783105
0.289341
0.330381
0.662
0.662
0.47706
0.662
0.662
0.228209
0.144558
0.310578
0.15581
0.662
0.185857
0.662
0.277899
0.662
0.346785
0.336577
0.662
0.662
0.165119
0.662
0.362579
0.180006
0.241405
0.453903
0.266276
0.214391
0.662
0.662
0.662
0.199854
0.181493
0.188956
0.357305
0.413704
0.420461
0.662
0.160978
0.0753118
0.662
0.171325
0.622085
0.662
0.291806
0.662
0.662
0.662
0.174349
0.309387
0.017735
0.0979503
0.662
0.295344
0.662
0.253947
0.662
0.0490026
0.662
0.188316
0.662
0.333515
0.662
0.167184
0.444412
0.662
0.257562
0.167691
0.662
0.187409
0.247147
0.662
0.662
0.369966
0.185257
0.441227
0.185107
0.662
0.18768
0.436398
0.525089
0.239745
0.378801
0.356317
0.662
0.553383
0.0567406
0.116731
0.662
0.204857
0.277444
0.138278
0.46669
0.109549
0.457586
0.606062
0.662
0.498568
0.662
0.0182716
0.21182
0.328335
0.620867
0.662
0.662
0.549053
0.491788
0.114679
0.662
0.229303
0.662
0.248875
0.662
0.662
0.662
0.662
0.662
0.662
0.171941
0.29241
0.261732
0.662
0.662
0.228359
0.662
0.300443
0.435685
0.118121
0.610212
0.312304
0.0452231
0.662
0.662
0.628765
0.636649
0.307478
0.662
0.034829
0.662
0.2382
0.626294
0.238763
0.255591
0.401623
0.662
0.259073
0.579568
0.662
0.444714
0.053205
0.465087
0.662
0.521879
0.662
0.640107
0.662
0.117927
0.253844
0.662
0.474593
0.172596
0.168045
0.473116
0.662
0.0729758
0.456757
0.332095
0.131281
0.349274
0.662
0.662
0.662
0.079338
0.404389
0.193484
0.256679
0.311422
0.200374
0.662
0.563786
0.349685
0.369882
0.168251
0.662
0.285773
0.10088
0.662
0.585603
0.638632
0.662
0.557084
0.662
0.0797853
0.513126
0.207268
0.662
0.662
0.341327
0.538613
0.473247
0.223586
0.304964
0.662
0.662
0.541624
0.662
0.662
0.662
0.239151
0.221449
0.542675
0.264652
0.483194
0.662
0.662
0.662
0.271977
0.585775
0.0938424
0.0335637
0.0373516
0.138739
0.44314
0.662
0.241906
0.662
0.349856
0.662
0.224918
0.105875
0.00537111
0.0442007
0.0938685
0.662
0.662
0.191602
0.158523
0.662
0.214259
0.208232
0.0118712
0.292791
0.415498
0.0251845
0.245011
0.662
0.662
0.295618
0.0882513
0.182893
0.662
0.643024
0.662
0.610216
0.662
0.662
0.192028
0.662
0.531052
0.662
0.662
0.310284
0.662
0.662
0.662
0.201678
0.534463
0.576695
0.09519
0.0915428
0.479571
0.398588
0.403274
0.17376
0.662
0.662
0.310639
0.662
0.662
0.35119
0.398404
0.662
0.662
0.253994
0.0789189
0.472041
0.193846
0.662
0.42219
0.662
0.662
0.626863
0.662
0.395678
0.288309
0.662
0.662
0.445438
0.459746
0.662
0.662
0.281028
0.662
0.662
0.326371
0.662
0.662
0.657037
0.531038
0.476812
0.189076
0.0687878
0.230688
0.662
0.572905
0.435804
0.0886856
0.411769
0.662
0.639741
0.44325
0.662
0.255107
0.00578299
0.47838
0.380568
0.482579
0.586181
0.643207
0.457522
0.371318
0.137741
0.662
0.269541
0.662
0.662
0.662
0.662
0.28597
0.662
0.662
0.625337
0.34109
0.255089
0.34211
0.662
0.167699
0.322769
0.662
0.662
0.21423
0.525143
0.662
0.392224
0.662
0.217819
0.662
0.662
0.662
0.479043
0.441976
0.0625759
0.129129
0.662
0.0576132
0.662
0.662
0.204283
0.0347756
0.44586
0.162467
0.130827
0.355746
0.217709
0.505126
0.327392
0.662
0.328333
0.662
0.662
0.0122451
0.662
0.23824
0.435285
0.52456
0.662
0.481854
0.501721
0.289088
0.662
0.330464
0.456335
0.284422
0.662
0.662
0.662
0.594141
0.177167
0.470707
0.47908
0.296924
0.662
0.10335
0.444269
0.662
0.0192451
0.165819
0.40573
0.476676
0.0024309
0.47296
0.662
0.402172
0.390523
0.186649
0.662
0.662
0.196302
0.0988667
0.662
0.348339
0.553305
0.225448
0.183413
0.662
0.25794
0.662
0.290911
0.662
0.0920615
0.287483
0.138781
0.507943
0.049112
0.364572
0.662
0.662
0.438071
0.264152
0.357615
0.00774146
0.24262
0.662
0.662
0.217288
0.662
0.334447
0.330993
0.662
0.279312
0.0256902
0.662
0.421564
0.304848
0.427288
0.0225955
0.452502
0.191123
0.396264
0.193424
0.312564
0.662
0.662
0.350279
0.662
0.439081
0.662
0.0746964
