0.114784
0.662
0.412377
0.529511
0.127385
0.662
0.593922
0.392277
0.0106455
0.153357
0.174184
0.213814
0.662
0.196874
0.662
0.00198872
0.144558
0.32617
0.147643
0.317203
0.0446058
0.215133
0.662
0.185257
0.277014
0.662
0.662
0.263266
0.10953
0.257132
0.470249
0.32567
0.0784849
0.315277
0.408865
0.225706
0.197474
0.104829
0.0265251
0.662
0.662
0.662
0.192268
0.662
0.206055
0.223586
0.662
0.291406
0.0490026
0.206767
0.662
0.662
0.306098
0.662
0.662
0.662
0.662
0.662
0.662
0.230434
0.0595904
0.662
0.442663
0.443404
0.390933
0.205867
0.119251
0.662
0.465878
0.47838
0.662
0.17184
0.165819
0.211263
0.662
0.465306
0.444501
0.122688
0.244531
0.119826
0.201025
0.297539
0.438426
0.662
0.662
0.662
0.662
0.348339
0.284074
0.662
0.332024
0.645019
0.220182
0.662
0.568744
0.0428064
0.408098
0.662
0.438517
0.662
0.34079
0.0497556
0.662
0.11996
0.662
0.662
0.472433
0.585247
0.283085
0.0871571
0.292658
0.156279
0.158328
0.264505
0.373668
0.640107
0.311671
0.197737
0.0332847
0.238763
0.28204
0.662
0.293036
0.203889
0.326352
0.662
0.419577
0.271665
0.168186
0.371885
0.662
0.662
0.03358
0.629133
0.290911
0.662
0.0725829
0.662
0.662
0.662
0.165119
0.662
0.263871
0.496837
0.662
0.662
0.159049
0.150133
0.127678
0.165634
0.0565854
0.662
0.662
0.238986
0.662
0.662
0.605163
0.525089
0.239745
0.662
0.155963
0.154076
0.662
0.247576
0.662
0.662
0.662
0.0528488
0.493031
0.0797824
0.495959
0.662
0.0217418
0.662
0.0496004
0.662
0.324127
0.0757827
0.4392
0.662
0.662
0.356317
0.662
0.169207
0.603818
0.448096
0.305018
0.071359
0.418712
0.652367
0.202324
0.133464
0.314844
0.471654
0.203128
0.0167996
0.0915428
0.603906
0.662
0.376776
0.662
0.234215
0.662
0.0306353
0.020472
0.662
0.0507139
0.662
0.313811
0.201315
0.662
0.549053
0.424947
0.662
0.0977016
0.40616
0.190639
0.16154
0.587114
0.192993
0.286466
0.548638
0.488005
0.662
0.131281
0.662
0.662
0.466513
0.662
0.367588
0.537903
0.0181914
0.212457
0.369738
0.662
0.662
0.662
0.662
0.281028
0.226402
0.138781
0.108415
0.651393
0.335137
0.662
0.309325
0.662
0.662
0.17697
0.662
0.662
0.662
0.662
0.344909
0.338711
0.106854
0.424891
0.21182
0.228484
0.662
0.367398
0.662
0.550089
0.508951
0.184841
0.662
0.185814
0.212594
0.662
0.0988667
0.541624
0.327339
0.469663
0.662
0.390586
0.662
0.192503
0.058665
0.189471
0.412563
0.662
0.174351
0.662
0.662
0.0373516
0.141113
0.153408
0.003658
0.662
0.116731
0.662
0.586511
0.662
0.233853
0.181493
0.53987
0.619745
0.192906
0.435433
0.0425556
0.293835
0.662
0.200374
0.465586
0.145157
0.662
0.153881
0.569727
0.662
0.662
0.662
0.662
0.133576
0.18558
0.331175
0.273158
0.260373
0.209776
0.392224
0.662
0.471719
0.228359
0.662
0.639741
0.662
0.37573
0.217709
0.662
0.662
0.118242
0.352056
0.364685
0.662
0.137741
0.474593
0.156949
0.302632
0.24262
0.274626
0.14683
0.154384
0.662
0.662
0.662
0.662
0.662
0.404586
0.24646
0.0896385
0.424528
0.662
0.662
0.119284
0.662
0.662
0.662
0.193006
0.662
0.662
0.662
0.662
0.336577
0.255089
0.662
0.056153
0.662
0.32438
0.409957
0.662
0.662
0.381478
0.662
0.346785
0.662
0.299297
0.279312
0.0517413
0.662
0.638632
0.359714
0.023057
0.662
0.662
0.61365
0.211382
0.351699
0.196105
0.662
0.662
0.0687878
0.506609
0.169893
0.0766063
0.662
0.230425
0.662
0.662
0.186649
0.0220155
0.662
0.260995
0.50962
0.662
0.207293
0.662
0.456335
0.434515
0.290333
0.628765
0.389347
0.662
0.208201
0.662
0.0442007
0.662
0.286415
0.159792
0.662
0.254573
0.28102
0.201678
0.432787
0.662
0.412059
0.00741835
0.266239
0.18546
0.662
0.268724
0.20389
0.60481
0.662
0.113994
0.662
0.465958
0.629406
0.111983
0.662
0.662
0.662
0.422293
0.662
0.163263
0.662
0.662
0.0352802
0.226561
0.399334
0.662
0.40573
0.243516
0.660933
0.337143
0.111918
0.198344
0.662
0.13504
0.0524956
0.662
0.555378
0.662
0.0971707
0.340857
0.0902971
0.309433
0.296196
0.661913
0.662
0.033293
0.643012
0.662
0.241906
0.268254
0.662
0.662
0.396468
0.662
0.20861
0.109967
0.491788
0.0024309
0.662
0.662
0.662
0.662
0.662
0.162484
0.397515
0.276219
0.0840493
0.169646
0.662
0.187409
0.662
0.198449
0.303137
0.124318
0.110256
0.662
0.443224
0.662
0.662
0.662
0.453169
0.645821
0.151673
0.015581
0.662
0.11688
0.662
0.662
0.662
0.662
0.662
0.476434
0.662
0.269803
0.662
0.355266
0.644458
0.662
0.662
0.448481
0.439081
0.43039
0.662
0.00631207
0.378294
0.35988
0.340954
0.662
0.662
0.662
0.662
0.662
0.662
0.456964
0.08612
0.449859
0.662
0.308234
0.662
0.341375
0.131482
0.662
0.217288
0.28203
0.469646
0.662
0.421394
0.380492
0.252218
0.662
0.34211
0.662
0.479043
0.662
0.50325
0.312304
0.357931
0.662
0.662
0.243842
0.282926
0.0576132
0.662
0.383546
0.360813
0.662
0.662
0.662
0.244004
0.662
0.225448
0.185857
0.240396
0.249134
0.662
0.662
0.662
0.662
0.472041
0.662
0.662
0.211573
0.040354
0.662
0.277805
0.365666
0.0840001
0.662
0.364572
0.662
0.662
0.210061
0.662
0.662
0.448147
0.44586
0.662
0.662
0.521879
0.662
0.035336
0.205904
0.662
0.216859
0.532528
0.662
0.643207
0.662
0.662
0.349685
0.0186662
0.439064
0.461629
0.1997
0.328944
0.0724129
0.330464
0.662
0.187419
0.575854
0.253844
0.662
0.587493
0.499473
0.662
0.103317
0.527821
0.249478
0.196746
0.239151
0.662
0.299139
0.322769
0.155317
0.662
0.662
0.482642
0.291806
0.655031
0.54722
0.229792
0.234484
0.662
0.662
0.662
0.264152
0.0431007
0.00138535
0.662
0.440453
0.192028
0.375073
0.281412
0.63474
0.605676
0.662
0.435685
0.307478
0.293123
0.21599
0.42708
0.493604
0.344488
0.662
0.0676473
0.228569
0.256458
0.662
0.662
0.662
0.662
0.453606
0.322297
0.527447
0.662
0.322603
0.662
0.197928
0.149532
0.662
0.308426
0.269858
0.518586
0.662
0.662
0.118121
0.662
0.369966
0.662
0.662
0.00134066
0.300464
0.662
0.662
0.662
0.662
0.378186
0.109549
0.0230645
0.662
0.662
0.227153
0.662
0.662
0.32898
0.662
0.113824
0.102176
0.662
0.662
0.286471
0.447481
0.310276
0.18007
0.662
0.435285
0.450639
0.254497
0.662
0.662
0.662
0.0504292
0.274385
0.36346
0.662
0.372254
0.380568
0.662
0.662
0.0783105
0.0797853
0.662
0.662
0.662
0.0982289
0.347983
0.662
0.662
0.513811
0.610186
0.662
0.273823
0.0248656
0.187158
0.662
0.662
0.662
0.662
0.162467
0.00241212
0.029657
0.662
0.662
0.659087
0.0512164
0.662
0.444412
0.430811
0.115374
0.524999
0.662
0.438071
0.662
0.662
0.662
0.271977
0.636391
0.203288
0.17609
0.409276
0.662
0.662
0.513753
0.662
0.188421
0.117649
0.662
0.662
0.662
0.0926157
0.662
0.305979
0.662
0.662
0.0613971
0.596225
0.353232
0.236231
0.633391
0.662
0.11324
0.193846
0.138739
0.662
0.413437
0.248499
0.208232
0.259394
0.148936
0.662
0.0729758
0.315002
0.242998
0.662
0.253947
0.224918
0.116757
0.662
0.662
0.362575
0.178093
0.315999
0.194592
0.662
0.386489
0.662
0.319965
0.164456
0.202335
0.575773
0.662
0.165232
0.607549
0.338932
0.662
0.246745
0.294344
0.299964
0.205388
0.662
0.146335
0.662
0.662
0.234245
0.662
0.662
0.346156
0.324243
0.210953
0.608287
0.662
0.662
0.0753118
0.662
0.364969
0.541431
0.341918
0.0286096
0.662
0.385446
0.199479
0.208677
0.662
0.314839
0.276817
0.662
0.662
0.255849
0.20971
0.173234
0.22436
0.662
0.662
0.612127
0.334281
0.662
0.662
0.385481
0.662
0.492145
0.248189
0.175509
0.413704
0.383446
0.662
0.194965
0.170635
0.0122451
0.522111
0.220045
0.662
0.20836
0.662
0.662
0.49042
0.190512
0.423561
0.662
0.662
0.662
0.662
0.662
0.35917
0.662
0.0182716
0.662
0.662
0.637499
0.662
0.662
0.0579796
0.662
0.662
0.075967
0.662
0.14649
0.0411576
0.319728
0.545414
0.362559
0.0667853
0.221449
0.082922
0.200413
0.662
0.54221
0.18165
0.275483
0.403274
0.64846
0.662
0.230324
0.662
0.543574
0.662
0.471199
0.651413
0.395581
0.662
0.210402
0.662
0.662
0.662
0.462842
0.385828
0.217481
0.662
0.0518915
0.261732
0.662
0.244477
0.601509
0.603228
0.250442
0.0660672
0.0966091
0.415045
0.662
0.662
0.266276
0.534543
0.390714
0.305308
0.266724
0.479168
0.0185119
0.662
0.662
0.271401
0.662
0.270324
0.593602
0.34109
0.662
0.662
0.180006
0.633861
0.174431
0.272148
0.120342
0.662
0.662
