0.0172728
0.662
0.662
0.662
0.491401
0.25962
0.662
0.202987
0.485582
0.139242
0.662
0.662
0.662
0.662
0.662
0.662
0.662
0.400587
0.0148314
0.653203
0.550847
0.373996
0.267611
0.219495
0.662
0.637575
0.662
0.662
0.119854
0.469748
0.532371
0.0996587
0.662
0.631817
0.24507
0.662
0.662
0.662
0.027451
0.662
0.613382
0.54257
0.662
0.662
0.307454
0.220706
0.569787
0.662
0.370929
0.466908
0.662
0.0558163
0.423418
0.662
0.662
0.390034
0.168108
0.662
0.662
0.330185
0.662
0.627746
0.662
0.0979537
0.662
0.662
0.308286
0.662
0.43221
0.406345
0.662
0.139115
0.662
0.090365
0.662
0.316944
0.0343854
0.0904643
0.202675
0.0763559
0.662
0.294422
0.662
0.0969607
0.633391
0.586341
0.127785
0.662
0.662
0.662
0.410781
0.205038
0.662
0.662
0.363219
0.662
0.662
0.262817
0.459961
0.189566
0.662
0.662
0.456351
0.120235
0.429561
0.662
0.46156
0.442133
0.517239
0.145604
0.169698
0.185853
0.252373
0.0144883
0.280188
0.443259
0.662
0.232718
0.411168
0.0436161
0.662
0.172212
0.490095
0.395817
0.300977
0.306817
0.045779
0.662
0.662
0.245689
0.273042
0.662
0.662
0.525275
0.261877
0.433706
0.116781
0.534727
0.656902
0.273984
0.662
0.335262
0.662
0.475788
0.352862
0.280944
0.662
0.357711
0.280664
0.662
0.662
0.662
0.391002
0.662
0.377511
0.154209
0.283424
0.027263
0.662
0.450429
0.366914
0.275794
0.491831
0.076681
0.662
0.0363552
0.547648
0.662
0.662
0.662
0.391658
0.662
0.107128
0.260393
0.222743
0.662
6.64853e-05
0.662
0.372887
0.283974
0.662
0.261405
0.662
0.0475536
0.662
0.393355
0.0571207
0.21684
0.662
0.662
0.527931
0.662
0.373076
0.130827
0.278878
0.524311
0.220633
0.0780898
0.662
0.153681
0.306198
0.467901
0.302875
0.611211
0.662
0.662
0.281865
0.206842
0.662
0.125891
0.177167
0.322071
0.662
0.0487533
0.662
0.662
0.662
0.434926
0.662
0.31299
0.255951
0.659873
0.628114
0.195987
0.204574
0.662
0.205795
0.236793
0.202017
0.211963
0.0188747
0.662
0.662
0.0748143
0.17348
0.662
0.662
0.662
0.608859
0.140376
0.662
0.662
0.662
0.192659
0.380154
0.0643137
0.304802
0.0503177
0.150752
0.31673
0.0466903
0.58783
0.662
0.29239
0.662
0.0904345
0.33141
0.662
0.208217
0.662
0.662
0.147211
0.282177
0.219699
0.662
0.662
0.441203
0.637553
0.505189
0.662
0.523309
0.0799401
0.305351
0.662
0.205491
0.239705
0.662
0.227473
0.0168497
0.662
0.502866
0.56787
0.528047
0.662
0.463982
0.381886
0.351093
0.662
0.662
0.102203
0.27213
0.662
0.354498
0.407138
0.662
0.662
0.201114
0.662
0.662
0.435927
0.662
0.662
0.516902
0.057281
0.662
0.161672
0.662
0.116582
0.278377
0.149725
0.662
0.662
0.662
0.662
0.578873
0.662
0.662
0.308333
0.230081
0.662
0.662
0.361188
0.662
0.469855
0.0764172
0.0979931
0.264075
0.061738
0.0345463
0.662
0.0847041
0.575865
0.662
0.662
0.210548
0.662
0.662
0.478379
0.136005
0.662
0.20236
0.662
0.260726
0.411593
0.662
0.0237424
0.336094
0.298882
0.662
0.165852
0.0617504
0.465984
0.399658
0.662
0.662
0.0374632
0.321802
0.662
0.282594
0.335551
0.493362
0.394784
0.662
0.0942143
0.526299
0.662
0.156902
0.662
0.234974
0.662
0.245331
0.248753
0.184554
0.20063
0.662
0.662
0.124672
0.662
0.662
0.189315
0.4598
0.662
0.662
0.367106
0.174393
0.0927464
0.662
0.136383
0.216458
0.662
0.479907
0.0957102
0.662
0.473383
0.662
0.646737
0.150946
0.400035
0.358931
0.662
0.467159
0.25045
0.109396
0.593152
0.0380744
0.636038
0.187044
0.662
0.291259
0.249112
0.21093
0.495953
0.662
0.662
0.662
0.662
0.0457224
0.662
0.482352
0.514189
0.326789
0.662
0.662
0.0183539
0.458524
0.262066
0.570536
0.264063
0.662
0.120455
0.662
0.49454
0.318521
0.662
0.121637
0.0459863
0.247947
0.662
0.205548
0.662
0.662
0.198374
0.408907
0.175524
0.662
0.662
0.0643315
0.662
0.662
0.346326
0.173399
0.0483305
0.662
0.662
0.434443
0.662
0.469959
0.234124
0.662
0.569523
0.662
0.233403
0.276496
0.457164
0.358356
0.662
0.392789
0.483319
0.434742
0.662
0.662
0.185262
0.440126
0.140958
0.662
0.662
0.263412
0.359935
0.264888
0.662
0.226845
0.317445
0.300307
0.340661
0.662
0.259478
0.551881
0.187289
0.662
0.662
0.217982
0.662
0.662
0.662
0.424864
0.21234
0.662
0.144146
0.0479251
0.662
0.144973
0.184785
0.0894033
0.0425728
0.569003
0.0851413
0.662
0.662
0.399728
0.0481138
0.192991
0.34513
0.662
0.0216266
0.662
0.108642
0.347076
0.021605
0.138012
0.224423
0.662
0.0167026
0.47302
0.0269471
0.662
0.662
0.662
0.413271
0.459406
0.122273
0.662
0.662
0.662
0.132269
0.202373
0.662
0.662
0.20609
0.662
0.191651
0.662
0.478527
0.466139
0.471201
0.12491
0.194651
0.360552
0.662
0.2517
0.160549
0.662
0.208235
0.048547
0.662
0.662
0.567806
0.230119
0.662
0.149373
0.173236
0.213086
0.662
0.0553094
0.0892967
0.662
0.306469
0.383958
0.662
0.662
0.641119
0.0162581
0.31958
0.662
0.050193
0.0427177
0.662
0.143993
0.118007
0.662
0.0880879
0.662
0.411434
0.662
0.185226
0.662
0.10721
0.202782
0.662
0.145829
0.181879
0.662
0.553347
0.662
0.429831
0.143929
0.250938
0.225885
0.255854
0.243199
0.662
0.404161
0.629706
0.662
0.291753
0.662
0.662
0.115916
0.662
0.444301
0.373012
0.662
0.293225
0.662
0.571042
0.662
0.662
0.48157
0.662
0.312865
0.247321
0.662
0.662
0.293724
0.662
0.1521
0.662
0.662
0.0117898
0.662
0.0189558
0.662
0.195395
0.362572
0.385063
0.662
0.662
0.49436
0.391251
0.158774
0.136157
0.662
0.0839936
0.662
0.0923372
0.662
0.487569
0.0299879
0.662
0.068445
0.36187
0.00436257
0.178493
0.00389391
0.370672
0.662
0.662
0.349427
0.413444
0.138786
0.662
0.662
0.170789
0.662
0.251545
0.662
0.258274
0.124237
0.662
0.576171
0.662
0.662
0.560499
0.617631
0.604858
0.183141
0.662
0.662
0.334321
0.662
0.662
0.662
0.469937
0.662
0.58909
0.344273
0.110557
0.662
0.662
0.662
0.662
0.662
0.662
0.253331
0.388412
0.662
0.662
0.186351
0.395219
0.662
0.132488
0.069976
0.662
0.157565
0.644002
0.582109
0.511878
0.487001
0.25155
0.234486
0.662
0.217877
0.662
0.662
0.507645
0.457466
0.505158
0.662
0.290315
0.228876
0.335509
0.0404599
0.662
0.524511
0.620593
0.631036
0.260238
0.172392
0.456932
0.662
0.0876752
0.342498
0.165893
0.542055
0.662
0.662
0.205085
0.662
0.662
0.662
0.662
0.286065
0.662
0.184626
0.430917
0.416988
0.408246
0.113563
0.410892
0.183901
0.412984
0.662
0.0330486
0.199636
0.662
0.109112
0.329091
0.212432
0.215746
0.12814
0.246195
0.210424
0.662
0.177526
0.235135
0.607779
0.311885
0.345286
0.662
0.405762
0.20978
0.662
0.662
0.158858
0.0238419
0.0247188
0.0932632
0.512464
0.23818
0.193746
0.662
0.0985283
0.662
0.662
0.53092
0.662
0.0316685
0.558807
0.662
0.662
0.662
0.190315
0.0651362
0.298133
0.662
0.179673
0.662
0.269342
0.662
0.662
0.310974
0.0794752
0.662
0.662
0.511129
0.223508
0.13684
0.662
0.399127
0.421614
0.662
0.133287
0.581566
0.662
0.486689
0.19591
0.662
0.662
0.662
0.662
0.04309
0.297215
0.662
0.368557
0.642147
0.623789
0.100103
0.364692
0.662
0.0107806
0.428649
0.662
0.662
0.662
0.0896487
0.134625
0.662
0.00849308
0.662
0.346106
0.662
0.23899
0.662
0.662
0.662
0.662
0.259058
0.117467
0.662
0.459329
0.277564
0.311012
0.252504
0.000631339
0.208782
0.662
0.281079
0.507203
0.23041
0.266594
0.662
0.40655
0.154636
0.434663
0.662
0.662
0.662
0.662
0.429438
0.212539
0.662
0.10029
0.662
0.024898
0.662
0.28798
0.662
0.662
0.662
0.662
0.142987
0.0809448
0.472163
0.377055
0.662
0.662
0.662
0.0904168
0.274651
0.00416789
0.138822
0.662
0.662
0.309851
0.662
0.2855
0.283786
0.574216
0.662
0.156756
0.662
0.470483
0.662
0.662
0.662
0.662
0.662
0.2455
0.209182
0.662
0.395784
0.662
0.00755839
0.152901
0.662
0.180812
0.662
0.662
0.662
0.467976
0.211757
0.233044
0.483088
0.662
0.662
0.180382
0.221352
0.279921
0.574562
0.662
0.662
0.662
0.037274
0.203478
0.662
0.64549
0.662
0.662
0.095912
0.662
0.546715
0.662
0.662
0.633391
0.299532
0.192569
0.350618
0.214269
0.251366
0.662
0.662
0.0703752
0.475256
0.190145
0.662
0.204692
0.662
0.426941
0.662
0.11873
0.662
0.662
0.0490366
0.329437
0.662
0.662
0.377493
0.662
0.366697
0.201406
0.0652402
0.433943
0.300654
0.662
0.166623
0.662
0.0463517
0.443016
0.131965
0.662
0.295075
0.662
0.387454
0.157626
0.336661
0.662
0.162496
0.300728
0.166465
0.235957
0.662
0.662
0.662
0.64259
0.254457
0.662
0.662
0.192085
0.662
0.403953
0.662
0.152893
0.662
0.662
0.662
0.321208
0.129071
0.0388073
0.0626089
0.662
0.647652
0.662
0.165256
0.662
0.222828
0.662
0.464578
0.440718
0.626173
0.662
0.662
0.662
0.0721337
0.315899
0.351032
0.409569
0.153207
0.186272
0.662
0.662
0.662
0.662
0.662
0.033286
0.662
0.54332
0.133958
0.662
0.662
0.490835
0.662
0.550523
0.20833
0.193478
0.40975
0.439914
0.0397469
0.437366
0.242022
0.358854
0.662
0.662
0.378168
0.0764852
0.426124
0.662
0.228284
0.662
0.662
0.320904
0.662
0.352111
0.662
0.662
0.190718
0.662
0.147518
0.662
0.340976
0.662
0.0790654
0.662
0.172885
0.139061
0.134738
0.662
0.352672
0.432923
0.443153
0.275003
0.127255
0.08105
0.662
0.662
0.662
0.398467
0.239461
0.470679
0.662
0.179421
0.0902159
0.662
0.662
0.662
0.651567
0.662
0.662
0.214312
0.662
0.174384
0.467956
0.353035
0.16249
0.158051
0.378797
0.220952
0.514286
0.662
0.626519
0.662
0.662
0.189827
0.662
0.347223
0.374076
0.483133
0.289384
0.381262
0.39439
0.0440327
0.662
0.140733
0.662
0.662
0.662
0.319224
0.662
0.263388
0.304206
0.125641
0.662
0.0195254
0.662
0.458188
0.662
0.194388
0.662
0.0193779
0.470848
0.261887
0.0557868
0.662
0.545335
0.403697
0.443982
0.243079
0.107003
0.189256
0.0241887
0.107177
0.662
0.20951
0.520459
0.193364
0.662
0.662
0.416908
0.563565
0.662
0.151511
0.608212
0.511742
0.662
0.0988079
0.662
0.662
0.446887
0.564907
0.662
0.662
0.662
0.45956
0.324961
0.284665
0.662
0.200654
0.0806294
0.662
0.0016214
0.228951
0.221214
0.0583086
0.107988
0.662
0.298724
0.662
0.61029
0.662
0.19299
0.662
0.341358
0.185845
0.662
0.146899
0.133335
0.0370035
0.189767
0.662
0.662
0.662
0.203574
0.662
0.115266
0.434733
0.36784
0.523598
0.213193
0.649126
0.371569
0.662
0.662
0.538466
0.662
0.466448
0.662
0.592517
0.204052
0.0199007
0.440876
0.371136
0.662
0.242548
0.208361
0.395196
0.662
0.662
0.662
0.662
0.662
0.191993
0.380972
0.252736
0.662
0.662
0.270349
0.662
0.662
0.662
0.662
0.256695
0.030347
0.662
0.662
0.662
0.662
0.250943
0.662
0.21317
0.136373
0.488002
0.662
0.26073
0.662
0.518753
0.431486
0.462642
0.609191
0.65012
0.0411331
0.140484
0.167328
0.208301
0.44591
0.204305
0.362163
0.535796
0.662
0.338562
0.662
0.662
0.393648
0.662
0.514532
0.012718
0.450506
0.662
0.197013
0.195641
0.0213523
0.262698
0.220087
0.220109
0.662
0.17218
0.186681
0.386015
0.2765
0.451948
0.208717
0.662
0.24201
0.278454
0.621784
0.186869
0.195012
0.662
0.188975
0.34183
0.662
0.231754
0.302512
0.0317753
0.031745
0.175776
0.479179
0.162651
0.308307
0.662
0.662
0.662
0.662
0.302265
0.207917
0.662
0.662
0.662
0.634544
0.0786023
0.662
0.449211
0.375902
0.29746
0.150619
0.0768607
0.662
0.24199
0.662
0.186645
0.358651
0.541759
0.662
0.662
0.162333
0.0560441
0.633256
0.662
0.13524
0.101031
0.328605
0.662
0.157471
0.662
0.662
0.423146
0.662
0.536859
0.231475
0.139355
0.369812
0.662
0.276293
0.23209
0.336712
0.662
0.263775
0.0200174
0.662
0.103586
0.225817
0.662
0.603002
0.662
0.159086
0.370335
0.363153
0.0764517
0.662
0.662
0.485352
0.662
0.369911
0.183159
0.185136
0.662
0.662
0.534655
0.662
0.662
0.327397
0.662
0.360742
0.662
0.435207
0.394183
0.10875
0.662
0.0453792
0.0855097
0.662
0.292708
0.104408
0.188815
0.0524195
0.286904
0.126089
0.662
0.0907885
0.662
0.260083
0.281564
0.32728
0.623477
0.662
0.299089
0.662
0.157988
0.662
0.662
0.385702
0.662
0.662
0.662
0.662
0.662
0.662
0.662
0.276287
0.236558
0.404975
0.200791
0.662
0.13175
0.44466
0.432155
0.229502
0.0875417
0.24904
0.397491
0.199528
0.311642
0.662
0.138311
0.662
0.138242
0.567201
0.662
0.662
0.662
0.662
0.662
0.662
0.319929
0.562191
0.223732
0.509425
0.662
0.662
0.662
0.662
0.360412
0.212412
0.625032
0.662
0.327882
0.191685
0.415406
0.662
0.328289
0.662
0.662
0.415054
0.662
0.662
0.194292
0.112694
0.317303
0.483724
0.0583656
0.173363
0.662
0.332159
0.589795
0.662
0.365322
0.000474128
0.0817598
0.389163
0.424511
0.168301
0.662
0.245986
0.0556038
0.462519
0.198832
0.44267
0.143802
0.662
0.662
0.662
0.114497
0.245085
0.614977
0.160982
0.662
0.662
0.461188
0.370011
0.109049
0.662
0.140052
0.662
0.662
0.662
0.465481
0.182471
0.662
0.428532
0.471691
0.662
0.0325123
0.267826
0.662
0.207635
0.662
0.662
0.662
0.137789
0.662
0.662
0.404254
0.436183
0.00503904
0.662
0.662
0.36776
0.282056
0.398355
0.285547
0.662
0.109398
0.296439
0.662
0.388384
0.20274
0.333905
0.00839167
0.135806
0.190357
0.559812
0.141251
0.216808
0.00340863
0.381135
0.172403
0.319507
0.043621
0.662
0.426618
0.00536452
0.108575
0.522316
0.0421553
0.333972
0.662
0.625921
0.575131
0.662
0.166476
0.083007
0.174859
0.177363
0.281972
0.322777
0.662
0.662
0.662
0.337651
0.215227
0.0428747
0.662
0.117292
0.662
0.136374
0.0155821
0.591511
0.16438
0.662
0.662
0.421537
0.662
0.170095
0.418618
0.662
0.37905
0.662
0.662
0.662
0.662
0.662
0.208043
0.253059
0.662
0.633971
0.519838
0.266627
0.662
0.250302
0.662
0.327797
0.662
0.662
0.432137
0.662
0.0226601
0.662
0.454229
0.29493
0.067825
0.270461
0.426672
0.383195
0.662
0.345182
0.662
0.662
0.393909
0.0376428
0.452717
0.459124
0.16446
0.109527
0.205665
0.662
0.256954
0.662
0.651167
0.662
0.61066
0.389422
0.145631
0.662
0.103903
0.472004
0.114732
0.662
0.401511
0.503454
0.191415
0.179168
0.662
0.418183
0.662
0.641357
0.195909
0.0968351
0.662
0.619639
0.223886
0.662
0.0623643
0.435934
0.662
0.662
0.662
0.662
0.217067
0.253098
0.267082
0.662
0.518386
0.18609
0.523543
0.0345451
0.0697865
0.185633
0.349723
0.662
0.241351
0.186772
0.662
0.271614
0.662
0.226162
0.195151
0.662
0.432983
0.172346
0.354624
0.662
0.460939
0.662
0.10605
0.662
0.216735
0.662
0.580802
0.194005
0.662
0.167344
0.10067
0.501654
0.247846
0.662
0.27219
0.259971
0.327872
0.662
0.298993
0.545226
0.308662
0.662
0.662
0.662
0.0367254
0.256523
0.172237
0.360407
0.662
0.662
0.0734604
0.161554
0.118431
0.152261
0.287362
0.662
0.179698
0.662
0.286278
0.464268
0.572582
0.662
0.662
0.662
0.233104
0.342822
0.316085
0.662
0.662
0.0768098
0.662
0.662
0.662
0.662
0.439268
0.662
0.105701
0.379368
0.320758
0.441698
0.254567
0.14451
0.210465
0.107031
0.662
0.262233
0.271026
0.454884
0.312297
0.234945
0.467869
0.662
0.662
0.445557
0.18921
0.662
0.662
0.662
0.662
0.359754
0.354706
0.662
0.281852
0.405956
0.662
0.662
0.197635
0.371234
0.333147
0.633391
0.476543
0.409746
0.662
0.319343
0.662
0.238531
0.201855
0.449172
0.662
0.408332
0.33106
0.170212
0.25374
0.246008
0.0729016
0.272759
0.662
0.204539
0.0637287
0.662
0.633925
0.662
0.284214
0.323728
0.662
0.662
0.335641
0.662
0.149871
0.112627
0.464036
0.637397
0.361993
0.464238
0.375611
0.033305
0.662
0.208596
0.662
0.259906
0.662
0.272104
0.22123
0.489204
0.432425
0.487172
0.418907
0.358927
0.495972
0.662
0.662
0.311382
0.353487
0.0324834
0.662
0.662
0.286352
0.662
0.536419
0.445634
0.662
0.13481
0.52991
0.189753
0.390668
0.309285
0.350811
0.662
0.108925
0.0197244
0.0198326
0.662
0.117516
0.662
0.240334
0.662
0.662
0.214997
0.320355
0.662
0.197002
0.351112
0.431965
0.662
0.276452
0.662
0.0339695
0.662
0.662
0.534198
0.261243
0.662
0.355497
0.662
0.00991233
0.151276
0.273644
0.0741576
0.662
0.662
0.662
0.266519
0.662
0.614214
0.662
0.123781
0.329478
0.662
0.0827792
0.2698
0.436422
0.32237
0.031694
0.0111775
0.38467
0.0967526
0.215193
0.239297
0.662
0.633694
0.576175
0.662
0.662
0.662
0.125105
0.662
0.662
0.127672
0.350703
0.662
0.188884
0.239116
0.00394755
0.25389
0.190849
0.427187
0.662
0.258847
0.336828
0.122566
0.662
0.341969
0.533249
0.0459061
0.662
0.662
0.267773
0.662
0.234369
0.662
0.577994
0.662
0.0656264
0.662
0.20493
0.267856
0.662
0.662
0.551467
0.662
0.662
0.507845
0.154813
0.662
0.46751
0.261272
0.575336
0.253904
0.364814
0.662
0.196828
0.321701
0.662
0.150587
0.204586
0.170811
0.0182417
0.662
0.40965
0.442335
0.14434
0.29629
0.00786214
0.455798
0.117511
0.181249
0.424635
0.662
0.662
0.348948
0.175266
0.187212
0.662
0.662
0.327165
0.431966
0.662
0.662
0.0806413
0.204666
0.662
0.662
0.662
0.662
0.114696
0.662
0.662
0.613217
0.161971
0.0611807
0.662
0.398976
0.131802
0.109994
0.662
0.662
0.352913
0.413906
0.662
0.177599
0.374779
0.287913
0.662
0.200272
0.273442
0.662
0.291242
0.662
0.662
0.662
0.53436
0.305272
0.662
0.134652
0.422852
0.560853
0.573121
0.273614
0.579889
0.662
0.662
0.662
0.366024
0.662
0.11218
0.0779285
0.292469
0.662
0.326053
0.103337
0.188666
0.0467307
0.662
0.662
0.10693
0.151868
0.181962
0.559261
0.297802
0.100744
0.662
0.303133
0.662
0.662
0.352797
0.662
0.166474
0.157456
0.662
0.168482
0.662
0.662
0.474383
0.0573271
0.214389
0.178657
0.662
0.467911
0.662
0.199077
0.422236
0.329157
0.372775
0.662
0.181472
0.662
0.00829245
0.310607
0.301935
0.0902609
0.0927983
0.230201
0.662
0.293777
0.414606
0.551328
0.483372
0.229212
0.0233411
0.146255
0.17245
0.662
0.662
0.113397
0.574855
0.275598
0.662
0.34494
0.662
0.637605
0.662
0.662
0.135053
0.662
0.434698
0.130469
0.453363
0.662
0.662
0.456664
0.233231
0.517981
0.662
0.182938
0.186168
0.0152826
0.25255
0.420618
0.155534
0.561448
0.662
0.221683
0.662
0.196582
0.662
0.611432
0.166072
0.662
0.000149064
0.662
0.147097
0.193955
0.490361
0.620157
0.165472
0.601447
0.380753
0.170535
0.662
0.0663173
0.124446
0.662
0.315612
0.662
0.396422
0.102041
0.350284
0.0491763
0.243891
0.662
0.253965
0.28199
0.662
0.662
0.662
0.0906965
0.34281
0.472364
0.333562
0.423002
0.34368
0.662
0.250016
0.662
0.662
0.349104
0.310495
0.630598
0.215791
0.610426
0.410955
0.662
0.662
0.196532
0.334136
0.462013
0.18282
0.324273
0.662
0.662
0.401634
0.662
0.0393456
0.662
0.662
0.662
0.309475
0.472612
0.0172797
0.453096
0.21098
0.189215
0.347431
0.199762
0.662
0.662
0.113847
0.662
0.143677
0.0149691
0.662
0.290201
0.662
0.662
0.417537
0.0740374
0.455842
0.180875
0.056463
0.662
0.662
0.330616
0.390064
0.455344
0.662
0.258905
0.662
0.205963
0.389847
0.662
0.161158
0.0643013
0.450465
0.374737
0.662
0.662
0.0461611
0.00509634
0.463312
0.662
0.662
0.209672
0.580536
0.662
0.0782962
0.662
0.424293
0.155423
0.381476
0.128653
0.476871
0.662
0.326846
0.471267
0.650315
0.354751
0.212699
0.258105
0.662
0.421618
0.662
0.00993508
0.500486
0.662
0.41366
0.381769
0.0616532
0.662
0.165185
0.581762
0.662
0.433791
0.44021
0.450207
0.244428
0.244704
0.511445
0.301712
0.419115
0.662
0.435285
0.227121
0.203064
0.0635403
0.00825919
0.41034
0.164989
0.0443131
0.269657
0.602876
0.662
0.280177
0.115146
0.2119
0.662
0.335928
0.662
0.662
0.575944
0.662
0.662
0.535136
0.298672
0.662
0.251378
0.186583
0.441486
0.662
0.22819
0.175049
0.407515
0.662
0.448141
0.662
0.396366
0.602479
0.662
0.235274
0.662
0.4595
0.398679
0.662
0.425961
0.188307
0.304743
0.0806479
0.378603
0.267687
0.574732
0.47003
0.662
0.278843
0.662
0.382837
0.662
0.662
0.662
0.401282
0.365734
0.19941
0.299421
0.662
0.167562
0.266145
0.301758
0.348383
0.461348
0.00940322
0.603186
0.19667
0.10071
0.24317
0.0694183
0.204428
0.662
0.442244
0.157687
0.662
0.529267
0.357781
0.662
0.662
0.662
0.662
0.00936922
0.662
0.662
0.463796
0.288735
0.014309
0.347329
0.662
0.13715
0.186327
0.662
0.662
0.185653
0.662
0.662
0.14314
0.101717
0.365156
0.381718
0.00665343
0.0793882
0.357693
0.0945512
0.240816
0.321262
0.662
0.662
0.29015
0.662
0.616879
0.261083
0.662
0.459463
0.662
0.662
0.155191
0.662
0.0878131
0.194216
0.319881
0.15319
0.662
0.194188
0.503259
0.319491
0.282654
0.0240522
0.322003
0.347744
0.19057
0.53154
0.235585
0.236278
0.421184
0.662
0.662
0.387753
0.103031
0.662
0.328696
0.304611
0.376262
0.305303
0.305961
0.0283415
0.662
0.662
0.359247
0.662
0.385544
0.662
0.662
0.555849
0.276214
0.662
0.662
0.317953
0.662
0.394162
0.643934
0.662
0.437945
0.162294
0.662
0.662
0.662
0.597187
0.403522
0.192747
0.662
0.662
0.4549
0.662
0.662
0.662
0.166435
0.390124
0.662
0.0133551
0.196906
0.387986
0.438069
0.413739
0.662
0.244069
0.429609
0.55656
0.662
0.158133
0.223844
0.167262
0.662
0.662
0.355091
0.190138
0.177831
0.662
0.662
0.577869
0.662
0.484923
0.662
0.662
0.662
0.281668
0.194386
0.662
0.662
0.461527
0.662
0.227844
0.662
0.0890319
0.662
0.51081
0.0730634
0.46797
0.0397501
0.662
0.662
0.365691
0.429044
0.33716
0.0243791
0.662
0.662
0.469802
0.120582
0.434645
0.0164689
0.62049
0.148813
0.662
0.662
0.144668
0.194927
0.0621396
0.0126543
0.0343562
0.164784
0.203142
0.662
0.197251
0.662
0.0144822
0.662
0.662
0.662
0.059044
0.662
0.662
0.662
0.167772
0.495006
0.662
0.449257
0.176137
0.0133661
0.303218
0.268053
0.662
0.528175
0.568877
0.662
0.419718
0.214018
0.662
0.306647
0.240701
0.662
0.120313
0.299265
0.361244
0.303814
0.662
0.265666
0.604781
0.662
0.397095
0.196035
0.662
0.07283
0.132279
0.37308
0.13407
0.440938
0.291839
0.237707
0.324788
0.46699
0.16789
0.23422
0.662
0.662
0.662
0.00845632
0.598176
0.135805
0.662
0.326185
0.458052
0.245547
0.123023
0.368555
0.662
0.662
0.266928
0.0657979
0.662
0.662
0.662
0.38283
0.570256
0.662
0.658055
0.202514
0.226935
0.662
0.662
0.179818
0.662
0.256501
0.662
0.662
0.662
0.662
0.662
0.149477
0.662
0.662
0.662
0.662
0.211343
0.458543
0.413631
0.518791
0.19573
0.45404
0.462203
0.662
0.10293
0.662
0.467091
0.47599
0.205082
0.662
0.662
0.20263
0.662
0.129117
0.156133
0.662
0.372951
0.662
0.662
0.662
0.447419
0.204005
0.662
0.217502
0.462305
0.0816979
0.0423154
0.662
0.418368
0.137329
0.662
0.421511
0.486001
0.148554
0.662
0.272005
0.153069
0.457794
0.300532
0.662
0.436142
0.210733
0.662
0.662
0.390104
0.662
0.662
0.512132
0.662
0.202967
0.622818
0.662
0.172592
0.40076
0.662
0.51221
0.662
0.662
0.171056
0.258039
0.662
0.296301
0.662
0.662
0.509712
0.139571
0.264374
0.662
0.258932
0.662
0.265343
0.0544765
0.334226
0.662
0.0123725
0.0433952
0.234274
0.129023
0.429241
0.399513
0.662
0.383097
0.260727
0.662
0.150298
0.311985
0.182688
0.662
0.155824
0.556977
0.636505
0.0829729
0.662
0.360433
0.548246
0.662
0.384692
0.662
0.662
0.305242
0.431575
0.662
0.662
0.197844
0.322457
0.662
0.281036
0.308638
0.213533
0.329252
0.276885
0.149757
0.662
0.0381757
0.662
0.650545
0.662
0.662
0.662
0.303929
0.662
0.389921
0.411469
0.246187
0.388493
0.662
0.120396
0.662
0.397597
0.217676
0.662
0.426004
0.139795
0.248079
0.157322
0.253966
0.198262
0.203891
0.193992
0.285416
0.0853315
0.029909
0.498985
0.0379374
0.42913
0.356792
0.461477
0.282084
0.662
0.117425
0.269835
0.385961
0.662
0.662
0.662
0.215794
0.381477
0.662
0.662
0.453681
0.662
0.352721
0.234165
0.10806
0.662
0.412648
0.174443
0.231854
0.0931464
0.642734
0.252608
0.19364
0.217433
0.662
0.662
0.268723
0.047726
0.436521
0.249473
0.161433
0.662
0.662
0.303881
0.454784
0.468121
0.0968837
0.376304
0.238123
0.378636
0.523259
0.451835
0.662
0.236592
0.662
0.662
0.138451
0.662
0.0602128
0.0253647
0.662
0.394665
0.662
0.662
0.227954
0.181335
0.266195
0.642269
0.662
0.196644
0.136298
0.122339
0.398278
0.662
0.662
0.662
0.662
0.224346
0.662
0.155915
0.662
0.131874
0.333149
0.13532
0.662
0.206305
0.475444
0.0910389
0.662
0.662
0.115134
0.585025
0.662
0.158176
0.605973
0.386539
0.385683
0.0268744
0.662
0.386245
0.255686
0.155285
0.445168
0.0978161
0.573142
0.662
0.662
0.662
0.292362
0.662
0.662
0.350467
0.662
0.47144
0.662
0.22191
0.206325
0.147386
0.662
0.570478
0.662
0.662
0.146919
0.390086
0.662
0.339184
0.662
0.662
0.1061
0.662
0.662
0.662
0.435878
0.186779
0.662
0.662
0.0421532
0.336136
0.407838
0.160338
0.487159
0.120295
0.130253
0.022054
0.625654
0.0307193
0.391456
0.119132
0.426135
0.662
0.00465725
0.278699
0.65778
0.413676
0.464998
0.44405
0.392408
0.662
0.0995072
0.662
0.389806
0.662
0.228782
0.351833
0.121439
0.336872
0.274183
0.189136
0.662
0.194178
0.237983
0.662
0.373506
0.455354
0.199997
0.662
0.662
0.157539
0.662
0.452392
0.231602
0.467754
0.381016
0.0373776
0.198819
0.316323
0.662
0.662
0.129803
0.662
0.662
0.662
0.662
0.0942919
0.0850962
0.453211
0.273375
0.662
0.662
0.390872
0.22072
0.210854
0.662
0.0129332
0.0766135
0.662
0.559165
0.231414
0.662
0.151911
0.149996
0.662
0.626749
0.662
0.243761
0.662
0.59126
0.662
0.662
0.120652
0.430002
0.662
0.307925
0.153886
0.662
0.422705
0.662
0.662
0.592632
0.0613599
0.383505
0.133743
0.281027
0.662
0.662
0.662
0.249456
0.662
0.488082
0.662
0.334846
0.259935
0.198611
0.0291047
0.254918
0.208196
0.662
0.662
0.0282484
0.448063
0.662
0.605096
0.118889
0.662
0.230261
0.662
0.662
0.643395
0.662
0.662
0.193744
0.662
0.662
0.407654
0.662
0.662
0.342893
0.192107
0.662
0.662
0.221537
0.214989
0.662
0.12182
0.114848
0.662
0.307316
0.662
0.190544
0.122254
0.23248
0.201861
0.428978
0.0641444
0.662
0.377125
0.277446
0.501072
0.118992
0.13
0.261927
0.662
0.193419
0.662
0.662
0.511281
0.125284
0.662
0.546585
0.662
0.056146
0.464776
0.501012
0.232734
0.662
0.455156
0.0464715
0.239477
0.662
0.499588
0.662
0.371729
0.662
0.662
0.138597
0.662
0.391499
0.662
0.662
0.245105
0.662
0.301925
0.662
0.00648347
0.229303
0.662
0.662
0.662
0.499877
0.30291
0.214599
0.136351
0.662
0.173618
0.662
0.662
0.21991
0.141841
0.129836
0.146396
0.186848
0.409554
0.298208
0.662
0.592328
0.209366
0.102032
0.57759
0.662
0.614515
0.662
0.426321
0.662
0.662
0.599974
0.662
0.130154
0.176395
0.662
0.0187118
0.662
0.35855
0.662
0.662
0.455562
0.156159
0.662
0.190746
0.662
0.02897
0.662
0.0170982
0.245334
0.402011
0.542292
0.431545
0.0123104
0.433825
0.404246
0.343283
0.282559
0.271314
0.28679
0.250723
0.662
0.662
0.39486
0.485871
0.302816
0.128366
0.345359
0.148847
0.175603
0.662
0.662
0.14846
0.177302
0.34923
0.433917
0.388427
0.420298
0.100789
0.662
0.320844
0.449044
0.0867167
0.662
0.185548
0.19008
0.662
0.662
0.332376
0.222092
0.662
0.318486
0.0227781
0.0844772
0.266666
0.442799
0.223715
0.153889
0.223727
0.377925
0.662
0.269755
0.662
0.00450361
0.0587246
0.662
0.662
0.662
0.295668
0.640128
0.468735
0.662
0.662
0.662
0.200842
0.615454
0.662
0.316829
0.662
0.144432
0.662
0.453918
0.00359406
0.0135093
0.383531
0.662
0.197717
0.291012
0.465213
0.662
0.12892
0.289507
0.662
0.662
0.0207504
0.662
0.133181
0.345067
0.319066
0.298056
0.133545
0.36771
0.191348
0.33279
0.39317
0.662
0.35895
0.662
0.446255
0.426949
0.477101
0.429318
0.053314
0.475195
0.453403
0.662
0.231497
0.662
0.227305
0.662
0.662
0.436022
0.347966
0.206194
0.320508
0.662
0.662
0.662
0.662
0.662
0.230515
0.140747
0.662
0.198877
0.219264
0.448072
0.626858
0.662
0.292251
0.638284
0.0825419
0.662
0.0783671
0.662
0.0233353
0.162389
0.662
0.133408
0.662
0.000480457
0.426879
0.662
0.662
0.00577349
0.00737794
0.204894
0.172941
0.148183
0.037431
0.662
0.662
0.188851
0.367885
0.662
0.261357
0.158607
0.662
0.662
0.399128
0.0715596
0.338967
0.12347
0.192562
0.662
0.449138
0.662
0.662
0.662
0.0805699
0.662
0.662
0.662
0.41701
0.187757
0.662
0.155542
0.0322207
0.248559
0.132468
0.169796
0.662
0.237664
0.37045
0.0938581
0.662
0.153385
0.383844
0.0140252
0.0847753
0.227852
0.372981
0.123562
0.662
0.0811653
0.384502
0.420153
0.191241
0.170469
0.662
0.161138
0.556334
0.60287
0.101674
0.275297
0.662
0.662
0.457446
0.415223
0.662
0.303149
0.0287319
0.208634
0.175783
0.662
0.301963
0.193229
0.662
0.662
0.469168
0.300301
0.154994
0.025667
0.213955
0.0755168
0.304637
0.662
0.195954
0.633694
0.034829
0.662
0.199881
0.165379
0.342165
0.230871
0.186708
0.0792605
0.662
0.662
0.280754
0.301387
0.662
0.185845
0.375652
0.662
0.483632
0.662
0.011641
0.662
0.170261
0.198378
0.183012
0.560955
0.0512772
0.662
0.20036
0.286259
0.662
0.349286
0.466931
0.277871
0.662
0.662
0.662
0.208613
0.205139
0.202008
0.226546
0.662
0.662
0.662
0.662
0.459364
0.662
0.249486
0.24535
0.214375
0.662
0.662
0.0545674
0.151733
0.662
0.662
0.309591
0.662
0.101949
0.255188
0.493177
0.289184
0.162327
0.662
0.662
0.218121
0.662
0.662
0.662
0.662
0.662
0.333469
0.662
0.211496
0.349294
0.449696
0.48643
0.477237
0.23846
0.662
0.229991
0.337489
0.0269246
0.662
0.224397
0.0559384
0.217827
0.102623
0.662
0.0574746
0.0467387
0.662
0.662
0.168727
0.662
0.662
0.10208
0.662
0.0663036
0.336633
0.560559
0.213894
0.662
0.196593
0.329102
0.662
0.0120646
0.662
0.662
0.190877
0.327845
0.318243
0.0376216
0.662
0.662
0.185999
0.662
0.662
0.662
0.662
0.173118
0.662
0.361164
0.662
0.662
0.662
0.411892
0.662
0.389546
0.191633
0.103178
0.163767
0.206404
0.662
0.662
0.284975
0.662
0.118302
0.378786
0.28765
0.662
0.111509
0.662
0.31037
0.275555
0.435586
0.294974
0.306201
0.160994
0.13151
0.469345
0.662
0.202654
0.662
0.543089
0.151984
0.345403
0.238784
0.662
0.217824
0.121003
0.662
