0.319965
0.262302
0.662
0.36959
0.091944
0.662
0.662
0.338711
0.662
0.0115534
0.112276
0.662
0.662
0.568765
0.662
0.662
0.334587
0.662
0.662
0.440312
0.662
0.417054
0.356692
0.189851
0.662
0.662
0.629133
0.662
0.662
0.213148
0.662
0.50325
0.471709
0.558049
0.215133
0.662
0.0642753
0.22436
0.662
0.662
0.600894
0.662
0.368921
0.662
0.662
0.0564865
0.626784
0.638944
0.662
0.459815
0.324243
0.662
0.526343
0.0315034
0.314844
0.220189
0.302807
0.662
0.436895
0.196883
0.00604369
0.662
0.662
0.103504
0.126628
0.364594
0.662
0.244253
0.662
0.00675111
0.662
0.662
0.565262
0.374029
0.354546
0.00964761
0.568744
0.662
0.137962
0.662
0.36137
0.622736
0.662
0.662
0.662
0.376379
0.308773
0.662
0.662
0.662
0.617175
0.464046
0.483639
0.290814
0.662
0.662
0.14649
0.254749
0.163609
0.662
0.662
0.662
0.389036
0.662
0.472105
0.640258
0.662
0.40777
0.255849
0.234693
0.252712
0.656014
0.0721469
0.380822
0.545975
0.133576
0.26178
0.191055
0.642382
0.662
0.420342
0.574546
0.295868
0.513811
0.0924174
0.662
0.371881
0.662
0.223624
0.662
0.442814
0.315483
0.662
0.100589
0.273302
0.662
0.662
0.662
0.662
0.641549
0.662
0.662
0.162484
0.440688
0.662
0.662
0.464051
0.631398
0.264702
0.341199
0.57027
0.327722
0.662
0.662
0.388642
0.662
0.191269
0.662
0.0562287
0.652652
0.425545
0.662
0.491884
0.662
0.662
0.389507
0.662
0.0115261
0.190939
0.287891
0.662
0.245599
0.437365
0.205867
0.220887
0.440343
0.607435
0.662
0.645019
0.662
0.389833
0.376319
0.118248
0.41149
0.662
0.561228
0.662
0.662
0.274626
0.569567
0.662
0.137714
0.119251
0.662
0.551859
0.18546
0.662
0.310765
0.10329
0.662
0.231621
0.662
0.236703
0.662
0.662
0.662
0.137587
0.662
0.413509
0.662
0.212067
0.662
0.653928
0.662
0.433516
0.5188
0.662
0.20971
0.662
0.06905
0.0820396
0.642564
0.0374373
0.655688
0.181803
0.662
0.339343
0.203918
0.662
0.662
0.438327
0.662
0.662
0.662
0.391689
0.662
0.0532134
0.422805
0.662
0.60653
0.662
0.191309
0.662
0.0667913
0.662
0.421221
0.126628
0.184284
0.662
0.1668
0.662
0.662
0.662
0.662
0.662
0.166664
0.0612943
0.476607
0.16154
0.433205
0.445602
0.662
0.413676
0.662
0.662
0.662
0.662
0.662
0.118242
0.256595
0.662
0.233548
0.0508605
0.225706
0.197474
0.662
0.549314
0.662
0.412563
0.662
0.614647
0.258956
0.662
0.475439
0.237804
0.0388985
0.342735
0.662
0.662
0.637499
0.304565
0.224153
0.488973
0.662
0.662
0.662
0.295622
0.662
0.382925
0.662
0.0323948
0.587114
0.0424604
0.469661
0.662
0.662
0.497615
0.0306122
0.542652
0.305018
0.662
0.662
0.323331
0.274019
0.543806
0.020472
0.372254
0.564902
0.437687
0.662
0.0566637
0.150815
0.361226
0.45999
0.662
0.0639585
0.200413
0.0186662
0.662
0.537537
0.08612
0.319099
0.0433646
0.115231
0.232146
0.662
0.662
0.662
0.662
0.277014
0.0553159
0.185421
0.243576
0.662
0.105685
0.315175
0.465306
0.541914
0.12363
0.291633
0.662
0.662
0.662
0.662
0.114844
0.662
0.311877
0.662
0.244937
0.662
0.27281
0.363997
0.356769
0.662
0.140856
0.438993
0.456789
0.662
0.216669
0.662
0.399916
0.662
0.662
0.662
0.662
0.461789
0.662
0.53715
0.662
0.497149
0.662
0.308422
0.141113
0.662
0.662
0.0873204
0.165251
0.662
0.0713097
0.601509
0.526517
0.662
0.197737
0.440325
0.662
0.662
0.337336
0.223736
0.662
0.0202641
0.662
0.310833
0.662
0.313651
0.662
0.170877
0.555679
0.396692
0.0686734
0.662
0.462396
0.662
0.609443
0.662
0.203654
0.662
0.662
0.662
0.366842
0.662
0.662
0.662
0.401007
0.662
0.196941
0.457377
0.448334
0.662
0.632343
0.276517
0.585685
0.662
0.359448
0.233979
0.293421
0.364989
0.662
0.662
0.302037
0.238486
0.0425556
0.159405
0.293835
0.193412
0.547602
0.312246
0.423818
0.662
0.662
0.662
0.556584
0.18056
0.618487
0.662
0.662
0.489499
0.662
0.308353
0.662
0.628862
