0.662
0.408463
0.662
0.662
0.308934
0.104989
0.27338
0.662
0.36943
0.62947
0.0495321
0.662
0.662
0.502612
0.662
0.662
0.662
0.429582
0.636632
0.662
0.135711
0.662
0.544921
0.662
0.517853
0.469477
0.254517
0.662
0.170749
0.552402
0.662
0.607404
0.526664
0.430825
0.262233
0.662
0.662
0.441865
0.177598
0.662
0.114877
0.662
0.662
0.195743
0.662
0.306367
0.662
0.662
0.662
0.338792
0.327857
0.368253
0.20813
0.662
0.146481
0.662
0.662
0.662
0.662
0.38082
0.572308
0.290155
0.60479
0.38561
0.410317
0.0355996
0.160985
0.123986
0.662
0.378858
0.178062
0.42001
0.45343
0.273511
0.413031
0.0753358
0.662
0.372726
0.662
0.662
0.662
0.662
0.382745
0.0886353
0.110841
0.662
0.613931
0.662
0.356203
0.655261
0.454011
0.467172
0.662
0.213294
0.662
0.203631
0.104939
0.428715
0.326365
0.148375
0.405217
0.662
0.662
0.662
0.0188741
0.224086
0.197983
0.38647
0.345927
0.662
0.481779
0.662
0.167882
0.109625
0.587026
0.603478
0.301519
0.238769
0.662
0.662
0.434507
0.657376
0.662
0.499943
0.450632
0.239314
0.564664
0.662
0.662
0.662
0.506653
0.652166
0.662
0.662
0.662
0.662
0.662
0.662
0.175383
0.467761
0.160047
0.662
0.599453
0.143111
0.62747
0.0390788
0.269331
0.063609
0.269602
0.56239
0.435721
0.468002
0.662
0.475882
0.662
0.469114
0.1553
0.239446
0.662
0.559873
0.330862
0.662
0.459739
0.477018
0.662
0.226231
0.0923152
0.236904
0.391279
0.459164
0.462487
0.203464
0.662
0.409065
0.230382
0.191313
0.211026
0.495768
0.203405
0.167084
0.171701
0.662
0.662
0.191632
0.446992
0.194689
0.315799
0.163349
0.0956332
0.395262
0.476056
0.529341
0.662
0.284838
0.662
0.154782
0.662
0.662
0.565575
0.613225
0.662
0.625684
0.662
0.662
0.0450933
0.447328
0.662
0.592436
0.449734
0.43014
0.255909
0.194741
0.255503
0.3127
0.308041
0.080835
0.129056
0.662
0.467631
0.556599
0.662
0.227012
0.662
0.318519
0.662
0.371321
0.575907
0.662
0.134858
0.476302
0.285638
0.662
0.311644
0.662
0.280526
0.44275
0.0882059
0.491098
0.662
0.662
0.662
0.662
0.216841
0.144809
0.662
0.662
0.662
0.662
0.0715726
0.0691713
0.185239
0.154384
0.456653
0.220282
0.662
0.374188
0.662
0.0572575
0.49584
0.464063
0.156235
0.129895
0.662
0.662
0.383248
0.107625
0.0539605
0.260554
0.428852
0.662
0.416568
0.390796
0.397303
0.662
0.0815531
0.662
0.195817
0.0667118
0.41799
0.662
0.662
0.583847
0.630661
0.662
0.662
0.186045
0.662
0.554582
0.145428
0.410848
0.165941
0.662
0.662
0.54531
0.37334
0.662
0.450157
0.193101
0.428393
0.662
0.276014
0.455316
0.427691
0.662
0.662
0.269516
0.662
0.208355
0.662
0.557118
0.662
0.662
0.233684
0.662
0.209412
0.276431
0.662
0.662
0.662
0.597669
0.219001
0.371856
0.482321
0.640436
0.229715
0.593357
0.472721
0.611424
0.259184
0.662
0.0392601
0.0796338
0.662
0.201118
0.483348
0.662
0.16802
0.332659
0.462128
0.662
0.374471
0.0909195
0.662
0.0603165
0.662
0.478901
0.617285
0.466234
0.503877
0.662
0.0126602
0.0459074
0.44316
0.459743
0.106157
0.560314
0.662
0.220997
0.210689
0.356764
0.0168613
0.662
0.412132
0.618205
0.213208
0.21675
0.0370659
0.0586268
0.52222
0.27843
0.662
0.662
0.482247
0.0910725
0.31129
0.360045
0.306046
0.450316
0.197493
0.662
0.662
0.662
0.519749
0.570253
0.420362
0.330923
0.643259
0.401191
0.252803
0.662
0.662
0.142497
0.662
0.662
0.662
0.662
0.156759
0.224168
0.662
0.34091
0.662
0.0209422
0.457507
0.0522637
0.662
0.314483
0.0303312
0.662
0.0577244
0.583657
0.662
0.662
0.662
0.0861748
0.662
0.652858
0.40683
0.662
0.662
0.0719118
0.207993
0.435363
0.143417
0.662
0.291885
0.662
0.0766806
0.452465
0.662
0.0878399
0.662
0.471429
0.662
0.33255
0.662
0.175612
0.662
0.442833
0.142496
0.662
0.438223
0.662
0.2158
0.288157
0.437404
0.662
0.531042
0.435437
0.662
0.662
0.662
0.465478
0.199864
0.662
0.115794
0.208984
0.430428
0.202713
0.662
0.0439205
0.466781
0.14657
0.662
0.154765
0.662
0.662
0.662
0.0269155
0.662
0.286801
0.662
0.237431
0.10997
0.662
0.254924
0.0991681
0.661241
0.20325
0.10594
0.143486
0.239355
0.662
0.46971
0.556537
0.403215
0.662
0.209149
0.465263
0.662
0.470706
0.662
0.0112218
0.0596434
0.662
0.105098
0.171355
0.416468
0.154275
0.146711
0.618323
0.662
0.662
0.395949
0.320272
0.662
0.0735548
0.332847
0.662
0.662
0.662
0.662
0.564398
0.303115
0.662
0.424295
0.662
0.627376
0.62465
0.0446557
0.123608
0.37565
0.662
0.263291
0.662
0.335434
0.116068
0.429357
0.552643
0.662
0.403639
0.662
0.252252
0.124189
0.549691
0.54108
0.374132
0.109801
0.131872
0.662
0.662
0.662
0.662
0.662
0.662
0.303315
0.208969
0.662
0.662
0.208753
0.320861
0.662
0.501466
0.31679
0.662
0.206117
0.662
0.436827
0.662
0.423081
0.662
0.662
0.313255
0.194399
0.662
0.410658
0.662
0.662
0.247903
0.562131
0.169966
0.253773
0.64976
0.662
0.0182946
0.0833743
0.662
0.0685745
0.581266
0.15041
0.56621
0.662
0.662
0.366246
0.29505
0.293763
0.224459
0.192809
0.280602
0.339738
0.383952
0.662
0.662
0.313308
0.141633
0.662
0.558327
0.461827
0.163346
0.350373
0.662
0.282482
0.662
0.00428356
0.229255
0.441237
0.518853
0.241071
0.31692
0.0261956
0.46411
0.662
0.197729
0.662
0.155967
0.662
0.20839
0.375979
0.306405
0.200957
0.396893
0.159696
0.662
0.662
0.598711
0.280153
0.2398
0.226022
0.327625
0.662
0.152651
0.0578993
0.662
0.662
0.553708
0.0350413
0.662
0.662
0.662
0.190314
0.0667103
0.419003
0.662
0.251826
0.662
0.0550075
0.10175
0.123398
0.662
0.662
0.104096
0.662
0.662
0.662
0.466687
0.662
0.605278
0.232131
0.453678
0.633253
0.662
0.662
0.506337
0.58006
0.590693
0.623743
0.662
0.576106
0.662
0.662
0.0117691
0.150231
0.453219
0.503664
0.53683
0.181933
0.662
0.662
0.0915199
0.356347
0.662
0.381658
0.328094
0.321514
0.581771
0.513599
0.323655
0.477031
0.662
0.341492
0.320209
0.656966
0.633599
0.128134
0.107188
0.190436
0.662
0.662
0.109773
0.648621
0.662
0.332519
0.662
0.662
0.210924
0.0972987
0.487339
0.156062
0.662
0.662
0.326919
0.0377438
0.126871
0.417928
0.662
0.294162
0.350682
0.662
0.397526
0.662
0.662
0.437836
0.0402571
0.374236
0.662
0.373059
0.138096
0.0375195
0.251231
0.662
0.354306
0.0300721
0.126359
0.518131
0.156204
0.49868
0.402815
0.62452
0.631481
0.257286
0.662
0.662
0.0861745
0.662
0.18668
0.662
0.344804
0.662
0.602078
0.662
0.662
0.632502
0.662
0.220207
0.662
0.177217
0.662
0.436403
0.148391
0.386623
0.53407
0.267026
0.662
0.118561
0.164818
0.427997
0.662
0.144083
0.662
0.00340775
0.662
0.645674
0.406551
0.0698147
0.23546
0.662
0.49414
0.421159
0.300646
0.662
0.662
0.662
0.139396
0.493557
0.444841
0.662
0.11726
0.181307
0.29071
0.463429
0.26293
0.662
0.0543353
0.662
0.662
0.125115
0.255481
0.482436
0.0302767
0.662
0.119125
0.0518039
0.662
0.662
0.168959
0.367294
0.662
0.524353
0.662
0.662
0.0772539
0.662
0.299797
0.606982
0.662
0.220015
0.662
0.628305
0.420157
0.662
0.492737
0.230956
0.25782
0.662
0.179221
0.662
0.00344401
0.19613
0.662
0.109685
0.0363677
0.662
0.00416383
0.410506
0.662
0.523915
0.160685
0.249678
0.454195
0.662
0.321527
0.106075
0.662
0.0572657
0.476088
0.221911
0.154301
0.646912
0.0564971
0.318707
0.294117
0.158066
0.368551
0.662
0.401014
0.242227
0.339548
0.163601
0.662
0.0921612
0.662
0.371418
0.0118282
0.662
0.42126
0.521995
0.662
0.446669
0.662
0.273979
0.662
0.662
0.662
0.0814868
0.34555
0.61308
0.114993
0.662
0.119352
0.302691
0.595178
0.662
0.662
0.0226004
0.662
0.0316918
0.615866
0.177961
0.662
0.662
0.662
0.102719
0.339913
0.662
0.285841
0.662
0.662
0.662
0.302995
0.662
0.209505
0.662
0.0399593
0.662
0.662
0.230484
0.0440649
0.308906
0.153681
0.07555
0.662
0.662
0.0508619
0.178018
0.310092
0.559916
0.0327627
0.46515
0.490951
0.169231
0.306493
0.261334
0.316978
0.662
0.662
0.277123
0.148967
0.360508
0.215241
0.662
0.0494252
0.184
0.662
0.409256
0.178624
0.108622
0.187275
0.159597
0.662
0.197955
0.0490183
0.208484
0.136314
0.662
0.538049
0.15829
0.267615
0.397862
0.188584
0.662
0.215384
0.226675
0.312729
0.0895941
0.0750306
0.189988
0.198087
0.455707
0.0829932
0.662
0.662
0.316795
0.662
0.251449
0.188682
0.443895
0.167951
0.662
0.109601
0.662
0.662
0.662
0.305079
0.662
0.662
0.662
0.662
0.662
0.662
0.348433
0.176398
0.173815
0.662
0.30905
0.662
0.436518
0.0443029
0.37199
0.373452
0.610396
0.662
0.186916
0.459154
0.293043
0.551613
0.657146
0.30578
0.176477
0.393368
0.662
0.662
0.631376
0.502316
0.662
0.662
0.36089
0.413205
0.662
0.219887
0.455567
0.662
0.662
0.305924
0.410385
0.662
0.397852
0.0109634
0.662
0.484257
0.662
0.123464
0.662
0.298887
0.662
0.273301
0.330143
0.161263
0.450552
0.22154
0.662
0.0912485
0.197921
0.629098
0.662
0.184675
0.225838
0.662
0.0691635
0.125259
0.0135875
0.429165
0.103657
0.614866
0.151467
0.662
0.662
0.126755
0.39491
0.662
0.296347
0.409947
0.662
0.662
0.264281
0.662
0.00437642
0.0103533
0.0992973
0.662
0.662
0.104551
0.347578
0.662
0.662
0.106978
0.565697
0.341709
0.662
0.0765824
0.148927
0.102118
0.139715
0.0569736
0.115721
0.251174
0.662
0.381787
0.662
0.369312
0.662
