0.230688
0.332919
0.662
0.228941
0.476676
0.662
0.64426
0.662
0.662
0.0496004
0.122511
0.662
0.224384
0.220944
0.217288
0.419997
0.662
0.596225
0.362559
0.206055
0.444269
0.245011
0.662
0.662
0.11688
0.578112
0.18768
0.415537
0.662
0.294344
0.331253
0.28203
0.662
0.321263
0.230851
0.606062
0.662
0.385481
0.294949
0.662
0.304753
0.416675
0.603228
0.212356
0.662
0.294684
0.257132
0.0982289
0.662
0.114679
0.127935
0.0452231
0.662
0.662
0.563786
0.537903
0.468828
0.662
0.075967
0.662
0.119284
0.317061
0.662
0.638632
0.380568
0.662
0.175086
0.610212
0.312304
0.239151
0.662
0.584931
0.184105
0.255591
0.401623
0.662
0.308607
0.662
0.234484
0.499619
0.190743
0.185814
0.662
0.662
0.662
0.662
0.350279
0.204503
0.662
0.524999
0.174351
0.662
0.499001
0.521879
0.662
0.662
0.26963
0.662
0.662
0.662
0.662
0.0024309
0.662
0.662
0.662
0.514866
0.662
0.179012
0.230425
0.465958
0.113824
0.549053
0.1997
0.662
0.662
0.662
0.25794
0.435285
0.420461
0.210953
0.236652
0.00774146
0.662
0.208232
0.662
0.285773
0.10591
0.186093
0.662
0.354758
0.23824
0.662
0.226561
0.662
0.129129
0.639741
0.662
0.181537
0.662
0.662
0.201025
0.662
0.279312
0.420298
0.662
0.229081
0.662
0.662
0.029657
0.0278758
0.662
0.181493
0.645821
0.307879
0.662
0.557084
0.253947
0.12196
0.258168
0.201678
0.056153
0.508951
0.662
0.18007
0.404586
0.662
0.662
0.662
0.662
0.662
0.178093
0.104829
0.0946181
0.058435
0.662
0.662
0.662
0.662
0.398404
0.0532605
0.346785
0.439109
0.662
0.662
0.363507
0.662
0.662
0.662
0.662
0.290911
0.379946
0.624734
0.662
0.0947931
0.34109
0.662
0.662
0.120072
0.286415
0.396729
0.622085
0.250097
0.662
0.46669
0.657037
0.0939318
0.340106
0.0624944
0.662
0.239051
0.390586
0.21182
0.435685
0.24262
0.360834
0.662
0.662
0.354983
0.662
0.0676473
0.220496
0.255906
0.185107
0.538241
0.12485
0.662
0.662
0.662
0.200603
0.662
0.662
0.299389
0.662
0.662
0.289088
0.662
0.662
0.0779246
0.662
0.0373516
0.465586
0.255107
0.343096
0.662
0.662
0.171325
0.479043
0.662
0.131281
0.662
0.662
0.0290947
0.191662
0.189471
0.38368
0.662
0.441227
0.662
0.640107
0.662
0.354869
0.315002
0.662
0.662
0.171941
0.662
0.217709
0.177401
0.44314
0.344909
0.662
0.29241
0.234245
0.385446
0.0666858
0.662
0.057309
0.491788
0.165119
0.662
0.079338
0.662
0.401816
0.662
0.438071
0.248875
0.270324
0.662
0.662
0.662
0.201415
0.662
0.409276
0.0840001
0.277899
0.543574
0.662
0.662
0.127678
0.652903
0.21371
0.662
0.192028
0.209776
0.344433
0.662
0.0981497
0.336078
0.662
0.440453
0.633861
0.469646
0.0217418
0.105416
0.162467
0.662
0.662
0.419526
0.462937
0.662
0.435804
0.14649
0.275483
0.0808202
0.662
0.618766
0.662
0.135657
0.662
0.662
0.0185119
0.229792
0.662
0.662
0.662
0.662
0.662
0.150401
0.471165
0.662
0.260373
0.662
0.351699
0.183973
0.383546
0.254497
0.144558
0.142368
0.122688
0.359441
0.127044
0.662
0.265164
0.662
0.501133
0.662
0.662
0.586483
0.662
0.662
0.05673
0.402632
0.662
0.662
0.662
0.662
0.281003
0.579568
0.180277
0.346156
0.257636
0.399076
0.662
0.662
0.594141
0.174227
0.525089
0.239745
0.475236
0.518433
0.0938424
0.0335637
0.480038
0.436398
0.662
0.662
0.378294
0.364548
0.120342
0.662
0.662
0.452502
0.662
0.292791
0.208033
0.662
0.662
0.629887
0.343428
0.0583253
0.662
0.348339
0.553305
0.662
0.649955
0.342321
0.00537111
0.321198
0.578468
0.169356
0.662
0.198449
0.662
0.497649
0.181361
0.662
0.662
0.116253
0.587493
0.491585
0.662
0.165634
0.174184
0.085502
0.662
0.336327
0.456335
0.439081
0.0729758
0.111135
0.071359
0.434515
0.662
0.662
0.625337
0.662
0.088692
0.405399
0.662
0.537828
0.0693309
0.662
0.0753118
0.662
0.198344
0.662
0.662
0.40573
0.11324
0.662
0.662
0.36346
0.008361
0.662
0.137741
0.662
0.324382
0.214391
0.662
0.662
0.168251
0.643012
0.662
0.662
0.193484
0.662
0.197928
0.662
0.662
0.228359
0.435557
0.150133
0.212594
0.662
0.662
0.662
0.531052
0.163808
0.662
0.0536106
0.555378
0.293036
0.10953
0.222444
0.158318
0.0423486
0.662
0.324127
0.208562
0.662
0.192503
0.248895
0.0958474
0.662
0.053205
0.662
0.662
0.309433
0.0565854
0.395581
0.662
0.491777
0.479571
0.0882513
0.662
0.250442
0.172596
0.612127
0.26157
0.233377
0.534463
0.273823
0.061094
0.662
0.320257
0.662
0.662
0.202335
0.322769
0.585247
0.367398
0.444501
0.308234
0.618751
0.269541
0.0115517
0.0826818
0.0667853
0.614578
0.191602
0.445438
0.156949
0.662
0.0783105
0.662
0.662
0.184232
0.662
0.662
0.372191
0.336577
0.662
0.390933
0.495228
0.662
0.0938685
0.503431
0.117649
0.662
0.186794
0.235776
0.575773
0.186649
0.662
0.662
0.441976
0.335137
0.476874
0.662
0.315515
0.382857
0.266276
0.259488
0.396468
0.662
0.392224
0.328333
0.457522
0.662
0.408876
0.447481
0.253862
0.44325
0.470249
0.662
0.0751667
0.662
0.662
0.225448
0.376454
0.188421
0.20971
0.662
0.196302
0.247576
0.662
0.662
0.196798
0.603667
0.220182
0.0507139
0.662
0.577122
0.357615
0.662
0.256458
0.662
0.662
0.03358
0.32898
0.662
0.662
0.472615
0.662
0.662
0.662
0.662
0.662
0.371318
0.214817
0.0971707
0.275771
0.662
0.587114
0.284074
0.661913
0.44586
0.040354
0.0871116
0.662
0.328944
0.628765
0.662
0.662
0.619745
0.662
0.651393
0.19144
0.117033
0.662
0.21423
0.662
0.662
0.299297
0.110235
0.238986
0.428014
0.168599
0.662
0.662
0.662
0.0915428
0.0669765
0.0122451
0.624738
0.41048
0.662
0.312564
0.118121
0.309387
0.448481
0.662
0.124318
0.662
0.155963
0.47706
0.662
0.138739
0.662
0.22938
0.330464
0.662
0.223586
0.410203
0.226412
0.662
0.164611
0.341375
0.348821
0.505829
0.662
0.662
0.178538
0.221449
0.293123
0.662
0.271401
0.536195
0.662
0.662
0.428776
0.662
0.116731
0.603818
0.496837
0.529511
0.197452
0.318143
0.662
0.662
0.662
0.438731
0.211263
0.0646791
0.431082
0.197163
0.662
0.662
0.264152
0.0820191
0.662
0.460969
0.5265
0.662
0.255849
0.662
0.662
0.662
0.49889
0.662
0.662
0.662
0.513753
0.662
0.193424
0.662
0.246011
0.662
0.163263
0.202341
0.662
0.662
0.454473
0.45897
0.662
0.204283
0.26739
0.662
0.662
0.135483
0.0819227
0.228719
0.17697
0.662
0.662
0.349685
0.383446
0.662
0.0454011
0.662
0.167699
0.662
0.662
0.432242
0.501721
0.277805
0.0101003
0.651413
0.395305
0.364969
0.268254
0.00631207
0.662
0.388987
0.153881
0.187409
0.0788525
0.662
0.159792
0.415045
0.541431
0.392277
0.662
0.474593
0.619473
0.662
0.353121
0.575854
0.53987
0.0442007
0.616888
0.11184
0.662
0.334281
0.50807
0.662
0.148026
0.551429
0.662
0.271977
0.662
0.662
0.160122
0.314839
0.10335
0.180006
0.274872
0.330087
0.216859
0.662
0.336517
0.662
0.496937
0.337143
0.109967
0.662
0.09519
0.662
0.238763
0.172915
0.205368
0.153461
0.254274
0.0882851
0.203288
0.662
0.662
0.662
0.662
0.553383
0.662
0.390714
0.438442
0.662
0.626863
0.0579796
0.208677
0.390523
0.662
0.662
0.138278
0.0317678
0.20389
0.00134066
0.424891
0.662
0.403274
0.662
0.0303435
0.146335
0.662
0.662
0.200374
0.662
0.167148
0.381478
0.231928
0.541624
0.255089
0.662
0.0798059
0.317203
0.215133
0.662
0.075051
0.122189
0.355746
0.229303
0.662
0.662
0.203128
0.355646
0.462842
0.0534438
0.27489
0.292028
0.662
0.37573
0.662
0.244531
0.662
0.662
0.344488
0.398337
0.636649
0.338932
0.322297
0.0145962
0.662
0.662
0.662
0.337798
0.662
0.662
0.0528488
0.662
0.28164
0.276817
0.355266
0.662
0.662
0.3598
0.249134
0.217485
0.662
0.662
0.0576132
0.32617
0.635463
0.229838
0.283085
0.0871571
0.165819
0.451452
0.135261
0.0687878
0.197854
0.662
0.660933
0.662
0.550068
0.170181
0.082922
0.232714
0.105875
0.137328
0.369966
0.34211
0.662
0.388671
0.27281
0.662
0.507626
0.662
0.097285
0.662
0.662
0.662
0.662
0.662
0.662
0.191039
0.662
0.662
0.288565
0.184841
0.238493
0.662
0.662
0.424528
0.281028
0.662
0.169893
0.0827602
0.483194
0.423761
0.662
0.439064
0.507943
0.662
0.662
0.102176
0.444412
0.662
0.138781
0.222203
0.456964
0.559984
0.119029
0.0988667
0.662
0.662
0.215313
0.229813
0.424947
0.476461
0.662
0.629406
0.662
0.0353122
0.263871
0.629595
0.408098
0.0661273
0.0966091
0.0964458
0.662
0.261732
0.0401329
0.291806
0.385828
0.52456
0.662
0.662
0.00138535
0.294608
0.13504
0.202038
0.662
0.593922
0.434787
0.274072
0.292658
0.403092
0.545414
0.662
0.0052899
0.252799
0.662
0.662
0.187158
0.168045
0.469887
0.482579
0.356317
0.109549
0.662
0.662
0.356732
0.569727
0.347983
0.336193
0.662
0.188316
0.313811
0.333515
0.0306353
0.662
0.26368
0.223971
0.662
0.469663
0.268724
0.662
0.47838
0.662
0.0564865
0.292987
0.662
0.662
0.448096
0.662
0.662
0.0256452
0.662
0.662
0.662
0.662
0.662
0.378186
0.568737
0.662
0.439859
0.662
0.459439
0.0307581
0.228569
0.502556
0.277486
0.662
0.662
0.662
0.208037
0.662
0.330381
0.185857
0.241906
0.282271
0.219839
0.287483
0.662
0.662
0.662
0.443904
0.662
0.186256
0.662
0.343776
0.593602
0.662
0.662
0.440526
0.550089
0.251163
0.0431007
0.662
0.662
0.631301
0.586181
0.168186
0.662
0.662
0.113994
0.242998
0.662
0.194965
0.662
0.0797853
0.662
0.183413
0.662
0.192894
0.662
0.662
0.662
0.369831
0.470707
0.0888448
0.266216
0.425672
0.64846
0.167691
0.533357
0.168939
0.224979
0.643207
0.505192
0.0248656
0.494776
0.494547
0.253844
0.662
0.364572
0.639676
0.662
0.328511
0.662
0.662
0.0573717
0.44892
0.193846
0.058665
0.662
0.662
0.413704
0.187419
0.662
0.226402
0.662
0.428508
0.106275
0.0924399
0.662
0.0518073
0.42219
0.108415
0.178226
0.430811
0.662
0.226774
0.662
0.22436
0.662
0.662
0.662
0.204857
0.493031
0.662
0.662
0.662
0.662
0.497294
0.524849
0.662
0.240621
0.662
0.267115
0.183807
0.662
0.206767
0.662
0.662
0.358611
0.662
0.47296
0.229674
0.662
0.414022
0.662
0.586511
0.662
0.662
0.307478
0.107244
0.0886856
0.378801
0.453606
0.269803
0.662
0.217819
0.409602
0.662
0.662
0.352805
0.662
0.287907
0.023057
0.333075
0.662
0.0265251
0.227536
0.0303018
0.0251845
0.234215
0.494851
0.300237
0.662
0.488005
0.662
0.662
0.192993
0.662
0.0731138
0.662
0.154076
0.662
0.662
0.035336
0.662
0.662
0.327392
0.0465829
0.236475
0.224918
0.662
0.659087
0.662
0.185257
0.472041
0.152376
0.662
0.0981368
0.00477287
0.0490026
0.0934703
0.662
0.662
0.662
0.362095
0.0840493
0.304848
0.266239
0.605163
0.662
0.187381
0.41475
0.662
0.160588
0.310284
0.239128
0.269858
0.4392
0.0571898
0.174431
0.662
0.662
0.662
0.419624
0.230405
0.662
0.662
0.662
0.662
0.276219
0.662
0.00744244
0.205867
0.0182716
0.341711
0.0495948
0.111918
0.662
0.662
0.662
0.643024
0.501824
0.295618
0.409444
