0.190774
0.662
0.60978
0.318423
0.662
0.0513345
0.448393
0.662
0.662
0.106622
0.662
0.360702
0.173128
0.328861
0.662
0.662
0.662
0.446941
0.662
0.662
0.167619
0.662
0.662
0.186757
0.0973722
0.197843
0.214684
0.662
0.420296
0.283291
0.0805915
0.662
0.619762
0.413852
0.662
0.662
0.662
0.662
0.342194
0.393429
0.103565
0.662
0.226169
0.66182
0.0600469
0.191945
0.662
0.366131
0.662
0.0407698
0.196333
0.0734416
0.662
0.120102
0.24036
0.662
0.662
0.188689
0.662
0.353182
0.49311
0.104119
0.662
0.112372
0.468104
0.311171
0.00473744
0.462941
0.316345
0.233539
0.662
0.662
0.662
0.1614
0.633694
0.662
0.0824135
0.467843
0.575326
0.263593
0.662
0.662
0.58088
0.52869
0.300671
0.383961
0.326027
0.197993
0.662
0.342883
0.662
0.662
0.662
0.518931
0.662
0.610569
0.662
0.662
0.662
0.537348
0.662
0.662
0.564687
0.306719
0.196907
0.662
0.071755
0.290709
0.206343
0.662
0.662
0.0799998
0.662
0.64061
0.195457
0.662
0.63121
0.0279994
0.629453
0.287864
0.662
0.484943
0.324279
0.662
0.548825
0.662
0.662
0.662
0.662
0.662
0.122442
0.19442
0.662
0.662
0.43295
0.285608
0.267461
0.205124
0.143417
0.0392936
0.662
0.662
0.662
0.662
0.0293042
0.259139
0.450548
0.662
0.100592
0.197114
0.662
0.662
0.538816
0.662
0.271742
0.438773
0.19707
0.411528
0.199081
0.346644
0.366471
0.188533
0.144989
0.662
0.601146
0.45391
0.662
0.356222
0.367204
0.074385
0.319607
0.0471956
0.638838
0.662
0.662
0.584437
0.17591
0.099001
0.119105
0.662
0.662
0.460964
0.326779
0.446715
0.662
0.251605
0.662
0.662
0.33231
0.662
0.621076
0.312729
0.398434
0.169319
0.104815
0.249056
0.2101
0.662
0.0587966
0.376339
0.662
0.662
0.0992512
0.662
0.189191
0.465067
0.662
0.553065
0.416
0.200348
0.31493
0.662
0.561356
0.566732
0.155194
0.318877
0.000329304
0.662
0.615532
0.0838988
0.662
0.20775
0.662
0.488598
0.240373
0.662
0.662
0.148352
0.365317
0.0132252
0.662
0.109743
0.401038
0.119448
0.662
0.222609
0.662
0.662
0.347615
0.242319
0.662
0.662
0.592708
0.491975
0.186669
0.662
0.662
0.0772105
0.29415
0.662
0.238715
0.480114
0.662
0.662
0.380432
0.662
0.662
0.228443
0.260138
0.265642
0.36133
0.662
0.586049
0.559245
0.662
0.662
0.184748
0.138747
0.662
0.303181
0.662
0.662
0.662
0.662
0.208691
0.579351
0.373444
0.662
0.424457
0.186527
0.658551
0.344539
0.486919
0.077999
0.511428
0.662
0.405452
0.300473
0.662
0.662
0.662
0.571931
0.662
0.613365
0.149953
0.185707
0.454322
0.662
0.0272798
0.284441
0.606843
0.145864
0.662
0.330715
0.0177334
0.19271
0.537045
0.662
0.662
0.218815
0.142086
0.115205
0.340786
0.44786
0.662
0.211704
0.405684
0.662
0.618594
0.662
0.353695
0.43993
0.479087
0.200839
0.517879
0.426463
0.662
0.662
0.456456
0.285994
0.336095
0.27841
0.662
0.178135
0.502689
0.662
0.662
0.662
0.217337
0.191878
0.379215
0.662
0.314598
0.069422
0.662
0.268744
0.662
0.662
0.207804
0.662
0.175381
0.260268
0.662
0.152106
0.662
0.662
0.662
0.551104
0.54797
0.0766815
0.240868
0.190213
0.662
0.126742
0.404743
0.662
0.662
0.121077
0.0803684
0.129794
0.395949
0.310403
0.432296
0.0250903
0.411659
0.662
0.348082
0.156033
0.662
0.238711
0.662
0.428116
0.217579
0.662
0.662
0.662
0.298941
0.0122905
0.662
0.662
0.517327
0.138813
0.0753697
0.662
0.662
0.662
0.662
0.566638
0.662
0.631318
0.135734
0.343084
0.662
0.0676465
0.165094
0.0164273
0.288508
0.662
0.211509
0.556077
0.662
0.201034
0.416663
0.32853
0.144544
0.459678
0.662
0.632044
0.364507
0.301307
0.662
0.297221
0.121709
0.662
0.130212
0.662
0.443465
0.662
0.662
0.295165
0.662
0.152844
0.662
0.211558
0.216256
0.0565345
0.662
0.150696
0.348054
0.662
0.263545
0.147933
0.54667
0.662
0.662
0.662
0.193992
0.114364
0.183226
0.477489
0.0052155
0.0568915
0.662
0.198874
0.662
0.662
0.662
0.375093
0.662
0.662
0.54913
0.182481
0.662
0.429335
0.134578
0.462764
0.662
0.155441
0.662
0.662
0.558226
0.662
0.220826
0.582389
0.24791
0.548554
0.203321
0.662
0.0632023
0.662
0.662
0.153906
0.577879
0.662
0.304937
0.11
0.662
0.662
0.662
0.662
0.118204
0.179948
0.412405
0.612106
0.662
0.209501
0.102518
0.451923
0.494061
0.127405
0.662
0.626364
0.662
0.603132
0.374348
0.210277
0.662
0.438338
0.14991
0.662
0.476124
0.662
0.282231
0.566383
0.12706
0.182731
0.413526
0.653084
0.662
0.662
0.662
0.56232
