0.365575
0.462929
0.417658
0.662
0.250768
0.374668
0.189191
0.319826
0.403569
0.662
0.171648
0.205512
0.0838988
0.662
0.0951104
0.651955
0.662
0.662
0.103254
0.662
0.196866
0.662
0.376102
0.459637
0.662
0.0662168
0.0580301
0.414382
0.662
0.197626
0.165699
0.662
0.662
0.11597
0.662
0.16147
0.346661
0.662
0.662
0.191631
0.12706
0.360702
0.662
0.58088
0.113854
0.662
0.0568961
0.377869
0.662
0.662
0.662
0.391596
0.175888
0.214136
0.208843
0.430474
0.248442
0.372181
0.40929
0.662
0.539453
0.456219
0.245539
0.0658425
0.662
0.662
0.306415
0.358212
0.573649
0.0727554
0.662
0.662
0.662
0.322267
0.536543
0.662
0.662
0.291736
0.662
0.662
0.662
0.662
0.662
0.336019
0.31437
0.204662
0.459173
0.192571
0.126725
0.186527
0.59176
0.206419
0.169786
0.239423
0.662
0.662
0.296447
0.0915184
0.662
0.544877
0.310122
0.626202
0.45544
0.087384
0.662
0.662
0.0194918
0.440238
0.22878
0.662
0.361155
0.0424311
0.662
0.662
0.662
0.154317
0.662
0.64061
0.662
0.662
0.662
0.536928
0.662
0.662
0.35986
0.662
0.00691286
0.0788486
0.662
0.147934
0.539561
0.662
0.662
0.40593
0.442299
0.205117
0.543421
0.662
0.662
0.662
0.347051
0.662
0.662
0.0903927
0.177057
0.338195
0.475084
0.662
0.242778
0.662
0.662
0.184589
0.662
0.342184
0.640229
0.111064
0.174998
0.662
0.662
0.376479
0.590419
0.25181
0.662
0.200323
0.158498
0.170671
0.662
0.291653
0.662
0.662
0.220133
0.547626
0.241772
0.578192
0.19396
0.662
0.108295
0.0283171
0.662
0.662
0.662
0.103565
0.182377
0.192197
0.00832432
0.662
0.15328
0.215136
0.421523
0.330301
0.458702
0.0242422
0.662
0.0336399
0.591993
0.662
0.252389
0.00442661
0.214374
0.34385
0.240974
0.189235
0.662
0.28599
0.662
0.662
0.633694
0.531809
0.185578
0.445384
0.029516
0.269335
0.0319807
0.662
0.662
0.127283
0.470577
0.235997
0.662
0.322603
0.662
0.0470907
0.662
0.042569
0.155186
0.183277
0.0826229
0.662
0.635639
0.392269
0.662
0.0703437
0.662
0.282459
0.662
0.309131
0.447967
0.662
0.662
0.0470298
0.662
0.254078
0.662
0.662
0.20677
0.662
0.626371
0.662
0.662
0.344058
0.248691
0.662
0.283291
0.310568
0.410115
0.662
0.660451
0.662
0.662
0.662
0.662
0.200839
0.22309
0.662
0.0495119
0.220674
0.435472
0.662
0.319607
0.662
0.662
0.662
0.662
0.336894
0.366352
0.275076
0.0770092
0.456602
0.18411
0.662
0.0519733
0.244567
0.577287
0.662
0.339211
0.662
0.187247
0.33679
0.427407
0.454425
0.38124
0.0123128
0.365127
0.197114
0.1064
0.2106
0.0253236
0.197806
0.662
0.662
0.603766
0.39472
0.662
0.344539
0.662
0.134105
0.536428
0.357313
0.662
0.42899
0.662
0.196952
0.135827
0.662
0.662
0.451897
0.333167
0.199081
0.573219
0.575109
0.256109
0.391631
0.000521727
0.662
0.662
0.662
0.221289
0.0642566
0.348769
0.662
0.0498286
0.662
0.373521
0.52937
0.0275027
0.662
0.461449
0.166955
0.446816
0.237079
0.577879
0.662
0.662
0.628256
0.229858
0.11
0.416295
0.145864
0.662
0.509481
0.285682
0.662
0.327719
0.191442
0.232902
0.662
0.184629
0.411093
0.257445
0.662
0.662
0.132364
0.662
0.605875
0.662
0.633693
0.475437
0.497823
0.37195
0.356477
0.662
0.662
0.350478
0.662
0.662
0.37786
0.662
0.662
0.662
0.0327764
0.662
0.662
0.43967
0.10734
0.662
0.323513
0.0676465
0.496926
0.374781
0.662
0.662
0.662
0.293243
0.171961
0.662
0.662
0.662
0.662
0.176475
0.566732
0.662
0.610569
0.440124
0.662
0.0235635
0.662
0.327464
0.662
0.498024
0.662
0.662
0.662
0.662
0.149082
0.662
0.662
0.28722
0.662
0.662
0.426956
0.345647
0.352243
0.413526
0.461624
0.5538
0.559553
0.333933
0.416719
0.662
0.0771599
0.662
0.19442
0.662
0.662
0.366202
0.140214
0.066793
0.023454
0.474996
0.218441
0.200648
0.662
0.662
0.662
0.00909178
0.423822
0.662
0.350799
0.662
0.210242
0.0795956
0.662
0.0870503
0.662
0.068877
0.662
0.662
0.2967
0.265618
0.662
0.518393
0.397661
0.413852
0.153433
0.129095
0.227123
0.244529
0.503204
0.662
0.108112
0.662
0.662
0.435276
0.39546
0.231363
0.662
0.166547
0.225049
0.192193
0.14477
0.236522
0.060444
0.350115
0.662
0.133635
0.298941
0.186757
0.460272
0.191456
0.062984
0.608004
0.0105041
0.332744
0.271009
0.348082
0.373292
0.662
0.101992
0.662
0.662
0.662
0.662
0.545853
0.321833
0.149154
0.526579
0.662
0.662
0.450139
0.157152
0.0693277
0.336038
0.48808
0.662
0.662
0.662
0.662
0.501929
0.382254
0.404012
0.109898
0.662
0.662
0.185016
0.380563
0.277857
0.553065
0.631108
0.397058
0.44786
0.247505
0.662
0.662
0.662
0.662
0.485396
0.130851
0.310403
0.662
0.089792
0.251098
0.662
0.364148
0.662
0.422069
0.662
0.209967
0.277545
0.649626
0.222441
0.172537
0.32754
0.662
0.342576
0.662
0.662
0.370588
0.662
0.268957
0.662
0.662
0.662
0.662
0.406055
0.413176
0.662
0.662
0.214873
0.279871
0.662
0.662
0.180018
0.185668
0.662
0.662
0.393148
0.264014
0.241274
0.637871
0.457088
0.662
0.479911
0.411672
0.379428
0.267087
0.525645
0.662
0.366131
0.41593
0.232784
0.115166
0.534337
0.120907
0.662
0.121709
0.211271
0.662
0.2106
0.0281838
0.662
0.557444
0.236542
0.137774
0.0935803
0.379052
0.662
0.662
0.662
0.60534
0.093395
0.662
0.662
0.662
0.0906851
0.662
0.45594
0.0289928
0.448224
0.662
0.662
0.662
0.206953
0.493155
0.258095
0.662
0.662
0.662
0.662
0.199754
0.662
0.224728
0.662
0.662
0.0973722
0.236032
0.0347087
0.0623286
0.107561
0.662
0.277447
0.662
0.662
0.0122905
0.662
0.662
0.405452
0.27382
0.662
0.662
0.662
0.192667
0.272738
0.662
0.662
0.327574
0.370982
0.277867
0.662
0.0139211
0.662
0.662
0.526986
0.662
0.419909
0.612106
0.167197
0.27049
0.662
0.295828
0.662
0.662
0.192113
0.662
0.662
0.662
0.545051
0.113034
0.592235
0.133797
0.211509
0.144446
0.662
0.243736
0.292126
0.0887777
0.441356
0.164804
0.0954654
0.0423207
0.417456
0.0266064
0.393514
0.192776
0.246731
0.662
0.382726
0.662
0.662
0.300473
0.634228
0.662
0.153906
0.397103
0.210168
0.387533
0.451923
0.318274
0.643697
0.418121
0.662
0.662
0.482144
0.0912194
0.306429
0.618594
0.662
0.325955
0.49911
0.405292
0.662
0.314646
0.360242
0.662
0.393195
0.662
0.0735521
0.662
0.0580746
0.662
0.560041
0.662
0.376829
0.422239
0.408252
0.407565
0.0867617
0.208691
0.024106
0.662
0.143417
0.662
0.662
0.199945
0.358819
0.223114
0.14411
0.433705
0.188268
0.553165
0.485706
0.662
0.562503
0.494722
0.367526
0.243996
0.296002
0.108614
0.309204
0.641447
0.662
0.193149
0.404309
0.662
0.662
0.350378
0.662
0.433004
0.539982
0.187211
0.662
0.147073
0.297318
0.0753697
0.120319
0.225373
0.219058
0.662
0.320542
0.233467
0.185253
0.0476969
0.662
0.0545388
0.662
0.0445279
0.109318
0.420854
0.59986
0.474184
0.600366
0.662
0.662
0.358553
0.0284099
0.662
0.662
0.420679
0.532616
0.662
0.612552
0.075988
0.662
0.434491
0.662
0.477489
0.00408647
0.649846
0.199086
0.662
0.376147
0.312608
0.398957
0.0599693
0.206914
0.405302
0.662
0.150696
0.0658479
0.662
0.521665
0.662
0.43676
0.411659
0.297807
0.662
0.662
0.662
0.395207
0.662
0.110234
0.134607
0.622723
0.554225
0.662
0.0577253
0.0330552
0.662
0.368689
0.232707
0.561356
0.662
0.241654
0.066569
0.203359
0.662
0.305456
0.128424
0.190657
0.429868
0.567531
0.120102
0.222931
0.60397
0.662
0.457703
0.14991
0.662
0.530874
0.662
0.101035
0.541796
0.662
0.164594
0.00473744
0.513259
0.662
0.055571
0.396354
0.591646
0.0719966
0.647102
0.0392906
0.313202
0.662
0.426463
0.622302
0.272531
0.201907
0.312639
0.187897
0.283242
0.662
0.662
0.239876
0.662
0.281452
0.465721
0.662
0.620335
0.229197
0.647579
0.408753
0.29364
0.475033
0.662
0.354164
0.660092
0.0582289
0.199297
0.278398
0.368723
0.662
0.472805
0.117193
0.288426
0.257999
0.662
0.662
0.0730845
0.19754
0.351118
0.325336
0.170315
0.627623
0.662
0.662
0.662
0.662
0.282231
0.566383
0.165901
0.454355
0.662
0.26262
0.662
0.240078
0.217026
0.55488
0.662
0.637674
0.662
0.662
0.296286
0.662
0.662
0.662
0.662
0.662
0.223662
0.662
0.452778
0.0858228
0.662
0.662
0.662
0.197962
0.662
0.276051
0.662
0.575326
0.662
0.662
0.662
0.267585
0.455153
0.127535
0.662
0.275682
0.000866247
0.605065
0.0517132
0.551121
0.662
0.209564
0.662
0.179516
0.122442
0.662
0.337881
0.662
0.382316
0.295289
0.662
0.662
0.662
0.0957566
0.662
0.0443409
0.289116
0.411528
0.662
0.662
0.662
0.662
0.424199
0.493777
0.284441
0.142505
0.212811
0.0734416
0.316345
0.012572
0.109743
0.0546353
0.662
0.24765
0.435179
0.662
0.167206
0.405137
0.662
0.391589
0.0749754
0.662
0.419849
0.301579
0.226589
0.326027
0.163068
0.662
0.65195
0.443562
0.461026
0.662
0.662
0.37803
0.662
0.246922
0.358664
0.228432
0.662
0.440789
0.324646
0.396025
0.662
0.173128
0.309862
0.662
0.01093
0.662
0.373444
0.662
0.662
0.462941
0.662
0.357977
0.611619
0.135699
0.614377
0.236135
0.662
0.402033
0.520928
0.115525
0.662
0.662
0.39562
0.618941
0.436777
0.124171
0.130952
0.328336
0.64128
0.0213417
