0.0764952
0.42217
0.232793
0.208467
0.074406
0.662
0.662
0.662
0.0240937
0.31969
0.662
0.353021
0.662
0.510636
0.662
0.662
0.0847633
0.360626
0.0393957
0.184869
0.354243
0.264393
0.662
0.343258
0.31894
0.41709
0.258186
0.423761
0.662
0.662
0.390131
0.341876
0.662
0.368446
0.496006
0.208303
0.0278465
0.133729
0.662
0.662
0.108611
0.0784049
0.19931
0.133295
0.662
0.206297
0.203408
0.361481
0.0774434
0.171855
0.205658
0.467742
0.662
0.662
0.164053
0.662
0.248855
0.394221
0.662
0.662
0.00954979
0.490093
0.179209
0.662
0.662
0.662
0.000789576
0.662
0.242311
0.424881
0.0940145
0.242492
0.276728
0.662
0.364929
0.251623
0.193322
0.662
0.1945
0.662
0.662
0.662
0.232614
0.662
0.274001
0.308642
0.144898
0.00624202
0.389875
0.647261
0.2634
0.385515
0.662
0.0663714
0.358628
0.258138
0.0869714
0.144337
0.147679
0.174289
0.303853
0.151484
0.00896487
0.122736
0.662
0.662
0.662
0.662
0.662
0.273068
0.196837
0.508682
0.546544
0.662
0.662
0.662
0.662
0.0441617
0.662
0.662
0.662
0.584596
0.662
0.251783
0.596957
0.243106
0.0517127
0.662
0.205523
0.0459499
0.27665
0.232499
0.662
0.137743
0.662
0.662
0.0981236
0.198422
0.52444
0.266088
0.10827
0.662
0.501291
0.197622
0.32669
0.406831
0.269597
0.0494211
0.662
0.662
0.662
0.281047
0.662
0.662
0.0569225
0.17411
0.340629
0.304735
0.10873
0.662
0.384434
0.573202
0.42993
0.527861
0.136655
0.662
0.662
0.370718
0.662
0.597582
0.172509
0.662
0.138534
0.662
0.537691
0.216842
0.326495
0.662
0.662
0.662
0.229338
0.0132706
0.243403
0.329348
0.662
0.446018
0.324104
0.270152
0.662
0.662
0.206716
0.349232
0.279942
0.416439
0.365008
0.475601
0.662
0.0923483
0.662
0.0275581
0.662
0.148121
0.662
0.159701
0.425789
0.427967
0.511149
0.251247
0.662
0.291283
0.165813
0.429532
0.202728
0.491871
0.662
0.662
0.198363
0.371343
0.455226
0.328209
0.662
0.662
0.255747
0.662
0.441897
0.255098
0.0799451
0.662
0.0822983
0.662
0.662
0.662
0.245085
0.662
0.0480855
0.341043
0.295973
0.118109
0.446763
0.662
0.662
0.271986
0.329636
0.474281
0.662
0.201458
0.443133
0.662
0.662
0.662
0.662
0.662
0.453566
0.20229
0.662
0.655148
0.662
0.330757
0.662
0.471986
0.474309
0.172908
0.662
0.662
0.276416
0.502384
0.662
0.392355
0.662
0.302168
0.662
0.185539
0.662
0.662
0.19367
0.0929761
0.662
0.662
0.0360642
0.100049
0.0489665
0.662
0.662
0.261564
0.154857
0.0819015
0.327789
0.662
0.662
0.297203
0.417012
0.108418
0.0536034
0.313171
0.662
0.642646
0.181325
0.359232
0.662
0.4394
0.662
0.058985
0.0160518
0.403256
0.662
0.458232
0.360306
0.273183
0.405018
0.374564
0.662
0.597211
0.324148
0.662
0.662
0.0564683
0.0935156
0.662
0.662
0.395034
0.516091
0.662
0.662
0.620452
0.345148
0.425899
0.106854
0.448481
0.0930802
0.541442
0.236171
0.38656
0.166984
0.662
0.662
0.662
0.363342
0.454406
0.362266
0.662
0.47702
0.132009
0.284883
0.151617
0.662
0.254384
0.662
0.662
0.156224
0.662
0.374729
0.662
0.228515
0.662
0.662
0.521689
0.662
0.662
0.0499563
0.662
0.084599
0.117318
0.108335
0.259882
0.00679275
0.310227
0.196156
0.662
0.374258
0.608737
0.25522
0.0348414
0.137293
0.0960055
0.662
0.195329
0.633391
0.178833
0.2425
0.662
0.0981261
0.226969
0.259838
0.197438
0.264448
0.237056
0.466801
0.0885426
0.371821
0.339962
0.222166
0.141426
0.662
0.256751
0.438973
0.470988
0.641735
0.662
0.229143
0.238599
0.662
0.662
0.662
0.405325
0.468427
0.662
0.269237
0.278466
0.662
0.386368
0.662
0.0733345
0.244203
0.233913
0.662
0.662
0.146629
0.553105
0.430381
0.662
0.444215
0.662
0.533416
0.25573
0.662
0.164593
0.252668
0.185124
0.662
0.662
0.662
0.662
0.321886
0.149098
0.662
0.325559
0.443406
0.113084
0.662
0.000556848
0.662
0.662
0.142434
0.235182
0.434739
0.425075
0.248293
0.261146
0.282552
0.429853
0.662
0.619173
0.662
0.662
0.662
0.0885343
0.271763
0.662
0.662
0.0965976
0.662
0.28489
0.305156
0.662
0.387515
0.662
0.263291
0.163957
0.662
0.419016
0.3704
0.662
0.358324
0.662
0.662
0.349121
0.662
0.470555
0.428865
0.306545
0.260408
0.402737
0.239416
0.662
0.204905
0.20103
0.459698
0.441699
0.662
0.0496488
0.199897
0.662
0.218745
0.245265
0.185622
0.662
0.215403
0.662
0.662
0.286039
0.0832559
0.0261269
0.212172
0.362402
0.414342
0.662
0.662
0.19997
0.617219
0.212924
0.382797
0.662
0.19324
0.518379
0.159956
0.462431
0.204005
0.346909
0.662
0.386378
0.662
0.194433
0.662
0.662
0.662
0.662
0.662
0.662
0.662
0.662
0.662
0.33013
0.38802
0.318634
0.176307
0.662
0.662
0.662
0.662
0.206045
0.110724
0.662
0.662
0.662
0.662
0.435877
0.202696
0.662
0.662
0.360846
0.168899
0.662
0.662
0.662
0.662
0.662
0.662
0.424646
0.656417
0.228184
0.145432
0.25468
0.662
0.311754
0.662
0.370857
0.101423
0.662
0.14081
0.160957
0.194713
0.381458
0.189146
0.509991
0.586503
0.662
0.334866
0.27616
0.662
0.662
0.397475
0.225573
0.0392558
0.662
0.0180857
0.219518
0.662
0.107109
0.662
0.662
0.354944
0.250898
0.662
0.277893
0.392591
0.150308
0.19207
0.328882
0.662
0.662
0.0908953
0.45287
0.662
0.461531
0.662
0.404946
0.662
0.11021
0.443389
0.662
0.0815748
0.33867
0.662
0.171053
0.662
0.662
0.146766
0.633487
0.141161
0.384037
0.232198
0.477245
0.662
0.176083
0.486594
0.372088
0.245473
0.106553
0.662
0.150091
0.494041
0.662
0.662
0.243579
0.662
0.338553
0.434905
0.324249
0.12235
0.0857216
0.0197629
0.332622
0.662
0.662
0.396378
0.147474
0.370145
0.285238
0.662
0.269285
0.206025
0.1535
0.469166
0.523677
0.662
0.158528
0.561932
0.662
0.0612486
0.379086
0.345706
0.662
0.354678
0.662
0.662
0.128503
0.662
0.0173317
0.662
0.662
0.43954
0.662
0.662
0.196765
0.327554
0.104796
0.662
0.662
0.662
0.187873
0.662
0.662
0.272297
0.662
0.099446
0.662
0.662
0.662
0.051835
0.445066
0.662
0.662
0.662
0.662
0.0234867
0.662
0.226278
0.662
0.370605
0.0197336
0.463183
0.390218
0.124685
0.201181
0.662
0.662
0.662
0.662
0.00829134
0.662
0.662
0.496278
0.263771
0.662
0.662
0.353403
0.662
0.225176
0.0273526
0.129266
0.199712
0.178118
0.410421
0.139675
0.299997
0.662
0.233394
0.065142
0.0283145
0.662
0.519397
0.662
0.407498
0.2552
0.662
0.446835
0.212857
0.517457
0.662
0.132893
0.662
0.662
0.662
0.662
0.662
0.216679
0.207261
0.630017
0.320142
0.244633
0.200044
0.243221
0.662
0.136627
0.195391
0.662
0.662
0.662
0.662
0.116065
0.495173
0.200863
0.252406
0.225684
0.210241
0.165566
0.24192
0.38863
0.366729
0.239289
0.662
0.662
0.662
0.662
0.469972
0.171975
0.662
0.44354
0.262962
0.3142
0.265862
0.152422
0.662
0.184474
0.102276
0.662
0.454818
0.186162
0.0350111
0.222806
0.107286
0.321163
0.662
0.237304
0.359179
0.27343
0.184439
0.662
0.662
0.248267
0.662
0.437934
0.662
0.662
0.367295
0.168607
0.506561
0.662
0.662
0.263368
0.662
0.662
0.662
0.662
0.500156
0.662
0.186086
0.662
0.232828
0.446772
0.44687
0.629706
0.203066
0.18173
0.662
0.486451
0.235726
0.662
0.236965
0.108314
0.248658
0.662
0.0852785
0.618061
0.209079
0.00311215
0.662
0.188664
0.290331
0.544159
0.341092
0.417124
0.143254
0.662
0.360552
0.329564
0.379767
0.662
0.662
0.0357884
0.662
0.150802
0.0743479
0.22705
0.662
0.594137
0.662
0.0879596
0.173696
0.250575
0.662
0.174388
0.208879
0.186744
0.662
0.662
0.251094
0.130666
0.662
0.662
0.662
0.662
0.364691
0.485016
0.0486612
0.350398
0.662
0.662
0.16744
0.239162
0.306548
0.492743
0.445245
0.489673
0.457482
0.352985
0.0723166
0.188555
0.662
0.662
0.662
0.662
0.662
0.30463
0.161925
0.19198
0.662
0.252707
0.662
0.18832
0.662
0.220754
0.662
0.662
0.662
0.43508
0.622044
0.662
0.0687897
0.662
0.662
0.662
0.113357
0.356081
0.643616
0.662
0.662
0.662
0.472682
0.224935
0.374126
0.427112
0.662
0.31559
0.662
0.031358
0.155219
0.0175911
0.305747
0.662
0.662
0.451666
0.662
0.0551247
0.357182
0.245148
0.22944
0.328371
0.662
0.662
0.205247
0.662
0.166328
0.46151
0.324211
0.228063
0.47934
0.392898
0.499315
0.662
0.287298
0.662
0.50885
0.425998
0.662
0.278745
0.0712699
0.662
0.662
0.662
0.432072
0.507021
0.125376
0.2239
0.0213684
0.662
0.662
0.371782
0.662
0.365721
0.238397
0.456774
0.662
0.22731
0.388281
0.662
0.0783447
0.179919
0.662
0.459759
0.662
0.231556
0.482329
0.255756
0.662
0.662
0.103104
0.220886
0.313252
0.662
0.047178
0.245096
0.662
0.199503
0.138863
0.198057
0.355856
0.0478763
0.662
0.662
0.419924
0.345755
0.18544
0.662
0.264839
0.662
0.451187
0.662
0.662
0.189817
0.563283
0.166995
0.40137
0.662
0.276292
0.582824
0.662
0.0463778
0.424394
0.026513
0.143415
0.662
0.370591
0.662
0.45372
0.583771
0.27628
0.187224
0.662
0.0153163
0.662
0.0861917
0.662
0.662
0.343548
0.13144
0.662
0.662
0.496577
0.662
0.584385
0.662
0.197095
0.662
0.228866
0.0591729
0.34262
0.22898
0.270415
0.0316535
0.662
0.267959
0.215521
0.662
0.662
0.362932
0.36891
0.390748
0.662
0.662
0.662
0.278707
0.662
0.662
0.662
0.168551
0.662
0.662
0.662
0.662
0.662
0.530169
0.662
0.476186
0.662
0.662
0.662
0.662
0.138538
0.15984
0.662
0.234378
0.662
0.472787
0.456963
0.355446
0.149431
0.195146
0.475794
0.545457
0.243221
0.662
0.322779
0.662
0.553577
0.435479
0.197013
0.549535
0.662
0.662
0.228836
0.662
0.30177
0.509339
0.662
0.662
0.383446
0.662
0.286444
0.662
0.135425
0.662
0.662
0.388672
0.416089
0.0574184
0.0436258
0.651965
0.189463
0.495875
0.0535156
0.662
0.391118
0.662
0.309893
0.662
0.0495747
0.318025
0.135759
0.662
0.103721
0.662
0.460326
0.0336289
0.189898
0.602065
0.265514
0.311295
0.211795
0.224724
0.662
0.662
0.182879
0.453127
0.662
0.369156
0.662
0.296689
0.232731
0.343785
0.662
0.193287
0.248005
0.662
0.152802
0.257472
0.662
0.662
0.559922
0.358747
0.662
0.151374
0.51765
0.662
0.23031
0.221208
0.662
0.662
0.45929
0.417284
0.662
0.325673
0.20965
0.662
0.662
0.33884
0.225737
0.299713
0.113983
0.251475
0.160831
0.662
0.662
0.662
0.47764
0.22922
0.662
0.43909
0.0667439
0.662
0.231837
0.114886
0.662
0.19135
0.381418
0.662
0.0833404
0.633694
0.662
0.264932
0.662
0.662
0.317192
0.296405
0.662
0.0156019
0.286057
0.662
0.662
0.662
0.508539
0.662
0.662
0.662
0.662
0.125042
0.242873
0.662
0.662
0.555673
0.662
0.662
0.0611667
0.662
0.246695
0.58783
0.066422
0.662
0.662
0.662
0.662
0.27767
0.332627
0.288482
0.477214
0.453784
0.662
0.662
0.271882
0.662
0.160301
0.210379
0.662
0.0988261
0.179218
0.662
0.297163
0.00575583
0.201458
0.196964
0.0671187
0.152821
0.329307
0.33439
0.171526
0.662
0.662
0.3475
0.573687
0.416655
0.192011
0.662
0.662
0.662
0.186093
0.662
0.135927
0.39353
0.237501
0.646316
0.229278
0.662
0.662
0.662
0.491143
0.662
0.288999
0.662
0.0360859
0.662
0.110303
0.312291
0.221855
0.182371
0.662
0.662
0.221963
0.244838
0.126148
0.0413955
0.187033
0.662
0.494002
0.614195
0.202634
0.135712
0.554053
0.212136
0.662
0.314779
0.439293
0.662
0.662
0.662
0.357203
0.195857
0.662
0.355463
0.614695
0.662
0.662
0.662
0.662
0.36725
0.662
0.662
0.662
0.427463
0.418679
0.662
0.662
0.201905
0.662
0.00645574
0.662
0.662
0.255084
0.23934
0.662
0.662
0.106859
0.210118
0.267725
0.29408
0.0438429
0.374453
0.662
0.193232
0.662
0.163647
0.662
0.0539726
0.068476
0.662
0.662
0.390346
0.27964
0.190325
0.662
0.662
0.662
0.420088
0.558512
0.390302
0.662
0.175415
0.662
0.47964
0.154685
0.662
0.33207
0.0983683
0.362651
0.566006
0.662
0.159007
0.503471
0.385015
0.662
0.662
0.345438
0.302606
0.263522
0.120399
0.662
0.662
0.214252
0.424469
0.201631
0.662
0.662
0.52056
0.662
0.218065
0.132885
0.662
0.662
0.662
0.662
0.147953
0.662
0.662
0.662
0.662
0.662
0.0374293
0.662
0.662
0.662
0.38137
0.662
0.390083
0.662
0.662
0.0293208
0.00148843
0.467955
0.328881
0.662
0.0309845
0.662
0.0724233
0.662
0.662
0.202257
0.0778784
0.0683308
0.251019
0.204832
0.330752
0.492109
0.662
0.662
0.290317
0.662
0.237935
0.662
0.187376
0.213254
0.662
0.662
0.566086
0.662
0.489541
0.662
0.426345
0.361044
0.115121
0.204936
0.013954
0.0552981
0.302197
0.0589543
0.467623
0.0964722
0.189043
0.662
0.662
0.189708
0.219985
0.0822265
0.662
0.662
0.575566
0.662
0.199723
0.22489
0.258548
0.247696
0.410029
0.662
0.601749
0.173617
0.184999
0.387112
0.662
0.662
0.411729
0.662
0.202156
0.201741
0.372091
0.290249
0.662
0.263702
0.273097
0.0733765
0.223283
0.662
0.662
0.474819
0.166418
0.662
0.662
0.236385
0.662
0.123349
0.465242
0.662
0.107666
0.420712
0.101421
0.292691
0.662
0.662
0.662
0.0392811
0.194528
0.662
0.144679
0.662
0.662
0.365382
0.263026
0.433865
0.662
0.662
0.191873
0.109124
0.149761
0.48499
0.597229
0.0850942
0.543857
0.587534
0.662
0.24741
0.0813382
0.303692
0.662
0.662
0.440744
0.203404
0.100031
0.3028
0.662
0.241298
0.662
0.499116
0.44662
0.662
0.662
0.172711
0.662
0.324419
0.228882
0.662
0.602607
0.300827
0.662
0.0772662
0.196357
0.478761
0.662
0.662
0.259363
0.662
0.662
0.44983
0.248487
0.662
0.188067
0.662
0.224147
0.264438
0.443002
0.0127543
0.662
0.32072
0.311549
0.662
0.204293
0.662
0.662
0.662
0.254779
0.662
0.157051
0.662
0.36106
0.00538569
0.662
0.107914
0.124857
0.220592
0.662
0.435543
0.662
0.662
0.0342422
0.427551
0.00809201
0.662
0.21307
0.582534
0.205771
0.0303404
0.498639
0.662
0.662
0.662
0.662
0.0774443
0.662
0.174379
0.337207
0.328697
0.662
0.150492
0.216686
0.662
0.152916
0.662
0.133988
0.0428927
0.662
0.662
0.334908
0.409238
0.662
0.190486
0.662
0.662
0.366103
0.432906
0.662
0.390273
0.662
0.0782875
0.271256
0.662
0.662
0.662
0.662
0.327056
0.662
0.116135
0.220005
0.231243
0.261353
0.205486
0.342288
0.242121
0.662
0.662
0.662
0.662
0.542864
0.125067
0.662
0.282645
0.662
0.662
0.152616
0.662
0.283499
0.662
0.0540858
0.424524
0.35754
0.300741
0.633391
0.158195
0.662
0.662
0.337371
0.662
0.339848
0.331479
0.233862
0.508433
0.270698
0.622554
0.662
0.662
0.662
0.33973
0.662
0.662
0.206637
0.423357
0.487116
0.662
0.337247
0.662
0.296979
0.662
0.662
0.662
0.662
0.0373366
0.662
0.662
0.13953
0.0436885
0.246242
0.596164
0.662
0.507416
0.662
0.148208
0.402346
0.199437
0.440187
0.392372
0.237607
0.662
0.32214
0.327918
0.0833931
0.662
0.102032
0.468724
0.0176639
0.662
0.662
0.198856
0.650995
0.387534
0.662
0.383644
0.662
0.662
0.662
0.564973
0.662
0.293869
0.344574
0.662
0.303328
0.662
0.0929431
0.0527363
0.465
0.106082
0.414167
0.278574
0.492847
0.377558
0.149882
0.593412
0.201492
0.434724
0.208754
0.212766
0.662
0.662
0.662
0.291983
0.662
0.430512
0.662
0.382724
0.662
0.262357
0.662
0.281685
0.203873
0.356954
0.662
0.662
0.12494
0.662
0.662
0.662
0.271518
0.530605
0.15282
0.662
0.233786
0.331372
0.662
0.662
0.137095
0.0345734
0.203715
0.268459
0.290117
0.133348
0.662
0.349618
0.0351038
0.662
0.662
0.363875
0.662
0.277399
0.662
0.37195
0.445617
0.511891
0.595303
0.322019
0.296852
0.662
0.384936
0.283645
0.180283
0.662
0.561465
0.13661
0.655838
0.303372
0.370793
0.662
0.326895
0.662
0.0947973
0.139855
0.170527
0.109372
0.466162
0.662
0.662
0.474093
0.662
0.431755
0.346452
0.662
0.662
0.042552
0.623085
0.197264
0.435315
0.069586
0.240416
0.662
0.662
0.662
0.195903
0.0631121
0.217936
0.662
0.662
0.0901611
0.434137
0.662
0.268945
0.662
0.662
0.255284
0.166322
0.662
0.352226
0.662
0.662
0.662
0.343071
0.20655
0.34581
0.440898
0.662
0.296191
0.662
0.0706735
0.662
0.224426
0.609264
0.195263
0.178375
0.662
0.543368
0.662
0.248632
0.18324
0.662
0.468957
0.435755
0.662
0.662
0.269381
0.0305029
0.163
0.662
0.220258
0.0152691
0.662
0.156775
0.522676
0.252763
0.296691
0.190667
0.662
0.63223
0.292075
0.197948
0.662
0.318693
0.662
0.0291899
0.662
0.662
0.177278
0.662
0.123529
0.662
0.211333
0.662
0.159429
0.662
0.241418
0.431202
0.402689
0.188327
0.0439917
0.411901
0.36781
0.662
0.277015
0.453782
0.48116
0.318679
0.618125
0.332494
0.662
0.479005
0.662
0.197196
0.662
0.173985
0.234353
0.456276
0.662
0.662
0.206531
0.0802829
0.366279
0.226577
0.00608494
0.249102
0.0745151
0.662
0.662
0.158767
0.662
0.103981
0.302603
0.498529
0.63101
0.285332
0.0606493
0.47297
0.404955
0.303526
0.662
0.662
0.239674
0.522884
0.662
0.167234
0.490944
0.662
0.15696
0.662
0.0329027
0.507506
0.326364
0.662
0.662
0.662
0.662
0.217949
0.196579
0.662
0.422042
0.199522
0.662
0.578072
0.662
0.276371
0.194045
0.0862643
0.169313
0.662
0.253405
0.357188
0.0988654
0.662
0.662
0.662
0.0987981
0.168763
0.189089
0.299596
0.39644
0.662
0.662
0.662
0.0722305
0.662
0.662
0.138883
0.327832
0.22426
0.131991
0.206907
0.662
0.662
0.300643
0.662
0.322437
0.401913
0.191739
0.396023
0.662
0.215508
0.277755
0.136889
0.0665944
0.662
0.194436
0.189762
0.461266
0.0395712
0.205151
0.387153
0.37873
0.662
0.177246
0.370532
0.177449
0.328315
0.229621
0.662
0.293943
0.20826
0.08238
0.101993
0.247359
0.345359
0.213375
0.241031
0.121097
0.118082
0.49546
0.223251
0.208542
0.662
0.662
0.211573
0.228418
0.214186
0.590092
0.171369
0.662
0.28533
0.186598
0.662
0.266706
0.662
0.662
0.662
0.358185
0.0863547
0.662
0.308283
0.351373
0.662
0.0316116
0.662
0.662
0.107013
0.662
0.485662
0.662
0.662
0.520442
0.437847
0.077898
0.184617
0.221783
0.434745
0.0989461
0.234124
0.320927
0.662
0.510862
0.662
0.554628
0.662
0.098655
0.124925
0.0437571
0.662
0.662
0.439357
0.412106
0.0225804
0.361063
0.0840215
0.396932
0.556015
0.662
0.662
0.662
0.662
0.662
0.662
0.662
0.0790464
0.272485
0.354353
0.346453
0.0871772
0.662
0.306543
0.662
0.00160207
0.269697
0.357348
0.662
0.662
0.662
0.237102
0.662
0.0913108
0.662
0.467727
0.12653
0.404498
0.00428662
0.131028
0.33541
0.439799
0.662
0.147379
0.662
0.49042
0.662
0.103909
0.662
0.223374
0.424137
0.552551
0.662
0.662
0.662
0.479025
0.662
0.278708
0.662
0.310241
0.659579
0.662
0.379971
0.662
0.208484
0.230413
0.206521
0.122798
0.383876
0.662
0.512561
0.662
0.276855
0.662
0.469745
0.662
0.232045
0.662
0.501591
0.215138
0.662
0.4495
0.468186
0.662
0.356453
0.211866
0.358388
0.220286
0.479551
0.418587
0.365974
0.662
0.662
0.136439
0.249834
0.082934
0.189786
0.662
0.662
0.359734
0.00184087
0.0797513
0.662
0.24322
0.662
0.0434174
0.133591
0.188719
0.100895
0.284312
0.115427
0.662
0.228883
0.662
0.0163533
0.587668
0.662
0.244131
0.347553
0.662
0.152061
0.662
0.285069
0.662
0.22688
0.662
0.600034
0.647529
0.550912
0.383777
0.662
0.662
0.446969
0.146322
0.277159
0.163858
0.106175
0.662
0.662
0.189169
0.415171
0.592872
0.662
0.156866
0.22823
0.125411
0.198338
0.605964
0.240392
0.0759259
0.662
0.0536285
0.466485
0.0893545
0.662
0.662
0.662
0.662
0.662
0.662
0.662
0.205605
0.429642
0.291547
0.325657
0.662
0.390528
0.186967
0.662
0.34408
0.662
0.662
0.291966
0.662
0.662
0.662
0.241728
0.662
0.42095
0.550591
0.288211
0.179629
0.662
0.662
0.0250145
0.196606
0.662
0.247324
0.417925
0.3961
0.582364
0.053093
0.662
0.216653
0.662
0.283934
0.662
0.662
0.662
0.340311
0.470048
0.0970804
0.442354
0.662
0.0896533
0.662
0.43194
0.334493
0.662
0.662
0.389791
0.0394765
0.662
0.662
0.221039
0.349866
0.289586
0.662
0.662
0.2947
0.662
0.410853
0.662
0.187653
0.662
0.193616
0.0443286
0.091033
0.186643
0.175488
0.242222
0.125942
0.662
0.0394063
0.419479
0.662
0.662
0.264956
0.146819
0.662
0.00270241
0.202959
0.106742
0.662
0.349357
0.662
0.662
0.662
0.662
0.00712173
0.176191
0.662
0.169553
0.428613
0.662
0.662
0.662
0.318699
0.401939
0.350624
0.662
0.38089
0.662
0.662
0.369956
0.210086
0.259344
0.429177
0.662
0.662
0.662
0.501347
0.662
0.094368
0.662
0.358202
0.334856
0.0177635
0.662
0.662
0.171154
0.358187
0.662
0.0836432
0.515085
0.294592
0.324129
0.346789
0.517861
0.662
0.145869
0.662
0.225103
0.440546
0.662
0.254221
0.662
0.662
0.662
0.216736
0.586851
0.325572
0.662
0.161804
0.158726
0.527302
0.148241
0.662
0.240415
0.662
0.00835186
0.345933
0.506802
0.312745
0.179508
0.300062
0.194234
0.104264
0.299067
0.215434
0.662
0.19535
0.662
0.332107
0.427582
0.494936
0.662
0.36256
0.662
0.662
0.662
0.149897
0.495999
0.662
0.190659
0.29934
0.662
0.504782
0.139643
0.401265
0.662
0.662
0.662
0.343099
0.662
0.308106
0.317979
0.0704559
0.662
0.358558
0.662
0.662
0.444605
0.23138
0.262357
0.178746
0.12272
0.662
0.382818
0.662
0.662
0.662
0.569015
0.599664
0.560927
0.233311
0.541661
0.504159
0.0854082
0.662
0.314882
0.443237
0.179094
0.662
0.207531
0.280045
0.662
0.00373903
0.662
0.657648
0.191054
0.102747
0.135943
0.662
0.0709537
0.662
0.184303
0.662
0.296598
0.662
0.662
0.416687
0.662
0.447292
0.230033
0.182865
0.662
0.313758
0.662
0.344608
0.40518
0.662
0.119917
0.204031
0.432078
0.298426
0.662
0.0443131
0.405237
0.0729968
0.212868
0.662
0.662
0.662
0.662
0.662
0.662
0.0555746
0.435424
0.069529
0.137616
0.662
0.348043
0.662
0.12796
0.662
0.278775
0.109326
0.662
0.662
0.26737
0.412837
0.662
0.662
0.662
0.244229
0.215995
0.662
0.662
0.662
0.388177
0.267689
0.662
0.662
0.662
0.0221005
0.633694
0.0346017
0.662
0.297813
0.662
0.408898
0.568513
0.662
0.105539
0.211054
0.315102
0.205234
0.662
0.662
0.409368
0.347989
0.250258
0.100161
0.662
0.0125384
0.00616527
0.662
0.461717
0.662
0.26543
0.662
0.662
0.123643
0.630767
0.430766
0.662
0.167464
0.662
0.467164
0.507283
0.348031
0.297581
0.0107395
0.220857
0.426667
0.662
0.227198
0.590561
0.662
0.662
0.662
0.662
0.410521
0.33334
0.260393
0.450442
0.233183
0.371557
0.463533
0.207202
0.353846
0.169429
0.662
0.283362
0.662
0.0648158
0.455812
0.662
0.246737
0.31005
0.662
0.23014
0.389903
0.507232
0.612345
0.662
0.662
0.662
0.662
0.662
0.406548
0.662
0.155257
0.662
0.471558
0.222858
0.554099
0.662
0.0415909
0.462144
0.644423
0.193373
0.0928395
0.439227
0.451694
0.662
0.160218
0.329426
0.662
0.662
0.17582
0.662
0.662
0.000985501
0.662
0.662
0.372354
0.099957
0.448683
0.662
0.143004
0.101427
0.589204
0.662
0.310524
0.258503
0.50711
0.130656
0.220086
0.0199585
0.185788
0.323721
0.117057
0.277311
0.313766
0.28748
0.662
0.662
0.662
0.662
0.662
0.474363
0.365304
0.142093
0.308972
0.280633
0.187892
0.195272
0.387237
0.280374
0.662
0.293714
0.483001
0.662
0.188792
0.283037
0.0670521
0.503525
0.162778
0.662
0.662
0.155631
0.257936
0.662
0.417466
0.662
0.221391
0.35176
0.305335
0.0536236
0.060052
0.233801
0.569591
0.278326
0.372719
0.662
0.662
0.662
0.662
0.188015
0.662
0.0505085
0.662
0.45553
0.339669
0.3605
0.662
0.662
0.662
0.232796
0.662
0.0209365
0.36027
0.19997
0.466663
0.662
0.20112
0.662
0.0557692
0.650513
0.662
0.124451
0.662
0.114147
0.662
0.64747
0.662
0.446872
0.662
0.32289
0.662
0.389861
0.662
0.662
0.0108838
0.455823
0.180959
0.151491
0.662
0.662
0.578062
0.662
0.167728
0.0512058
0.419538
0.466998
0.662
0.189124
0.451275
0.662
0.662
0.0495678
0.662
0.378352
0.662
0.662
0.314909
0.507285
0.310691
0.143891
0.280958
0.19697
0.377243
0.355415
0.20582
0.274011
0.207706
0.662
0.0625102
0.254432
0.345542
0.662
0.662
0.662
0.662
0.0394181
0.662
0.348627
0.101627
0.662
0.227113
0.327325
0.126685
0.344455
0.144434
0.460866
0.0339899
0.662
0.662
0.662
0.135136
0.662
0.145933
0.662
0.494505
0.199634
0.313076
0.346559
0.662
0.662
0.345748
0.662
0.662
0.378984
0.274925
0.224295
0.17948
0.662
0.328781
0.206941
0.353687
0.139945
0.215838
0.510629
0.185225
0.662
0.59732
0.203461
0.318612
0.662
0.662
0.396228
0.662
0.0839994
0.0358265
0.452184
0.662
0.257475
0.122707
0.234193
0.159437
0.0547273
0.252683
0.458408
0.662
0.514975
0.662
0.662
0.662
0.390603
0.289096
0.129458
0.662
0.26089
0.200029
0.170733
0.113221
0.662
0.0422647
0.662
0.164715
0.144675
0.662
0.151796
0.204788
0.489716
0.147483
0.662
0.27095
0.662
0.662
0.662
0.28008
0.312073
0.115041
0.662
0.250645
0.662
0.397682
0.304559
0.662
0.662
0.342441
0.506659
0.216267
0.0134834
0.662
0.397592
0.662
0.662
0.662
0.662
0.54966
0.0732196
0.349184
0.26228
0.662
0.662
0.662
0.146183
0.662
0.662
0.662
0.662
0.662
0.331464
0.264179
0.255653
0.442903
0.662
0.399951
0.271017
0.500617
0.125845
0.431607
0.181233
0.512356
0.227819
0.179545
0.208431
0.193256
0.662
0.208006
0.403622
0.662
0.308096
0.662
0.117424
0.140966
0.662
0.161667
0.662
0.662
0.227003
0.662
0.662
0.473597
0.662
0.662
0.30494
0.662
0.335627
0.512439
0.662
0.662
0.662
0.166437
0.662
0.0818061
0.662
0.662
0.254832
0.662
0.662
0.332148
0.662
0.20122
0.185492
0.438327
0.662
0.177554
0.160772
0.662
0.225247
0.662
0.176313
0.0126062
0.474644
0.662
0.177966
0.662
0.263083
0.111652
0.121173
0.662
0.662
0.662
0.662
0.4463
0.367939
0.293562
0.662
0.662
0.662
0.662
0.264007
0.365497
0.662
0.662
0.285596
0.662
0.662
0.662
0.0347616
0.662
0.303701
0.243062
0.230037
0.0783352
0.613884
0.662
0.446824
0.0622568
0.479269
0.578666
0.307735
0.136325
0.318575
0.105417
0.423582
0.662
0.662
0.133318
0.662
0.246555
0.487657
0.0870612
0.662
0.313034
0.662
0.662
0.414583
0.233417
0.401484
0.427434
0.0190693
0.662
0.662
0.119872
0.325996
0.454426
0.11838
0.417011
0.662
0.0929223
0.431664
0.420249
0.662
0.205067
0.252279
0.270309
0.400857
0.447163
0.662
0.662
0.326801
0.110698
0.310924
0.246677
0.584847
0.173424
0.486241
0.341592
0.31486
0.341158
0.662
0.662
0.0470483
0.301428
0.421592
0.662
0.0639799
0.662
0.662
0.662
0.244617
0.635965
0.662
0.297466
0.662
0.189983
0.587536
0.340901
0.282192
0.102023
0.210488
0.107866
0.662
0.0598299
0.33561
0.445116
0.107572
0.662
0.662
0.375916
0.22126
0.662
0.228129
0.362256
0.143295
0.211578
0.121975
0.55539
0.662
0.30989
0.437965
0.662
0.118937
0.333187
0.662
0.662
0.220376
0.429331
0.277537
0.662
0.662
0.662
0.100034
0.247482
0.662
0.319863
0.662
0.359733
0.662
0.3447
0.458165
0.355455
0.662
0.253009
0.186984
0.292162
0.304046
0.204187
0.662
0.352087
0.662
0.662
0.388665
0.662
0.563639
0.662
0.403566
0.41688
0.401358
0.539823
0.272681
0.228746
0.204101
0.113706
0.298005
0.178417
0.363615
0.662
0.662
0.662
0.257387
0.111781
0.662
0.314109
0.233158
0.0561952
0.103942
0.0809896
0.662
0.247694
0.662
0.116582
0.223677
0.225668
0.662
0.585862
0.662
0.662
0.117828
0.305204
0.468418
0.279225
0.266517
0.0844615
0.325094
0.265711
0.194623
0.353814
0.662
0.094899
0.662
0.126794
0.327535
0.270544
0.109225
0.662
0.440908
0.0272138
0.662
0.411883
0.662
0.0911047
0.364137
0.425954
0.542342
0.662
0.662
0.662
0.599362
0.609529
0.662
0.476363
0.110372
0.126525
0.192722
0.429804
0.662
0.662
0.123133
0.0792076
0.452704
0.662
0.141896
0.0947734
0.662
0.44717
0.197171
0.306258
0.482603
0.662
0.382831
0.662
0.493899
0.662
0.458641
0.662
0.467794
0.386891
0.1928
0.335926
0.662
0.184418
0.662
0.42454
0.477629
0.505894
0.641404
0.339169
0.0272309
0.263788
0.662
0.662
0.164643
0.0870521
0.113694
0.179108
0.662
0.662
0.511788
0.662
0.0125676
0.122448
0.485999
0.662
0.597028
0.662
0.662
0.662
0.662
0.662
0.662
0.413381
0.0903416
0.662
0.247678
0.246451
0.035935
0.177983
0.420071
0.662
0.333486
0.326359
0.662
0.662
0.463214
0.662
0.229636
0.662
0.384552
0.543249
0.662
0.39708
0.662
0.19341
0.662
0.0499323
0.102614
0.304102
0.662
0.662
0.0980578
0.500124
0.662
0.433047
0.550705
0.662
0.662
0.428376
0.662
0.662
0.14102
0.662
0.662
0.662
0.662
0.593798
0.347851
0.125459
0.199002
0.662
0.143004
0.280862
0.157762
0.662
0.662
0.662
0.662
0.0906138
0.599458
0.0268268
0.662
0.270538
0.256706
0.230841
0.242419
0.484751
0.0459168
0.20778
0.662
0.354022
0.662
0.150498
0.485915
0.134685
0.662
0.264289
0.298637
0.377457
0.662
0.662
0.122943
0.0200345
0.339778
0.239443
0.662
0.662
0.113222
0.112715
0.22256
0.662
0.0709321
0.662
0.384951
0.523577
0.426005
0.478278
0.19824
0.099271
0.268603
0.662
0.264127
0.241825
0.278142
0.469719
0.171339
0.662
0.662
0.199262
0.37986
0.312956
0.140787
0.0729373
0.0871574
0.122492
0.035706
0.396293
0.662
0.305895
0.511351
0.438763
0.662
0.662
0.342792
0.169347
0.662
0.182158
0.221219
0.662
0.431888
0.161341
0.662
0.346614
0.275435
0.0258688
0.241617
0.662
0.371351
0.265443
0.332655
0.431427
0.662
0.662
0.662
0.662
0.662
0.662
0.23396
0.524395
0.662
0.295581
0.250598
0.199618
0.662
0.303584
0.346249
0.266261
0.0855354
0.662
0.45422
0.109799
0.662
0.198977
0.205979
0.0584199
0.214917
0.433725
0.454139
0.662
0.412776
0.505958
0.0791333
0.130886
0.447178
0.365333
0.662
0.290184
0.225391
0.236829
0.1519
0.543353
0.119074
0.337388
0.449503
0.662
0.294836
0.662
0.662
0.560748
0.440408
0.662
0.662
0.662
0.662
0.100533
0.662
0.226536
0.227498
0.205835
0.316159
0.662
0.512551
0.662
0.517803
0.662
0.662
0.353898
0.0870658
0.354076
0.0137852
0.57258
0.366303
0.194018
0.00896019
0.242851
0.57065
0.286408
0.662
0.337838
0.198838
0.279331
0.303714
0.162071
0.662
0.662
0.662
0.196679
0.662
0.0899744
0.116066
0.428832
0.243784
0.662
0.408059
0.298368
0.662
0.662
0.662
0.616449
0.14659
0.662
0.154123
0.662
0.662
0.148025
0.364908
0.662
0.134349
0.128175
0.244584
0.341922
0.122941
0.0622607
0.10798
0.662
0.662
0.536403
0.397547
0.662
0.257882
0.0767348
0.00154843
0.662
0.506865
0.225937
0.180079
0.662
0.662
0.109703
0.411447
0.437273
0.104905
0.662
0.476279
0.199125
0.293404
0.662
0.262329
0.662
0.662
0.229229
0.102679
0.662
0.639231
0.662
0.114168
0.295583
0.662
0.662
0.217991
0.242859
0.0694226
0.0171211
0.662
0.662
0.339985
0.434262
0.662
0.662
0.480102
0.662
0.426451
0.319266
0.662
0.662
0.00520356
0.224566
0.662
0.662
0.243133
0.102211
0.25362
0.304391
0.2464
0.662
0.475529
0.662
0.662
0.180404
0.662
0.191544
0.195572
0.662
0.156688
0.662
0.235015
0.368574
0.662
0.662
0.662
0.273888
0.0173807
0.265733
0.662
0.223799
0.662
0.662
0.095855
0.662
0.662
0.662
0.303233
0.163849
0.662
0.662
0.112605
0.245734
0.180958
0.0175804
0.662
0.562158
0.662
0.662
0.608105
0.337616
0.662
0.662
0.662
0.662
0.327126
0.662
0.322413
0.662
0.662
0.662
0.662
0.239437
0.662
0.662
0.140906
0.0778712
0.662
0.662
0.479791
0.382814
0.662
0.237657
0.305111
0.188729
0.662
0.662
0.662
0.662
0.662
0.662
0.662
0.253409
0.29319
0.662
0.268786
0.083633
0.662
0.246687
0.563243
0.662
0.464349
0.662
0.662
0.107102
0.662
0.419384
0.478806
0.0759659
0.662
0.215787
0.281838
0.662
0.41486
0.662
0.473748
0.662
0.662
0.662
0.662
0.213683
0.345981
0.269149
0.0293931
0.662
0.662
0.662
0.265735
0.472074
0.662
0.662
0.216313
0.349723
0.238229
0.180895
0.307217
0.339999
0.662
0.662
0.662
0.662
0.12278
0.0523296
0.246359
0.0591247
0.662
0.22783
0.662
0.593032
0.662
0.396169
0.662
0.0316455
0.0199954
0.454495
0.558731
0.295926
0.187206
0.184948
0.662
0.457661
0.250717
0.213101
0.502104
0.462293
0.662
0.191273
0.662
0.662
0.239506
0.374906
0.270321
0.662
0.266698
0.662
0.662
0.0627543
0.662
0.662
0.662
0.662
0.580712
0.193877
0.17408
0.466282
0.662
0.662
0.662
0.251442
0.0351547
0.0742263
0.662
0.662
0.309094
0.315257
0.662
0.207529
0.448469
0.458772
0.662
0.662
0.219215
0.252917
0.0527521
0.662
0.662
0.662
0.662
0.236885
0.662
0.662
0.0134517
0.662
0.41287
0.613113
0.566801
0.38286
0.662
0.622042
0.160168
0.662
0.662
0.662
0.184473
0.662
0.394236
0.0480857
0.18549
0.553778
0.140091
0.662
0.662
0.662
0.662
0.662
0.488061
0.662
0.662
0.662
0.208407
0.455404
0.210389
0.662
0.298977
0.300098
0.662
0.429722
0.662
0.662
0.00112874
0.662
0.0453599
0.393414
0.191854
0.0824803
0.415522
0.662
0.662
0.469209
0.662
0.662
0.528478
0.598259
0.443514
0.662
0.230674
0.662
0.263495
0.282758
0.371044
0.131847
0.446929
0.662
0.662
0.662
0.451213
0.467582
0.169768
0.576289
0.662
0.662
0.242461
0.315956
0.231159
0.243907
0.0198064
0.0780187
0.119293
0.662
0.218237
0.262687
0.165242
0.662
0.662
0.0767305
0.662
0.357316
0.607275
0.662
0.662
0.0614402
0.429861
0.149466
0.175544
0.420831
0.115442
0.662
0.197006
0.352465
0.0990937
0.298196
0.662
0.298162
0.0784698
0.662
0.662
0.430943
0.662
0.662
0.39986
0.662
0.662
0.109712
0.402168
0.0523567
0.095268
0.25348
0.306116
0.230327
0.0281565
0.580506
0.514081
0.606816
0.0240243
0.404241
0.662
0.662
0.662
0.662
0.662
0.014563
0.167078
0.375446
0.634568
0.196665
0.124252
0.585057
0.662
0.0819861
0.215477
0.381813
0.662
0.413505
0.35433
0.329499
0.209994
0.194055
0.21332
0.409092
0.662
0.234262
0.238287
0.0126485
0.103624
0.0935564
0.662
0.662
0.662
0.224894
0.662
0.662
0.662
0.662
0.662
0.484472
0.662
0.0262075
0.0266094
0.612876
0.148752
0.155979
0.439896
0.0413786
0.662
0.267422
0.394439
0.411455
0.217567
0.662
0.166119
0.662
0.167612
0.442168
0.662
0.56402
0.0133807
0.194769
0.273006
0.282084
0.351484
0.612333
0.662
0.354215
0.3168
0.194394
0.662
0.422064
0.32493
0.583966
0.529178
0.0232014
0.662
0.36542
0.662
0.452143
0.662
0.662
0.208481
0.364284
0.345788
0.266735
0.292808
0.662
0.662
0.661627
0.662
0.662
0.188096
0.662
0.239485
0.662
0.257377
0.335509
0.662
0.662
0.0938456
0.662
0.248675
0.396806
0.662
0.662
0.455716
0.173362
0.213536
0.490122
0.662
0.662
0.662
0.662
0.662
0.186447
0.332502
0.662
0.662
0.111801
0.37031
0.662
0.662
0.286081
0.145191
0.502619
0.241146
0.38421
0.00696848
0.662
0.254366
0.390018
0.662
0.610845
0.662
0.468515
0.662
0.662
0.496205
0.662
0.0210555
0.662
0.45594
0.270473
0.662
0.662
0.662
0.662
0.408732
0.662
0.430221
0.662
0.662
0.0324146
0.662
0.662
0.662
0.435181
0.358
0.662
0.350632
0.662
0.121646
0.260399
0.363213
0.173327
0.0743413
0.352748
0.174123
0.662
0.0477849
0.662
0.286039
0.662
0.662
0.662
0.662
0.199332
0.0223106
0.173287
0.10124
0.662
0.23344
0.662
0.662
0.662
0.662
0.662
0.275235
0.662
0.236643
0.157444
0.183071
0.662
0.146204
0.662
0.662
0.322735
0.0021215
0.0498561
0.662
0.662
0.662
0.191586
0.206312
0.301183
0.464623
0.662
0.662
0.466222
0.662
0.364817
0.13437
0.555723
0.0453677
0.0338663
0.662
0.662
0.19441
0.662
0.662
0.111586
0.124952
0.0462426
0.135969
0.662
0.662
0.662
0.0703845
0.662
0.662
0.299724
0.138997
0.473766
0.662
0.197442
0.151408
0.579923
0.143142
0.289859
0.205267
0.192458
0.218035
0.197195
0.241447
0.662
0.662
0.375872
0.0708874
0.662
0.0706733
0.427323
0.365322
0.0162475
0.662
0.341539
0.434685
0.146697
0.393396
0.108623
0.192375
0.207816
0.662
0.215023
0.662
0.0117655
0.257279
0.662
0.662
0.168325
0.145632
0.662
0.662
0.475921
0.662
0.662
0.271783
0.192945
0.662
0.218675
0.662
0.651487
0.317839
0.169127
0.206112
0.0686398
0.662
0.236206
0.200961
0.662
0.618385
0.662
0.225652
0.662
0.247813
0.0189776
0.662
0.662
0.417732
0.522577
0.217813
0.662
0.0456452
0.662
0.226781
0.507961
0.245591
0.662
0.662
0.560479
0.284554
0.662
0.309326
0.662
0.662
0.662
0.145463
0.244705
0.119083
0.355456
0.662
0.0845423
0.662
0.47686
0.361848
0.100877
0.248047
0.662
0.662
0.662
0.209844
0.107392
0.662
0.566613
0.518563
0.384247
0.662
0.662
0.226917
0.662
0.662
0.662
0.252283
0.662
0.662
0.662
0.662
0.490858
0.267784
0.187236
0.393892
0.411225
0.662
0.387197
0.662
0.194005
0.662
0.415384
0.146916
0.0622981
0.365198
0.662
0.253222
0.0600752
0.0707133
0.662
0.268889
0.205151
0.662
0.392683
0.311042
0.477279
0.465832
0.318056
0.662
0.662
0.662
0.662
0.422211
0.201083
0.662
0.378642
0.191584
0.477245
0.212698
0.662
0.662
0.662
0.406841
0.662
0.452484
0.251435
0.662
0.299773
0.207352
0.246142
0.261161
0.662
0.219785
0.386504
0.235157
0.347136
0.431355
0.447224
0.204666
0.662
0.0878379
0.156332
0.310477
0.391939
0.662
0.662
0.107909
0.540326
0.662
0.662
0.122483
0.415831
0.493225
0.662
0.488817
0.643656
0.662
0.662
0.19923
0.388268
0.216601
0.24034
0.232288
0.154455
0.0893904
0.0374292
0.421057
0.102968
0.134353
0.220193
0.127454
0.371792
0.14804
0.662
0.120413
0.0436723
0.107281
0.662
0.662
0.403347
0.00905397
0.542043
0.662
0.662
0.296578
0.199936
0.390686
0.662
0.128846
0.662
0.662
0.396267
0.438255
0.662
0.662
0.391077
0.147024
0.662
0.167957
0.456475
0.230711
0.232885
0.662
0.662
0.205888
0.662
0.662
0.541241
0.662
0.103399
0.391781
0.662
0.390632
0.307622
0.662
0.343442
0.468892
0.662
0.302327
0.0744804
0.441584
0.184991
0.662
0.44523
0.662
0.662
0.662
0.662
0.662
0.30031
0.662
0.662
0.0749384
0.131268
0.0233962
0.581361
0.662
0.662
0.662
0.662
0.27215
0.662
0.289032
0.404833
0.662
0.243747
0.45847
0.44383
0.413046
0.469636
0.356511
0.662
0.297662
0.0746967
0.0760544
0.662
0.301636
0.662
0.662
0.416559
0.662
0.662
0.662
0.405051
0.158458
0.662
0.662
0.459638
0.662
0.032103
0.50254
0.662
0.285938
0.30419
0.23611
0.470908
0.217738
0.0158752
0.0218194
0.114731
0.213373
0.468824
0.513556
0.0161283
0.61415
0.121489
0.21422
0.662
0.448722
0.662
0.662
0.303385
0.441103
0.413891
0.169536
0.370234
0.662
0.196241
0.228181
0.318211
0.662
0.662
0.662
0.359725
0.662
0.416377
0.430162
0.662
0.0596153
0.662
0.151656
0.387731
0.440146
0.373364
0.662
0.362125
0.4955
0.662
0.0119865
0.662
0.350747
0.662
0.0547629
0.1199
0.215969
0.22728
0.591079
0.423816
0.450153
0.662
0.662
0.350848
0.662
0.662
0.46069
0.662
0.259044
0.662
0.662
0.662
0.054537
0.662
0.662
0.161125
0.270157
0.133184
0.217733
0.368168
0.14116
0.0865747
0.662
0.662
0.338931
0.160663
0.226684
0.143605
0.662
0.0663772
0.327981
0.662
0.662
0.662
0.662
0.160103
0.662
0.662
0.339535
0.236622
0.220072
0.106871
0.187725
0.202723
0.662
0.650721
0.662
0.128884
0.662
0.662
0.662
0.316788
0.662
0.662
0.150795
0.567043
0.662
0.420392
0.109296
0.0469254
0.662
0.616103
0.416631
0.305905
0.662
0.662
0.662
0.0464799
0.662
0.119829
0.662
0.284928
0.43319
0.395415
0.0554617
0.239202
0.662
0.3102
0.00911951
0.194896
0.61313
0.662
0.031097
0.326171
0.662
0.662
0.662
0.662
0.275828
0.648097
0.662
0.337838
0.331523
0.386747
0.188986
0.227986
0.456384
0.662
0.662
0.369463
0.390577
0.662
0.373602
0.264824
0.117506
0.248228
0.255499
0.0862285
0.662
0.135266
0.472124
0.511905
0.117868
0.574552
0.417284
0.357543
0.662
0.0947033
0.289492
0.662
0.347508
0.0293818
0.270909
0.662
0.662
0.251961
0.41478
0.236868
0.239586
0.662
0.346302
0.483321
0.662
0.662
0.242439
0.137635
0.325578
0.662
0.0691265
0.112791
0.00309867
0.43007
0.199132
0.662
0.0447213
0.189955
0.0561174
0.220734
0.291186
0.0904253
0.565991
0.662
0.246028
0.407369
0.106498
0.105926
0.349897
0.409237
0.662
0.266361
0.662
0.662
0.662
0.472786
0.662
0.662
0.350789
0.324846
0.662
0.662
0.224627
0.149041
0.662
0.231934
0.0531109
0.662
0.662
0.23562
0.264526
0.323543
0.599427
0.368443
0.662
0.232863
0.662
0.126604
0.36401
0.20044
0.471787
0.528034
0.513708
0.200639
0.662
0.662
0.0433164
0.0430889
0.662
0.662
0.492658
0.155835
0.193784
0.662
0.662
0.662
0.237362
0.0712958
0.662
0.662
0.662
0.662
0.662
0.662
0.468699
0.662
0.662
0.25594
0.662
0.662
0.662
0.662
0.00888914
0.301602
0.100207
0.443512
0.237165
0.476969
0.662
0.204519
0.662
0.662
0.0829294
0.662
0.155793
0.539293
0.0916213
0.662
0.662
0.0292425
0.203939
0.662
0.662
0.314281
0.662
0.662
0.0620921
0.284318
0.372105
0.283638
0.662
0.210052
0.235481
0.259581
0.243597
0.443069
0.538678
0.662
0.662
0.662
0.662
0.409291
0.523764
0.274349
0.662
0.362516
0.662
0.662
0.318451
0.0473753
0.325047
0.24396
0.236667
0.662
0.475887
0.662
0.662
0.0410907
0.138279
0.278724
0.662
0.662
0.429884
0.208941
0.334327
0.662
0.396284
0.662
0.662
0.662
0.296609
0.662
0.0901628
0.460885
0.474964
0.0201068
0.662
0.219211
0.662
0.662
0.133156
0.497572
0.410414
0.215373
0.662
0.662
0.662
0.662
0.180521
0.592623
0.662
0.662
0.583125
0.662
0.662
0.662
0.366805
0.137192
0.088071
0.662
0.662
0.662
0.662
0.324275
0.307401
0.0572288
0.215868
0.00574047
0.662
0.421514
0.497765
0.41896
0.238377
0.662
0.662
0.662
0.243925
0.196585
0.662
0.280983
0.662
0.662
0.198211
0.245612
0.662
0.315139
0.662
0.59158
0.662
0.662
0.55589
0.208547
0.662
0.114657
0.283745
0.00558804
0.0584356
0.189138
0.35206
0.662
0.297007
0.662
0.188751
0.662
0.662
0.164295
0.662
0.224965
0.502393
0.662
0.662
0.373036
0.386527
0.662
0.357231
0.662
0.430085
0.39663
0.000102999
0.662
0.662
0.662
0.19461
0.662
0.298917
0.279543
0.662
0.61282
0.212324
0.662
0.173664
0.662
0.18397
0.268157
0.662
0.0935437
0.380838
0.456907
0.240485
0.165637
0.255002
0.636286
0.179381
0.106664
0.387769
0.662
0.662
0.662
0.462242
0.249479
0.339657
0.0177561
0.185972
0.12109
0.241957
0.243861
0.662
0.0752523
0.662
0.208795
0.662
0.662
0.404564
0.662
0.0779894
0.444378
0.662
0.2315
0.662
0.0390475
0.088578
0.25138
0.662
0.474264
0.338885
0.399493
0.662
0.186768
0.241627
0.662
0.662
0.662
0.662
0.662
0.498186
0.662
0.105303
0.354486
0.662
0.662
0.352536
0.179726
0.31675
0.543431
0.235387
0.662
0.0489615
0.662
0.528816
0.130297
0.429833
0.630655
0.662
0.649929
0.662
0.662
0.469917
0.662
0.662
0.408227
0.662
0.662
0.502586
0.41521
0.662
0.662
0.662
0.116608
0.286139
0.662
0.662
0.401123
0.662
0.662
0.662
0.100107
0.150472
0.662
0.26277
0.481008
0.159627
0.286876
0.662
0.662
0.241022
0.390871
0.161909
0.00480094
0.456054
0.0109857
0.413537
0.458302
0.0392847
0.662
0.662
0.662
0.31316
0.662
0.662
0.265484
0.2374
0.662
0.662
0.662
0.480033
0.211185
0.0950658
0.249136
0.288924
0.445403
0.637696
0.237076
0.662
0.385808
0.314939
0.662
0.296115
0.662
0.00938114
0.286194
0.662
0.662
0.662
0.437431
0.156131
0.0677852
0.115479
0.547318
0.662
0.407198
0.102538
0.662
0.662
0.0976331
0.170294
0.662
0.369851
0.398157
0.662
0.0065265
0.596891
0.272288
0.662
0.521754
0.211235
0.448752
0.298398
0.386792
0.181469
0.246401
0.662
0.414843
0.662
0.477441
0.662
0.378084
0.662
0.101881
0.662
0.230422
0.00163257
0.426192
0.122188
0.662
0.185716
0.597141
0.0150157
0.662
0.28172
0.662
0.0921094
0.662
0.340249
0.662
0.662
0.662
0.0208105
0.662
0.662
0.220862
0.31926
0.393367
0.401134
0.148339
0.154644
0.0417749
0.118497
0.490386
0.662
0.662
0.662
0.662
0.423889
0.489613
0.335293
0.662
0.662
0.662
0.471258
0.430071
0.662
0.320585
0.0836878
0.662
0.389434
0.662
0.662
0.304867
0.305568
0.662
0.256468
0.662
0.110009
0.413476
0.662
0.662
0.662
0.320912
0.662
0.0975873
0.475251
0.662
0.330702
0.628982
0.662
0.36287
0.662
0.662
0.662
0.47225
0.31041
0.662
0.191833
0.142281
0.662
0.662
0.291297
0.0308183
0.662
0.662
0.131193
0.662
0.212633
0.113072
0.662
0.314918
0.662
0.659491
0.0398019
0.124304
0.164868
0.662
0.284877
0.662
0.296087
0.569672
0.662
0.662
0.662
0.631637
0.175462
0.662
0.391532
0.199646
0.662
0.587824
0.662
0.662
0.644742
0.662
0.58466
0.662
0.662
0.662
0.662
0.662
0.339958
0.662
0.237887
0.270005
0.662
0.662
0.292055
0.233572
0.343336
0.157541
0.662
0.295387
0.662
0.00719824
0.662
0.202027
0.662
0.662
0.125164
0.0717636
0.504912
0.0281805
0.274217
0.392614
0.188737
0.475575
0.0904972
0.0552848
0.304376
0.370953
0.160577
0.662
0.141784
0.258215
0.310116
0.662
0.158205
0.389993
0.662
0.339798
0.161921
0.0698771
0.662
0.662
0.662
0.662
0.196631
0.181173
0.662
0.662
0.195436
0.662
0.662
0.662
0.241785
0.451022
0.662
0.373504
0.353397
0.634287
0.156668
0.662
0.389228
0.436267
0.662
0.270032
0.662
0.353106
0.513847
0.662
0.293506
0.277551
0.238806
0.214085
0.662
0.324297
0.662
0.662
0.240973
0.263432
0.137041
0.209564
0.218868
0.184911
0.540976
0.195531
0.18833
0.445795
0.50079
0.662
0.470865
0.662
0.331021
0.662
0.401007
0.662
0.662
0.662
0.0550338
0.662
0.00803235
0.662
0.662
0.254244
0.417168
0.662
0.601254
0.12738
0.0727602
0.662
0.662
0.662
0.366637
0.662
0.662
0.466095
0.408171
0.662
0.352412
0.662
0.662
0.377485
0.662
0.278052
0.11778
0.0997325
0.0691968
0.0996702
0.2241
0.422059
0.324828
0.662
0.287725
0.23133
0.662
0.662
0.159027
0.662
0.662
0.192258
0.662
0.248415
0.0114243
0.662
0.256617
0.662
0.662
0.448046
0.662
0.175728
0.473178
0.393155
0.662
0.662
0.662
0.662
0.373111
0.52345
0.0469864
0.330491
0.662
0.662
0.662
0.0860785
0.662
0.155796
0.520538
0.517563
0.662
0.146523
0.315988
0.0662917
0.662
0.270054
0.662
0.662
0.662
0.254724
0.00499951
0.662
0.421017
0.662
0.266279
0.662
0.0639812
0.155851
0.662
0.324224
0.662
0.290148
0.288537
0.662
0.662
0.407915
0.662
0.24679
0.662
0.662
0.0948699
0.238646
0.385327
0.366802
0.662
0.102939
0.662
0.00715293
0.641797
0.662
0.662
0.192117
0.465455
0.0544742
0.662
0.662
0.142383
0.0945977
0.662
0.522819
0.662
0.662
0.276684
0.336848
0.326175
0.280856
0.662
0.662
0.662
0.474837
0.662
0.192836
0.324995
0.662
0.662
0.550629
0.662
0.352974
0.2364
0.399351
0.662
0.662
0.337765
0.662
0.288192
0.459714
0.225521
0.662
0.343682
0.269752
0.662
0.662
0.166832
0.284577
0.326475
0.0820089
0.662
0.662
0.662
0.44176
0.261617
0.662
0.662
0.662
0.662
0.662
0.662
0.105013
0.662
0.662
0.662
0.0591132
0.20634
0.662
0.383294
0.662
0.449299
0.328933
0.662
0.221122
0.2437
0.452179
0.288521
0.662
0.662
0.431593
0.284829
0.662
0.662
0.662
0.233364
0.662
0.3029
0.109014
0.245463
0.662
0.237968
0.662
0.0908833
0.306638
0.319982
0.472722
0.662
0.662
0.662
0.324487
0.662
0.662
0.235802
0.662
0.456237
0.662
0.309042
0.662
0.390504
0.33841
0.233416
0.416799
0.662
0.123898
0.662
0.662
0.427824
0.662
0.396487
0.156645
0.662
0.662
0.34938
0.129476
0.662
0.662
0.662
0.162731
0.402849
0.292102
0.297179
0.200715
0.662
0.662
0.250604
0.615775
0.228875
0.471852
0.31029
0.160608
0.662
0.662
0.404986
0.466028
0.218714
0.0967492
0.35939
0.405807
0.333927
0.183105
0.250641
0.311685
0.662
0.662
0.662
0.0607911
0.662
0.22485
0.216645
0.573214
0.24792
0.254352
0.662
0.662
0.662
0.352437
0.241933
0.660038
0.180957
0.360778
0.37882
0.0293253
0.662
0.662
0.662
0.662
0.297236
0.293102
0.662
0.175425
0.662
0.662
0.450354
0.662
0.345176
0.662
0.662
0.662
0.662
0.443809
0.662
0.0967333
0.0120711
0.119488
0.317182
0.212175
0.0243017
0.662
0.121612
0.662
0.662
0.256485
0.24335
0.662
0.485093
0.662
0.662
0.435827
0.188937
0.319135
0.662
0.382287
0.662
0.662
0.242699
0.662
0.340335
0.662
0.373006
0.306359
0.662
0.662
0.417899
0.0555642
0.662
0.0359644
0.114149
0.662
0.315497
0.493198
0.181267
0.662
0.254571
0.366073
0.403853
0.662
0.0105687
0.270496
0.662
0.662
0.214908
0.468066
0.188938
0.279473
0.392314
0.662
0.662
0.211144
0.20547
0.57168
0.311463
0.370395
0.662
0.662
0.662
0.384022
0.662
0.273447
0.0065591
0.662
0.351894
0.315155
0.432955
0.08998
0.662
0.0664017
0.662
0.662
0.662
0.26182
0.308275
0.274837
0.222176
0.662
0.662
0.662
0.662
0.662
0.186501
0.662
0.580982
0.4002
0.0831152
0.294096
0.662
0.238776
0.662
0.0648043
0.35327
0.662
0.662
0.662
0.662
0.662
0.662
0.662
0.230172
0.306795
0.276485
0.0382429
0.662
0.310845
0.662
0.662
0.466733
0.489656
0.609781
0.662
0.662
0.662
0.662
0.662
0.662
0.662
0.530444
0.307952
0.257538
0.662
0.298646
0.662
0.662
0.338005
0.322009
0.416446
0.662
0.416529
0.222269
0.216548
0.662
0.174669
0.662
0.16357
0.662
0.0100417
0.104105
0.662
0.662
0.0369077
0.662
0.444158
0.662
0.662
0.356213
0.0220421
0.376391
0.662
0.337891
0.565378
0.662
0.662
0.662
0.382609
0.662
0.523899
0.631188
0.662
0.622201
0.662
0.224675
0.208882
0.662
0.291417
0.0175523
0.662
0.170102
0.662
0.414283
0.155913
0.473917
0.662
0.662
0.662
0.156709
0.0220752
0.662
0.292269
0.0764642
0.186354
0.209195
0.662
0.662
0.466063
0.254834
0.0942941
0.216349
0.662
0.476899
0.485006
0.0439345
0.662
0.21724
0.209587
0.662
0.220847
0.42715
0.662
0.662
0.662
0.177357
0.401498
0.161533
0.035797
0.411087
0.338489
0.662
0.569626
0.210362
0.434545
0.662
0.625884
0.464971
0.662
0.662
0.285281
0.344404
0.662
0.21428
0.662
0.662
0.662
0.662
0.662
0.0271982
0.662
0.418733
0.662
0.221782
0.115661
0.142768
0.413776
0.662
0.662
0.0987064
0.662
0.123975
0.662
0.662
0.00437679
0.475239
0.151539
0.662
0.539031
0.662
0.424643
0.662
0.662
0.252939
0.0718032
0.662
0.11261
0.583079
0.662
0.662
0.159539
0.505208
0.0608438
0.662
0.111448
0.281758
0.233285
0.662
0.144012
0.662
0.662
0.662
0.143041
0.662
0.242233
0.288805
0.425621
0.662
0.125661
0.355689
0.140808
0.662
0.282348
0.515818
0.396
0.662
0.124924
0.450598
0.00219505
0.512573
0.567688
0.24272
0.416284
0.311895
0.593489
0.210341
0.662
0.196632
0.0781018
0.11549
0.641431
0.391389
0.662
0.358982
0.0306033
0.662
0.543134
0.435148
0.0900036
0.336379
0.662
0.102429
0.108346
0.096574
0.662
0.662
0.662
0.455198
0.603852
0.662
0.285889
0.662
0.309386
0.662
0.212241
0.662
0.00869288
0.245351
0.383197
0.662
0.662
0.208396
0.462588
0.662
0.37719
0.662
0.275328
0.662
0.662
0.223036
0.662
0.662
0.662
0.563697
0.016003
0.230752
0.662
0.662
0.145577
0.662
0.084899
0.355531
0.377781
0.195522
0.181137
0.662
0.662
0.662
0.287781
0.189612
0.178682
0.662
0.00225509
0.662
0.164039
0.208278
0.662
0.662
0.183363
0.303906
0.662
0.662
0.308278
0.237311
0.202622
0.662
0.364772
0.662
0.428527
0.662
0.244516
0.0639443
0.446449
0.346821
0.316134
0.662
0.0370891
0.165945
0.662
0.4195
0.244342
0.125283
0.662
0.427901
0.314224
0.662
0.662
0.502787
0.265148
0.193265
0.296124
0.384416
0.203261
0.448804
0.662
0.304916
0.432375
0.180462
0.510989
0.662
0.382616
0.317943
0.505151
0.212047
0.336222
0.112224
0.662
0.662
0.433006
0.00878966
0.221687
0.23482
0.100704
0.662
0.662
0.493857
0.24682
0.662
0.610627
0.244678
0.0868127
0.662
0.560026
0.662
0.662
0.370186
0.662
0.380622
0.662
0.197822
0.35815
0.554264
0.662
0.662
0.662
0.134056
0.436654
0.662
0.0627073
0.109995
0.662
0.407554
0.662
0.207745
0.662
0.274525
0.662
0.285138
0.662
0.662
0.662
0.662
0.436025
0.662
0.241764
0.662
0.401622
0.139083
0.662
0.184963
0.662
0.326152
0.662
0.183831
0.662
0.511188
0.213305
0.662
0.662
0.0259052
0.662
0.0183628
0.662
0.662
0.233038
0.0529382
0.595744
0.456996
0.662
0.0920765
0.662
0.662
0.153879
0.662
0.521009
0.662
0.435954
0.662
0.662
0.218446
0.662
0.475594
0.662
0.662
0.662
0.467
0.662
0.258831
0.662
0.222069
0.17914
0.342034
0.662
0.10173
0.662
0.0763106
0.662
0.437521
0.662
0.662
0.099448
0.662
0.662
0.145377
0.215337
0.0520737
0.662
0.662
0.197622
0.662
0.662
0.263438
0.0476416
0.273748
0.322774
0.4391
0.29167
0.662
0.662
0.662
0.275032
0.287539
0.662
0.662
0.662
0.106182
0.43407
0.662
0.662
0.662
0.405233
0.30635
0.257852
0.213916
0.268671
0.662
0.220912
0.662
0.662
0.662
0.662
0.303395
0.662
0.662
0.662
0.662
0.51115
0.662
0.662
0.129371
0.220136
0.304759
0.662
0.662
0.662
0.273207
0.662
0.342478
0.17012
0.491653
0.662
0.662
0.662
0.270808
0.662
0.662
0.225941
0.18578
0.259281
0.314682
0.662
0.424387
0.390745
0.662
0.447936
0.662
0.0327547
0.662
0.662
0.0557737
0.343152
0.20162
0.0332279
0.296835
0.222457
0.396277
0.662
0.505601
0.472062
0.237886
0.104262
0.0641421
0.207245
0.662
0.291666
0.662
0.518503
0.198797
0.662
0.662
0.662
0.662
0.662
0.18879
0.252903
0.378717
0.662
0.662
0.662
0.254263
0.236596
0.662
0.476261
0.109348
0.257316
0.662
0.264195
0.365514
0.409635
0.662
0.211975
0.198562
0.662
0.662
0.662
0.168161
0.177271
0.662
0.202869
0.448681
0.662
0.662
0.239816
0.410573
0.165915
0.662
0.466578
0.33727
0.1305
0.343083
0.400049
0.436867
0.240227
0.662
0.222903
0.662
0.662
0.375553
0.662
0.117877
0.322189
0.373144
0.217971
0.40208
0.338917
0.292622
0.344446
0.574375
0.662
0.662
0.662
0.0609812
0.662
0.138988
0.590337
0.662
0.0430592
0.662
0.426606
0.662
0.20113
0.662
0.662
0.662
0.283354
0.191387
0.662
0.232669
0.175661
0.238658
0.58947
0.310795
0.662
0.174015
0.196042
0.662
0.662
0.240448
0.414274
0.662
0.662
0.204826
0.662
0.469915
0.662
0.662
0.352689
0.662
0.662
0.402403
0.166033
0.662
0.117977
0.662
0.662
0.662
0.38387
0.1691
0.0240841
0.410702
0.415113
0.564558
0.662
0.248456
0.662
0.267579
0.662
0.443097
0.241368
0.0970824
0.0875029
0.102659
0.309133
0.021676
0.0367194
0.239703
0.320969
0.255994
0.662
0.0349707
0.240163
0.404356
0.662
0.126365
0.662
0.662
0.662
0.518169
0.411822
0.662
0.0251509
0.662
0.441178
0.427429
0.662
0.142113
0.601704
0.37925
0.159983
0.041769
0.294343
0.257438
0.662
0.359936
0.120221
0.452227
0.361832
0.662
0.662
0.327215
0.194015
0.268417
0.223737
0.335108
0.188769
0.463268
0.35643
0.662
0.358715
0.662
0.662
0.243986
0.353333
0.662
0.662
0.404296
0.0668289
0.267646
0.315988
0.662
0.305203
0.197678
0.662
0.423883
0.662
0.662
0.45456
0.662
0.662
0.37529
0.404766
0.662
0.56238
0.535872
0.457614
0.662
0.168135
0.662
0.346492
0.662
0.662
0.378537
0.312071
0.420673
0.662
0.420334
0.48499
0.662
0.662
0.175316
0.662
0.662
0.662
0.662
0.662
0.662
0.155851
0.268653
0.662
0.662
0.662
0.662
0.128233
0.00914786
0.330364
0.662
0.438504
0.662
0.26447
0.32917
0.50275
0.662
0.662
0.28379
0.0536043
0.490053
0.662
0.317962
0.261854
0.63339
0.463427
0.407143
0.662
0.662
0.465442
0.662
0.0648289
0.430414
0.430253
0.129547
0.27969
0.662
0.662
0.146557
0.662
0.478898
0.440795
0.518264
0.642725
0.386766
0.203791
0.482303
0.252878
0.184037
0.229683
0.0318948
0.662
0.314169
0.105586
0.243432
0.352332
0.103698
0.431323
0.150218
0.662
0.662
0.662
0.15279
0.662
0.662
0.662
0.154706
0.662
0.354634
0.057676
0.155003
0.662
0.214864
0.662
0.662
0.0010772
0.333474
0.265594
0.462885
0.173405
0.533954
0.0453861
0.662
0.662
0.662
0.662
0.662
0.662
0.420344
0.385725
0.662
0.662
0.205808
0.415224
0.0974757
0.334477
0.662
0.662
0.662
0.662
0.0663983
0.662
0.280366
0.662
0.365927
0.662
0.662
0.329903
0.185727
0.210408
0.662
0.149087
0.344374
0.316049
0.575421
0.417783
0.662
0.313981
0.662
0.662
0.662
0.624596
0.28248
0.152284
0.0266292
0.218815
0.405962
0.662
0.566329
0.662
0.440753
0.171648
0.166293
0.38565
0.310254
0.662
0.662
0.662
0.662
0.314395
0.30063
0.662
0.0602865
0.662
0.662
0.662
0.231915
0.357683
0.662
0.438739
0.141754
0.662
0.662
0.276129
0.313265
0.287081
0.662
0.419681
0.662
0.323418
0.367532
0.662
0.352993
0.662
0.177925
0.662
0.245974
0.369775
0.273347
0.460346
0.229722
0.405866
0.394847
0.238118
0.662
0.662
0.364946
0.211811
0.156969
0.381888
0.207092
0.662
0.265355
0.662
0.662
0.228554
0.662
0.662
0.0437169
0.168894
0.662
0.345153
0.417984
0.662
0.214844
0.523008
0.024742
0.662
0.40001
0.151419
0.567919
0.662
0.104452
0.662
0.662
0.30679
0.662
0.224227
0.293879
0.459869
0.452055
0.662
0.662
0.248927
0.468657
0.19044
0.203776
0.106049
0.190649
0.509473
0.245228
0.160761
0.662
0.236687
0.662
0.662
0.662
0.662
0.268984
0.41145
0.219938
0.662
0.0392662
0.435535
0.662
0.432806
0.137337
0.398913
0.391116
0.188515
0.0310651
0.469036
0.192537
0.286792
0.662
0.458297
0.662
0.143335
0.00339837
0.662
0.178693
0.565037
0.662
0.662
0.313028
0.662
0.662
0.262008
0.662
0.662
0.347044
0.662
0.0544822
0.662
0.260051
0.0615585
0.662
0.662
0.662
0.0979442
0.0457143
0.254812
0.314821
0.169529
0.253291
0.662
0.108219
0.175825
0.383037
0.109703
0.399403
0.392666
0.662
0.113922
0.00713101
0.307758
0.361711
0.662
0.662
0.322909
0.622395
0.382018
0.183937
0.662
0.468411
0.323102
0.662
0.0664284
0.449152
0.18767
0.213321
0.662
0.644601
0.587827
0.447907
0.409323
0.662
0.0425393
0.662
0.262659
0.662
0.662
0.291258
0.533904
0.662
0.194537
0.268143
0.662
0.662
0.165917
0.184687
0.469967
0.240828
0.499272
0.123658
0.662
0.307464
0.206726
0.662
0.384025
0.662
0.662
0.0235288
0.470871
0.379006
0.662
0.410315
0.326343
0.604791
0.662
0.186723
0.00408242
0.662
0.662
0.0414977
0.662
0.590301
0.0749734
0.206022
0.443798
0.29257
0.141191
0.462829
0.233828
0.487784
0.300078
0.662
0.154089
0.3057
0.662
0.662
0.662
0.097717
0.662
0.170368
0.662
0.662
0.160797
0.662
0.0399337
0.0146925
0.323216
0.234819
0.662
0.662
0.662
0.662
0.119681
0.662
0.0831253
0.218371
0.248105
0.560593
0.101236
0.182143
0.662
0.662
0.467876
0.0844712
0.184867
0.662
0.354369
0.662
0.662
0.662
0.197951
0.271616
0.662
0.140636
0.309757
0.662
0.356912
0.662
0.662
0.285316
0.0671312
0.275387
0.0558666
0.402227
0.332324
0.662
0.439453
0.662
0.305948
0.503753
0.662
0.402369
0.662
0.192104
0.399086
0.313525
0.00636168
0.254152
0.00587234
0.662
0.662
0.488872
0.662
0.662
0.403184
0.662
0.590562
0.210925
0.138737
0.197715
0.0347438
0.252867
0.325945
0.662
0.0313173
0.270205
0.201282
0.397439
0.662
0.662
0.662
0.238815
0.662
0.237849
0.662
0.467284
0.137234
0.662
0.662
0.662
0.338904
0.662
0.662
0.662
0.409422
0.243775
0.662
0.458038
0.537028
0.177887
0.14562
0.350693
0.391706
0.140369
0.662
0.0873852
0.662
0.462097
0.200136
0.662
0.340773
0.193927
0.662
0.662
0.194463
0.190262
0.0818261
0.563193
0.395329
0.0858782
0.195821
0.662
0.662
0.468707
0.413298
0.226124
0.662
0.392671
0.662
0.662
0.172911
0.228738
0.134064
0.307079
0.662
0.212165
0.269005
0.662
0.662
0.211385
0.662
0.277303
0.662
0.662
0.662
0.662
0.662
0.383899
0.378904
0.115464
0.662
0.29305
0.475821
0.184082
0.232756
0.219346
0.662
0.662
0.597967
0.662
0.471675
0.662
0.19591
0.200458
0.662
0.482893
0.324971
0.662
0.253117
0.662
0.662
0.294155
0.662
0.662
0.662
0.662
0.662
0.662
0.158968
0.592448
0.609323
0.566296
0.193128
0.0890959
0.662
0.339816
0.662
0.133263
0.149222
0.297042
0.0567829
0.662
0.247232
0.571351
0.662
0.662
0.281563
0.662
0.457431
0.577037
0.29108
0.662
0.662
0.335536
0.662
0.662
0.424579
0.588962
0.0316151
0.662
0.466768
0.662
0.662
0.662
0.662
0.662
0.662
0.555673
0.12651
0.662
0.139367
0.662
0.375571
0.662
0.662
0.117976
0.662
0.497758
0.212154
0.662
0.505072
0.379151
0.289403
0.103501
0.169412
0.168843
0.662
0.662
0.448534
0.312914
0.323081
0.0990928
0.662
0.321093
0.662
0.216051
0.662
0.662
0.662
0.662
0.662
0.207855
0.0871337
0.662
0.0702776
0.350146
0.430845
0.185093
0.662
0.662
0.662
0.662
0.662
0.200413
0.662
0.439024
0.662
0.662
0.35119
0.361374
0.0531209
0.329792
0.437585
0.157071
0.287718
0.230339
0.662
0.279046
0.206123
0.662
0.662
0.153473
0.10569
0.662
0.178835
0.662
0.662
0.212574
0.662
0.0190244
0.266529
0.46976
0.662
0.662
0.662
0.662
0.662
0.347131
0.458718
0.00214698
0.662
0.612375
0.37971
0.466065
0.334369
0.419124
0.0209274
0.260501
0.662
0.27136
0.211146
0.662
0.662
0.409131
0.662
0.662
0.0237192
0.532794
0.662
0.662
0.662
0.0725107
0.662
0.662
0.364515
0.267344
0.399614
0.368313
0.576235
0.247848
0.662
0.662
0.662
0.0518003
0.183327
9.71993e-05
0.662
0.426417
0.662
0.662
0.119738
0.291415
0.195411
0.662
0.662
0.456464
0.131575
0.662
0.662
0.215002
0.526151
0.662
0.00638749
0.662
0.376278
0.194637
0.662
0.662
0.100915
0.435976
0.662
0.662
0.344081
0.372241
0.327022
0.662
0.662
0.662
0.236998
0.32275
0.0141233
0.662
0.188008
0.33724
0.119987
0.662
0.662
0.105905
0.00224871
0.377443
0.662
0.421612
0.0155592
0.331241
0.305318
0.662
0.662
0.33068
0.662
0.402272
0.662
0.662
0.0715804
0.450171
0.474064
0.00109582
0.418807
0.662
0.662
0.662
0.662
0.193962
0.140332
0.3017
0.662
0.662
0.010844
0.662
0.662
0.401461
0.662
0.441645
0.662
0.213896
0.183731
0.298526
0.662
0.0663768
0.662
0.662
0.29313
0.0596895
0.451582
0.0146354
0.051872
0.662
0.314062
0.418978
0.236887
0.611398
0.509475
0.397905
0.471239
0.440168
0.662
0.662
0.662
0.446154
0.662
0.157868
0.00747742
0.662
0.662
0.417766
0.662
0.144713
0.662
0.0795736
0.205915
0.239669
0.204541
0.662
0.662
0.662
0.441425
0.202062
0.0534075
0.30366
0.662
0.231608
0.662
0.259244
0.662
0.662
0.501831
0.473899
0.662
0.662
0.266134
0.371891
0.089043
0.662
0.662
0.254538
0.662
0.662
0.430487
0.662
0.130897
0.329852
0.42515
0.662
0.162145
0.662
0.425969
0.269664
0.662
0.329658
0.662
0.598337
0.662
0.662
0.662
0.229117
0.170162
0.458981
0.050829
0.662
0.553631
0.47054
0.197716
0.529219
0.397819
0.662
0.203514
0.0459107
0.662
0.135847
0.323311
0.662
0.662
0.082791
0.108215
0.662
0.554122
0.457632
0.154184
0.662
0.440531
0.30711
0.139691
0.217107
0.609695
0.212276
0.662
0.0819693
0.29295
0.406485
0.662
0.309762
0.662
0.129696
0.192796
0.13964
0.466597
0.0805946
0.248732
0.432342
0.662
0.662
0.350337
0.662
0.097377
0.411282
0.662
0.200187
0.662
0.662
0.417807
0.207662
0.662
0.589219
0.662
0.662
0.384255
0.235357
0.00846685
0.662
0.662
0.185397
0.662
0.662
0.33824
0.0540693
0.662
0.201176
0.235584
0.662
0.198545
0.2616
0.24607
0.378707
0.662
0.43151
0.139782
0.662
0.427055
0.662
0.373776
0.662
0.131807
0.221546
0.662
0.648124
0.662
0.22696
0.218022
0.595745
0.263937
0.662
0.370714
0.662
0.662
0.0113248
0.338694
0.662
0.662
0.223722
0.662
0.662
0.113375
0.662
0.648217
0.662
0.115621
0.166946
0.662
0.290311
0.662
0.136586
0.433885
0.0826138
0.438101
0.238353
0.662
0.152893
0.495091
0.37811
0.281891
0.632132
0.645664
0.662
0.662
0.194619
0.518605
0.0578197
0.383995
0.457018
0.154117
0.662
0.00134002
0.31809
0.0853972
0.349646
0.222551
0.13884
0.662
0.662
0.662
0.3067
0.65388
0.219274
0.387679
0.662
0.662
0.662
0.662
0.662
0.206164
0.386307
0.662
0.197793
0.662
0.212739
0.352639
0.662
0.210605
0.364277
0.0929705
0.0780721
0.662
0.207405
0.426546
0.273971
0.662
0.662
0.662
0.226928
0.59629
0.662
0.662
0.662
0.662
0.237749
0.418058
0.0796141
0.662
0.328821
0.662
0.282291
0.662
0.16947
0.236254
0.662
0.122738
0.104547
0.42933
0.0554105
0.325652
0.353904
0.329205
0.662
0.662
0.371477
0.662
0.662
0.468442
0.662
0.330243
0.325463
0.662
0.662
0.662
0.147851
0.662
0.0925279
0.264955
0.598845
0.662
0.662
0.62625
0.2261
0.395668
0.662
0.13621
0.0774472
0.662
0.662
0.662
0.260593
0.384232
0.662
0.0851764
0.21879
0.284043
0.662
0.662
0.662
0.0292214
0.27924
0.662
0.662
0.364197
0.273972
0.427247
0.135995
0.209987
0.422277
0.12738
0.111964
0.267163
0.166752
0.662
0.662
0.662
0.356303
0.463269
0.662
0.662
0.662
0.207794
0.159225
0.662
0.231581
0.271676
0.292196
0.662
0.15038
0.466265
0.325196
0.662
0.367129
0.254117
0.321847
0.30328
0.662
0.139442
0.435293
0.118145
0.0280039
0.662
0.502991
0.371004
0.234592
0.115674
0.278957
0.662
0.422609
0.0458089
0.662
0.423346
0.183869
0.662
0.00882188
0.662
0.16561
0.662
0.662
0.662
0.662
0.284327
0.618391
0.662
0.499154
0.245606
0.0321998
0.380119
0.662
0.662
0.331761
0.662
0.188288
0.193877
0.662
0.375233
0.260376
0.19145
0.662
0.421613
0.347355
0.317862
0.577427
0.299803
0.662
0.52981
0.662
0.662
0.093917
0.231852
0.39966
0.662
0.662
0.586067
0.256478
0.0715377
0.662
0.471633
0.528021
0.662
0.28838
0.527499
0.0549231
0.464383
0.126475
0.0219076
0.0458802
0.428427
0.322472
0.0884275
0.202554
0.416075
0.393451
0.465872
0.170156
0.662
0.156433
0.662
0.154223
0.662
0.662
0.532966
0.662
0.662
0.643766
0.189523
0.321051
0.662
0.0894604
0.336196
0.100963
0.199955
0.662
0.199987
0.227452
0.0155809
0.460966
0.662
0.233945
0.162901
0.282919
0.662
0.212805
0.662
0.0573233
0.607615
0.155866
0.662
0.297964
0.662
0.662
0.662
0.662
0.389825
0.256371
0.476176
0.662
0.662
0.234169
0.0766205
0.662
0.356727
0.244781
0.186688
0.180202
0.662
0.208402
0.662
0.662
0.266997
0.495281
0.112741
0.548907
0.662
0.208414
0.662
0.628977
0.388485
0.0220785
0.0276118
0.248925
0.274446
0.662
0.662
0.262173
0.662
0.193323
0.662
0.662
0.662
0.662
0.662
0.539791
0.081183
0.0842664
0.662
0.124874
0.149294
0.0963997
0.377248
0.662
0.0528519
0.27603
0.662
0.662
0.662
0.662
0.169823
0.0360158
0.662
0.662
0.296902
0.0901783
0.662
0.2308
0.662
0.662
0.0891451
0.662
0.316212
0.263238
0.662
0.140774
0.662
0.193822
0.0266114
0.662
0.662
0.315584
0.085638
0.299016
0.0148116
0.207773
0.662
0.438794
0.662
0.12553
0.222639
0.662
0.581404
0.148787
0.505677
0.662
