0.441883
0.476056
0.247175
0.662
0.394116
0.410848
0.662
0.07555
0.543031
0.373452
0.267615
0.662
0.662
0.462487
0.662
0.286801
0.448253
0.257172
0.318707
0.0991681
0.0461913
0.662
0.429165
0.211368
0.662
0.29271
0.0574972
0.208484
0.656966
0.662
0.662
0.206206
0.0861745
0.370573
0.041199
0.0609383
0.273468
0.250429
0.108035
0.258523
0.662
0.0912359
0.360508
0.662
0.662
0.42655
0.662
0.306046
0.231186
0.129895
0.662
0.327857
0.305924
0.662
0.219206
0.662
0.498302
0.413205
0.254685
0.662
0.662
0.662
0.315087
0.662
0.453678
0.662
0.135312
0.662
0.662
0.514969
0.662
0.46996
0.449734
0.662
0.197955
0.20839
0.428429
0.662
0.305589
0.224809
0.662
0.455707
0.662
0.155967
0.662
0.314483
0.468425
0.189649
0.203129
0.459154
0.662
0.232473
0.662
0.662
0.662
0.503664
0.662
0.208984
0.456653
0.662
0.662
0.258008
0.116717
0.0757235
0.316795
0.366246
0.662
0.662
0.362071
0.455316
0.556599
0.308934
0.0921612
0.662
0.0396331
0.52222
0.662
0.197493
0.197921
0.598711
0.662
0.662
0.662
0.49868
0.356347
0.662
0.662
0.662
0.226231
0.633391
0.470656
0.374188
0.662
0.491098
0.245256
0.0596434
0.662
0.343642
0.662
0.662
0.662
0.662
0.408992
0.443895
0.662
0.519749
0.583657
0.662
0.662
0.106893
0.662
0.662
0.602078
0.662
0.0886353
0.662
0.662
0.224459
0.662
0.0458304
0.662
0.452465
0.662
0.0753358
0.662
0.462128
0.662
0.662
0.0691713
0.61902
0.104939
0.662
0.662
0.662
0.295283
0.186747
0.662
0.388285
0.196423
0.237968
0.483348
0.662
0.662
0.107625
0.590103
0.30795
0.106977
0.308041
0.662
0.662
0.662
0.662
0.662
0.327448
0.662
0.370236
0.662
0.434507
0.156876
0.0948721
0.662
0.289798
0.401014
0.27843
0.662
0.662
0.501466
0.662
0.662
0.0653143
0.662
0.104551
0.662
0.308104
0.662
0.033896
0.00340775
0.662
0.436403
0.54903
0.15041
0.662
0.0351436
0.617285
0.662
0.238769
0.192492
0.662
0.163349
0.459379
0.36943
0.662
0.349874
0.264379
0.19613
0.662
0.354306
0.230382
0.662
0.230956
0.0878399
0.662
0.662
0.662
0.662
0.662
0.0912485
0.662
0.336607
0.662
0.332519
0.662
0.371418
0.662
0.0112218
0.662
0.00428356
0.662
0.177598
0.0110219
0.195142
0.0698147
0.646912
0.343898
0.378688
0.393368
0.552402
0.662
0.270756
0.080835
0.0494252
0.167882
0.191313
0.662
0.394156
0.633253
0.217796
0.076585
0.662
0.124189
0.0935274
0.662
0.321082
0.529837
0.662
0.658246
0.662
0.313255
0.106978
0.128255
0.0572657
0.195791
0.569958
0.436552
0.107188
0.314358
0.302691
0.213714
0.288157
0.100325
0.245283
0.069719
0.662
0.109601
0.15771
0.38647
0.365979
0.662
0.662
0.269602
0.662
0.493557
0.662
0.662
0.662
0.662
0.662
0.662
0.662
0.645674
0.33944
0.662
0.284467
0.179303
0.662
0.303115
0.320272
0.662
0.662
0.603478
0.662
0.420157
0.123738
0.662
0.203655
0.0997758
0.465263
0.291885
0.208355
0.177986
0.209744
0.662
0.662
0.340263
0.662
0.263291
0.421089
0.578296
0.409065
0.20735
0.662
0.0735548
0.280526
0.209805
0.0134232
0.662
0.564398
0.227012
0.662
0.526163
0.662
0.662
0.33901
0.662
0.662
0.464397
0.662
0.25916
0.551613
0.0844482
0.226045
0.188682
0.662
0.590693
0.662
0.150231
0.662
0.330143
0.662
0.662
0.662
0.662
0.662
0.22154
0.662
0.143111
0.662
0.125115
0.662
0.216841
0.0814026
0.405267
0.662
0.482942
0.662
0.662
0.628715
0.163346
0.207481
0.662
0.64976
0.285004
0.352232
0.184
0.453579
0.185263
0.662
0.116579
0.0494207
0.204606
0.662
0.193924
0.662
0.662
0.360045
0.662
0.662
0.407062
0.202713
0.662
0.0327627
0.662
0.662
0.39491
0.662
0.662
0.576106
0.385219
0.662
0.388577
0.467631
0.454465
0.54108
0.662
0.229255
0.382813
0.189988
0.662
0.469477
0.662
0.410506
0.662
0.299797
0.126871
0.211293
0.662
0.159696
0.0246907
0.662
0.662
0.0140019
0.18447
0.188133
0.0620111
0.662
0.185155
0.662
0.662
0.113662
0.3127
0.662
0.662
0.662
0.662
0.220197
0.662
0.607404
0.662
0.382745
0.547982
0.662
0.171355
0.0359383
0.126359
0.662
0.631376
0.662
0.446857
0.565697
0.58006
0.341709
0.662
0.61308
0.453219
0.662
0.662
0.515049
0.230484
0.00437642
0.662
0.662
0.662
0.131542
0.0110992
0.662
0.662
0.199864
0.275207
0.662
0.662
0.481209
0.195743
0.120947
0.567774
0.00411946
0.0885657
0.54531
0.662
0.57096
0.662
0.273301
0.662
0.482247
0.662
0.662
0.662
0.471584
0.662
0.281982
0.143486
0.662
0.308906
0.153681
0.662
0.320861
0.141633
0.593357
0.226661
0.479327
0.0262192
0.300646
0.348796
0.662
0.0392601
0.429761
0.662
0.662
0.662
0.427492
0.521995
0.62452
0.260554
0.662
0.662
0.247903
0.363889
0.360219
0.201118
0.628305
0.662
0.430428
0.662
0.662
0.377184
0.185399
0.662
0.219027
0.662
0.662
0.662
0.178055
0.175612
0.610396
0.662
0.588951
0.178062
0.662
0.321514
0.662
0.662
0.465969
0.322273
0.019653
0.335372
0.662
0.378858
0.0192511
0.0539605
0.636632
0.662
0.00474295
0.0794745
0.662
0.106899
0.614866
0.662
0.421159
0.107679
0.063609
0.629229
0.532902
0.0337701
0.662
0.203631
0.219887
0.662
0.662
0.502316
0.403639
0.0440649
0.0326764
0.26539
0.356764
0.662
0.466781
0.662
0.0450933
0.561447
0.312544
0.125259
0.662
0.456912
0.164594
0.349876
0.29071
0.328492
0.194689
0.325012
0.544921
0.662
0.585634
0.395949
0.329456
0.232131
0.199358
0.662
0.250105
0.176477
0.662
0.454195
0.662
0.662
0.662
0.543333
0.260599
0.662
0.104989
0.326365
0.0772539
0.662
0.662
0.662
0.26293
0.470955
0.323655
0.138085
0.662
0.662
0.169242
0.662
0.662
0.318738
0.662
0.63339
0.662
0.662
0.662
0.662
0.662
0.276431
0.50125
0.387812
0.467761
0.662
0.159128
0.108622
0.662
0.205284
0.662
0.0994504
0.0377438
0.49414
0.399715
0.214603
0.327092
0.662
0.662
0.662
0.662
0.504123
0.366074
0.538049
0.475882
0.169231
0.0290263
0.486547
0.662
0.648621
0.246858
0.141564
0.154648
0.625684
0.523915
0.374471
0.662
0.123608
0.207114
0.662
0.0490183
0.662
0.0572575
0.33255
0.203612
0.0901716
0.312329
0.662
0.412507
0.0209422
0.109189
0.633599
0.233492
0.662
0.175383
0.662
0.355347
0.662
0.0882059
0.456726
0.446992
0.325469
0.662
0.463429
0.313308
0.0422936
0.662
0.0817763
0.134858
0.339913
0.0781905
0.226342
0.301519
0.0992996
0.0495321
0.662
0.285841
0.220015
0.311489
0.341524
0.662
0.312258
0.662
0.662
0.59698
0.161263
0.0321276
0.662
0.655261
0.662
0.662
0.35835
0.662
0.464546
0.662
0.62947
0.235647
0.207993
0.202599
0.661241
0.375979
0.367162
0.0561982
0.0766982
0.410317
0.240143
0.326376
0.583439
0.662
0.662
0.662
0.662
0.0923152
0.115073
0.484257
0.0427576
0.449442
0.370571
0.0443029
0.103657
0.662
0.662
0.38082
0.00416383
0.0815531
0.188584
0.1433
0.638379
0.431923
0.391577
0.118168
0.298887
0.357988
0.662
0.662
0.662
0.14305
0.465362
0.257313
0.478901
0.209505
0.662
0.662
0.412132
0.255481
0.662
0.0910725
0.662
0.662
0.662
0.226675
0.328438
0.662
0.194199
0.662
0.0103533
0.662
0.106157
0.359123
0.208969
0.662
0.662
0.662
0.422093
0.118561
0.0719118
0.197729
0.662
0.0715726
0.410991
0.305079
0.146685
0.108876
0.0182946
0.490949
0.662
0.465478
0.662
0.662
0.592436
0.662
0.430119
0.317121
0.0691635
0.33326
0.446669
0.240561
0.662
0.198087
0.478555
0.144809
0.316978
0.618205
0.305393
0.662
0.662
0.253773
0.156204
0.190314
0.662
0.450157
0.662
0.279093
0.662
0.662
0.53683
0.233409
0.335666
0.119352
0.197983
0.662
0.662
0.662
0.662
0.662
0.336587
0.662
0.228512
0.536908
0.662
0.215021
0.662
0.273979
0.423081
0.242227
0.123017
0.294117
0.355836
0.660949
0.152155
0.142496
0.662
0.251174
0.662
0.267026
0.662
0.662
0.635309
0.318519
0.662
0.662
0.183923
0.293043
0.0518039
0.27338
0.374132
0.276014
0.662
0.283993
0.294042
0.662
0.351233
0.0709716
0.270704
0.662
0.477018
0.662
0.31679
0.273511
0.662
0.662
0.135711
0.29505
0.662
0.332847
0.662
0.0802829
0.662
0.662
0.193101
0.428393
0.00498615
0.371321
0.662
0.19339
0.64089
0.0457939
0.551397
0.662
0.41799
0.662
0.611424
0.652858
0.662
0.630661
0.373059
0.211413
0.129056
0.190213
0.662
0.662
0.609258
0.662
0.164641
0.662
0.0815243
0.0956332
0.0171802
0.662
0.341492
0.0508619
0.339548
0.47424
0.204415
0.662
0.320209
0.21675
0.662
0.662
0.643259
0.0609829
0.662
0.662
0.322481
0.0726647
0.408463
0.662
0.662
0.662
0.249854
0.348244
0.261334
0.662
0.091482
0.255555
0.268625
0.458145
0.313414
0.662
0.662
0.405225
0.157891
0.662
0.319443
0.220207
0.323347
0.200957
0.304428
0.613225
0.25782
0.197404
0.662
0.662
0.312875
0.250311
0.123398
0.662
0.662
0.252803
0.662
0.558327
0.48457
0.662
0.0261956
0.662
0.662
0.560129
0.476952
0.557118
0.226022
0.177961
0.450552
0.0396733
0.0211496
0.433228
0.459581
0.524218
0.0236511
0.406551
0.42001
0.154782
0.556241
0.662
0.662
0.220282
0.662
0.427997
0.662
0.437836
0.662
0.599453
0.01878
0.430304
0.662
0.266901
0.662
0.338792
0.257286
0.229715
0.401968
0.613931
0.662
0.662
0.0479193
0.454011
0.156235
0.186916
0.476946
0.410658
0.339738
0.14042
0.503877
0.662
0.19255
0.323682
0.0909195
0.662
0.662
0.352376
0.282071
0.662
0.662
0.184675
0.186916
0.662
0.605414
0.319398
0.114877
0.26375
0.207401
0.462792
0.46102
0.163681
0.662
0.406486
0.455567
0.455817
0.662
0.662
0.280153
0.662
0.506653
0.662
0.253024
0.0401598
0.248384
0.104096
0.662
0.0810578
0.310092
0.662
0.160047
0.244463
0.206865
0.662
0.463517
0.662
0.574563
0.0981366
0.556509
0.662
0.662
0.162811
0.478699
0.662
0.23307
0.350682
0.615866
0.123464
0.0976548
0.662
0.662
0.233817
0.501988
0.662
0.313447
0.662
0.233684
0.436518
0.338038
0.447328
0.662
0.31129
0.299012
0.662
0.152662
0.138958
0.413031
0.435721
0.0723038
0.0829932
0.243927
0.662
0.194381
0.662
0.662
0.662
0.194895
0.46411
0.146711
0.409256
0.168757
0.336152
0.286883
0.649431
0.0159688
0.662
0.662
0.161761
0.0814868
0.662
0.0603165
0.154079
0.662
0.102719
0.334046
0.0750306
0.662
0.328094
0.662
0.285077
0.361706
0.0851408
0.209412
0.662
0.195817
0.306367
0.662
0.1553
0.662
0.208753
0.187275
0.662
0.372726
0.4732
0.420362
0.446387
0.252252
0.662
0.662
0.662
0.662
0.662
0.05075
0.349345
0.11726
0.237431
0.171701
0.662
0.495768
0.277123
0.285638
0.662
0.662
0.499943
0.30578
0.662
0.662
0.662
0.662
0.23349
0.409947
0.662
0.662
0.662
0.518853
0.520152
0.347283
0.652166
0.344804
0.280472
0.282482
0.160723
0.662
0.0578993
0.175673
0.0192519
0.371856
0.476302
0.478734
0.262533
0.408327
0.597669
0.516665
0.426646
0.309102
0.280103
0.414362
0.43014
0.662
0.662
0.218325
0.662
0.204512
0.0550075
0.37199
0.662
0.595178
0.34859
0.476088
0.662
0.662
0.397526
0.662
0.224086
0.195216
0.662
0.502612
0.662
0.662
0.457001
0.662
0.36089
0.662
0.105824
0.662
0.348433
0.0269155
0.16915
0.156759
0.581771
0.251231
0.0796338
0.662
0.562131
0.37334
0.383395
0.662
0.326391
0.235802
0.135018
0.662
0.662
0.662
0.0577244
0.0839442
0.662
0.284838
0.662
0.662
0.662
0.107262
0.640436
0.154384
0.0972987
0.345927
0.662
0.413961
0.444841
0.0549425
0.662
0.203333
0.367294
0.157149
0.662
0.109685
0.53407
