0.320272
0.475042
0.118561
0.0816925
0.0972987
0.649465
0.520289
0.662
0.330427
0.253963
0.662
0.662
0.662
0.192939
0.0390788
0.206995
0.0541248
0.210808
0.347484
0.662
0.662
0.160581
0.467266
0.662
0.662
0.436827
0.379162
0.235876
0.0316918
0.662
0.450203
0.207068
0.477803
0.308514
0.246485
0.662
0.662
0.662
0.110228
0.237431
0.0252268
0.662
0.662
0.662
0.662
0.662
0.606982
0.662
0.454071
0.208484
0.662
0.30795
0.662
0.255909
0.554582
0.123903
0.351905
0.662
0.345927
0.490951
0.457526
0.487339
0.0205485
0.211293
0.00414928
0.631802
0.250491
0.624599
0.662
0.656966
0.409065
0.191313
0.0681819
0.662
0.123481
0.07555
0.662
0.662
0.0550075
0.0423657
0.558327
0.006411
0.0209422
0.429582
0.662
0.138691
0.395949
0.662
0.464887
0.662
0.363203
0.662
0.662
0.662
0.493557
0.662
0.0473187
0.5605
0.662
0.662
0.573721
0.163681
0.0555766
0.368957
0.401014
0.131872
0.052441
0.00416383
0.222145
0.0322368
0.515217
0.0468388
0.188082
0.581004
0.448702
0.662
0.662
0.484602
0.662
0.080835
0.608447
0.302691
0.224459
0.662
0.20325
0.0333048
0.316795
0.662
0.662
0.662
0.0698147
0.662
0.151808
0.199162
0.662
0.662
0.662
0.662
0.204971
0.662
0.662
0.0598582
0.069713
0.662
0.381658
0.196503
0.269602
0.266992
0.38647
0.662
0.022847
0.662
0.662
0.662
0.455707
0.320209
0.0909195
0.200957
0.662
0.156235
0.425791
0.662
0.662
0.232431
0.662
0.662
0.662
0.208984
0.336641
0.302995
0.221369
0.289384
0.152155
0.267064
0.662
0.662
0.2398
0.662
0.395935
0.662
0.313255
0.314785
0.611424
0.43014
0.500379
0.662
0.495686
0.662
0.209612
0.662
0.459739
0.411438
0.629455
0.367294
0.208355
0.223782
0.552643
0.662
0.268769
0.662
0.501961
0.662
0.662
0.0574972
0.201761
0.137917
0.495772
0.662
0.662
0.662
0.662
0.662
0.226022
0.390045
0.123464
0.0753358
0.525505
0.465556
0.662
0.662
0.407733
0.195258
0.273979
0.537524
0.226231
0.440419
0.171701
0.352056
0.347578
0.662
0.339738
0.662
0.0438845
0.164818
0.406896
0.124802
0.662
0.22154
0.372107
0.662
0.662
0.456653
0.662
0.662
0.590653
0.259184
0.319597
0.502612
0.530247
0.143417
0.199544
0.662
0.0309798
0.486781
0.662
0.176152
0.390337
0.197481
0.00340775
0.63339
0.0908085
0.167882
0.479767
0.243476
0.0276791
0.0817763
0.662
0.587026
0.168959
0.148276
0.241071
0.662
0.109685
0.662
0.276014
0.662
0.662
0.662
0.662
0.384715
0.0577244
0.662
0.391952
0.13918
0.436831
0.384
0.450552
0.662
0.662
0.210922
0.662
0.64976
0.0564971
0.328094
0.662
0.662
0.662
0.434507
0.368551
0.662
0.662
0.228254
0.631481
0.492963
0.662
0.0578993
0.211026
0.308465
0.662
0.36089
0.219001
0.662
0.209184
0.073559
0.134635
0.662
0.662
0.602719
0.662
0.12716
0.42188
0.662
0.188858
0.461223
0.662
0.138783
0.662
0.484742
0.662
0.662
0.339913
0.662
0.474087
0.4105
0.221174
0.37199
0.661241
0.0118282
0.459154
0.597669
0.241349
0.618205
0.362245
0.00610895
0.662
0.152741
0.662
0.397862
0.662
0.627376
0.189988
0.165941
0.662
0.662
0.662
0.662
0.562131
0.662
0.662
0.163659
0.662
0.0409023
0.421984
0.605278
0.662
0.662
0.60548
0.315799
0.56239
0.348433
0.662
0.662
0.0398915
0.662
0.662
0.237659
0.503877
0.662
0.276048
0.130847
0.662
0.421159
0.662
0.662
0.592436
0.662
0.662
0.201118
0.362896
0.528867
0.178018
0.0375195
0.311644
0.305528
0.467777
0.518853
0.662
0.448409
0.221911
0.509229
0.662
0.662
0.133236
0.194689
0.662
0.662
0.158066
0.0117691
0.114877
0.2077
0.0396264
0.228024
0.662
0.0901399
0.662
0.0112218
0.662
0.31831
0.662
0.516588
0.662
0.423276
0.526664
0.451311
0.226617
0.597388
0.14657
0.167951
0.184774
0.231079
0.662
0.232714
0.420157
0.662
0.213294
0.408978
0.662
0.336242
0.348567
0.662
0.662
0.225451
0.662
0.249678
0.662
0.308041
0.662
0.195106
0.0146383
0.076585
0.662
0.662
0.662
0.30905
0.662
0.662
0.500118
0.286601
0.203405
0.498118
0.348868
0.0882059
0.63339
0.467631
0.581266
0.436949
0.662
0.558768
0.662
0.662
0.522661
0.0910725
0.269516
0.154782
0.662
0.121279
0.662
0.0877422
0.662
0.467761
0.0496094
0.185239
0.662
0.530753
0.662
0.662
0.204512
0.364429
0.171355
0.107098
0.51553
0.0878399
0.662
0.0765824
0.662
0.632502
0.0398029
0.105016
0.152452
0.662
0.614866
0.662
0.188062
0.662
0.0667197
0.570253
0.104989
0.129781
0.0757373
0.123986
0.361237
0.662
0.662
0.436518
0.23042
0.156284
0.662
0.662
0.391331
0.212666
0.662
0.0861748
0.525754
0.226458
0.321514
0.226675
0.662
0.294117
0.662
0.470706
0.261199
0.662
0.662
0.0190379
0.417277
0.297401
0.00842663
0.483348
0.662
0.211653
0.234145
0.184675
0.662
0.662
0.0355996
0.662
0.229715
0.285549
0.32353
0.662
0.662
0.268408
0.0241521
0.662
0.147065
0.62947
0.662
0.662
0.0490183
0.454941
0.199864
0.285298
0.130153
0.662
0.662
0.47863
0.662
0.0443029
0.38773
0.37242
0.662
0.662
0.204329
0.661381
0.662
0.313308
0.0667118
0.118774
0.662
0.662
0.0923152
0.662
0.662
0.0735548
0.217858
0.662
0.662
0.0126602
0.662
0.662
0.662
0.662
0.662
0.0907717
0.327857
0.652899
0.662
0.409302
0.501466
0.208617
0.662
0.564398
0.361757
0.662
0.633253
0.184
0.463429
0.662
0.61308
0.662
0.177718
0.15829
0.662
0.229372
0.374774
0.662
0.452844
0.662
0.662
0.662
0.662
0.662
0.662
0.266584
0.00667666
0.462487
0.662
0.260844
0.662
0.662
0.197729
0.662
0.455794
0.305079
0.593357
0.519749
0.662
0.49868
0.199872
0.662
0.0178581
0.662
0.216841
0.662
0.235137
0.224086
0.19613
0.662
0.662
0.378537
0.558251
0.28498
0.0921612
0.603478
0.482247
0.112365
0.406533
0.273301
0.148967
0.203464
0.662
0.335359
0.662
0.460631
0.0956332
0.176477
0.662
0.662
0.274128
0.419279
0.662
0.662
0.13933
0.662
0.453219
0.662
0.246486
0.529252
0.662
0.662
0.638951
0.662
0.591521
0.662
0.340298
0.326168
0.00428356
0.116068
0.662
0.349152
0.249174
0.662
0.468607
0.662
0.287549
0.24106
0.607404
0.402605
0.662
0.146711
0.0653143
0.272405
0.207532
0.662
0.273511
0.502316
0.662
0.293094
0.476302
0.427997
