0.20389
0.423315
0.662
0.662
0.0517413
0.662
0.508951
0.436895
0.662
0.662
0.317621
0.662
0.189851
0.220045
0.662
0.0786486
0.0660672
0.662
0.319965
0.299964
0.662
0.662
0.442663
0.661913
0.367865
0.386679
0.042073
0.305018
0.243516
0.662
0.356769
0.228359
0.380568
0.662
0.662
0.662
0.276219
0.244531
0.412059
0.662
0.367588
0.163263
0.272148
0.662
0.185257
0.437853
0.662
0.508667
0.412377
0.330464
0.364989
0.440453
0.210953
0.465306
0.662
0.662
0.662
0.200413
0.0797853
0.00631207
0.0840493
0.165953
0.662
0.607435
0.548638
0.488005
0.153408
0.435685
0.662
0.628765
0.256595
0.082922
0.662
0.662
0.662
0.184841
0.472433
0.662
0.165634
0.662
0.263871
0.662
0.319099
0.493031
0.186649
0.170635
0.0122451
0.26178
0.603818
0.662
0.662
0.119251
0.662
0.662
0.662
0.662
0.662
0.491788
0.288332
0.662
0.187158
0.662
0.633391
0.606709
0.380492
0.605453
0.284074
0.023057
0.662
0.383446
0.203226
0.662
0.252029
0.154384
0.601511
0.662
0.470249
0.159296
0.662
0.662
0.334281
0.662
0.662
0.279718
0.550089
0.662
0.603906
0.348339
0.553305
0.0562287
0.197737
0.335224
0.662
0.465958
0.0131538
0.662
0.662
0.175509
0.662
0.367398
0.0902971
0.44586
0.187818
0.381478
0.662
0.662
0.662
0.662
0.662
0.662
0.662
0.349685
0.662
0.0507139
0.662
0.660933
0.322769
0.0315801
0.662
0.662
0.229792
0.226402
0.433746
0.255849
0.111918
0.662
0.662
0.491087
0.0352802
0.662
0.124524
0.399334
0.662
0.404434
0.296196
0.41859
0.662
0.174431
0.532163
0.149532
0.238986
0.198344
0.169893
0.662
0.399891
0.521879
0.0755557
0.662
0.355189
0.271401
0.662
0.412563
0.662
0.472041
0.230434
0.662
0.526048
0.662
0.415045
0.28203
0.202104
0.151673
0.255089
0.0308098
0.662
0.187409
0.195613
0.20971
0.408865
0.662
0.369044
0.338711
0.253844
0.662
0.365666
0.0840001
0.40597
0.198449
0.662
0.636391
0.541624
0.340674
0.28204
0.216859
0.395581
0.211382
0.165232
0.224772
0.170877
0.439329
0.662
0.118248
0.424528
0.662
0.662
0.443404
0.662
0.476434
0.662
0.484959
0.390586
0.352056
0.662
0.662
0.4392
0.662
0.626784
0.0673458
0.173743
0.662
0.40616
0.287891
0.322547
0.662
0.662
0.662
0.234693
0.662
0.662
0.226561
0.141347
0.662
0.662
0.662
0.254573
0.662
0.324243
0.662
0.662
0.662
0.47838
0.662
0.662
0.662
0.662
0.385828
0.36137
0.662
0.662
0.435727
0.155963
0.662
0.185814
0.0321453
0.192503
0.146335
0.34649
0.662
0.662
0.141251
0.662
0.662
0.662
0.109967
0.347983
0.317203
0.32124
0.662
0.655031
0.0425556
0.0442007
0.662
0.662
0.438426
0.662
0.662
0.662
0.662
0.425545
0.479043
0.603228
0.230425
0.638632
0.0332847
0.115413
0.662
0.119284
0.506609
0.662
0.662
0.662
0.06905
0.662
0.662
0.662
0.662
0.662
0.662
0.468828
0.133576
0.247576
0.662
0.196105
0.662
0.662
0.662
0.431562
0.662
0.662
0.210061
0.20836
0.0420347
0.629406
0.662
0.662
0.662
0.435737
0.163609
0.387854
0.203128
0.643012
0.217481
0.434515
0.113824
0.380797
0.49042
0.144558
0.662
0.0305759
0.662
0.662
0.662
0.418712
0.115992
0.135454
0.651413
0.228569
0.662
0.40573
0.0173495
0.271977
0.283085
0.0871571
0.020472
0.234245
0.662
0.309186
0.662
0.225448
0.470707
0.0325361
0.662
0.433002
0.392277
0.662
0.662
0.585247
0.0669538
0.175667
0.662
0.596225
0.109549
0.662
0.162467
0.225706
0.197474
0.0265251
0.662
0.138781
0.0579796
0.662
0.293835
0.341375
0.0386808
0.0904132
0.662
0.0915428
0.662
0.497149
0.662
0.662
0.662
0.662
0.202324
0.11688
0.385446
0.308773
0.662
0.662
0.662
0.472105
0.662
0.592672
0.662
0.662
0.147368
0.662
0.190512
0.313811
0.662
0.114844
0.662
0.0182716
0.163829
0.662
0.499601
0.662
0.662
0.662
0.662
0.276817
0.332024
0.310276
0.587493
0.192028
0.662
0.29774
0.449692
0.269803
0.662
0.601509
0.662
0.394063
0.0496004
0.310765
0.537903
0.662
0.608287
0.662
0.662
0.568744
0.0490026
0.249134
0.662
0.35988
0.662
0.662
0.100589
0.662
0.21182
0.643207
0.662
0.215133
0.662
0.662
0.662
0.0982289
0.662
0.378186
0.290911
0.351699
0.0971707
0.127678
0.469663
0.662
0.662
0.113285
0.119747
0.662
0.662
0.292658
0.444501
0.275483
0.0576132
0.662
0.662
0.315002
0.662
0.662
0.0524956
0.662
0.390933
0.122688
0.662
0.390488
0.00920545
0.277014
0.42786
0.18745
0.662
0.659087
0.143294
0.291406
0.662
0.662
0.308234
0.174184
0.156279
0.662
0.662
0.662
0.593602
0.662
0.662
0.497649
0.404586
0.156949
0.268724
0.0424604
0.078765
0.453606
0.662
0.662
0.442814
0.0934703
0.662
0.137522
0.138739
0.662
0.549314
0.44197
0.0797824
0.662
0.268254
0.193846
0.662
0.244253
0.545975
0.242998
0.571029
0.259394
0.075967
0.662
0.662
0.662
0.662
0.662
0.662
0.662
0.248189
0.385481
0.662
0.617175
0.391689
0.662
0.61365
0.424947
0.50325
0.175086
0.587114
0.662
0.662
0.452079
0.662
0.432787
0.252441
0.0217418
0.662
0.281242
0.662
0.452732
0.264152
0.662
0.448096
0.662
0.205867
0.652367
0.127864
0.153357
0.18007
0.058665
0.370964
0.346509
0.662
0.250442
0.1997
0.390714
0.662
0.662
0.662
0.662
0.662
0.309433
0.224918
0.355266
0.314844
0.322297
0.527447
0.161418
0.040354
0.662
0.197431
0.312246
0.662
0.456335
0.0605863
0.153881
0.541431
0.662
0.435285
0.662
0.529511
0.372254
0.457623
0.662
0.456964
0.328944
0.612127
0.199479
0.234215
0.543574
0.37573
0.662
0.029657
0.662
0.662
0.303057
0.662
0.0556604
0.662
0.409957
0.63339
0.662
0.662
0.662
0.220182
0.438517
0.14649
0.162484
0.662
0.23891
0.371885
0.127385
0.641549
0.165819
0.619745
0.662
0.662
0.0024309
0.513811
0.34211
0.439064
0.662
0.34707
0.532528
0.662
0.537537
0.448481
0.129589
0.662
0.662
0.662
0.237298
0.211263
0.662
0.662
0.662
0.207293
0.273302
0.203288
0.662
0.0976791
0.193006
0.475439
0.141663
0.169207
0.662
0.662
0.291806
0.662
0.651393
0.662
0.662
0.645821
0.32898
0.217709
0.662
0.269858
0.0306353
0.34109
0.209776
0.495086
0.662
0.249478
0.662
0.190639
0.126628
0.159725
0.396679
0.662
0.662
0.171577
0.183647
0.337464
0.662
0.542652
0.18713
0.662
0.575854
0.08612
0.388642
0.03358
0.662
0.662
0.393431
0.217288
0.662
0.180203
0.662
0.662
0.336327
0.662
0.662
0.335137
0.662
0.662
0.662
0.340857
0.223624
0.662
0.662
0.17609
0.120342
0.409276
0.49492
0.22436
0.569267
0.662
0.194965
0.28382
0.460671
0.662
0.117656
0.662
0.299139
0.662
0.113994
0.208232
0.052735
0.469646
0.14062
0.662
0.597444
0.356692
0.0668908
0.549053
0.662
0.188421
0.291633
0.413676
0.392224
0.637499
0.162606
0.32617
0.566091
0.662
0.662
0.113207
0.629133
0.396468
0.071359
0.662
0.662
0.314839
0.185857
0.662
0.311354
0.662
0.227619
0.662
0.403274
0.662
0.662
0.357838
0.438071
0.662
0.629763
0.662
0.434018
0.662
0.662
0.534543
0.319787
0.662
0.346785
0.141113
0.662
0.662
0.662
0.662
0.180006
0.16154
0.662
0.662
0.662
0.662
0.228484
0.645019
0.662
0.239745
0.273823
0.221449
0.201025
0.239151
0.10953
0.662
0.272218
0.11324
0.662
0.183755
0.662
0.662
0.662
0.662
0.0186662
0.306098
0.310344
0.0202641
0.466513
0.662
0.662
0.357931
0.24262
0.478212
0.650496
0.421221
0.662
0.205388
0.662
0.0753118
0.662
0.55331
0.17697
0.662
0.223518
