0.662
0.240756
0.0631038
0.662
0.632933
0.294718
0.662
0.373286
0.414934
0.662
0.0770649
0.662
0.662
0.424455
0.0347935
0.662
0.207328
0.662
0.219755
0.662
0.200772
0.662
0.0583267
0.160818
0.417306
0.352965
0.353504
0.625863
0.142989
0.236461
0.662
0.607052
0.360035
0.350613
0.0477625
0.662
0.40437
0.662
0.0737303
0.662
0.178444
0.216352
0.187733
0.369142
0.662
0.662
0.0877852
0.251182
0.662
0.662
0.662
0.660618
0.322726
0.651154
0.266356
0.450063
0.0834275
0.0153064
0.662
0.662
0.662
0.662
0.375341
0.662
0.4184
0.662
0.153736
0.662
0.559579
0.138989
0.0129251
0.22218
0.606536
0.437806
0.415163
0.405421
0.662
0.662
0.662
0.662
0.488799
0.502248
0.549364
0.662
0.304934
0.662
0.662
0.485197
0.341561
0.239921
0.26691
0.472261
0.178612
0.243978
0.119396
0.662
0.000961335
0.662
0.426538
0.336911
0.377429
0.286001
0.662
0.321208
0.219241
0.180341
0.662
0.662
0.641273
0.156228
0.141445
0.662
0.0878385
0.328101
0.662
0.393512
0.662
0.662
0.360439
0.396991
0.17813
0.662
0.662
0.208245
0.662
0.662
0.381547
0.402187
0.662
0.49229
0.169966
0.268685
0.662
0.662
0.662
0.234025
0.443501
0.218097
0.662
0.662
0.178409
0.662
0.135903
0.270519
0.130429
0.347477
0.662
0.662
0.199844
0.662
0.142541
0.662
0.662
0.662
0.252266
0.444598
0.662
0.23738
0.662
0.168528
0.662
0.662
0.662
0.662
0.0987567
0.644914
0.368803
0.662
0.124414
0.533865
0.0780566
0.134188
0.138163
0.595515
0.169182
0.662
0.116901
0.266258
0.662
0.662
0.662
0.662
0.39548
0.662
0.380017
0.214581
0.374303
0.219283
0.0253582
0.339624
0.58528
0.662
0.451965
0.647208
0.662
0.587423
0.662
0.662
0.148038
0.499302
0.414774
0.634156
0.662
0.662
0.662
0.662
0.160544
0.0495416
0.427798
0.139162
0.36233
0.662
0.662
0.086207
0.35632
0.662
0.534919
0.049159
0.662
0.662
0.662
0.662
0.191627
0.184744
0.437887
0.662
0.662
0.662
0.363329
0.662
0.363618
0.662
0.662
0.184658
0.213419
0.662
0.349855
0.0845056
0.662
0.268523
0.662
0.234502
0.662
0.662
0.452719
0.455452
0.25791
0.0243055
0.662
0.662
0.662
0.662
0.100922
0.387322
0.662
0.4604
0.662
0.410668
0.261105
0.662
0.33211
0.662
0.29313
0.662
0.095606
0.662
0.662
0.566255
0.181857
0.662
0.662
0.623933
0.173847
0.462982
0.662
0.662
0.222496
0.662
0.662
0.662
0.0996673
0.305574
0.446434
0.574707
0.662
0.614446
0.662
0.392464
0.170497
0.662
0.140164
0.662
0.152299
0.662
0.562193
0.174279
0.218497
0.662
0.435114
0.442111
0.0316474
0.185724
0.620261
0.354831
0.0150235
0.662
0.379974
0.662
0.000122767
0.662
0.452657
0.662
0.662
0.274066
0.542308
0.196112
0.464289
0.662
0.662
0.662
0.160753
0.0959343
0.621405
0.662
0.662
0.442212
0.662
0.385139
0.410156
0.229134
0.258808
0.227464
