0.662
0.662
0.662
0.366131
0.631318
0.662
0.197097
0.0279994
0.662
0.662
0.305653
0.174369
0.662
0.324279
0.0471956
0.662
0.183226
0.119105
0.279075
0.271742
0.662
0.0568915
0.0824135
0.662
0.190774
0.564701
0.0929535
0.119229
0.248255
0.601146
0.619762
0.662
0.061471
0.280441
0.20038
0.629453
0.662
0.662
0.662
0.662
0.662
0.47286
0.20775
0.26604
0.662
0.167563
0.196907
0.484943
0.564687
0.209501
0.438338
0.571931
0.551912
0.52869
0.54913
0.518931
0.334224
0.300979
0.662
0.214684
0.211704
0.230287
0.339792
0.662
0.411643
0.446941
0.662
0.662
0.662
0.662
0.662
0.453422
0.27841
0.200348
0.662
0.0513345
0.662
0.662
0.263593
0.662
0.0743198
0.662
0.175381
0.0177334
0.658551
0.0766815
0.443465
0.662
0.662
0.0164273
0.662
0.662
0.152106
0.198874
0.0932672
0.662
0.662
0.169319
0.288508
0.662
0.228443
0.662
0.0645205
0.662
0.0250903
0.662
0.179948
0.662
0.217777
0.662
0.269435
0.37707
0.106622
0.644353
0.338056
0.138747
0.342194
0.365449
0.242319
0.662
0.662
0.424457
0.662
0.0905977
0.488566
0.144989
0.356222
0.662
0.265229
0.662
0.662
0.383961
0.182481
0.102518
0.112761
0.662
0.077999
0.45391
0.182731
0.662
0.380432
0.511516
0.662
0.142248
0.662
0.638838
0.662
0.276376
0.0237681
0.448971
0.662
0.491975
0.412832
0.662
0.240373
0.348054
0.592708
0.662
0.608593
0.398679
0.393429
0.662
0.476124
0.152844
0.330715
0.126328
0.16768
0.662
0.438773
0.662
0.263545
0.662
0.297221
0.662
0.662
0.662
0.354118
0.245072
0.103079
0.0272798
0.249056
0.164594
0.233539
0.662
0.662
0.662
0.428116
0.262348
0.210307
0.662
0.633694
0.40016
0.0136818
0.186527
0.662
0.662
0.460964
0.325373
0.275269
0.0799998
0.662
0.148352
0.662
0.662
0.662
0.000329304
0.54797
0.662
0.662
0.662
0.0681795
0.556077
0.300671
0.662
0.662
0.662
0.662
0.206351
0.662
0.662
0.603132
0.11
0.662
0.395949
0.0104137
0.49046
0.662
0.662
0.0293042
0.191945
0.121077
0.662
0.54667
0.662
0.662
0.314598
0.662
0.662
0.662
0.662
0.124041
0.662
0.190127
0.662
0.662
0.347615
0.662
0.206343
0.662
0.326779
0.621076
0.2101
0.662
0.662
0.662
0.662
0.626364
0.364358
0.662
0.537348
0.662
0.19442
0.276367
0.662
0.662
0.662
0.58088
0.209748
0.375093
0.304188
0.662
0.076237
0.662
0.662
0.662
0.588952
0.207599
0.480114
0.111773
0.247167
0.2497
0.402776
0.662
0.662
0.104815
0.425442
0.272796
0.662
0.654752
0.217947
0.165094
0.662
0.0576366
0.0351323
0.167619
0.662
0.662
0.378062
0.283182
0.662
0.166319
0.173128
0.530367
0.63021
0.662
0.662
0.132727
0.135485
0.0264088
0.117894
0.289272
0.636434
0.662
0.265586
0.260138
0.188757
0.662
0.465067
0.317544
0.662
0.662
0.419314
0.366938
0.0980094
0.47925
0.340786
0.295165
0.662
0.606843
0.662
0.662
0.0637405
0.662
0.379215
0.21611
0.235795
0.662
0.246142
0.261333
0.150696
0.155441
0.1614
0.662
0.343084
0.380967
0.49311
0.172193
0.17591
0.298446
0.662
0.126742
0.350799
0.318423
0.56232
0.662
0.401038
0.662
0.662
0.222309
0.486919
0.615532
0.662
0.662
0.662
0.582389
0.456876
0.662
0.43295
0.353678
0.135734
0.662
0.662
0.662
0.662
0.450548
0.662
0.63121
0.122442
0.662
0.0819144
0.0772105
0.405684
0.662
0.290709
0.662
0.586049
