0.662
0.662
0.00840941
0.662
0.062984
0.417456
0.662
0.662
0.235105
0.153906
0.662
0.662
0.561356
0.0753697
0.316345
0.0279994
0.662
0.0459973
0.0658425
0.662
0.352243
0.267585
0.405452
0.662
0.450548
0.662
0.197048
0.306429
0.662
0.297318
0.662
0.209748
0.104815
0.1064
0.477039
0.662
0.662
0.35951
0.662
0.41593
0.662
0.633694
0.662
0.232707
0.603132
0.662
0.662
0.0336359
0.312729
0.662
0.319563
0.143417
0.662
0.662
0.206069
0.662
0.662
0.629453
0.0799998
0.0395525
0.249056
0.219428
0.20038
0.227968
0.326779
0.0455524
0.167619
0.662
0.662
0.662
0.0235635
0.379215
0.54667
0.227964
0.662
0.0423207
0.0803684
0.662
0.300254
0.0824135
0.662
0.0304568
0.0139211
0.148323
0.54913
0.662
0.118525
0.662
0.319607
0.387533
0.662
0.662
0.226589
0.662
0.662
0.347051
0.662
0.203359
0.218815
0.207804
0.662
0.590419
0.184589
0.662
0.662
0.662
0.301579
0.662
0.662
0.20677
0.0215239
0.531996
0.637871
0.210277
0.41857
0.411528
0.197993
0.662
0.115525
0.0199083
0.662
0.238715
0.436296
0.662
0.662
0.142086
0.224094
0.0858228
0.662
0.23071
0.366131
0.170671
0.168471
0.318423
0.662
0.618594
0.207626
0.57266
0.632044
0.662
0.358553
0.0734416
0.15328
0.191456
0.190774
0.662
0.662
0.220826
0.39034
0.21059
0.197843
0.443465
0.662
0.516617
0.227696
0.192571
0.662
0.662
0.0105041
0.579351
0.662
0.224823
0.662
0.662
0.148352
0.0838988
0.480114
0.662
0.319008
0.169239
0.562503
0.129095
0.662
0.145864
0.662
0.662
0.662
0.662
0.205117
0.198144
0.662
0.393429
0.324279
0.610569
0.392269
0.662
0.19442
0.662
0.5538
0.365575
0.662
0.566732
0.321833
0.64061
0.662
0.43295
0.356321
0.662
0.460964
0.662
0.662
0.662
0.429335
0.0436052
0.281564
0.571402
0.321406
0.662
0.60397
0.298941
0.662
0.336567
0.559245
0.662
0.451923
0.518931
0.662
0.662
0.0502634
0.476002
0.167206
0.662
0.662
0.662
0.121077
0.214684
0.662
0.45544
0.662
0.58088
0.413852
0.662
0.239876
0.0450412
0.284441
0.126742
0.404743
0.474184
0.662
0.150696
0.662
0.662
0.29415
0.662
0.592708
0.121709
0.636434
0.139702
0.0676465
0.229197
0.662
0.144989
0.662
0.662
0.326027
0.662
0.426463
0.662
0.102518
0.662
0.662
0.638838
0.405769
0.130212
0.300671
0.459637
0.662
0.470931
0.662
0.662
0.00939389
0.264014
0.662
0.662
0.662
0.312608
0.662
0.662
0.534337
0.448393
0.662
0.536428
0.208843
0.662
0.123371
0.0392936
0.178135
0.502689
0.110455
0.374922
0.201555
0.267087
0.142419
0.144544
0.662
0.449695
0.240078
0.448241
0.220674
0.149133
0.662
0.260411
0.220191
0.189191
0.662
0.196952
0.105323
0.24036
0.175888
0.164804
0.39562
0.412405
0.0487534
0.662
0.662
0.599249
0.433082
0.0577253
0.662
0.348476
0.0728469
0.662
0.662
0.662
0.469003
0.54797
0.662
0.575326
0.127405
0.662
0.662
0.314646
0.411659
0.662
0.44786
0.228842
0.577879
0.221289
0.662
0.438338
0.356477
0.137467
0.368162
0.314598
0.344539
0.662
0.446715
0.662
0.1614
0.615532
0.662
0.662
0.0250903
0.662
0.251734
0.113034
0.662
0.119606
0.662
0.662
0.662
0.119403
0.662
0.442393
0.662
0.536928
0.211509
0.0326947
0.168501
0.376829
0.662
0.662
0.465067
0.404012
0.218441
0.56232
0.662
0.662
0.662
0.662
0.419909
0.584437
0.350378
0.438773
0.225383
0.222609
0.520099
0.220133
0.662
0.282231
0.566383
0.131101
0.140199
0.662
0.0658479
0.662
0.353649
0.662
0.631318
0.155194
0.637674
0.441356
0.448224
0.353182
0.662
0.227123
0.353765
0.662
0.366148
0.662
0.662
0.662
0.258095
0.180677
0.662
0.0973722
0.631108
0.662
0.662
0.373444
0.0969769
0.0623286
0.22309
0.0330552
0.196866
0.240974
0.414245
0.662
0.38124
0.26262
0.28214
0.662
0.268744
0.662
0.556225
0.167197
0.662
0.272738
0.142505
0.393148
0.553065
0.0289928
0.662
0.109743
0.180017
0.165402
0.662
0.662
0.662
0.410115
0.662
0.288508
0.619762
0.17459
0.662
0.662
0.398434
0.662
0.069422
0.653084
0.545536
0.662
0.286301
0.662
0.662
0.271742
0.360702
0.163524
0.455153
0.383961
0.186527
0.0532793
0.662
0.662
0.249067
0.662
0.283242
0.662
0.662
0.662
0.00473744
0.299624
0.662
0.662
0.662
0.244934
0.470822
0.293456
0.662
0.260138
0.45391
0.662
0.662
0.119448
0.662
0.662
0.199086
0.413526
0.662
0.662
0.461151
0.662
0.662
0.328861
0.0929535
0.461624
0.0293042
0.662
0.157535
0.662
0.00886535
0.440238
0.196907
0.342194
0.662
0.662
0.662
0.662
0.103565
0.578192
0.662
0.108295
0.197114
0.662
0.662
0.662
0.165699
0.244529
0.323513
0.612552
0.401038
0.361578
0.164507
0.662
0.662
0.380432
0.662
0.291637
0.662
0.662
0.184748
0.12706
0.591646
0.456456
0.662
0.0766815
0.662
0.413511
0.376313
0.662
0.454322
0.493281
0.11
0.662
0.662
0.303602
0.662
0.395949
0.283291
0.457774
0.076072
0.662
0.662
0.662
0.263545
0.426956
0.45594
0.173128
0.477489
0.233255
0.200832
0.122442
0.186757
0.662
0.0642566
0.662
0.662
0.662
0.158498
0.0425407
0.336095
0.662
0.211271
0.270058
0.662
0.612106
0.295828
0.662
0.662
0.430474
0.662
0.662
0.386867
0.651955
0.662
0.662
0.155399
0.285608
0.372968
0.144232
0.662
0.199081
0.662
0.429868
0.662
0.370982
0.24269
0.276051
0.405684
0.662
0.662
0.071755
0.363315
0.611619
0.662
0.297221
0.661838
0.662
0.662
0.461026
0.372181
0.662
0.662
0.275683
0.300473
0.127283
0.548554
0.662
0.662
0.475084
0.192113
0.662
0.662
0.662
0.329889
0.662
0.427407
0.662
0.310403
0.348082
0.164549
0.662
0.346644
0.0906851
0.420679
0.662
0.208691
0.542425
0.260268
0.662
0.662
0.37786
0.232784
0.662
0.0568961
0.152844
0.104119
0.662
0.662
0.419849
0.470577
0.606856
0.327719
0.19271
0.251353
0.144568
0.662
0.0122905
0.203394
0.662
0.605875
0.647102
0.0770092
0.0164273
0.271009
0.662
0.662
0.523157
0.539561
0.662
0.662
0.457051
0.662
0.224943
0.40929
0.0945784
0.662
0.662
0.613365
0.405137
0.662
0.544241
0.200839
0.119105
0.0148119
0.35986
