0.662
0.662
0.229858
0.370731
0.560634
0.631148
0.031985
0.463677
0.242198
0.477945
0.402098
0.662
0.54259
0.662
0.0159494
0.456325
0.662
0.366382
0.662
0.325771
0.624475
0.662
0.42474
0.662
0.0137134
0.318313
0.282702
0.0510866
0.662
0.662
0.662
0.41107
0.190268
0.234668
0.288744
0.176851
0.662
0.171459
0.157728
0.662
0.662
0.662
0.369026
0.176306
0.662
0.662
0.416171
0.466004
0.181431
0.662
0.662
0.662
0.0244753
0.303172
0.662
0.662
0.662
0.3874
0.191026
0.275932
0.274727
0.662
0.264709
0.662
0.218833
0.222406
0.201167
0.14411
0.662
0.111744
0.255967
0.0916417
0.662
0.662
0.612806
0.662
0.333981
0.22195
0.0782568
0.662
0.662
0.104883
0.26404
0.312443
0.662
0.194017
0.0676665
0.527754
0.330456
0.662
0.0104245
0.662
0.00643938
0.46218
0.51205
0.457002
0.397255
0.662
0.662
0.498027
0.106775
0.330808
0.0151711
0.433004
0.662
0.143187
0.275836
0.28781
0.662
0.359537
0.18181
0.662
0.662
0.662
0.473371
0.662
0.22375
0.662
0.662
0.662
0.160834
0.212317
0.184822
0.662
0.0943034
0.662
0.662
0.319292
0.662
0.197547
0.662
0.662
0.523503
0.662
0.411712
0.587698
0.00260135
0.554119
0.0112886
0.662
0.360224
0.106669
0.361398
0.662
0.209383
0.662
0.662
0.46211
0.662
0.662
0.183318
0.662
0.0632627
0.662
0.662
0.662
0.375122
0.322441
0.662
0.662
0.401508
0.0976564
0.487382
0.33922
0.662
0.662
0.654352
0.27325
0.301342
0.662
0.103566
0.302953
0.662
0.138688
0.662
0.215782
0.422251
0.662
0.157595
0.074699
0.662
0.662
0.662
0.662
0.311664
0.32692
0.567834
0.662
0.410402
0.397347
0.662
0.662
0.244274
0.161005
0.450274
0.662
0.662
0.0953028
0.424008
0.317051
0.507084
0.662
0.662
0.662
0.662
0.0730084
0.662
0.0666964
0.662
0.269694
0.662
0.632189
0.284693
0.151159
0.299124
0.242621
0.39578
0.662
0.322998
0.48792
0.662
0.285186
0.000428412
0.490268
0.662
0.592316
0.324431
0.662
0.431511
0.21254
0.662
0.535563
0.662
0.662
0.0421549
0.204171
0.409783
0.209513
0.662
0.662
0.157926
0.662
0.662
0.278866
0.662
0.662
0.662
0.262879
0.294333
0.227224
0.662
0.662
0.131355
0.662
0.582103
0.162965
0.662
0.0650614
0.662
0.662
0.662
0.124413
0.42815
0.293415
0.662
0.156897
0.0153028
0.00419849
0.564864
0.20552
0.662
0.126725
0.662
0.662
0.662
0.366866
0.662
0.662
0.662
0.662
0.0580265
0.114395
0.30907
0.662
0.662
0.133309
0.606898
0.662
0.265238
0.662
0.361839
0.329223
0.662
0.662
0.662
0.232182
0.27489
0.42972
0.662
0.662
0.00346415
0.662
0.0286269
0.211085
0.0995881
0.662
0.662
0.662
0.449356
0.323351
0.33821
0.227625
0.662
0.662
0.17929
0.662
0.662
0.424915
0.320182
0.662
0.450704
0.448839
0.211806
0.10986
0.30763
0.485614
0.270764
0.662
0.662
0.448566
0.60074
0.434769
0.334359
0.461223
0.0360716
0.20245
0.636985
0.290527
0.127391
0.662
0.511538
0.361736
0.662
0.303844
0.662
0.0296943
0.440151
0.336195
0.22626
0.662
0.662
0.0935641
0.158855
0.225374
0.250021
0.331179
0.470053
0.0286626
0.662
0.4427
0.662
0.2479
0.662
0.631502
0.500348
0.0660692
0.513789
0.397398
0.662
0.346444
0.662
0.662
0.662
0.297493
0.172401
0.662
0.662
0.662
0.53537
0.462761
0.662
0.109674
0.037344
0.286057
0.662
0.0596712
0.0824055
0.0411727
0.662
0.217751
0.163372
0.0911694
0.322063
0.329678
0.45362
0.165553
0.0544502
0.0260333
0.662
0.423678
0.0180278
0.124396
0.662
0.662
0.662
0.662
0.662
0.464565
0.662
0.19578
0.14066
0.662
0.662
0.662
0.662
0.142376
0.363862
0.28471
0.0105607
0.662
0.662
0.662
0.34009
0.58734
0.662
0.662
0.177073
0.455881
0.383781
0.662
0.288646
0.333335
0.572843
0.595716
0.662
0.0740733
0.375848
0.089135
0.372021
0.662
0.662
0.662
0.662
0.411924
0.144588
0.279866
0.662
0.24829
0.489356
0.202829
0.22824
0.662
0.662
0.662
0.222816
0.662
0.0470907
0.662
0.194045
0.122683
0.298406
0.0932371
0.278614
0.662
0.524828
0.543117
0.349193
0.662
0.199703
0.213465
0.662
0.662
0.0661965
0.308801
0.662
0.662
0.662
0.413176
0.662
0.662
0.304847
0.351825
0.150042
0.662
0.12918
0.662
0.000521727
0.207781
0.326835
0.290184
0.662
0.662
0.120193
0.284393
0.457321
0.662
0.662
0.662
0.367156
0.394985
0.136369
0.0742651
0.662
0.313128
0.209498
0.482201
0.662
0.662
0.178943
0.406477
0.662
0.187636
0.662
0.380071
0.662
0.123598
0.0611992
0.120388
0.510011
0.662
0.662
0.662
0.012572
0.372713
0.137774
0.563718
0.662
0.662
0.662
0.182542
0.176654
0.662
0.662
0.520828
0.662
0.404127
0.0540978
0.637181
0.227362
0.662
0.662
0.0427931
0.662
0.662
0.44308
0.662
0.322017
0.350276
0.662
0.178421
0.0384757
0.145713
0.662
0.369622
0.00512048
0.662
0.662
0.356544
0.0913022
0.359232
0.475046
0.662
0.440572
0.662
0.662
0.469634
0.662
0.224285
0.111429
0.662
0.662
0.662
0.662
0.662
0.662
0.662
0.227716
0.405066
0.662
0.662
0.194834
0.24076
0.662
0.22207
0.420681
0.313895
0.662
0.589384
0.662
0.175378
0.361338
0.0983856
0.435907
0.235348
0.662
0.061806
0.662
0.662
0.340066
0.662
0.0199805
0.662
0.00481245
0.384676
0.143201
0.662
0.662
0.662
0.394381
0.662
0.452238
0.662
0.237152
0.111064
0.438647
0.662
0.626813
0.662
0.340296
0.289484
0.494176
0.241503
0.243292
0.662
0.662
0.662
0.526291
0.252658
0.118398
0.489792
0.184736
0.159894
0.662
0.662
0.250586
0.662
0.506587
0.193771
0.525678
0.662
0.662
0.186659
0.662
0.0812961
0.445682
0.0116637
0.662
0.568354
0.662
0.662
0.380696
0.194444
0.527795
0.662
0.59
0.255255
0.289694
0.662
0.33679
0.243345
0.0888243
0.662
0.662
0.134522
0.662
0.503846
0.63339
0.169121
0.305322
0.662
0.662
0.269504
0.034057
0.113805
0.0874425
0.662
0.662
0.64069
0.166402
0.232273
0.319414
0.410913
0.366895
0.0455954
0.662
0.168423
0.662
0.662
0.52021
0.621899
0.0415301
0.15758
0.0770043
0.662
0.662
0.662
0.662
0.662
0.662
0.153235
0.187902
0.662
0.0822672
0.363271
0.662
0.202779
0.528229
0.117616
0.653045
0.662
0.355606
0.634536
0.662
0.662
0.662
0.662
0.662
0.662
0.175427
0.662
0.662
0.29356
0.365301
0.662
0.375938
0.381219
0.662
0.35797
0.323557
0.0448251
0.396538
0.198169
0.0258848
0.334869
0.662
0.662
0.662
0.211641
0.124669
0.340017
0.495067
0.621463
0.662
0.662
0.326994
0.188758
0.146834
0.203665
0.573649
0.387293
0.662
0.662
0.662
0.662
0.220245
0.662
0.395907
0.662
0.662
0.268536
0.210697
0.455938
0.448568
0.120479
0.340294
0.662
0.662
0.662
0.439214
0.662
0.662
0.0807647
0.154632
0.0875546
0.0363091
0.150895
0.105906
0.337635
0.178668
0.0596892
0.255036
0.109377
0.662
0.662
0.662
0.455183
0.662
0.0804697
0.228789
0.662
0.0238699
0.470305
0.662
0.0624429
0.242598
0.662
0.291628
0.31721
0.168057
0.662
0.46398
0.404084
0.662
0.351285
0.254721
0.261634
0.662
0.458365
0.662
0.662
0.662
0.274343
0.479053
0.662
0.166315
0.158832
0.662
0.662
0.384529
0.364354
0.0944979
0.249512
0.134612
0.394718
0.00579181
0.603398
0.662
0.662
0.286263
0.161937
0.0310213
0.662
0.662
0.128306
0.15057
0.152044
0.000386195
0.662
0.0701776
0.045331
0.329293
0.0283171
0.662
0.662
0.442299
0.263918
0.172117
0.662
0.425623
0.662
0.302366
0.299661
0.662
0.662
0.662
0.305969
0.197872
0.662
0.662
0.186374
0.662
0.27069
0.178508
0.662
0.113625
0.662
0.263291
0.408102
0.662
0.553872
0.385334
0.662
0.662
0.254571
0.662
0.156841
0.662
0.218309
0.662
0.571115
0.39848
0.662
0.450055
0.662
0.662
0.662
0.299737
0.662
0.185668
0.168896
0.662
0.662
0.0724917
0.257999
0.662
0.363273
0.582702
0.346308
0.662
0.662
0.0846079
0.662
0.255094
0.662
0.358589
0.662
0.662
0.662
0.662
0.662
0.470183
0.180018
0.662
0.201732
0.662
0.239355
0.133611
0.662
0.4713
0.662
0.465747
0.162509
0.235142
0.626947
0.225861
0.0693277
0.662
0.57741
0.369099
0.0687385
0.662
0.516706
0.662
0.662
0.297623
0.662
0.14001
0.251298
0.187757
0.405783
0.662
0.166503
0.662
0.662
0.14817
0.662
0.662
0.662
0.0502979
0.662
0.424549
0.662
0.616352
0.53493
0.662
0.567531
0.241333
0.662
0.00983195
0.135469
0.662
0.16027
0.662
0.662
0.662
0.352383
0.662
0.147016
0.0757898
0.493332
0.350799
0.26565
0.0791741
0.458546
0.53929
0.662
0.662
0.205817
0.482074
0.662
0.0566337
0.147447
0.541256
0.334299
0.662
0.374369
0.173118
0.427187
0.248371
0.259067
0.461747
0.372563
0.662
0.515076
0.520466
0.00408647
0.662
0.662
0.451289
0.662
0.205757
0.662
0.331278
0.392271
0.662
0.333108
0.662
0.34002
0.658497
0.463279
0.0896918
0.540462
0.662
0.166033
0.385505
0.0149201
0.335731
0.0941837
0.0148166
0.662
0.662
0.162231
0.506523
0.211486
0.257259
0.662
0.00527432
0.250832
0.60796
0.662
0.662
0.369509
0.662
0.342109
0.43526
0.137513
0.0541804
0.266111
0.662
0.662
0.144531
0.662
0.662
0.662
0.662
0.662
0.635467
0.118781
0.662
0.0037772
0.0796729
0.606568
0.216973
0.625152
0.407496
0.113192
0.488459
0.237245
0.662
0.0219258
0.662
0.439644
0.508179
0.56474
0.157606
0.537074
0.402816
0.662
0.60354
0.662
0.266796
0.662
0.0120029
0.662
0.158361
0.386167
0.289213
0.32804
0.572666
0.0892944
0.46396
0.361908
0.662
0.662
0.529572
0.272875
0.662
0.662
0.633391
0.662
0.662
0.648047
0.662
0.412365
0.662
0.662
0.662
0.426491
0.662
0.288318
0.37803
0.552311
0.629706
0.662
0.662
0.136914
0.54503
0.662
0.407445
0.169872
0.662
0.465538
0.118459
0.662
0.662
0.662
0.662
0.662
0.296118
0.272531
0.0987957
0.417958
0.367012
0.38179
0.662
0.662
0.662
0.0736817
0.662
0.662
0.662
0.0217574
0.359073
0.421871
0.662
0.313705
0.662
0.662
0.252837
0.0771519
0.383601
0.257771
0.662
0.394944
0.442358
0.662
0.263451
0.0302849
0.110088
0.551142
0.252728
0.152553
0.662
0.298394
0.198497
0.549173
0.662
0.371031
0.0305927
0.0493878
0.662
0.254345
0.662
0.662
0.451895
0.469019
0.216737
0.176683
0.662
0.662
0.530566
0.0971702
0.662
0.662
0.353739
0.152997
0.662
0.245846
0.137715
0.662
0.135974
0.662
0.662
0.662
0.288638
0.453261
0.115734
0.231713
0.197951
0.24126
0.662
0.129103
0.662
0.662
0.284424
0.408902
0.481425
0.662
0.223743
0.132608
0.662
0.406157
0.123201
0.424404
0.206736
0.297793
0.56338
0.417345
0.438107
0.227572
0.662
0.662
0.662
0.633469
0.186426
0.321855
0.662
0.662
0.288556
0.662
0.662
0.221315
0.316224
0.662
0.354367
0.398558
0.328087
0.375983
0.327924
0.0263887
0.188781
0.595901
0.317444
0.46103
0.475951
0.22442
0.662
0.152465
0.662
0.319577
0.363814
0.00462082
0.216066
0.525764
0.188268
0.662
0.450487
0.662
0.662
0.662
0.662
0.531737
0.662
0.40301
0.662
0.136243
0.380653
0.155587
0.222169
0.0673312
0.662
0.353896
0.201849
0.662
0.392775
0.443969
0.662
0.282607
0.223013
0.00988251
0.662
0.662
0.275462
0.662
0.352434
0.662
0.662
0.662
0.418121
0.108942
0.662
0.662
0.662
0.180673
0.0945898
0.662
0.0514445
0.662
0.662
0.219867
0.0725279
0.132877
0.650763
0.662
0.620469
0.317332
0.662
0.662
0.283902
0.451759
0.152798
0.614377
0.208677
0.662
0.524997
0.662
0.243141
0.662
0.129515
0.662
0.310846
0.24924
0.662
0.336421
0.24437
0.347423
0.493046
0.446319
0.662
0.294486
0.662
0.261049
0.212392
0.196656
0.253786
0.662
0.662
0.249569
0.122653
0.662
0.533857
0.108515
0.394358
0.229019
0.190232
0.662
0.604896
0.552086
0.426322
0.555898
0.269335
0.156959
0.290379
0.662
0.528872
0.439937
0.043355
0.662
0.662
0.662
0.376048
0.128382
0.257923
0.662
0.35818
0.662
0.211304
0.662
0.0896508
0.547215
0.119123
0.236161
0.3873
0.662
0.0469056
0.662
0.05684
0.198209
0.62305
0.65296
0.237246
0.662
0.0851929
0.197713
0.460832
0.386982
0.662
0.662
0.422559
0.117419
0.208118
0.662
0.662
0.599853
0.487763
0.513942
0.115553
0.0347094
0.340962
0.19419
0.350344
0.662
0.662
0.286709
0.662
0.662
0.508427
0.244592
0.633822
0.224302
0.662
0.662
0.662
0.662
0.359656
0.662
0.662
0.565334
0.194771
0.087501
0.0543798
0.662
0.236672
0.478007
0.662
0.662
0.0714527
0.0128662
0.391504
0.559149
0.662
0.116288
0.145782
0.662
0.200741
0.540303
0.0884632
0.476286
0.0959527
0.137946
0.0823922
0.105785
0.662
0.544118
0.129138
0.644979
0.163896
0.481256
0.483222
0.662
0.151048
0.346823
0.248145
0.254148
0.548988
0.662
0.662
0.049036
0.662
0.144025
0.418636
0.662
0.662
0.450298
0.0234253
0.594231
0.520287
0.662
0.662
0.170476
0.662
0.662
0.662
0.662
0.420932
0.662
0.662
0.629037
0.107588
0.0335136
0.662
0.298468
0.662
0.0143492
0.662
0.384759
0.198584
0.0885582
0.350706
0.185793
0.662
0.175512
0.662
0.539522
0.00385542
0.153728
0.341492
0.34033
0.153347
0.501579
0.662
0.470682
0.662
0.214523
0.189727
0.43732
0.662
0.126352
0.662
0.201303
0.375633
0.662
0.662
0.194074
0.662
0.229643
0.662
0.209875
0.662
0.210347
0.662
0.662
0.0269986
0.662
0.172873
0.614183
0.662
0.0918086
0.284876
0.662
0.0679091
0.357313
0.662
0.491141
0.662
0.662
0.662
0.212943
0.5616
0.146341
0.293481
0.00942608
0.407933
0.383925
0.662
0.662
0.662
0.287843
0.390991
0.152692
0.530628
0.0858149
0.503956
0.0190408
0.0443843
0.532128
0.215319
0.281065
0.662
0.662
0.117871
0.221915
0.639298
0.439155
0.426926
0.0324107
0.662
0.662
0.662
0.662
0.116511
0.427135
0.662
0.100179
0.662
0.313351
0.662
0.438043
0.662
0.179343
0.10913
0.662
0.461687
0.662
0.133108
0.0771599
0.445414
0.186327
0.662
0.202717
0.662
0.49508
0.24518
0.662
0.662
0.162894
0.505933
0.662
0.272305
0.400412
0.662
0.662
0.662
0.30769
0.459134
0.224715
0.662
0.339716
0.355317
0.151846
0.662
0.29021
0.602712
0.586447
0.292803
0.301939
0.439511
0.115166
0.586683
0.217819
0.662
0.662
0.231871
0.0935441
0.107918
0.662
0.662
0.662
0.662
0.662
0.446556
0.662
0.616814
0.197509
0.329428
0.351519
0.409117
0.100997
0.633694
0.197921
0.662
0.662
0.662
0.0623847
0.234706
0.383084
0.48992
0.450224
0.606489
0.662
0.118532
0.207962
0.662
0.662
0.164844
0.662
0.458709
0.0719966
0.662
0.174461
0.437715
0.0386326
0.169786
0.376011
0.321388
0.662
0.662
0.662
0.560277
0.662
0.093713
0.190141
0.133635
0.438515
0.662
0.249799
0.662
0.190809
0.170108
0.432855
0.149903
0.395605
0.655519
0.449834
0.0209828
0.662
0.662
0.0580312
0.521953
0.255282
0.153512
0.473095
0.571482
0.184779
0.662
0.296111
0.0218165
0.0245229
0.26916
0.0638616
0.361688
0.0251531
0.662
0.662
0.00302754
0.219345
0.662
0.662
0.662
0.662
0.662
0.662
0.386077
0.391222
0.662
0.662
0.0770847
0.343673
0.662
0.505249
0.449179
0.00284043
0.0421403
0.320864
0.662
0.662
0.603723
0.662
0.662
0.271723
0.662
0.662
0.309694
0.662
0.445144
0.139102
0.173614
0.303768
0.217135
0.662
0.662
0.217817
0.166988
0.138469
0.662
0.167122
0.041617
0.638018
0.662
0.662
0.473559
0.662
0.662
0.662
0.662
0.327742
0.39596
0.31703
0.662
0.662
0.662
0.611977
0.00365242
0.323154
0.662
0.333062
0.662
0.0546587
0.28268
0.662
0.466091
0.0494346
0.662
0.662
0.140148
0.662
0.309695
0.662
0.662
0.662
0.15479
0.662
0.440205
0.188775
0.169828
0.662
0.662
0.662
0.173654
0.197047
0.550204
0.218038
0.105929
0.471107
0.644741
0.662
0.515734
0.536422
0.100026
0.662
0.662
0.283448
0.662
0.459054
0.149476
0.654847
0.220317
0.662
0.327975
0.662
0.432895
0.341067
0.0643265
0.563564
0.28242
0.196399
0.163702
0.269804
0.662
0.313452
0.0449039
0.177057
0.401512
0.662
0.662
0.382353
0.662
0.662
0.470465
0.432114
0.662
0.43503
0.662
0.285267
0.333625
0.662
0.662
0.403716
0.662
0.264897
0.00573584
0.662
0.304995
0.165025
0.304751
0.298009
0.344149
0.662
0.662
0.0184654
0.193178
0.662
0.344396
0.144226
0.662
0.435038
0.662
0.268495
0.327343
0.410522
0.269345
0.124403
0.109898
0.392548
0.193138
0.398437
0.351
0.117742
0.662
0.662
0.662
0.662
0.0792199
0.50542
0.199027
0.371002
0.662
0.662
0.662
0.162377
0.662
0.662
0.474555
0.0993603
0.662
0.662
0.519879
0.237271
0.642039
0.0443409
0.20002
0.461976
0.662
0.345075
0.662
0.662
0.662
0.45904
0.00684936
0.662
0.662
0.662
0.642832
0.458185
0.210223
0.518393
0.175564
0.0333378
0.662
0.662
0.204433
0.662
0.662
0.121184
0.0437088
0.435383
0.662
0.188885
0.662
0.306438
0.0189888
0.0361703
0.662
0.662
0.662
0.188975
0.662
0.317618
0.662
0.460067
0.12988
0.436459
0.661143
0.662
0.662
0.662
0.0698959
0.331425
0.409371
0.662
0.239131
0.662
0.3848
0.241769
0.0137159
0.662
0.287336
0.662
0.662
0.662
0.662
0.662
0.662
0.423293
0.662
0.662
0.198065
0.291786
0.261003
0.200958
0.432098
0.239755
0.316576
0.366458
0.099896
0.662
0.244617
0.662
0.662
0.047732
0.196696
0.328155
0.553382
0.662
0.662
0.662
0.173911
0.178095
0.412055
0.189454
0.204662
0.4347
0.332735
0.191295
0.662
0.194567
0.277867
0.662
0.304309
0.61703
0.601456
0.185788
0.209564
0.662
0.442735
0.0738208
0.193073
0.395058
0.662
0.208452
0.662
0.0792214
0.662
0.662
0.37689
0.0993334
0.203298
0.438317
0.268153
0.410716
0.662
0.331616
0.332275
0.545287
0.405321
0.662
0.662
0.662
0.662
0.418116
0.662
0.50342
0.662
0.376147
0.662
0.662
0.662
0.359649
0.300955
0.285702
0.183054
0.395594
0.662
0.148605
0.431326
0.662
0.200507
0.57458
0.662
0.480412
0.662
0.381177
0.172444
0.135984
0.265865
0.561499
0.662
0.255402
0.360194
0.572851
0.662
0.662
0.471845
0.242905
0.662
0.358765
0.467905
0.600055
0.153906
0.502872
0.193075
0.662
0.662
0.662
0.154655
0.411771
0.662
0.662
0.324315
0.662
0.662
0.347994
0.233324
0.662
0.451699
0.662
0.662
0.662
0.164699
0.662
0.662
0.37001
0.354664
0.301166
0.662
0.181608
0.602427
0.603171
0.662
0.0912923
0.662
0.662
0.29483
0.384203
0.305574
0.225275
0.662
0.405351
0.662
0.371644
0.662
0.492233
0.461832
0.662
0.136045
0.474342
0.468063
0.662
0.662
0.358498
0.662
0.364556
0.069778
0.00624285
0.269863
0.0230285
0.0524086
0.314637
0.662
0.662
0.162885
0.662
0.452625
0.0527743
0.662
0.662
0.355058
0.363656
0.662
0.266165
0.225335
0.215943
0.662
0.223706
0.0283394
0.589621
0.662
0.404661
0.0925397
0.662
0.267497
0.0521796
0.662
0.0987659
0.311126
0.31446
0.662
0.169492
0.357651
0.662
0.244126
0.647068
0.623905
0.440298
0.662
0.18733
0.251098
0.662
0.272757
0.662
0.662
0.662
0.662
0.662
0.131766
0.662
0.342439
0.575119
0.662
0.662
0.562562
0.586402
0.662
0.374059
0.662
0.662
0.368495
0.192197
0.451141
0.416082
0.38038
0.0142144
0.662
0.356923
0.0840042
0.662
0.662
0.365127
0.662
0.259614
0.141483
0.291447
0.662
0.662
0.316609
0.662
0.257431
0.173047
0.453296
0.662
0.662
0.662
0.463398
0.297379
0.129654
0.662
0.662
0.662
0.37821
0.205756
0.662
0.0709626
0.662
0.203332
0.426072
0.662
0.0504069
0.424049
0.0383066
0.0560534
0.662
0.662
0.662
0.662
0.424563
0.662
0.662
0.662
0.662
0.662
0.662
0.662
0.391936
0.348945
0.16395
0.662
0.404523
0.15151
0.662
0.393084
0.280036
0.662
0.662
0.402407
0.090799
0.662
0.662
0.226821
0.662
0.662
0.662
0.295021
0.198456
0.348347
0.506383
0.272334
0.42437
0.662
0.421236
0.15828
0.65221
0.165261
0.662
0.277569
0.344991
0.133606
0.0243106
0.30679
0.299611
0.662
0.627623
0.261125
0.662
0.571301
0.454179
0.662
0.391437
0.360242
0.662
0.662
0.284658
0.249975
0.438628
0.296194
0.0634786
0.120445
0.34746
0.631073
0.662
0.640549
0.662
0.184423
0.662
0.662
0.483049
0.190447
0.662
0.374568
0.42643
0.630416
0.30556
0.348202
0.662
0.294064
0.171267
0.662
0.0846598
0.662
0.186649
0.24018
0.229326
0.662
0.300468
0.662
0.271233
0.353088
0.274808
0.662
0.662
0.662
0.243466
0.662
0.313535
0.662
0.194947
0.662
0.244204
0.138884
