0.662
0.662
0.662
0.601146
0.662
0.0587966
0.340786
0.346644
0.662
0.662
0.662
0.662
0.592836
0.662
0.326027
0.662
0.662
0.372422
0.662
0.662
0.662
0.662
0.197843
0.662
0.135734
0.662
0.069422
0.662
0.662
0.662
0.218815
0.121709
0.184589
0.411659
0.269959
0.300473
0.662
0.285608
0.301579
0.662
0.662
0.662
0.428116
0.413852
0.54797
0.0471956
0.60978
0.662
0.662
0.240868
0.662
0.662
0.0164273
0.35986
0.633694
0.662
0.324279
0.662
0.108295
0.662
0.54913
0.167619
0.662
0.441356
0.662
0.662
0.662
0.288508
0.0132252
0.426463
0.662
0.574548
0.662
0.420296
0.186757
0.271742
0.182731
0.598118
0.118525
0.201094
0.387502
0.49311
0.662
0.438773
0.662
0.662
0.662
0.224943
0.662
0.196907
0.662
0.271675
0.411528
0.155441
0.145864
0.32853
0.414245
0.575326
0.331232
0.243199
0.662
0.662
0.626364
0.662
0.0112756
0.662
0.0531447
0.284441
0.662
0.242319
0.662
0.662
0.232784
0.662
0.662
0.319607
0.150696
0.41857
0.662
0.457051
0.184727
0.662
0.263506
0.658551
0.282231
0.566383
0.260138
0.24036
0.173128
0.211509
0.662
0.376339
0.662
0.138747
0.446715
0.662
0.662
0.637871
0.144544
0.619762
0.52869
0.56232
0.347615
0.0513345
0.518931
0.662
0.452678
0.662
0.662
0.460964
0.662
0.553065
0.662
0.662
0.454322
0.310403
0.330715
0.14991
0.662
0.298941
0.142086
0.662
0.211704
0.491975
0.259626
0.662
0.424215
0.191945
0.662
0.173997
0.662
0.465067
0.662
0.336095
0.662
0.662
0.122442
0.662
0.283291
0.662
0.267461
0.1614
0.662
0.662
0.662
0.662
0.198874
0.385474
0.662
0.662
0.222609
0.130212
0.662
0.0838988
0.603132
0.0922443
0.662
0.185707
0.662
0.662
0.631318
0.293556
0.104119
0.486919
0.208843
0.54667
0.584437
0.201034
0.0936665
0.303602
0.314598
0.43295
0.26213
0.662
0.344539
0.662
0.121077
0.448393
0.450548
0.217337
0.360702
0.662
0.477489
0.446941
0.662
0.0392936
0.328861
0.119448
0.438579
0.662
0.297221
0.297642
0.206343
0.318423
0.662
0.662
0.424457
0.662
0.300671
0.662
0.537348
0.401038
0.182481
0.662
0.511428
0.462941
0.0402758
0.662
0.228443
0.662
0.254078
0.662
0.4956
0.0883972
0.353182
0.184748
0.158186
0.120145
0.662
0.152844
0.395949
0.662
0.662
0.120102
0.662
0.662
0.662
0.102518
0.662
0.613365
0.662
0.662
0.272707
0.0973722
0.577879
0.220826
0.662
0.405684
0.662
0.199081
0.662
0.410115
0.393429
0.662
0.662
0.456456
0.58088
0.662
0.223256
0.662
0.380432
0.662
0.662
0.662
0.632044
0.578192
0.662
0.64061
0.077999
0.517879
0.662
0.268744
0.662
0.373444
0.0177334
0.11
0.38124
0.662
0.0799998
0.0734416
0.579351
0.662
0.662
0.0052155
0.375093
0.662
0.366131
0.662
0.662
0.474184
0.0148119
0.662
0.662
0.240741
0.662
0.191878
0.615532
0.662
0.662
0.19442
0.662
0.592708
0.662
0.0423207
0.157956
0.19271
0.103565
0.662
0.0250903
0.662
0.662
0.144989
0.662
0.0766815
0.0753697
0.662
0.179948
0.662
0.148352
0.263545
0.662
0.443465
0.662
0.207804
0.312729
0.60397
0.548554
0.662
0.662
0.326779
0.0676465
0.189191
0.662
0.413526
0.412405
0.662
0.662
0.0321009
0.66182
0.29415
0.0122905
0.071755
0.662
0.612106
0.662
0.260268
0.662
0.249707
0.227123
0.662
0.662
0.662
0.662
0.26833
0.429335
0.244934
0.120388
0.662
0.662
0.363123
0.662
0.0279994
0.662
0.662
0.63121
0.662
0.662
0.211271
0.233539
0.618594
0.287864
0.662
0.348082
0.662
0.460887
0.662
0.629453
0.561356
0.662
0.662
0.192321
0.662
0.653084
0.662
0.662
0.662
0.00571732
0.23331
0.662
0.0568915
0.143417
0.379215
0.462764
0.662
0.119105
0.45391
0.165094
0.662
0.353695
0.203394
0.109743
0.297589
0.662
0.662
0.0824135
0.190774
0.662
0.00473744
0.662
0.216799
0.556077
0.662
0.517327
0.200839
0.662
0.118204
0.186027
0.662
0.155194
0.662
0.114364
0.398434
0.662
0.210277
0.12706
0.438338
0.106622
0.662
0.451923
0.000329304
0.662
0.126742
0.404743
0.0293042
0.074385
0.662
0.104815
0.662
0.00831563
0.343084
0.390913
0.265642
0.662
0.0336359
0.662
0.488598
0.326856
0.169319
0.662
0.127405
0.137467
0.0105041
0.662
0.662
0.662
0.662
0.662
0.662
0.45544
0.662
0.2101
0.662
0.662
0.152106
0.662
0.536428
0.147933
0.383961
0.662
0.662
0.621076
0.208691
0.559245
0.662
0.566732
0.220442
0.342194
0.197993
0.0803684
0.610569
0.197114
0.20775
0.405452
0.217579
0.311171
0.462214
0.316345
0.662
0.251734
0.178135
0.484943
0.662
0.662
0.113034
0.662
0.238715
0.662
0.566638
0.138813
0.209501
0.662
0.44786
0.156033
0.249056
0.662
0.662
0.662
0.365575
0.502689
0.551104
0.662
0.153906
0.638838
0.276051
0.564687
0.662
0.348054
0.662
0.476124
0.17319
0.186527
0.203359
0.210307
0.0755394
0.662
0.662
0.480114
0.662
0.200348
0.27841
0.0272798
0.662
0.662
0.327873
0.662
