0.353403
0.662
0.225176
0.277015
0.662
0.233394
0.323356
0.186688
0.112224
0.292555
0.662
0.662
0.662
0.662
0.103909
0.662
0.662
0.662
0.662
0.311685
0.662
0.527861
0.205491
0.662
0.662
0.464355
0.441143
0.316081
0.236574
0.662
0.17889
0.30031
0.318211
0.662
0.217991
0.662
0.154184
0.541661
0.662
0.662
0.662
0.662
0.662
0.275435
0.0073577
0.662
0.247232
0.31675
0.480102
0.662
0.662
0.662
0.0554105
0.662
0.662
0.662
0.662
0.314109
0.416799
0.662
0.662
0.662
0.300741
0.306638
0.662
0.263397
0.323737
0.255021
0.662
0.501327
0.662
0.297203
0.662
0.277399
0.662
0.125942
0.442903
0.254829
0.0269871
0.662
0.662
0.662
0.404946
0.23937
0.401265
0.662
0.0822989
0.503918
0.447875
0.662
0.0304769
0.509475
0.14083
0.178682
0.291186
0.662
0.662
0.32289
0.662
0.405051
0.662
0.662
0.384951
0.104452
0.662
0.379048
0.343258
0.288999
0.193877
0.662
0.241298
0.347989
0.662
0.0131163
0.000515244
0.319007
0.566006
0.501745
0.387197
0.662
0.19931
0.662
0.112791
0.17814
0.410573
0.2241
0.353846
0.403892
0.662
0.235384
0.141426
0.0927715
0.203408
0.215827
0.0324146
0.662
0.662
0.0409223
0.373602
0.0124614
0.662
0.662
0.0550338
0.0531209
0.375755
0.168607
0.506561
0.662
0.662
0.266361
0.180752
0.662
0.662
0.0819861
0.215477
0.496205
0.662
0.264127
0.241825
0.202634
0.135712
0.662
0.15984
0.119234
0.339778
0.23407
0.529219
0.298977
0.300098
0.286139
0.56799
0.356954
0.662
0.662
0.385808
0.452704
0.283002
0.386792
0.256485
0.592872
0.662
0.662
0.023274
0.437901
0.41605
0.212857
0.662
0.662
0.00270241
0.662
0.205915
0.239669
0.204541
0.226536
0.297042
0.662
0.418562
0.662
0.40038
0.499315
0.662
0.323368
0.662
0.324104
0.348856
0.662
0.208467
0.240828
0.288315
0.00574047
0.662
0.116608
0.662
0.216942
0.662
0.083555
0.662
0.662
0.662
0.223374
0.662
0.662
0.573202
0.42993
0.662
0.166322
0.662
0.139855
0.662
0.0545621
0.253117
0.462144
0.130955
0.662
0.154337
0.426345
0.327941
0.251072
0.662
0.353663
0.19198
0.0675946
0.0592876
0.436175
0.146448
0.315155
0.432955
0.546837
0.321163
0.662
0.00464445
0.462634
0.662
0.388665
0.662
0.63223
0.307735
0.662
0.434196
0.317962
0.287007
0.662
0.0239033
0.229621
0.662
0.554628
0.0871106
0.662
0.396277
0.275147
0.662
0.242461
0.662
0.573214
0.662
0.0947033
0.254832
0.230901
0.662
0.662
0.662
0.458297
0.662
0.662
0.129669
0.262659
0.178835
0.662
0.662
0.533904
0.0908953
0.393372
0.241764
0.36927
0.362516
0.427967
0.308106
0.662
0.0435433
0.312479
0.662
0.0948699
0.439799
0.468536
0.117057
0.0353896
0.454818
0.163858
0.403456
0.662
0.171053
0.391286
0.196156
0.543249
0.662
0.274814
0.662
0.662
0.191586
0.206312
0.301183
0.358747
0.662
0.662
0.443406
0.113084
0.117868
0.344374
0.662
0.292196
0.426451
0.0235149
0.662
0.504083
0.158543
0.138997
0.662
0.662
0.0879596
0.250575
0.662
0.160577
0.662
0.44176
0.662
0.33439
0.662
0.432906
0.662
0.300078
0.401227
0.518563
0.244957
0.414274
0.163535
0.417679
0.380838
0.00224871
0.339657
0.0155809
0.662
0.364817
0.102614
0.143004
0.662
0.507416
0.662
0.292691
0.0608438
0.350338
0.662
0.224051
0.430162
0.154455
0.0893904
0.662
0.229117
0.42797
0.662
0.466578
0.662
0.0815748
0.662
0.662
0.230674
0.451765
0.662
0.446824
0.345176
0.21768
0.662
0.186501
0.356213
0.45553
0.259917
0.662
0.329658
0.662
0.600034
0.114462
0.662
0.662
0.662
0.662
0.662
0.662
0.416529
0.135425
0.662
0.54057
0.460326
0.136889
0.0665944
0.15915
0.662
0.662
0.662
0.662
0.662
0.11801
0.162901
0.122738
0.4472
0.166832
0.00829134
0.349121
0.226257
0.355455
0.662
0.473597
0.662
0.662
0.324995
0.026513
0.016003
0.228883
0.50275
0.662
0.383294
0.662
0.341922
0.417168
0.327475
0.662
0.145577
0.190819
0.662
0.413505
0.30988
0.662
0.368723
0.662
0.306302
0.393892
0.328315
0.0134597
0.331523
0.587827
0.662
0.492658
0.272324
0.662
0.221897
0.662
0.662
0.569626
0.210362
0.233158
0.0561952
0.662
0.662
0.587224
0.662
0.404676
0.662
0.662
0.242699
0.57718
0.590337
0.662
0.379767
0.0476906
0.662
0.662
0.143335
0.25138
0.50885
0.198545
0.2616
0.265148
0.402689
0.662
0.425998
0.662
0.662
0.662
0.483321
0.662
0.662
0.659491
0.662
0.662
0.207202
0.662
0.662
0.364197
0.457172
0.221154
0.318679
0.340529
0.662
0.662
0.10832
0.246737
0.662
0.662
0.392666
0.250641
0.662
0.662
0.273888
0.662
0.543857
0.0845994
0.255499
0.0862643
0.662
0.214864
0.400806
0.216679
0.662
0.662
0.432806
0.458292
0.662
0.156969
0.381888
0.662
0.662
0.662
0.420456
0.662
0.220862
0.393367
0.662
0.589219
0.349528
0.236643
0.265
0.156668
0.10173
0.662
0.527499
0.2993
0.662
0.662
0.210732
0.431427
0.662
0.24687
0.662
0.517457
0.662
0.662
0.662
0.221247
0.280053
0.0539726
0.662
0.662
0.662
0.662
0.494002
0.662
0.219518
0.397867
0.662
0.169823
0.446772
0.136884
0.286039
0.430221
0.431073
0.140326
0.0723166
0.188555
0.29264
0.633391
0.662
0.165792
0.239748
0.662
0.582364
0.662
0.209368
0.662
0.271272
0.662
0.185492
0.225737
0.0852785
0.662
0.253782
0.662
0.662
0.0683308
0.327981
0.400147
0.662
0.184082
0.662
0.662
0.236622
0.35428
0.220072
0.173296
0.260399
0.475594
0.264797
0.662
0.0861917
0.662
0.662
0.131847
0.35206
0.293666
0.388177
0.344446
0.178693
0.662
0.0987064
0.662
0.513847
0.662
0.314918
0.315956
0.231159
0.137635
0.662
0.088071
0.662
0.432375
0.662
0.263068
0.514081
0.257377
0.458165
0.507961
0.662
0.226756
0.460279
0.662
0.257316
0.662
0.49412
0.662
0.370605
0.343071
0.122941
0.662
0.261854
0.398546
0.662
0.662
0.369385
0.662
0.210332
0.392355
0.662
0.0763106
0.152284
0.662
0.134852
0.662
0.417124
0.0183628
0.662
0.662
0.662
0.430419
0.375872
0.662
0.451213
0.662
0.244837
0.662
0.224629
0.662
0.00398495
0.468824
0.112979
0.531619
0.00580229
0.320969
0.662
0.341539
0.434685
0.662
0.105905
0.662
0.662
0.0105687
0.313702
0.662
0.11261
0.583079
0.662
0.64002
0.662
0.653762
0.662
0.662
0.0639799
0.42211
0.225684
0.662
0.272329
0.662
0.662
0.662
0.504782
0.263265
0.426621
0.662
0.202882
0.662
0.662
0.662
0.662
0.662
0.662
0.161804
0.0818261
0.662
0.210086
0.662
0.220005
0.0666552
0.662
0.662
0.662
0.379971
0.662
0.36493
0.662
0.324718
0.662
0.662
0.662
0.272681
0.419817
0.222125
0.662
0.662
0.362651
0.391706
0.662
0.334493
0.186322
0.662
0.662
0.272362
0.479005
0.206726
0.209774
0.662
0.242228
0.493857
0.24682
0.24704
0.587824
0.473899
0.662
0.662
0.662
0.417333
0.662
0.23138
0.262357
0.0213684
0.662
0.283499
0.662
0.275252
0.662
0.330815
0.241022
0.413891
0.169536
0.56258
0.662
0.0407654
0.345448
0.662
0.205042
0.201601
0.226638
0.662
0.662
0.407952
0.662
0.662
0.662
0.227979
0.561465
0.473917
0.271446
0.332724
0.39643
0.662
0.0183416
0.237935
0.0918841
0.662
0.212241
0.662
0.00869288
0.335173
0.662
0.445245
0.489673
0.662
0.222204
0.620887
0.662
0.662
0.238806
0.2968
0.662
0.553778
0.662
0.662
0.662
0.332148
6.67512e-05
0.606615
0.102033
0.662
0.172711
0.662
0.134528
0.498639
0.662
0.662
0.18016
0.662
0.162871
0.313265
0.287081
0.662
0.218237
0.190486
0.50775
0.512573
0.260408
0.400877
0.0904253
0.149761
0.26788
0.423816
0.351772
0.662
0.370714
0.261146
0.15187
0.124874
0.354599
0.149294
0.662
0.474964
0.0201068
0.244203
0.662
0.22688
0.00339837
0.662
0.459759
0.241933
0.662
0.662
0.662
0.662
0.662
0.662
0.0860488
0.412106
0.662
0.184687
0.48116
0.469967
0.662
0.212047
0.662
0.133263
0.0654347
0.38398
0.662
0.199618
0.662
0.593217
0.467164
0.183028
0.216267
0.0134834
0.471258
0.662
0.124952
0.187653
0.420101
0.585442
0.662
0.365333
0.662
0.662
0.0967333
0.662
0.0414977
0.233285
0.662
0.264289
0.353106
0.15038
0.422476
0.662
0.0437571
0.662
0.662
0.662
0.36477
0.662
0.291283
0.662
0.662
0.335536
0.662
0.364277
0.269186
0.125042
0.0784698
0.148665
0.662
0.205247
0.662
0.113873
0.662
0.662
0.662
0.031358
0.622024
0.662
0.662
0.662
0.662
0.0752523
0.662
0.662
0.313981
0.662
0.0573233
0.270829
0.0629601
0.662
0.248773
0.276855
0.662
0.259244
0.662
0.206112
0.662
0.662
0.662
0.203331
0.129266
0.0784049
0.143891
0.662
0.0919849
0.192722
0.198057
0.355856
0.662
0.662
0.662
0.662
0.662
0.36891
0.177261
0.662
0.374906
0.662
0.14081
0.37971
0.662
0.662
0.268671
0.448722
0.662
0.3029
0.662
0.643862
0.0759259
0.662
0.502619
0.241146
0.189786
0.338904
0.0931087
0.662
0.662
0.207928
0.437965
0.662
0.662
0.091033
0.24726
0.662
0.662
0.176085
0.269285
0.421613
0.662
0.284312
0.220754
0.662
0.150512
0.662
0.282192
0.18879
0.226781
0.100877
0.248047
0.237304
0.284928
0.662
0.264637
0.662
0.662
0.248267
0.662
0.437934
0.662
0.269344
0.15282
0.662
0.662
0.14203
0.245453
0.375247
0.662
0.271616
0.662
0.20826
0.08238
0.147953
0.206125
0.396
0.00219505
0.208941
0.662
0.278327
0.662
0.386891
0.370057
0.228836
0.000985501
0.662
0.187892
0.195272
0.0339899
0.662
0.386368
0.383913
0.339999
0.0187789
0.662
0.223142
0.662
0.216947
0.330995
0.662
0.322735
0.662
0.135002
0.406724
0.00719824
0.235726
0.662
0.507115
0.328371
0.169429
0.283362
0.662
0.464992
0.662
0.662
0.204005
0.662
0.662
0.440168
0.662
0.11462
0.0972716
0.569591
0.278326
0.662
0.588962
0.0858782
0.662
0.211975
0.198562
0.484751
0.662
0.0293931
0.430023
0.23611
0.662
0.662
0.662
0.212574
0.208597
0.365902
0.662
0.662
0.410421
0.662
0.212868
0.662
0.662
0.170162
0.458981
0.232752
0.662
0.282645
0.490795
0.443396
0.376752
0.315988
0.0662917
0.107392
0.662
0.502393
0.662
0.431607
0.458772
0.662
0.662
0.430943
0.662
0.662
0.449299
0.662
0.417807
0.296598
0.297007
0.451582
0.662
0.213101
0.502104
0.558512
0.662
0.332773
0.19135
0.176166
0.312067
0.330029
0.662
0.315497
0.662
0.450354
0.405884
0.458242
0.130414
0.273586
0.45926
0.268459
0.290117
0.662
0.401358
0.662
0.662
0.197438
0.332205
0.589415
0.402272
0.662
0.198238
0.662
0.662
0.593798
0.662
0.662
0.108219
0.662
0.662
0.206297
0.662
0.291417
0.0175523
0.662
0.586021
0.423357
0.114731
0.662
0.475335
0.662
0.408171
0.662
0.192757
0.662
0.491871
0.662
0.329035
0.344574
0.662
0.216591
0.662
0.662
0.188792
0.501291
0.406841
0.662
0.183731
0.298526
0.396966
0.662
0.350693
0.662
0.353898
0.0668289
0.0526944
0.662
0.125657
0.0854951
0.123898
0.662
0.239162
0.306548
0.492743
0.662
0.278148
0.662
0.662
0.13437
0.662
0.311387
0.345933
0.662
0.562158
0.662
0.166119
0.0399114
0.317242
0.662
0.360846
0.202062
0.20122
0.274712
0.662
0.662
0.270698
0.436025
0.103104
0.57168
0.662
0.448804
0.315333
0.304916
0.33971
0.662
0.662
0.662
0.662
0.358388
0.662
0.662
0.536307
0.662
0.662
0.237987
0.662
0.662
0.662
0.662
0.399493
0.662
0.203953
0.438132
0.662
0.298162
0.256409
0.0373366
0.0839994
0.662
0.580712
0.193877
0.0989461
0.234124
0.518169
0.20113
0.0182889
0.662
0.458408
0.145869
0.662
0.662
0.662
0.662
0.435743
0.288125
0.555501
0.247678
0.390218
0.662
0.2425
0.314602
0.0853654
0.44687
0.662
0.662
0.578072
0.340249
0.662
0.191739
0.258832
0.662
0.662
0.19923
0.279543
0.110311
0.197264
0.662
0.0255069
0.211578
0.167728
0.318693
0.662
0.257475
0.218065
0.662
0.609695
0.662
0.193248
0.662
0.290209
0.139672
0.662
0.456384
0.662
0.14958
0.662
0.662
0.370591
0.662
0.393217
0.328821
0.456648
0.434745
0.662
0.0981236
0.662
0.434888
0.662
0.411883
0.662
0.662
0.309395
0.354944
0.250898
0.435315
0.0457862
0.399374
0.313706
0.0292214
0.445424
0.244781
0.419681
0.0283145
0.304321
0.662
0.662
0.662
0.0414595
0.662
0.662
0.513556
0.662
0.334856
0.662
0.422064
0.662
0.662
0.662
0.662
0.447486
0.662
0.0440013
0.385327
0.476839
0.662
0.263788
0.314477
0.11403
0.662
0.0557737
0.662
0.22544
0.662
0.171339
0.662
0.662
0.254812
0.204936
0.662
0.662
0.662
0.259971
0.0649437
0.662
0.0152691
0.662
0.63339
0.466065
0.223677
0.440908
0.371314
0.662
0.124252
0.578062
0.133408
0.182862
0.0893545
0.230707
0.0542934
0.425408
0.662
0.662
0.0185231
0.662
0.662
0.662
0.521689
0.662
0.45847
0.272613
0.293404
0.662
0.165917
0.662
0.662
0.514191
0.662
0.662
0.141289
0.662
0.511188
0.341008
0.662
0.273347
0.460346
0.473425
0.237311
0.662
0.262173
0.662
0.328879
0.662
0.662
0.233359
0.0727
0.662
0.662
0.162731
0.233945
0.438255
0.0605726
0.197622
0.662
0.0291899
0.662
0.662
0.325102
0.662
0.469066
0.662
0.230413
0.206521
0.662
0.0584498
0.203876
0.662
0.145203
0.662
0.662
0.485999
0.035706
0.0868127
0.280633
0.27136
0.662
0.662
0.186093
0.122707
0.31486
0.113375
0.0871746
0.0395712
0.222069
0.317182
0.635974
0.38656
0.134685
0.0921094
0.662
0.085638
0.662
0.662
0.356081
0.662
0.662
0.662
0.363213
0.466449
0.662
0.662
0.662
0.0113657
0.221152
0.0297267
0.662
0.0203951
0.662
0.662
0.347803
0.0357884
0.662
0.567043
0.198555
0.662
0.645144
0.662
0.228866
0.0591729
0.662
0.253222
0.662
0.0539969
0.65388
0.487189
0.564558
0.662
0.0860785
0.662
0.44383
0.307464
0.218714
0.140332
0.662
0.12531
0.662
0.483321
0.662
0.662
0.544876
0.662
0.427824
0.662
0.165637
0.322473
0.130897
0.633391
0.459447
0.662
0.451275
0.159573
0.014783
0.205888
0.279331
0.662
0.0534075
0.574375
0.554919
0.224314
0.340164
0.340315
0.263937
0.662
0.662
0.374258
0.662
0.662
0.287296
0.662
0.232863
0.662
0.24792
0.380849
0.12651
0.662
0.139367
0.35643
0.0030432
0.195391
0.48499
0.356409
0.337838
0.662
0.272288
0.662
0.31855
0.314779
0.19207
0.662
0.138669
0.662
0.479696
0.662
0.119074
0.180202
0.62897
0.362932
0.0947734
0.662
0.662
0.662
0.662
0.662
0.662
0.389861
0.0591132
0.662
0.45637
0.662
0.321847
0.12279
0.583771
0.248105
0.506482
0.462885
0.173405
0.183071
0.662
0.169553
0.662
0.662
0.517803
0.149897
0.191312
0.55377
0.193822
0.662
0.40518
0.243747
0.160301
0.662
0.662
0.327535
0.210488
0.00846012
0.216736
0.0906741
0.321093
0.329792
0.31924
0.662
0.662
0.47225
0.435293
0.662
0.662
0.108468
0.0210555
0.135875
0.662
0.662
0.289032
0.662
0.0901783
0.176561
0.184963
0.0120359
0.390577
0.662
0.662
0.662
0.0303547
0.662
0.662
0.327325
0.222858
0.134036
0.36725
0.662
0.662
0.154685
0.662
0.35433
0.207662
0.177246
0.370532
0.276684
0.662
0.662
0.0950658
0.662
0.629706
0.203066
0.377558
0.662
0.197715
0.259809
0.125516
0.553631
0.65948
0.146418
0.262687
0.165242
0.662
0.29108
0.0351188
0.221546
0.0544299
0.662
0.651965
0.204666
0.449163
0.397668
0.0885877
0.662
0.662
0.662
0.360626
0.0259052
0.255002
0.102121
0.0342422
0.61244
0.220912
0.442361
0.662
0.524181
0.0273526
0.178118
0.618061
0.662
0.662
0.662
0.0408525
0.662
0.662
0.662
0.417545
0.152369
0.662
0.662
0.189169
0.662
0.478761
0.662
0.48499
0.239202
0.212739
0.662
0.495078
0.469293
0.662
0.662
0.0138632
0.332699
0.204519
0.0987832
0.528799
0.662
0.662
0.0153366
0.132885
0.362984
0.221782
0.662
0.204101
0.444378
0.662
0.293943
0.662
0.414342
0.662
0.611398
0.662
0.584193
0.409273
0.662
0.580506
0.662
0.143605
0.662
0.079295
0.0547629
0.662
0.662
0.248016
0.662
0.595745
0.314782
0.350624
0.38089
0.662
0.662
0.324148
0.662
0.135504
0.0436885
0.662
0.277233
0.184303
0.662
0.662
0.0648289
0.662
0.366637
0.376278
0.283323
0.286057
0.662
0.223283
0.662
0.372241
0.662
0.662
0.256302
0.662
0.662
0.273097
0.662
0.662
0.662
0.0557692
0.257272
0.662
0.523428
0.143041
0.0133807
0.197013
0.239816
0.188327
0.22337
0.367008
0.662
0.662
0.662
0.662
0.662
0.0240841
0.133405
0.662
0.152422
0.662
0.296689
0.662
0.662
0.662
0.662
0.662
0.248005
0.415516
0.264387
0.230037
0.662
0.305496
0.108412
0.270496
0.0226975
0.521283
0.510924
0.293562
0.0422204
0.195009
0.41521
0.662
0.38638
0.18324
0.662
0.515818
0.0778784
0.451187
0.238646
0.428427
0.253009
0.396293
0.662
0.305895
0.240227
0.662
0.662
0.662
0.106871
0.662
0.159225
0.325196
0.662
0.483815
0.373504
0.117692
0.105872
0.662
0.662
0.446449
0.346821
0.222639
0.433885
0.477712
0.225391
0.0865747
0.0940145
0.168899
0.389791
0.384552
0.120399
0.662
0.0496488
0.179274
0.186232
0.662
0.227198
0.662
0.157071
0.320142
0.662
0.662
0.370848
0.0102463
0.22681
0.482433
0.0873475
0.662
0.553105
0.430381
0.180521
0.18832
0.255756
0.662
0.199002
0.248855
0.394221
0.471675
0.109014
0.245463
0.662
0.264858
0.169347
0.662
0.426005
0.0392847
0.662
0.0918589
0.662
0.662
0.354022
0.662
0.116065
0.662
0.662
0.662
0.175316
0.662
0.470555
0.662
0.143036
0.224018
0.662
0.522618
0.246142
0.208402
0.662
0.662
0.149488
0.429712
0.309133
0.662
0.0598299
0.33561
0.628977
0.468427
0.0486612
0.530446
0.662
0.662
0.30989
0.662
0.662
0.545457
0.662
0.662
0.0105847
0.190649
0.553577
0.363615
0.662
0.662
0.0804114
0.131991
0.207245
0.221219
0.662
0.662
0.662
0.662
0.662
0.662
0.662
0.181403
0.400841
0.662
0.662
0.0462134
0.662
0.313412
0.392372
0.237607
0.365663
0.662
0.554053
0.368446
0.662
0.208303
0.0278465
0.662
0.662
0.418978
0.662
0.633694
0.28489
0.194769
0.273006
0.450442
0.500333
0.662
0.324275
0.662
0.239485
0.662
0.0160518
0.274001
0.662
0.662
0.318254
0.432682
0.662
0.438504
0.421441
0.569455
0.106859
0.662
0.210605
0.477317
0.662
0.122483
0.662
0.662
0.0262075
0.156433
0.456886
0.662
0.662
0.662
0.662
0.662
0.662
0.662
0.445617
0.185539
0.662
0.662
0.662
0.431202
0.257387
0.167078
0.662
0.662
0.373144
0.662
0.662
0.662
0.0392811
0.662
0.281563
0.662
0.265735
0.188938
0.00580008
0.238776
0.662
0.099446
0.390748
0.00624202
0.662
0.662
0.114147
0.662
0.270538
0.662
0.136439
0.662
0.662
0.662
0.097377
0.662
0.662
0.662
0.357188
0.234777
0.0351038
0.132376
0.330445
0.662
0.514975
0.662
0.662
0.266517
0.662
0.185225
0.662
0.329846
0.0514962
0.2308
0.662
0.208252
0.430512
0.282504
0.26182
0.662
0.662
0.454139
0.00454219
0.137095
0.662
0.151796
0.662
0.662
0.0266114
0.662
0.621444
0.662
0.0703332
0.662
0.094899
0.662
0.662
0.662
0.510841
0.442593
0.662
0.662
0.24741
0.662
0.662
0.0709321
0.662
0.662
0.0702677
0.509991
0.215764
0.586503
0.662
0.563639
0.119681
0.662
0.662
0.440531
0.662
0.292055
0.324211
0.164643
0.662
0.662
0.364284
0.413298
0.404694
0.122736
0.662
0.662
0.313231
0.662
0.662
0.233395
0.662
0.662
0.384434
0.466733
0.662
0.0925279
0.622042
0.296691
0.179545
0.46331
0.141566
0.662
0.292075
0.197948
0.662
0.662
0.262008
0.662
0.662
0.207855
0.601254
0.662
0.497572
0.256902
0.662
0.662
0.241617
0.662
0.220193
0.467582
0.662
0.415384
0.354634
0.662
0.40001
0.662
0.662
0.0160679
0.401913
0.662
0.0791333
0.555673
0.604961
0.662
0.137041
0.662
0.236621
0.662
0.0219076
0.662
0.474264
0.662
0.322019
0.662
0.325945
0.618125
0.47054
0.197716
0.452358
0.373776
0.662
0.601704
0.37925
0.191544
0.0480855
0.662
0.25468
0.221687
0.662
0.662
0.662
0.101077
0.266997
0.264143
0.662
0.662
0.662
0.119738
0.62423
0.662
0.662
0.613884
0.181233
0.512356
0.0489665
0.15696
0.662
0.662
0.258186
0.423761
0.289492
0.629682
0.662
0.662
0.051872
0.662
0.563697
0.662
0.268786
0.662
0.359936
0.120221
0.127668
0.662
0.662
0.128884
0.662
0.662
0.0780721
0.662
0.332107
0.264932
0.396531
0.188663
0.0997325
0.477214
0.292314
0.159007
0.134353
0.662
0.662
0.468413
0.662
0.149356
0.204161
0.12738
0.662
0.662
0.0259455
0.189836
0.662
0.662
0.662
0.131807
0.662
0.662
0.662
0.41414
0.221783
0.0818061
0.402849
0.662
0.662
0.284577
0.238466
0.662
0.121097
0.353208
0.662
0.662
0.129458
0.662
0.369156
0.274158
0.178746
0.662
0.662
0.135587
0.662
0.247848
0.662
0.662
0.662
0.21428
0.241785
0.662
0.662
0.662
0.662
0.662
0.662
0.662
0.0527302
0.235584
0.662
0.662
0.222166
0.438104
0.155796
0.662
0.0772662
0.662
0.44717
0.662
0.662
0.239674
0.184439
0.0209797
0.268984
0.386766
0.199955
0.662
0.375956
0.662
0.42262
0.456464
0.128846
0.662
0.254571
0.489257
0.242419
0.662
0.662
0.329308
0.243861
0.662
0.165444
0.662
0.2238
0.221391
0.35176
0.413751
0.662
0.662
0.662
0.662
0.47238
0.122534
0.662
0.467
0.662
0.241447
0.662
0.462588
0.229641
0.662
0.662
0.662
0.166984
0.662
0.662
0.165847
0.405628
0.0250881
0.225632
0.022516
0.277893
0.662
0.231608
0.299713
0.113983
0.662
0.443785
0.419924
0.662
0.217738
0.662
0.662
0.662
0.633068
0.662
0.194394
0.319135
0.424524
0.662
0.662
0.662
0.385515
0.273748
0.662
0.662
0.662
0.0199954
0.662
0.402346
0.430845
0.498884
0.333381
0.662
0.521009
0.662
0.131193
0.324419
0.345127
0.662
0.662
0.224937
0.545485
0.662
0.662
0.662
0.662
0.21724
0.662
0.314169
0.105586
0.531606
0.19417
0.662
0.510629
0.662
0.662
0.662
0.662
0.662
0.157051
0.106664
0.662
0.167957
0.411521
0.198838
0.339869
0.166273
0.0116464
0.500617
0.662
0.311599
0.477279
0.519219
0.221013
0.305203
0.286876
0.662
0.662
0.370744
0.385842
0.128053
0.662
0.662
0.209994
0.662
0.662
0.662
0.101236
0.122798
0.42612
0.662
0.662
0.662
0.314821
0.662
0.662
0.0024192
0.662
0.662
0.361314
0.662
0.236206
0.366805
0.137192
0.662
0.662
0.370395
0.662
0.448301
0.118086
0.207549
0.662
0.424771
0.662
0.420344
0.174388
0.208879
0.662
0.662
0.00225509
0.662
0.43508
0.225958
0.329537
0.662
0.301438
0.318056
0.0975873
0.662
0.406548
0.0783352
0.662
0.44642
0.662
0.22485
0.169133
0.662
0.140091
0.662
0.232885
0.662
0.0156019
0.383876
0.662
0.237886
0.013954
0.0552981
0.320912
0.238485
0.0351697
0.425523
0.662
0.45456
0.662
0.662
0.662
0.357231
0.293506
0.662
0.662
0.485036
0.662
0.593032
0.662
0.183516
0.662
0.662
0.360409
0.162778
0.33068
0.197329
0.662
0.0820665
0.662
0.1535
0.43151
0.0715804
0.662
0.188096
0.662
0.324828
0.662
0.287725
0.662
0.336233
0.156688
0.662
0.345542
0.361059
0.235015
0.259882
0.662
0.248294
0.264824
0.548907
0.662
0.662
0.662
0.662
0.159627
0.662
0.254724
0.644742
0.125845
0.662
0.662
0.0177635
0.662
0.662
0.369956
0.293869
0.278088
0.00480094
0.662
0.662
0.662
0.662
0.662
0.0596153
0.662
0.294394
0.662
0.305111
0.0921247
0.518605
0.247813
0.0189776
0.207576
0.662
0.419174
0.0065591
0.662
0.41896
0.238377
0.337616
0.172157
0.662
0.662
0.107909
0.662
0.338465
0.662
0.396169
0.328697
0.662
0.662
0.662
0.207531
0.446791
0.38191
0.662
0.456826
0.333831
0.115427
0.662
0.175825
0.237849
0.189463
0.495875
0.334686
0.4154
0.208278
0.164715
0.458157
0.435196
0.272253
0.459458
0.662
0.662
0.662
0.215787
0.210408
0.662
0.449076
0.188288
0.0511178
0.662
0.305162
0.20162
0.228063
0.3704
0.0478722
0.109225
0.245639
0.465242
0.355253
0.662
0.290317
0.662
0.358174
0.662
0.641404
0.339169
0.308992
0.662
0.365514
0.263368
0.662
0.543134
0.152344
0.662
0.28158
0.662
0.218999
0.662
0.239534
0.662
0.368168
0.14116
0.0531109
0.662
0.457431
0.505601
0.662
0.334052
0.237789
0.408227
0.662
0.662
0.245096
0.662
0.662
0.355689
0.662
0.662
0.662
0.662
0.662
0.662
0.205808
0.662
0.276292
0.432072
0.507021
0.662
0.662
0.0907545
0.443512
0.192207
0.482303
0.662
0.220901
0.0483995
0.456629
0.473748
0.662
0.0818228
0.662
0.268267
0.662
0.0708874
0.662
0.560593
0.2315
0.205979
0.214917
0.433725
0.479269
0.0903416
0.662
0.662
0.442001
0.661628
0.106854
0.662
0.662
0.4195
0.528254
0.472512
0.326175
0.280856
0.662
0.662
0.140369
0.662
0.662
0.225359
0.662
0.662
0.662
0.296756
0.206637
0.662
0.487434
0.234819
0.0729373
0.196357
0.662
0.662
0.374564
0.55803
0.221039
0.328457
0.228129
0.179508
0.0833404
0.662
0.229406
0.224227
0.662
0.26228
0.200339
0.389848
0.235317
0.187776
0.512561
0.662
0.662
0.608105
0.530605
0.196715
0.662
0.186696
0.662
0.662
0.312486
0.0078399
0.0908968
0.114168
0.138534
0.662
0.662
0.662
0.662
0.662
0.662
0.175181
0.268945
0.662
0.174213
0.462395
0.662
0.662
0.12653
0.197941
0.441584
0.662
0.169313
0.662
0.253405
0.662
0.28145
0.662
0.13144
0.662
0.212276
0.662
0.590562
0.564161
0.23562
0.662
0.416933
0.181137
0.662
0.285281
0.115479
0.5136
0.569015
0.39353
0.246451
0.035935
0.0766142
0.0969174
0.662
0.428376
0.662
0.662
0.255098
0.326359
0.293547
0.662
0.662
0.160772
0.662
0.134349
0.151408
0.662
0.0795736
0.662
0.585057
0.412776
0.662
0.125153
0.0464283
0.237003
0.00835186
0.215023
0.662
0.456454
0.662
0.662
0.237657
0.662
0.662
0.662
0.662
0.615921
0.0198962
0.431768
0.301602
0.100207
0.662
0.662
0.115898
0.395013
0.662
0.244229
0.305156
0.662
0.662
0.191618
0.662
0.662
0.662
0.0607364
0.190325
0.435877
0.662
0.662
0.297964
0.24192
0.662
0.316332
0.226684
0.419124
0.662
0.0209274
0.310254
0.137293
0.462781
0.662
0.242066
0.342114
0.662
0.388281
0.464347
0.106049
0.528816
0.147099
0.662
0.662
0.662
0.662
0.413051
0.256371
0.456327
0.662
0.662
0.268143
0.618385
0.662
0.344363
0.662
0.326152
0.138237
0.662
0.524395
0.662
0.200029
0.662
0.168706
0.0849421
0.104105
0.662
0.371871
0.662
0.375916
0.462242
0.408009
0.213254
0.662
0.135759
0.662
0.346559
0.501395
0.662
0.204878
0.529178
0.501804
0.375551
0.662
0.174754
0.302908
0.0392558
0.143893
0.353968
0.431323
0.150218
0.662
0.29295
0.293732
0.430253
0.652154
0.117272
0.0266292
0.319266
0.354076
0.204551
0.609296
0.662
0.662
0.662
0.509049
0.628296
0.333484
0.373242
0.084899
0.233083
0.662
0.662
0.187815
0.27095
0.20336
0.662
0.207773
0.149222
0.137171
0.662
0.104264
0.295583
0.662
0.149034
0.230841
0.187224
0.209593
0.662
0.138069
0.009355
0.453784
0.1519
0.662
0.126778
0.496278
0.662
0.662
0.662
0.423346
0.0698771
0.662
0.662
0.155003
0.590092
0.101627
0.125376
0.185575
0.490053
0.662
0.295006
0.307079
0.662
0.0911047
0.12235
0.662
0.662
0.248632
0.662
0.250645
0.0181418
0.49042
0.0405709
0.662
0.352639
0.23344
0.662
0.196679
0.662
0.662
0.662
0.285069
0.273527
0.297332
0.147969
0.269664
0.252803
0.250258
0.562556
0.662
0.230033
0.0243017
0.325657
0.388965
0.209221
0.662
0.405962
0.662
0.662
0.662
0.662
0.60694
0.447163
0.13921
0.19367
0.0853972
0.349646
0.0762346
0.22424
0.469972
0.171975
0.662
0.453782
0.148121
0.662
0.662
0.662
0.662
0.662
0.656417
0.228184
0.145432
0.413429
0.208542
0.384025
0.662
0.662
0.662
0.662
0.423883
0.662
0.0148116
0.662
0.35801
0.662
0.662
0.208006
0.403622
0.662
0.662
0.662
0.268603
0.662
0.367671
0.247324
0.197006
0.662
0.662
0.022828
0.257936
0.662
0.662
0.662
0.408732
0.318612
0.662
0.662
0.035797
0.411087
0.153011
0.662
0.662
0.470572
0.662
0.662
0.188515
0.404216
0.225573
0.662
0.0540881
0.500124
0.662
0.416377
0.378038
0.194528
0.485915
0.357637
0.662
0.662
0.00154843
0.662
0.506865
0.662
0.662
0.105285
0.268653
0.382231
0.662
0.386378
0.662
0.662
0.157296
0.100704
0.00441055
0.278724
0.662
0.190026
0.394736
0.662
0.450153
0.662
0.662
0.597211
0.662
0.329903
0.296578
0.199936
0.352985
0.662
0.206754
0.662
0.662
0.662
0.351373
0.662
0.0316116
0.422609
0.196765
0.445315
0.662
0.523899
0.662
0.208407
0.662
0.0845264
0.662
0.0234867
0.166328
0.662
0.100533
0.0547885
0.454334
0.505958
0.265355
0.136627
0.662
0.212805
0.165945
0.265484
0.662
0.168325
0.529635
0.133318
0.662
0.662
0.662
0.323931
0.662
0.662
0.16535
0.662
0.331761
0.662
0.662
0.662
0.662
0.275328
0.662
0.119649
0.662
0.122943
0.518379
0.189955
0.662
0.262329
0.443097
0.241368
0.0970824
0.109326
0.61415
0.479025
0.213037
0.0112113
0.0868232
0.484319
0.366279
0.424469
0.662
0.03832
0.222896
0.662
0.662
0.179726
0.662
0.662
0.500156
0.662
0.662
0.624208
0.0338663
0.662
0.662
0.662
0.662
0.662
0.662
0.299997
0.662
0.103624
0.662
0.505766
0.416817
0.662
0.421514
0.269955
0.438973
0.662
0.662
0.243925
0.392921
0.436913
0.662
0.481008
0.662
0.662
0.662
0.2261
0.200187
0.662
0.662
0.174379
0.662
0.662
0.0910712
0.662
0.291864
0.662
0.662
0.662
0.469209
0.662
0.662
0.0578197
0.662
0.386307
0.2239
0.250721
0.157868
0.00747742
0.476969
0.411282
0.0622568
0.149466
0.175544
0.662
0.0153163
0.662
0.0706735
0.662
0.345148
0.293879
0.459869
0.662
0.662
0.471787
0.269597
0.313946
0.233053
0.353333
0.212136
0.123643
0.662
0.0436258
0.436867
0.662
0.422211
0.190567
0.492721
0.662
0.186768
0.662
0.370718
0.567919
0.143254
0.662
0.662
0.0318948
0.662
0.662
0.662
0.0733345
0.110724
0.662
0.0831602
0.512069
0.286792
0.662
0.662
0.371351
0.452708
0.662
0.21879
0.284043
0.105491
0.409415
0.33867
0.350747
0.662
0.247696
0.164751
0.410029
0.340629
0.662
0.662
0.662
0.662
0.662
0.0855354
0.141161
0.662
0.245974
0.5088
0.662
0.662
0.429853
0.341696
0.662
0.412786
0.662
0.662
0.358628
0.258138
0.27767
0.332627
0.266726
0.0832559
0.662
0.662
0.304867
0.0764957
0.184991
0.662
0.662
0.662
0.662
0.294155
0.403184
0.662
0.105604
0.550912
0.662
0.662
0.106742
0.662
0.218815
0.662
0.518264
0.662
0.0327261
0.266529
0.196964
0.662
0.383231
0.508682
0.546544
0.511149
0.251247
0.662
0.662
0.0258365
0.662
0.346909
0.251019
0.1199
0.662
0.662
0.31239
0.662
0.191873
0.389993
0.662
0.339798
0.662
0.170733
0.59075
0.284443
0.0544742
0.216653
0.116135
0.662
0.194015
0.305747
0.286984
0.662
0.546249
0.0172011
0.662
0.0478763
0.383899
0.378904
0.115464
0.342688
0.248456
0.520538
0.0305029
0.234634
0.662
0.146766
0.662
0.662
0.198977
0.662
0.273734
0.358982
0.101881
0.662
0.456054
0.0109857
0.337765
0.662
0.209054
0.662
0.577175
0.324224
0.122857
0.662
0.662
0.662
0.662
0.380145
0.00150799
0.238287
0.662
0.662
0.126381
0.164039
0.197678
0.244527
0.0953317
0.662
0.662
0.662
0.662
0.639231
0.662
0.662
0.662
0.16947
0.452366
0.0543897
0.207092
0.662
0.066422
0.662
0.30063
0.119488
0.238353
0.662
0.309042
0.0425393
0.38443
0.248293
0.662
0.662
0.662
0.662
0.662
0.211054
0.205486
0.662
0.662
0.45742
0.292054
0.662
0.662
0.30366
0.662
0.0741598
0.338885
0.662
0.036181
0.147088
0.427055
0.252883
0.345755
0.18544
0.185788
0.102032
0.127408
0.34395
0.662
0.278544
0.662
0.112715
0.337388
0.662
0.662
0.116582
0.662
0.00437679
0.475239
0.560026
0.344404
0.489755
0.578666
0.662
0.662
0.0266094
0.662
0.224692
0.662
0.662
0.359725
0.168507
0.215485
0.662
0.662
0.368443
0.148309
0.310227
0.371162
0.662
0.334327
0.662
0.662
0.193323
0.4391
0.662
0.387515
0.503525
0.532278
0.312229
0.662
0.219761
0.246211
0.662
0.354007
0.662
0.662
0.419577
0.251451
0.662
0.236385
0.662
0.662
0.210118
0.041769
0.294343
0.662
0.662
0.662
0.266782
0.596895
0.0677852
0.367129
0.662
0.662
0.417112
0.293714
0.662
0.0219233
0.156427
0.257021
0.662
0.426433
0.30635
0.431593
0.284829
0.662
0.235994
0.12796
0.324754
0.552551
0.662
0.429722
0.662
0.146697
0.662
0.662
0.662
0.52056
0.378984
0.331017
0.328236
0.325996
0.607076
0.157541
0.662
0.662
0.662
0.532966
0.10569
0.539791
0.081183
0.662
0.662
0.649676
0.0536043
0.0177565
0.662
0.026621
0.224426
0.609264
0.662
0.129547
0.560837
0.662
0.52345
0.0469864
0.662
0.297163
0.00575583
0.662
0.43909
0.397696
0.413476
0.308642
0.1305
0.662
0.662
0.24335
0.124149
0.662
0.343442
0.662
0.197171
0.429884
0.458718
0.662
0.662
0.407808
0.308275
0.274837
0.662
0.662
0.662
0.662
0.455923
0.246695
0.168551
0.538678
0.662
0.278957
0.662
0.662
0.662
0.355342
0.662
0.378352
0.36763
0.662
0.0279029
0.662
0.476363
0.662
0.459889
0.124304
0.164868
0.662
0.221369
0.276129
0.259519
0.282348
0.662
0.662
0.662
0.662
0.662
0.662
0.393906
0.232731
0.662
0.29022
0.434545
0.662
0.370857
0.662
0.662
0.662
0.0431558
0.417766
0.404356
0.564973
0.321576
0.407198
0.410466
0.662
0.0459168
0.499116
0.44662
0.662
0.148339
0.154644
0.295387
0.662
0.410732
0.0359644
0.662
0.199262
0.396284
0.662
0.325572
0.217115
0.662
0.472682
0.4493
0.0476416
0.346453
0.662
0.490122
0.122188
0.224627
0.149041
0.662
0.174289
0.126685
0.662
0.341592
0.0399631
0.170368
0.209587
0.364137
0.425954
0.662
0.464383
0.474819
0.662
0.662
0.662
0.109703
0.662
0.304559
0.283817
0.448534
0.662
0.662
0.372719
0.251226
0.0316649
0.111652
0.433872
0.308096
0.326171
0.143137
0.463268
0.662
0.662
0.503471
0.385015
0.0749734
0.386252
0.662
0.0932526
0.593489
0.504365
0.385792
0.662
0.662
0.662
0.432342
0.303372
0.389875
0.647261
0.214252
0.276791
0.662
0.440494
0.344081
0.662
0.231243
0.315461
0.490093
0.230339
0.662
0.211373
0.409368
0.662
0.290311
0.662
0.662
0.662
0.662
0.662
0.358324
0.335745
0.184801
0.295072
0.662
0.662
0.462097
0.086939
0.239506
0.256236
0.0356
0.0525345
0.28533
0.345744
0.662
0.638496
0.662
0.0277372
0.662
0.662
0.219878
0.662
0.278052
0.662
0.662
0.662
0.265514
0.662
0.2345
0.662
0.471633
0.528021
0.288537
0.662
0.47054
0.302168
0.575292
0.49047
0.196665
0.217936
0.662
0.34418
0.662
0.11314
0.270473
0.662
0.257279
0.662
0.154706
0.194619
0.169529
0.184546
0.662
0.262933
0.662
0.17582
0.37529
0.662
0.662
0.229145
0.241501
0.662
0.254117
0.662
0.662
0.662
0.20655
0.146074
0.440898
0.474093
0.662
0.176481
0.53691
0.225521
0.662
0.212924
0.662
0.475887
0.662
0.0760544
0.662
0.188964
0.662
0.0926326
0.662
0.662
0.662
0.310477
0.662
0.34462
0.662
0.662
0.313028
0.299486
0.662
0.358185
0.662
0.0233962
0.662
0.566086
0.662
0.620452
0.0544822
0.662
0.0939469
0.662
0.390394
0.468657
0.185998
0.662
0.662
0.108442
0.662
0.662
0.163135
0.252937
0.41803
0.509473
0.245228
0.662
0.33712
0.662
0.271986
0.662
0.306258
0.662
0.35119
0.240416
0.226718
0.0194672
0.387476
0.662
0.142281
0.45454
0.243597
0.443069
0.662
0.662
0.370145
0.285238
0.662
0.662
0.662
0.399614
0.662
0.237968
0.662
0.137743
0.662
0.173424
0.662
0.420673
0.662
0.248927
0.662
0.242222
0.144679
0.662
0.487684
0.662
0.662
0.662
0.662
0.0479006
0.270415
0.181469
0.662
0.402369
0.157983
0.662
0.662
0.582824
0.662
0.662
0.254932
0.119987
0.184869
0.23336
0.63101
0.662
0.238647
0.199132
0.662
0.215809
0.662
0.342572
0.23853
0.350337
0.662
0.158195
0.202723
0.555327
0.28723
0.343152
0.052721
0.662
0.0270286
0.43954
0.285882
0.523113
0.18425
0.566296
0.539295
0.57258
0.131028
0.197622
0.662
0.254366
0.662
0.373195
0.198422
0.214237
0.662
0.662
0.0178193
0.0362563
0.662
0.662
0.662
0.630655
0.662
0.649929
0.662
0.662
0.662
0.361886
0.328753
0.662
0.0691968
0.194055
0.295817
0.23921
0.662
0.335056
0.330155
0.662
0.213372
0.0223303
0.616487
0.00151264
0.206907
0.313517
0.444605
0.662
0.662
0.312914
0.18642
0.296979
0.476261
0.449503
0.0459499
0.142093
0.194463
0.662
0.662
0.524828
0.278466
0.435664
0.0569754
0.394236
0.662
0.443237
0.662
0.140982
0.390504
0.662
0.662
0.662
0.0968718
0.190262
0.182371
0.157738
0.246242
0.20044
0.218997
0.0945977
0.258831
0.199723
0.662
0.135788
0.262333
0.419016
0.662
0.420249
0.662
0.662
0.480033
0.662
0.662
0.409291
0.174332
0.662
0.662
0.55589
0.172908
0.662
0.192945
0.21464
0.320585
0.0836878
0.136586
0.662
0.0597667
0.662
0.662
0.218869
0.57404
0.364929
0.189089
0.662
0.39644
0.662
0.0722305
0.49724
0.00632982
0.217751
0.662
0.0780187
0.463533
0.285316
0.203441
0.267959
0.0969036
0.165855
0.329307
0.497765
0.225105
0.20895
0.662
0.277311
0.662
0.662
0.446625
0.401939
0.461644
0.186984
0.292162
0.304046
0.583966
0.284554
0.427112
0.662
0.662
0.662
0.662
0.662
0.210763
0.463413
0.135969
0.662
0.662
0.112392
0.422372
0.662
0.352437
0.1255
0.412881
0.13964
0.466597
0.0805946
0.662
0.662
0.146322
0.00457208
0.662
0.239437
0.662
0.662
0.662
0.662
0.266279
0.0480857
0.111828
0.103981
0.662
0.298646
0.662
0.662
0.144012
0.662
0.146223
0.662
0.662
0.423889
0.0137852
0.662
0.47686
0.361848
0.662
0.577427
0.102679
0.335627
0.512439
0.662
0.456421
0.662
0.662
0.662
0.377485
0.662
0.252939
0.469028
0.242851
0.57065
0.662
0.662
0.662
0.662
0.27083
0.558731
0.662
0.662
0.662
0.389228
0.662
0.296902
0.662
0.662
0.309386
0.523008
0.662
0.0428015
0.437847
0.00277171
0.662
0.0781018
0.610627
0.244678
0.561932
0.35478
0.309893
0.0618698
0.662
0.165272
0.278707
0.662
0.662
0.00521806
0.095855
0.662
0.662
0.662
0.388637
0.323414
0.0586186
0.466162
0.173661
0.322727
0.348562
0.662
0.476186
0.662
0.434739
0.662
0.364515
0.270909
0.662
0.113072
0.17337
0.476279
0.662
0.662
0.662
0.662
0.23133
0.292578
0.662
0.280862
0.157762
0.662
0.662
0.446365
0.662
0.662
0.137234
0.662
0.221337
0.182723
0.349866
0.662
0.662
0.579923
0.113504
0.218745
0.0322193
0.662
0.242492
0.276728
0.533416
0.25573
0.050829
0.662
0.662
0.0281565
0.519397
0.327832
0.462829
0.37789
0.662
0.0347616
0.662
0.662
0.105559
0.662
0.051835
0.662
0.475143
0.339535
0.184999
0.384037
0.477245
0.662
0.389288
0.138985
0.662
0.28989
0.155257
0.350497
0.46151
0.662
0.424387
0.114657
0.662
0.00558804
0.468515
0.46623
0.662
0.0171211
0.470057
0.662
0.662
0.662
0.662
0.612876
0.662
0.202869
0.662
0.662
0.662
0.158888
0.365497
0.172569
0.288723
0.662
0.401123
0.662
0.261161
0.0967492
0.662
0.662
0.662
0.29851
0.662
0.507283
0.662
0.47564
0.140769
0.0774472
0.216645
0.0292425
0.458061
0.155979
0.452484
0.251435
0.00896487
0.218074
0.372105
0.192805
0.662
0.662
0.662
0.662
0.587536
0.37854
0.662
0.451694
0.662
0.141896
0.612345
0.662
0.113922
0.662
0.662
0.323081
0.229118
0.662
0.357203
0.031392
0.416655
0.22177
0.248925
0.39708
0.460866
0.477425
0.401079
0.421612
0.0155592
0.00809201
0.662
0.662
0.662
0.662
0.592448
0.662
0.232669
0.175661
0.26543
0.662
0.662
0.607779
0.0171131
0.662
0.662
0.176921
0.662
0.289586
0.202622
0.387237
0.173362
0.213536
0.136325
0.318575
0.149202
0.0970804
0.442354
0.208779
0.662
0.662
0.662
0.123975
0.647791
0.630767
0.662
0.371477
0.662
0.662
0.219211
0.662
0.662
0.12553
0.662
0.662
0.662
0.662
0.438101
0.0112966
0.203915
0.347355
0.315584
0.662
0.662
0.662
0.662
0.143415
0.0844712
0.280769
0.277643
0.662
0.229345
0.244584
0.662
0.230425
0.662
0.662
0.108215
0.662
0.662
0.662
0.145887
0.340159
0.427582
0.662
0.662
0.662
0.207745
0.662
0.662
0.142113
0.662
0.662
0.432368
0.0283854
0.510989
0.662
0.263937
0.662
0.532845
0.112419
0.466389
0.662
0.120556
0.276485
0.0382429
0.662
0.124415
0.0262127
0.183698
0.662
0.242805
0.32917
0.483279
0.662
0.55539
0.475789
0.662
0.662
0.662
0.636286
0.254352
0.662
0.409346
0.589204
0.119083
0.355456
0.594137
0.143663
0.38387
0.404986
0.151984
0.662
0.463214
0.415224
0.0446436
0.445066
0.662
0.662
0.662
0.662
0.190667
0.662
0.662
0.662
0.662
0.662
0.662
0.444238
0.0622607
0.10798
0.662
0.662
0.570056
0.263291
0.163957
0.0988654
0.41864
0.662
0.616449
0.14659
0.0523567
0.662
0.552473
0.662
0.0306033
0.662
0.662
0.285657
0.662
0.187287
0.0191827
0.662
0.662
0.359232
0.297861
0.563283
0.160103
0.124451
0.662
0.442262
0.379006
0.662
0.265733
0.347892
0.0474123
0.145191
0.29408
0.344455
0.662
0.456743
0.274925
0.17948
0.428832
0.662
0.158926
0.0843225
0.662
0.662
0.507637
0.662
0.216585
0.662
0.460966
0.662
0.662
0.111815
0.456774
0.662
0.662
0.662
0.402403
0.350511
0.00657673
0.662
0.662
0.223258
0.662
0.235387
0.47665
0.410036
0.0981261
0.662
0.108346
0.096574
0.662
0.662
0.662
0.662
0.662
0.662
0.662
0.203873
0.361481
0.0774434
0.298561
0.662
0.392469
0.662
0.662
0.322437
0.662
0.195436
0.00112874
0.150091
0.39966
0.36693
0.662
0.168135
0.662
0.346492
0.403703
0.180958
0.505779
0.60354
0.0724416
0.662
0.283576
0.660038
0.662
0.405233
0.129696
0.192796
0.366303
0.269893
0.330364
0.662
0.198211
0.662
0.662
0.662
0.180959
0.662
0.482893
0.662
0.597582
0.662
0.380137
0.57129
0.662
0.339985
0.434262
0.404463
0.0863547
0.238694
0.662
0.159539
0.365601
0.662
0.662
0.662
0.662
0.152893
0.326253
0.662
0.662
0.0125676
0.0398019
0.165515
0.662
0.478443
0.662
0.662
0.662
0.342288
0.439896
0.662
0.19997
0.662
0.662
0.662
0.662
0.662
0.293102
0.662
0.662
0.368007
0.662
0.256799
0.597967
0.239703
0.477441
0.317862
0.608737
0.52981
0.662
0.243155
0.309124
0.326364
0.662
0.662
0.161125
0.662
0.401134
0.648097
0.302603
0.662
0.194637
0.371821
0.339962
0.662
0.464638
0.662
0.662
0.297236
0.0929761
0.0367194
0.229229
0.391118
0.0730502
0.10124
0.662
0.662
0.00696848
0.379628
0.662
0.237501
0.646316
0.30711
0.212165
0.324249
0.0332279
0.109995
0.206941
0.422559
0.396378
0.147474
0.580394
0.662
0.662
0.229878
0.662
0.521754
0.304354
0.186967
0.457789
0.662
0.662
0.662
0.662
0.225652
0.166459
0.0904972
0.662
0.662
0.083633
0.268889
0.34408
0.662
0.662
0.662
0.400049
0.662
0.479551
0.431355
0.447224
0.662
0.662
0.662
0.542713
0.662
0.194713
0.401461
0.576056
0.151539
0.662
0.662
0.662
0.363875
0.431844
0.277594
0.22076
0.662
0.237076
0.0890959
0.662
0.390302
0.662
0.247621
0.469788
0.186912
0.662
0.662
0.662
0.622801
0.162071
0.188937
0.662
0.41446
0.352226
0.662
0.195329
0.662
0.0718032
0.662
0.261395
0.587362
0.475794
0.31981
0.243432
0.113694
0.662
0.479791
0.468066
0.662
0.662
0.662
0.662
0.662
0.327056
0.662
0.304759
0.662
0.662
0.279911
0.337022
0.0415909
0.143861
0.23031
0.662
0.503469
0.662
0.662
0.431664
0.194432
0.436267
0.662
0.247359
0.169768
0.576289
0.662
0.662
0.0190244
0.465832
0.303701
0.253407
0.256673
0.106605
0.640299
0.186598
0.402483
0.0250145
0.662
0.427551
0.662
0.662
0.662
0.662
0.0285773
0.56402
0.138737
0.338489
0.662
0.662
0.662
0.662
0.267725
0.276729
0.662
0.662
0.36309
0.189898
0.395607
0.0916213
0.265594
0.115442
0.200715
0.0563203
0.197195
0.662
0.662
0.431397
0.198386
0.662
0.662
0.201973
0.0779894
0.662
0.242765
0.208385
0.662
0.662
0.662
0.457018
0.394664
0.411447
0.437273
0.104905
0.662
0.390083
0.662
0.662
0.462875
0.662
0.208209
0.11021
0.0704559
0.325445
0.250345
0.175412
0.360306
0.662
0.662
0.662
0.260501
0.662
0.259044
0.662
0.57854
0.296609
0.662
0.662
0.0733864
0.148241
0.310226
0.648217
0.662
0.314395
0.662
0.242121
0.362125
0.4955
0.662
0.662
0.662
0.4281
0.183831
0.249993
0.662
0.435827
0.192836
0.662
0.19571
0.662
0.662
0.42539
0.177966
0.662
0.662
0.662
0.394134
0.205344
0.297486
0.054537
0.662
0.568513
0.662
0.391308
0.149431
0.662
0.400991
0.662
0.0900036
0.336379
0.19145
0.447009
0.179209
0.662
0.450737
0.2437
0.662
0.662
0.36027
0.662
0.264438
0.472074
0.417466
0.511891
0.0495678
0.662
0.662
0.542864
0.15563
0.662
0.343336
0.662
0.662
0.423582
0.437983
0.404564
0.662
0.314281
0.662
0.430966
0.537304
0.416089
0.0574184
0.439024
0.662
0.612333
0.662
0.336693
0.662
0.386527
0.429101
0.662
0.316212
0.245768
0.662
0.662
0.662
0.0702776
0.662
0.379093
0.0209365
0.240139
0.662
0.662
0.44984
0.662
0.43319
0.243723
0.271518
0.662
0.45422
0.150689
0.576235
0.662
0.662
0.377452
0.409131
0.466222
0.0512058
0.419538
0.662
0.662
0.536358
0.0360859
0.0857216
0.502384
0.211807
0.662
0.0146354
0.286444
0.288924
0.662
0.0873852
0.662
0.415831
0.655148
0.662
0.662
0.565009
0.504283
0.323102
0.662
0.177278
0.662
0.270032
0.338005
0.322009
0.234378
0.299094
0.475251
0.662
0.662
0.0108838
0.350632
0.662
0.263111
0.190616
0.244838
0.662
0.662
0.662
0.187033
0.219853
0.662
0.0706733
0.427323
0.257882
0.647949
0.497163
0.042552
0.511788
0.662
0.662
0.662
0.147213
0.128622
0.0663983
0.662
0.662
0.227113
0.662
0.662
0.0763787
0.30494
0.662
0.630017
0.662
0.219215
0.461701
0.233311
0.198363
0.346301
0.371343
0.455226
0.407584
0.662
0.461266
0.0584425
0.662
0.662
0.217765
0.14102
0.662
0.407406
0.662
0.662
0.662
0.662
0.662
0.662
0.311754
0.0422591
0.270054
0.662
0.374412
0.193537
0.662
0.175032
0.418058
0.0796141
0.0942941
0.275235
0.662
0.194436
0.189762
0.13893
0.188751
0.235357
0.662
0.106182
0.662
0.662
0.662
0.662
0.345781
0.662
0.187873
0.413537
0.300525
0.12504
0.170156
0.662
0.662
0.0555642
0.237102
0.662
0.0913108
0.210925
0.662
0.662
0.662
0.609529
0.662
0.662
0.0603563
0.293971
0.290331
0.662
0.27665
0.662
0.198338
0.662
0.0330536
0.264292
0.662
0.390745
0.152061
0.276416
0.506802
0.662
0.260393
0.662
0.358187
0.135927
0.14813
0.468758
0.662
0.245606
0.442054
0.662
0.378537
0.312071
0.0966437
0.662
0.662
0.0620921
0.244039
0.662
0.276733
0.662
0.466095
0.0988261
0.662
0.275387
0.215868
0.662
0.189983
0.195531
0.662
0.312994
0.348043
0.448752
0.000858082
0.119829
0.0100417
0.0220752
0.181854
0.662
0.662
0.662
0.633694
0.467766
0.215403
0.662
0.425899
0.662
0.0310651
0.469036
0.192537
0.662
0.406227
0.381223
0.58947
0.363061
0.662
0.306116
0.284877
0.253409
0.662
0.027269
0.0313173
0.270205
0.0558666
0.0634568
0.103399
0.507232
0.236687
0.397499
0.239416
0.662
0.550591
0.662
0.662
0.46732
0.160168
0.662
0.216253
0.662
0.662
0.303328
0.0737098
0.0358265
0.662
0.662
0.209985
0.130308
0.383446
0.449152
0.662
0.244921
0.364373
0.662
0.00766094
0.662
0.337838
0.662
0.516977
0.662
0.216251
0.246359
0.662
0.438739
0.459879
0.662
0.424646
0.305562
0.160831
0.662
0.149488
0.288805
0.232045
0.314909
0.507285
0.292805
0.662
0.0923483
0.662
0.662
0.366372
0.662
0.0607911
0.662
0.144713
0.254664
0.543376
0.36256
0.662
0.24034
0.244389
0.0180857
0.255865
0.3961
0.662
0.180964
0.30419
0.0404042
0.662
0.662
0.433365
0.59629
0.489944
0.662
0.365198
0.662
0.459973
0.036251
0.662
0.662
0.662
0.358
0.276179
0.143449
0.106742
0.336727
0.263083
0.210103
0.107666
0.662
0.031097
0.407027
0.417678
0.340311
0.662
0.662
0.228554
0.353687
0.662
0.642646
0.662
0.206022
0.357182
0.245148
0.297398
0.428865
0.306545
0.4302
0.662
0.138279
0.567688
0.406384
0.228418
0.383529
0.662
0.662
0.146187
0.662
0.612375
0.115024
0.0229983
0.307758
0.662
0.662
0.662
0.0163533
0.619905
0.457614
0.662
0.299067
0.215434
0.188067
0.0341872
0.21332
0.0908574
0.215327
0.186643
0.662
0.0125384
0.609323
0.662
0.662
0.0937424
0.502787
0.662
0.662
0.254616
0.318634
0.176307
0.662
0.128503
0.662
0.0220421
0.662
0.00429057
0.384702
0.0413786
0.267422
0.662
0.424881
0.662
0.662
0.662
0.444215
0.662
0.494505
0.662
0.641194
0.662
0.662
0.100432
0.662
0.662
0.191833
0.472275
0.205835
0.052842
0.662
0.446275
0.389434
0.20972
0.269149
0.662
0.251623
0.662
0.303526
0.189612
0.16357
0.235157
0.662
0.334477
0.662
0.662
0.662
0.662
0.129371
0.490944
0.206065
0.662
0.662
0.662
0.662
0.662
0.0749384
0.409635
0.662
0.0963997
0.435148
0.272103
0.331241
0.305318
0.517861
0.512551
0.662
0.232162
0.662
0.233938
0.235297
0.0630908
0.239289
0.662
0.0979442
0.203461
0.254221
0.111477
0.662
0.662
0.295973
0.662
0.241366
0.662
0.662
0.662
0.662
0.182057
0.662
0.118224
0.662
0.662
0.419384
0.246028
0.662
0.0870612
0.365979
0.662
0.662
0.662
0.309326
0.354353
0.662
0.131575
0.122879
0.662
0.662
0.662
0.662
0.299478
0.662
0.662
0.662
0.662
0.662
0.565378
0.662
0.0343802
0.662
0.662
0.35578
0.00648798
0.662
0.662
0.575675
0.487433
0.0293253
0.443002
0.662
0.662
0.325463
0.229937
0.662
0.113357
0.278708
0.662
0.662
0.469104
0.662
0.662
0.184829
0.347553
0.448683
0.662
0.662
0.662
0.662
0.246303
0.393598
0.662
0.662
0.182618
0.662
0.662
0.277537
0.662
0.425075
0.662
0.565037
0.146916
0.662
0.662
0.248658
0.439357
0.203261
0.662
0.450171
0.180404
0.662
0.662
0.212154
0.139171
0.470988
0.662
0.662
0.662
0.662
0.662
0.662
0.25594
0.662
0.662
0.151732
0.00888914
0.458641
0.662
0.662
0.156668
0.187376
0.662
0.102538
0.662
0.662
0.662
0.240982
0.183327
0.468418
0.662
0.19044
0.203776
0.662
0.251975
0.227986
0.662
0.119917
0.267646
0.347136
0.662
0.662
0.20229
0.662
0.583666
0.16744
0.254244
0.662
0.476899
0.662
0.0901611
0.434137
0.662
0.662
0.384255
0.158968
0.662
0.662
0.160797
0.662
0.441897
0.270309
0.241418
0.418807
0.662
0.264955
0.0775597
0.399108
0.0935156
0.662
0.662
0.0694226
0.196083
0.261564
0.662
0.0413955
0.243784
0.105417
0.662
0.662
0.0528519
0.27603
0.662
0.662
0.0293818
0.416075
0.662
0.662
0.129476
0.31316
0.0527521
0.189122
0.651487
0.0606493
0.143372
0.662
0.0536236
0.662
0.224566
0.206025
0.407498
0.199601
0.344817
0.233364
0.662
0.158458
0.662
0.662
0.205957
0.662
0.284647
0.626849
0.662
0.208795
0.662
0.662
0.18767
0.662
0.151171
0.104547
0.662
0.230976
0.662
0.244617
0.662
0.662
0.0687897
0.399023
0.662
0.0379858
0.245473
0.0438429
0.374453
0.662
0.473428
0.662
0.221392
0.662
0.662
0.478278
0.662
0.000102999
0.192458
0.131268
0.662
0.662
0.662
0.575421
0.662
0.221176
0.147024
0.100161
0.662
0.260051
0.662
0.662
0.662
0.185823
0.662
0.662
0.321886
0.662
0.662
0.0519703
0.662
0.0709537
0.201741
0.63339
0.385519
0.662
0.185397
0.662
0.662
0.466663
0.662
0.662
0.635965
0.472062
0.662
0.201905
0.662
0.00645574
0.662
0.508178
0.662
0.662
0.662
0.662
0.342438
0.662
0.313758
0.32214
0.109495
0.566329
0.0614206
0.208186
0.323721
0.367532
0.563243
0.662
0.662
0.475821
0.662
0.662
0.150472
0.662
0.159983
0.44183
0.323261
0.435593
0.365974
0.662
0.184471
0.662
0.662
0.224191
0.662
0.396487
0.303385
0.441103
0.662
0.0336289
0.662
0.248159
0.662
0.662
0.36542
0.618433
0.63339
0.662
0.17914
0.169663
0.23147
0.0150157
0.506581
0.662
0.206123
0.662
0.662
0.662
0.607615
0.155866
0.181325
0.281683
0.662
0.662
0.662
0.404844
0.662
0.466485
0.477629
0.623541
0.662
0.323311
0.662
0.662
0.472786
0.662
0.0785943
0.357393
0.303233
0.662
0.662
0.662
0.662
0.385158
0.662
0.662
0.662
0.662
0.19324
0.662
0.662
0.0717636
0.504912
0.392614
0.305905
0.475575
0.548069
0.377243
0.486959
0.497758
0.662
0.662
0.662
0.662
0.421057
0.141784
0.362266
0.263026
0.662
0.662
0.662
0.10873
0.662
0.662
0.392678
0.32493
0.318274
0.12089
0.0884275
0.599664
0.0965986
0.0462426
0.662
0.662
0.662
0.575933
0.662
0.33824
0.0540693
0.662
0.201176
0.662
0.151875
0.662
0.273068
0.266134
0.371891
0.379086
0.662
0.325559
0.662
0.0667657
0.283327
0.193498
0.418679
0.327135
0.662
0.0822983
0.226174
0.662
0.662
0.272297
0.662
0.662
0.662
0.662
0.0305164
0.563193
0.126965
0.073834
0.662
0.662
0.0445959
0.662
0.391077
0.662
0.216686
0.316134
0.416435
0.376391
0.662
0.662
0.205605
0.458038
0.662
0.30787
0.231934
0.223036
0.270556
0.124857
0.662
0.226928
0.662
0.662
0.662
0.662
0.662
0.662
0.272806
0.662
0.229338
0.0146318
0.662
0.177544
0.662
0.221122
0.333187
0.179485
0.662
0.373111
0.662
0.662
0.662
0.303395
0.430294
0.211235
0.150989
0.662
0.171526
0.446154
0.0309847
0.662
0.0436723
0.154089
0.560748
0.630474
0.662
0.143142
0.129144
0.289859
0.662
0.0584356
0.554122
0.480461
0.662
0.279444
0.186723
0.346452
0.662
0.662
0.187206
0.184948
0.234262
0.203206
0.281758
0.39834
0.12278
0.662
0.058849
0.662
0.662
0.0824803
0.297484
0.252707
0.662
0.662
0.122002
0.320286
0.662
0.662
0.349723
0.423771
0.155275
0.123733
0.352798
0.333927
0.156124
0.662
0.346249
0.662
0.662
0.220136
0.13953
0.109047
0.54966
0.0732196
0.662
0.662
0.662
0.119872
0.662
0.0828193
0.662
0.662
0.121327
0.174123
0.662
0.440546
0.662
0.0917495
0.662
0.192661
0.433865
0.662
0.662
0.242873
0.297097
0.662
0.287567
0.662
0.662
0.184473
0.036864
0.662
0.117828
0.0791267
0.200379
0.478898
0.377781
0.662
0.305568
0.662
0.189523
0.232793
0.412874
0.662
0.485093
0.228231
0.662
0.0534321
0.211811
0.662
0.0627543
0.193256
0.429861
0.662
0.394248
0.59701
0.0600379
0.662
0.343518
0.662
0.374729
0.662
0.372826
0.291547
0.662
0.662
0.255653
0.662
0.404296
0.06014
0.266296
0.299203
0.662
0.110009
0.662
0.662
0.662
0.662
0.662
0.160218
0.439453
0.662
0.415171
0.662
0.156709
0.0764642
0.186354
0.209195
0.156775
0.522676
0.662
0.219938
0.662
0.181173
0.216051
0.227819
0.662
0.337371
0.40208
0.338917
0.662
0.264169
0.0872518
0.386747
0.188986
0.0065265
0.662
0.0115907
0.313903
0.20547
0.166995
0.662
0.662
0.219985
0.662
0.216349
0.662
0.662
0.0944385
0.4463
0.662
0.662
0.662
0.125283
0.662
0.264179
0.209564
0.182722
0.204015
0.590301
0.310422
0.139495
0.451081
0.153801
0.207369
0.662
0.448046
0.2549
0.394337
0.662
0.451979
0.145463
0.463427
0.662
0.177357
0.477459
0.38863
0.489613
0.662
0.0686398
0.310542
0.662
0.201492
0.434724
0.208754
0.49042
0.310691
0.0275581
0.662
0.0996702
0.139675
0.662
0.255084
0.662
0.24679
0.662
0.469636
0.356511
0.171855
0.392669
0.152203
0.00446867
0.662
0.173985
0.234353
0.397682
0.662
0.468892
0.119917
0.280983
0.313525
0.266261
0.136034
0.662
0.42225
0.444158
0.384247
0.662
0.0614402
0.473888
0.585862
0.662
0.383197
0.488872
0.654131
0.200863
0.43194
0.433064
0.662
0.311895
0.359179
0.662
0.27343
0.453537
0.296115
0.662
0.173287
0.662
0.441699
0.662
0.41145
0.506659
0.662
0.435976
0.662
0.662
0.411729
0.662
0.266088
0.662
0.314566
0.346614
0.662
0.304135
0.441178
0.662
0.427429
0.454495
0.662
0.662
0.50254
0.662
0.662
0.20112
0.283351
0.338931
0.662
0.0644727
0.236868
0.662
0.662
0.662
0.210379
0.662
0.365008
0.282405
0.44354
0.262962
0.662
0.662
0.662
0.182759
0.0268526
0.0408515
0.662
0.166418
0.662
0.662
0.662
0.351894
0.662
0.383003
0.312956
0.118109
0.662
0.310116
0.662
0.522884
0.213305
0.662
0.218446
0.338694
0.662
0.124333
0.237798
0.246677
0.584847
0.474533
0.590561
0.434205
0.0327547
0.22731
0.662
0.662
0.298917
0.243221
0.140774
0.662
0.234677
0.0727602
0.271763
0.662
0.662
0.238658
0.182865
0.662
0.543368
0.662
0.662
0.662
0.662
0.216313
0.116545
0.174887
0.53976
0.662
0.0904826
0.205523
0.20335
0.662
0.550629
0.473766
0.662
0.21469
0.662
0.662
0.178552
0.662
0.153879
0.095731
0.396216
0.662
0.256343
0.193131
0.4495
0.468186
0.208882
0.332494
0.662
0.662
0.662
0.662
0.0532019
0.0350111
0.222806
0.107286
0.662
0.250168
0.662
0.236596
0.140933
0.662
0.662
0.0324923
0.327931
0.662
0.662
0.431888
0.662
0.662
0.662
0.662
0.662
0.313529
0.662
0.142434
0.231139
0.0826138
0.662
0.662
0.325652
0.650513
0.662
0.662
0.0374293
0.662
0.242439
0.662
0.326801
0.263564
0.662
0.133295
0.291983
0.662
0.0309845
0.281619
0.117976
0.201458
0.662
0.211811
0.163849
0.134056
0.436654
0.502526
0.00118901
0.220376
0.662
0.662
0.0990937
0.28008
0.312073
0.662
0.662
0.222269
0.662
0.25348
0.622554
0.431825
0.662
0.662
0.139782
0.343099
0.37172
0.662
0.0648158
0.662
0.662
0.435755
0.24396
0.409076
0.0561174
0.662
0.662
0.258692
0.662
0.662
0.662
0.662
0.239524
0.662
0.662
0.662
0.089209
0.662
0.182158
0.456907
0.214285
0.662
0.662
0.662
0.662
0.364049
0.662
0.126604
0.340335
0.256897
0.124287
0.134064
0.662
0.244705
0.662
0.662
0.662
0.410128
0.234592
0.115674
0.411225
0.662
0.662
0.662
0.154123
0.231556
0.385751
0.263819
0.140966
0.662
0.662
0.662
0.176097
0.662
0.662
0.662
0.315561
0.0345734
0.51166
0.376031
0.338464
0.662
0.403566
0.662
0.0463679
0.0151377
0.463183
0.662
0.324297
0.419796
0.662
0.417925
0.135395
0.662
0.402168
0.662
0.662
0.0126339
0.169127
0.662
0.32072
0.662
0.243128
0.289403
0.487228
0.143004
0.468724
0.357391
0.421983
0.662
0.662
0.350848
0.662
0.193927
0.662
0.662
0.662
0.662
0.259281
0.314682
0.662
0.00163257
0.662
0.662
0.662
0.221963
0.353514
0.349184
0.662
0.347044
0.662
0.662
0.460361
0.662
0.152916
0.662
0.662
0.328781
0.662
0.662
0.250717
0.139432
0.101993
0.377457
0.662
0.662
0.662
0.662
0.324387
0.319451
0.662
0.135995
0.209987
0.662
0.662
0.662
0.662
0.662
0.00878966
0.662
0.662
0.662
0.662
0.662
0.227857
0.662
0.520442
0.458162
0.200136
0.189839
0.0629047
0.128225
0.352087
0.662
0.662
0.126795
0.228181
0.330757
0.662
0.662
0.350789
0.662
0.120147
0.662
0.45497
0.301794
0.662
0.662
0.662
0.322941
0.130364
0.443798
0.439293
0.256468
0.207352
0.123133
0.0148874
0.135385
0.662
0.211866
0.464349
0.161667
0.662
0.662
0.662
0.010844
0.662
0.406351
0.308972
0.0878449
0.662
0.319982
0.662
0.287619
0.662
0.230422
0.185972
0.328209
0.177983
0.375233
0.260376
0.387153
0.133184
0.000125175
0.0433164
0.228676
0.662
0.0437169
0.662
0.319863
0.662
0.419479
0.662
0.662
0.662
0.00882188
0.299016
0.662
0.156645
0.662
0.662
0.662
0.662
0.662
0.383756
0.472822
0.491653
0.662
0.222985
0.662
0.0428927
0.662
0.357683
0.662
0.0799451
0.435479
0.134945
0.158205
0.662
0.662
0.662
0.662
0.662
0.662
0.486594
0.392399
0.662
0.662
0.211423
0.308992
0.145308
0.27616
0.371096
0.427434
0.0470937
0.0850661
0.494936
0.662
0.33597
0.0494211
0.246555
0.392314
0.662
0.662
0.662
0.662
0.398913
0.391116
0.662
0.137123
0.662
0.662
0.47934
0.392898
0.417012
0.108418
0.662
0.466663
0.662
0.330051
0.662
0.662
0.662
0.350731
0.123658
0.662
0.446075
0.662
0.144898
0.158577
0.451826
0.147379
0.662
0.385327
0.662
0.192104
0.302327
0.662
0.300154
0.128045
0.201458
0.291079
0.38286
0.662
0.662
0.641431
0.312658
0.662
0.662
0.662
0.662
0.151374
0.231734
0.371197
0.662
0.662
0.383096
0.662
0.662
0.662
0.662
0.220997
0.662
0.501347
0.303853
0.151484
0.352465
0.417284
0.00428662
0.237362
0.0712958
0.22944
0.662
0.662
0.159956
0.259304
0.196585
0.662
0.662
0.327126
0.662
0.322413
0.113221
0.662
0.204905
0.662
0.662
0.367295
0.368313
0.662
0.0813382
0.662
0.662
0.662
0.383613
0.662
0.662
0.130886
0.662
0.369347
0.662
0.662
0.184525
0.662
0.662
0.662
0.160663
0.193322
0.328882
0.662
0.662
0.00332258
0.193183
0.0443131
0.39642
0.662
0.475529
0.394699
0.662
0.474064
0.00109582
0.662
0.382616
0.317943
0.451803
0.602607
0.662
0.196624
0.305948
0.503753
0.662
0.0360642
0.100049
0.305224
0.128175
0.662
0.372354
0.099957
0.194896
0.61313
0.389767
0.662
0.662
0.0929431
0.420712
0.452143
0.530444
0.350998
0.143633
0.662
0.179919
0.352748
0.662
0.662
0.23676
0.0021215
0.204031
0.432078
0.298426
0.243907
0.338163
0.662
0.662
0.662
0.662
0.486241
0.662
0.596164
0.165492
0.662
0.662
0.489541
0.266074
0.433047
0.662
0.662
0.662
0.317839
0.0501822
0.134778
0.346302
0.221855
0.662
0.274446
0.662
0.211146
0.662
0.662
0.662
0.282517
0.662
0.662
0.399351
0.662
0.099271
0.662
0.518503
0.198797
0.274831
0.0980578
0.662
0.662
0.662
0.437499
0.61282
0.40949
0.662
0.662
0.230347
0.236887
0.206716
0.349232
0.0772732
0.429804
0.148906
0.540618
0.359733
0.4507
0.232081
0.148521
0.195572
0.662
0.662
0.378717
0.294196
0.456276
0.662
0.152616
0.385077
0.191584
0.117877
0.430085
0.662
0.662
0.662
0.00184087
0.662
0.19498
0.320927
0.491143
0.662
0.0535741
0.662
0.662
0.220847
0.662
0.23745
0.535081
0.662
0.404833
0.662
0.284553
0.239479
0.191369
0.211144
0.439227
0.606816
0.406817
0.246401
0.26089
0.204859
0.197793
0.662
0.662
0.662
0.0744804
0.662
0.172938
0.169539
0.662
0.662
0.662
0.156131
0.502535
0.662
0.370186
0.565141
0.148569
0.318863
0.662
0.662
0.662
0.472799
0.195146
0.279046
0.662
0.117424
0.270808
0.662
0.662
0.194717
0.383037
0.248415
0.0114243
0.609781
0.0285254
0.377103
0.107988
0.348031
0.662
0.662
0.0797894
0.394888
0.511905
0.195821
0.579657
0.24232
0.602065
0.662
0.162145
0.662
0.267784
0.316788
0.662
0.662
0.662
0.657648
0.1691
0.399055
0.3447
0.662
0.35939
0.405807
0.519379
0.22696
0.118837
0.662
0.662
0.662
0.662
0.643616
0.662
0.219648
0.103721
0.0346559
0.662
0.342123
0.662
0.155793
0.297813
0.417927
0.659579
0.323409
0.662
0.421592
0.135136
0.0439118
0.662
0.167612
0.0844615
0.325094
0.224965
0.02393
0.318699
0.453566
0.283934
0.662
0.662
0.662
0.662
0.217107
0.143401
0.530169
0.142768
0.283037
0.0670521
0.662
0.0584978
0.0312992
0.0225804
0.219274
0.248775
0.405918
0.662
0.662
0.662
0.662
0.0451185
0.662
0.662
0.662
0.344314
0.202086
0.662
0.300643
0.662
0.662
0.46069
0.662
0.662
0.447517
0.137201
0.662
0.307952
0.619173
0.662
0.662
0.228875
0.471852
0.0736316
0.662
0.258458
0.160608
0.278783
0.285889
0.662
0.662
0.662
0.662
0.662
0.415113
0.186824
0.632385
0.662
0.324965
0.662
0.19023
0.229143
0.662
0.662
0.0826424
0.0664017
0.662
0.662
0.337844
0.147851
0.185124
0.662
0.171154
0.662
0.662
0.662
0.380622
0.662
0.197822
0.251037
0.293971
0.662
0.352689
0.662
0.233417
0.331715
0.662
0.206288
0.662
0.579904
0.185716
0.597141
0.662
0.136175
0.662
0.662
0.042131
0.0780475
0.662
0.662
0.662
0.180921
0.345359
0.213375
0.662
0.133548
0.335257
0.0441617
0.662
0.662
0.0240937
0.258215
0.662
0.485662
0.38116
0.662
0.343524
0.662
0.156866
0.224894
0.125411
0.662
0.662
0.662
0.476791
0.167934
0.252283
0.21053
0.3028
0.638078
0.0819015
0.372091
0.662
0.339157
0.474716
0.343541
0.470048
0.117977
0.662
0.200639
0.662
0.662
0.346185
0.206025
0.522342
0.156429
0.662
0.662
0.662
0.616103
0.416631
0.0105482
0.222551
0.13884
0.236965
0.108314
0.343866
0.662
0.293363
0.467623
0.33724
0.662
0.53444
0.662
0.662
0.0611667
0.662
0.662
0.140906
0.580982
0.339868
0.24322
0.124925
0.298398
0.313766
0.468699
0.120551
0.662
0.662
0.662
0.22126
0.662
0.634849
0.297581
0.477245
0.199987
0.227452
0.662
0.0462467
0.207816
0.662
0.466282
0.537691
0.216842
0.326495
0.662
0.118758
0.662
0.440187
0.662
0.662
0.239443
0.662
0.0729968
0.0235288
0.191776
0.662
0.193232
0.144434
0.137337
0.662
0.327215
0.100031
0.662
0.00160207
0.269697
0.343269
0.662
0.0671727
0.662
0.662
0.644601
0.19752
0.662
0.189124
0.242311
0.0106999
0.495091
0.37811
0.281891
0.645664
0.662
0.192741
0.109296
0.118351
0.174015
0.437494
0.175728
0.41486
0.118145
0.172911
0.388268
0.662
0.368288
0.662
0.266735
0.215373
0.662
0.662
0.0105464
0.201784
0.317059
0.662
0.662
0.269237
0.236872
0.238397
0.662
0.0138709
0.264393
0.617522
0.366892
0.250369
0.369851
0.398157
0.421057
0.0876634
0.095268
0.662
0.329205
0.662
0.662
0.0498561
0.280482
0.662
0.162804
0.336196
0.311549
0.383644
0.662
0.226577
0.662
0.410853
0.662
0.662
0.329564
0.307217
0.518857
0.662
0.662
0.0114513
0.25147
0.662
0.662
0.662
0.662
0.662
0.662
0.32275
0.344947
0.182143
0.440016
0.662
0.662
0.662
0.084599
0.440753
0.172765
0.467955
0.328881
0.00690792
0.662
0.107102
0.147684
0.0938456
0.248675
0.494516
0.405018
0.321051
0.662
0.349897
0.662
0.662
0.205267
0.474309
0.662
0.513413
0.662
0.0551247
0.662
0.662
0.662
0.358715
0.662
0.662
0.662
0.613113
0.662
0.662
0.261412
0.111539
0.502586
0.00311215
0.310379
0.662
0.662
0.662
0.662
0.0802829
0.297882
0.342792
0.0536285
0.446857
0.662
0.197413
0.2072
0.111586
0.203404
0.426192
0.352536
0.214724
0.37719
0.662
0.159118
0.217426
0.662
0.302197
0.478698
0.331021
0.662
0.401007
0.118608
0.214644
0.599458
0.317543
0.0463778
0.424394
0.662
0.64747
0.662
0.099862
0.662
0.1928
0.662
0.662
0.273207
0.395034
0.662
0.662
0.662
0.270157
0.285999
0.448481
0.0930802
0.662
0.662
0.662
0.133591
0.188719
0.233862
0.204832
0.330752
0.099448
0.286819
0.229722
0.662
0.662
0.662
0.464623
0.215508
0.163647
0.662
0.157444
0.662
0.244342
0.265443
0.00373903
0.339848
0.127997
0.662
0.204034
0.388485
0.662
0.573687
0.485016
0.266459
0.284327
0.618391
0.662
0.291666
0.662
0.584519
0.2364
0.662
0.247156
0.433894
0.0321998
0.380119
0.662
0.2528
0.662
0.0869714
0.662
0.662
0.662
0.662
0.186447
0.662
0.0261269
0.662
0.662
0.662
0.309094
0.138012
0.662
0.662
0.192094
0.662
0.662
0.140636
0.662
0.24607
0.662
0.662
0.34262
0.662
0.3142
0.0293208
0.310361
0.477685
0.662
0.50711
0.1945
0.207706
0.662
0.662
0.662
0.662
0.296454
0.662
0.0554617
0.344588
0.510636
0.662
0.662
0.249834
0.662
0.559922
0.19591
0.662
0.200458
0.240485
0.662
0.662
0.2947
0.662
0.662
0.326034
0.0567829
0.15296
0.0725107
0.662
0.107109
0.662
0.0882215
0.401498
0.161533
0.284501
0.0146925
0.662
0.662
0.0394063
0.118013
0.662
0.365689
0.662
0.102939
0.662
0.00715293
0.641797
0.662
0.219346
0.247694
0.662
0.662
0.233786
0.331372
0.662
0.662
0.662
0.210505
0.298368
0.0361604
0.24923
0.191387
0.662
0.380156
0.285938
0.637696
0.662
0.662
0.29934
0.642725
0.226617
0.279942
0.439757
0.386489
0.662
0.468442
0.285596
0.254157
0.662
0.662
0.662
0.662
0.0871574
0.662
0.280366
0.662
0.662
0.189708
0.189146
0.0122001
0.662
0.42454
0.365721
0.662
0.662
0.662
0.662
0.662
0.513708
0.662
0.00616527
0.362402
0.662
0.271197
0.176903
0.465561
0.432691
0.662
0.413632
0.422059
0.662
0.662
0.662
0.662
0.0663772
0.198013
0.0189725
0.487116
0.662
0.399086
0.662
0.333482
0.342441
0.405899
0.0935437
0.205677
0.36287
0.196264
0.344298
0.208431
0.457482
0.354369
0.662
0.249803
0.143297
0.662
0.329263
0.662
0.56965
0.22705
0.367939
0.0820089
0.480173
0.267344
0.295634
0.196579
0.662
0.422042
0.315257
0.456157
0.600743
0.0832118
0.0126485
0.351223
0.14501
0.662
0.0764952
0.42217
0.0209978
0.138863
0.356727
0.296087
0.424797
0.130656
0.220086
0.662
0.345438
0.522577
0.458232
0.344368
0.232478
0.189817
0.366802
0.662
0.303584
0.662
0.198856
0.650995
0.118371
0.662
0.662
0.662
0.662
0.662
0.662
0.207529
0.662
0.662
0.471558
0.662
0.417291
0.426606
0.429177
0.0547273
0.662
0.662
0.662
0.662
0.662
0.226969
0.259838
0.107914
0.662
0.662
0.662
0.0845423
0.217386
0.662
0.662
0.415522
0.662
0.260372
0.257373
0.662
0.347851
0.125459
0.33841
0.338345
0.371557
0.190971
0.194537
0.662
0.234169
0.230327
0.662
0.262357
0.352236
0.662
0.589746
0.0158752
0.0458802
0.662
0.662
0.662
0.622044
0.662
0.329636
0.662
0.251783
0.596957
0.243106
0.158528
0.662
0.662
0.33013
0.662
0.361832
0.473178
0.662
0.662
0.0636982
0.323065
0.140161
0.185622
0.137432
0.662
0.662
0.417899
0.469719
9.71993e-05
0.662
0.477768
0.298005
0.178417
0.662
0.662
0.243133
0.184603
0.33973
0.662
0.662
0.102588
0.662
0.317979
0.232614
0.50041
0.662
0.128233
0.111781
0.230172
0.662
0.141221
0.342369
0.662
0.662
0.474363
0.662
0.662
0.202554
0.662
0.59158
0.662
0.0272138
0.662
0.662
0.610845
0.662
0.0474253
0.268417
0.223737
0.335108
0.329328
0.662
0.561166
0.240973
0.126987
0.313171
0.662
0.662
0.662
0.662
0.662
0.231837
0.114886
0.662
0.662
0.383539
0.283645
0.662
0.662
0.0973785
0.315988
0.662
0.662
0.662
0.662
0.474644
0.662
0.00587234
0.662
0.662
0.417284
0.129957
0.418446
0.306359
0.150492
0.449257
0.0445288
0.0819693
0.662
0.195263
0.422953
0.662
0.662
0.252279
0.662
0.47297
0.662
0.121612
0.281047
0.662
0.508844
0.286194
0.184617
0.427197
0.38802
0.0113248
0.379741
0.581361
0.0488134
0.662
0.536403
0.397547
0.365322
0.528034
0.30463
0.115121
0.00520356
0.058985
0.217813
0.662
0.0275292
0.662
0.662
0.103501
0.662
0.264956
0.337247
0.429214
0.662
0.205358
0.662
0.0277138
0.034941
0.291405
0.143295
0.662
0.662
0.228172
0.411822
0.183097
0.377248
0.662
0.662
0.0418704
0.411455
0.297041
0.523764
0.274349
0.357449
0.662
0.662
0.662
0.22922
0.662
0.662
0.224675
0.662
0.125921
0.662
0.384936
0.554014
0.312422
0.537261
0.662
0.436229
0.662
0.25183
0.0809896
0.0349707
0.245612
0.145882
0.662
0.662
0.324971
0.662
0.196089
0.662
0.509339
0.502991
0.662
0.420334
0.150802
0.662
0.231915
0.643766
0.122492
0.662
0.662
0.30329
0.365927
0.403347
0.375446
0.634568
0.662
0.662
0.324487
0.662
0.213683
0.662
0.0783447
0.236171
0.662
0.0896533
0.662
0.662
0.662
0.662
0.662
0.300062
0.662
0.662
0.184016
0.662
0.662
0.188015
0.662
0.0903893
0.260593
0.662
0.146557
0.662
0.339816
0.294703
0.296124
0.0472973
0.662
0.662
0.662
0.443389
0.18838
0.402227
0.137616
0.18833
0.445795
0.50079
0.662
0.335509
0.072169
0.307165
0.28748
0.0223106
0.0482022
0.662
0.396806
0.310845
0.662
0.584596
0.662
0.395415
0.662
0.662
0.662
0.544159
0.662
0.0276118
0.133482
0.662
0.308278
0.410153
0.390686
0.662
0.158726
0.527302
0.662
0.662
0.100661
0.662
0.662
0.662
0.0693834
0.662
0.662
0.0382237
0.0453677
0.662
0.662
0.457661
0.409323
0.353904
