0.662
0.662
0.111187
0.322596
0.662
0.662
0.243978
0.383446
0.662
0.207328
0.662
0.662
0.417306
0.662
0.662
0.138989
0.662
0.211937
0.381478
0.442212
0.0995591
0.451965
0.662
0.662
0.336911
0.0477625
0.379974
0.662
0.139846
0.662
0.662
0.376667
0.178444
0.34493
0.14497
0.662
0.206665
0.22218
0.607052
0.662
0.379795
0.662
0.662
0.662
0.213419
0.36668
0.662
0.0737303
0.0631038
0.185236
0.0546481
0.25791
0.662
0.148038
0.049159
0.662
0.000961335
0.266258
0.662
0.662
0.0770649
0.165225
0.662
0.187733
0.662
0.341337
0.485407
0.146115
0.218497
0.122216
0.4184
0.304351
0.662
0.304029
0.662
0.214581
0.246963
0.181857
0.662
0.323384
0.662
0.662
0.180341
0.662
0.443501
0.662
0.37175
0.246313
0.622798
0.662
0.322726
0.662
0.119396
0.474391
0.19008
0.490929
0.369142
0.464289
0.662
0.662
0.193749
0.105202
0.662
0.0129251
0.662
0.199844
0.662
0.662
0.662
0.251182
0.178412
0.0363028
0.320873
0.455452
0.138163
0.162088
0.662
0.184658
0.662
0.316931
0.662
0.662
0.380017
0.168528
0.617168
0.200509
0.177046
0.236925
0.393512
0.0758552
0.662
0.219755
0.662
0.133144
0.469892
0.0987567
0.296672
0.103034
0.266356
0.272567
0.587423
0.662
0.662
0.139162
0.662
0.662
0.34757
0.562193
0.662
0.341561
0.220309
0.620261
0.49241
0.385139
0.134188
0.61671
0.387322
0.254164
0.40437
0.662
0.414934
0.0583267
0.344532
0.218315
0.0866323
0.086207
0.662
0.662
0.135903
0.625863
0.405421
0.49229
0.0251501
0.662
0.194956
0.0773714
0.63766
0.23738
0.217214
0.662
0.645753
0.662
0.660618
0.191843
0.0596038
0.392464
0.662
0.662
0.170586
0.153736
0.526925
0.662
0.240756
0.191375
0.370398
0.662
0.632933
0.202075
0.426538
0.33211
0.662
0.662
0.630436
0.662
0.662
0.187924
0.219283
0.26691
0.662
0.662
0.662
0.644914
0.368803
0.623933
0.239921
0.156228
0.0959343
0.178903
0.116901
0.0877852
0.651928
0.662
0.160818
0.196112
0.662
0.662
0.662
0.662
0.662
0.189959
0.662
0.662
0.662
0.0153064
0.662
0.662
0.662
0.302508
0.662
0.662
0.106041
0.662
0.444598
0.662
0.662
0.662
0.662
0.549364
0.662
0.415742
0.0780566
0.196417
0.662
0.662
0.446434
0.662
0.662
0.662
0.0764089
0.169966
0.286001
0.662
0.488799
0.200772
0.0495416
0.218097
0.160544
0.662
0.58528
0.292167
0.662
0.662
0.614446
0.173847
0.662
0.354831
0.662
0.662
0.236461
0.662
0.555477
0.415163
0.260133
0.662
0.662
0.621405
0.662
0.31711
0.662
0.472261
0.662
0.662
0.209978
0.174279
0.234502
0.347477
0.647208
0.662
0.662
0.35632
0.662
0.473206
0.662
0.662
0.00343753
0.485197
0.662
0.095606
0.599577
0.0644809
0.167961
0.452657
0.662
0.219241
0.141445
0.0242689
0.662
0.304934
0.662
0.100922
0.662
0.328101
0.662
0.294718
0.453222
0.252266
0.662
0.662
0.461095
0.130429
0.277546
0.662
0.662
0.363618
0.662
0.229134
0.662
0.662
0.595515
0.662
0.662
0.139135
0.285097
0.4604
0.662
0.662
0.0316474
0.0253582
0.127084
0.287598
0.499302
0.662
0.0834275
0.662
0.662
0.236531
0.662
0.0883064
0.349855
0.410156
0.344014
0.200318
0.662
0.198994
0.306885
0.352965
0.662
0.662
0.662
0.662
0.662
0.201089
0.350613
0.0243055
0.662
0.156922
0.662
0.662
0.662
0.476833
0.000122767
0.662
0.261105
0.662
0.662
0.44077
0.341439
0.662
0.184744
0.310352
0.662
0.662
0.662
0.449105
0.662
