0.662
0.34493
0.472261
0.363329
0.208245
0.160544
0.414774
0.662
0.662
0.562193
0.152299
0.662
0.196112
0.574707
0.222496
0.662
0.662
0.39548
0.100922
0.662
0.294718
0.662
0.0877852
0.40437
0.662
0.662
0.662
0.214581
0.321208
0.662
0.000122767
0.662
0.644914
0.368803
0.662
0.662
0.662
0.476833
0.662
0.0129251
0.0878385
0.662
0.218097
0.178444
0.662
0.455452
0.364749
0.134188
0.662
0.662
0.169182
0.662
0.138989
0.662
0.0583267
0.0495416
0.662
0.442212
0.662
0.23738
0.662
0.328101
0.662
0.451965
0.135903
0.662
0.662
0.662
0.662
0.266258
0.662
0.213419
0.662
0.138163
0.632933
0.442111
0.662
0.623933
0.606536
0.0253582
0.268685
0.662
0.662
0.352965
0.662
0.662
0.662
0.662
0.662
0.379795
0.662
0.662
0.452904
0.662
0.662
0.662
0.286001
0.285097
0.258808
0.0845056
0.662
0.444598
0.274066
0.251182
0.488799
0.0987567
0.360035
0.662
0.662
0.219241
0.595515
0.352233
0.22218
0.381547
0.662
0.614446
0.662
0.236461
0.234502
0.095606
0.396991
0.662
0.607052
0.662
0.662
0.662
0.662
0.0347935
0.580445
0.435114
0.662
0.347477
0.261105
0.25118
0.662
0.662
0.662
0.4184
0.527813
0.662
0.485197
0.0477625
0.662
0.621405
0.662
0.502248
0.415163
0.0780566
0.17813
0.200772
0.336911
0.452657
0.243978
0.414934
0.662
0.0996673
0.662
0.270519
0.49229
0.0153064
0.662
0.662
0.266356
0.0243055
0.218497
0.662
0.662
0.662
0.662
0.152408
0.662
0.662
0.169061
0.29025
0.239921
0.662
0.101597
0.160753
0.499302
0.0316474
0.363618
0.662
0.542308
0.25791
0.29313
0.662
0.169966
0.427798
0.393512
0.58528
0.443501
0.184658
0.304934
0.452719
0.662
0.116901
0.662
0.662
0.662
0.11084
0.662
0.207328
0.187733
0.662
0.662
0.464289
0.662
0.387322
0.662
0.662
0.662
0.377429
0.662
0.566255
0.130429
0.662
0.379974
0.0959343
0.662
0.181857
0.180341
0.0770649
0.140164
0.349855
0.662
0.462982
0.587423
0.385139
0.662
0.410156
0.662
0.219283
0.119396
0.662
0.139162
0.549364
0.533865
0.173847
0.662
0.437887
0.170497
0.0834275
0.662
0.662
0.662
0.662
0.234025
0.662
0.405421
0.662
0.173697
0.662
0.450063
0.662
0.662
0.662
0.360439
0.662
0.662
0.662
0.662
0.662
0.426538
0.662
0.350613
0.392464
0.662
0.662
0.142541
0.647208
0.662
0.000961335
0.662
0.0631038
0.559579
0.620261
0.19008
0.446434
0.662
0.156228
0.662
0.354831
0.662
0.148038
0.33211
0.662
0.625863
0.525808
0.662
0.662
0.184744
0.35632
0.662
0.4604
0.662
0.187301
0.662
0.305574
0.410668
0.174279
0.662
0.207221
0.229134
0.662
0.268523
0.662
0.0737303
0.662
0.26691
0.049159
0.086207
0.160818
0.219755
0.662
0.662
0.374303
0.185724
0.168528
0.662
0.417306
0.369142
0.662
0.660618
0.402187
0.634156
0.322726
0.341561
0.662
0.662
0.380017
0.199844
0.353504
0.153736
0.216352
0.141445
0.252266
