0.662
0.309108
0.662
0.261251
0.0700644
0.662
0.662
0.191122
0.178903
0.662
0.662
0.0272105
0.614446
0.181857
0.662
0.0064704
0.0850882
0.0912411
0.662
0.123824
0.272112
0.442212
0.240756
0.662
0.497169
0.200516
0.0915284
0.662
0.472493
0.256169
0.095606
0.233779
0.464531
0.207328
0.599577
0.662
0.429808
0.190857
0.662
0.662
0.0266991
0.662
0.457041
0.413616
0.662
0.208076
0.146115
0.662
0.187628
0.662
0.217775
0.662
0.202423
0.207046
0.0758552
0.106041
0.121793
0.187733
0.153736
0.148792
0.662
0.394552
0.630436
0.662
0.0248843
0.453222
0.607052
0.31582
0.662
0.19008
0.286346
0.662
0.24708
0.662
0.347477
0.497663
0.662
0.442476
0.390274
0.493883
0.238724
0.662
0.377348
0.662
0.662
0.36668
0.662
0.662
0.662
0.662
0.221139
0.0805177
0.344405
0.461725
0.562193
0.304934
0.662
0.662
0.662
0.582173
0.662
0.662
0.662
0.189284
0.304631
0.662
0.0320561
0.0768037
0.662
0.660789
0.198994
0.662
0.330059
0.35759
0.502404
0.119048
0.662
0.662
0.219755
0.385632
0.205432
0.662
0.186969
0.662
0.202396
0.330305
0.13682
0.658457
0.662
0.662
0.662
0.662
0.662
0.165001
0.376033
0.662
0.518238
0.394108
0.662
0.662
0.662
0.27235
0.237665
0.662
0.134453
0.620402
0.183867
0.419762
0.259317
0.662
0.310352
0.460049
0.000619115
0.662
0.423425
0.662
0.662
0.135903
0.662
0.662
0.02749
0.196213
0.0495416
0.00907929
0.609012
0.662
0.662
0.236113
0.662
0.662
0.263419
0.424871
0.0372965
0.223722
0.662
0.662
0.167961
0.490929
0.442014
0.0402765
0.306885
0.473433
0.405421
0.314953
0.0679704
0.662
0.589593
0.662
0.459975
0.662
0.0571869
0.526925
0.662
0.662
0.196417
0.208536
0.662
0.662
0.310268
0.662
0.405871
0.172616
0.141445
0.0536884
0.238482
0.251061
0.288211
0.662
0.662
0.193388
0.662
0.322711
0.662
0.193659
0.662
0.354549
0.662
0.217984
0.662
0.662
0.193124
0.31134
0.148038
0.662
0.177046
0.316721
0.469385
0.119087
0.12362
0.0462988
0.434451
0.0394539
0.439625
0.343703
0.218803
0.341707
0.662
0.267294
0.474414
0.662
0.304029
0.662
0.242584
0.227499
0.49241
0.23605
0.662
0.337354
0.662
0.662
0.662
0.0294018
0.662
0.29141
0.662
0.662
0.189959
0.31541
0.610339
0.662
0.375809
0.344532
0.662
0.662
0.662
0.252266
0.34493
0.662
0.498641
0.662
0.286476
0.498557
0.461095
0.210339
0.0130266
0.555275
0.662
0.448496
0.422946
0.662
0.662
0.380017
0.366596
0.361504
0.662
0.575452
0.186807
0.127437
0.662
0.206688
0.579968
0.662
0.662
0.0924991
0.181451
0.00538537
0.662
0.194042
0.30987
0.662
0.290057
0.662
0.662
0.155124
0.0480838
0.662
0.662
0.0342635
0.0242689
0.662
0.429516
0.0959343
0.202075
0.363746
0.471938
0.662
0.662
0.662
0.529925
0.595515
0.260536
0.662
0.047711
0.662
0.151446
0.213419
0.184744
0.662
0.446534
0.662
0.196112
0.662
0.662
0.662
0.662
0.330855
0.494556
0.608861
0.495323
0.155302
0.662
0.209902
0.662
0.31368
0.144245
0.297406
0.240929
0.286139
0.410876
0.61671
0.376644
0.302061
0.00841264
0.189195
0.245235
0.381574
0.662
0.208806
0.662
0.633694
0.184558
0.662
0.40183
0.243977
0.662
0.662
0.662
0.185519
0.0758283
0.415163
0.662
0.662
0.662
0.548609
0.320873
0.558774
0.262969
0.0251501
0.662
0.662
0.151586
0.330882
0.662
0.620606
0.221563
0.0924674
0.662
0.662
0.324268
0.37874
0.326414
0.320174
0.196323
0.22218
0.111706
0.662
0.599044
0.410156
0.503243
0.414934
0.662
0.662
0.465111
0.482662
0.0541932
0.225139
0.662
0.153464
0.262684
0.137396
0.00891494
0.662
0.137368
0.212776
0.662
0.218497
0.292167
0.162144
0.184832
0.475914
0.662
0.662
0.206376
0.0746084
0.0556286
0.148265
0.261105
0.266258
0.662
0.541473
0.662
0.166393
0.0592614
0.263854
0.216523
0.187418
0.555253
0.18995
0.431284
0.662
0.321218
0.662
0.598121
0.000335744
0.0737303
0.303447
0.367464
0.243544
0.214581
0.55693
0.269866
0.662
0.662
0.219924
0.662
0.0677833
0.385951
0.662
0.24305
0.662
0.211554
0.200509
0.384179
0.392464
0.662
0.51214
0.208926
0.384429
0.426909
0.553274
0.662
0.387322
0.662
0.662
0.451965
0.662
0.662
0.299572
0.662
0.662
0.230639
0.116901
0.0721168
0.662
0.248296
0.662
0.662
0.662
0.617168
0.662
0.049159
0.239756
0.236925
0.622798
0.25791
0.088606
0.662
0.137272
0.0834275
0.2181
0.662
0.219283
0.662
0.496856
0.662
0.662
0.662
0.662
0.142874
0.662
0.45858
0.549043
0.0741334
0.335541
0.662
0.662
0.356961
0.0153174
0.48812
0.662
0.662
0.52271
0.391783
0.475952
0.194058
0.662
0.193181
0.333238
0.309129
0.31029
0.662
0.151433
0.0896364
0.222825
0.662
0.662
0.381729
0.430799
0.000961335
0.210145
0.0174064
0.662
0.119396
0.662
0.443501
0.662
0.662
0.662
0.662
0.291607
0.449461
0.233217
0.383551
0.662
0.662
0.160342
0.0327188
0.662
0.272364
0.662
0.410221
0.662
0.196913
0.662
0.662
0.418045
0.662
0.385461
0.127084
0.662
0.662
0.662
0.662
0.662
0.662
0.393459
0.662
0.662
0.662
0.662
0.454498
0.662
0.662
0.662
0.662
0.280453
0.662
0.423249
0.662
0.662
0.662
0.662
0.354857
0.322726
0.102806
0.274169
0.0925207
0.662
0.191375
0.370398
0.220962
0.662
0.215438
0.227772
0.532293
0.556178
0.446434
0.662
0.662
0.662
0.0901096
0.662
0.336997
0.288565
0.135962
0.559961
0.662
0.110974
0.662
0.662
0.447038
0.495515
0.662
0.662
0.662
0.2063
0.455259
0.662
0.142323
0.473206
0.662
0.502074
0.662
0.449105
0.4184
0.196905
0.662
0.472276
0.369142
0.662
0.44652
0.0508393
0.112449
0.662
0.662
0.662
0.344842
0.168528
0.662
0.154231
0.386661
0.182996
0.265868
0.662
0.662
0.152921
0.4604
0.193749
0.0747748
0.103034
0.0780566
0.419314
0.286001
0.604395
0.163452
0.110162
0.381791
0.662
0.662
0.0764089
0.383
0.205578
0.299364
0.662
0.0542137
0.316931
0.662
0.662
0.349855
0.2077
0.138163
0.501571
0.144836
0.662
0.162745
0.662
0.619418
0.163127
0.221561
0.0543897
