0.49868
0.411438
0.603478
0.662
0.208484
0.662
0.246606
0.662
0.0182946
0.141411
0.662
0.339738
0.605278
0.152155
0.176477
0.167951
0.0901399
0.206995
0.467631
0.273185
0.22154
0.347578
0.178062
0.373452
0.316795
0.197729
0.662
0.241071
0.662
0.662
0.125686
0.171701
0.662
0.662
0.226458
0.662
0.0269155
0.662
0.463429
0.662
0.0698147
0.0972987
0.597669
0.662
0.662
0.211026
0.273301
0.606982
0.56239
0.425791
0.662
0.237659
0.473591
0.199544
0.073559
0.662
0.662
0.30905
0.367294
0.397862
0.345927
0.436827
0.662
0.662
0.0816925
0.188062
0.105016
0.429582
0.0814868
0.662
0.21819
0.528867
0.662
0.529252
0.502316
0.31831
0.0252268
0.573721
0.123903
0.273511
0.402605
0.169831
0.554346
0.492963
0.662
0.662
0.429276
0.171355
0.662
0.662
0.234145
0.0765973
0.662
0.209612
0.552643
0.417277
0.0355996
0.320272
0.662
0.662
0.409302
0.36943
0.662
0.209184
0.0921612
0.379162
0.662
0.14568
0.662
0.253963
0.662
0.662
0.0598582
0.662
0.167882
0.42188
0.484742
0.662
0.662
0.504792
0.662
0.459739
0.361757
0.662
0.662
0.0375195
0.204971
0.662
0.07555
0.146711
0.219001
0.276713
0.662
0.493557
0.662
0.662
0.662
0.0398029
0.0878399
0.114877
0.187207
0.123464
0.495686
0.0118282
0.129781
0.503877
0.60548
0.223782
0.163346
0.662
0.607404
0.662
0.662
0.662
0.662
0.662
0.662
0.662
0.336242
0.130153
0.308041
0.552402
0.662
0.0956332
0.197481
0.00437642
0.662
0.662
0.662
0.126436
0.0550075
0.662
0.0205485
0.188858
0.581315
0.662
0.662
0.194689
0.662
0.591521
0.662
0.0653143
0.272405
0.372107
0.662
0.315799
0.662
0.662
0.662
0.171541
0.294117
0.522521
0.384
0.0572575
0.0577244
0.224459
0.468607
0.109685
0.656966
0.00428356
0.15829
0.0432676
0.00667666
0.226717
0.662
0.124802
0.308465
0.123986
0.0667118
0.249678
0.372726
0.662
0.403477
0.191313
0.662
0.662
0.662
0.633253
0.662
0.662
0.662
0.662
0.662
0.0209422
0.63339
0.195106
0.662
0.204512
0.459772
0.391952
0.408978
0.662
0.131872
0.199864
0.363203
0.12716
0.0877422
0.00340775
0.076585
0.662
0.662
0.662
0.211653
0.662
0.662
0.662
0.662
0.24106
0.662
0.662
0.0706101
0.222725
0.366404
0.0942385
0.662
0.17231
0.662
0.662
0.662
0.0753358
0.286601
0.0156303
0.328094
0.662
0.340298
0.482247
0.423081
0.662
0.454071
0.255909
0.0401205
0.313255
0.459154
0.0564971
0.529455
0.434507
0.662
0.662
0.662
0.20325
0.662
0.0423657
0.662
0.276048
0.158066
0.501466
0.0765824
0.662
0.430428
0.662
0.0322368
0.0408681
0.006411
0.456653
0.662
0.558327
0.662
0.460631
0.0923152
0.662
0.662
0.37242
0.197955
0.662
0.662
0.458016
0.229372
0.276014
0.0333048
0.0574972
0.662
0.590653
0.662
0.0398915
0.186916
0.168959
0.152452
0.241349
0.662
0.662
0.662
0.137917
0.662
0.509229
0.184
0.326168
0.226617
0.662
0.662
0.450552
0.246921
0.163681
0.662
0.632502
0.0443029
0.662
0.203464
0.38082
0.0450933
0.519631
0.19613
0.208355
0.190314
0.36089
0.052441
0.00416383
0.164818
0.662
0.0316918
0.662
0.662
0.261019
0.525754
0.104974
0.263249
0.436518
0.0241521
0.662
0.662
0.221174
0.201118
0.662
0.662
0.221369
0.495772
0.662
0.649465
0.352056
0.321514
0.662
0.467761
0.14657
0.662
0.197493
0.163601
0.204329
0.618205
0.662
0.465556
0.0112218
0.662
0.662
0.562131
0.638951
0.662
0.110228
0.487339
0.662
0.662
0.662
0.662
0.208984
0.662
0.285549
0.3026
0.293094
0.0882059
0.347484
0.022847
0.537524
0.395935
0.662
0.178018
0.662
0.662
0.662
0.0126602
0.217858
0.138691
0.662
0.211293
0.0309798
0.662
0.348868
0.662
0.0496094
0.662
0.273979
0.148967
0.336641
0.395949
0.409065
0.662
0.662
0.207068
0.40642
0.0190379
0.38647
0.662
0.662
0.662
0.662
0.662
0.662
0.118774
0.377174
0.0207727
0.490951
0.107098
0.160581
0.0988941
0.308514
0.662
0.662
0.268769
0.0991681
0.662
0.2398
0.0869456
0.662
0.226675
0.501961
0.420157
0.266584
0.188082
0.187393
0.0909195
0.662
0.0541248
0.554582
0.390337
0.5605
0.662
0.662
0.235137
0.662
0.662
0.250491
0.151808
0.662
0.526664
0.118561
0.305079
0.608447
0.169718
0.662
0.629455
0.662
0.662
0.00414928
0.662
0.116068
0.469598
0.0817763
0.235876
0.222145
0.107188
0.0390788
0.64976
0.662
0.502612
0.662
0.213294
0.134635
0.210922
0.124477
0.130847
0.154782
0.518853
0.662
0.0578993
0.156284
0.662
0.581004
0.0681819
0.176152
0.530753
0.652899
0.662
0.269602
0.662
0.339913
0.662
0.662
0.152741
0.457526
0.662
0.662
0.47863
0.662
0.662
0.661381
0.662
0.313308
0.475042
0.406896
0.225451
0.246485
0.662
0.515217
0.201761
0.483348
0.662
0.662
0.0735548
0.212666
0.581266
0.662
0.196503
0.198087
0.614866
0.0910725
0.662
0.662
0.662
0.348433
0.0490183
0.657478
0.662
0.662
0.104989
0.525505
0.349152
0.454941
0.593357
0.391279
0.378537
0.631481
0.662
0.302691
0.199162
0.662
0.00842663
0.269516
0.662
0.470215
0.373747
0.226231
0.662
0.289384
0.228254
0.662
0.662
0.662
0.662
0.662
0.462487
0.29912
0.259184
0.226022
0.221911
0.662
0.015119
0.401014
0.43014
0.508505
0.662
0.662
0.662
0.0402571
0.662
0.0178581
0.602719
0.662
0.143417
0.450203
0.662
0.662
0.662
0.229715
0.362896
0.216841
0.61308
0.311644
0.662
0.237431
0.29071
0.662
0.427997
0.662
0.587026
0.436949
0.337467
0.224086
0.662
0.180459
0.436831
0.368957
0.662
0.262596
0.662
0.662
0.662
0.662
0.374774
0.662
0.662
0.662
0.662
0.519749
0.662
0.662
0.0396264
0.662
0.00836169
0.165941
0.455707
0.080835
0.662
0.0908085
0.340825
0.662
0.662
0.476302
0.368551
0.662
0.662
0.303518
0.516588
0.121279
0.662
0.627376
0.156235
0.4105
0.381658
0.662
0.662
0.662
0.287384
0.662
0.662
0.662
0.662
0.305528
0.662
0.662
0.302995
0.274128
0.662
0.662
0.662
0.662
0.662
0.266992
0.662
0.2077
0.37199
0.51553
0.662
0.0524179
0.320209
0.203405
0.28498
0.662
0.192939
0.662
0.662
0.564398
0.662
0.662
0.383248
0.570253
0.474087
0.453219
0.423649
0.154384
0.470706
0.189483
0.611424
0.207532
0.0117691
0.662
0.330427
0.287549
0.558768
0.184675
0.200957
0.246486
0.662
0.62947
0.662
0.662
0.185239
0.662
0.451311
0.189988
0.0861748
0.662
0.662
0.662
0.490701
0.662
0.440419
0.327857
0.484602
0.662
0.662
0.406533
0.662
0.362245
0.662
0.662
0.662
0.421159
0.662
0.662
0.477803
0.661241
0.592436
