0.0800886
0.416643
0.662
0.456297
0.448319
0.115263
0.165157
0.662
0.412318
0.173248
0.394752
0.236974
0.63301
0.539094
0.662
0.662
0.0141751
0.662
0.662
0.662
0.382444
0.000450341
0.272687
0.31738
0.662
0.662
0.662
0.662
0.662
0.662
0.662
0.155157
0.249798
0.47099
0.327619
0.662
0.435422
0.662
0.145244
0.662
0.662
0.000537101
0.662
0.305414
0.662
0.159814
0.391024
0.662
0.234794
0.0459508
0.251069
0.140955
0.0931354
0.1725
0.150623
0.662
0.367192
0.662
0.662
0.274062
0.662
0.284804
0.462225
0.662
0.662
0.662
0.662
0.146271
0.236535
0.353462
0.202035
0.662
0.662
0.662
0.186156
0.210025
0.209754
0.29811
0.21437
0.504104
0.662
0.662
0.662
0.662
0.440757
0.188612
0.307647
0.015563
0.263644
0.472968
0.456509
0.224643
0.662
0.662
0.508277
0.219514
0.096291
0.662
0.599155
0.212389
0.662
0.662
0.279034
0.662
0.662
0.662
0.662
0.662
0.662
0.662
0.196323
0.0272489
0.662
0.101137
0.662
0.235771
0.662
0.113757
0.351426
0.662
0.662
0.662
0.0967949
0.23665
0.348666
0.308999
0.227259
0.339296
0.549533
0.180186
0.194914
0.662
0.325246
0.432107
0.662
0.662
0.342654
0.307011
0.662
0.662
0.662
0.253986
0.662
0.475486
0.267259
0.662
0.369039
0.662
0.280133
0.128969
0.141888
0.662
0.662
0.662
0.662
0.662
0.662
0.662
0.181034
0.316357
0.662
0.551455
0.278879
0.662
0.662
0.662
0.662
0.216353
0.0492104
0.662
0.094435
0.662
0.662
0.312201
0.662
0.662
0.662
0.330911
0.662
0.63662
0.231146
0.662
0.662
0.662
0.157499
0.662
0.349359
0.662
0.662
0.662
0.159044
0.662
0.662
0.169837
0.326558
0.505136
0.662
0.406109
0.662
0.662
0.662
0.662
0.167098
0.361744
0.132321
0.238472
0.662
0.662
0.507306
0.662
0.662
0.410786
0.143027
0.662
0.269737
0.662
0.662
0.248341
0.584371
0.0884575
0.477605
0.662
0.32853
0.250882
0.662
0.662
0.287148
0.444941
0.117456
0.662
0.283261
0.662
0.327714
0.662
0.636581
0.662
0.662
0.228632
0.662
0.447333
0.662
0.662
0.083639
0.197886
0.226731
0.662
0.0536717
0.662
0.662
0.410412
0.302959
0.479659
0.102046
0.316689
0.248674
0.662
0.662
0.662
0.277444
0.526356
0.10332
0.384094
0.206332
0.662
0.162428
0.502566
0.272898
0.341172
0.321089
0.0869247
0.125467
0.341971
0.369323
0.662
0.662
0.662
0.234973
0.465824
0.662
0.662
0.662
0.662
0.662
0.19424
0.0731485
0.410974
0.420824
0.137211
0.159201
0.219481
0.464455
0.141127
0.662
0.307748
0.662
0.430185
0.189209
0.129743
0.662
0.176388
0.143632
0.110987
0.662
0.174163
0.662
0.662
0.662
0.662
0.189483
0.390548
0.419052
0.206824
0.079889
0.662
0.00826799
0.662
0.322662
0.414871
0.247179
0.236899
0.286411
0.054003
0.662
0.179756
0.662
0.662
0.186007
0.0644023
0.456937
0.341644
0.466727
0.139757
0.342757
0.662
0.662
0.662
0.122727
0.662
0.1846
0.310631
0.412889
0.112362
0.662
0.145356
0.295338
0.494574
0.113793
0.0652871
0.662
0.662
0.662
0.370265
0.662
0.662
0.147257
0.505242
0.46303
0.466297
0.324516
0.479105
0.662
0.16373
0.330801
0.208857
0.662
0.347414
0.662
0.413301
0.662
0.261953
0.662
0.662
0.0905771
0.662
0.0313152
0.662
0.421284
0.221937
0.368126
0.104483
0.662
0.342916
0.662
0.0114986
0.233278
0.38085
0.425644
0.214696
0.194397
0.465741
0.662
0.0680531
0.476566
0.662
0.178908
0.662
0.662
0.285171
0.662
0.470175
0.304062
0.00588361
0.662
0.464715
0.514578
0.28848
0.116882
0.379103
0.628561
0.279722
0.662
0.324252
0.662
0.662
0.662
0.046126
0.393046
0.442317
0.315964
0.0116097
0.549489
0.662
0.291415
0.662
0.29659
0.662
0.235208
0.266972
0.662
0.444293
0.498738
0.662
0.332151
0.0547394
0.662
0.662
0.142375
0.442103
0.188551
0.662
0.149383
0.662
0.590807
0.521303
0.662
0.662
0.378329
0.662
0.458562
0.135525
0.607103
0.266936
0.169804
0.225634
0.313178
0.320883
0.662
0.272279
0.449222
0.228181
0.238019
0.662
0.662
0.231245
0.313289
0.331755
0.237366
0.428848
0.662
0.166329
0.662
0.235317
0.558617
0.590831
0.204296
0.662
0.662
0.286734
0.662
0.662
0.413135
0.621184
0.662
0.324026
0.337868
0.0919385
0.574751
0.146118
0.197742
0.662
0.662
0.662
0.429704
0.662
0.473247
0.484945
0.492117
0.523595
0.662
0.662
0.392849
0.662
0.662
0.662
0.662
0.218233
0.662
0.206456
0.186109
0.662
0.662
0.0656713
0.662
0.662
0.231203
0.662
0.557118
0.425258
0.662
0.459267
0.662
0.0412361
0.0173088
0.148604
0.662
0.662
0.662
0.1231
0.662
0.0722875
0.432078
0.0939215
0.411712
0.662
0.662
0.48615
0.607259
0.662
0.662
0.0390919
0.192009
0.159556
0.0620853
0.311573
0.662
0.662
0.662
0.460613
0.246566
0.643813
0.219533
0.160225
0.662
0.0266046
0.662
0.424699
0.528086
0.389963
0.662
0.662
0.273031
0.292269
0.662
0.662
0.662
0.391818
0.662
0.367439
0.123656
0.14689
0.0956685
0.171416
0.208976
0.0855466
0.262069
0.228645
0.156281
0.598766
0.662
0.662
0.0893968
0.101006
0.623477
0.662
0.662
0.662
0.138391
0.0970154
0.254811
0.154255
0.225601
0.00408376
0.149399
0.448136
0.204612
0.662
0.662
0.337934
0.0112451
0.662
0.216598
0.445692
0.207984
0.236558
0.662
0.148023
0.394412
0.662
0.662
0.160192
0.662
0.662
0.221401
0.662
0.662
0.642202
0.662
0.46861
0.221564
0.0624494
0.153518
0.63101
0.623893
0.329274
0.662
0.0693465
0.312021
0.343901
0.662
0.142386
0.0698538
0.662
0.662
0.368795
0.118289
0.662
0.662
0.662
0.444102
0.193053
0.327154
0.469852
0.662
0.662
0.472169
0.169473
0.131622
0.439979
0.662
0.662
0.246926
0.6049
0.0952374
0.539389
0.132374
0.662
0.662
0.662
0.541481
0.605898
0.614757
0.154666
0.420998
0.0764621
0.662
0.120423
0.360351
0.662
0.662
0.662
0.26968
0.575189
0.662
0.662
0.441317
0.662
0.198853
0.190469
0.168573
0.662
0.0310491
0.210292
0.204846
0.329086
0.662
0.193121
0.291026
0.0602316
0.662
0.4501
0.1907
0.662
0.225004
0.662
0.26899
0.662
0.190103
0.144805
0.589665
0.662
0.662
0.40018
0.314343
0.150616
0.662
0.662
0.109773
0.242811
0.662
0.662
0.217589
0.470924
0.578907
0.662
0.662
0.311793
0.662
0.190572
0.240704
0.662
0.662
0.662
0.115864
0.605393
0.216419
0.0283125
0.662
0.662
0.146311
0.497509
0.177392
0.402942
0.662
0.334268
0.177836
0.335466
0.184624
0.32776
0.408759
0.1461
0.662
0.242997
0.662
0.283152
0.521878
0.662
0.0461005
0.289376
0.662
0.3259
0.662
0.662
0.219066
0.192955
0.662
0.593544
0.362547
0.196542
0.448873
0.662
0.662
0.276399
0.589813
0.662
0.662
0.158704
0.538159
0.251714
0.171565
0.662
0.662
0.165285
0.156815
0.103846
0.221413
0.33505
0.386358
0.360033
0.660296
0.252895
0.662
0.662
0.662
0.0612989
0.156867
0.662
0.1654
0.105715
0.662
0.0433299
0.205146
0.565783
0.0459177
0.0373625
0.662
0.662
0.662
0.159521
0.662
0.662
0.662
0.394973
0.662
0.662
0.662
0.662
0.100407
0.149136
0.305703
0.362317
0.214701
0.662
0.464411
0.662
0.166439
0.180333
0.662
0.293075
0.662
0.662
0.662
0.662
0.243483
0.357883
0.662
0.542061
0.445554
0.662
0.132201
0.138518
0.27669
0.662
0.662
0.662
0.257248
0.377227
0.662
0.662
0.0573088
0.518722
0.662
0.00815788
0.662
0.662
0.662
0.105724
0.459174
0.662
0.440906
0.419418
0.662
0.662
0.15972
0.615336
0.307137
0.157874
0.662
0.112435
0.294552
0.22287
0.466414
0.662
0.239631
0.0948568
0.211792
0.662
0.259008
0.662
0.662
0.447147
0.45837
0.662
0.662
0.112866
0.221967
0.662
0.235021
0.662
0.131416
0.0810561
0.662
0.662
0.662
0.662
0.025294
0.318439
0.58078
0.662
0.274449
0.297471
0.0785209
0.200411
0.662
0.215961
0.633694
0.662
0.662
0.662
0.160937
0.662
0.662
0.662
0.662
0.446236
0.662
0.662
0.468602
0.662
0.381727
0.391402
0.662
0.292447
0.662
0.415464
0.280772
0.0589321
0.662
0.471819
0.325422
0.662
0.398732
0.662
0.244374
0.583328
0.662
0.325621
0.17329
0.303306
0.139879
0.662
0.0948976
0.42132
0.662
0.288515
0.202163
0.662
0.383615
0.177522
0.384614
0.662
0.0760519
0.662
0.662
0.344655
0.241549
0.395814
0.44871
0.615015
0.662
0.455067
0.29351
0.662
0.316535
0.308479
0.662
0.662
0.411492
0.439352
0.662
0.374677
0.662
0.448621
0.333607
0.405801
0.398119
0.457372
0.662
0.662
0.0992407
0.439403
0.662
0.28384
0.508125
0.662
0.289455
0.662
0.662
0.662
0.662
0.662
0.662
0.371199
0.252775
0.0611032
0.662
0.100162
0.662
0.662
0.457399
0.662
0.295076
0.282152
0.484237
0.294368
0.0839134
0.662
0.662
0.264212
0.662
0.388863
0.289039
0.662
0.267784
0.393041
0.249029
0.662
0.662
0.379937
0.198108
0.662
0.124418
0.662
0.662
0.165386
0.662
0.662
0.0172718
0.435544
0.662
0.662
0.662
0.662
0.662
0.307353
0.337258
0.348499
0.562142
0.17362
0.190703
0.309034
0.0230469
0.662
0.000253717
0.62886
0.416343
0.343965
0.42267
0.00596469
0.168773
0.445732
0.147947
0.126083
0.00684614
0.339669
0.241714
0.662
0.662
0.24496
0.00817705
0.375736
0.41143
0.38588
0.249979
0.00843646
0.136652
0.371864
0.662
0.662
0.293901
0.662
0.00813588
0.662
0.662
0.662
0.662
0.662
0.662
0.662
0.140244
0.20868
0.300333
0.20538
0.0644932
0.646218
0.357531
0.662
0.662
0.385095
0.272449
0.471496
0.662
0.26758
0.662
0.62326
0.662
0.24577
0.432084
0.662
0.201527
0.662
0.662
0.662
0.608157
0.662
0.396019
0.220636
0.662
0.470064
0.279282
0.12932
0.662
0.662
0.112818
0.49472
0.662
0.345008
0.0331505
0.124029
0.219097
0.109697
0.662
0.202564
0.662
0.662
0.662
0.662
0.662
0.0212129
0.430004
0.662
0.104841
0.662
0.207551
0.662
0.226466
0.662
0.662
0.662
0.0459595
0.164533
0.137543
0.0471693
0.0264782
0.662
0.651069
0.318047
0.130082
0.184399
0.0334462
0.662
0.332279
0.104065
0.344092
0.662
0.285862
0.662
0.662
0.279502
0.662
0.662
0.020438
0.200134
0.215664
0.641346
0.341003
0.42613
0.410949
0.662
0.202963
0.357972
0.0128169
0.662
0.168158
0.662
0.415262
0.477124
0.200561
0.662
0.662
0.662
0.409772
0.0473081
0.498453
0.253728
0.019575
0.378655
0.662
0.222633
0.662
0.662
0.439738
0.662
0.189109
0.662
0.122825
0.662
0.297973
0.662
0.0277778
0.464901
0.204156
0.320235
0.27563
0.0229808
0.662
0.662
0.662
0.134502
0.662
0.242115
0.662
0.202373
0.662
0.662
0.662
0.569844
0.00894231
0.530521
0.662
0.159099
0.460276
0.269163
0.341319
0.662
0.161467
0.242477
0.662
0.662
0.662
0.322827
0.183974
0.662
0.662
0.227903
0.662
0.174819
0.662
0.662
0.662
0.662
0.662
0.662
0.662
0.662
0.431617
0.662
0.425779
0.662
0.662
0.0994473
0.662
0.662
0.088265
0.26954
0.541418
0.662
0.24377
0.172046
0.349812
0.194341
0.662
0.662
0.6103
0.662
0.662
0.37824
0.398858
0.147067
0.662
0.350797
0.662
0.662
0.662
0.318923
0.13271
0.203416
0.339384
0.191525
0.224304
0.662
0.662
0.662
0.219052
0.420052
0.399577
0.662
0.411741
0.468764
0.323457
0.439281
0.662
0.089912
0.275089
0.662
0.174414
0.433489
0.662
0.263093
0.236283
0.099852
0.662
0.219477
0.046963
0.662
0.275086
0.0174262
0.228136
0.58099
0.364094
0.662
0.662
0.0276408
0.474001
0.269174
0.662
0.662
0.435888
0.662
0.312154
0.662
0.234411
0.204735
0.633978
0.662
0.662
0.402043
0.662
0.0295583
0.141033
0.272931
0.393733
0.0135837
0.217568
0.438149
0.662
0.153791
0.192046
0.662
0.204802
0.662
0.382238
0.300049
0.214515
0.440276
0.662
0.0490631
0.662
0.662
0.318767
0.417156
0.108454
0.662
0.662
0.291162
0.662
0.147419
0.58826
0.38401
0.0197624
0.662
0.662
0.339643
0.662
0.0948995
0.236362
0.662
0.662
0.283871
0.0413167
0.662
0.662
0.261187
0.662
0.147433
0.662
0.160078
0.662
0.662
0.527215
0.23916
0.077154
0.232802
0.454716
0.188494
0.259264
0.351957
0.128365
0.431319
0.0570317
0.662
0.662
0.662
0.306772
0.0591494
0.662
0.157672
0.143998
0.471029
0.187323
0.423383
0.662
0.36162
0.662
0.662
0.662
0.662
0.476495
0.662
0.662
0.662
0.2547
0.662
0.298984
0.662
0.275567
0.351243
0.662
0.662
0.0420175
0.662
0.662
0.0306346
0.294246
0.662
0.334134
0.662
0.662
0.358234
0.264951
0.403271
0.356099
0.662
0.662
0.429681
0.0587263
0.662
0.662
0.344703
0.0217143
0.114608
0.257189
0.373673
0.662
0.401588
0.12047
0.662
0.311139
0.226777
0.0598009
0.662
0.662
0.225658
0.662
0.115322
0.146248
0.226996
0.662
0.662
0.662
0.143399
0.662
0.662
0.662
0.386023
0.5338
0.135616
0.662
0.662
0.47181
0.377848
0.662
0.163281
0.35113
0.403647
0.159679
0.119841
0.662
0.209874
0.662
0.456607
0.662
0.0340845
0.662
0.607823
0.15175
0.662
0.191074
0.662
0.662
0.662
0.391951
0.178828
0.223596
0.0357277
0.0690957
0.309733
0.0487772
0.536716
0.662
0.662
0.662
0.214434
0.227138
0.662
0.662
0.662
0.662
0.0323892
0.373989
0.662
0.319195
0.0920948
0.662
0.608305
0.224294
0.290952
0.0790854
0.662
0.217384
0.100128
0.224061
0.662
0.366522
0.662
0.0110282
0.662
0.355028
0.352194
0.0305244
0.0117876
0.662
0.63339
0.531994
0.0969926
0.662
0.155027
0.662
0.662
0.619179
0.662
0.148586
0.662
0.107353
0.264333
0.106524
0.312813
0.0789543
0.662
0.382614
0.467436
0.662
0.303423
0.662
0.395351
0.0664386
0.124052
0.443427
0.228548
0.662
0.0325529
0.662
0.265261
0.541905
0.662
0.662
0.304587
0.336672
0.335092
0.250561
0.228205
0.117617
0.662
0.167343
0.662
0.662
0.662
0.269815
0.179345
0.662
0.662
0.403763
0.662
0.128063
0.662
0.662
0.0440693
0.662
0.662
0.310704
0.0397368
0.662
0.128385
0.662
0.338052
0.662
0.662
0.662
0.659734
0.662
0.662
0.527938
0.662
0.662
0.662
0.260856
0.662
0.021627
0.18965
0.662
0.293384
0.662
0.662
0.348123
0.662
0.206936
0.53957
0.258872
0.662
0.662
0.0553917
0.662
0.195947
0.0586523
0.429601
0.662
0.549904
0.662
0.245792
0.326478
0.179278
0.180234
0.182102
0.662
0.662
0.662
0.63339
0.662
0.662
0.662
0.6184
0.0354863
0.135609
0.272622
0.258565
0.662
0.180432
0.147978
0.459835
0.534488
0.662
0.662
0.213591
0.360888
0.662
0.37351
0.662
0.166745
0.245602
0.429497
0.563229
0.0722155
0.662
0.187794
0.465256
0.41612
0.380565
0.122329
0.0166534
0.184304
0.662
0.213277
0.662
0.662
0.195868
0.514154
0.156265
0.662
0.578429
0.236132
0.662
0.662
0.662
0.662
0.662
0.379911
0.479613
0.505589
0.287227
0.662
0.662
0.228433
0.350383
0.662
0.662
0.478648
0.662
0.492017
0.213209
0.662
0.0906409
0.25664
0.662
0.0918415
0.200813
0.131704
0.204787
0.662
0.587256
0.662
0.662
0.328303
0.662
0.371799
0.662
0.114543
0.40747
0.38281
0.269409
0.662
0.204492
0.662
0.396549
0.662
0.662
0.662
0.662
0.293498
0.25503
0.282977
0.194661
0.185978
0.428704
0.467847
0.662
0.268535
0.662
0.662
0.662
0.662
0.662
0.424957
0.172741
0.216352
0.662
0.662
0.662
0.450711
0.147232
0.662
0.662
0.662
0.116941
0.42051
0.385079
0.662
0.662
0.534616
0.127191
0.662
0.662
0.662
0.270901
0.170926
0.662
0.662
0.237346
0.662
0.662
0.662
0.662
0.662
0.384654
0.662
0.406025
0.662
0.474921
0.662
0.520643
0.0287571
0.295368
0.662
0.662
0.165542
0.662
0.662
0.605087
0.281238
0.19547
0.257005
0.335534
0.662
0.662
0.662
0.662
0.662
0.662
0.662
0.662
0.662
0.227207
0.662
0.40182
0.662
0.662
0.34629
0.662
0.662
0.171874
0.386613
0.324608
0.252109
0.662
0.585096
0.432693
0.575284
0.435276
0.416136
0.662
0.422263
0.662
0.662
0.662
0.59596
0.662
0.350867
0.30779
0.205631
0.662
0.00745813
0.662
0.0664291
0.519899
0.452791
0.662
0.119561
0.183151
0.662
0.34396
0.196714
0.662
0.215788
0.564045
0.232278
0.662
0.662
0.662
0.662
0.662
0.188986
0.348797
0.662
0.176676
0.224707
0.662
0.662
0.662
0.662
0.662
0.651336
0.662
0.662
0.229001
0.495778
0.354116
0.346052
0.662
0.662
0.100982
0.0350729
0.633694
0.0360693
0.662
0.155405
0.253132
0.662
0.0100132
0.147024
0.113112
0.662
0.518103
0.662
0.241518
0.405248
0.0295295
0.271333
0.632097
0.325758
0.662
0.211662
0.139366
0.662
0.473395
0.203228
0.256924
0.662
0.662
0.662
0.662
0.118292
0.223792
0.235238
0.662
0.194211
0.464223
0.662
0.662
0.604183
0.250536
0.313142
0.0750683
0.662
0.214506
0.151907
0.662
0.662
0.198888
0.662
0.662
0.662
0.264892
0.0306629
0.416264
0.662
0.662
0.662
0.662
0.579028
0.00828734
0.662
0.247031
0.197184
0.662
0.372737
0.662
0.662
0.662
0.662
0.154991
0.148302
0.129107
0.662
0.180826
0.662
0.0660357
0.0575631
0.541023
0.662
0.662
0.426012
0.308213
0.217066
0.662
0.662
0.062754
0.662
0.662
0.122854
0.143929
0.662
0.662
0.662
0.456609
0.27599
0.272166
0.192961
0.272804
0.662
0.662
0.30058
0.0618434
0.312366
0.662
0.662
0.00350624
0.242384
0.183739
0.662
0.103894
0.258847
0.662
0.41852
0.123468
0.154777
0.204993
0.416366
0.326661
0.441123
0.227409
0.29043
0.310481
0.0284867
0.662
0.662
0.662
0.662
0.575342
0.222829
0.398205
0.102565
0.24438
0.662
0.662
0.124664
0.580888
0.188967
0.244149
0.662
0.0889064
0.278372
0.0921896
0.662
0.662
0.662
0.662
0.0484763
0.268598
0.240224
0.129517
0.301335
0.662
0.119109
0.662
0.263988
0.662
0.039388
0.662
0.662
0.107584
0.195802
0.662
0.34789
0.243599
0.157245
0.629706
0.662
0.662
0.261473
0.662
0.241087
0.662
0.407947
0.662
0.134087
0.626367
0.372445
0.129836
0.0588529
0.45067
0.0214975
0.662
0.32962
0.662
0.339745
0.304422
0.176914
0.0930028
0.364982
0.348972
0.662
0.00668937
0.0839383
0.215074
0.232667
0.368081
0.171192
0.662
0.472062
0.662
0.662
0.353545
0.164673
0.662
0.662
0.528096
0.662
0.662
0.562759
0.580215
0.662
0.323304
0.268954
0.662
0.662
0.662
0.662
0.662
0.662
0.662
0.662
0.240807
0.204136
0.0303484
0.662
0.662
0.662
0.263528
0.662
0.662
0.662
0.254829
0.536961
0.169312
0.0175574
0.662
0.152246
0.417251
0.662
0.662
0.0455985
0.249591
0.662
0.518375
0.132064
0.662
0.662
0.662
0.662
0.662
0.11986
0.662
0.662
0.191012
0.305907
0.268491
0.259999
0.662
0.662
0.662
0.585072
0.187093
0.662
0.117481
0.662
0.662
0.126969
0.141566
0.429224
0.0259017
0.314219
0.120789
0.662
0.629706
0.450331
0.148266
0.0599655
0.355296
0.662
0.662
0.662
0.21686
0.535447
0.475629
0.341192
0.63942
0.242378
0.131095
0.662
0.662
0.662
0.456766
0.297966
0.662
0.662
0.147536
0.304432
0.384401
0.662
0.2733
0.220164
0.662
0.662
0.638457
0.460101
0.662
0.188535
0.632027
0.189185
0.378087
0.300502
0.292615
0.0242964
0.662
0.103013
0.34359
0.240282
0.457714
0.101066
0.302838
0.272453
0.266356
0.662
0.0316851
0.342764
0.0283901
0.662
0.373022
0.20147
0.0758955
0.0975254
0.149678
0.44856
0.551998
0.662
0.662
0.662
0.00363548
0.244424
0.662
0.662
0.213572
0.662
0.122218
0.662
0.662
0.662
0.483191
0.257504
0.662
0.0495841
0.114273
0.378139
0.662
0.481313
0.385268
0.662
0.662
0.31797
0.343191
0.276614
0.662
0.662
0.379348
0.336057
0.662
0.250466
0.210203
0.662
0.662
0.148826
0.0937929
0.662
0.485726
0.299885
0.662
0.159272
0.42835
0.0105863
0.394305
0.00930059
0.238853
0.662
0.0715784
0.662
0.316122
0.189056
0.662
0.222278
0.274072
0.662
0.117568
0.662
0.204154
0.662
0.467728
0.103237
0.30219
0.154008
0.247051
0.662
0.662
0.662
0.376157
0.122922
0.662
0.662
0.662
0.662
0.4086
0.464949
0.0602523
0.224091
0.662
0.662
0.662
0.45642
0.578838
0.662
0.306416
0.662
0.295387
0.662
0.420614
0.484722
0.567526
0.662
0.662
0.586015
0.662
0.662
0.662
0.221905
0.662
0.123256
0.662
0.662
0.662
0.104148
0.217754
0.662
0.662
0.0102386
0.662
0.662
0.429692
0.662
0.418183
0.0543958
0.662
0.335695
0.18512
0.662
0.662
0.662
0.662
0.662
0.265875
0.662
0.662
0.239366
0.290631
0.662
0.662
0.20545
0.129597
0.392739
0.662
0.382398
0.392512
0.662
0.175027
0.662
0.492631
0.183051
0.662
0.193324
0.662
0.662
0.340264
0.662
0.155105
0.461491
0.0443655
0.662
0.662
0.662
0.467482
0.444099
0.662
0.450079
0.430232
0.476664
0.662
0.490302
0.508138
0.662
0.392095
0.277105
0.273751
0.662
0.376039
0.662
0.225636
0.662
0.662
0.193483
0.348425
0.422794
0.250821
0.308256
0.136332
0.373878
0.469448
0.364191
0.662
0.464099
0.662
0.662
0.662
0.662
0.662
0.662
0.335825
0.178963
0.662
0.223603
0.421008
0.304952
0.33934
0.315298
0.662
0.121237
0.112517
0.249933
0.288454
0.662
0.245828
0.314201
0.216395
0.662
0.00117709
0.662
0.467604
0.556674
0.662
0.367912
0.11447
0.123717
0.229015
0.0593917
0.662
0.3382
0.233179
0.487105
0.0164708
0.662
0.303494
0.0552593
0.211401
0.347417
0.0577104
0.233511
0.171413
0.662
0.662
0.662
0.662
0.662
0.18634
0.363198
0.662
0.00750316
0.662
0.654688
0.615406
0.15743
0.662
0.662
0.493879
0.30095
0.439979
0.607447
0.662
0.662
0.662
0.409342
0.662
0.662
0.662
0.662
0.139445
0.359248
0.282961
0.662
0.662
0.440301
0.0165616
0.47011
0.662
0.662
0.588933
0.662
0.204393
0.629706
0.537621
0.0828309
0.257631
0.662
0.0891847
0.662
0.278343
0.544822
0.452446
0.662
0.662
0.211376
0.0636269
0.321488
0.434786
0.662
0.251083
0.662
0.301821
0.23046
0.073671
0.000749981
0.662
0.186898
0.121277
0.352964
0.662
0.0476846
0.662
0.114906
0.662
0.19662
0.662
0.19888
0.0925099
0.369068
0.662
0.583694
0.145204
0.117456
0.267057
0.243654
0.234073
0.662
0.662
0.482379
0.662
0.662
0.662
0.366168
0.280764
0.662
0.662
0.662
0.0563617
0.662
0.41344
0.662
0.0163179
0.220626
0.186026
0.0395383
0.0422393
0.662
0.028174
0.637524
0.662
0.507625
0.240969
0.236506
0.0997938
0.0545611
0.662
0.237128
0.662
0.00976242
0.215464
0.513177
0.00507693
0.275643
0.662
0.662
0.150754
0.662
0.405981
0.306728
0.662
0.472266
0.479212
0.662
0.518934
0.00599136
0.304464
0.137521
0.449744
0.375019
0.662
0.349711
0.153285
0.530553
0.662
0.662
0.662
0.45759
0.240891
0.662
0.20759
0.138248
0.662
0.15429
0.662
0.383901
0.662
0.662
0.149287
0.0232574
0.248338
0.455621
0.278212
0.23375
0.104239
0.52155
0.343079
0.662
0.662
0.18541
0.203649
0.662
0.35026
0.276385
0.662
0.345826
0.319021
0.662
0.256797
0.269115
0.598122
0.612202
0.530369
0.662
0.645736
0.662
0.662
0.28073
0.662
0.335211
0.662
0.104175
0.662
0.263982
0.160403
0.0543603
0.662
0.173072
0.244199
0.479412
0.662
0.2908
0.493046
0.359327
0.166497
0.250356
0.599908
0.302012
0.421062
0.439182
0.213964
0.662
0.284693
0.288596
0.157765
0.662
0.19899
0.130924
0.662
0.662
0.276205
0.662
0.186016
0.662
0.219695
0.662
0.662
0.480929
0.519933
0.0680046
0.0802334
0.662
0.662
0.282467
0.662
0.226752
0.662
0.662
0.662
0.435045
0.120762
0.662
0.662
0.218011
0.26106
0.662
0.662
0.449843
0.172597
0.428525
0.390908
0.325478
0.662
0.662
0.207089
0.318414
0.237564
0.662
0.467256
0.237605
0.552586
0.662
0.662
0.140738
0.245205
0.0369996
0.662
0.0405475
0.122247
0.662
0.662
0.662
0.627
0.148506
0.233995
0.662
0.386678
0.662
0.662
0.473605
0.385025
0.662
0.662
0.662
0.662
0.584283
0.535871
0.372499
0.383558
0.183933
0.662
0.0988111
0.410575
0.159229
0.21415
0.573162
0.19661
0.63339
0.235099
0.662
0.18821
0.662
0.41506
0.662
0.541079
0.662
0.662
0.662
0.465534
0.662
0.662
0.367346
0.376093
0.322124
0.321561
0.545306
0.662
0.318213
0.662
0.662
0.30948
0.393939
0.304924
0.662
0.662
0.47118
0.215399
0.209385
0.662
0.0531606
0.662
0.662
0.662
0.473402
0.0230756
0.662
0.662
0.662
0.49373
0.662
0.662
0.662
0.662
0.192847
0.662
0.0252648
0.662
0.662
0.662
0.662
0.28143
0.32138
0.662
0.0203501
0.48699
0.142969
0.662
0.356822
0.65936
0.236756
0.0423695
0.264795
0.297253
0.662
0.662
0.414232
0.424215
0.222782
0.352301
0.262277
0.268617
0.355926
0.662
0.113732
0.20283
0.495289
0.514252
0.468819
0.457623
0.45556
0.662
0.662
0.349317
0.203717
0.662
0.394063
0.230991
0.0507045
0.662
0.662
0.276832
0.662
0.662
0.458179
0.447112
0.113203
0.134274
0.662
0.0288965
0.0696677
0.239144
0.662
0.662
0.112329
0.0653785
0.096008
0.152326
0.301465
0.199834
0.662
0.14645
0.0289801
0.662
0.397547
0.662
0.662
0.662
0.23958
0.33216
0.183427
0.203344
0.214047
0.431636
0.662
0.342943
0.411807
0.429844
0.288138
0.662
0.248674
0.555786
0.662
0.193545
0.361774
0.662
0.326149
0.473214
0.305772
0.662
0.662
0.292283
0.234157
0.57748
0.402904
0.098388
0.662
0.402854
0.505252
0.662
0.523363
0.0774303
0.207941
0.290793
0.00397748
0.409984
0.662
0.137788
0.181766
0.662
0.662
0.454767
0.238101
0.662
0.11368
0.197485
0.275817
0.614574
0.454677
0.00434202
0.15538
0.662
0.0911054
0.662
0.429138
0.43418
0.404386
0.662
0.441467
0.160553
0.647277
0.289898
0.529468
0.483616
0.320153
0.391279
0.662
0.662
0.363377
0.150309
0.426743
0.473306
0.514309
0.662
0.662
0.26092
0.662
0.662
0.220304
0.278926
0.662
0.662
0.388293
0.662
0.431086
0.662
0.662
0.187497
0.334356
0.371639
0.0632201
0.662
0.382806
0.662
0.662
0.662
0.259866
0.662
0.662
0.310852
0.353998
0.154716
0.302057
0.130008
0.311133
0.662
0.04608
0.12284
0.0630449
0.276934
0.662
0.186156
0.0932315
0.314536
0.662
0.662
0.662
0.0974539
0.25854
0.298656
0.662
0.0399336
0.198777
0.662
0.395897
0.56378
0.316961
0.310696
0.662
0.128444
0.256753
0.215957
0.662
0.662
0.145324
0.061861
0.662
0.662
0.170794
0.662
0.662
0.63339
0.367167
0.662
0.662
0.105749
0.662
0.662
0.0396848
0.368804
0.396147
0.662
0.403983
0.268409
0.662
0.429776
0.662
0.189266
0.0583469
0.23235
0.662
0.662
0.662
0.662
0.662
0.662
0.364778
0.662
0.487949
0.662
0.21299
0.662
0.588237
0.265424
0.662
0.113743
0.662
0.538621
0.662
0.662
0.662
0.662
0.198193
0.662
0.662
0.0391567
0.338839
0.662
0.43814
0.153356
0.222332
0.478838
0.662
0.662
0.610102
0.111153
0.662
0.0726885
0.662
0.662
0.0277675
0.662
0.0385291
0.235161
0.460266
0.662
0.415896
0.276935
0.509032
0.0572578
0.00295426
0.632848
0.519576
0.662
0.662
0.662
0.662
0.662
0.662
0.63006
0.662
0.495148
0.143818
0.0764017
0.662
0.210932
0.662
0.215893
0.662
0.265071
0.160635
0.222697
0.662
0.223884
0.662
0.662
0.183884
0.662
0.093833
0.262844
0.421847
0.138408
0.0156458
0.39922
0.662
0.00433866
0.42786
0.662
0.662
0.265956
0.246455
0.662
0.190369
0.662
0.662
0.453304
0.275063
0.467637
0.392442
0.662
0.662
0.662
0.662
0.196609
0.150596
0.662
0.241914
0.168438
0.662
0.662
0.662
0.337808
0.150619
0.662
0.662
0.442467
0.15303
0.478673
0.662
0.322687
0.210204
0.662
0.662
0.662
0.498307
0.526932
0.0639896
0.561674
0.662
0.662
0.662
0.662
0.241414
0.498047
0.377345
0.662
0.662
0.317726
0.662
0.461012
0.594692
0.467534
0.130637
0.662
0.169615
0.0495037
0.411361
0.118378
0.232694
0.662
0.662
0.662
0.11386
0.300291
0.662
0.0606891
0.662
0.146118
0.662
0.312625
0.662
0.662
0.662
0.162914
0.662
0.403038
0.0969246
0.149398
0.662
0.429954
0.662
0.191525
0.221056
0.662
0.662
0.662
0.399301
0.17797
0.662
0.662
0.485187
0.662
0.662
0.662
0.163754
0.662
0.181384
0.662
0.662
0.293851
0.662
0.345086
0.662
0.133434
0.0267312
0.341635
0.45258
0.662
0.662
0.367813
0.662
0.662
0.395532
0.263353
0.26421
0.662
0.662
0.157449
0.21328
0.662
0.00452146
0.662
0.338256
0.501912
0.0856741
0.662
0.662
0.662
0.662
0.589014
0.258007
0.393569
0.194389
0.662
0.662
0.626484
0.544041
0.391317
0.662
0.662
0.39926
0.166309
0.662
0.607901
0.330469
0.662
0.477038
0.199615
0.377912
0.662
0.0661798
0.662
0.662
0.662
0.127212
0.247048
0.604797
0.536746
0.662
0.662
0.662
0.305307
0.449786
0.662
0.322
0.240659
0.202854
0.662
0.0612968
0.364331
0.662
0.347068
0.275177
0.37356
0.662
0.0312326
0.662
0.446935
0.17629
0.662
0.662
0.308682
0.162911
0.394048
0.662
0.662
0.225253
0.392293
0.662
0.490771
0.662
0.471824
0.50141
0.238862
0.662
0.662
0.189323
0.172685
0.204848
0.460009
0.137806
0.167518
0.662
0.351852
0.603102
0.352643
0.648424
0.311209
0.662
0.662
0.418034
0.662
0.246369
0.662
0.662
0.662
0.662
0.612393
0.214543
0.526248
0.302707
0.451545
0.436223
0.246063
0.662
0.534666
0.662
0.45232
0.391388
0.662
0.21275
0.605322
0.0468855
0.662
0.662
0.662
0.0107871
0.100769
0.436999
0.136686
0.296989
0.292841
0.0383119
0.662
0.296369
0.0412625
0.117621
0.311352
0.489518
0.662
0.189832
0.526687
0.102457
0.205425
0.527871
0.662
0.229597
0.662
0.662
0.395803
0.384472
0.225049
0.175218
0.314852
0.36749
0.327895
0.662
0.662
0.662
0.662
0.467098
0.474558
0.154281
0.434001
0.00119208
0.315047
0.662
0.662
0.451821
0.371305
0.662
0.662
0.294835
0.662
0.0197995
0.347919
0.662
0.21376
0.19562
0.0149268
0.111383
0.207878
0.662
0.233684
0.22003
0.397864
0.662
0.662
0.463398
0.662
0.662
0.0452306
0.662
0.390628
0.662
0.261114
0.349794
0.139461
0.125379
0.11859
0.241381
0.662
0.662
0.220312
0.229609
0.662
0.299476
0.662
0.45178
0.181609
0.250239
0.662
0.662
0.458105
0.662
0.0479522
0.662
0.584003
0.662
0.662
0.0370063
0.198401
0.330413
0.104683
0.662
0.3786
0.62356
0.662
0.662
0.43791
0.237408
0.662
0.430614
0.662
0.662
0.114409
0.662
0.662
0.255895
0.662
0.0970549
0.662
0.662
0.27197
0.472057
0.662
0.662
0.662
0.0470126
0.0744321
0.0862583
0.153556
0.408378
0.00458929
0.281891
0.662
0.328405
0.00968573
0.299822
0.662
0.346334
0.200979
0.662
0.662
0.662
0.542202
0.406045
0.113892
0.662
0.0661523
0.357897
0.341798
0.32815
0.618732
0.309716
0.282158
0.244856
0.0620739
0.165609
0.662
0.124588
0.662
0.561783
0.236132
0.662
0.38987
0.662
0.329933
0.396463
0.662
0.662
0.0906164
0.175635
0.254154
0.00943207
0.232428
0.662
0.194325
0.113632
0.662
0.376224
0.662
0.662
0.662
0.662
0.514917
0.0896171
0.433684
0.662
0.465876
0.384114
0.310855
0.662
0.190942
0.662
0.0794947
0.662
0.352113
0.662
0.0426213
0.331643
0.313872
0.412087
0.319403
0.309789
0.39649
0.662
0.662
0.46516
0.662
0.449363
0.662
0.662
0.1291
0.662
0.662
0.100231
0.662
0.662
0.662
0.479892
0.311516
0.662
0.453803
0.22246
0.170407
0.459149
0.662
0.0907073
0.0885532
0.662
0.182287
0.223975
0.358553
0.337719
0.417116
0.272288
0.304232
0.27059
0.302907
0.39802
0.296539
0.662
0.662
0.662
0.106695
0.347433
0.662
0.501635
0.662
0.662
0.662
0.135035
0.220727
0.662
0.662
0.391877
0.26164
0.133463
0.592209
0.104423
0.253626
0.289852
0.473748
0.662
0.253114
0.463567
0.662
0.662
0.30236
0.12525
0.572643
0.42741
0.662
0.289052
0.662
0.279315
0.662
0.188814
0.383767
0.175474
0.662
0.226348
0.460627
0.662
0.227388
0.0979696
0.115155
0.662
0.434492
0.662
0.284682
0.070299
0.379124
0.0608244
0.15336
0.662
0.436733
0.445106
0.301594
0.379984
0.662
0.662
0.662
0.025066
0.662
0.269608
0.0819998
0.0141044
0.662
0.662
0.269933
0.0128307
0.235655
0.273085
0.466661
0.63689
0.312198
0.662
0.662
0.0149297
0.311253
0.0898513
0.271758
0.662
0.188553
0.149231
0.207509
0.224973
0.662
0.260092
0.449485
0.662
0.124253
0.450273
0.662
0.262617
0.662
0.413399
0.408204
0.0768523
0.296208
0.289518
0.630447
0.662
0.662
0.0001887
0.131686
0.662
0.316147
0.662
0.662
0.338663
0.662
0.270375
0.662
0.240782
0.507214
0.0649575
0.294747
0.439342
0.36354
0.157165
0.662
0.192728
0.0722418
0.662
0.662
0.0319174
0.127438
0.662
0.662
0.170988
0.215275
0.14626
0.662
0.662
0.39946
0.445671
0.662
0.662
0.568947
0.290525
0.662
0.662
0.662
0.662
0.275874
0.0274743
0.00437023
0.30592
0.342793
0.604932
0.0305799
0.29877
0.196221
0.243298
0.299013
0.191333
0.296155
0.35724
0.662
0.289948
0.429818
0.662
0.662
0.38385
0.408273
0.662
0.189647
0.662
0.662
0.662
0.662
0.413861
0.368553
0.662
0.0683205
0.24516
0.662
0.662
0.662
0.494864
0.662
0.662
0.363189
0.662
0.662
0.0697305
0.261652
0.662
0.662
0.469663
0.662
0.662
0.662
0.662
0.291078
0.0612361
0.662
0.509258
0.662
0.0577211
0.127144
0.192855
0.662
0.211996
0.427518
0.662
0.662
0.662
0.434289
0.131075
0.454866
0.0665023
0.662
0.662
0.0676255
0.662
0.662
0.662
0.112253
0.662
0.227125
0.61817
0.156536
0.662
0.133189
0.137763
0.320095
0.0841792
0.192888
0.46112
0.662
0.662
0.138534
0.323009
0.662
0.662
0.407617
0.662
0.314057
0.44187
0.391685
0.662
0.662
0.020365
0.187282
0.662
0.662
0.349498
0.103429
0.662
0.662
0.276985
0.662
0.662
0.187759
0.662
0.662
0.662
0.436739
0.0623003
0.662
0.183226
0.2608
0.423108
0.288772
0.662
0.662
0.22839
0.300033
0.082769
0.581161
0.605308
0.662
0.407536
0.203654
0.129116
0.0718139
0.662
0.662
0.63339
0.449454
0.323208
0.245634
0.662
0.0469122
0.435186
0.201123
0.182148
0.170988
0.334676
0.409501
0.662
0.662
0.662
0.662
0.217353
0.244594
0.660163
0.246717
0.457738
0.276166
0.033166
0.400159
0.111553
0.173765
0.179898
0.199858
0.662
0.374628
0.522467
0.140967
0.391801
0.169632
0.223517
0.662
0.244634
0.392435
0.662
0.662
0.0517632
0.662
0.662
0.217733
0.340445
0.162766
0.436081
0.257329
0.662
0.347339
0.127602
0.662
0.259719
0.662
0.376119
0.276777
0.662
0.662
0.397835
0.662
0.455198
0.662
0.620933
0.403314
0.662
0.298364
0.288181
0.344864
0.662
0.662
0.452437
0.16194
0.662
0.305086
0.38914
0.662
0.662
0.0475039
0.227717
0.63339
0.639543
0.662
0.662
0.26277
0.662
0.662
0.662
0.662
0.662
0.347691
0.172411
0.229339
0.662
0.0963425
0.662
0.512371
0.248904
0.525812
0.122083
0.662
0.0257723
0.584236
0.222253
0.103811
0.662
0.271572
0.185169
0.662
0.662
0.586491
0.392485
0.392898
0.405002
0.136467
0.0219454
0.0276145
0.662
0.250818
0.662
0.662
0.225329
0.662
0.662
0.662
0.162659
0.662
0.270794
0.380939
0.329932
0.498932
0.00542677
0.441721
0.293531
0.461374
0.662
0.205872
0.662
0.535847
0.662
0.0368283
0.662
0.164704
0.193935
0.204654
0.662
0.11524
0.412871
0.662
0.447613
0.63205
0.0649971
0.218475
0.662
0.125653
0.256444
0.00132104
0.524615
0.662
0.194954
0.662
0.129854
0.18707
0.201279
0.662
0.662
0.662
0.662
0.21528
0.662
0.662
0.662
0.662
0.00274583
0.662
0.662
0.662
0.314496
0.299455
0.0604218
0.662
0.13141
0.39265
0.352053
0.205911
0.111186
0.048185
0.463474
0.662
0.662
0.662
0.208939
0.0177509
0.662
0.662
0.132684
0.249721
0.662
0.662
0.0473239
0.662
0.319907
0.662
0.330229
0.173375
0.0522857
0.641504
0.662
0.344847
0.0515544
0.119852
0.662
0.662
0.662
0.662
0.662
0.22572
0.346614
0.662
0.662
0.349161
0.662
0.662
0.662
0.662
0.325896
0.662
0.461256
0.662
0.410554
0.662
0.239592
0.662
0.222501
0.662
0.662
0.284067
0.0573537
0.662
0.222117
0.662
0.662
0.245254
0.324916
0.662
0.148326
0.662
0.00224814
0.662
0.662
0.169593
0.662
0.662
0.0438253
0.582681
0.662
0.662
0.0805019
0.0326445
0.314764
0.662
0.353443
0.239122
0.4542
0.395661
0.208429
0.27582
0.257441
0.242488
0.33101
0.434686
0.458077
0.130427
0.647128
0.467024
0.459418
0.472689
0.662
0.355738
0.662
0.272282
0.20698
0.662
0.0744985
0.299713
0.0262885
0.662
0.25315
0.662
0.254982
0.331669
0.307526
0.662
0.519572
0.396369
0.37808
0.199595
0.212435
0.280464
0.0969649
0.046895
0.304472
0.662
0.239422
0.158829
0.662
0.477407
0.128535
0.308271
0.246448
0.0632586
0.244347
0.379013
0.300935
0.39483
0.662
0.402531
0.662
0.363501
0.314529
0.662
0.400337
0.662
0.183156
0.325639
0.428886
0.456966
0.363806
0.266149
0.662
0.0688435
0.662
0.163409
0.662
0.399279
0.132537
0.662
0.269268
0.246251
0.662
0.209515
0.421601
0.169301
0.662
0.224863
0.662
0.662
0.188972
0.409471
0.265435
0.662
0.118077
0.662
0.662
0.263163
0.662
0.272943
0.662
0.662
0.265632
0.662
0.389079
0.0244167
0.405708
0.131775
0.662
0.662
0.662
0.662
0.662
0.470462
0.451805
0.213183
0.473618
0.662
0.657689
0.662
0.662
0.231125
0.581603
0.662
0.0127279
0.117618
0.239849
0.662
0.272366
0.662
0.231382
0.662
0.216157
0.662
0.149826
0.280537
0.662
0.627474
0.285441
0.662
0.662
0.662
0.662
0.662
0.662
0.462333
0.410506
0.662
0.158483
0.662
0.235127
0.18115
0.324872
0.274433
0.662
0.272296
0.447489
0.662
0.265393
0.127346
0.662
0.662
0.662
0.662
0.15119
0.662
0.1938
0.292646
0.662
0.662
0.662
0.662
0.317882
0.662
0.195346
0.136835
0.662
0.350408
0.264104
0.557135
0.18334
0.662
0.51743
0.151599
0.464125
0.662
0.662
0.249235
0.662
0.15161
0.152691
0.194073
0.352205
0.662
0.662
0.662
0.298821
0.544342
0.0551785
0.297165
0.662
0.341438
0.410029
0.340593
0.10353
0.662
0.662
0.463066
0.0850924
0.116055
0.662
0.398055
0.283584
0.164396
0.431442
0.662
0.356084
0.662
0.432493
0.662
0.662
0.165434
0.662
0.322315
0.418784
0.662
0.507487
0.360152
0.313902
0.662
0.11203
0.662
0.662
0.612342
0.535579
0.00505079
0.662
0.204236
0.662
0.386847
0.460687
0.233767
0.180238
0.24279
0.662
0.327443
0.662
0.330314
0.662
0.588384
0.231828
0.662
0.491661
0.662
0.171311
0.342437
0.662
0.662
0.662
0.224167
0.662
0.0252119
0.662
0.41651
0.662
0.183322
0.160897
0.169331
0.395415
0.258524
0.662
0.303707
0.466314
0.108836
0.232385
0.400116
0.662
0.41515
0.295854
0.662
0.662
0.662
0.474637
0.205131
0.418244
0.19037
0.0172071
0.662
0.00956691
0.662
0.662
0.662
0.306245
0.662
0.228494
0.11572
0.291008
0.302386
0.138019
0.662
0.244248
0.438955
0.662
0.601342
0.266968
0.0272968
0.0694902
0.196544
0.662
0.322549
0.662
0.662
0.244808
0.662
0.662
0.662
0.0850661
0.622437
0.213006
0.445248
0.662
0.662
0.662
0.102993
0.515319
0.662
0.18546
0.310377
0.382718
0.662
0.662
0.516872
0.662
0.202619
0.566989
0.662
0.498793
0.172371
0.467036
0.519735
0.131172
0.304014
0.216392
0.206266
0.571431
0.0211644
0.662
0.662
0.282784
0.320548
0.662
0.283077
0.662
0.18043
0.099636
0.662
0.405977
0.395947
0.110957
0.332157
0.577768
0.186417
0.156161
0.662
0.662
0.662
0.15923
0.0783882
0.236288
0.13544
0.280893
0.00223206
0.662
0.218932
0.194878
0.216159
0.662
0.662
0.236254
0.404512
0.389472
0.44328
0.0912231
0.662
0.662
0.274919
0.329422
0.496868
0.208183
0.662
0.147232
0.662
0.662
0.340709
0.662
0.662
0.662
0.662
0.662
0.662
0.662
0.29297
0.360506
0.662
0.189867
0.662
0.107781
0.347133
0.198226
0.27706
0.18442
0.662
0.662
0.662
0.0801997
0.662
0.662
0.156892
0.662
0.482141
0.626668
0.187653
0.662
0.662
0.662
0.164506
0.662
0.0407927
0.405595
0.0924273
0.662
0.662
0.157014
0.662
0.662
0.383572
0.394643
0.450718
0.170626
0.460262
0.662
0.386717
0.264285
0.122719
0.662
0.662
0.206459
0.662
0.555058
0.0944104
0.662
0.662
0.491091
0.316353
0.662
0.662
0.0896459
0.211805
0.12581
0.340089
0.662
0.310952
0.247963
0.105187
0.342981
0.662
0.0869083
0.662
0.662
0.662
0.662
0.662
0.63339
0.235844
0.558621
0.059674
0.662
0.662
0.198062
0.662
0.662
0.662
0.398381
0.205609
0.662
0.324637
0.214344
0.662
0.276833
0.662
0.225345
0.340486
0.117165
0.360324
0.662
0.466683
0.655743
0.662
0.662
0.494412
0.662
0.662
0.662
0.0542824
0.662
0.249905
0.101693
0.662
0.662
0.662
0.662
0.642904
0.110894
0.0365703
0.086284
0.0844051
0.662
0.119478
0.662
0.460565
0.269113
0.662
0.662
0.662
0.172161
0.189021
0.662
0.402049
0.1574
0.662
0.662
0.383991
0.0542285
0.636283
0.662
0.662
0.662
0.131769
0.662
0.0082872
0.204798
0.345544
0.205305
0.355926
0.662
0.465356
0.662
0.662
0.140879
0.398696
0.662
0.309315
0.0852172
0.662
0.24154
0.662
0.417789
0.662
0.14055
0.443813
0.452188
0.662
0.662
0.445332
0.662
0.662
0.274885
0.662
0.0492587
0.662
0.154714
0.10508
0.120625
0.662
0.165602
0.662
0.662
0.19016
0.648646
0.260879
0.662
0.00727941
0.662
0.00619131
0.0762489
0.437592
0.662
0.662
0.662
0.18986
0.662
0.662
0.452382
0.471806
0.585461
0.662
0.326557
0.427069
0.662
0.377203
0.24107
0.122421
0.443171
0.662
0.662
0.299159
0.0736544
0.662
0.412681
0.152449
0.0271944
0.662
0.662
0.303314
0.662
0.368063
0.662
0.38881
0.106193
0.139849
0.662
0.662
0.662
0.662
0.662
0.662
0.662
0.0054011
0.662
0.214614
0.662
0.662
0.662
0.588568
0.219638
0.232443
0.5179
0.393316
0.258332
0.394227
0.0684489
0.662
0.276105
0.197191
0.662
0.107053
0.0565049
0.635728
0.662
0.662
0.605642
0.662
0.0511693
0.125776
0.662
0.662
0.662
0.662
0.269493
0.0694761
0.662
0.662
0.662
0.085737
0.318602
0.357132
0.647762
0.181606
0.194939
0.662
0.662
0.662
0.223555
0.662
0.662
0.662
0.568748
0.662
0.662
0.119069
0.409608
0.387651
0.662
0.221398
0.054543
0.662
0.460575
0.0034634
0.00652677
0.662
0.118921
0.0759848
0.662
0.257327
0.495175
0.662
0.662
0.210598
0.662
0.662
0.0231339
0.662
0.0403338
0.300399
0.294895
0.636173
0.662
0.662
0.0935947
0.406146
0.166204
0.148195
0.457713
0.65984
0.35967
0.662
0.318911
0.500425
0.662
0.136215
0.170452
0.0197858
0.0054245
0.475145
0.662
0.315467
0.613635
0.249449
0.379819
0.254881
0.662
0.195021
0.236396
0.662
0.662
0.662
0.662
0.662
0.662
0.662
0.662
0.294286
0.0398273
0.249117
0.246152
0.358693
0.377328
0.662
0.662
0.152146
0.662
0.110987
0.234551
0.662
0.448448
0.299025
0.662
0.562161
0.273593
0.662
0.662
0.662
0.662
0.662
0.351331
0.433182
0.310008
0.531409
0.662
0.351851
0.263778
0.144393
0.662
0.267798
0.662
0.662
0.662
0.308558
0.220692
0.232192
0.634631
0.245328
0.662
0.662
0.662
0.347405
0.257079
0.392617
0.56783
0.314902
0.138412
0.0199075
0.0756015
0.609955
0.370588
0.662
0.435867
0.662
0.373093
0.614162
0.488009
0.182836
0.247474
0.662
0.493031
0.662
0.281667
0.490208
0.161144
0.257352
0.662
0.653609
0.662
0.662
0.0901937
0.398901
0.662
0.467603
0.662
0.455441
0.662
0.353524
0.00418453
0.404613
0.239011
0.241221
0.662
0.227827
0.662
0.321516
0.662
0.0639124
0.662
0.662
0.500827
0.375386
0.327297
0.662
0.203061
0.662
0.43848
0.591328
0.342821
0.662
0.180977
0.0531024
0.0251165
0.381223
0.28122
0.122774
0.662
0.662
0.662
0.13023
0.662
0.450195
0.662
0.662
0.662
0.112628
0.353197
0.662
0.347611
0.471968
0.662
0.662
0.390266
0.204581
0.157571
0.0683782
0.662
0.464261
0.340695
0.283579
0.101958
0.662
0.662
0.256127
0.662
0.252189
0.378461
0.662
0.662
0.662
0.413518
0.662
0.505134
0.662
0.485651
0.662
0.662
0.453019
0.212954
0.662
0.35744
0.662
0.662
0.0781877
0.563472
0.174313
0.391236
0.662
0.662
0.497672
0.264797
0.438818
0.239639
0.662
0.0698228
0.00108527
0.662
0.431738
0.237454
0.662
0.109647
0.662
0.506753
0.170934
0.401384
0.0952024
0.662
0.662
0.528646
0.41013
0.422535
0.662
0.662
0.662
0.662
0.209565
0.0676299
0.174928
0.662
0.264518
0.111412
0.0233752
0.662
0.242423
0.491134
0.315643
0.662
0.662
0.255747
0.662
0.662
0.662
0.454228
0.251957
0.371079
0.101871
0.469615
0.350439
0.42297
0.442816
0.036898
0.662
0.0474979
0.182406
0.236656
0.134017
0.474076
0.0454084
0.662
0.662
0.662
0.662
0.662
0.0480183
0.400531
0.662
0.220259
0.662
0.248919
0.445202
0.662
0.662
0.662
0.203688
0.277469
0.4929
0.204076
0.248727
0.36905
0.662
0.364325
0.169354
0.205805
0.662
0.127421
0.41661
0.00362759
0.310425
0.199306
0.662
0.0302533
0.662
0.148043
0.506367
0.359631
0.216641
0.662
0.20188
0.439766
0.412517
0.295023
0.246063
0.141755
0.662
0.108543
0.662
0.00495493
0.639226
0.378523
0.248304
0.19759
0.167653
0.662
0.662
0.135143
0.281461
0.662
0.662
0.662
0.403149
0.662
0.322423
0.662
0.218426
0.257869
0.651069
0.39019
0.181969
0.662
0.281944
0.267512
0.140916
0.0837345
0.391397
0.133121
0.662
0.461515
0.0474445
0.275236
0.662
0.307959
0.662
0.662
0.109922
0.662
0.0119374
0.49221
0.313836
0.391986
0.662
0.586472
0.207607
0.245751
0.0374857
0.662
0.0266575
0.251815
0.662
0.662
0.273727
0.662
0.662
0.0625899
0.106358
0.474442
0.170001
0.476901
0.662
0.662
0.164334
0.662
0.163608
0.662
0.0317553
0.183947
0.327375
0.0379895
0.308326
0.29967
0.269955
0.662
0.401436
0.184676
0.0510436
0.528919
0.133927
0.662
0.0701855
0.113743
0.662
0.00240577
0.275342
0.662
0.20136
0.0395422
0.662
0.271484
0.254776
0.662
0.386943
0.254519
0.11533
0.662
0.333156
0.662
0.192927
0.307527
0.153968
0.662
0.388478
0.230926
0.662
0.662
0.46784
0.473646
0.662
0.662
0.188759
0.00218012
0.662
0.662
0.662
0.662
0.263223
0.240128
0.249625
0.662
0.662
0.622842
0.662
0.662
0.429657
0.185868
0.461902
0.0677878
0.246724
0.662
0.263781
0.477225
0.662
0.338241
0.662
0.497639
0.567086
0.662
0.662
0.521895
0.39924
0.100348
0.662
0.110634
0.225598
0.662
0.662
0.662
0.662
0.662
0.239432
0.000387853
0.0975299
0.662
0.662
0.353601
0.662
0.662
0.662
0.221393
0.211038
0.0644549
0.606984
0.662
0.348509
0.213413
0.581519
0.662
0.662
0.662
0.190803
0.662
0.662
0.0994679
0.662
0.662
0.662
0.662
0.126981
0.0242315
0.0326621
0.315364
0.662
0.662
0.108677
0.662
0.662
0.662
0.662
0.309899
0.662
0.400118
0.427412
0.662
0.150018
0.662
0.212853
0.456847
0.00337438
0.465387
0.256498
0.21745
0.662
0.0990644
0.353153
0.15488
0.662
0.662
0.321008
0.662
0.662
0.662
0.662
0.662
0.120747
0.152848
0.662
0.00369598
0.185286
0.467738
0.662
0.297919
0.662
0.440441
0.662
0.662
0.662
0.438547
0.662
0.662
0.211231
0.662
0.662
0.662
0.662
0.662
0.122332
0.281513
0.173492
0.662
0.23712
0.662
0.662
0.662
0.662
0.662
0.662
0.274895
0.232371
0.168413
0.246199
0.0538825
0.662
0.450692
0.136265
0.662
0.662
0.662
0.662
0.634005
0.347491
0.329379
0.109364
0.662
0.662
0.662
0.185202
0.236349
0.662
0.662
0.662
0.395761
0.500203
0.0612746
0.563304
0.196484
0.398687
0.662
0.662
0.201253
0.423974
0.662
0.0111966
0.662
0.662
0.170436
0.662
0.662
0.602564
0.662
0.662
0.451949
0.475385
0.295988
0.127395
0.335624
0.323704
0.662
0.662
0.438762
0.662
0.390877
0.662
0.662
0.112906
0.662
0.376937
0.662
0.662
0.149117
0.662
0.367448
0.662
0.0504114
0.222509
0.43224
0.172948
0.662
0.251394
0.662
0.662
0.0838073
0.662
0.662
0.502693
0.307626
0.375923
0.303788
0.662
0.249916
0.662
0.20275
0.384352
0.52901
0.160782
0.210854
0.22937
0.662
0.182505
0.00745795
0.155645
0.6214
0.662
0.355118
0.291953
0.198805
0.0997575
0.121789
0.415757
0.662
0.157479
0.662
0.662
0.163992
0.662
0.662
0.341118
0.448015
0.662
0.662
0.290022
0.662
0.662
0.400607
0.310934
0.211281
0.529379
0.465146
0.662
0.455386
0.662
0.437954
0.512701
0.662
0.662
0.662
0.225854
0.043962
0.0430018
0.662
0.415791
0.18497
0.0174885
0.615345
0.286577
0.289374
0.662
0.662
0.155507
0.259486
0.218863
0.200186
0.332185
0.480966
0.662
0.266687
0.166053
0.0820256
0.326958
0.0587339
0.477558
0.0327722
0.662
0.662
0.129689
0.0441666
0.376304
0.662
0.662
0.662
0.662
0.170863
0.202439
0.216577
0.413018
0.233199
0.269174
0.368982
0.188951
0.662
0.139056
0.627373
0.662
0.00830331
0.0923164
0.230481
0.236047
0.662
0.436983
0.662
0.393139
0.662
0.369307
0.662
0.251595
0.199092
0.0924318
0.29347
0.326735
0.336737
0.662
0.662
0.662
0.662
0.662
0.48398
0.306482
0.438767
0.662
0.256981
0.493933
0.315962
0.662
0.348495
0.662
0.662
0.461202
0.662
0.662
0.353452
0.31019
0.258341
0.355958
0.25653
0.662
0.662
0.662
0.051284
0.662
0.260833
0.262625
0.662
0.290193
0.51918
0.397277
0.662
0.662
0.359371
0.662
0.662
0.662
0.662
0.662
0.390827
0.662
0.662
0.0502101
0.662
0.306977
0.146555
0.271873
0.00450913
0.166588
0.219176
0.28348
0.557728
0.662
0.662
0.0097485
0.0136319
0.662
0.276174
0.662
0.662
0.435892
0.662
0.662
0.662
0.662
0.162699
0.188859
0.447732
0.448597
0.662
0.191876
0.25704
0.0256522
0.278149
0.1571
0.662
0.193645
0.403874
0.662
0.190008
0.662
0.18445
0.662
0.662
0.0450026
0.0578779
0.40633
0.00329219
0.426221
0.662
0.372878
0.0738846
0.274748
0.271705
0.449522
0.105373
0.662
0.00486134
0.22832
0.287506
0.662
0.31431
0.301073
0.0653547
0.203475
0.219184
0.284445
0.662
0.662
0.662
0.662
0.662
0.34026
0.662
0.350944
0.172019
0.218235
0.123425
0.662
0.442856
0.564904
0.662
0.662
0.303626
0.39595
0.289566
0.348052
0.662
0.0531907
0.662
0.193685
0.541558
0.662
0.662
0.36647
0.662
0.662
0.662
0.198125
0.632536
0.448371
0.150745
0.606758
0.662
0.662
0.42031
0.0545079
0.255251
0.243732
0.0712825
0.0699312
0.290461
0.157824
0.662
0.0984471
0.3161
0.502746
0.392124
0.149923
0.662
0.662
0.203307
0.142313
0.592352
0.662
0.662
0.275169
0.466159
0.662
0.662
0.157324
0.149672
0.120215
0.662
0.662
0.213743
0.166819
0.662
0.110182
0.511801
0.662
0.129352
0.662
0.662
0.043025
0.0419195
0.662
0.398534
0.662
0.253919
0.662
0.662
0.156327
0.337399
0.662
0.662
0.185645
0.662
0.256189
0.662
0.662
0.467932
0.41803
0.662
0.234835
0.184516
0.548372
0.464184
0.42863
0.662
0.25482
0.662
0.662
0.395381
0.662
0.049663
0.662
0.0673716
0.064494
0.432079
0.463869
0.662
0.221613
0.380638
0.662
0.12391
0.0421931
0.662
0.270968
0.662
0.662
0.0304685
0.028278
0.146037
0.662
0.452949
0.662
0.662
0.191431
0.0144184
0.662
0.662
0.268059
0.455648
0.662
0.421682
0.662
0.311156
0.662
0.662
0.0287248
0.126515
0.382015
0.662
0.0154752
0.188305
0.34263
0.171775
0.662
0.198623
0.0862926
0.198189
0.662
0.662
0.662
0.662
0.662
0.662
0.662
0.344763
0.662
0.321572
0.155802
0.662
0.0397362
0.416702
0.662
0.662
0.662
0.662
0.662
0.261997
0.662
0.448476
0.662
0.662
0.464136
0.662
0.421548
0.662
0.662
0.662
0.404859
0.662
0.662
0.551706
0.662
0.432427
0.322925
0.203931
0.662
0.257757
0.120913
0.539188
0.662
0.0533257
0.662
0.156757
0.0924224
0.662
0.662
0.093023
0.548063
0.00525521
0.1424
0.662
0.662
0.662
0.662
0.662
0.662
0.333973
0.132563
0.0368514
0.662
0.212743
0.471882
0.662
0.175627
0.242638
0.132807
0.0723675
0.376483
0.418634
0.173583
0.662
0.160234
0.322697
0.273083
0.272048
0.0991499
0.488503
0.662
0.472951
0.662
0.166403
0.379699
0.104663
0.350559
0.220419
0.662
0.483697
0.662
0.662
0.0918011
0.662
0.0819495
0.121421
0.238157
0.453967
0.274344
0.396209
0.153139
0.662
0.317386
0.278515
0.0799755
0.662
0.222638
0.211305
0.396005
0.314545
0.662
0.249359
0.391574
0.662
0.069126
0.662
0.662
0.192208
0.440622
0.128967
0.0421441
0.662
0.303337
0.662
0.662
0.0810147
0.029919
0.0830395
0.392386
0.662
0.662
0.333422
0.187444
0.662
0.662
0.662
0.662
0.287123
0.0789844
0.662
0.662
0.662
0.662
0.313189
0.662
0.454801
0.226534
0.233568
0.310744
0.199861
0.504815
0.662
0.385708
0.248432
0.0295936
0.662
0.318094
0.662
0.426473
0.174423
0.662
0.200035
0.662
0.415297
0.662
0.0804677
0.662
0.447602
0.662
0.218762
0.266801
0.662
0.662
0.24017
0.662
0.0193674
0.662
0.0448444
0.662
0.662
0.662
0.599657
0.662
0.261839
0.662
0.485797
0.575438
0.662
0.662
0.388378
0.327496
0.427324
0.256425
0.0338019
0.662
0.149173
0.662
0.27018
0.203198
0.327633
0.423927
0.662
0.662
0.0536992
0.300808
0.662
0.317319
0.171924
0.135465
0.432095
0.387662
0.662
0.662
0.662
0.327317
0.662
0.662
0.0842203
0.0456042
0.187354
0.149825
0.00801903
0.174186
0.30026
0.662
0.662
0.662
0.378481
0.30217
0.662
0.481783
0.662
0.662
0.183121
0.662
0.365467
0.662
0.662
0.230258
0.45174
0.436486
0.160292
0.662
0.340026
0.0939339
0.151218
0.662
0.422081
0.662
0.662
0.271431
0.662
0.350337
0.135426
0.339775
0.414095
0.662
0.662
0.0189726
0.662
0.198499
0.662
0.458294
0.434312
0.0913169
0.458659
0.247115
0.662
0.662
0.662
0.27851
0.127885
0.662
0.662
0.316045
0.475211
0.640832
0.326618
0.662
0.0598152
0.432949
0.270644
0.417708
0.360909
0.484246
0.430641
0.662
0.662
0.135629
0.662
0.0620371
0.606966
0.084961
0.234225
0.279273
0.187711
0.662
0.218771
0.296309
0.0700828
0.132351
0.662
0.054933
0.662
0.185107
0.490444
0.662
0.196529
0.662
0.662
0.343282
0.662
0.365996
0.662
0.662
0.662
0.356814
0.0277617
0.378346
0.309199
0.662
0.662
0.662
0.203497
0.662
0.662
0.265536
0.662
0.298745
0.10807
0.662
0.662
0.226444
0.308824
0.210846
0.498841
0.374461
0.662
0.617576
0.662
0.387515
0.510348
0.313461
0.0923394
0.122928
0.0924316
0.662
0.325618
0.0112026
0.662
0.0441037
0.242445
0.473245
0.662
0.662
0.662
0.662
0.349607
0.0718456
0.0949786
0.344524
0.384301
0.662
0.662
0.662
0.662
0.154426
0.662
0.662
0.662
0.209422
0.466236
0.222677
0.269089
0.466211
0.163228
0.415464
0.184713
0.102885
0.223185
0.662
0.216825
0.662
0.316419
0.0472874
0.063998
0.662
0.0435559
0.662
0.44256
0.175304
0.662
0.662
0.257575
0.360524
0.662
0.662
0.0747526
0.267955
0.662
0.662
0.662
0.408912
0.662
0.191022
0.662
0.662
0.662
0.662
0.488742
0.0489342
0.662
0.662
0.267647
0.359009
0.662
0.662
0.662
0.484089
0.119592
0.334304
0.662
0.662
0.662
0.469802
0.662
0.662
0.662
0.662
0.431648
0.352974
0.662
0.662
0.228619
0.0150594
0.461431
0.331985
0.585496
0.662
0.228452
0.662
0.662
0.108168
0.407035
0.307899
0.662
0.0117779
0.43433
0.000777116
0.662
0.662
0.662
0.421935
0.309329
0.0361894
0.0431099
0.0435165
0.372624
0.223139
0.140037
0.198614
0.00781508
0.662
0.662
0.462013
0.630213
0.662
0.155648
0.303703
0.662
0.662
0.662
0.662
0.662
0.662
0.303912
0.43949
0.0947255
0.0490084
0.147926
0.347139
0.349167
0.0252157
0.662
0.219129
0.662
0.249574
0.662
0.468667
0.0893278
0.196471
0.662
0.142402
0.0220081
0.0377451
0.233957
0.662
0.662
0.476384
0.597249
0.662
0.435736
0.2901
0.343891
0.269171
0.113132
0.272442
0.662
0.107959
0.662
0.266229
0.319645
0.662
0.662
0.208556
0.282712
0.481042
0.662
0.107765
0.455901
0.326744
0.354338
0.188014
0.662
0.306277
0.254947
0.662
0.277763
0.515622
0.662
0.662
0.662
0.662
0.158486
0.662
0.457816
0.325966
0.320187
0.662
0.136284
0.248573
0.208461
0.162252
0.33189
0.662
0.325822
0.662
0.662
0.336291
0.319239
0.169118
0.662
0.399482
0.662
0.662
0.662
0.662
0.662
0.0877296
0.662
0.227785
0.360763
0.662
0.662
0.662
0.597484
0.662
0.495865
0.662
0.662
0.662
0.16281
0.34279
0.143711
0.180052
0.662
0.169652
0.662
0.662
0.455727
0.0693714
0.662
0.189471
0.115571
0.270145
0.153246
0.662
0.418544
0.472981
0.283477
0.166654
0.192906
0.015473
0.195604
0.662
0.44538
0.662
0.148795
0.496741
0.662
0.662
0.43804
0.563339
0.662
0.201743
0.662
0.378981
0.204269
0.662
0.662
0.662
0.148378
0.662
0.109293
0.236251
0.116887
0.662
0.662
0.662
0.468695
0.41389
0.282742
0.0888913
0.662
0.662
0.662
0.19072
0.662
0.662
0.662
0.662
0.210154
0.662
0.222342
0.662
0.238397
0.662
0.662
0.214788
0.662
0.0226044
0.662
0.0905597
0.662
0.662
0.181769
0.662
0.662
0.0259631
0.213928
0.0526838
0.385224
0.662
0.662
0.662
0.662
0.396984
0.345958
0.311855
0.662
0.364591
0.423643
0.175013
0.662
0.239513
0.416269
0.662
0.630357
0.321965
0.662
0.662
0.612418
0.662
0.662
0.494884
0.0634201
0.189903
0.157842
0.131955
0.662
0.662
0.662
0.662
0.264013
0.0439111
0.662
0.175097
0.662
0.591481
0.227369
0.463401
0.505644
0.662
0.662
0.101394
0.0967934
0.662
0.662
0.0939551
0.0719861
0.662
0.148567
0.132926
0.662
0.550496
0.662
0.27564
0.23478
0.285859
0.662
0.0170752
0.432847
0.37141
0.187736
0.279263
0.189916
0.0730079
0.153552
0.325155
0.662
0.662
0.297486
0.662
0.244383
0.0720769
0.490968
0.0667536
0.662
0.155193
0.166124
0.662
0.0571011
0.662
0.662
0.125099
0.330873
0.371556
0.662
0.662
0.662
0.33816
0.662
0.0220117
0.662
0.662
0.0768322
0.662
0.0943054
0.337374
0.662
0.662
0.662
0.662
0.33883
0.192787
0.518234
0.662
0.331476
0.0348318
0.662
0.168105
0.393711
0.662
0.662
0.406308
0.175288
0.662
0.662
0.289289
0.342708
0.662
0.242818
0.266371
0.366117
0.479382
0.356707
0.0315075
0.027185
0.662
0.662
0.285906
0.662
0.541589
0.662
0.662
0.662
0.410703
0.634115
0.156451
0.662
0.662
0.197003
0.499261
0.455341
0.129782
0.662
0.662
0.662
0.0787941
0.36393
0.662
0.662
0.662
0.662
0.474972
0.662
0.662
0.100163
0.465575
0.0960941
0.557509
0.662
0.662
0.662
0.0254137
0.605077
0.662
0.662
0.091547
0.662
0.662
0.421911
0.662
0.45934
0.251912
0.662
0.169433
0.662
0.164159
0.662
0.213358
0.245266
0.662
0.662
0.454179
0.442652
0.662
0.0761407
0.662
0.662
0.229966
0.416268
0.662
0.587783
0.662
0.662
0.662
0.194211
0.662
0.662
0.662
0.662
0.360773
0.662
0.0931301
0.662
0.662
0.662
0.252208
0.00771721
0.662
0.589876
0.662
0.662
0.32845
0.0289692
0.0736361
0.662
0.214758
0.662
0.0267234
0.397071
0.662
0.189778
0.662
0.662
0.397375
0.662
0.465867
0.662
0.283454
0.383175
0.412879
0.342955
0.403032
0.132469
0.662
0.662
0.662
0.265575
0.662
0.272049
0.0657341
0.0224487
0.662
0.40518
0.412659
0.0896354
0.662
0.179242
0.480673
0.0769753
0.241287
0.662
0.278163
0.662
0.297788
0.662
0.662
0.0117281
0.662
0.662
0.415857
0.254566
0.662
0.078028
0.162808
0.399614
0.371113
0.0511406
0.662
0.662
0.423673
0.308396
0.662
0.662
0.367314
0.662
0.188407
0.662
0.44072
0.259941
0.438059
0.19226
0.662
0.30651
0.221373
0.372125
0.295451
0.662
0.433738
0.662
0.662
0.633391
0.216122
0.210994
0.276308
0.662
0.284103
0.478951
0.0434169
0.54985
0.28762
0.00374037
0.132534
0.662
0.0771179
0.662
0.463201
0.217808
0.416323
0.440179
0.402945
0.662
0.662
0.662
0.0400688
0.457606
0.376378
0.662
0.402147
0.662
0.0339356
0.447893
0.662
0.662
0.258573
0.133316
0.662
0.343459
0.662
0.00426024
0.204235
0.662
0.662
0.103965
0.348308
0.662
0.638714
0.319985
0.525909
0.112983
0.662
0.662
0.662
0.126616
0.446139
0.0492975
0.336121
0.154006
0.559026
0.662
0.382663
0.662
0.662
0.101671
0.662
0.200921
0.662
0.662
0.139931
0.662
0.662
0.539356
0.662
0.460793
0.186777
0.114169
0.604829
0.662
0.662
0.662
0.662
0.662
0.662
0.446764
0.662
0.662
0.662
0.189644
0.196031
0.282477
0.662
0.44049
0.662
0.0648934
0.020998
0.662
0.131441
0.662
0.389875
0.351844
0.662
0.176821
0.662
0.662
0.370727
0.44226
0.36671
0.0839342
0.608131
0.053213
0.662
0.662
0.326842
0.197567
0.662
0.662
0.662
0.00102991
0.102413
0.662
0.0574033
0.278423
0.50441
0.662
0.0221103
0.138083
0.662
0.662
0.662
0.531149
0.0619625
0.259111
0.662
0.00577662
0.272312
0.445833
0.662
0.662
0.662
0.5672
0.255204
0.00759469
0.333617
0.0055931
0.339874
0.437965
0.662
0.662
0.398289
0.662
0.493668
0.662
0.662
0.662
0.662
0.662
0.662
0.108534
0.320055
0.362285
0.662
0.662
0.210941
0.662
0.377938
0.405811
0.611497
0.662
0.113762
0.662
0.250145
0.529688
0.405058
0.189838
0.312306
0.662
0.305594
0.662
0.378921
0.359924
0.662
0.16323
0.451688
0.357762
0.42927
0.200036
0.163939
0.0473706
0.391842
0.173398
0.662
0.158372
0.662
0.662
0.662
0.662
0.154045
0.205463
0.426268
0.163132
0.292972
0.422999
0.114091
0.662
0.662
0.372331
0.180701
0.662
0.0853232
0.542817
0.270278
0.409887
0.0831882
0.297495
0.19118
0.662
0.28606
0.248516
0.198733
0.26634
0.474356
0.459415
0.662
0.662
0.662
0.432551
0.662
0.144982
0.661937
0.662
0.186401
0.662
0.662
0.09464
0.475066
0.279618
0.662
0.662
0.662
0.662
0.662
0.268073
0.0158005
0.508359
0.142923
0.134883
0.590739
0.290043
0.467925
0.414816
0.375608
0.271479
0.234635
0.199183
0.662
0.418713
0.214264
0.105764
0.662
0.562647
0.662
0.194011
0.218602
0.487395
0.474422
0.247881
0.662
0.662
0.662
0.210969
0.241327
0.0323901
0.353692
0.533684
0.0150664
0.0889083
0.227291
0.0483539
0.0804378
0.662
0.0267846
0.283965
0.28063
0.384596
0.342921
0.382543
0.662
0.662
0.227933
0.213559
0.662
0.300066
0.0372828
0.419945
0.662
0.662
0.662
0.662
0.268849
0.662
0.459172
0.457734
0.662
0.255137
0.00796547
0.662
0.296088
0.387149
0.215439
0.418385
0.662
0.166965
0.0026221
0.131596
0.235746
0.400494
0.0918505
0.241634
0.204342
0.190146
0.0899419
0.662
0.662
0.662
0.483866
0.662
0.416991
0.245331
0.662
0.662
0.340159
0.341224
0.309339
0.662
0.662
0.662
0.662
0.331826
0.320456
0.205782
0.662
0.662
0.662
0.0550683
0.181183
0.00982312
0.662
0.662
0.662
0.400564
0.662
0.421495
0.209449
0.662
0.532272
0.497538
0.466312
0.288929
0.233997
0.340451
0.662
0.58776
0.662
0.418663
0.662
0.662
0.448628
0.662
0.662
0.236247
0.149185
0.662
0.399302
0.119083
0.662
0.662
0.588406
0.662
0.29249
0.11885
0.662
0.662
0.525843
0.552728
0.662
0.662
0.3323
0.211012
0.520635
0.226488
0.662
0.662
0.662
0.662
0.463108
0.457807
0.300556
0.662
0.662
0.662
0.0551986
0.566956
0.345588
0.312935
0.361825
0.453836
0.662
0.48348
0.662
0.662
0.637135
0.296455
0.463267
0.474881
0.0720244
0.662
0.581764
0.662
0.662
0.457666
0.662
0.359999
0.607292
0.662
0.662
0.0950894
0.0867512
0.130888
0.45795
0.0556085
0.662
0.0142011
0.325951
0.662
0.0139429
0.186854
0.217138
0.662
0.0556308
0.00731911
0.379612
0.662
0.662
0.662
0.012077
0.662
0.380403
0.185031
0.571003
0.436554
0.662
0.474029
0.662
0.216864
0.107827
0.662
0.332586
0.662
0.290691
0.22494
0.662
0.291595
0.197875
0.662
0.662
0.662
0.298324
0.210991
0.662
0.00644805
0.217935
0.662
0.164695
0.229274
0.662
0.662
0.662
0.662
0.24173
0.0258202
0.17879
0.662
0.223302
0.249449
0.662
0.249883
0.078777
0.411566
0.662
0.662
0.662
0.662
0.105434
0.190829
0.662
0.662
0.662
0.662
0.31848
0.124677
0.662
0.662
0.366361
0.264726
0.0552126
0.662
0.662
0.662
0.662
0.125967
0.207838
0.327264
0.292155
0.27496
0.249535
0.662
0.425783
0.662
0.165754
0.0166257
0.433971
0.662
0.420269
0.340579
0.463848
0.662
0.494671
0.127719
0.662
0.444099
0.308768
0.0354199
0.165011
0.662
0.470788
0.662
0.573895
0.146219
0.074777
0.12309
0.407095
0.333621
0.260348
0.662
0.662
0.193688
0.279787
0.178518
0.25304
0.662
0.039506
0.582025
0.662
0.662
0.383356
0.0541955
0.662
0.662
0.662
0.125709
0.486466
0.100633
0.223115
0.662
0.244409
0.662
0.662
0.257057
0.137222
0.454678
0.258091
0.433771
0.00371392
0.190605
0.00590997
0.662
0.662
0.662
0.525016
0.0674787
0.662
0.662
0.23032
0.37446
0.113883
0.0206329
0.0544236
0.662
0.662
0.208556
0.662
0.662
0.212784
0.491435
0.662
0.662
0.549637
0.233944
0.0355143
0.662
0.662
0.197215
0.197768
0.105345
0.371257
0.344704
0.230733
0.662
0.422125
0.586287
0.476956
0.662
0.662
0.230791
0.175288
0.232056
0.31411
0.445837
0.428023
0.662
0.189836
0.143583
0.18614
0.662
0.277146
0.283996
0.207707
0.662
0.0915805
0.404398
0.662
0.662
0.662
0.290555
0.32109
0.662
0.331038
0.211119
0.166839
0.662
0.422482
0.257386
0.205288
0.201934
0.654484
0.206883
0.662
0.271312
0.0475731
0.0105937
0.662
0.662
0.153301
0.662
0.361661
0.662
0.662
0.285339
0.218176
0.202479
0.662
0.662
0.662
0.36429
0.124339
0.662
0.492106
0.662
0.662
0.229911
0.662
0.0516779
0.294031
0.381923
0.319565
0.662
0.662
0.662
0.396139
0.662
0.438863
0.662
0.0401698
0.662
0.662
0.662
0.524167
0.662
0.662
0.0466145
0.339156
0.662
0.662
0.662
0.662
0.662
0.340331
0.296875
0.465145
0.0657477
0.644418
0.1952
0.662
0.662
0.0668995
0.241589
0.350987
0.662
0.662
0.662
0.409748
0.662
0.662
0.111031
0.662
0.277092
0.405611
0.327481
0.251195
0.257899
0.662
0.0105012
0.662
0.0651663
0.662
0.474523
0.0136032
0.662
0.662
0.259492
0.662
0.0590431
0.183078
0.39764
0.0453986
0.415566
0.662
0.662
0.662
0.257335
0.662
0.662
0.0270137
0.662
0.662
0.184255
0.662
0.63339
0.188597
0.148374
0.17069
0.662
0.394561
0.269795
0.125766
0.061359
0.440325
0.216315
0.442945
0.269559
0.310325
0.243599
0.505351
0.210299
0.662
0.184155
0.140905
0.662
0.59716
0.662
0.662
0.662
0.134655
0.299599
0.0716095
0.345086
0.253001
0.285923
0.128619
0.662
0.55891
0.0930457
0.662
0.348092
0.662
0.147019
0.283061
0.662
0.577217
0.234247
0.155116
0.179134
0.662
0.662
0.662
0.176867
0.662
0.662
0.662
0.163346
0.00249504
0.44336
0.14193
0.662
0.464394
0.305638
0.280472
0.662
0.237761
0.662
0.0172783
0.351788
0.203107
0.662
0.662
0.662
0.662
0.135953
0.662
0.0604073
0.262581
0.356751
0.662
0.560414
0.373199
0.207353
0.478408
0.662
0.322943
0.662
0.247282
0.361684
0.125454
0.31004
0.33946
0.361307
0.662
0.662
0.662
0.662
0.662
0.662
0.662
0.270858
0.493982
0.662
0.662
0.355086
0.662
0.408383
0.662
0.662
0.397618
0.326187
0.302914
0.662
0.287379
0.274695
0.261631
0.373641
0.445466
0.662
0.662
0.201125
0.196441
0.300397
0.662
0.444115
0.13597
0.662
0.364841
0.662
0.662
0.40737
0.135141
0.309164
0.236747
0.207141
0.241605
0.662
0.104105
0.138407
0.662
0.662
0.662
0.0919148
0.662
0.662
0.121275
0.250944
0.662
0.662
0.129979
0.308642
0.0796514
0.662
0.131991
0.428872
0.144069
0.662
0.662
0.662
0.103487
0.401828
0.281461
0.662
0.0974292
0.662
0.662
0.324563
0.133236
0.373811
0.254824
0.204079
0.662
0.104173
0.662
0.662
0.662
0.0693719
0.136825
0.256418
0.253165
0.0295732
0.662
0.662
0.294081
0.332108
0.662
0.0307988
0.228408
0.184313
0.636429
0.132358
0.116428
0.662
0.0122804
0.306909
0.206832
0.662
0.662
0.662
0.0254523
0.662
0.629706
0.330167
0.662
0.10467
0.0119348
0.416601
0.290132
0.662
0.269028
0.140594
0.662
0.243603
0.662
0.662
0.662
0.417648
0.662
0.355179
0.662
0.662
0.473734
0.146833
0.662
0.448492
0.662
0.58304
0.162251
0.662
0.662
0.364779
0.662
0.662
0.0886707
0.225601
0.350396
0.0321778
0.0293008
0.0915855
0.152338
0.51856
0.387392
0.354623
0.0723963
0.0826265
0.662
0.662
0.333614
0.343027
0.662
0.049834
0.599472
0.472255
0.504639
0.375908
0.662
0.662
0.104281
0.662
0.43869
0.295335
0.662
0.456772
0.662
0.291071
0.459012
0.0877352
0.323382
0.662
0.662
0.662
0.0374348
0.662
0.662
0.454634
0.662
0.613773
0.662
0.292432
0.662
0.662
0.187832
0.241669
0.662
0.269919
0.662
0.662
0.662
0.662
0.378933
0.662
0.580181
0.662
0.662
0.662
0.662
0.0921815
0.0197749
0.370798
0.53813
0.662
0.358512
0.358775
0.662
0.507132
0.349658
0.662
0.662
0.118996
0.662
0.662
0.662
0.662
0.662
0.0889104
0.274231
0.115331
0.662
0.662
0.662
0.662
0.477099
0.662
0.370208
0.662
0.43667
0.255172
0.662
0.11088
0.662
0.513424
0.662
0.662
0.615839
0.662
0.260018
0.35216
0.662
0.216078
0.24692
0.285134
0.662
0.393422
0.126375
0.0976482
0.22116
0.662
0.446651
0.475634
0.177621
0.662
0.250596
0.149032
0.662
0.662
0.231955
0.531926
0.565527
0.662
0.185847
0.662
0.0858731
0.283882
0.475029
0.662
0.662
0.662
0.423365
0.631069
0.662
0.662
0.226996
0.658772
0.189203
0.218187
0.102488
0.662
0.184978
0.0724061
0.393129
0.662
0.662
0.474148
0.662
0.662
0.662
0.126542
0.139391
0.662
0.662
0.662
0.662
0.0309443
0.662
0.513241
0.610004
0.187283
0.662
0.237257
0.662
0.417311
0.662
0.662
0.481967
0.0356072
0.662
0.246545
0.578963
0.413262
0.440299
0.143806
0.662
0.239102
0.662
0.0178931
0.0223906
0.475361
0.214212
0.283253
0.662
0.662
0.662
0.530643
0.205664
0.662
0.052695
0.662
0.379553
0.349271
0.662
0.413296
0.524984
0.010047
0.63529
0.662
0.295369
0.366373
0.44604
0.662
0.662
0.662
0.662
0.48298
0.320923
0.368137
0.662
0.662
0.240632
0.234066
0.662
0.327932
0.662
0.073387
0.285295
0.0776137
0.474487
0.662
0.206037
0.119527
0.231692
0.364758
0.662
0.517888
0.662
0.447777
0.662
0.55613
0.336777
0.0356241
0.264693
0.290077
0.662
0.662
0.0771283
0.312516
0.192634
0.662
0.329186
0.243562
0.662
0.169499
0.347907
0.205083
0.662
0.101134
0.196117
0.029216
0.249613
0.424379
0.188759
0.662
0.238499
0.333732
0.380826
0.498283
0.662
0.23233
0.662
0.343082
0.00856073
0.553387
0.662
0.46945
0.197371
0.662
0.202464
0.662
0.662
0.51115
0.262487
0.35752
0.339297
0.662
0.600961
0.662
0.26606
0.662
0.662
0.441427
0.112537
0.66107
0.662
0.662
0.444532
0.286378
0.123684
0.662
0.463666
0.289801
0.288274
0.127632
0.279645
0.58153
0.559039
0.489807
0.662
0.662
0.227405
0.249839
0.187986
0.662
0.662
0.300011
0.662
0.271393
0.386881
0.223648
0.153787
0.215788
0.467894
0.662
0.430734
0.662
0.249637
0.662
0.662
0.662
0.662
0.0498218
0.662
0.662
0.056093
0.662
0.477994
0.662
0.662
0.334576
0.114769
0.662
0.662
0.662
0.247032
0.472551
0.662
0.662
0.662
0.662
0.0150424
0.662
0.40892
0.32802
0.662
0.214496
0.662
0.509003
0.147254
0.22273
0.247654
0.242288
0.107119
0.322408
0.408789
0.662
0.0227727
0.209504
0.662
0.662
0.662
0.277578
0.662
0.231895
0.280265
0.380903
0.662
0.26948
0.621767
0.409354
0.41127
0.410638
0.223028
0.113232
0.662
0.266062
0.0617781
0.0275609
0.662
0.467602
0.222381
0.662
0.662
0.421752
0.662
0.662
0.662
0.163267
0.662
0.662
0.662
0.173348
0.178577
0.168129
0.275875
0.274531
0.662
0.633694
0.266652
0.37001
0.473586
0.662
0.662
0.405495
0.447465
0.119732
0.662
0.260778
0.142712
0.625649
0.206194
0.0631963
0.254634
0.662
0.495469
0.425674
0.662
0.132637
0.662
0.259242
0.662
0.185592
0.0145498
0.662
0.662
0.0688516
0.662
0.662
0.662
0.662
0.389129
0.0562994
0.447096
0.662
0.662
0.662
0.328513
0.32917
0.14245
0.662
0.160695
0.155724
0.662
0.0989322
0.662
0.0496918
0.662
0.662
0.306678
0.36377
0.440742
0.347035
0.032001
0.182495
0.159521
0.662
0.662
0.0527493
0.480803
0.662
0.662
0.662
0.662
0.368826
0.230012
0.143251
0.0604898
0.346356
0.167162
0.662
0.18761
0.293426
0.662
0.466283
0.25694
0.662
0.271758
0.542046
0.336115
0.165179
0.662
0.147385
0.248763
0.662
0.217007
0.54352
0.662
0.662
0.438364
0.267182
0.142672
0.38935
0.662
0.479214
0.662
0.250797
0.662
0.662
0.241364
0.662
0.603809
0.662
0.429799
0.662
0.229282
0.395366
0.662
0.438839
0.66061
0.250915
0.315318
0.44316
0.597665
0.662
0.183391
0.26972
0.662
0.662
0.662
0.504971
0.662
0.662
0.662
0.662
0.662
0.662
0.459703
0.149618
0.662
0.328098
0.206175
0.662
0.0279525
0.662
0.198342
0.131027
0.0995297
0.662
0.662
0.222565
0.662
0.00761491
0.662
0.298071
0.662
0.662
0.180928
0.662
0.410136
0.588079
0.361518
0.294647
0.662
0.662
0.194978
0.401443
0.33657
0.110307
0.284188
0.0213222
0.662
0.216108
0.346435
0.662
0.0583311
0.194304
0.662
0.280343
0.0117432
0.491704
0.662
0.0269362
0.354492
0.412931
0.263544
0.662
0.662
0.662
0.0702678
0.662
0.245891
0.438235
0.439178
0.662
0.662
0.662
0.662
0.0829171
0.662
0.662
0.263309
0.343484
0.662
0.662
0.000778909
0.266787
0.440418
0.22391
0.570385
0.0794322
0.662
0.329653
0.409281
0.466183
0.0716948
0.112849
0.174481
0.390669
0.283727
0.598382
0.662
0.662
0.151579
0.23294
0.200784
0.4771
0.662
0.662
0.0869944
0.355446
0.127022
0.500727
0.3421
0.662
0.561644
0.662
0.43155
0.197112
0.662
0.462938
0.186703
0.250652
0.179965
0.662
0.662
0.247363
0.662
0.18855
0.0843356
0.662
0.418236
0.662
0.662
0.662
0.662
0.378904
0.394583
0.662
0.559491
0.489609
0.48763
0.260735
0.662
0.0607449
0.374535
0.439094
0.662
0.662
0.662
0.662
0.662
0.662
0.662
0.16993
0.278573
0.468246
0.662
0.662
0.139081
0.662
0.245499
0.11372
0.391305
0.568696
0.662
0.662
0.309952
0.662
0.116865
0.21489
0.662
0.277021
0.0273726
0.565597
0.222108
0.194579
0.0386256
0.328184
0.662
0.412273
0.662
0.662
0.211555
0.271117
0.472908
0.257279
0.244867
0.56753
0.662
0.662
0.0270899
0.662
0.420923
0.072532
0.662
0.662
0.0643074
0.323996
0.662
0.662
0.248897
0.662
0.662
0.356021
0.092157
0.334828
0.5941
0.288533
0.662
0.459362
0.374902
0.662
0.418658
0.181105
0.194675
0.662
0.460801
0.662
0.662
0.251091
0.662
0.395571
0.341928
0.662
0.662
0.372891
0.662
0.436946
0.389166
0.662
0.662
0.202166
0.331212
0.662
0.461263
0.2541
0.662
0.662
0.225745
0.662
0.662
0.246677
0.662
0.662
0.205406
0.47242
0.662
0.662
0.475281
0.662
0.662
0.662
0.662
0.662
0.251513
0.136521
0.662
0.662
0.662
0.0810611
0.662
0.662
0.285217
0.662
0.311147
0.577277
0.662
0.273781
0.19058
0.662
0.662
0.0386244
0.662
0.128051
0.132867
0.380374
0.258404
0.179602
0.662
0.662
0.272525
0.662
0.0142601
0.662
0.662
0.205164
0.304886
0.662
0.662
0.18545
0.0577996
0.413686
0.240753
0.464427
0.173771
0.662
0.457178
0.662
0.662
0.662
0.161672
0.662
0.404191
0.214402
0.0423838
0.662
0.662
0.299684
0.662
0.662
0.522196
0.662
0.662
0.662
0.662
0.368648
0.662
0.204602
0.662
0.0121751
0.662
0.210457
0.662
0.662
0.16141
0.0327052
0.289241
0.180294
0.662
0.662
0.365397
0.662
0.376578
0.662
0.132715
0.34542
0.662
0.274365
0.662
0.662
0.284561
0.288053
0.662
0.662
0.44517
0.662
0.662
0.11659
0.662
0.554912
0.334612
0.662
0.452327
0.307758
0.662
0.662
0.0175518
0.662
0.662
0.568749
0.458034
0.254467
0.662
0.376122
0.186438
0.143778
0.662
0.441896
0.43129
0.164151
0.279349
0.662
0.662
0.208422
0.11611
0.662
0.209402
0.0647377
0.662
0.662
0.662
0.0302756
0.20283
0.0644559
0.662
0.061677
0.662
0.195088
0.662
0.662
0.662
0.465446
0.438691
0.662
0.152558
0.662
0.258942
0.21318
0.662
0.662
0.662
0.404547
0.662
0.300698
0.268623
0.321825
0.252356
0.662
0.165051
0.662
0.341623
0.662
0.425612
0.17506
0.662
0.662
0.254278
0.273328
0.195052
0.301261
0.662
0.085999
0.258512
0.26418
0.265405
0.258856
0.662
0.0685114
0.267148
0.662
0.343578
0.440846
0.662
0.662
0.288716
0.0618197
0.662
0.246706
0.662
0.662
0.261599
0.662
0.662
0.662
0.211734
0.146056
0.662
0.304375
0.205568
0.662
0.154486
0.662
0.387249
0.662
0.229466
0.662
0.662
0.517208
0.45428
0.292214
0.152882
0.662
0.387102
0.662
0.662
0.662
0.662
0.662
0.304899
0.662
0.211041
0.20397
0.450113
0.662
0.662
0.662
0.340492
0.662
0.275764
0.662
0.474488
0.0472141
0.0143099
0.160533
0.284637
0.662
0.662
0.466824
0.662
0.662
0.221626
0.336414
0.228355
0.662
0.121719
0.662
0.482827
0.250233
0.662
0.334101
0.213556
0.185609
0.662
0.212965
0.662
0.101117
0.662
0.167039
0.662
0.282608
0.662
0.662
0.662
0.662
0.662
0.662
0.241312
0.662
0.662
0.662
0.389279
0.54602
0.578466
0.232764
0.662
0.662
0.0723538
0.662
0.662
0.485471
0.662
0.662
0.291323
0.293698
0.662
0.662
0.24963
0.662
0.596444
0.662
0.0193689
0.0961305
0.662
0.662
0.662
0.535824
0.30928
0.469477
0.181884
0.0395398
0.44285
0.0906771
0.662
0.310838
0.348965
0.407306
0.375866
0.662
0.266225
0.0335383
0.249758
0.59965
0.296784
0.662
0.633648
0.662
0.468085
0.628559
0.255065
0.662
0.443319
0.463947
0.401419
0.24591
0.0874405
0.469416
0.662
0.662
0.113728
0.414882
0.0600085
0.632267
0.322078
0.0649604
0.662
0.662
0.269344
0.255502
0.662
0.0608477
0.662
0.355807
0.415863
0.662
0.0179558
0.662
0.2175
0.662
0.662
0.139605
0.209828
0.662
0.0711537
0.245148
0.2385
0.0576557
0.350279
0.241286
0.312796
0.662
0.662
0.662
0.103937
0.406683
0.22854
0.662
0.23935
0.662
0.151854
0.662
0.197782
0.662
0.227912
0.662
0.137689
0.662
0.190923
0.662
0.216042
0.451571
0.205285
0.662
0.338198
0.465022
0.12506
0.454751
0.0997433
0.662
0.349034
0.662
0.172201
0.662
0.285394
0.371433
0.422225
0.516079
0.196348
0.153669
0.662
0.662
0.662
0.336966
0.662
0.420766
0.662
0.0981255
0.372035
0.662
0.662
0.662
0.302498
0.328858
0.662
0.662
0.662
0.200081
0.662
0.662
0.662
0.569341
0.65903
0.178933
0.464002
0.662
0.0377161
0.662
0.654522
0.662
0.662
0.662
0.662
0.326033
0.662
0.308133
0.394109
0.215045
0.263515
0.453396
0.662
0.662
0.662
0.0697882
0.568009
0.662
0.662
0.273115
0.662
0.662
0.662
0.485977
0.316413
0.662
0.522929
0.662
0.662
0.000280024
0.662
0.662
0.081898
0.0378985
0.662
0.401211
0.231532
0.158326
0.31253
0.275813
0.436257
0.182217
0.202673
0.41816
0.662
0.269688
0.20055
0.0972531
0.328292
0.207431
0.334205
0.263191
0.480106
0.662
0.662
0.0370018
0.355566
0.372002
0.221147
0.134679
0.662
0.662
0.176256
0.662
0.193252
0.662
0.662
0.240519
0.662
0.338439
0.662
0.662
0.295129
0.370421
0.662
0.446718
0.662
0.2505
0.174345
0.331833
0.295402
0.662
0.662
0.443239
0.662
0.0168086
0.529384
0.115138
0.431857
0.361959
0.295623
0.662
0.662
0.418262
0.22412
0.212824
0.0261599
0.164891
0.662
0.379691
0.662
0.285226
0.384509
0.28778
0.529606
0.366204
0.662
0.662
0.662
0.662
0.662
0.209164
0.662
0.259669
0.253277
0.167771
0.662
0.488207
0.0744627
0.214484
0.376612
0.662
0.215149
0.428842
0.528822
0.381886
0.468515
0.486057
0.0575814
0.662
0.264125
0.222907
0.662
0.662
0.662
0.662
0.129324
0.137051
0.218634
0.213429
0.353894
0.662
0.467449
0.103832
0.662
0.159399
0.398539
0.662
0.120506
0.662
0.389112
0.297809
0.317016
0.379989
0.662
0.288372
0.0122643
0.662
0.662
0.410808
0.0359488
0.249812
0.184064
0.382009
0.251507
0.259184
0.662
0.662
0.280657
0.187199
0.662
0.43536
0.662
0.662
0.0387337
0.45209
0.662
0.662
0.236576
0.421248
0.662
0.328406
0.662
0.375603
0.662
0.662
0.662
0.317637
0.139847
0.610364
0.662
0.270447
0.38493
0.662
0.389231
0.399501
0.14939
0.395822
0.329946
0.0319869
0.438346
0.268023
0.179049
0.22773
0.662
0.662
0.262808
0.413817
0.0667309
0.662
0.662
0.219554
0.662
0.662
0.277089
0.662
0.662
0.460388
0.662
0.662
0.662
0.304581
0.527562
0.25124
0.36447
0.662
0.388144
0.455962
0.117951
0.150686
0.173878
0.662
0.662
0.662
0.135414
0.247248
0.662
0.232111
0.662
0.298969
0.348134
0.338488
0.662
0.662
0.279792
0.662
0.604022
0.069133
0.334716
0.662
0.662
0.211856
0.662
0.662
0.662
0.662
0.302516
0.368612
0.662
0.394547
0.151643
0.464973
0.2525
0.408291
0.662
0.662
0.662
0.0840624
0.190123
0.662
0.662
0.120774
0.423416
0.395668
0.465783
0.470748
0.430145
0.369314
0.662
0.0838361
0.662
0.062381
0.662
0.280095
0.451572
0.189269
0.19442
0.662
0.479385
0.400962
0.184501
0.286585
0.662
0.545045
0.662
0.466389
0.662
0.359761
0.341825
0.227843
0.662
0.662
0.110751
0.189466
0.662
0.662
0.334963
0.243749
0.587291
0.662
0.649571
0.213054
0.441785
0.11545
0.662
0.662
0.195708
0.662
0.662
0.301169
0.662
0.144687
0.231612
0.662
0.662
0.157319
0.0282461
0.662
0.157868
0.662
0.662
0.662
0.662
0.213126
0.49741
0.273614
0.378807
0.134079
0.19753
0.447621
0.662
0.662
0.662
0.662
0.256444
0.22624
0.00531999
0.662
0.275261
0.237186
0.232799
0.476398
0.662
0.366735
0.662
0.662
0.185293
0.364801
0.662
0.0269934
0.307025
0.216374
0.422003
0.662
0.494472
0.365665
0.465424
0.25685
0.121744
0.11044
0.662
0.662
0.291851
0.662
0.458992
0.662
0.452174
0.165115
0.662
0.0876942
0.662
0.151071
0.662
0.662
0.0717981
0.418761
0.123902
0.124463
0.13718
0.0232476
0.182019
0.390436
0.662
0.316549
0.46353
0.236556
0.417265
0.662
0.662
0.0123462
0.662
0.662
