0.379974
0.562193
0.192706
0.595515
0.184832
0.662
0.662
0.662
0.662
0.0064704
0.662
0.662
0.662
0.662
0.210339
0.617168
0.61671
0.662
0.178444
0.144245
0.662
0.662
0.541473
0.322726
0.0249896
0.227499
0.184744
0.662
0.0251501
0.385951
0.662
0.217775
0.662
0.662
0.145671
0.662
0.662
0.592252
0.662
0.347359
0.662
0.662
0.137777
0.0925207
0.662
0.662
0.0536884
0.470512
0.316931
0.334537
0.662
0.662
0.203387
0.662
0.662
0.662
0.208076
0.381791
0.662
0.662
0.520555
0.0588164
0.662
0.52271
0.662
0.662
0.49241
0.662
0.0580232
0.662
0.135962
0.177046
0.32883
0.0877852
0.284567
0.662
0.047711
0.662
0.662
0.662
0.302508
0.219283
0.662
0.662
0.662
0.41711
0.190637
0.629763
0.662
0.405421
0.662
0.36668
0.422883
0.662
0.302061
0.187628
0.662
0.598121
0.432129
0.168528
0.181857
0.662
0.341561
0.662
0.00769489
0.193659
0.167961
0.532293
0.292167
0.493883
0.414934
0.0887703
0.662
0.658457
0.662
0.20969
0.354549
0.662
0.622798
0.490929
0.286346
0.662
0.127084
0.000961335
0.559961
0.599577
0.0891054
0.662
0.662
0.662
0.0805177
0.391764
0.662
0.175172
0.609012
0.644914
0.368803
0.662
0.662
0.449105
0.377348
0.662
0.662
0.662
0.411811
0.662
0.339874
0.0248843
0.662
0.139306
0.662
0.579968
0.662
0.263854
0.263419
0.251182
0.662
0.209193
0.662
0.413497
0.304934
0.604395
0.662
0.662
0.204269
0.662
0.141445
0.662
0.214581
0.355403
0.662
0.146115
0.662
0.095606
0.662
0.178903
0.662
0.200509
0.499302
0.662
0.662
0.200516
0.262684
0.0640529
0.349855
0.662
0.379795
0.32292
0.662
0.134188
0.284596
0.0768037
0.0960299
0.266258
0.662
0.620261
0.586036
0.662
0.528514
0.40437
0.193447
0.392464
0.651928
0.344532
0.429516
0.0959343
0.662
0.662
0.142323
0.662
0.564896
0.25791
0.144708
0.607052
0.0677833
0.000335744
0.247931
0.252266
0.662
0.662
0.556178
0.662
0.662
0.662
0.662
0.436118
0.0937426
0.662
0.159663
0.215438
0.662
0.153736
0.662
0.310268
0.662
0.474414
0.662
0.207328
0.381574
0.410156
0.587423
0.662
0.0758552
0.135903
0.472493
0.662
0.418045
0.246313
0.305574
0.662
0.662
0.0242689
0.511537
0.662
0.434451
0.662
0.471938
0.00314702
0.662
0.662
0.662
0.662
0.451965
0.327463
0.662
0.662
0.526925
0.248492
0.0890222
0.662
0.199844
0.623933
0.257096
0.0776396
0.198994
0.367464
0.0543897
0.116901
0.596052
0.614446
0.00538537
0.662
0.620606
0.473206
0.0379801
0.662
0.662
0.221561
0.413616
0.553274
0.286476
0.446434
0.662
0.238724
0.662
0.662
0.138163
0.662
0.662
0.191122
0.106041
0.662
0.426909
0.465111
0.0394539
0.165225
0.216523
0.369142
0.0737303
0.662
0.0725491
0.662
0.440745
0.662
0.0316474
0.662
0.662
0.467181
0.662
0.662
0.662
0.485197
0.196417
0.662
0.151433
0.344014
0.662
0.387322
0.381729
0.0764089
0.662
0.447038
0.461095
0.662
0.261105
0.662
0.33211
0.662
0.30789
0.662
0.380017
0.662
0.134453
0.121793
0.208926
0.304029
0.495323
0.662
0.240756
0.457041
0.100922
0.503243
0.0198723
0.662
0.0631038
0.662
0.236925
0.619418
0.630436
0.497663
0.180341
0.145058
0.662
0.662
0.558774
0.443501
0.0220607
0.347477
0.205432
0.4184
0.633694
0.102806
0.309802
0.662
0.423425
0.662
0.163452
0.662
0.662
0.230639
0.394552
0.324268
0.31711
0.22218
0.187733
0.160342
0.190857
0.424871
0.439625
0.0571869
0.0592614
0.148038
0.662
0.189959
0.662
0.229134
0.0780566
0.662
0.662
0.138989
0.662
0.218497
0.453222
0.4604
0.103034
0.119396
0.662
0.662
0.590709
0.662
0.310352
0.219755
0.662
0.251061
0.662
0.662
0.305162
0.335541
0.662
0.31134
0.122216
0.662
0.393512
0.203537
0.366596
0.444598
0.306885
0.320873
0.662
0.167362
0.304631
0.316721
0.662
0.662
0.662
0.0924674
0.662
0.392392
0.662
0.662
0.261251
0.662
0.662
0.0266991
0.213419
0.200772
0.0758283
0.662
0.0770649
0.288211
0.191375
0.370398
0.662
0.662
0.488799
0.152921
0.662
0.662
0.196112
0.243978
0.0495416
0.178369
0.201089
0.286485
0.2181
0.662
0.290057
0.496856
0.662
0.662
0.662
0.34493
0.662
0.322711
0.662
0.633391
0.662
0.662
0.225757
0.286001
0.662
0.239322
0.234502
0.162144
0.662
0.662
0.662
0.233217
0.662
0.662
0.662
0.31029
0.326535
0.662
0.00336497
0.662
0.662
0.202075
0.266609
0.662
0.662
0.662
0.45858
0.24305
0.662
0.662
0.501571
0.662
0.0153174
0.161761
0.049159
0.442212
0.662
0.662
0.208806
0.549364
0.662
0.662
0.662
0.599044
0.662
0.071427
0.662
0.19008
0.415163
0.662
0.193749
0.344405
