0.181857
0.35759
0.502404
0.0912411
0.265868
0.662
0.228562
0.198994
0.330348
0.662
0.212776
0.197726
0.662
0.225139
0.501571
0.31134
0.662
0.620606
0.501052
0.662
0.183867
0.234457
0.489818
0.404894
0.449461
0.662
0.662
0.210579
0.108738
0.236925
0.662
0.598121
0.662
0.268111
0.662
0.662
0.662
0.176232
0.155124
0.662
0.330305
0.662
0.215258
0.114534
0.384429
0.662
0.655247
0.662
0.263854
0.349855
0.415273
0.0741334
0.0589366
0.662
0.662
0.495515
0.662
0.0850882
0.414934
0.350999
0.160342
0.0758552
0.138716
0.662
0.240241
0.662
0.662
0.119048
0.330059
0.2063
0.330882
0.00629934
0.306885
0.579968
0.400213
0.584206
0.322726
0.322711
0.662
0.442212
0.662
0.237665
0.662
0.115862
0.662
0.146115
0.186969
0.548609
0.662
0.662
0.599044
0.369142
0.55473
0.00538537
0.0563416
0.381225
0.392464
0.0317909
0.662
0.662
0.633694
0.662
0.662
0.494556
0.205432
0.116901
0.34493
0.196323
0.106041
0.367464
0.260183
0.0174064
0.662
0.405871
0.172616
0.662
0.251061
0.152921
0.662
0.662
0.662
0.141445
0.208264
0.662
0.562193
0.334063
0.103034
0.267294
0.662
0.248133
0.217984
0.292167
0.662
0.449105
0.222825
0.154231
0.662
0.662
0.662
0.0805177
0.662
0.286346
0.167961
0.407353
0.343248
0.662
0.0541932
0.344405
0.324268
0.223722
0.662
0.149314
0.0193729
0.662
0.410156
0.376788
0.4604
0.662
0.343307
0.221561
0.234313
0.18543
0.385461
0.662
0.32883
0.662
0.12362
0.472276
0.115965
0.0721168
0.662
0.193388
0.662
0.000335744
0.662
0.0372965
0.662
0.189195
0.0248843
0.446534
0.662
0.148792
0.662
0.0342635
0.423425
0.662
0.3825
0.133386
0.211518
0.475952
0.662
0.285869
0.662
0.465111
0.402187
0.555253
0.662
0.455775
0.608389
0.047711
0.385632
0.330855
0.620402
0.662
0.138361
0.503815
0.662
0.0486159
0.184108
0.327108
0.181451
0.385951
0.662
0.154166
0.446434
0.459975
0.662
0.662
0.454009
0.662
0.662
0.433287
0.124582
0.202097
0.662
0.190857
0.240929
0.662
0.662
0.662
0.102806
0.302061
0.473206
0.415817
0.213078
0.380017
0.662
0.662
0.662
0.240756
0.558774
0.662
0.662
0.460586
0.0737303
0.662
0.536778
0.662
0.662
0.662
0.1399
0.662
0.196112
0.377378
0.254215
0.219283
0.662
0.662
0.473433
0.271066
0.0725606
0.662
0.662
0.0518885
0.493883
0.331677
0.199592
0.0764089
0.662
0.662
0.235387
0.662
0.210145
0.25298
0.662
0.41474
0.662
0.26527
0.662
0.297938
0.208806
0.415163
0.238716
0.381791
0.662
0.209902
0.191278
0.0904068
0.187628
0.662
0.177226
0.662
0.662
0.144245
0.165001
0.391764
0.662
0.429516
0.0959343
0.662
0.156822
0.208076
0.662
0.00841264
0.662
0.36668
0.151433
0.0543897
0.662
0.662
0.220962
0.614446
0.662
0.343703
0.662
0.492576
0.662
0.662
0.142323
0.662
0.288211
0.662
0.662
0.141681
0.442476
0.662
0.410221
0.27235
0.194042
0.662
0.662
0.418045
0.52271
0.662
0.131222
0.662
0.355221
0.339414
0.662
0.662
0.662
0.595515
0.662
0.425103
0.662
0.19008
0.608861
0.0394539
0.662
0.662
0.262684
0.111706
0.53639
0.662
0.662
0.662
0.662
0.111187
0.0758283
0.662
0.137368
0.55693
0.662
0.0320561
0.22697
0.662
0.537767
0.196905
0.662
0.388739
0.662
0.662
0.289269
0.662
0.22218
0.662
0.659684
0.388091
0.662
0.0780566
0.502074
0.0858587
0.286139
0.0715816
0.249014
0.472559
0.662
0.662
0.662
0.662
0.134957
0.200516
0.662
0.662
0.662
0.662
0.333238
0.662
0.390852
0.233779
0.662
0.0495416
0.354857
0.2077
0.242584
0.662
0.662
0.604395
0.304631
0.662
0.153212
0.457041
0.629763
0.208926
0.239756
0.662
0.662
0.662
0.62321
0.662
0.23854
0.218497
0.559961
0.662
0.630436
0.309108
0.23605
0.0746084
0.475914
0.662
0.285663
0.451965
0.662
0.253298
0.662
0.13682
0.662
0.430799
0.00891494
0.662
0.662
0.518238
0.314953
0.662
0.50598
0.662
0.662
0.316165
0.566322
0.662
0.662
0.662
0.662
0.395041
0.658457
0.187701
0.662
0.0294018
0.398871
0.186807
0.221139
0.286476
0.662
0.471938
0.662
0.662
0.187309
0.278346
0.662
0.45956
0.662
0.463727
0.489053
0.318704
0.617168
0.662
0.310268
0.607052
0.556178
0.349962
0.0536884
0.191375
0.370398
0.662
0.0563656
0.391783
0.185519
0.449053
0.29141
0.252266
0.335541
0.0371882
0.393459
0.31029
0.662
0.662
0.206376
0.662
0.662
0.660789
0.372064
0.37874
0.00907929
0.135903
0.0929505
0.482662
0.230639
0.443501
0.424871
0.662
0.144836
0.0132034
0.662
0.474414
0.662
0.359976
0.218803
0.662
0.662
0.0432216
0.0863565
0.662
0.40183
0.316721
0.662
0.662
0.177046
0.217775
0.242652
0.134453
0.447038
0.662
0.662
0.288565
0.662
0.45858
0.549043
0.490929
0.0746174
0.662
0.145873
0.662
0.662
0.662
0.287778
0.662
0.264391
0.124932
0.454498
0.135962
0.166069
0.662
0.186938
0.662
0.14424
0.662
0.662
0.662
0.662
0.184744
0.221563
0.662
0.269866
0.227499
0.393259
0.662
0.344842
0.662
0.151586
0.227772
0.128641
0.216523
0.662
0.123824
0.662
0.376033
0.127084
0.310352
0.0352402
0.342095
0.202423
0.662
0.233217
0.316931
0.570022
0.184572
0.237023
0.248782
0.256169
0.662
0.272112
0.0348663
0.372052
0.662
0.662
0.662
0.200509
0.384179
0.245235
0.455259
0.662
0.127437
0.134444
0.214581
0.377348
0.238735
0.206688
0.0768037
0.503243
0.387322
0.117164
0.662
0.137396
0.662
0.662
0.386894
0.263419
0.563083
0.383551
0.0828403
0.662
0.662
0.662
0.203707
0.0592614
0.515228
0.418559
0.662
0.662
0.662
0.0700644
0.238482
0.662
0.662
0.599577
0.0462988
0.662
0.4618
0.381729
0.662
0.208536
0.662
0.662
0.189959
0.207046
0.582173
0.662
0.419762
0.259317
0.00762954
0.662
0.541473
0.0915284
0.205578
0.4184
0.662
0.206643
0.404749
0.662
0.337354
0.526925
0.575452
0.662
0.498557
0.662
0.168528
0.381574
0.344532
0.662
0.662
0.238724
0.187418
0.662
0.24305
0.544346
0.413126
0.662
0.662
0.193659
0.0834275
0.2181
0.0916486
0.472493
0.49241
0.496856
0.193181
0.662
0.385184
0.662
0.0925207
0.609012
0.662
0.454371
0.191515
0.298595
0.662
0.662
0.266258
0.662
0.426909
0.432975
0.662
0.436807
0.487186
0.207362
0.138163
0.0251501
0.662
0.170877
0.202075
0.193749
0.119087
0.361504
0.439625
0.0402765
0.553274
0.662
0.461725
0.535568
0.529925
0.495323
0.662
0.384103
0.662
0.156864
0.662
0.194058
0.326414
0.662
0.662
0.662
0.662
0.261251
0.381404
0.662
0.662
0.662
0.00804397
0.36992
0.662
0.215438
0.461095
0.212288
0.049159
0.262969
0.196213
0.662
0.662
0.434451
0.148764
0.212945
0.662
0.619418
0.662
0.662
0.419314
0.0266991
0.662
0.662
0.383
0.201123
0.44652
0.320873
0.662
0.662
0.662
0.555275
0.360781
0.662
0.17787
0.662
0.304029
0.0965272
0.18995
0.0153174
0.394552
0.260536
0.61671
