0.451578
0.237369
0.662
0.21479
0.203247
0.178608
0.298922
0.662
0.662
0.353998
0.300794
0.154058
0.240659
0.662
0.131231
0.662
0.222483
0.662
0.662
0.464157
0.155694
0.24868
0.300476
0.662
0.111558
0.536974
0.224204
0.280749
0.247723
0.474386
0.662
0.153777
0.150758
0.662
0.0737222
0.12098
0.305968
0.411224
0.376857
0.425752
0.315329
0.662
0.280424
0.662
0.369331
0.662
0.0407684
0.662
0.215208
0.621154
0.215401
0.448756
0.662
0.662
0.131245
0.222793
0.374345
0.465524
0.242427
0.662
0.445082
0.332345
0.55958
0.256339
0.551066
0.662
0.307289
0.307176
0.356053
0.413081
0.462925
0.250758
0.662
0.662
0.3558
0.637329
0.662
0.662
0.435354
0.662
0.662
0.146056
0.141436
0.323254
0.662
0.662
0.170327
0.662
0.662
0.163468
0.662
0.163012
0.662
0.662
0.123928
0.180187
0.199691
0.253767
0.662
0.289806
0.662
0.477211
0.112842
0.129311
0.662
0.662
0.662
0.662
0.662
0.662
0.662
0.292428
0.662
0.34623
0.307414
0.662
0.662
0.146343
0.234735
0.662
0.304685
0.376889
0.662
0.662
0.662
0.267374
0.0419424
0.414318
0.662
0.221666
0.510844
0.662
0.321467
0.266322
0.662
0.0752231
0.183799
0.099838
0.662
0.662
0.211698
0.203083
0.662
0.297246
0.662
0.275639
0.662
0.662
0.404482
0.662
0.269132
0.314133
0.662
0.2214
0.037411
0.662
0.499127
0.647985
0.34143
0.662
0.435742
0.662
0.169763
0.221829
0.662
0.662
0.199345
0.415022
0.234133
0.195723
0.662
0.196803
0.662
0.662
0.662
0.555649
0.448496
0.0250624
0.47305
0.412145
0.509495
0.122958
0.662
0.0250846
0.425461
0.343315
0.438385
0.662
0.0520249
0.0233532
0.392673
0.662
0.662
0.191134
0.662
0.0134269
0.662
0.461098
0.662
0.662
0.662
0.317629
0.662
0.270823
0.0548555
0.656429
0.339462
0.662
0.111589
0.495358
0.388165
0.453747
0.492994
0.662
0.662
0.111672
0.662
0.662
0.333089
0.426916
0.662
0.662
0.662
0.446631
0.264898
0.662
0.269367
0.662
0.064948
0.078476
0.0440807
0.395109
0.432807
0.662
0.662
0.494533
0.662
0.462351
0.662
0.0191988
0.21043
0.432673
0.662
0.127952
0.662
0.209605
0.294835
0.138702
0.563923
0.662
0.662
0.599666
0.662
0.420243
0.408663
0.0619874
0.0203521
0.662
0.618852
0.421094
0.662
0.115848
0.315278
0.423111
0.662
0.00336125
0.662
0.388373
0.314748
0.364477
0.662
0.323427
0.237481
0.143222
0.662
0.662
0.183203
0.36056
0.662
0.314974
0.0325661
0.662
0.0224723
0.662
0.662
0.193035
0.662
0.203595
0.662
0.662
0.662
0.289241
0.00668155
0.554166
0.483215
0.402352
0.662
0.662
0.118113
0.118851
0.455146
0.2914
0.662
0.662
0.469569
0.255983
0.662
0.135696
0.126729
0.611448
0.333977
0.662
0.23853
0.452974
0.419528
0.11894
0.349387
0.662
0.662
0.0200861
0.138589
0.662
0.266418
0.320478
0.123199
0.590287
0.156539
0.662
0.233145
0.111134
0.134557
0.662
0.239712
0.662
0.236232
0.172521
0.0802713
0.662
0.515804
0.662
0.169017
0.150232
0.250205
0.448443
0.262214
0.00539231
0.662
0.662
0.293093
0.662
0.662
0.455479
0.49724
0.662
0.188035
0.531385
0.662
0.662
0.662
0.662
0.293556
0.207298
0.662
0.461813
0.256768
0.662
0.192424
0.0641938
0.0783036
0.662
0.662
0.662
0.662
0.29534
0.662
0.16792
0.662
0.140331
0.662
0.662
0.662
0.662
0.662
0.326687
0.374424
0.493513
0.662
0.246781
0.495394
0.662
0.662
0.429368
0.662
0.283051
0.662
0.352416
0.662
0.662
0.662
0.662
0.662
0.0369825
0.402468
0.662
0.315261
0.0332522
0.662
0.431802
0.662
0.662
0.662
0.662
0.289996
0.272971
0.233113
0.662
0.0529918
0.662
0.396772
0.662
0.662
0.149919
0.662
0.662
0.662
0.662
0.662
0.662
0.0763314
0.662
0.33032
0.662
0.662
0.516668
0.0114556
0.662
0.146648
0.507324
0.290554
0.230715
0.662
0.215981
0.662
0.662
0.316721
0.354469
0.662
0.112054
0.388313
0.662
0.0711431
0.662
0.662
0.662
0.354715
0.00337055
0.170062
0.104734
0.662
0.39936
0.662
0.662
0.302119
0.662
0.322853
0.662
0.0337331
0.152797
0.302104
0.227367
0.662
0.577569
0.662
0.433732
0.240164
0.662
0.662
0.662
0.0595809
0.662
0.662
0.219798
0.662
0.662
0.0237703
0.0862665
0.662
0.216818
0.356346
0.662
0.662
0.273751
0.662
0.312436
0.662
0.359197
0.662
0.662
0.662
0.662
0.0990476
0.662
0.305632
0.662
0.274684
0.00196101
0.662
0.450753
0.662
0.662
0.662
0.662
0.662
0.662
0.555919
0.266319
0.424478
0.0897331
0.030322
0.271603
0.662
0.391187
0.660602
0.662
0.0414807
0.0607311
0.0126172
0.235997
0.662
0.259517
0.662
0.437741
0.359066
0.266593
0.662
0.196518
0.00517914
0.640814
0.253368
0.462448
0.454362
0.517601
0.662
0.186134
0.662
0.202449
0.249939
0.662
0.397394
0.26781
0.30438
0.273414
0.662
0.184879
0.336797
0.662
0.662
0.286668
0.662
0.662
0.049841
0.320181
0.440536
0.0634018
0.141924
0.662
0.662
0.101753
0.318598
0.662
0.48074
0.662
0.449661
0.662
0.662
0.662
0.456722
0.662
0.662
0.385777
0.205616
0.662
0.662
0.44787
0.251089
0.204019
0.365811
0.450377
0.662
0.268575
0.390307
0.662
0.662
0.281994
0.662
0.0144406
0.20606
0.662
0.139885
0.662
0.662
0.662
0.577124
0.32515
0.662
0.662
0.554075
0.187639
0.237413
0.662
0.115252
0.222501
0.398982
0.189723
0.292804
0.427377
0.536481
0.159908
0.662
0.38156
0.662
0.662
0.331128
0.354928
0.229653
0.662
0.126916
0.662
0.662
0.453979
0.662
0.179779
0.662
0.144056
0.0258291
0.179078
0.662
0.662
0.267114
0.195468
0.662
0.662
0.662
0.0730012
0.217745
0.343354
0.662
0.319081
0.662
0.193376
0.296411
0.662
0.225272
0.398475
0.0312533
0.662
0.662
0.662
0.107108
0.662
0.662
0.0528649
0.316728
0.10531
0.280669
0.662
0.187108
0.25774
0.0428222
0.662
0.00519181
0.254164
0.623401
0.604304
0.662
0.662
0.434095
0.377951
0.185802
0.520438
0.22564
0.662
0.211288
0.279274
0.662
0.112616
0.662
0.31153
0.252508
0.43131
0.356376
0.662
0.207768
0.434649
0.662
0.463242
0.662
0.662
0.413594
0.610427
0.189376
0.662
0.415514
0.0537494
0.0300093
0.662
0.662
0.231407
0.185089
0.662
0.662
0.662
0.109713
0.0237467
0.662
0.662
0.662
0.662
0.107469
0.202379
0.364143
0.248445
0.0262566
0.662
0.662
0.662
0.662
0.430728
0.234065
0.282582
0.535113
0.00978573
0.0717089
0.662
0.00842892
0.662
0.111636
0.662
0.343355
0.209619
0.662
0.0718637
0.196115
0.0694451
0.39366
0.0934131
0.222733
0.371798
0.245386
0.136405
0.662
0.366747
0.415856
0.662
0.662
0.38811
0.442856
0.310799
0.22543
0.164902
0.277028
0.662
0.662
0.355988
0.35524
0.662
0.662
0.662
0.272649
0.201727
0.662
0.662
0.355445
0.611337
0.478503
0.662
0.662
0.462081
0.662
0.223976
0.297653
0.662
0.662
0.0445573
0.118411
0.662
0.432137
0.662
0.662
0.142331
0.662
0.46482
0.376069
0.206853
0.662
0.662
0.212963
0.374202
0.662
0.471974
0.658389
0.543901
0.0950852
0.662
0.0833787
0.251328
0.218885
0.662
0.662
0.442955
0.662
0.112876
0.662
0.333584
0.0428551
0.127744
0.236256
0.662
0.0524461
0.253683
0.475698
0.498344
0.466213
0.662
0.598611
0.0768092
0.409309
0.365727
0.16323
0.0612994
0.319034
0.271226
0.44409
0.662
0.322469
0.662
0.440707
0.000664861
0.0424317
0.662
0.662
0.5675
0.662
0.662
0.159671
0.444991
0.662
0.31556
0.441204
0.111652
0.423929
0.492359
0.662
0.662
0.440065
0.662
0.199399
0.358599
0.662
0.662
0.584896
0.290228
0.168894
0.454851
0.662
0.346192
0.228401
0.443856
0.662
0.305735
0.103984
0.218692
0.246305
0.11058
0.305595
0.298775
0.662
0.662
0.0534024
0.16157
0.19704
0.662
0.662
0.047387
0.662
0.312645
0.203957
0.662
0.0285739
0.662
0.53564
0.662
0.662
0.662
0.662
0.220523
0.191899
0.0951267
0.261987
0.662
0.0749668
0.662
0.662
0.0325113
0.662
0.494289
0.468895
0.38525
0.318669
0.126211
0.662
0.130548
0.662
0.644852
0.218926
0.445049
0.662
0.403417
0.662
0.662
0.266268
0.662
0.358736
0.140491
0.231206
0.194208
0.448982
0.527596
0.662
0.662
0.0136785
0.307826
0.662
0.662
0.662
0.662
0.324895
0.46685
0.106274
0.0761617
0.131303
0.662
0.291907
0.662
0.343375
0.662
0.662
0.662
0.662
0.0910418
0.662
0.662
0.662
0.174192
0.662
0.218294
0.662
0.00693151
0.401872
0.662
0.662
0.662
0.662
0.477683
0.287782
0.192049
0.662
0.662
0.270896
0.662
0.662
0.426771
0.388414
0.23084
0.662
0.209153
0.441636
0.662
0.662
0.19169
0.318103
0.109117
0.018712
0.2682
0.662
0.116082
0.268061
0.662
0.662
0.130853
0.412349
0.662
0.662
0.129624
0.426047
0.457859
0.662
0.431202
0.16296
0.30595
0.662
0.662
0.662
0.40034
0.0117115
0.662
0.322996
0.662
0.497304
0.165894
0.662
0.662
0.662
0.461999
0.00504644
0.57233
0.558584
0.662
0.272562
0.662
0.662
0.662
0.270146
0.139496
0.185534
0.34299
0.662
0.662
0.559771
0.248555
0.662
0.267407
0.0729762
0.113373
0.535393
0.05133
0.662
0.371422
0.662
0.201286
0.662
0.238154
0.411564
0.528801
0.662
0.662
0.662
0.662
0.385802
0.662
0.358066
0.118874
0.662
0.546271
0.406481
0.662
0.124798
0.662
0.662
0.315792
0.16094
0.246726
0.662
0.202695
0.262932
0.662
0.662
0.369197
0.0811862
0.451796
0.0882464
0.384983
0.348624
0.662
0.286781
0.127254
0.246878
0.122663
0.662
0.662
0.662
0.662
0.662
0.241497
0.430647
0.176142
0.662
0.662
0.266854
0.662
0.46804
0.662
0.662
0.662
0.220851
0.13847
0.662
0.387569
0.662
0.150303
0.273727
0.114652
0.432113
0.380475
0.207584
0.662
0.223157
0.27648
0.202397
0.617084
0.457072
0.307257
0.662
0.471175
0.248708
0.662
0.662
0.401955
0.662
0.662
0.232048
0.662
0.662
0.662
0.199516
0.662
0.156521
0.277094
0.0563264
0.245025
0.662
0.662
0.426652
0.467229
0.662
0.662
0.662
0.0510891
0.424364
0.450682
0.278045
0.250963
0.0147225
0.0244896
0.519587
0.148431
0.662
0.231446
0.417363
0.270824
0.510295
0.105793
0.308188
0.315875
0.662
0.077425
0.258243
0.140809
0.175285
0.202382
0.0459579
0.120655
0.329119
0.662
0.662
0.0918104
0.0474375
0.383723
0.0538134
0.662
0.144644
0.378987
0.662
0.412157
0.267448
0.218959
0.251757
0.292436
0.276714
0.662
0.384757
0.0500542
0.492237
0.662
0.296513
0.37738
0.16047
0.204848
0.649674
0.428078
0.662
0.16601
0.662
0.662
0.662
0.434811
0.662
0.662
0.0505389
0.662
0.189063
0.268891
0.205293
0.662
0.662
0.20077
0.133024
0.397002
0.387952
0.662
0.662
0.253241
0.662
0.177373
0.214875
0.662
0.662
0.379426
0.662
0.43531
0.662
0.662
0.235743
0.662
0.204034
0.662
0.662
0.253951
0.662
0.662
0.0114643
0.562851
0.632783
0.662
0.321472
0.45192
0.213388
0.359312
0.662
0.433266
0.298878
0.0638121
0.01616
0.662
0.0998331
0.662
0.572246
0.439498
0.662
0.595612
0.662
0.360262
0.0327348
0.662
0.662
0.105635
0.440685
0.40557
0.11589
0.0500904
0.266576
0.271676
0.427581
0.291564
0.662
0.181519
0.214989
0.486871
0.662
0.276743
0.436838
0.180712
0.393917
0.662
0.151754
0.192232
0.249421
0.0860107
0.105792
0.662
0.662
0.662
0.662
0.409607
0.22325
0.662
0.662
0.662
0.4296
0.662
0.662
0.209968
0.429931
0.116843
0.662
0.37746
0.662
0.631216
0.662
0.457632
0.245636
0.443652
0.662
0.0378945
0.662
0.662
0.65884
0.662
0.662
0.662
0.662
0.525511
0.437274
0.662
0.0944854
0.662
0.173754
0.662
0.662
0.603959
0.196131
0.662
0.119724
0.460516
0.662
0.155767
0.255061
0.662
0.213244
0.662
0.0667821
0.189412
0.470333
0.210886
0.240417
0.662
0.662
0.0371044
0.193715
0.016191
0.230541
0.662
0.0459842
0.438973
0.662
0.343674
0.341443
0.464655
0.662
0.662
0.0112225
0.662
0.662
0.662
0.662
0.224566
0.662
0.662
0.662
0.343278
0.204192
0.662
0.294271
0.189825
0.662
0.662
0.0223662
0.662
0.320226
0.662
0.0228933
0.178825
0.481198
0.206654
0.167255
0.302443
0.662
0.662
0.662
0.662
0.422367
0.0799033
0.41026
0.190129
0.000249825
0.244805
0.662
0.662
0.168679
0.463872
0.662
0.290921
0.133846
0.533748
0.662
0.662
0.220946
0.510566
0.300729
0.313322
0.662
0.147242
0.662
0.243413
0.429849
0.165542
0.250641
0.236668
0.246687
0.307149
0.662
0.429153
0.662
0.662
0.358497
0.471208
0.281159
0.662
0.404679
0.0332309
0.662
0.364014
0.662
0.662
0.662
0.431702
0.662
0.662
0.662
0.662
0.465859
0.451082
0.214852
0.662
0.662
0.662
0.0155159
0.280321
0.662
0.229545
0.662
0.248223
0.662
0.662
0.662
0.362396
0.408159
0.662
0.662
0.662
0.263514
0.147348
0.662
0.520118
0.662
0.431062
0.0246733
0.662
0.662
0.422132
0.662
0.662
0.662
0.00119091
0.428089
0.434231
0.662
0.0804408
0.128657
0.662
0.662
0.662
0.281098
0.205833
0.662
0.662
0.662
0.263294
0.662
0.194935
0.505403
0.279635
0.182065
0.0618399
0.518205
0.143716
0.00439108
0.662
0.662
0.410912
0.662
0.346752
0.662
0.354427
0.0883817
0.662
0.662
0.662
0.662
0.415397
0.220426
0.576911
0.636483
0.662
0.122656
0.422617
0.364321
0.265103
0.662
0.662
0.662
0.662
0.662
0.662
0.662
0.482296
0.662
0.186999
0.470444
0.213748
0.018536
0.591943
0.379434
0.645485
0.662
0.169798
0.662
0.237636
0.0417065
0.662
0.456958
0.0920242
0.201328
0.662
0.662
0.206172
0.359491
0.101259
0.246578
0.662
0.308473
0.400522
0.662
0.321032
0.240184
0.307897
0.662
0.662
0.662
0.592702
0.0509587
0.0221005
0.662
0.170598
0.154259
0.378825
0.211575
0.662
0.662
0.662
0.662
0.198335
0.662
0.25024
0.662
0.662
0.228345
0.662
0.322992
0.662
0.662
0.438675
0.662
0.378172
0.164932
0.0448898
0.471723
0.304277
0.0470052
0.662
0.126045
0.662
0.272441
0.662
0.189877
0.195082
0.43089
0.662
0.24861
0.208942
0.662
0.172605
0.443665
0.289306
0.662
0.206906
0.662
0.232171
0.270435
0.279336
0.104457
0.583234
0.21421
0.258512
0.662
0.326927
0.662
0.662
0.662
0.349294
0.662
0.662
0.22494
0.662
0.662
0.191504
0.317147
0.662
0.0777972
0.249332
0.662
0.662
0.276836
0.347526
0.42266
0.221374
0.251626
0.08956
0.382623
0.160469
0.136775
0.662
0.662
0.662
0.358116
0.662
0.662
0.662
0.662
0.29527
0.111959
0.662
0.478153
0.377213
0.223635
0.662
0.308519
0.662
0.662
0.662
0.134679
0.297478
0.214858
0.167859
0.119985
0.662
0.662
0.294825
0.19394
0.662
0.662
0.662
0.221012
0.224378
0.662
0.662
0.463935
0.598838
0.203758
0.662
0.662
0.662
0.445881
0.417211
0.246444
0.0495513
0.247425
0.101996
0.374564
0.318125
0.185922
0.62991
0.662
0.180284
0.379773
0.35479
0.127453
0.0808039
0.662
0.662
0.662
0.662
0.131661
0.457274
0.220125
0.095183
0.0467094
0.662
0.129435
0.630988
0.662
0.662
0.662
0.662
0.662
0.662
0.538703
0.223579
0.662
0.450507
0.135901
0.257712
0.514797
0.626399
0.495929
0.662
0.217965
0.124945
0.190364
0.662
0.133724
0.505478
0.662
0.662
0.0274966
0.298332
0.662
0.269481
0.232904
0.348086
0.4721
0.662
0.422468
0.132488
0.149216
0.149386
0.32192
0.239218
0.662
0.0105949
0.662
0.0419261
0.0488956
0.662
0.543749
0.662
0.0336822
0.662
0.296771
0.662
0.662
0.126623
0.475171
0.0721288
0.474731
0.662
0.050136
0.253164
0.170138
0.118423
0.662
0.662
0.140496
0.662
0.662
0.196083
0.316692
0.498566
0.413989
0.662
0.434236
0.122291
0.662
0.662
0.662
0.447668
0.153598
0.278435
0.662
0.00676192
0.264711
0.210089
0.217594
0.320312
0.662
0.151196
0.0632227
0.215318
0.391861
0.00411882
0.26289
0.0990477
0.662
0.662
0.662
0.168608
0.662
0.407845
0.018277
0.341543
0.240425
0.292223
0.467183
0.357151
0.662
0.183796
0.662
0.494983
0.332942
0.0544129
0.123828
0.662
0.281118
0.262282
0.63933
0.382468
0.394721
0.662
0.662
0.476247
0.299958
0.201353
0.662
0.191856
0.62648
0.208386
0.662
0.647609
0.417234
0.0192381
0.662
0.28967
0.112723
0.140959
0.431247
0.318192
0.0672926
0.122384
0.662
0.235578
0.662
0.466383
0.281674
0.662
0.662
0.194264
0.4585
0.662
0.0487859
0.171077
0.662
0.188832
0.662
0.662
0.662
0.00644543
0.662
0.337902
0.44027
0.360152
0.0100398
0.209758
0.462186
0.549697
0.451626
0.103966
0.124466
0.662
0.32403
0.662
0.662
0.155832
0.662
0.662
0.203808
0.0758393
0.560545
0.662
0.311009
0.662
0.662
0.151671
0.171078
0.366657
0.662
0.620708
0.662
0.461052
0.662
0.0955074
0.285267
0.662
0.163479
0.662
0.403894
0.141073
0.662
0.164914
0.172533
0.662
0.282799
0.662
0.662
0.429657
0.0728907
0.380958
0.662
0.489843
0.662
0.213892
0.662
0.253914
0.662
0.208868
0.233713
0.388646
0.100289
0.190663
0.662
0.347828
0.242628
0.662
0.662
0.273995
0.662
0.136328
0.221025
0.662
0.662
0.662
0.242793
0.306025
0.303472
0.340837
0.662
0.662
0.07646
0.662
0.662
0.662
0.120578
0.265876
0.662
0.508867
0.323797
0.662
0.418714
0.252354
0.662
0.63339
0.662
0.662
0.662
0.48474
0.284079
0.218168
0.379153
0.662
0.662
0.662
0.229091
0.662
0.134584
0.208879
0.15355
0.662
0.434094
0.662
0.662
0.662
0.662
0.662
0.608942
0.662
0.167165
0.609932
0.218469
0.433801
0.221299
0.662
0.19162
0.662
0.0885897
0.17009
0.195917
0.410393
0.247949
0.662
0.662
0.662
0.185047
0.152231
0.426315
0.144647
0.364259
0.662
0.264711
0.33123
0.0315933
0.662
0.0432531
0.0912135
0.0438848
0.447345
0.662
0.14425
0.662
0.257314
0.662
0.662
0.662
0.662
0.290793
0.141877
0.434081
0.473977
0.230149
0.164459
0.662
0.662
0.662
0.662
0.534811
0.247484
0.564077
0.662
0.309947
0.412913
0.119394
0.272977
0.18524
0.662
0.662
0.0422511
0.662
0.154129
0.317989
0.662
0.0483214
0.662
0.662
0.662
0.662
0.168955
0.662
0.38918
0.662
0.29949
0.490168
0.354537
0.662
0.662
0.662
0.243151
0.662
0.662
0.0711664
0.164407
0.328899
0.385311
0.049597
0.662
0.292324
0.662
0.462412
0.662
0.0926938
0.662
0.374354
0.107208
0.209253
0.264342
0.436142
0.469346
0.662
0.637982
0.307246
0.662
0.662
0.45537
0.0691465
0.0212526
0.525028
0.450827
0.45968
0.468602
0.662
0.243751
0.662
0.140048
0.316122
0.341858
0.459192
0.302682
0.487399
0.662
0.662
0.662
0.124402
0.662
0.662
0.662
0.662
0.301923
0.211907
0.388341
0.484652
0.662
0.270442
0.662
0.178232
0.0752106
0.543984
0.662
0.296684
0.256074
0.662
0.662
0.200042
0.662
0.662
0.662
0.29054
0.134305
0.266039
0.130956
0.662
0.662
0.0909745
0.662
0.662
0.584995
0.662
0.662
0.385481
0.585822
0.524518
0.185286
0.0946787
0.395613
0.662
0.662
0.336834
0.662
0.494465
0.662
0.662
0.662
0.225569
0.662
0.662
0.662
0.266752
0.662
0.167818
0.662
0.334828
0.157084
0.594565
0.292022
0.466187
0.662
0.487425
0.662
0.662
0.265656
0.428793
0.205554
0.207838
0.316186
0.662
0.314944
0.502739
0.662
0.662
0.662
0.385771
0.662
0.662
0.662
0.358993
0.662
0.662
0.0914508
0.0956089
0.662
0.225936
0.662
0.662
0.127435
0.229209
0.155737
0.506811
0.297636
0.27038
0.3813
0.662
0.662
0.272241
0.474213
0.387875
0.0374832
0.302904
0.662
0.469364
0.662
0.378322
0.223094
0.662
0.662
0.298403
0.0213501
0.49024
0.410117
0.556214
0.00573625
0.217881
0.662
0.662
0.229228
0.662
0.194811
0.662
0.662
0.437975
0.168708
0.662
0.271267
0.662
0.662
0.0661104
0.254905
0.662
0.452464
0.662
0.662
0.23557
0.0918193
0.258861
0.439978
0.181274
0.173472
0.662
0.403095
0.00446793
0.662
0.363926
0.662
0.25048
0.305038
0.595977
0.154575
0.35503
0.124159
0.646092
0.662
0.662
0.662
0.034973
0.15607
0.527731
0.282958
0.662
0.662
0.190327
0.662
0.266354
0.662
0.6072
0.662
0.0666812
0.662
0.263661
0.662
0.662
0.286226
0.662
0.0933068
0.132701
0.662
0.337405
0.393457
0.114852
0.662
0.141098
0.662
0.249969
0.094057
0.662
0.133968
0.180855
0.662
0.323256
0.308031
0.662
0.236759
0.662
0.263493
0.475014
0.662
0.264189
0.200899
0.172348
0.0528042
0.227186
0.662
0.279747
0.191216
0.662
0.662
0.662
0.148348
0.213584
0.332547
0.304659
0.662
0.107377
0.662
0.662
0.406145
0.419405
0.662
0.662
0.490978
0.662
0.21584
0.662
0.283476
0.662
0.662
0.662
0.662
0.00700921
0.662
0.352757
0.115988
0.662
0.310453
0.474307
0.463913
0.207156
0.662
0.0886996
0.11809
0.662
0.633693
0.662
0.0752132
0.440132
0.662
0.229204
0.335106
0.420022
0.35999
0.339528
0.0740495
0.269349
0.662
0.416511
0.0738429
0.147243
0.00772432
0.491227
0.662
0.662
0.662
0.0994832
0.662
0.662
0.0263214
0.662
0.391443
0.662
0.282937
0.662
0.187342
0.662
0.205312
0.662
0.133305
0.284044
0.347598
0.510792
0.0989659
0.62897
0.229374
0.292544
0.115635
0.137243
0.662
0.662
0.662
0.658942
0.272506
0.414169
0.398809
0.277362
0.662
0.297961
0.174661
0.662
0.0197279
0.58143
0.252324
0.0738368
0.239653
0.662
0.662
0.662
0.0399583
0.190132
0.110756
0.230012
0.526494
0.662
0.612576
0.662
0.662
0.218294
0.255555
0.201406
0.662
0.662
0.662
0.0375744
0.449266
0.662
0.662
0.476437
0.662
0.662
0.0689543
0.662
0.662
0.274815
0.662
0.250957
0.662
0.0455505
0.662
0.134279
0.472866
0.360138
0.662
0.0542409
0.170742
0.662
0.0181167
0.662
0.269047
0.0791067
0.662
0.233576
0.460116
0.662
0.662
0.662
0.0633885
0.137323
0.662
0.662
0.384017
0.257942
0.197634
0.250879
0.662
0.306306
0.662
0.662
0.121346
0.303945
0.662
0.291248
0.442795
0.662
0.662
0.662
0.231702
0.662
0.126158
0.662
0.662
0.362024
0.201252
0.185327
0.476304
0.662
0.662
0.200126
0.372683
0.479123
0.362913
0.662
0.301816
0.368782
0.662
0.662
0.662
0.662
0.662
0.20462
0.354987
0.323005
0.145884
0.379614
0.285507
0.662
0.0771586
0.662
0.11439
0.27775
0.24166
0.154571
0.6324
0.200826
0.188734
0.108406
0.662
0.662
0.188637
0.662
0.135176
0.161375
0.628657
0.0491788
0.662
0.183677
0.596453
0.198536
0.662
0.0476235
0.128299
0.662
0.38145
0.550489
0.4468
0.662
0.456339
0.662
0.393987
0.283554
0.126816
0.533618
0.203466
0.169829
0.0975741
0.377198
0.662
0.662
0.115665
0.0824301
0.662
0.662
0.0295935
0.224862
0.662
0.662
0.599827
0.215828
0.257544
0.662
0.662
0.378197
0.209109
0.662
0.662
0.47711
0.192375
0.662
0.454372
0.0296514
0.12008
0.209916
0.0802746
0.662
0.347126
0.251787
0.662
0.170676
0.662
0.298713
0.125659
0.373141
0.126058
0.446186
0.52452
0.662
0.440891
0.662
0.662
0.662
0.212835
0.662
0.46872
0.276298
0.662
0.20479
0.168415
0.488627
0.542925
0.603717
0.633391
0.215125
0.200574
0.662
0.457266
0.235009
0.213022
0.365801
0.662
0.662
0.582393
0.197386
0.273366
0.458827
0.662
0.662
0.259398
0.413153
0.251583
0.0497533
0.662
0.509327
0.167654
0.213248
0.435971
0.259657
0.662
0.252566
0.32098
0.662
0.179166
0.662
0.662
0.0425178
0.129268
0.0163306
0.662
0.28503
0.165277
0.223649
0.0288515
0.202299
0.662
0.383533
0.18044
0.662
0.662
0.622944
0.0957441
0.52125
0.222385
0.662
0.146612
0.23287
0.316616
0.394109
0.194534
0.662
0.662
0.002016
0.662
0.662
0.662
0.662
0.286582
0.662
0.247941
0.276892
0.194908
0.0506223
0.30471
0.234895
0.583672
0.662
0.252594
0.439881
0.29665
0.0419206
0.394984
0.296985
0.107697
0.368201
0.234731
0.293681
0.662
0.662
0.0984063
0.386453
0.662
0.351473
0.183002
0.353361
0.128736
0.662
0.335044
0.662
0.145448
0.662
0.155655
0.662
0.662
0.469118
0.483534
0.662
0.470046
0.662
0.662
0.386118
0.662
0.455837
0.199796
0.0975333
0.0899694
0.662
0.167643
0.387003
0.120392
0.662
0.179841
0.662
0.662
0.204425
0.26885
0.436283
0.13002
0.22238
0.121256
0.662
0.099519
0.195683
0.229539
0.291559
0.662
0.353145
0.400994
0.662
0.224508
0.522506
0.662
0.0827966
0.662
0.167263
0.151891
0.662
0.662
0.163608
0.391333
0.309565
0.662
0.476875
0.399187
0.662
0.662
0.239112
0.662
0.158891
0.662
0.271353
0.281915
0.577716
0.662
0.0898171
0.201051
0.662
0.199475
0.274392
0.662
0.4675
0.567135
0.146977
0.243223
0.662
0.662
0.662
0.662
0.190587
0.662
0.306146
0.265738
0.0803066
0.662
0.212856
0.662
0.0504659
0.100652
0.0915831
0.662
0.00609434
0.0680637
0.662
0.18169
0.0562367
0.500951
0.00382651
0.372363
0.609641
0.272628
0.662
0.357175
0.662
0.662
0.662
0.480669
0.350773
0.662
0.00648733
0.186206
0.143864
0.273608
0.662
0.594018
0.662
0.266694
0.662
0.662
0.64566
0.232623
0.662
0.662
0.103221
0.662
0.441696
0.305219
0.269148
0.374856
0.662
0.662
0.443641
0.192456
0.357965
0.662
0.662
0.662
0.0316099
0.486598
0.662
0.662
0.662
0.326014
0.212525
0.0675864
0.662
0.061745
0.656883
0.662
0.227617
0.140849
0.202705
0.662
0.207402
0.662
0.662
0.662
0.662
0.226191
0.222776
0.662
0.662
0.662
0.662
0.118821
0.0617312
0.282213
0.24223
0.662
0.662
0.662
0.662
0.210381
0.294752
0.257251
0.461625
0.662
0.228862
0.128254
0.523822
0.662
0.662
0.071427
0.662
0.662
0.488785
0.662
0.662
0.662
0.409871
0.203344
0.40676
0.220633
0.180581
0.662
0.662
0.35397
0.215645
0.662
0.662
0.662
0.58195
0.085064
0.662
0.662
0.21879
0.626747
0.156941
0.237022
0.262706
0.662
0.209262
0.662
0.100485
0.396774
0.662
0.179795
0.00170438
0.662
0.662
0.662
0.662
0.11474
0.662
0.662
0.144459
0.356374
0.44749
0.662
0.662
0.0428603
0.662
0.0169962
0.283937
0.324393
0.662
0.662
0.160304
0.51652
0.662
0.193083
0.177717
0.662
0.662
0.150141
0.199361
0.294425
0.381396
0.343385
0.0143791
0.111044
0.662
0.159659
0.662
0.662
0.201146
0.662
0.662
0.285511
0.470066
0.662
0.152101
0.656975
0.605667
0.427673
0.406577
0.662
0.330092
0.117796
0.662
0.145212
0.571195
0.468267
0.0228377
0.00583354
0.423978
0.220395
0.662
0.662
0.662
0.662
0.662
0.662
0.229726
0.662
0.409681
0.662
0.662
0.42177
0.375558
0.0211115
0.0877737
0.662
0.662
0.662
0.393599
0.662
0.662
0.194222
0.301213
0.662
0.150226
0.662
0.438867
0.662
0.392341
0.103275
0.195537
0.00299826
0.662
0.662
0.662
0.662
0.43502
0.662
0.0574939
0.308942
0.444997
0.662
0.662
0.662
0.662
0.382248
0.662
0.337094
0.189557
0.383474
0.662
0.662
0.662
0.304806
0.662
0.662
0.662
0.448597
0.10388
0.336137
0.662
0.662
0.353022
0.132934
0.430859
0.418663
0.0528898
0.276449
0.19365
0.662
0.662
0.662
0.662
0.367593
0.662
0.662
0.253242
0.166192
0.0765857
0.662
0.662
0.662
0.315012
0.426822
0.662
0.662
0.662
0.662
0.540181
0.0856892
0.284405
0.662
0.662
0.662
0.209027
0.662
0.205257
0.420852
0.2083
0.178182
0.529317
0.294419
0.662
0.662
0.0763728
0.186541
0.662
0.201281
0.182658
0.662
0.348129
0.189743
0.662
0.662
0.662
0.662
0.196824
0.197449
0.364906
0.192354
0.198462
0.564534
0.126261
0.662
0.662
0.303255
0.205505
0.662
0.390773
0.662
0.662
0.280637
0.496241
0.662
0.394718
0.662
0.0970768
0.0309773
0.0723216
0.388493
0.662
0.662
0.491122
0.350462
0.662
0.451643
0.0148991
0.662
0.357882
0.15026
0.0556957
0.662
0.551123
0.662
0.662
0.662
0.119434
0.62201
0.662
0.199666
0.128421
0.343027
0.662
0.662
0.10264
0.662
0.259656
0.662
0.662
0.662
0.662
0.242688
0.662
0.311546
0.662
0.515462
0.550436
0.662
0.370039
0.203944
0.378217
0.539887
0.275514
0.156992
0.335322
0.662
0.436917
0.321946
0.662
0.394092
0.447223
0.514576
0.662
0.331
0.195225
0.425595
0.135795
0.662
0.111156
0.662
0.662
0.256529
0.662
0.34632
0.338855
0.305101
0.190477
0.351531
0.404373
0.662
0.662
0.274315
0.195074
0.381823
0.601969
0.0983355
0.48609
0.596504
0.263222
0.093133
0.00631086
0.393131
0.439722
0.662
0.17398
0.462274
0.662
0.362575
0.185114
0.662
0.662
0.126021
0.662
0.662
0.177262
0.662
0.27529
0.405172
0.407428
0.662
0.273263
0.436733
0.492036
0.42139
0.662
0.662
0.142309
0.662
0.662
0.121063
0.662
0.00298045
0.146691
0.527877
0.662
0.662
0.662
0.662
0.0573574
0.662
0.374883
0.662
0.289076
0.662
0.662
0.258744
0.662
0.188098
0.376664
0.321318
0.662
0.662
0.344532
0.403004
0.662
0.662
0.246839
0.662
0.194792
0.196476
0.662
0.662
0.322658
0.239871
0.21036
0.662
0.0606457
0.351902
0.207032
0.662
0.662
0.423441
0.361637
0.310762
0.662
0.360854
0.662
0.662
0.25305
0.455493
0.215544
0.333125
0.662
0.49179
0.0699852
0.662
0.492199
0.321117
0.662
0.662
0.662
0.662
0.662
0.662
0.322347
0.225728
0.185621
0.0121773
0.321523
0.242922
0.662
0.662
0.14048
0.407908
0.662
0.0929436
0.662
0.0711337
0.662
0.662
0.662
0.0975795
0.662
0.662
0.368767
0.662
0.662
0.662
0.33956
0.305883
0.326249
0.217731
0.4616
0.228679
0.662
0.381807
0.662
0.0240976
0.581185
0.255885
0.638855
0.662
0.662
0.571186
0.177773
0.662
0.155946
0.662
0.465123
0.412998
0.60415
0.0822031
0.206548
0.662
0.662
0.152434
0.29008
0.662
0.554089
0.113731
0.302832
0.285808
0.204143
0.0965352
0.217099
0.17205
0.227956
0.355143
0.219521
0.250466
0.662
0.662
0.286285
0.662
0.656228
0.0841848
0.662
0.0082537
0.662
0.488647
0.0826714
0.464491
0.224555
0.662
0.662
0.662
0.662
0.662
0.147947
0.248664
0.662
0.662
0.383916
0.192024
0.662
0.0729959
0.277036
0.662
0.155897
0.662
0.214837
0.662
0.662
0.155389
0.662
0.311229
0.662
0.238434
0.133673
0.371465
0.662
0.261687
0.662
0.347037
0.341434
0.00681016
0.342289
0.662
0.662
0.472997
0.662
0.662
0.662
0.266654
0.0105053
0.62942
0.662
0.662
0.662
0.197241
0.662
0.1441
0.201895
0.194667
0.662
0.662
0.662
0.426213
0.132631
0.385617
0.662
0.565487
0.167317
0.163797
0.140479
0.190213
0.22804
0.369073
0.112297
0.238518
0.662
0.662
0.662
0.662
0.662
0.662
0.398281
0.314844
0.156558
0.662
0.578567
0.192829
0.430945
0.315243
0.30343
0.0382812
0.662
0.662
0.662
0.662
0.662
0.261604
0.208571
0.257982
0.0844302
0.662
0.506629
0.278126
0.403343
0.234727
0.662
0.314697
0.662
0.662
0.363327
0.284581
0.140965
0.165843
0.662
0.217031
0.662
0.662
0.662
0.662
0.336
0.662
0.662
0.662
0.241709
0.212613
0.212284
0.662
0.248178
0.662
0.662
0.574427
0.383656
0.282079
0.662
0.662
0.662
0.662
0.206446
0.662
0.483091
0.662
0.26445
0.662
0.0692354
0.662
0.391514
0.197382
0.0957498
0.133518
0.0957327
0.470806
0.662
0.378388
0.662
0.228855
0.662
0.662
0.564542
0.662
0.497108
0.146826
0.232424
0.345898
0.160614
0.662
0.662
0.662
0.662
0.563805
0.351842
0.166015
0.0984789
0.662
0.662
0.247876
0.420121
0.464377
0.662
0.662
0.203288
0.218001
0.662
0.662
0.662
0.0807093
0.489584
0.276382
0.12836
0.021095
0.0582545
0.60609
0.444554
0.662
0.472577
0.210274
0.329334
0.662
0.662
0.249977
0.639066
0.343417
0.184562
0.662
0.662
0.662
0.662
0.25582
0.662
0.179562
0.662
0.431682
0.662
0.0393859
0.662
0.662
0.358163
0.137154
0.368773
0.285941
0.329359
0.58389
0.21281
0.108838
0.460474
0.402221
0.424817
0.662
0.156831
0.662
0.452965
0.169122
0.0871743
0.243185
0.662
0.41097
0.637248
0.321494
0.662
0.398501
0.203117
0.192118
0.157795
0.187425
0.201173
0.662
0.662
0.662
0.662
0.495175
0.662
0.243168
0.15069
0.662
0.356454
0.452379
0.252474
0.662
0.213807
0.521457
0.662
0.662
0.369183
0.165708
0.403322
0.455379
0.21031
0.470396
0.662
0.662
0.00277141
0.36968
0.21818
0.232307
0.662
0.662
0.0653655
0.662
0.120543
0.455058
0.662
0.435434
0.259558
0.662
0.373285
0.662
0.23848
0.00756499
0.446678
0.117182
0.334702
0.205894
0.662
0.311595
0.417986
0.399472
0.662
0.45661
0.239078
0.662
0.257658
0.435827
0.662
0.468691
0.662
0.455449
0.308762
0.332469
0.662
0.379004
0.422134
0.144724
0.662
0.140471
0.662
0.424807
0.662
0.662
0.361488
0.662
0.662
0.321858
0.662
0.662
0.662
0.662
0.27884
0.618167
0.662
0.662
0.662
0.662
0.662
0.497269
0.662
0.243009
0.605093
0.662
0.414337
0.662
0.662
0.662
0.662
0.662
0.452422
0.662
0.200142
0.3404
0.662
0.662
0.220324
0.662
0.662
0.662
0.145483
0.465641
0.662
0.181973
0.160485
0.541465
0.511741
0.206935
0.473593
0.46065
0.294684
0.466572
0.115077
0.662
0.662
0.662
0.662
0.220692
0.333079
0.662
0.662
0.662
0.662
0.662
0.662
0.36629
0.446973
0.234928
0.662
0.482714
0.662
0.23368
0.141068
0.168407
0.662
0.173893
0.662
0.662
0.159509
0.222171
0.662
0.662
0.236079
0.361823
0.662
0.662
0.662
0.662
0.662
0.477027
0.203722
0.662
0.213132
0.248394
0.662
0.252493
0.248554
0.662
0.662
0.0666372
0.260731
0.401624
0.332357
0.479074
0.662
0.662
0.476937
0.0706599
0.662
0.100863
0.332184
0.199208
0.531273
0.416213
0.662
0.662
0.215815
0.0141168
0.508711
0.662
0.593465
0.241692
0.662
0.392519
0.159105
0.662
0.662
0.260469
0.662
0.662
0.662
0.662
0.662
0.209831
0.55752
0.239
0.107515
0.171629
0.222741
0.21249
0.662
0.662
0.662
0.662
0.218387
0.397413
0.662
0.136128
0.25699
0.0309892
0.662
0.662
0.662
0.662
0.662
0.662
0.662
0.433713
0.0919902
0.306346
0.662
0.266749
0.662
0.662
0.662
0.137048
0.477942
0.662
0.662
0.605868
0.258045
0.279133
0.450346
0.0758438
0.662
0.0909977
0.662
0.237994
0.662
0.215703
0.0655055
0.662
0.143436
0.30406
0.662
0.250842
0.662
0.328759
0.334401
0.335856
0.345385
0.662
0.662
0.138177
0.662
0.638294
0.662
0.230532
0.518807
0.662
0.366905
0.662
0.492374
0.662
0.662
0.109248
0.154967
0.168804
0.50949
0.662
0.126253
0.126302
0.121023
0.158396
0.363361
0.0748331
0.387571
0.275328
0.662
0.399616
0.273528
0.662
0.662
0.662
0.253456
0.0938569
0.233662
0.0774449
0.273229
0.0483942
0.0536638
0.662
0.0974004
0.243255
0.539041
0.662
0.454476
0.387522
0.0972389
0.30809
0.59502
0.434988
0.662
0.359599
0.222959
0.263242
0.6585
0.451175
0.662
0.255434
0.427757
0.153476
0.39795
0.662
0.399256
0.322425
0.352971
0.662
0.662
0.662
0.188938
0.26549
0.325952
0.121983
0.258728
0.662
0.662
0.0143759
0.19102
0.237682
0.0234105
0.338267
0.662
0.662
0.242969
0.43277
0.662
0.0332047
0.232499
0.197354
0.268185
0.212541
0.662
0.274627
0.164647
0.131498
0.181242
0.198217
0.174803
0.320121
0.662
0.187202
0.420485
0.27955
0.27733
0.471172
0.662
0.662
0.662
0.662
0.123935
0.315265
0.221041
0.210537
0.662
0.484631
0.662
0.662
0.429298
0.156091
0.662
0.47671
0.364495
0.407958
0.662
0.0125634
0.297702
0.459494
0.451218
0.295481
0.194011
0.662
0.662
0.662
0.365482
0.34556
0.29513
0.662
0.207495
0.143127
0.359403
0.13069
0.662
0.178159
0.334817
0.662
0.0388162
0.662
0.386365
0.502951
0.331568
0.439783
0.194607
0.662
0.662
0.662
0.662
0.662
0.662
0.256086
0.0764082
0.0279738
0.242071
0.662
0.404497
0.224224
0.662
0.662
0.31225
0.662
0.208561
0.55195
0.229433
0.662
0.089601
0.662
0.194025
0.141548
0.245715
0.124605
0.662
0.662
0.0156604
0.47125
0.449905
0.0708017
0.409346
0.00498489
0.662
0.662
0.374
0.279842
0.248973
0.315707
0.412925
0.662
0.468281
0.0103306
0.662
0.181029
0.662
0.215101
0.662
0.285301
0.662
0.662
0.652357
0.662
0.662
0.526538
0.130053
0.429719
0.662
0.100213
0.163904
0.313458
0.662
0.662
0.129813
0.0683343
0.381471
0.416588
0.401666
0.662
0.116274
0.0525152
0.122623
0.662
0.307556
0.662
0.241113
0.460229
0.151971
0.0769336
0.564992
0.598292
0.662
0.662
0.308226
0.0437182
0.662
0.0235517
0.460196
0.662
0.0402038
0.318286
0.662
0.662
0.220442
0.662
0.30447
0.662
0.27763
0.112404
0.38813
0.662
0.54296
0.662
0.662
0.159356
0.604137
0.662
0.662
0.662
0.662
0.332869
0.220688
0.662
0.44946
0.662
0.3452
0.662
0.203405
0.51769
0.43581
0.662
0.662
0.64505
0.433938
0.0577298
0.098472
0.165904
0.231666
0.0114373
0.662
0.324132
0.341971
0.662
0.662
0.121057
0.458404
0.662
0.337244
0.654346
0.159481
0.324165
0.250467
0.662
0.247929
0.662
0.0240129
0.455116
0.00974962
0.235946
0.190341
0.133028
0.662
0.551233
0.115273
0.366846
0.18674
0.331026
0.154327
0.25561
0.662
0.236483
0.641795
0.637502
0.252817
0.288521
0.0533704
0.191184
0.170663
0.662
0.236548
0.232148
0.258052
0.662
0.662
0.358908
0.00946263
0.257616
0.113682
0.277498
0.4565
0.193097
0.662
0.640315
0.529428
0.184248
0.300843
0.0802558
0.633482
0.342346
0.193762
0.246353
0.662
0.662
0.0350935
0.662
0.514581
0.562465
0.662
0.584394
0.125122
0.662
0.662
0.662
0.503229
0.662
0.662
0.422836
0.662
0.205532
0.151001
0.662
0.185686
0.0921829
0.282387
0.0794321
0.2506
0.224992
0.319493
0.662
0.662
0.169283
0.662
0.289875
0.662
0.662
0.207177
0.537646
0.1588
0.197585
0.662
0.633391
0.24218
0.491877
0.662
0.0679918
0.437636
0.275428
0.662
0.271499
0.662
0.662
0.662
0.662
0.662
0.468812
0.662
0.246158
0.662
0.662
0.21922
0.251957
0.662
0.30184
0.662
0.662
0.662
0.198687
0.662
0.655376
0.662
0.662
0.662
0.662
0.662
0.662
0.662
0.662
0.662
0.662
0.378276
0.662
0.184368
0.662
0.662
0.288018
0.314079
0.662
0.517594
0.342725
0.190105
0.662
0.291025
0.23781
0.662
0.31073
0.309105
0.0564934
0.215211
0.0340875
0.0929733
0.208445
0.336693
0.452568
0.189417
0.662
0.662
0.236771
0.662
0.662
0.47456
0.0197387
0.662
0.662
0.662
0.662
0.430253
0.662
0.662
0.662
0.662
0.0369385
0.182645
0.0510559
0.662
0.662
0.175684
0.500672
0.363248
0.662
0.662
0.346175
0.381504
0.422769
0.662
0.242914
0.562582
0.216569
0.662
0.662
0.570139
0.131208
0.662
0.662
0.47295
0.24118
0.253457
0.662
0.662
0.662
0.344522
0.460248
0.662
0.431777
0.233494
0.662
0.662
0.401929
0.466395
0.420053
0.211612
0.662
0.662
0.662
0.662
0.207983
0.662
0.662
0.227301
0.662
0.662
0.662
0.662
0.279465
0.455691
0.662
0.363471
0.566755
0.489131
0.662
0.662
0.264702
0.290641
0.662
0.420721
0.299928
0.20006
0.662
0.662
0.215433
0.609785
0.662
0.662
0.307872
0.227137
0.0162668
0.316392
0.0353711
0.516637
0.567954
0.662
0.192174
0.662
0.662
0.161131
0.662
0.395153
0.0841579
0.662
0.400781
0.662
0.527199
0.662
0.611942
0.662
0.402993
0.381035
0.315488
0.213036
0.586047
0.2107
0.662
0.0652199
0.662
0.615378
0.662
0.662
0.238298
0.237443
0.454968
0.662
0.662
0.662
0.662
0.530116
0.353442
0.142422
0.662
0.224326
0.361451
0.154421
0.662
0.281639
0.662
0.401734
0.14556
0.125889
0.662
0.411194
0.662
0.436339
0.409659
0.662
0.00158965
0.662
0.662
0.662
0.371095
0.235945
0.662
0.494202
0.662
0.662
0.662
0.624941
0.440059
0.33953
0.592279
0.0279243
0.326071
0.662
0.662
0.107942
0.05023
0.662
0.283018
0.244259
0.300411
0.582292
0.46094
0.100188
0.418474
0.198156
0.238193
0.662
0.0368536
0.662
0.594522
0.662
0.286555
0.0993808
0.328498
0.245134
0.662
0.0984933
0.41223
0.662
0.662
0.662
0.336269
0.662
0.662
0.221596
0.662
0.662
0.14692
0.27777
0.426217
0.0542077
0.191037
0.662
0.474833
0.176159
0.662
0.662
0.326765
0.297778
0.662
0.437561
0.170718
0.662
0.662
0.170584
0.265409
0.00567651
0.0942976
0.361729
0.662
0.0611688
0.662
0.231373
0.662
0.662
0.662
0.436307
0.106743
0.568096
0.448555
0.154683
0.199205
0.295832
0.290259
0.662
0.418608
0.0738645
0.467293
0.222815
0.0870071
0.0433308
0.662
0.662
0.112818
0.662
0.662
0.662
0.662
0.662
0.117928
0.662
0.424227
0.662
0.662
0.662
0.662
0.17234
0.662
0.0588837
0.177682
0.114932
0.662
0.317936
0.193462
0.662
0.247699
0.0249013
0.662
0.211586
0.204649
0.44716
0.112461
0.662
0.662
0.207911
0.21162
0.12887
0.662
0.662
0.662
0.662
0.0283227
0.106074
0.662
0.0807939
0.662
0.662
0.263755
0.0210881
0.662
0.662
0.246765
0.662
0.662
0.662
0.0930971
0.662
0.222695
0.562412
0.662
0.662
0.662
0.662
0.662
0.662
0.351909
0.192318
0.0924651
0.345331
0.47625
0.662
0.646819
0.178346
0.118416
0.662
0.30457
0.493009
0.662
0.662
0.316825
0.662
0.662
0.212853
0.662
0.282117
0.37729
0.662
0.104807
0.662
0.157582
0.118396
0.378734
0.00402737
0.61759
0.190666
0.662
0.095371
0.0940678
0.302416
0.662
0.336811
0.662
0.662
0.269102
0.0756271
0.244049
0.662
0.102792
0.662
0.0295819
0.451043
0.662
0.662
0.662
0.170848
0.662
0.0827019
0.662
0.662
0.493257
0.12433
0.398677
0.543277
0.155771
0.662
0.662
0.618349
0.662
0.662
0.230292
0.406703
0.270783
0.370385
0.157648
0.662
0.662
0.581786
0.662
0.375105
0.662
0.309829
0.297656
0.206098
0.662
0.662
0.173048
0.229918
0.346095
0.662
0.474108
0.609122
0.662
0.662
0.143046
0.433621
0.211312
0.307082
0.470847
0.123296
0.182568
0.170299
0.207504
0.180902
0.662
0.662
0.336146
0.0935938
0.214753
0.071625
0.662
0.224794
0.380547
0.662
0.662
0.662
0.240137
0.662
0.204102
0.201444
0.19403
0.00504857
0.247189
0.198774
0.414227
0.212445
0.338784
0.662
0.345316
0.598872
0.662
0.662
0.662
0.290125
0.210749
0.662
0.144822
0.662
0.289957
0.662
0.662
0.463767
0.662
0.662
0.11723
0.662
0.662
0.662
0.662
0.282367
0.451472
0.662
0.335143
0.237556
0.662
0.173472
0.662
0.662
0.184514
0.662
0.313876
0.371021
0.662
0.220428
0.0685857
0.662
0.662
0.246308
0.303283
0.114603
0.662
0.189482
0.0572975
0.175859
0.286483
0.276391
0.375832
0.266776
0.124956
0.233331
0.662
0.662
0.662
0.377833
0.0724387
0.570261
0.0578152
0.289557
0.662
0.662
0.168704
0.128532
0.560644
0.662
0.624334
0.662
0.23769
0.662
0.122871
0.662
0.662
0.523629
0.662
0.662
0.494566
0.662
0.662
0.149317
0.369166
0.194702
0.44983
0.55266
0.662
0.384484
0.241204
0.00311205
0.462736
0.662
0.662
0.662
0.00316676
0.662
0.45466
0.295143
0.225641
0.229713
0.205233
0.409558
0.662
0.662
0.662
0.24316
0.0986565
0.662
0.662
0.662
0.662
0.662
0.380322
0.196763
0.171176
0.17323
0.460593
0.188155
0.243053
0.662
0.133207
0.662
0.662
0.662
0.662
0.0132006
0.662
0.325058
0.29454
0.662
0.348492
0.353552
0.662
0.403951
0.111314
0.16871
0.662
0.662
0.662
0.563456
0.662
0.662
0.662
0.662
0.335606
0.177696
0.662
0.139907
0.662
0.662
0.662
0.364395
0.0459756
0.662
0.320684
0.662
0.662
0.662
0.4809
0.442918
0.662
0.266892
0.662
0.662
0.662
0.662
0.662
0.398562
0.662
0.662
0.0623434
0.301513
0.342518
0.426441
0.465932
0.350875
0.185121
0.200839
0.662
0.662
0.302945
0.662
0.662
0.662
0.662
0.662
0.662
0.401562
0.336056
0.653709
0.662
0.35859
0.316383
0.26
0.175728
0.342431
0.662
0.394201
0.446894
0.662
0.662
0.662
0.278835
0.22494
0.222931
0.662
0.662
0.662
0.116801
0.662
0.17041
0.193156
0.164651
0.227972
0.0333621
0.380589
0.662
0.207807
0.662
0.662
0.316663
0.662
0.00211388
0.662
0.527748
0.314837
0.662
0.0695623
0.662
0.662
0.325329
0.081827
0.662
0.267595
0.054364
0.451144
0.0244692
0.018761
0.662
0.201407
0.25801
0.388271
0.662
0.0514125
0.662
0.662
0.317896
0.662
0.161503
0.257726
0.0234165
0.187192
0.457291
0.662
0.662
0.435416
0.323163
0.662
0.28345
0.274787
0.662
0.122941
0.138689
0.201703
0.306613
0.34614
0.662
0.197682
0.388052
0.662
0.662
0.30063
0.662
0.662
0.235865
0.662
0.0693585
0.662
0.37053
0.0275883
0.278154
0.35868
0.333519
0.131604
0.377281
0.662
0.051518
0.353081
0.481335
0.662
0.243368
0.662
0.344792
0.48646
0.662
0.097995
0.662
0.662
0.100309
0.0339518
0.519133
0.662
0.367118
0.404335
0.433723
0.662
0.662
0.662
0.421843
0.0927515
0.163817
0.662
0.662
0.662
0.4905
0.662
0.457246
0.191512
0.284294
0.607743
0.039463
0.662
0.662
0.150281
0.662
0.662
0.662
0.563125
0.662
0.662
0.179946
0.0949862
0.294301
0.61972
0.662
0.662
0.662
0.662
0.256914
0.413644
0.0750048
0.297055
0.662
0.563152
0.0262903
0.662
0.0101296
0.249719
0.449034
0.662
0.563929
0.178458
0.662
0.115135
0.442324
0.662
0.0342077
0.281172
0.192275
0.282307
0.0437467
0.189174
0.545931
0.662
0.0816799
0.662
0.184976
0.248526
0.403421
0.662
0.0487324
0.662
0.552945
0.662
0.541582
0.0174309
0.340032
0.477185
0.662
0.122457
0.346652
0.328429
0.662
0.662
0.662
0.662
0.662
0.169822
0.662
0.0224879
0.0514281
0.0432035
0.662
0.662
0.336063
0.299744
0.662
0.571435
0.0476954
0.662
0.248064
0.226043
0.662
0.533796
0.662
0.235792
0.662
0.283438
0.662
0.662
0.546947
0.662
0.662
0.662
0.662
0.662
0.410327
0.364202
0.662
0.336108
0.23165
0.662
0.662
0.451431
0.192352
0.662
0.152547
0.662
0.662
0.662
0.0565401
0.0744731
0.235905
0.394704
0.264843
0.662
0.662
0.253562
0.662
0.662
0.662
0.0178836
0.462642
0.412416
0.662
0.0937592
0.288668
0.662
0.662
0.182286
0.336915
0.662
0.662
0.192643
0.154281
0.662
0.502587
0.662
0.199975
0.662
0.384592
0.453279
0.171755
0.521644
0.662
0.662
0.662
0.662
0.662
0.662
0.662
0.340628
0.662
0.662
0.127192
0.662
0.125868
0.281205
0.0511348
0.358583
0.228591
0.279942
0.0436715
0.153718
0.662
0.185961
0.662
0.615902
0.442602
0.129853
0.405314
0.32204
0.26618
0.662
0.662
0.391607
0.226292
0.662
0.662
0.262788
0.662
0.448156
0.265194
0.662
0.319924
0.662
0.102174
0.195376
0.662
0.156532
0.135315
0.662
0.662
0.00124168
0.464756
0.314305
0.285234
0.662
0.178249
0.662
0.662
0.467051
0.367696
0.228413
0.662
0.437255
0.45854
0.662
0.0202072
0.524557
0.370939
0.662
0.662
0.0550799
0.250625
0.662
0.662
0.662
0.278707
0.662
0.193894
0.662
0.662
0.662
0.662
0.662
0.19855
0.236955
0.662
0.662
0.311488
0.662
0.222665
0.485566
0.344965
0.567
0.320708
0.662
0.228714
0.662
0.541891
0.225493
0.662
0.662
0.157232
0.236657
0.394797
0.662
0.662
0.662
0.212311
0.662
0.586563
0.442266
0.659282
0.243924
0.0769365
0.662
0.427643
0.662
0.662
0.151308
0.662
0.439683
0.662
0.45119
0.662
0.662
0.10768
0.305478
0.292178
0.281614
0.296874
0.199687
0.123792
0.0148245
0.403392
0.308502
0.230444
0.662
0.114417
0.218116
0.662
0.662
0.502937
0.662
0.246583
0.662
0.662
0.135717
0.662
0.662
0.611049
0.00895927
0.411756
0.24457
0.662
0.237995
0.430011
0.296886
0.662
0.662
0.662
0.0488125
0.15039
0.446907
0.662
0.361659
0.376079
0.270018
0.290703
0.662
0.662
0.662
0.396999
0.662
0.662
0.662
0.662
0.662
0.131851
0.662
0.662
0.364025
0.662
0.497308
0.662
0.273233
0.662
0.387847
0.38694
0.473491
0.662
0.233403
0.572672
0.422931
0.375977
0.378035
0.376211
0.000528515
0.662
0.465079
0.662
0.662
0.662
0.662
0.477543
0.395054
0.662
0.154473
0.0725105
0.662
0.662
0.0632511
0.449948
0.436592
0.662
0.662
0.24945
0.662
0.423506
0.662
0.0784132
0.0144542
0.123421
0.332891
0.410273
0.380539
0.486379
0.662
0.428746
0.474924
0.195011
0.662
0.438771
0.662
0.468942
0.662
0.662
0.662
0.15511
0.662
0.412074
0.662
0.437977
0.662
0.662
0.365082
0.0234525
0.251891
0.662
0.291229
0.203527
0.128907
0.662
0.662
0.662
0.482914
0.437701
0.662
0.236576
0.309988
0.662
0.444556
0.662
0.115448
0.0154275
0.662
0.210255
0.311599
0.187198
0.662
0.662
0.662
0.18354
0.158997
0.409173
0.475172
0.662
0.662
0.662
0.344921
0.11443
0.662
0.662
0.662
0.0419058
0.398073
0.0589978
0.0117757
0.662
0.459482
0.264759
0.0878822
0.662
0.176195
0.139364
0.662
0.662
0.380049
0.398235
0.277822
0.242001
0.296932
0.21103
0.432913
0.0401781
0.662
0.662
0.662
0.171784
0.275553
0.662
0.662
0.662
0.0918268
0.662
0.159873
0.662
0.144162
0.15194
0.662
0.376032
0.385188
0.207586
0.243301
0.192492
0.49891
0.662
0.281129
0.662
0.230034
0.408154
0.402813
0.201145
0.443101
0.550407
0.130537
0.662
0.662
0.619054
0.662
0.662
0.626753
0.00952394
0.282401
0.662
0.201324
0.129875
0.238354
0.432655
0.662
0.251204
0.446992
0.300991
0.662
0.376293
0.662
0.662
0.170728
0.299868
0.286772
0.662
0.662
0.335153
0.251443
0.528694
0.662
0.166959
0.26836
0.247486
0.542684
0.0787589
0.662
0.335825
0.244058
0.471632
0.662
0.282806
0.48355
0.355023
0.432236
0.498533
0.0981801
0.438537
0.662
0.35087
0.102072
0.225144
0.662
0.241723
0.662
0.205019
0.0633884
0.454913
0.497451
0.268447
0.286387
0.480987
0.0858239
0.504147
0.401811
0.0960361
0.362107
0.662
0.21519
0.662
0.627447
0.662
0.662
0.463092
0.662
0.0418768
0.425196
0.215248
0.350833
0.0506531
0.407743
0.662
0.662
0.662
0.662
0.662
0.261016
0.662
0.188578
0.467699
0.278669
0.23152
0.662
0.119497
0.662
0.194045
0.252976
0.427942
0.115975
0.36034
0.662
0.480797
0.170223
0.662
0.313726
0.225719
0.18601
0.662
0.338209
0.161803
0.437921
0.318148
0.662
0.329661
0.0131153
0.662
0.282241
0.662
0.482083
0.44215
0.662
0.0492366
0.383897
0.662
0.10891
0.662
0.662
0.662
0.662
0.662
0.662
0.404044
0.662
0.232034
0.662
0.355946
0.253421
0.324538
0.00582791
0.225855
0.662
0.332011
0.438984
0.537005
0.662
0.22434
0.662
0.175564
0.0853662
0.662
0.318646
0.274194
0.506023
0.358261
0.160681
0.171669
0.662
0.248666
0.183776
0.00696555
0.260286
0.413361
0.662
0.662
0.662
0.246046
0.193704
0.442063
0.415765
0.469186
0.324293
0.311974
0.370879
0.532283
0.662
0.318058
0.662
0.280858
0.449042
0.477268
0.294692
0.139491
0.207832
0.30762
0.662
0.0488916
0.170841
0.0770077
0.662
0.662
0.662
0.662
0.184752
0.398114
0.662
0.280625
0.459846
0.662
0.0591799
0.505369
0.662
0.662
0.236511
0.411515
0.032701
0.0857878
0.457994
0.439998
0.662
0.396894
0.134823
0.662
0.463797
0.662
0.662
0.662
0.0159777
0.342542
0.662
0.165731
0.115298
0.662
0.199186
0.662
0.341943
0.662
0.662
0.325523
0.311975
0.49409
0.532351
0.157568
0.662
0.501093
0.213657
0.527041
0.662
0.662
0.662
0.618291
0.662
0.39095
0.240145
0.662
0.264895
0.348917
0.626574
0.0292462
0.662
0.662
0.662
0.662
0.161503
0.662
0.662
0.422371
0.662
0.247917
0.433035
0.662
0.662
0.00142497
0.662
0.662
0.430978
0.662
0.00302421
0.435438
0.662
0.165148
0.662
0.662
0.456183
0.155202
0.662
0.146888
0.225885
0.662
0.240806
0.662
0.662
0.122545
0.622258
0.440575
0.265769
0.512599
0.332528
0.662
0.601234
0.662
0.216882
0.662
0.311938
0.101718
0.180088
0.643142
0.298231
0.426765
0.662
0.136626
0.662
0.662
0.657023
0.149378
0.33971
0.662
0.662
0.36109
0.662
0.662
0.662
0.662
0.472381
0.662
0.446493
0.295321
0.493787
0.180208
0.290905
0.662
0.662
0.662
0.087816
0.662
0.662
0.104775
0.662
0.274033
0.662
0.662
0.504682
0.662
0.662
0.0993254
0.662
0.165154
0.199844
0.662
0.442728
0.255597
0.39682
0.662
0.113092
0.234547
0.662
0.155303
0.105207
0.662
0.662
0.412204
0.513569
0.55155
0.330464
0.662
0.22622
0.17386
0.386541
0.405547
0.374355
0.161155
0.662
0.359547
0.662
0.115066
0.254907
0.392924
0.415834
0.662
0.0721732
0.457834
0.441611
0.272894
0.662
0.200465
0.104436
0.0169681
0.590962
0.662
0.662
0.275069
0.311205
0.662
0.471049
0.481878
0.255732
0.485663
0.236412
0.28112
0.0917804
0.662
0.662
0.28498
0.269337
0.255062
0.0797234
0.409974
0.662
0.376351
0.662
0.47251
0.0529993
0.324898
0.332997
0.35713
0.257331
0.402938
0.662
0.46432
0.502057
0.662
0.460962
0.170913
0.288588
0.662
0.662
0.453023
0.662
0.336264
0.137074
0.22487
0.342842
0.420326
0.203611
0.662
0.662
0.305138
0.662
0.662
0.662
0.0851915
0.270859
0.576466
0.290914
0.662
0.42763
0.662
0.254649
0.662
0.45862
0.151382
0.176551
0.333081
0.213762
0.662
0.0253192
0.439029
0.447806
0.228434
0.261584
0.288842
0.662
0.278918
0.662
0.349199
0.662
0.197451
0.289995
0.360904
0.662
0.287502
0.376098
0.211805
0.662
0.31388
0.178749
0.0903945
0.118771
0.228826
0.662
0.208288
0.421033
0.426937
0.231939
0.662
0.662
0.302356
0.662
0.545561
0.662
0.219003
0.662
0.293385
0.662
0.295422
0.112269
0.662
0.662
0.658107
0.454103
0.662
0.320608
0.662
0.293768
0.113157
0.354062
0.117612
0.662
0.0861063
0.413015
0.564054
0.19634
0.072287
0.398034
0.214192
0.257767
0.662
0.662
0.0118561
0.239642
0.246967
0.662
0.393488
0.662
0.662
0.114716
0.118164
0.662
0.328901
0.374913
0.580287
0.662
0.201145
0.33091
0.534444
0.513594
0.662
0.202769
0.469532
0.252402
0.122745
0.28723
0.201634
0.24849
0.261347
0.281593
0.460373
0.0407405
0.181312
0.0480928
0.662
0.153691
0.112814
0.662
0.486574
0.662
0.590149
0.363285
0.170212
0.662
0.0324946
0.662
0.144702
0.21096
0.208805
0.662
0.662
0.662
0.287802
0.662
0.662
0.662
0.662
0.272204
0.662
0.662
0.25759
0.662
0.662
0.662
0.662
0.228738
0.149847
0.662
0.55528
0.299269
0.562897
0.662
0.386818
0.102777
0.281248
0.662
0.444189
0.375103
0.407507
0.324502
0.461801
0.662
0.662
0.403653
0.662
0.662
0.662
0.371613
0.662
0.539241
0.263936
0.662
0.56867
0.662
0.190107
0.534788
0.662
0.347222
0.662
0.344671
0.662
0.243836
0.662
0.136338
0.195436
0.0375539
0.634594
0.662
0.662
0.349671
0.354862
0.662
0.662
0.662
0.238686
0.303327
0.194989
0.4181
0.32544
0.11996
0.313
0.361705
0.271801
0.226035
0.140541
0.1521
0.662
0.243124
0.2028
0.0209903
0.662
0.662
0.241786
0.662
0.662
0.171332
0.428998
0.662
0.662
0.662
0.662
0.662
0.0856735
0.204249
0.0343082
0.252743
0.204205
0.662
0.662
0.19394
0.109146
0.190571
0.662
0.174267
0.183343
0.0865037
0.3092
0.0952338
0.662
0.190432
0.267683
0.453896
0.662
0.662
0.662
0.516052
0.477714
0.20627
0.513426
0.170819
0.455422
0.586984
0.0668024
0.567933
0.396862
0.449354
0.662
0.662
0.129811
0.662
0.0507029
0.662
0.662
0.44126
0.43922
0.662
0.188281
0.191109
0.662
0.662
0.267178
0.211545
0.662
0.223212
0.0930324
0.662
0.662
0.642955
0.0309875
0.304643
0.264997
0.329301
0.662
0.291781
0.188265
0.468989
0.445613
0.662
0.662
0.191515
0.0260195
0.662
0.280517
0.252336
0.662
0.422543
0.632384
0.210123
0.662
0.662
0.238665
0.145347
0.662
0.662
0.662
0.662
0.662
0.242829
0.132515
0.662
0.662
0.662
0.662
0.377567
0.662
0.591876
0.662
0.662
0.662
0.662
0.26707
0.330685
0.171059
0.662
0.624788
0.662
0.117978
0.463025
0.187098
0.662
0.662
0.121006
0.0857294
0.102335
0.103753
0.662
0.298346
0.662
0.16023
0.458905
0.403325
0.662
0.662
0.662
0.662
0.156676
0.567399
0.662
0.303163
0.662
0.144817
0.370459
0.11416
0.210093
0.227258
0.492013
0.382396
0.662
0.662
0.350714
0.377358
0.662
0.0764588
0.0543008
0.662
0.662
0.190176
0.662
0.080674
0.595022
0.015443
0.662
0.662
0.235024
0.662
0.662
0.149518
0.662
0.131719
0.0882724
0.00575238
0.0700674
0.190943
0.662
0.662
0.372889
0.662
0.662
0.329157
0.400155
0.281459
0.662
0.419493
0.169239
0.590242
0.210095
0.662
0.455487
0.662
0.662
0.519049
0.349726
0.662
0.212647
0.662
0.27082
0.662
0.420485
0.283544
0.257518
0.0303996
0.0810518
0.0155085
0.662
0.662
0.662
0.662
0.662
0.662
0.662
0.662
0.339829
0.297629
0.662
0.662
0.361227
0.00434186
0.234458
0.529514
0.158906
0.662
0.263869
0.662
0.662
0.662
0.591745
0.662
0.231309
0.662
0.659173
0.662
0.662
0.300327
0.313373
0.662
0.662
0.449682
0.156174
0.411206
0.386774
0.324889
0.484927
0.662
0.424519
0.501113
0.662
0.662
0.316318
0.2898
0.662
0.403732
0.231157
0.662
0.520301
0.439211
0.662
0.216934
0.0288832
0.662
0.128683
0.662
0.662
0.662
0.322364
0.471463
0.00828096
0.404667
0.450114
0.662
0.225845
0.0648345
0.662
0.294648
0.439137
0.507444
0.0451359
0.662
0.662
0.0362958
0.376801
0.179796
0.662
0.662
0.662
0.226839
0.662
0.362779
0.270444
0.115457
0.662
0.662
0.662
0.409229
0.386217
0.550307
0.662
0.321423
0.590892
0.662
0.395814
0.662
0.244622
0.662
0.322697
0.662
0.662
0.281572
0.662
0.291551
0.662
0.243647
0.662
0.662
0.134024
0.32517
0.378239
0.231973
0.32344
0.149392
0.557878
0.662
0.662
0.0214815
0.02449
0.278804
0.662
0.662
0.662
0.189721
0.662
0.352141
0.282124
0.376587
0.147154
0.662
0.662
0.662
0.662
0.662
0.350921
0.273761
0.662
0.299954
0.390653
0.41436
0.179037
0.103207
0.373777
0.590507
0.662
0.662
0.662
0.662
0.662
0.217008
0.662
0.662
0.460815
0.326157
0.662
0.30854
0.173705
0.0542582
0.199957
0.164165
0.384662
0.662
0.126689
0.22322
0.156669
0.662
0.304622
0.225002
0.432434
0.662
0.532909
0.455022
0.0159829
0.662
0.117797
0.0184228
0.451049
0.662
0.0312662
0.662
0.254921
0.662
0.662
0.662
0.662
0.662
0.212237
0.45288
0.662
0.500539
0.269205
0.400303
0.331363
0.309689
0.662
0.172906
0.262494
0.453514
0.662
0.133027
0.662
0.662
0.0408281
0.355511
0.0754723
0.662
0.200924
0.0274533
0.171694
0.662
0.375082
0.0604126
0.424098
0.0612767
0.0487865
0.237721
0.125753
0.209001
0.662
0.175336
0.405375
0.662
0.545519
0.662
0.217915
0.302637
0.662
0.662
0.0315732
0.662
0.662
0.177863
0.222014
0.379094
0.662
0.363079
0.447255
0.422964
0.662
0.399139
0.234461
0.445135
0.415159
0.662
0.11749
0.0118608
0.177717
0.266213
0.662
0.662
0.662
0.222611
0.438897
0.341939
0.100013
0.662
0.459702
0.200119
0.381536
0.662
0.100077
0.662
0.142718
0.662
0.0277811
0.662
0.223795
0.176817
0.219025
0.662
0.343691
0.302638
0.327664
0.133362
0.324037
0.342018
0.662
0.245835
0.662
0.662
0.662
0.276944
0.215319
0.178026
0.662
0.158155
0.221961
0.323162
0.662
0.469845
0.238814
0.152239
0.0189813
0.287906
0.185037
0.0356052
0.378989
0.272999
0.447443
0.197386
0.431775
0.261205
0.662
0.662
0.662
0.238196
0.00126203
0.273262
0.662
0.341433
0.186729
0.662
0.0961311
0.662
0.662
0.662
0.178478
0.351482
0.0983286
0.194817
0.662
0.214722
0.151876
0.264933
0.0531847
0.10693
0.112511
0.437564
0.360731
0.662
0.662
0.662
0.662
0.154557
0.221161
0.304148
0.2275
0.662
0.662
0.239825
0.662
0.235472
0.662
0.0664218
0.481434
0.290014
0.662
0.172979
0.662
0.0167929
0.662
0.662
0.32398
0.155925
0.662
0.392827
0.662
0.662
0.662
0.00853608
0.124178
0.662
0.662
0.662
0.662
0.24475
0.319826
0.618814
0.35951
0.241135
0.313367
0.662
0.662
0.662
0.662
0.662
0.662
0.662
0.365598
0.474413
0.662
0.464893
0.662
0.0339259
0.0698145
0.662
0.662
0.662
0.608451
0.0899097
0.606202
0.220818
0.420726
0.227045
0.508503
0.662
0.407082
0.662
0.0337983
0.290764
0.197519
0.190351
0.662
0.662
0.343789
0.0101686
0.22598
0.219466
0.158202
0.228578
0.343789
0.452003
0.146053
0.10697
0.662
0.19876
0.263599
0.662
0.182789
0.287785
0.39724
0.662
0.242178
0.45937
0.4245
0.221171
0.540677
0.651968
0.662
0.223632
0.662
0.662
0.346772
0.662
0.662
0.662
0.0916733
0.361727
0.0838928
0.662
0.662
0.629763
0.29077
0.662
0.662
0.662
0.320487
0.662
0.662
0.662
0.662
0.464342
0.424068
0.662
0.0915934
0.440217
0.662
0.238231
0.264591
0.422557
0.662
0.279118
0.662
0.662
0.0494088
0.662
0.662
0.466758
0.425693
0.457203
0.0213959
0.476782
0.197475
0.662
0.131072
0.25999
0.203328
0.662
0.0485504
0.662
0.186364
0.529978
0.662
0.321728
0.447951
0.662
0.359884
0.291816
0.662
0.462766
0.248726
0.0780592
0.662
0.270278
0.662
0.0986084
0.662
0.278576
0.234099
0.372318
0.662
0.319263
0.662
0.219317
0.102683
0.128955
0.46056
0.662
0.137565
0.662
0.429927
0.662
0.577274
0.662
0.0834309
0.662
0.157726
0.662
0.294398
0.218258
0.662
0.662
0.662
0.662
0.662
0.662
0.23488
0.662
0.662
0.363995
0.23821
0.347076
0.662
0.662
0.662
0.294085
0.662
0.19906
0.662
0.106418
0.0629599
0.114434
0.296714
0.136245
0.662
0.420912
0.0290384
0.525436
0.662
0.662
0.662
0.0358119
0.662
0.662
0.439263
0.265137
0.221324
0.271194
0.293372
0.662
0.22613
0.256942
0.662
0.178881
0.662
0.115185
0.662
0.662
0.223729
0.662
0.662
0.0918328
0.662
0.445794
0.0746113
0.662
0.662
0.410976
0.352578
0.662
0.527348
0.662
0.662
0.662
0.662
0.662
0.221521
0.285997
0.484581
0.367022
0.662
0.206761
0.426002
0.292323
0.125231
0.662
0.662
0.662
0.662
0.662
0.108589
0.21315
0.662
0.145625
0.662
0.662
0.0179496
0.662
0.31759
0.0445071
0.662
0.316266
0.662
0.088307
0.327703
0.63924
0.662
0.614231
0.662
0.16045
0.662
0.649883
0.111151
0.662
0.662
0.662
0.476767
0.138735
0.0994189
0.662
0.662
0.662
0.184371
0.662
0.142809
0.0722777
0.662
0.662
0.662
0.323384
0.163276
0.662
0.365172
0.662
0.662
0.116554
0.195532
0.662
0.662
0.662
0.662
0.662
0.0245897
0.237019
0.29277
0.191281
0.20562
0.294497
0.662
0.662
0.662
0.662
0.662
0.662
0.662
0.662
0.17908
0.193812
0.167118
0.261996
0.126741
0.662
0.204331
0.399681
0.317563
0.0636902
0.34925
0.218287
0.200613
0.463581
0.205739
0.662
0.662
0.662
0.662
0.369888
0.662
0.272279
0.662
0.355991
0.662
0.23775
0.653006
0.236987
0.00245861
0.345123
0.224318
0.569466
0.371073
0.445932
0.118644
0.364999
0.662
0.662
0.662
0.662
0.0158108
0.353238
0.407226
0.147264
0.400261
0.662
0.371615
0.118397
0.662
0.662
0.592427
0.193672
0.165646
0.662
0.662
0.662
0.0984231
0.0843057
0.662
0.662
0.662
0.303893
0.662
0.662
0.662
0.662
0.441638
0.662
0.662
0.662
0.434978
0.0539779
0.316364
0.479796
0.189096
0.155741
0.662
0.148515
0.0459013
0.329429
0.662
0.662
0.424986
0.662
0.0144447
0.558752
0.435876
0.237571
0.460378
0.593367
0.359234
0.424788
0.662
0.0832183
0.662
0.314028
0.403133
0.171941
0.662
0.155033
0.662
0.250734
0.637556
0.629809
0.662
0.662
0.0823361
0.0501465
0.38162
0.475789
0.0900554
0.662
0.181124
0.662
0.662
0.662
0.443564
0.395583
0.662
0.41336
0.415369
0.662
0.280008
0.300331
0.0330497
0.105914
0.213224
0.499537
0.662
0.203272
0.390754
0.177781
0.286454
0.639029
0.402091
0.382013
0.230886
0.662
0.403674
0.662
0.00949854
0.245146
0.407303
0.662
0.250523
0.662
0.254791
0.412292
0.414333
0.236049
0.18864
0.190207
0.0722857
0.662
0.662
0.449756
0.528435
0.384534
0.379669
0.157991
0.662
0.394045
0.0454532
0.150935
0.397065
0.341866
0.121774
0.662
0.232981
0.662
0.662
0.662
0.365409
0.313675
0.173886
0.00706506
0.137332
0.450646
0.662
0.662
0.662
0.629706
0.662
0.436056
0.44871
0.426286
0.662
0.162761
0.062613
0.30932
0.215003
0.157374
0.662
0.662
0.662
0.662
0.251294
0.662
0.518315
0.215545
0.662
0.0361176
0.662
0.662
0.662
0.321217
0.662
0.662
0.662
0.429966
0.23482
0.374282
0.508036
0.344702
0.662
0.618772
0.662
0.662
0.486255
0.662
0.357117
0.407731
0.297715
0.278582
0.138016
0.133304
0.130482
0.662
0.341812
0.335447
0.441204
0.662
0.28224
0.0359748
0.410613
0.0932385
0.343617
0.662
0.662
0.662
0.238724
0.662
0.298816
0.662
0.39198
0.662
0.291007
0.662
0.662
0.662
0.662
0.181669
0.246242
0.662
0.197145
0.107144
0.0986687
0.565786
0.222428
0.662
0.245304
0.662
0.662
0.235203
0.662
0.27041
0.662
0.566554
0.221626
0.662
0.662
0.425678
0.662
0.633391
0.234605
0.662
0.662
0.533581
0.662
0.541108
0.662
0.275736
0.662
0.662
0.0895935
0.662
0.501628
0.383345
0.208345
0.662
0.662
0.648565
0.436201
0.662
0.255414
0.662
0.337212
0.275594
0.662
0.623922
0.384274
0.375729
0.0989914
0.00419355
0.293005
0.662
0.341262
0.662
0.662
0.662
0.173259
0.662
0.662
0.662
0.5649
0.368055
0.662
0.662
0.127209
0.662
0.309725
0.662
0.662
0.447354
0.662
0.125793
0.498827
0.0467436
0.177155
0.0668484
0.199197
0.662
0.337559
0.662
0.662
0.0312302
0.662
0.022081
0.662
0.662
0.25312
0.0792431
0.662
0.461723
0.275734
0.385319
0.662
0.464781
0.662
0.662
0.37273
0.144846
0.440628
0.662
0.0657543
0.662
0.662
0.112581
0.662
0.662
0.444489
0.231159
0.662
0.662
0.262703
0.245582
0.365593
0.34294
0.662
0.369398
0.662
0.0350779
0.662
0.662
0.662
0.0962387
0.662
0.662
0.662
0.250412
0.662
0.419138
0.374219
0.600605
0.304669
0.662
0.316042
0.089959
0.0631267
0.476332
0.286341
0.271151
0.662
0.662
0.662
0.0679641
0.17302
0.438512
0.24618
0.514146
0.662
0.662
0.172264
0.662
0.0821164
0.295024
0.31785
0.662
0.312011
0.430925
0.206145
0.290821
0.291914
0.240144
0.662
0.662
0.662
0.0661772
0.164926
0.662
0.166041
0.207323
0.662
0.662
0.662
0.237106
0.662
0.662
0.662
0.331551
0.637907
0.662
0.662
0.662
0.0180835
0.662
0.0139116
0.662
0.179905
0.662
0.135591
0.382838
0.662
0.0723988
0.662
0.293731
0.662
0.551521
0.662
0.662
0.187726
0.218608
0.662
0.662
0.662
0.662
0.107778
0.662
0.190449
0.662
0.361802
0.662
0.662
0.0679766
0.202312
0.277374
0.662
0.280887
0.235225
0.207237
0.313121
0.349062
0.275269
0.159451
0.268479
0.374072
0.662
0.662
0.449974
0.175983
0.608895
0.662
0.0573589
0.457318
0.662
0.0924148
0.662
0.579252
0.265607
0.0528092
0.104671
0.662
0.662
0.153168
0.106971
0.227444
0.465213
0.0953577
0.0703859
0.630625
0.662
0.662
0.662
0.277858
0.662
0.428404
0.410919
0.38255
0.180346
0.356323
0.662
0.216054
0.662
0.47472
0.371472
0.662
0.373615
0.295422
0.662
0.133803
0.383842
0.662
0.662
0.637767
0.336252
0.418401
0.662
0.662
0.382248
0.662
0.429798
0.662
0.662
0.150825
0.662
0.0330949
0.082359
0.255549
0.0182478
0.662
0.662
0.202978
0.662
0.149953
0.34716
0.662
0.662
0.24849
0.662
0.34913
0.011395
0.496256
0.662
0.0480558
0.662
0.662
0.662
0.116128
0.662
0.662
0.662
0.189815
0.617562
0.662
0.662
0.0621038
0.662
0.412444
0.224654
0.154977
0.175861
0.662
0.662
0.464042
0.662
0.377874
0.134229
0.662
0.370016
0.186471
0.662
0.662
0.193282
0.617792
0.186031
0.293258
0.662
0.662
0.319116
0.450543
0.0919219
0.200781
0.662
0.662
0.662
0.662
0.206944
0.128064
0.662
0.662
0.662
0.526461
0.351325
0.274361
0.662
0.662
0.662
0.662
0.187889
0.662
0.302497
0.662
0.292712
0.0780257
0.137473
0.391415
0.46869
0.251244
0.662
0.662
0.223143
0.141723
0.662
0.662
0.60844
0.662
0.228666
0.410511
0.541956
0.662
0.0543449
0.662
0.201955
0.351146
0.327205
0.662
0.662
0.427657
0.662
0.114254
0.434345
0.123536
0.571141
0.223803
0.662
0.62157
0.0165663
0.401366
0.434815
0.662
0.302747
0.35705
0.662
0.347963
0.662
0.662
0.662
0.183105
0.662
0.2152
0.560258
0.410928
0.662
0.136585
0.19712
0.197228
0.0675758
0.224617
0.067608
0.239071
0.662
0.186515
0.662
0.0598322
0.662
0.21343
0.0624698
0.662
0.662
0.662
0.662
0.266307
0.268761
0.662
0.451897
0.662
0.455879
0.662
0.662
0.54737
0.210031
0.209023
0.192251
0.324413
0.0972463
0.355522
0.662
0.20104
0.0296626
0.662
0.476687
0.0995393
0.662
0.662
0.662
0.662
0.468911
0.00487396
0.662
0.428986
0.662
0.227098
0.662
0.662
0.394179
0.518127
0.441258
0.398558
0.662
0.50095
0.471397
0.662
0.287429
0.662
0.613395
0.193813
0.492397
0.144016
0.531668
0.26431
0.455617
0.476618
0.662
0.662
0.662
0.662
0.224072
0.662
0.481527
0.419571
0.0691887
0.2162
0.383724
0.543637
0.662
0.435628
0.0715329
0.662
0.134528
0.662
0.324675
0.662
0.662
0.662
0.662
0.305222
0.662
0.662
0.277092
0.662
0.662
0.662
0.306309
0.254724
0.433895
0.136446
0.224104
0.662
0.10717
0.457846
0.196888
0.249612
0.418445
0.343349
0.401243
0.158952
0.22754
0.662
0.662
0.662
0.14355
0.24215
0.346434
0.662
0.267725
0.662
0.105194
0.392116
0.310519
0.0688914
0.308379
0.476883
0.662
0.662
0.662
0.172185
0.402685
0.193018
0.273783
0.662
0.451297
0.592599
0.265018
0.26371
0.41969
0.165563
0.32527
0.662
0.316615
0.662
0.329323
0.207028
0.662
0.662
0.151551
0.662
0.169979
0.31697
0.109937
0.283095
0.282196
0.170384
0.354877
0.183059
0.662
0.353929
0.240134
0.204717
0.434458
0.662
0.662
0.130935
0.0868712
0.662
0.662
0.662
0.441785
0.253647
0.662
0.662
0.440971
0.662
0.662
0.662
0.235676
0.380388
0.237625
0.662
0.662
0.143523
0.662
0.096144
0.662
0.662
0.662
0.662
0.568144
0.662
0.662
0.662
0.662
0.390772
0.209925
0.662
0.391344
0.0778909
0.662
0.102666
0.553794
0.662
0.400388
0.662
0.662
0.231399
0.32281
0.662
0.336232
0.662
0.127614
0.460635
0.189438
0.0614187
0.202932
0.177515
0.1918
0.348782
0.285481
0.251755
0.515499
0.662
0.2959
0.662
0.298548
0.662
0.662
0.215451
0.0470296
0.662
0.200718
0.662
0.662
0.662
0.662
0.193386
0.0330936
0.245734
0.662
0.105723
0.662
0.390988
0.662
0.662
0.245737
0.441708
0.662
0.662
0.345532
0.166306
0.191441
0.662
0.662
0.533785
0.0937585
0.221003
0.662
0.291263
0.662
0.662
0.320618
0.662
0.5159
0.405433
0.662
0.662
0.662
0.662
0.662
0.103277
0.250201
0.662
0.662
0.662
0.662
0.183806
0.190687
0.662
0.378227
0.052367
0.490009
0.171231
0.662
0.662
0.298098
0.24508
0.662
0.339933
0.662
0.662
0.175503
0.225416
0.321541
0.662
0.358433
0.3146
0.150378
0.469363
0.327156
0.175623
0.662
0.662
0.659521
0.24283
0.232922
0.450702
0.143697
0.662
0.662
0.662
0.0069995
0.249095
0.131058
0.662
0.338518
0.662
0.474223
0.183705
0.662
0.341944
0.662
0.662
0.662
0.109558
0.47228
0.233445
0.120059
0.662
0.139946
0.123014
0.260625
0.23895
0.242426
0.662
0.662
0.662
0.186426
0.662
0.272161
0.259591
0.48554
0.662
0.662
0.382313
0.662
0.226816
0.662
0.662
0.45125
0.343584
0.238631
0.0476742
0.662
0.662
0.114378
0.662
0.279134
0.662
0.662
0.662
0.662
0.662
0.216313
0.167556
0.182863
0.155981
0.662
0.161274
0.662
0.662
0.662
0.21251
0.0600074
0.277385
0.662
0.662
0.145075
0.662
0.662
0.2206
0.112878
0.0446085
0.662
0.662
0.662
0.105917
0.149642
0.662
0.366603
0.662
0.244367
0.0212934
0.662
0.662
0.662
0.662
0.124556
0.179438
0.662
0.335804
0.0946122
0.048428
0.320986
0.662
0.202568
0.388276
0.662
0.662
0.491414
0.463127
0.50734
0.662
0.166509
0.196488
0.177851
0.662
0.149262
0.306421
0.279592
0.662
0.662
0.662
0.333638
0.265087
0.662
0.377507
0.662
0.662
0.662
0.457753
0.300689
0.227714
0.662
0.0100237
0.278309
0.273436
0.459185
0.0298734
0.164054
0.662
0.361199
0.662
0.297149
0.473586
0.0808719
0.662
0.662
0.662
0.389032
0.662
0.17295
0.0557561
0.440971
0.662
0.197
0.662
0.366645
0.0786421
0.258118
0.289297
0.662
0.609689
0.662
0.0965665
0.362682
0.292795
0.0457009
0.662
0.22882
0.662
0.662
0.337287
0.662
0.662
0.375115
0.662
0.662
0.433777
0.662
0.26741
0.30075
0.662
0.308404
0.662
0.662
0.662
0.191836
0.662
0.172199
0.33948
0.37451
0.662
0.662
0.662
0.623189
0.380648
0.258062
0.438439
0.295737
0.427949
0.0954307
0.20667
0.0103745
0.499615
0.662
0.662
0.662
0.297662
0.662
0.234562
0.092615
0.53848
0.142899
0.0838791
0.662
0.0893552
0.662
0.662
0.662
0.460879
0.345278
0.383518
0.139541
0.662
0.133841
0.150498
0.662
0.364455
0.125356
0.662
0.0106682
0.0992529
0.321064
0.26486
0.662
0.194379
0.221739
0.662
0.330315
0.662
0.279464
0.286107
0.662
0.240274
0.289032
0.213141
0.662
0.5296
0.503202
0.586187
0.383923
0.106064
0.310947
0.138246
0.662
0.25768
0.199588
0.662
0.458924
0.132183
0.662
0.662
0.374027
0.662
0.3361
0.662
0.342163
0.652378
0.190763
0.662
0.243282
0.328893
0.662
0.134
0.358586
0.474954
0.662
0.662
0.352752
0.0476959
0.662
0.609666
0.662
0.508294
0.662
0.461307
0.662
0.662
0.662
0.662
0.662
0.191891
0.359752
0.662
0.314153
0.662
0.662
0.662
0.222482
0.662
0.405154
0.259541
0.525739
0.662
0.476391
0.662
0.662
0.342137
0.662
0.629449
0.662
0.662
0.662
0.388184
0.430344
0.662
0.329798
0.413837
0.662
0.200069
0.152708
0.101468
0.450165
0.662
0.576545
0.418447
0.403441
0.477224
0.493963
0.662
0.569777
0.607051
0.662
0.207263
0.662
0.662
0.662
0.662
0.00793575
0.196296
0.202028
0.662
0.662
0.385628
0.662
0.268483
0.662
0.47458
0.199954
0.662
0.662
0.662
0.37951
0.412171
0.0150577
0.662
0.662
0.475772
0.222752
0.662
0.41225
0.310909
0.184877
0.417978
0.193237
0.662
0.223713
0.662
0.0948511
0.117329
0.662
0.467691
0.662
0.662
0.208644
0.662
0.662
0.47737
0.0449503
0.662
0.257651
0.662
0.662
0.662
0.046007
0.300285
0.662
0.16751
0.662
0.347318
0.317426
0.662
0.662
0.250569
0.259302
0.216337
0.192702
0.210378
0.155408
0.662
0.444118
0.120402
0.662
0.343621
0.662
0.662
0.558146
0.662
0.116047
0.301283
0.213048
0.662
0.662
0.231731
0.662
0.404314
0.662
0.0655443
0.662
0.662
0.45582
0.207741
0.416802
0.0373847
0.317934
0.558313
0.210305
0.662
0.662
0.662
0.0773901
0.662
0.662
0.0426605
0.151633
0.662
0.662
0.662
0.457484
0.0724729
0.662
0.662
0.394765
0.101193
0.662
0.662
0.662
0.451504
0.662
0.662
0.307716
0.39477
0.286925
0.188083
0.0665303
0.348189
0.662
0.662
0.411781
0.662
0.662
0.286193
0.662
0.662
0.662
0.25687
0.348834
0.640306
0.000282797
0.629647
0.342003
0.662
0.235791
0.254653
0.0146131
0.662
0.244563
0.662
0.101739
0.067788
0.151647
0.514469
0.662
0.312499
0.662
0.291863
0.185846
0.433054
0.214137
0.458647
0.662
0.662
0.329908
0.662
0.662
0.0452381
0.217115
0.662
0.146108
0.27918
0.591732
0.662
0.343257
0.025145
0.662
0.49802
0.0179265
0.662
0.090111
0.452056
0.223873
0.662
0.662
0.662
0.662
0.662
0.29596
0.662
0.283279
0.662
0.534911
0.662
0.662
0.425294
0.662
0.662
0.662
0.25758
0.63339
0.662
0.662
0.662
0.662
0.00386557
0.185256
0.2202
0.662
0.662
0.000477069
0.562867
0.2028
0.662
0.662
0.21395
0.210382
0.662
0.0285153
0.320297
0.0375313
0.396368
0.414087
0.0160894
0.662
0.332241
0.662
0.265017
0.662
0.469232
0.33188
0.213006
0.115202
0.662
0.39762
0.662
0.662
0.19676
0.662
0.662
0.481724
0.217842
0.111611
0.374136
0.662
0.380956
0.251416
0.0616434
0.0770605
0.219147
0.246023
0.32826
0.454726
0.584055
0.662
0.36326
0.0607207
0.662
0.662
0.00893748
0.662
0.662
0.457719
0.00355814
0.662
0.662
0.662
0.108812
0.662
0.662
0.322164
0.193433
0.662
0.359637
0.662
0.662
0.155305
0.662
0.204362
0.110489
0.455553
0.0665357
0.174553
0.662
0.374199
0.0912472
0.188872
0.450918
0.662
0.269003
0.163949
0.434304
0.435286
0.231076
0.0904037
0.261931
0.662
0.326688
0.662
0.662
0.662
0.138804
0.662
0.396515
0.662
0.662
0.203204
0.485316
0.662
0.352137
0.198045
0.110636
0.400051
0.285158
0.29308
0.481876
0.364879
0.0867736
0.497969
0.411823
0.180661
0.662
0.662
0.662
0.426845
0.225758
0.662
0.433837
0.0128266
0.662
0.255164
0.0387742
0.662
0.662
0.495807
0.662
0.662
0.38582
0.662
0.370007
0.315981
0.662
0.248794
0.662
0.384745
0.495202
0.662
0.479678
0.222567
0.385033
0.662
0.536148
0.662
0.662
0.508152
0.662
0.662
0.0550906
0.662
0.452244
0.662
0.48892
0.255562
0.662
0.169168
0.662
0.41633
0.166858
0.662
0.432648
0.000692927
0.654237
0.662
0.662
0.662
0.35047
0.302023
0.662
0.378085
0.417722
0.662
0.227124
0.0953202
0.238781
0.662
0.281203
0.662
0.231031
0.143902
0.348846
0.0243523
0.328286
0.0994982
0.186452
0.0965692
0.662
0.554699
0.163378
0.662
0.21069
0.662
0.179207
0.354124
0.351702
0.662
0.662
0.428877
0.662
0.493089
0.662
0.662
0.0122425
0.662
0.662
0.662
0.421861
0.300791
0.15603
0.0352948
0.18072
0.364268
0.276543
0.320621
0.261407
0.551125
0.04519
0.198119
0.662
0.45156
0.662
0.213877
0.662
0.662
0.662
0.187251
0.168609
0.662
0.591285
0.662
0.662
0.255059
0.16636
0.662
0.0569032
0.662
0.214485
0.458649
0.235985
0.393556
0.414082
0.432215
0.293524
0.129529
0.48967
0.10145
0.282288
0.355308
0.166135
0.662
0.205976
0.0749032
0.298991
0.274917
0.201954
0.662
0.662
0.662
0.273083
0.662
0.662
0.249768
0.662
0.554552
0.198149
0.43404
0.0872316
0.209614
0.662
0.662
0.662
0.226992
0.225141
0.132015
0.336551
0.25639
0.464985
0.662
0.30997
0.0209885
0.662
0.319681
0.662
0.662
0.662
0.25716
0.205367
0.308969
0.161732
0.273193
0.662
0.662
0.0942027
0.662
0.183061
0.662
0.662
0.315115
0.662
0.662
0.662
0.229187
0.432421
0.14989
0.662
0.081756
0.526199
0.249445
0.662
0.662
0.467806
0.662
0.662
0.308311
0.662
0.442819
0.4699
0.662
0.120821
0.500114
0.662
0.662
0.662
0.216766
0.288994
0.0546839
0.147135
0.122596
0.662
0.662
0.255384
0.662
0.662
0.2199
0.113906
0.662
0.662
0.217524
0.15184
0.0538242
0.234089
0.329308
0.662
0.662
0.354773
0.632823
0.236814
0.456581
0.361806
0.201542
0.104781
0.662
0.442188
0.662
0.126594
0.662
0.434352
0.662
0.225272
0.140526
0.426292
0.369369
0.209408
0.662
0.592976
0.662
0.300253
0.41816
0.0474202
0.0965303
0.662
0.662
0.30027
0.662
0.662
0.662
0.142731
0.662
0.662
0.234381
0.372962
0.204385
0.318212
0.18544
0.180877
0.662
0.662
0.662
0.319976
0.662
0.662
0.321033
0.089528
0.662
0.314609
0.087124
0.662
0.662
0.153857
0.662
0.322966
0.662
0.662
0.339642
0.662
0.561525
0.662
0.106659
0.662
0.662
0.342288
0.662
0.662
0.562267
0.231968
0.662
0.0237172
0.437569
0.662
0.457001
0.662
0.662
0.662
0.255213
0.662
0.103524
0.12235
0.496804
0.488101
0.452021
0.154797
0.662
0.330479
0.557036
0.292882
0.349387
0.0905702
0.383259
0.436587
0.662
0.662
0.204162
0.270558
0.0154569
0.662
0.662
0.289636
0.662
0.662
0.662
0.217315
0.662
0.662
0.662
0.199155
0.662
0.662
0.571207
0.662
0.176957
0.662
0.186339
0.662
0.442397
0.451818
0.412253
0.485336
0.662
0.275616
0.220965
0.0338997
0.201673
0.406817
0.477537
0.15473
0.408519
0.662
0.3286
0.589632
0.662
0.219096
0.41503
0.399987
0.662
0.0713397
0.662
0.662
0.252154
0.363881
0.401109
0.230364
0.284245
0.662
0.374713
0.662
0.188801
0.662
0.242052
0.286201
0.225424
0.331187
0.662
0.662
0.123837
0.662
0.662
0.0339779
0.58402
0.662
0.662
0.662
0.161778
0.486329
0.207273
0.278026
0.590159
0.459889
0.662
0.284614
0.662
0.662
0.478123
0.0282414
0.163834
0.320102
0.261146
0.331417
0.662
0.229369
0.662
0.662
0.351174
0.19138
0.0655913
0.158345
0.203987
0.308345
0.227214
0.662
0.158362
0.662
0.118163
0.216014
0.293497
0.0811941
0.662
0.420769
0.662
0.150579
0.158804
0.238602
0.662
0.464322
0.153885
0.662
0.185313
0.662
0.439413
0.662
0.374043
0.662
0.662
0.662
0.441756
0.440804
0.594399
0.662
0.662
0.662
0.286966
0.289697
0.662
0.662
0.662
0.282402
0.219645
0.662
0.173631
0.435626
0.662
0.662
0.357015
0.387428
0.284323
0.145074
0.58588
0.662
0.129392
0.283052
0.254095
0.662
0.662
0.662
0.662
0.27602
0.187065
0.555382
0.662
0.662
0.662
0.223917
0.234854
0.154339
0.662
0.059588
0.159504
0.200021
0.662
0.662
0.335481
0.662
0.480455
0.662
0.467147
0.351705
0.662
0.442625
0.296697
0.662
0.104053
0.235169
0.662
0.662
0.657703
0.662
0.317478
0.126504
0.203045
0.157393
0.297668
0.662
0.662
0.662
0.662
0.662
0.317402
0.433053
0.219331
0.0565727
0.662
0.662
0.0510627
0.12686
0.198585
0.145542
0.662
0.499897
0.230139
0.270167
0.151857
0.662
0.306358
0.662
0.430598
0.662
0.662
0.662
0.662
0.458146
0.15424
0.662
0.662
0.304408
0.320304
0.536734
0.33645
0.0560708
0.315852
0.662
0.662
0.662
0.141179
0.000500532
0.430934
0.662
0.303067
0.662
0.32429
0.103944
0.379888
0.662
0.377697
0.258775
0.215011
0.201925
0.494085
0.345227
0.662
0.662
0.662
0.662
0.662
0.452685
0.662
0.662
0.0393171
0.662
0.662
0.662
0.13176
0.200137
0.265103
0.339501
0.662
0.571742
0.662
0.276971
0.662
0.473852
0.662
0.203617
0.0760879
0.662
0.662
0.0248811
0.0284206
0.662
0.420895
0.233427
0.662
0.62458
0.490057
0.283692
0.164817
0.662
0.0550745
0.0131542
0.662
0.276434
0.305302
0.247944
0.248968
0.198518
0.192245
0.468785
0.136964
0.464065
0.662
0.662
0.662
0.361324
0.0017366
0.662
0.662
0.662
0.249384
0.312555
0.662
0.0357311
0.127755
0.662
0.436461
0.662
0.269019
0.177503
0.238054
0.0137284
0.237726
0.577749
0.285895
0.662
0.662
0.662
0.662
0.0960336
0.259281
0.662
0.662
0.662
0.662
0.306239
0.418245
0.662
0.203697
0.47149
0.477153
0.662
0.600297
0.327298
0.662
0.662
0.662
0.662
0.662
0.00780491
0.662
0.662
0.402992
0.149204
0.439168
0.0732898
0.662
0.662
0.41755
0.642336
0.662
0.0526234
0.274771
0.662
0.305659
0.395761
0.137909
0.662
0.270756
0.217253
0.263459
0.662
0.662
0.315364
0.174995
0.662
0.258367
6.40055e-07
0.662
0.662
0.619764
0.662
0.164806
0.662
0.0240339
0.662
0.295233
0.0695746
0.44698
0.393746
0.0599157
0.662
0.0546504
0.29675
0.0598324
0.662
0.350743
0.253191
0.0449855
0.176155
0.662
0.339965
0.286235
0.0623619
0.344064
0.662
0.246782
0.662
0.0916748
0.662
0.0784023
0.662
0.662
0.0218444
0.662
0.662
0.662
0.159066
0.662
0.662
0.386146
0.662
0.662
0.662
0.662
0.147171
0.662
0.0633174
0.0705959
0.662
0.662
0.24525
0.662
0.346747
0.662
0.18731
0.662
0.0324961
0.128043
0.662
0.662
0.171287
0.195643
0.662
0.369701
0.357555
0.662
0.258828
0.662
0.475827
0.13023
0.207749
0.662
0.32534
0.662
0.168052
0.662
0.104549
0.544098
0.412721
0.662
0.476154
0.662
0.00259351
0.421209
0.662
0.662
0.119627
0.654737
0.402027
0.662
0.662
0.662
0.0246581
0.662
0.662
0.113157
0.562635
0.420252
0.549588
0.364852
0.662
0.662
0.161153
0.327949
0.0368152
0.662
0.084802
0.662
0.104816
0.118874
0.250763
0.662
0.253685
0.662
0.403303
0.474321
0.218785
0.662
0.662
0.141217
0.662
0.329184
0.662
0.662
0.297114
0.155536
0.136457
0.662
0.662
0.231515
0.44599
0.662
0.18795
0.662
0.395552
0.390753
0.662
0.123267
0.662
0.453903
0.233724
0.191574
0.521001
0.626398
0.301261
0.662
0.427454
0.246177
0.343364
0.662
0.195799
0.376064
0.453881
0.446696
0.662
0.662
0.26746
0.662
0.109078
0.662
0.662
0.0951581
0.662
0.662
0.200213
0.28402
0.507693
0.372691
0.662
0.202362
0.662
0.616083
0.662
0.662
0.570243
0.662
0.662
0.662
0.662
0.662
0.474716
0.662
0.0262096
0.662
0.317578
0.0494841
0.662
0.662
0.268291
0.662
0.662
0.108002
0.391879
0.662
0.662
0.26454
0.662
0.662
0.113239
0.662
0.385645
0.662
0.307824
0.406637
0.395034
0.0149562
0.471031
0.0972414
0.341832
0.548172
0.662
0.407827
0.230807
0.327447
0.0246968
0.662
0.290831
0.662
0.415494
0.163022
0.662
0.662
0.393063
0.0262647
0.662
0.102126
0.235065
0.204294
0.419414
0.252018
0.121409
0.172852
0.422045
0.167452
0.662
0.662
0.293388
0.273859
0.506029
0.348354
0.105452
0.662
0.364128
0.662
0.662
0.471384
0.381735
0.356846
0.173332
0.662
0.662
0.299178
0.217134
0.662
0.662
0.209525
0.662
0.32466
0.230606
0.24659
0.512042
0.429363
0.11245
0.374612
0.119635
0.210848
0.148126
0.227737
0.662
0.44773
0.382584
0.662
0.37916
0.234791
0.662
0.0890339
0.198721
0.246784
0.29729
0.662
0.404432
0.387686
0.662
0.662
0.354156
0.662
0.223565
0.113048
0.351342
0.662
0.160563
0.18681
0.662
0.207678
0.438758
0.662
0.662
0.352046
0.662
0.662
0.320354
0.454488
0.0571482
0.336369
0.662
0.0232994
0.662
0.439796
0.329235
0.662
0.462416
0.236436
0.19182
0.237329
0.654256
0.662
0.662
0.220488
0.0846306
0.662
0.662
0.573564
0.37063
0.662
0.662
0.0685677
0.662
0.22243
0.164238
0.345554
0.624588
0.662
0.325712
0.662
0.187222
0.24511
0.362918
0.359151
0.449602
0.246138
0.241116
0.528098
0.662
0.662
0.662
0.63713
0.131462
0.662
0.662
0.273034
0.662
0.662
0.234947
0.662
0.516228
0.205345
0.442948
0.662
0.662
0.0892457
0.662
0.403006
0.384914
0.18488
0.0940246
0.181411
0.662
0.45691
0.35058
0.253269
0.662
0.662
0.0942317
0.662
0.662
0.474884
0.535879
0.631028
0.662
0.143277
0.425926
0.662
0.0685086
0.299335
0.662
0.302748
0.0549259
0.117503
0.238194
0.662
0.216239
0.459105
0.202063
0.293084
0.150531
0.662
0.662
0.405897
0.444705
0.236064
0.662
0.238604
0.153056
0.304997
0.662
0.662
0.662
0.28577
0.345073
0.240997
0.662
0.662
0.662
0.662
0.17502
0.0595283
0.221905
0.662
0.226923
0.16974
0.662
0.238948
0.629532
0.153426
0.662
0.188674
0.662
0.61591
0.195716
0.662
0.222432
0.662
0.662
0.440817
0.662
0.281633
0.662
0.336181
0.662
0.605573
0.562842
0.165565
0.662
0.662
0.189349
0.362882
0.662
0.0860902
0.518176
0.0192644
0.662
0.115863
0.321595
0.662
0.662
0.191048
0.146684
0.386675
0.627047
0.18591
0.662
0.662
0.662
0.662
0.662
0.662
0.263189
0.162308
0.399408
0.662
0.0597441
0.662
0.376791
0.141162
0.365895
0.662
0.398379
0.662
0.0638042
0.662
0.662
0.662
0.662
0.662
0.13053
0.662
0.662
0.465998
0.0692928
0.662
0.245429
0.662
0.662
0.198891
0.662
0.249971
0.463926
0.257403
0.387791
0.0986056
0.64198
0.420973
0.662
0.662
0.45391
0.662
0.229252
0.662
0.259166
0.662
0.662
0.662
0.662
0.662
0.29891
0.662
0.0591268
0.154523
0.662
0.662
0.221026
0.662
0.662
0.379481
0.530401
0.0959703
0.26435
0.662
0.188213
0.235425
0.411877
0.662
0.662
0.662
0.160744
0.172858
0.662
0.662
0.340989
0.662
0.662
0.33767
0.662
0.662
0.0660825
0.0366758
0.662
0.444748
0.442031
0.662
0.662
0.378368
0.662
0.139617
0.662
0.662
0.0294658
0.120428
0.662
0.662
0.662
0.138136
0.0142369
0.662
0.662
0.207837
0.662
0.0119501
0.662
0.188459
0.662
0.152169
0.568659
0.662
0.662
0.277148
0.662
0.155115
0.0903593
0.662
0.423462
0.030325
0.662
0.662
0.221142
0.328611
0.258383
0.394289
0.662
0.0503125
0.240878
0.620814
0.222892
0.662
0.0391982
0.44417
0.255913
0.205369
0.662
0.224189
0.662
0.662
0.543743
0.662
0.0643868
0.662
0.662
0.662
0.132054
0.0109318
0.356047
0.234069
0.662
0.0969604
0.151631
0.662
0.035528
0.0308334
0.543567
0.158538
0.329352
0.307714
0.182038
0.240584
0.268778
0.662
0.204093
0.662
0.662
0.662
0.662
0.145195
0.145736
0.133307
0.662
0.244811
0.662
0.266882
0.662
0.662
0.340194
0.662
0.280447
0.380154
0.662
0.662
0.226656
0.662
0.662
0.400564
0.189034
0.417451
0.662
0.456958
0.389585
0.662
0.134785
0.0368663
0.322753
0.0191258
0.662
0.272243
0.416586
0.264419
0.662
0.662
0.650621
0.662
0.662
0.662
0.662
0.120844
0.332215
0.0458269
0.584474
0.210677
0.360433
0.662
0.119173
0.216542
0.503322
0.119138
0.662
0.662
0.662
0.662
0.439915
0.134523
0.662
0.25255
0.662
0.302742
0.340125
0.31463
0.662
0.662
0.662
0.145608
0.662
0.662
0.662
0.662
0.548784
0.350428
0.09593
0.466655
0.662
0.356578
0.290919
0.124462
