0.0138836
0.497131
0.662
0.0451287
0.662
0.662
0.194677
0.00874898
0.662
0.662
0.392392
0.397133
0.662
0.267438
0.662
0.662
0.459717
0.133824
0.662
0.662
0.662
0.662
0.320141
0.662
0.662
0.662
0.277821
0.32466
0.0610866
0.164457
0.154449
0.347466
0.297938
0.662
0.0205794
0.662
0.662
0.662
0.203707
0.662
0.662
0.662
0.103141
0.23605
0.614654
0.0813854
0.265948
0.662
0.662
0.455687
0.306801
0.662
0.662
0.662
0.662
0.662
0.436929
0.662
0.245054
0.662
0.662
0.178939
0.193659
0.662
0.662
0.662
0.250128
0.086033
0.268096
0.145873
0.662
0.662
0.0596542
0.518238
0.206256
0.348372
0.662
0.662
0.662
0.264299
0.411803
0.662
0.356893
0.212856
0.224765
0.424194
0.0688996
0.172275
0.15532
0.320719
0.662
0.235342
0.662
0.233239
0.167595
0.523654
0.662
0.555253
0.662
0.662
0.153731
0.25339
0.662
0.388421
0.662
0.662
0.2706
0.270385
0.662
0.532179
0.153741
0.548648
0.662
0.195781
0.662
0.662
0.191696
0.337354
0.325023
0.662
0.662
0.0543897
0.662
0.30453
0.403891
0.493457
0.662
0.620907
0.0170408
0.100761
0.662
0.662
0.2077
0.0372965
0.529295
0.662
0.358879
0.187329
0.0644175
0.268111
0.662
0.519755
0.450821
0.36041
0.394868
0.0174064
0.289425
0.662
0.662
0.557299
0.117881
0.0345489
0.662
0.281562
0.0911659
0.662
0.510042
0.446337
0.286233
0.662
0.194895
0.662
0.569481
0.00388911
0.367643
0.662
0.117551
0.0148397
0.169189
0.41287
0.344469
0.662
0.472189
0.411597
0.662
0.578342
0.0298926
0.662
0.662
0.354314
0.224113
0.284755
0.544113
0.432482
0.662
0.0736431
0.250746
0.662
0.662
0.206528
0.197149
0.515228
0.277056
0.250178
0.0304627
0.662
0.662
0.41953
0.662
0.662
0.662
0.536734
0.662
0.662
0.356701
0.0138724
0.425893
0.662
0.217024
0.427753
0.120607
0.478531
0.662
0.662
0.131432
0.22847
0.00358416
0.662
0.0573925
0.662
0.662
0.374425
0.145687
0.0707145
0.662
0.190857
0.206643
0.662
0.225392
0.662
0.662
0.489053
0.101871
0.538595
0.315638
0.0850882
0.662
0.662
0.260183
0.305879
0.662
0.18543
0.151629
0.426128
0.465549
0.662
0.662
0.0681062
0.637011
0.0326557
0.42028
0.221561
0.662
0.131191
0.0424534
0.199604
0.368332
0.662
0.246124
0.662
0.334063
0.342233
0.0893484
0.662
0.203479
0.662
0.180922
0.558431
0.195698
0.662
0.188059
0.295594
0.604265
0.0976543
0.121013
0.489037
0.342452
0.0872926
0.0518733
0.662
0.662
0.173825
0.662
0.0365771
0.662
0.568177
0.123825
0.23843
0.662
0.307443
0.0420027
0.185958
0.272382
0.227434
0.117248
0.662
0.460933
0.246602
0.530332
0.51472
0.204959
0.398892
0.16152
0.121223
0.566322
0.00528407
0.662
0.240929
0.662
0.594086
0.662
0.258946
0.0543819
0.246029
0.105924
0.662
0.662
0.662
0.338577
0.280206
0.578563
0.419985
0.662
0.662
0.0344936
0.208264
0.153352
0.662
0.433918
0.662
0.662
0.662
0.662
0.662
0.652915
0.315515
0.662
0.662
0.662
0.465629
0.186737
0.662
0.662
0.662
0.160525
0.662
0.261889
0.662
0.448223
0.245117
0.528218
0.430799
0.244639
0.662
0.419436
0.140869
0.662
0.421563
0.662
0.232396
0.23257
0.408291
0.662
0.251858
0.662
0.662
0.662
0.410553
0.662
0.196253
0.662
0.054166
0.123713
0.0503041
0.662
0.303031
0.306023
0.662
0.662
0.406261
0.404894
0.662
0.117878
0.345138
0.298199
0.286346
0.662
0.662
0.662
0.662
0.441838
0.662
0.662
0.235125
0.647835
0.234597
0.261251
0.662
0.183446
0.662
0.662
0.662
0.0141424
0.113645
0.111763
0.662
0.19754
0.662
0.121138
0.154166
0.210823
0.610241
0.662
0.662
0.662
0.662
0.354824
0.273063
0.662
0.0249896
0.0989955
0.425244
0.410253
0.367388
0.465319
0.25081
0.00907929
0.662
0.662
0.421031
0.393259
0.662
0.238961
0.38961
0.164869
0.662
0.662
0.63339
0.662
0.317568
0.144245
0.38384
0.662
0.191889
0.361759
0.389636
0.593482
0.303237
0.177657
0.374719
0.488869
0.0608123
0.0651801
0.662
0.207129
0.149529
0.205432
0.532356
0.346901
0.662
0.427008
0.287697
0.156794
0.662
0.386985
0.178931
0.357203
0.392017
0.662
0.606018
0.651289
0.422078
0.0806592
0.114676
0.264752
0.260259
0.287839
0.216513
0.662
0.22268
0.48254
0.662
0.582531
0.662
0.31049
0.16683
0.247983
0.54138
0.337688
0.537767
0.249834
0.320285
0.265868
0.662
0.127997
0.662
0.662
0.0351149
0.0402765
0.0903762
0.662
0.0414467
0.662
0.662
0.662
0.662
0.0238259
0.662
0.260207
0.0592352
0.460055
0.0998683
0.662
0.286678
0.662
0.132202
0.662
0.256302
0.662
0.259986
0.662
0.234113
0.662
0.133792
0.662
0.147971
0.662
0.0359744
0.19146
0.184215
0.662
0.331373
0.188196
0.662
0.133386
0.662
0.662
0.288616
0.521243
0.455386
0.662
0.459593
0.662
0.662
0.662
0.337736
0.662
0.662
0.304839
0.662
0.662
0.040547
0.39336
0.662
0.391944
0.0712758
0.662
0.321078
0.662
0.294711
0.290597
0.662
0.340711
0.662
0.452216
0.662
0.662
0.211543
0.662
0.662
0.32437
0.230008
0.646318
0.183957
0.655247
0.662
0.662
0.662
0.316165
0.487156
0.662
0.662
0.662
0.506099
0.654513
0.242584
0.0768037
0.253915
0.143371
0.662
0.204109
0.145122
0.502113
0.662
0.662
0.662
0.0573629
0.330198
0.127437
0.354963
0.662
0.495515
0.412433
0.641641
0.167912
0.259775
0.24305
0.250671
0.314326
0.0144767
0.147838
0.181451
0.38191
0.662
0.662
0.196323
0.322899
0.199796
0.102052
0.662
0.137396
0.375007
0.394029
0.662
0.115515
0.662
0.376016
0.639356
0.0741904
0.07342
0.662
0.662
0.318211
0.354857
0.662
0.266792
0.592939
0.662
0.662
0.0250208
0.662
0.622212
0.376263
0.418559
0.662
0.662
0.194042
0.151421
0.344766
0.270525
0.163703
0.662
0.207669
0.662
0.458146
0.446866
0.662
0.390388
0.662
0.401671
0.153212
0.359976
0.177226
0.662
0.0554694
0.260158
0.662
0.662
0.0780112
0.365076
0.450191
0.263854
0.662
0.26527
0.0570772
0.662
0.662
0.526534
0.492905
0.247901
0.0379801
0.205578
0.0242495
0.333148
0.084728
0.383846
0.662
0.662
0.662
0.471272
0.210137
0.489264
0.662
0.662
0.206376
0.269032
0.221182
0.662
0.319765
0.215922
0.600497
0.662
0.322908
0.662
0.262684
0.552706
0.190402
0.662
0.662
0.36745
0.317326
0.362486
0.149288
0.307641
0.451661
0.280076
0.222825
0.662
0.0889877
0.662
0.371056
0.421985
0.662
0.662
0.376476
0.0200166
0.239756
0.196524
0.410465
0.662
0.0914914
0.662
0.662
0.662
0.662
0.424192
0.464041
0.201117
0.245034
0.289931
0.309465
0.662
0.329489
0.662
0.662
0.662
0.295707
0.409371
0.384217
0.303702
0.33634
0.158377
0.014547
0.36451
0.646369
0.18718
0.474736
0.434772
0.454498
0.662
0.662
0.41879
0.662
0.662
0.662
0.349244
0.39577
0.662
0.0051952
0.590887
0.320125
0.190718
0.217267
0.451113
0.16441
0.2433
0.241933
0.178239
0.498557
0.431627
0.662
0.662
0.662
0.662
0.662
0.568296
0.662
0.345855
0.186914
0.37048
0.56626
0.662
0.0915284
0.662
0.186664
0.25385
0.0594486
0.187701
0.260536
0.662
0.662
0.465005
0.17846
0.662
0.147685
0.445644
0.475447
0.248921
0.655978
0.445075
0.00411583
0.384103
0.552648
0.662
0.662
0.20464
0.662
0.662
0.662
0.40848
0.37874
0.372376
0.381333
0.231813
0.555275
0.360781
0.30674
0.662
0.471373
0.201123
0.662
0.297513
0.548439
0.172546
0.277297
0.300541
0.280172
0.142604
0.662
0.0827755
0.662
0.662
0.197726
0.643545
0.649612
0.326775
0.655913
0.213403
0.515066
0.662
0.662
0.662
0.662
0.662
0.662
0.44652
0.538427
0.143619
0.488789
0.223722
0.42048
0.429499
0.659684
0.563054
0.35032
0.334515
0.662
0.662
0.662
0.662
0.206963
0.0047064
0.0865799
0.662
0.662
0.211488
0.662
0.662
0.0799884
0.162936
0.00180096
0.331854
0.0344557
0.044079
0.286476
0.662
0.0433051
0.157535
0.415817
0.573061
0.221859
0.662
0.60711
0.296484
0.662
0.662
0.111137
0.662
0.164162
0.18995
0.0739436
0.354129
0.456702
0.293882
0.662
0.465587
0.160833
0.131286
0.0563656
0.207046
0.662
0.284848
0.238795
0.662
0.126336
0.507225
0.280783
0.662
0.610907
0.225944
0.662
0.662
0.662
0.32325
0.279259
0.420924
0.662
0.662
0.0785139
0.662
0.115381
0.662
0.662
0.207557
0.662
0.311128
0.288519
0.157523
0.220373
0.662
0.344827
0.631472
0.662
0.662
0.662
0.622865
0.584646
0.120683
0.189594
0.363655
0.453324
0.662
0.662
0.124659
0.2181
0.662
0.102534
0.458141
0.662
0.607623
0.0546639
0.437869
0.662
0.429179
0.662
0.662
0.252654
0.662
0.18917
0.662
0.00629934
0.237083
0.662
0.186516
0.662
0.662
0.662
0.0393512
0.0219448
0.662
0.23999
0.182998
0.0380854
0.662
0.662
0.448829
0.275979
0.461767
0.324649
0.00344136
0.0947436
0.467059
0.625319
0.662
0.184268
0.127552
0.587879
0.210963
0.345655
0.387188
0.414232
0.662
0.463719
0.619803
0.662
0.378248
0.112006
0.662
0.335451
0.662
0.622953
0.662
0.270001
0.662
0.330728
0.662
0.124501
0.279523
0.289742
0.593492
0.55039
0.144158
0.662
0.266543
0.358002
0.413089
0.662
0.0597215
0.472276
0.239333
0.662
0.662
0.662
0.149314
0.662
0.315138
0.662
0.662
0.366543
0.274483
0.429239
0.662
0.631685
0.189195
0.209902
0.294485
0.611106
0.293892
0.662
0.662
0.423137
0.25378
0.662
0.662
0.662
0.134453
0.185519
0.662
0.662
0.662
0.662
0.261181
0.122928
0.313769
0.662
0.662
0.332528
0.0567278
0.662
0.662
0.662
0.585866
0.0687091
0.662
0.378738
0.662
0.270236
0.662
0.36873
0.662
0.662
0.662
0.662
0.00760413
0.33553
0.0922383
0.662
0.409524
0.662
0.662
0.184465
0.109309
0.662
0.662
0.662
0.10085
0.414092
0.304668
0.117445
0.454371
0.662
0.565809
0.352314
0.047711
0.332202
0.527799
0.0352402
0.662
0.173162
0.662
0.0536587
0.662
0.316007
0.244814
0.0928235
0.17928
0.45048
0.662
0.662
0.194058
0.662
0.337611
0.0715816
0.662
0.602016
0.662
0.200649
0.638834
0.662
0.00582476
0.391067
0.662
0.662
0.0828403
0.662
0.662
0.194053
0.485096
0.508627
0.518634
0.367978
0.286765
0.0994903
0.0257856
0.247007
0.528295
0.330772
0.325776
0.245236
0.662
0.456471
0.662
0.163512
0.0437024
0.607994
0.662
0.412859
0.662
0.285143
0.111916
0.155132
0.662
0.662
0.662
0.329396
0.0153174
0.662
0.662
0.225139
0.660804
0.29141
0.199641
0.662
0.662
0.654275
0.662
0.272863
0.148077
0.662
0.253298
0.0479561
0.662
0.662
0.329924
0.566769
0.0541932
0.386693
0.525973
0.347244
0.0574956
0.136496
0.341417
0.465183
0.245235
0.662
0.662
0.662
0.662
0.662
0.276773
0.181225
0.662
0.252301
0.536778
0.662
0.662
0.662
0.662
0.329978
0.505487
0.37285
0.463972
0.662
0.662
0.264419
0.662
0.186938
0.662
0.0585737
0.662
0.172775
0.662
0.180992
0.127627
0.662
0.464398
0.662
0.662
0.662
0.427094
0.662
0.274406
0.446286
0.0985881
0.222944
0.22053
0.3706
0.662
0.0730336
0.331651
0.662
0.425103
0.345547
0.419762
0.259317
0.2591
0.371049
0.227538
0.662
0.37227
0.662
0.662
0.662
0.420512
0.662
0.662
0.108717
0.177811
0.32458
0.662
0.233779
0.227499
0.662
0.0068763
0.310577
0.0799435
0.0263905
0.201745
0.383266
0.549243
0.185215
0.662
0.472559
0.662
0.662
0.209827
0.107684
0.662
0.662
0.662
0.193212
0.043251
0.662
0.453977
0.662
0.662
0.662
0.125511
0.662
0.196905
0.601197
0.238724
0.662
0.395374
0.0631728
0.307917
0.662
0.662
0.261571
0.662
0.498529
0.662
0.457562
0.428877
0.323119
0.662
0.0462988
0.338943
0.662
0.662
0.662
0.662
0.662
0.147036
0.152722
0.662
0.188601
0.662
0.187309
0.662
0.206033
0.662
0.0750626
0.20667
0.276489
0.023145
0.292302
0.662
0.662
0.547786
0.185249
0.00291583
0.365479
0.122574
0.580951
0.662
0.536801
0.074016
0.32618
0.30126
0.662
0.402129
0.212945
0.187446
0.662
0.662
0.360269
0.662
0.186969
0.662
0.18754
0.27235
0.662
0.463305
0.262931
0.662
0.186219
0.0847093
0.293702
0.189472
0.165001
0.662
0.662
0.386366
0.0150971
0.552254
0.563083
0.294184
0.284413
0.263202
0.207362
0.0598538
0.551384
0.216109
0.249014
0.662
0.304631
0.147335
0.158186
0.662
0.662
0.252414
0.662
0.383342
0.208023
0.662
0.0251031
0.383
0.662
0.0929505
0.393071
0.154036
0.662
0.347979
0.662
0.276356
0.650113
0.515919
0.662
0.166111
0.662
0.199073
0.172616
0.662
0.662
0.662
0.662
0.239739
0.0780059
0.662
0.662
0.351905
0.662
0.503709
0.395536
0.662
0.226923
0.44319
0.501464
0.218291
0.662
0.502202
0.662
0.246546
0.0599233
0.662
0.662
0.322604
0.321186
0.662
0.194669
0.662
0.662
0.662
0.443305
0.662
0.539171
0.662
0.662
0.662
0.309108
0.619801
0.662
0.326414
0.441631
0.662
0.662
0.269866
0.295007
0.42173
0.662
0.385864
0.22255
0.204224
0.199592
0.281377
0.550964
0.231735
0.662
0.0872368
0.562193
0.662
0.511721
0.205602
0.109177
0.662
0.662
0.39871
0.0308496
