0.662
0.31134
0.662
0.662
0.163452
0.114644
0.662
0.662
0.306885
0.415163
0.305162
0.24305
0.21499
0.662
0.0251501
0.252266
0.272567
0.049159
0.278449
0.503243
0.423425
0.200516
0.0891054
0.662
0.180124
0.220826
0.662
0.405421
0.32292
0.662
0.135903
0.243978
0.61671
0.316721
0.58528
0.0764089
0.06106
0.662
0.261105
0.662
0.414934
0.234502
0.201089
0.662
0.00336497
0.617168
0.662
0.556178
0.302508
0.191122
0.320873
0.169966
0.199927
0.221561
0.662
0.148038
0.662
0.125
0.262684
0.481734
0.662
0.41711
0.0596038
0.337189
0.199844
0.662
0.0495416
0.662
0.49241
0.165225
0.662
0.662
0.662
0.156922
0.662
0.344532
0.0987567
0.198994
0.662
0.446434
0.193749
0.662
0.000961335
0.393512
0.662
0.0664637
0.662
0.379795
0.662
0.662
0.191375
0.370398
0.662
0.662
0.25791
0.545886
0.162144
0.662
0.662
0.187628
0.385951
0.662
0.278658
0.619418
0.662
0.0316474
0.662
0.0266991
0.168528
0.000335744
0.662
0.219283
0.432129
0.662
0.122216
0.662
0.662
0.644914
0.368803
0.662
0.662
0.429516
0.0959343
0.294718
0.662
0.304029
0.0572052
0.380017
0.662
0.662
0.662
0.0877852
0.103034
0.662
0.000122767
0.662
0.662
0.0910109
0.218315
0.662
0.662
0.662
0.0737303
0.662
0.229134
0.662
0.0477625
0.457041
0.662
0.662
0.230327
0.0546481
0.153736
0.426909
0.662
0.662
0.471938
0.339624
0.138382
0.532293
0.625863
0.34493
0.33092
0.19008
0.288211
0.310352
0.662
0.662
0.488799
0.347477
0.490929
0.241716
0.328578
0.452657
0.662
0.236925
0.662
0.662
0.239322
0.572639
0.240756
0.662
0.240756
0.662
0.336977
0.662
0.184832
0.662
0.215683
0.620261
0.662
0.662
0.470512
0.662
0.662
0.662
0.213454
0.662
0.251182
0.184602
0.295442
0.662
0.381729
0.286001
0.214581
0.363618
0.4184
0.106041
0.162088
0.220309
0.139162
0.614446
0.0248843
0.19018
0.662
0.662
0.149501
0.381574
0.662
0.662
0.662
0.193447
0.0242689
0.662
0.290057
0.662
0.100922
0.662
0.380965
0.662
0.263419
0.177046
0.239921
0.662
0.662
0.33211
0.211937
0.662
0.213419
0.322726
0.662
0.32883
0.230639
0.146496
0.662
0.341439
0.141445
0.623933
0.662
0.444598
0.520555
0.662
0.180341
0.170586
0.485197
0.453222
0.138442
0.662
0.0592614
0.189959
0.662
0.413497
0.35632
0.0114339
0.349855
0.662
0.662
0.451965
0.184744
0.662
0.190437
0.497663
0.662
0.662
0.662
0.310268
0.662
0.0393512
0.40437
0.456207
0.662
0.208926
0.0725491
0.215438
0.36668
0.662
0.219241
0.178903
0.461095
0.662
0.455452
0.193659
0.662
0.134188
0.662
0.17813
0.309136
0.662
0.662
0.662
0.218497
0.662
0.442212
0.662
0.0758552
0.00538537
0.604395
0.0768037
0.119396
0.381791
0.181857
0.44083
0.187733
0.622798
0.662
0.4604
0.095606
0.662
0.047711
0.630436
0.472493
0.066805
0.266258
0.662
0.474391
0.322596
0.658457
0.177837
0.586036
0.662
0.541473
0.662
0.117846
0.662
0.203867
0.261251
0.662
0.662
0.121793
0.398256
0.662
0.159663
0.0887703
0.526925
0.200772
0.662
0.151433
0.374303
0.377348
0.662
0.662
0.424871
0.528514
0.662
0.559961
0.31711
0.162527
0.146115
0.117135
0.662
0.203387
0.473206
0.662
0.200509
0.662
0.662
0.609012
0.144245
0.474414
0.662
0.302061
0.662
0.22218
0.0876433
0.0770649
0.216523
0.160818
0.443501
0.379974
0.662
0.662
0.472261
0.207328
0.202075
0.219755
0.196417
0.662
0.127084
0.662
0.246313
0.662
0.662
0.662
0.595515
0.651928
0.599577
0.662
0.662
0.0243055
0.178444
0.493883
0.662
0.662
0.344014
0.662
0.116901
0.662
0.354831
0.662
0.190857
0.662
0.322711
0.369142
0.662
0.410156
0.515184
0.283892
0.662
0.662
0.304934
0.316931
0.0924674
0.42907
0.196112
0.142323
0.662
0.116195
0.662
0.499302
0.662
0.662
0.138163
0.391764
0.662
0.562193
0.662
0.45858
0.662
0.167961
0.387322
0.0955716
0.553908
0.185236
0.553274
0.273999
0.662
0.662
0.392464
0.341561
0.398021
0.286485
0.2181
0.662
0.662
0.662
0.662
0.203537
0.662
0.323384
0.662
0.292167
0.662
0.579968
0.0631038
0.549364
0.336911
0.662
0.0780566
0.449105
0.662
0.662
0.662
0.247931
0.293169
0.447038
0.662
0.662
0.417306
0.138989
0.662
0.587423
0.662
0.599044
0.662
0.607052
