0.662
0.0824135
0.169319
0.152844
0.662
0.662
0.076237
0.662
0.104815
0.662
0.0743198
0.662
0.000329304
0.662
0.2101
0.662
0.334224
0.480114
0.662
0.662
0.613365
0.621076
0.188689
0.183226
0.662
0.662
0.662
0.316345
0.347615
0.662
0.662
0.662
0.662
0.662
0.662
0.401467
0.310248
0.0987457
0.260268
0.662
0.662
0.164079
0.20038
0.269253
0.54797
0.314598
0.247201
0.343084
0.279075
0.608593
0.173128
0.662
0.426495
0.185707
0.356222
0.530367
0.21611
0.0272798
0.271742
0.662
0.214094
0.662
0.0293042
0.619762
0.438773
0.207599
0.228475
0.662
0.494526
0.26604
0.662
0.122442
0.132727
0.0136818
0.186527
0.662
0.601146
0.379215
0.662
0.662
0.119105
0.551912
0.135734
0.200348
0.662
0.662
0.592708
0.209501
0.662
0.662
0.662
0.631318
0.486296
0.175381
0.626364
0.556077
0.615532
0.662
0.446715
0.662
0.375093
0.251605
0.662
0.662
0.662
0.19093
0.19442
0.14991
0.240373
0.662
0.662
0.590249
0.165094
0.662
0.297221
0.348581
0.201981
0.662
0.662
0.662
0.0856063
0.0279994
0.272796
0.190127
0.102518
0.537348
0.662
0.662
0.235795
0.144989
0.242319
0.662
0.63121
0.582389
0.488343
0.0772105
0.339792
0.662
0.0164273
0.662
0.261333
0.662
0.340786
0.662
0.662
0.662
0.217777
0.438338
0.105886
0.43295
0.21879
0.460964
0.662
0.662
0.16768
0.662
0.412832
0.212604
0.215946
0.662
0.197114
0.211704
0.662
0.662
0.448971
0.0471956
0.446941
0.662
0.662
0.662
0.152106
0.662
0.518931
0.300973
0.374348
0.662
0.214226
0.263593
0.662
0.633694
0.288508
0.662
0.662
0.269435
0.662
0.662
0.214684
0.662
0.363554
0.662
0.476124
0.662
0.206351
0.662
0.662
0.662
0.379192
0.662
0.502689
0.644353
0.399234
0.283182
0.662
0.0799998
0.662
0.209748
0.0405429
0.109743
0.504892
0.148352
0.364358
0.662
0.662
0.662
0.662
0.662
0.378062
0.564701
0.0929535
0.263545
0.106622
0.122019
0.662
0.58088
0.111773
0.380432
0.17591
0.305653
0.662
0.428116
0.342194
0.662
0.104119
0.0730812
0.230287
0.662
0.662
0.662
0.121077
0.662
0.662
0.662
0.45391
0.124041
0.18183
0.662
0.486919
0.353182
0.035163
0.179948
0.0637405
0.662
0.662
0.662
0.18158
0.56232
0.395949
0.662
0.265586
0.318423
0.20775
0.662
0.198088
0.662
0.462941
0.393429
0.295165
0.662
0.0539554
0.398434
0.52869
0.662
0.280441
0.483148
0.662
0.629453
0.233539
0.662
0.662
0.662
0.150696
0.54913
0.662
0.662
0.174369
0.603132
0.300671
0.633694
0.662
0.247167
0.453422
0.198874
0.662
0.491975
0.662
0.0980094
0.0513345
0.441416
0.44786
0.662
0.0264088
0.167563
0.662
0.155441
0.662
0.662
0.0250903
0.27841
0.662
0.566732
0.348054
0.404467
0.126742
0.1614
0.0608654
0.662
0.662
0.662
0.662
0.405684
0.662
0.662
0.197354
0.2497
0.662
0.411659
0.206343
0.662
0.47286
0.196907
0.662
0.326779
0.419314
0.222609
0.0177334
0.246142
0.228443
0.190774
0.484943
0.0219568
0.229278
0.662
0.662
0.586049
0.658551
0.24607
0.117738
0.166319
0.127405
0.310403
0.662
0.450548
0.662
0.0766815
0.662
0.0753697
0.119229
0.0820529
0.662
0.523719
0.425442
0.320502
0.380967
0.336095
0.662
0.324279
0.528587
0.662
0.182731
0.662
0.0645205
0.153906
0.662
0.465067
0.662
0.662
0.412195
0.63021
0.366854
0.54667
0.0155402
0.164594
0.654752
0.260138
0.662
0.564687
0.662
0.443465
0.662
0.662
0.662
0.571931
0.662
0.662
0.662
0.662
0.210168
0.376542
0.138747
0.662
0.167619
0.662
0.191945
0.662
0.0351323
0.290709
0.350799
0.217947
0.662
0.275269
0.662
0.172193
0.199081
0.139406
0.077999
0.182481
0.606843
0.49311
0.311595
0.662
0.662
0.638838
0.330715
0.11
0.662
0.401038
0.662
0.402776
0.200839
0.366131
0.424457
0.662
0.249056
0.383961
0.662
0.47925
0.27572
0.588952
0.662
