0.319791
0.662
0.662
0.662
0.277569
0.21228
0.662
0.662
0.255255
0.455183
0.0610723
0.662
0.662
0.301342
0.0243106
0.662
0.418116
0.662
0.662
0.0515109
0.662
0.662
0.599853
0.662
0.662
0.662
0.662
0.19124
0.662
0.265191
0.662
0.654847
0.662
0.478007
0.662
0.662
0.662
0.662
0.662
0.313128
0.208118
0.476286
0.662
0.304187
0.662
0.133606
0.412055
0.189454
0.163372
0.662
0.288744
0.176851
0.524828
0.662
0.449834
0.0209828
0.387293
0.662
0.662
0.662
0.0219258
0.662
0.468063
0.261634
0.199397
0.416171
0.193138
0.390991
0.391504
0.194947
0.221915
0.662
0.463207
0.0804697
0.346308
0.289484
0.662
0.152692
0.0740733
0.272757
0.662
0.662
0.186426
0.0718035
0.263053
0.271317
0.662
0.662
0.614377
0.208677
0.64568
0.189341
0.424549
0.398527
0.662
0.314637
0.047732
0.140148
0.662
0.348202
0.223195
0.507084
0.662
0.217096
0.322606
0.662
0.185361
0.511538
0.662
0.146834
0.203665
0.662
0.234668
0.662
0.662
0.662
0.662
0.662
0.220603
0.448566
0.196696
0.42474
0.00942608
0.151846
0.662
0.306438
0.0782568
0.662
0.60796
0.662
0.438317
0.105722
0.209498
0.0139367
0.662
0.662
0.344396
0.662
0.595901
0.662
0.662
0.662
0.169786
0.642039
0.251585
0.129654
0.384203
0.0580312
0.23564
0.505933
0.662
0.662
0.172444
0.19578
0.662
0.346823
0.450224
0.520828
0.662
0.465538
0.444027
0.0347094
0.233324
0.662
0.305574
0.0194415
0.15828
0.662
0.0921222
0.572666
0.0137159
0.321866
0.317618
0.662
0.662
0.470183
0.206173
0.167122
0.662
0.630416
0.227224
0.169492
0.123425
0.244204
0.633469
0.662
0.39578
0.344991
0.662
0.662
0.454572
0.549173
0.372713
0.0143492
0.662
0.384759
0.406157
0.249799
0.662
0.603398
0.120388
0.662
0.506587
0.449356
0.0796729
0.662
0.463398
0.662
0.155587
0.662
0.662
0.087501
0.225861
0.662
0.662
0.458546
0.263451
0.51205
0.662
0.662
0.291786
0.322017
0.662
0.12988
0.662
0.662
0.473095
0.662
0.45904
0.348945
0.3848
0.662
0.232273
0.662
0.291628
0.662
0.642108
0.662
0.662
0.142376
0.147447
0.662
0.303026
0.342439
0.499112
0.0531295
0.662
0.416287
0.376048
0.662
0.0361703
0.0343672
0.427306
0.223706
0.662
0.0575464
0.227965
0.515734
0.398577
0.662
0.293415
0.662
0.269335
0.122683
0.662
0.0724917
0.662
0.119218
0.194834
0.587698
0.53929
0.662
0.159103
0.571482
0.662
0.662
0.625152
0.452625
0.0223435
0.272334
0.42437
0.65859
0.662
0.662
0.662
0.218833
0.662
0.328155
0.553382
0.500348
0.24437
0.347423
0.582702
0.27325
0.50542
0.662
0.211806
0.318313
0.662
0.171459
0.54503
0.662
0.662
0.314264
0.458185
0.662
0.0874425
0.662
0.662
0.662
0.662
0.16027
0.386982
0.662
0.662
0.367156
0.662
0.227716
0.0882564
0.662
0.662
0.291447
0.262879
0.294333
0.662
0.136045
0.203332
0.404127
0.662
0.237779
0.331278
0.0988301
0.662
0.35385
0.662
0.200507
0.041617
0.0902522
0.662
0.471107
0.178508
0.0611992
0.503846
0.662
0.0634786
0.015033
0.375328
0.608007
0.000691517
0.00365242
0.372896
0.662
0.138884
0.0245229
0.662
0.0771519
0.00260135
0.644741
0.662
0.0493299
0.342109
0.635467
0.662
0.606568
0.043355
0.662
0.22626
0.662
0.359232
0.147016
0.662
0.662
0.163702
0.662
0.662
0.461832
0.120242
0.331381
0.0679091
0.662
0.662
0.375848
0.241503
0.243292
0.662
0.239131
0.662
0.0714527
0.0730084
0.106775
0.662
0.662
0.662
0.631073
0.662
0.289694
0.662
0.662
0.662
0.662
0.662
0.662
0.384529
0.662
0.0468026
0.662
0.269504
0.28242
0.017838
0.118781
0.0360716
0.20245
0.662
0.251303
0.341492
0.281985
0.289551
0.194567
0.662
0.313535
0.662
0.268495
0.621463
0.487382
0.207781
0.356615
0.515076
0.0660692
0.466091
0.662
0.173614
0.662
0.44993
0.0287842
0.193771
0.662
0.359537
0.662
0.461976
0.662
0.0953028
0.424008
0.124396
0.285702
0.350706
0.662
0.186659
0.57458
0.0037772
0.34033
0.242905
0.662
0.266165
0.181431
0.662
0.662
0.662
0.000726306
0.0566337
0.662
0.241443
0.662
0.0823922
0.662
0.662
0.193073
0.313351
0.231713
0.662
0.0781469
0.662
0.0238699
0.144811
0.0971702
0.662
0.42815
0.436459
0.401512
0.249569
0.194017
0.104883
0.662
0.333981
0.662
0.662
0.382353
0.662
0.547215
0.662
0.541256
0.215319
0.575119
0.422559
0.461687
0.383781
0.662
0.37821
0.18733
0.157606
0.662
0.154655
0.162377
0.248371
0.191026
0.250586
0.662
0.0916417
0.445144
0.662
0.329678
0.186441
0.662
0.21159
0.662
0.046903
0.218038
0.662
0.42643
0.319414
0.662
0.369622
0.662
0.175427
0.662
0.0995477
0.662
0.383084
0.424404
0.662
0.465747
0.57741
0.549319
0.42972
0.662
0.469634
0.380071
0.662
0.24126
0.200958
0.662
0.662
0.29483
0.662
0.662
0.603171
0.662
0.662
0.662
0.38038
0.626947
0.662
0.406445
0.0987659
0.369509
0.524997
0.662
0.662
0.662
0.385334
0.304751
0.662
0.340296
0.662
0.662
0.662
0.439644
0.0335136
0.662
0.00643938
0.397082
0.662
0.0987957
0.200741
0.217671
0.109674
0.53493
0.359574
0.207962
0.385505
0.662
0.662
0.0896918
0.662
0.662
0.662
0.122653
0.361908
0.628341
0.662
0.662
0.222169
0.479508
0.13482
0.131355
0.662
0.229643
0.0193202
0.158361
0.662
0.662
0.0134058
0.662
0.0676508
0.0218165
0.662
0.482201
0.662
0.494176
0.0608079
0.308038
0.662
0.477945
0.267497
0.0671219
0.293252
0.179264
0.0448251
0.662
0.105906
0.463677
0.662
0.394944
0.662
0.662
0.274727
0.662
0.40301
0.662
0.496683
0.205817
0.662
0.662
0.186767
0.662
0.0851929
0.662
0.662
0.662
0.323351
0.33821
0.662
0.152465
0.268153
0.204171
0.278614
0.284876
0.166894
0.662
0.662
0.0269986
0.662
0.329428
0.662
0.662
0.0666964
0.572843
0.228626
0.662
0.662
0.0983856
0.662
0.54259
0.662
0.662
0.417271
0.177494
0.662
0.438288
0.099896
0.662
0.202717
0.288556
0.345075
0.402098
0.326994
0.0923434
0.662
0.105929
0.62305
0.662
0.629037
0.662
0.241929
0.234785
0.662
0.662
0.662
0.662
0.662
0.144531
0.196399
0.662
0.662
0.242055
0.27489
0.37001
0.195607
0.662
0.395907
0.201732
0.662
0.662
0.662
0.134612
0.30763
0.662
0.375122
0.662
0.662
0.144706
0.153235
0.525678
0.187902
0.662
0.205756
0.662
0.232182
0.235877
0.662
0.440298
0.662
0.374059
0.531095
0.662
0.0494346
0.14001
0.251298
0.322441
0.662
0.037344
0.662
0.662
0.662
0.381177
0.662
0.662
0.662
0.115504
0.340017
0.662
0.662
0.662
0.431511
0.662
0.268536
0.0263887
0.22824
0.0993334
0.220245
0.39596
0.662
0.157728
0.662
0.255997
0.384983
0.274343
0.368495
0.145713
0.0159494
0.374568
0.188775
0.662
0.449905
0.194074
0.662
0.220317
0.333335
0.0687385
0.662
0.662
0.118398
0.662
0.572851
0.60074
0.434769
0.589384
0.662
0.662
0.662
0.662
0.439214
0.662
0.662
0.662
0.662
0.271723
0.412365
0.176979
0.119123
0.236161
0.411924
0.662
0.662
0.662
0.426072
0.120588
0.410716
0.116511
0.227572
0.662
0.662
0.334893
0.24076
0.662
0.662
0.375938
0.49508
0.662
0.662
0.0134512
0.10986
0.197921
0.000386195
0.662
0.173172
0.0302849
0.470305
0.662
0.290975
0.466004
0.255967
0.0693277
0.456325
0.63339
0.662
0.409371
0.328912
0.270764
0.662
0.662
0.662
0.662
0.311126
0.0959527
0.662
0.662
0.662
0.662
0.662
0.662
0.563564
0.662
0.662
0.302989
0.662
0.662
0.662
0.662
0.212191
0.0882675
0.662
0.16395
0.277867
0.146341
0.24518
0.165025
0.565334
0.118532
0.0120029
0.662
0.285186
0.199534
0.662
0.662
0.475046
0.31446
0.662
0.183318
0.662
0.0415996
0.662
0.0738208
0.662
0.127391
0.0386326
0.662
0.404523
0.15637
0.662
0.555898
0.0737818
0.662
0.0677906
0.662
0.662
0.662
0.223743
0.662
0.129103
0.401508
0.210697
0.455938
0.0383066
0.432895
0.341067
0.438107
0.662
0.662
0.550204
0.58734
0.100997
0.662
0.269981
0.661143
0.103566
0.0211276
0.331425
0.391936
0.475951
0.0494962
0.662
0.662
0.662
0.0347991
0.662
0.662
0.662
0.361688
0.662
0.308801
0.662
0.317771
0.662
0.662
0.662
0.143187
0.336421
0.540303
0.143201
0.662
0.604896
0.117419
0.662
0.396538
0.662
0.662
0.166988
0.115734
0.117616
0.118459
0.30769
0.459134
0.135974
0.0142144
0.0128662
0.530566
0.432098
0.18368
0.662
0.662
0.662
0.15479
0.662
0.194444
0.172519
0.662
0.375983
0.153512
0.662
0.00527432
0.662
0.0567316
0.535563
0.662
0.530628
0.0254602
0.031985
0.662
0.327924
0.662
0.423451
0.601456
0.662
0.0624429
0.0709626
0.662
0.0159254
0.126352
0.42748
0.117871
0.662
0.662
0.662
0.662
0.212317
0.381219
0.662
0.398437
0.375682
0.284658
0.662
0.346444
0.662
0.433638
0.231894
0.446319
0.662
0.225335
0.336195
0.662
0.662
0.00341223
0.662
0.149476
0.43707
0.662
0.21254
0.128382
0.257923
0.662
0.662
0.662
0.662
0.662
0.662
0.303172
0.296118
0.272531
0.662
0.662
0.3873
0.413176
0.662
0.190447
0.198169
0.662
0.662
0.662
0.662
0.662
0.662
0.633822
0.254571
0.00356753
0.367012
0.0807647
0.662
0.211641
0.662
0.157706
0.00573584
0.158832
0.330456
0.473371
0.662
0.461747
0.662
0.662
0.662
0.180572
0.111744
0.662
0.356923
0.487763
0.144226
0.662
0.518393
0.244274
0.161005
0.501579
0.261003
0.19002
0.334869
0.662
0.662
0.219345
0.59
0.662
0.365301
0.662
0.219867
0.662
0.352434
0.0180163
0.190809
0.662
0.662
0.215782
0.662
0.124413
0.662
0.529572
0.662
0.221315
0.662
0.662
0.269804
0.662
0.352383
0.662
0.435383
0.208452
0.217751
0.283448
0.184822
0.244617
0.354664
0.474342
0.293481
0.662
0.662
0.172579
0.662
0.166033
0.662
0.591992
0.662
0.366895
0.648047
0.309695
0.222293
0.5616
0.145782
0.662
0.662
0.662
0.417958
0.400412
0.662
0.662
0.662
0.0638616
0.298394
0.632189
0.455881
0.209875
0.302352
0.662
0.210347
0.217819
0.627623
0.209383
0.662
0.199703
0.224285
0.262288
0.662
0.289213
0.662
0.543117
0.34746
0.439625
0.662
0.160834
0.662
0.194771
0.074699
0.662
0.133611
0.662
0.137715
0.662
0.640549
0.0941837
0.188975
0.0251531
0.299124
0.24638
0.662
0.100816
0.331228
0.662
0.662
0.261125
0.0300433
0.173047
0.662
0.175564
0.254148
0.662
0.548988
0.662
0.22442
0.384676
0.358589
0.662
0.248277
0.15758
0.662
0.542114
0.662
0.662
0.0995881
0.662
0.169828
0.662
0.662
0.239755
0.000521727
0.662
0.0765539
0.561499
0.662
0.424915
0.271233
0.662
0.227625
0.123598
0.662
0.527754
0.522537
0.662
0.157926
0.662
0.351
0.29021
0.551142
0.252728
0.662
0.0217574
0.662
0.662
0.0153028
0.40463
0.624475
0.137513
0.662
0.474555
0.0541711
0.0104245
0.662
0.662
0.662
0.116288
0.662
0.340066
0.662
0.406477
0.662
0.00176322
0.662
0.662
0.20552
0.662
0.316609
0.662
0.662
0.469019
0.216737
0.662
0.662
0.662
0.662
0.145595
0.263592
0.662
0.662
0.662
0.450055
0.162509
0.662
0.0875546
0.411712
0.0441322
0.089135
0.107588
0.0286269
0.435038
0.662
0.662
0.351285
0.489356
0.187757
0.405783
0.662
0.662
0.177889
0.0792199
0.333108
0.395058
0.662
0.144588
0.350341
0.191295
0.662
0.347994
0.0510866
0.351825
0.150042
0.386737
0.194045
0.662
0.0701776
0.237246
0.334872
0.0935441
0.662
0.237152
0.662
0.0868696
0.662
0.0770043
0.328668
0.451141
0.56474
0.197713
0.48992
0.361398
0.662
0.215943
0.662
0.0676665
0.211304
0.4713
0.0283065
0.662
0.237245
0.100179
0.22375
0.662
0.662
0.520466
0.662
0.44308
0.120479
0.135984
0.248145
0.067371
0.115166
0.386072
0.117742
0.662
0.272305
0.309694
0.215919
0.0443843
0.662
0.335265
0.212943
0.0260333
0.363862
0.662
0.662
0.301939
0.193178
0.182542
0.546548
0.365127
0.395594
0.432114
0.168057
0.15151
0.662
0.366866
0.417345
0.370731
0.662
0.410522
0.269345
0.108739
0.395605
0.297379
0.662
0.313452
0.106669
0.172117
0.662
0.662
0.133108
0.662
0.662
0.662
0.0234253
0.204098
0.173911
0.662
0.245846
0.410402
0.184393
0.662
0.662
0.0984517
0.662
0.480764
0.182176
0.115553
0.184736
0.0305927
0.316224
0.662
0.662
0.334359
0.461223
0.157649
0.142057
0.322063
0.257771
0.662
0.662
0.0911868
0.0137134
0.254999
0.662
0.136369
0.0805917
0.662
0.061806
0.197547
0.662
0.426652
0.662
0.662
0.662
0.662
0.483049
0.404084
0.662
0.624923
0.467905
0.600055
0.662
0.662
0.662
0.662
0.327975
0.662
0.662
0.662
0.662
0.439937
0.451895
0.0283394
0.634536
0.662
0.662
0.0286626
0.662
0.662
0.662
0.299737
0.662
0.662
0.204412
0.187636
0.296194
0.113192
0.562562
0.662
0.662
0.662
0.662
0.188885
0.662
0.662
0.453296
0.662
0.451289
0.46396
0.394358
0.662
0.185788
0.209564
0.662
0.662
0.0061764
0.311962
0.662
0.185275
0.662
0.662
0.229858
0.662
0.662
0.324052
0.303844
0.543627
0.662
0.662
0.662
0.238078
0.0824055
0.662
0.313895
0.250832
0.662
0.662
0.332275
0.450487
0.0993603
0.300955
0.134522
0.662
0.317332
0.662
0.380653
0.449179
0.528872
0.662
0.111064
0.20002
0.662
0.633694
0.386167
0.662
0.298406
0.489792
0.458709
0.662
0.662
0.662
0.161937
0.0310213
0.0411727
0.00722366
0.662
0.145388
0.662
0.485614
0.662
0.274624
0.295021
0.662
0.190268
0.662
0.662
0.420681
0.405351
0.302953
0.359073
0.662
0.460213
0.144025
0.662
0.37803
0.662
0.297623
0.662
0.662
0.264897
0.393084
0.662
0.282702
0.332735
0.662
0.662
0.662
0.100385
0.523503
0.297493
0.148605
0.431326
0.64069
0.662
0.0324107
0.363273
0.286057
0.00148252
0.603723
0.662
0.438043
0.222816
0.242621
0.662
0.304142
0.224715
0.545287
0.48792
0.371002
0.249975
0.662
0.602712
0.226821
0.662
0.376011
0.0454291
0.662
0.493332
0.0892944
0.662
0.662
0.438515
0.662
0.251098
0.661413
0.288318
0.662
0.269694
0.662
0.491141
0.212392
0.297793
0.0303705
0.131766
0.0491381
0.403716
0.30389
0.353739
0.662
0.460832
0.662
0.662
0.139102
0.662
0.22195
0.253786
0.662
0.662
0.30907
0.662
0.185793
0.304995
0.158855
0.090799
0.0244753
0.00988251
0.0285669
0.355606
0.662
0.428596
0.363814
0.188383
0.093713
0.312443
0.27069
0.0846079
0.123201
0.237271
0.662
0.583126
0.176683
0.662
0.0977101
0.228034
0.079547
0.153347
0.440151
0.204662
0.662
0.662
0.662
0.662
0.662
0.153728
0.31703
0.19419
0.218309
0.200757
0.662
0.00346415
0.331616
0.392271
0.0596892
0.255036
0.0915976
0.354367
0.260011
0.662
0.177057
0.290379
0.12918
0.662
0.662
0.488459
0.662
0.43526
0.662
0.620469
0.537074
0.371031
0.211486
0.662
0.662
0.662
0.662
0.662
0.479053
0.559149
0.662
0.662
0.662
0.662
0.298468
0.0661965
0.662
0.662
0.164699
0.178421
0.445682
0.519309
0.426322
0.190141
0.133635
0.662
0.0945898
0.424355
0.450005
0.272875
0.662
0.178943
0.0932371
0.662
0.662
0.662
0.128306
0.15057
0.662
0.265238
0.662
0.662
0.0492515
0.360194
0.357313
0.662
0.637181
0.3874
0.662
0.00406143
0.105785
0.360224
0.426926
0.662
0.662
0.662
0.662
0.662
0.662
0.197951
0.662
0.662
0.135469
0.560634
0.662
0.662
0.108515
0.0822672
0.363271
0.631502
0.443969
0.662
0.662
0.278389
0.0148166
0.662
0.330808
0.662
0.0885582
0.662
0.662
0.10494
0.292407
0.662
0.662
0.321388
0.662
0.26404
0.317051
0.0149201
0.0757898
0.159894
0.0421403
0.53537
0.114395
0.662
0.662
0.00462082
0.662
0.0502979
0.662
0.274808
0.292803
0.662
0.114205
0.0623847
0.65296
0.397398
0.662
0.482074
0.244592
0.445414
0.359649
0.49173
0.275062
0.470465
0.662
0.662
0.178668
0.316576
0.662
0.662
0.662
0.175378
0.156959
0.169872
0.662
0.519879
0.662
0.358498
0.425623
0.662
0.662
0.0770847
0.296111
0.196656
0.0771599
0.662
0.553872
0.0698959
0.225374
0.255094
0.520287
0.662
0.662
0.0339257
0.0335623
0.662
0.662
0.0643265
0.662
0.174461
0.662
0.662
0.201303
0.662
0.662
0.394095
0.157638
0.662
0.56338
0.329223
0.662
0.242884
0.662
0.662
0.662
0.662
0.662
0.662
0.662
0.284383
0.327742
0.124403
0.662
0.662
0.662
0.662
0.662
0.152044
0.636985
0.662
0.65221
0.662
0.563718
0.358765
0.662
0.255282
0.288646
0.662
0.662
0.311136
0.222406
0.662
0.554119
0.639298
0.439155
0.263918
0.404661
0.151048
0.172401
0.0455954
0.0945279
0.662
0.662
0.251709
0.364556
0.662
0.422251
0.662
0.662
0.662
0.304847
0.662
0.437701
0.211003
0.129515
0.138688
0.594231
0.361736
0.564864
0.00684936
0.662
0.662
0.31721
0.442358
0.662
0.355058
0.505249
0.219287
0.420932
0.662
0.481425
0.662
0.662
0.445194
0.662
0.019851
0.662
0.188758
0.271459
0.190232
0.662
0.662
0.133309
0.606898
0.662
0.304309
0.662
0.165261
0.662
0.28781
0.319292
0.1329
0.520226
0.500865
0.284393
0.0541804
0.216066
0.525764
0.171213
0.075988
0.506523
0.170108
0.662
0.236672
0.662
0.662
0.0650614
0.156841
0.662
0.498027
0.662
0.199027
0.192197
0.662
0.224302
0.41107
0.201849
0.662
0.662
0.662
0.342029
0.612806
0.30556
0.662
0.662
0.662
0.662
0.662
0.662
0.571115
0.39848
0.611977
0.294064
0.662
0.662
0.662
0.481256
0.662
0.662
0.045331
0.662
0.272834
0.451759
0.662
0.662
0.526291
0.424049
0.662
0.662
0.369026
0.662
0.0543798
0.662
0.201167
0.26565
0.152798
0.356544
0.108942
0.662
0.662
0.592316
0.311664
0.32692
0.470682
0.662
0.662
0.662
0.405066
0.429664
0.343673
0.450274
0.662
0.662
0.662
0.111429
0.344149
0.662
0.166315
0.662
0.662
0.662
0.662
0.324315
0.0189888
0.662
0.662
0.440572
0.0812961
0.0283171
0.662
0.662
0.662
0.05684
0.198209
0.662
0.662
0.348347
0.506383
0.448568
0.662
0.0504069
0.662
0.662
0.223013
0.623905
0.333062
0.662
0.166503
0.450704
0.000428412
0.483222
0.662
0.464778
0.373899
0.662
0.60354
0.184423
0.662
0.411771
0.320182
0.662
0.662
0.328087
0.662
0.571301
0.662
0.189408
0.280036
0.0586264
0.137443
0.124591
0.662
0.662
0.662
0.264709
0.244126
0.647068
0.516706
0.662
0.412391
0.299611
0.198456
0.662
0.234877
0.662
0.176306
0.662
0.442735
0.178095
0.662
0.266796
0.52021
0.621899
0.662
0.213875
0.451699
0.662
0.662
0.662
0.299661
0.352644
0.662
0.626813
0.381793
0.121184
0.23038
0.351519
0.582103
0.162965
0.275462
0.126725
0.662
0.261049
0.0911694
0.662
0.662
0.321855
0.214523
0.279624
0.662
0.662
0.662
0.658497
0.662
0.249512
0.662
0.329293
0.654352
0.662
0.0180278
0.662
0.568354
0.662
0.662
0.14066
0.662
0.662
0.662
0.186327
0.662
0.184779
0.480412
0.662
0.228789
0.287336
0.0527743
0.662
0.662
0.438628
0.540462
0.0976564
0.662
0.173118
0.43503
0.138469
0.662
0.662
0.662
0.662
0.650763
0.113625
0.213465
0.662
0.402816
0.217135
0.29356
0.662
0.662
0.303768
0.662
0.169121
0.153906
0.662
0.227362
0.586447
0.34009
0.141483
0.33679
0.662
0.662
0.322998
0.644979
0.163896
0.177073
0.500487
0.662
0.662
0.392775
0.662
0.405321
0.30679
0.327343
0.662
0.394985
0.273385
0.50342
0.319577
0.662
0.662
0.197509
0.662
0.0580265
0.421871
0.305969
0.662
0.290184
0.662
0.340962
0.662
0.206736
0.110603
0.662
0.0943034
0.662
0.027377
0.533857
0.662
0.369099
0.275836
0.662
0.46398
0.662
0.662
0.132608
0.662
0.239085
0.136243
0.662
0.662
0.662
0.242598
0.662
0.339716
0.662
0.662
0.231871
0.662
0.202829
0.282607
0.0190408
0.185668
0.241769
0.157595
0.662
0.359656
0.432855
0.252658
0.633391
0.294486
0.323557
0.00408647
0.662
0.662
0.376147
0.532128
0.662
0.662
0.662
0.24924
0.247607
0.662
0.552311
0.181608
0.662
0.475273
0.0521796
0.179343
0.350344
0.383601
0.662
0.495067
0.263291
0.408102
0.48705
0.180018
0.662
0.662
0.335873
0.409117
0.662
0.473559
0.662
0.662
0.467973
0.242198
0.427135
0.662
0.510011
0.32804
0.662
0.124669
0.154632
0.0546587
0.662
0.662
0.243141
0.662
0.110088
0.468276
0.662
0.188781
0.662
0.662
0.129138
0.170476
0.513942
0.45362
0.0918086
0.662
0.386077
0.186649
0.662
0.662
0.662
0.349193
0.662
0.353088
0.662
0.525041
0.662
0.536422
0.100026
0.662
0.34002
0.662
0.662
0.454179
0.172873
0.567834
0.662
0.33922
0.662
0.402407
0.662
0.179373
0.662
0.371644
0.662
0.662
0.0112886
0.331179
0.33337
0.152553
0.662
0.407445
0.662
0.616814
0.17929
0.407933
0.662
0.662
0.662
0.372563
0.239355
0.662
0.526902
0.662
0.662
0.662
0.662
0.250021
0.662
0.653045
0.166402
0.216973
0.275932
0.284693
0.662
0.186374
0.46103
0.217817
0.285267
0.288638
0.453261
0.606489
0.397347
0.0791741
0.662
0.662
0.28268
0.552086
0.195061
0.375633
0.662
0.165553
0.0544502
0.662
0.662
0.205113
0.502872
0.193075
0.662
0.638018
0.392548
0.662
0.662
0.448839
0.662
0.662
0.00481245
0.662
0.662
0.0443409
0.243345
0.136914
0.198065
0.164844
0.00302754
0.0144321
0.0574065
0.662
0.299149
0.204433
0.662
0.662
0.662
0.458365
0.399387
0.14411
0.567531
0.241333
0.353896
0.662
0.662
0.662
0.326835
0.492233
0.662
0.662
0.439511
0.586683
0.662
0.286709
0.324431
0.662
0.0487266
0.662
0.132877
0.229326
0.662
0.662
0.350276
0.531737
0.442299
0.162894
0.508427
0.194706
0.446556
