0.0766815
0.662
0.592708
0.662
0.556077
0.662
0.662
0.374348
0.138747
0.0799998
0.443465
0.307155
0.662
0.322754
0.662
0.448971
0.662
0.662
0.662
0.269253
0.206351
0.662
0.0987457
0.144989
0.330715
0.662
0.295165
0.658551
0.662
0.240373
0.182481
0.165094
0.662
0.279075
0.207599
0.00404392
0.629453
0.177298
0.662
0.662
0.662
0.428116
0.183226
0.56232
0.662
0.190127
0.173128
0.662
0.662
0.194
0.106622
0.662
0.662
0.174369
0.0772105
0.172193
0.662
0.1614
0.076237
0.662
0.662
0.662
0.0539554
0.662
0.662
0.662
0.0250903
0.235795
0.662
0.191945
0.0164273
0.395949
0.662
0.209501
0.398434
0.303447
0.662
0.0637405
0.662
0.662
0.11
0.662
0.662
0.662
0.662
0.0513345
0.662
0.197114
0.135734
0.164594
0.662
0.0155402
0.247167
0.419314
0.662
0.662
0.242319
0.662
0.324279
0.0608654
0.613365
0.103079
0.167563
0.621076
0.662
0.380967
0.393429
0.662
0.662
0.364358
0.662
0.662
0.18183
0.662
0.14991
0.152106
0.402776
0.662
0.211704
0.662
0.247201
0.662
0.206343
0.54913
0.246142
0.601146
0.217947
0.300671
0.566732
0.662
0.662
0.438338
0.175381
0.269435
0.265586
0.662
0.662
0.582389
0.474588
0.638838
0.662
0.662
0.662
0.214226
0.662
0.405684
0.662
0.662
0.662
0.484943
0.188689
0.233539
0.340786
0.20038
0.0279994
0.0351323
0.662
0.662
0.320502
0.662
0.261333
0.662
0.347615
0.453422
0.662
0.491975
0.662
0.424457
0.2101
0.378062
0.662
0.662
0.662
0.662
0.662
0.662
0.662
0.121077
0.530367
0.167619
0.0471956
0.662
0.662
0.662
0.0568201
0.662
0.662
0.662
0.662
0.228443
0.306058
0.662
0.662
0.662
0.438773
0.0743198
0.297221
0.662
0.662
0.153906
0.104815
0.662
0.644353
0.249997
0.0272798
0.17591
0.586049
0.662
0.217777
0.662
0.662
0.342194
0.619762
0.000329304
0.476124
0.662
0.662
0.568842
0.662
0.662
0.662
0.499113
0.662
0.271742
0.49311
0.662
0.260138
0.365098
0.662
0.460964
0.662
0.363554
0.662
0.334224
0.104119
0.63121
0.316345
0.662
0.119105
0.633694
0.0645205
0.662
0.343084
0.375093
0.662
0.662
0.111773
0.662
0.272796
0.662
0.662
0.662
0.465067
0.425442
0.47925
0.662
0.63021
0.179948
0.441416
0.662
0.662
0.314598
0.54667
0.379215
0.662
0.117738
0.662
0.662
0.152844
0.662
0.077999
0.306084
0.366131
0.523719
0.326779
0.0980094
0.518931
0.210168
0.662
0.662
0.399234
0.662
0.662
0.662
0.631318
0.412832
0.0136818
0.186527
0.47286
0.662
0.0856063
0.45391
0.182731
0.662
0.588952
0.283182
0.196907
0.16768
0.608593
0.0753697
0.199081
0.2497
0.290709
0.122442
0.356222
0.662
0.662
0.209748
0.446941
0.203499
0.122019
0.263593
0.167681
0.564687
0.353678
0.0237681
0.383961
0.19093
0.662
0.26604
0.497292
0.551912
0.401467
0.662
0.571931
0.662
0.321404
0.21611
0.0293042
0.626364
0.475582
0.662
0.564701
0.0929535
0.197097
0.155441
0.201981
0.52869
0.19442
0.20775
0.412195
0.119229
0.662
0.126742
0.654752
0.662
0.58088
0.148352
0.339792
0.164079
0.380432
0.263545
0.354118
0.446715
0.662
0.486919
0.249056
0.401038
0.662
0.662
0.150696
0.404467
0.662
0.280441
0.348054
0.662
0.0264088
0.248255
0.214684
0.662
0.606843
0.662
0.662
0.603132
0.662
0.305653
0.662
0.450548
0.198088
0.54797
0.662
0.313031
0.169319
0.27841
0.537348
0.662
0.288508
0.0824135
0.662
0.662
0.615532
0.275269
0.0177334
0.662
0.662
0.18973
0.166319
0.477164
0.662
0.662
0.350799
0.662
0.200839
0.480114
0.662
0.662
0.102518
0.230287
0.132727
0.200348
0.662
0.662
0.662
0.662
0.662
0.109743
0.43295
0.198874
0.124041
0.502689
0.318423
0.190774
