0.662
0.109967
0.662
0.497149
0.0501162
0.190289
0.662
0.662
0.662
0.355189
0.434515
0.662
0.0113582
0.662
0.21182
0.662
0.126628
0.163452
0.662
0.293835
0.662
0.0668908
0.223518
0.389507
0.244937
0.236703
0.15656
0.194965
0.337464
0.662
0.201025
0.662
0.456572
0.0857422
0.662
0.661913
0.662
0.662
0.299139
0.385481
0.438071
0.18007
0.662
0.629406
0.448096
0.238486
0.209776
0.662
0.308422
0.379946
0.662
0.166652
0.662
0.545975
0.071359
0.662
0.284492
0.150815
0.662
0.440453
0.662
0.00430402
0.537537
0.453606
0.662
0.256113
0.35988
0.662
0.599424
0.662
0.0757563
0.662
0.662
0.543806
0.154792
0.603906
0.166664
0.662
0.662
0.06905
0.0389311
0.317203
0.662
0.324243
0.281242
0.378186
0.662
0.662
0.662
0.197737
0.445347
0.162484
0.662
0.391676
0.662
0.440343
0.242998
0.314839
0.662
0.662
0.662
0.662
0.216859
0.0946181
0.351699
0.118242
0.403274
0.662
0.491152
0.662
0.127678
0.662
0.550089
0.149532
0.243576
0.254749
0.400089
0.662
0.34211
0.308773
0.0982289
0.257851
0.193479
0.565262
0.662
0.359448
0.662
0.220182
0.662
0.256595
0.607435
0.173347
0.559768
0.619745
0.262302
0.0713097
0.662
0.356769
0.252712
0.392277
0.153408
0.662
0.259394
0.412563
0.476461
0.662
0.00631207
0.629133
0.232146
0.464046
0.0937403
0.662
0.0429756
0.372254
0.470249
0.662
0.234215
0.662
0.109549
0.662
0.662
0.662
0.340674
0.0024309
0.662
0.244253
0.269858
0.600894
0.375948
0.111918
0.11324
0.662
0.662
0.662
0.662
0.029909
0.662
0.662
0.336327
0.651393
0.513811
0.662
0.0639585
0.0425556
0.662
0.223736
0.662
0.12363
0.334281
0.154384
0.662
0.549314
0.662
0.662
0.585247
0.26178
0.662
0.662
0.0934703
0.449959
0.239118
0.409957
0.662
0.662
0.0902971
0.464051
0.277014
0.0229225
0.105685
0.314844
0.153877
0.440688
0.529511
0.662
0.03358
0.662
0.662
0.662
0.42285
0.662
0.0114081
0.466513
0.476607
0.662
0.231621
0.662
0.662
0.224918
0.662
0.141113
0.662
0.662
0.662
0.293421
0.291633
0.662
0.305018
0.542652
0.308353
0.662
0.255849
0.662
0.233548
0.662
0.432787
0.41859
0.587114
0.662
0.192028
0.251614
0.662
0.645821
0.614647
0.163263
0.662
0.662
0.0579796
0.20836
0.335137
0.662
0.662
0.326812
0.485311
0.0840493
0.662
0.203654
0.248189
0.662
0.662
0.662
0.662
0.662
0.662
0.472105
0.217481
0.662
0.165634
0.268254
0.662
0.22436
0.662
0.32617
0.469175
0.448334
0.159725
0.279675
0.113824
0.244531
0.163975
0.438327
0.662
0.0217418
0.651413
0.662
0.361734
0.214504
0.606709
0.114844
0.662
0.413676
0.662
0.662
0.462396
0.183069
0.662
0.662
0.527447
0.662
0.662
0.662
0.110006
0.662
0.662
0.662
0.662
0.134542
0.100589
0.111946
0.146335
0.662
0.399334
0.292658
0.105589
0.0576132
0.273302
0.662
0.662
0.662
0.0605863
0.662
0.662
0.662
0.662
0.11688
0.662
0.443404
0.662
0.662
0.662
0.276517
0.662
0.340857
0.662
0.662
0.22562
0.662
0.0915428
0.483639
0.301714
0.234693
0.0820396
0.159405
0.388642
0.662
0.662
0.638944
0.1668
0.0553159
0.0895397
0.18546
0.137587
0.662
0.36532
0.0667682
0.662
0.138769
0.190315
0.662
0.662
0.011098
0.483038
0.662
0.662
0.662
0.662
0.223624
0.662
0.387854
0.642382
0.662
0.138781
0.662
0.437853
0.586949
0.118248
0.424528
0.434012
0.662
0.10329
0.662
0.662
0.26488
0.662
0.460671
0.662
0.135816
0.0115534
0.442814
0.662
0.662
0.662
0.08612
0.662
0.662
0.319965
0.482666
0.662
0.662
0.023057
0.126628
0.0186662
0.189851
0.662
0.662
0.662
0.662
0.662
0.662
0.040354
0.441703
0.662
0.374029
0.115413
0.420342
0.530341
0.467578
0.263871
0.383446
0.4392
0.662
0.662
0.662
0.653928
0.50325
0.187667
0.171577
0.436895
0.662
0.662
0.568744
0.662
0.662
0.561228
0.215133
0.662
0.281167
0.435483
0.662
0.00675111
0.0603409
0.662
0.435769
0.662
0.662
0.332208
0.662
0.491788
0.662
0.201881
0.568765
0.662
0.36137
0.662
0.662
0.652652
0.662
0.0508605
0.338711
0.662
0.662
0.655031
0.310765
0.662
0.662
0.662
0.278876
0.156949
0.662
0.217709
0.475439
0.601509
0.662
0.327883
0.188421
0.662
0.662
0.4432
0.662
0.32898
0.376319
0.342735
0.133576
0.662
0.662
0.662
0.617175
0.349983
0.115231
0.37573
0.662
0.114483
0.662
0.637499
0.198449
0.536865
0.275483
0.662
0.662
0.185421
0.662
0.662
0.662
0.254573
0.662
0.239623
0.662
0.662
0.292791
0.662
0.626784
0.151216
0.662
0.662
0.0564865
0.155106
0.662
0.662
0.348618
0.461789
0.423748
0.662
0.190939
0.662
0.106275
0.287891
0.415045
0.247232
0.660933
0.0562287
0.662
0.662
0.196883
0.662
0.137962
0.662
0.356692
0.00964761
0.662
0.641549
0.662
0.0202641
0.361226
0.20971
0.170877
0.186649
0.137648
0.0332847
0.645019
0.175509
0.425545
0.266329
0.662
0.662
0.662
0.205867
0.662
0.216669
0.662
0.364989
0.662
0.662
0.225706
0.662
0.57027
0.391689
0.0437272
0.185857
0.662
0.45999
0.662
0.662
0.469661
0.662
0.183647
0.662
0.465306
0.662
0.187409
0.643207
0.0856161
0.662
0.191309
0.14649
0.283085
0.662
0.662
0.629763
0.662
0.662
0.433516
0.0660672
0.211804
0.61365
0.237315
0.662
0.290807
0.643012
0.662
0.312246
0.230425
0.241758
0.174515
0.662
0.385371
0.662
0.662
0.313811
0.020472
0.4519
0.662
0.631398
0.335983
0.662
0.601511
0.0433646
0.422308
0.662
0.311877
0.662
0.662
0.662
0.662
0.137714
0.662
0.662
0.662
0.628765
0.0556604
0.213185
0.421221
0.437365
0.202968
0.662
0.662
0.231637
0.319099
0.062018
0.662
0.192503
0.368921
0.662
0.438426
0.381478
0.24262
0.287385
0.0424604
0.662
0.382925
0.662
0.444501
0.271401
