0.224086
0.33624
0.662
0.662
0.00428356
0.0363677
0.662
0.175383
0.189553
0.306367
0.260554
0.662
0.146711
0.189988
0.164818
0.14657
0.253773
0.662
0.49868
0.662
0.482247
0.662
0.390796
0.662
0.662
0.452465
0.556537
0.587026
0.662
0.219001
0.286414
0.636632
0.213208
0.453678
0.662
0.662
0.656966
0.230382
0.662
0.484742
0.428715
0.231677
0.202713
0.662
0.123464
0.552402
0.35233
0.0564971
0.39491
0.627376
0.318519
0.662
0.293043
0.662
0.269516
0.662
0.197493
0.662
0.434507
0.11726
0.0765824
0.662
0.662
0.0269155
0.52222
0.409565
0.374471
0.0494252
0.410658
0.606982
0.501466
0.662
0.167951
0.662
0.29071
0.662
0.251231
0.662
0.62452
0.662
0.143486
0.657376
0.261334
0.191313
0.280526
0.613225
0.427997
0.0645899
0.494869
0.156204
0.257286
0.662
0.266271
0.288157
0.643259
0.558768
0.662
0.662
0.662
0.480187
0.291885
0.662
0.332847
0.662
0.362896
0.662
0.399689
0.312544
0.104939
0.662
0.203039
0.0991681
0.662
0.662
0.662
0.341492
0.199162
0.18668
0.662
0.156709
0.662
0.242227
0.276014
0.662
0.43014
0.31831
0.252276
0.503664
0.0209422
0.107625
0.0410067
0.662
0.450157
0.495686
0.662
0.427691
0.428652
0.455707
0.0126602
0.208484
0.662
0.250429
0.662
0.662
0.662
0.288934
0.662
0.662
0.662
0.331131
0.662
0.429582
0.662
0.241071
0.0882059
0.305924
0.269602
0.247903
0.662
0.0496094
0.0912485
0.532902
0.350393
0.203129
0.315799
0.662
0.31129
0.56239
0.662
0.633253
0.184
0.26293
0.662
0.0377438
0.109601
0.436518
0.662
0.662
0.368551
0.662
0.662
0.662
0.125115
0.255909
0.662
0.310374
0.0439205
0.599453
0.163349
0.662
0.662
0.662
0.367294
0.0829932
0.640436
0.662
0.662
0.408463
0.114993
0.272359
0.286801
0.294117
0.361757
0.662
0.662
0.662
0.437836
0.461315
0.662
0.171355
0.662
0.662
0.662
0.662
0.662
0.662
0.631376
0.353885
0.142497
0.365208
0.201118
0.143319
0.662
0.649465
0.0170977
0.0766669
0.0698147
0.662
0.662
0.0972987
0.448253
0.239528
0.617285
0.581771
0.662
0.662
0.00340775
0.46411
0.252464
0.662
0.662
0.225451
0.161263
0.662
0.312468
0.0495321
0.64976
0.104096
0.0402571
0.662
0.464327
0.662
0.633599
0.459739
0.0550075
0.662
0.662
0.44316
0.662
0.395949
0.420362
0.0182946
0.662
0.49414
0.454011
0.299797
0.371418
0.41799
0.339548
0.285841
0.662
0.0355996
0.662
0.662
0.428387
0.662
0.519749
0.662
0.0512032
0.662
0.239355
0.318707
0.0402027
0.662
0.437729
0.0817763
0.662
0.409302
0.662
0.662
0.208355
0.462628
0.276431
0.30905
0.313255
0.167882
0.410506
0.461827
0.459154
0.446859
0.602719
0.662
0.662
0.662
0.662
0.662
0.662
0.014349
0.662
0.0894955
0.227012
0.0440649
0.0443029
0.554521
0.146481
0.662
0.613931
0.356203
0.662
0.360508
0.213294
0.662
0.206995
0.662
0.662
0.38647
0.0915199
0.0886353
0.0327627
0.0861748
0.195743
0.662
0.316978
0.27338
0.662
0.662
0.197729
0.662
0.662
0.662
0.208753
0.662
0.165941
0.662
0.662
0.156235
0.603478
0.662
0.312729
0.176477
0.284132
0.618205
0.360045
0.188787
0.502316
0.662
0.0750306
0.662
0.20325
0.560314
0.199864
0.029127
0.330923
0.662
0.662
0.662
0.571638
0.123986
0.662
0.662
0.0390788
0.221911
0.513599
0.249678
0.662
0.436827
0.476088
0.662
0.151808
0.662
0.603605
0.216841
0.0796338
0.273301
0.0450933
0.625684
0.662
0.662
0.487339
0.463429
0.381658
0.427378
0.662
0.0715726
0.163601
0.0878399
0.194689
0.493557
0.40683
0.159696
0.123398
0.661241
0.662
0.07555
0.435721
0.662
0.0578993
0.61308
0.284838
0.529252
0.662
0.662
0.467631
0.1553
0.2398
0.0508619
0.320272
0.490951
0.662
0.662
0.403639
0.443895
0.2077
0.662
0.662
0.347578
0.495768
0.662
0.470706
0.375979
0.262233
0.662
0.294299
0.300646
0.187275
0.597669
0.397852
0.662
0.255503
0.277123
0.148967
0.209505
0.662
0.585524
0.34555
0.119352
0.144083
0.552643
0.0572575
0.662
0.632502
0.145234
0.662
0.526163
0.131872
0.662
0.143417
0.226231
0.478734
0.662
0.557118
0.662
0.662
0.211653
0.122569
0.662
0.0375195
0.662
0.662
0.662
0.0921612
0.397166
0.31679
0.662
0.0753358
0.662
0.62947
0.191632
0.224459
0.323655
0.520152
0.302995
0.345927
0.328094
0.662
0.413205
0.655261
0.446669
0.662
0.0420205
0.423081
0.662
0.662
0.662
0.252252
0.554582
0.54108
0.516588
0.416568
0.450552
0.455316
0.369312
0.155967
0.400677
0.662
0.662
0.602078
0.0490183
0.503877
0.220015
0.662
0.463517
0.368253
0.126359
0.518131
0.374132
0.662
0.662
0.592436
0.134858
0.401014
0.53407
0.581266
0.15041
0.662
0.378858
0.20839
0.332659
0.148375
0.662
0.565697
0.104551
0.662
0.187384
0.516733
0.338541
0.662
0.10594
0.662
0.31692
0.469477
0.662
0.662
0.33255
0.203612
0.662
0.662
0.662
0.476056
0.662
0.492737
0.662
0.129056
0.662
0.47863
0.179721
0.645674
0.36089
0.662
0.226022
0.662
0.184675
0.662
0.662
0.662
0.662
0.210689
0.219887
0.34351
0.154384
0.267953
0.662
0.662
0.476302
0.662
0.413031
0.265785
0.381787
0.254517
0.662
0.544921
0.381912
0.662
0.220207
0.203405
0.167084
0.455567
0.305079
0.197921
0.199481
0.662
0.410317
0.063609
0.662
0.614866
0.36943
0.662
0.444841
0.662
0.662
0.662
0.662
0.662
0.502612
0.0103533
0.58006
0.373527
0.54531
0.21675
0.662
0.662
0.130699
0.171701
0.109801
0.662
0.38082
0.0188741
0.0815531
0.662
0.662
0.190314
0.662
0.215241
0.662
0.662
0.0350413
0.607404
0.662
0.662
0.1433
0.610396
0.662
0.662
0.525754
0.662
0.29505
0.662
0.662
0.662
0.0118282
0.454195
0.193101
0.428393
0.267615
0.336242
0.662
0.353165
0.114877
0.163346
0.188682
0.150923
0.229255
0.467259
0.348433
0.662
0.46515
0.136871
0.177217
0.0603165
0.109685
0.662
0.303115
0.389789
0.662
0.107188
0.662
0.662
0.450632
0.373452
0.178605
0.662
0.301519
0.421159
0.327857
0.143111
0.237431
0.154782
0.662
0.662
0.383248
0.389176
0.662
0.215021
0.662
0.662
0.0923152
0.236904
0.235862
0.456653
0.662
0.662
0.662
0.350373
0.306046
0.419003
0.225061
0.126871
0.662
0.473306
0.551613
0.662
0.393368
0.142496
0.662
0.341709
0.483475
0.662
0.158066
0.662
0.519074
0.628305
0.0316918
0.662
0.217796
0.0262192
0.109773
0.648621
0.662
0.410848
0.662
0.148927
0.662
0.662
0.662
0.662
0.0814868
0.662
0.124189
0.662
0.475882
0.662
0.0609829
0.00861044
0.282482
0.320861
0.662
0.339738
0.19974
0.662
0.662
0.308514
0.313308
0.652166
0.662
0.397183
0.326365
0.662
0.662
0.662
0.662
0.483348
0.370405
0.662
0.278466
0.256092
0.465263
0.198087
0.662
0.662
0.662
0.662
0.343706
0.125259
0.522636
0.266675
0.662
0.0685745
0.662
0.662
0.44275
0.42188
0.662
0.195817
0.0667118
0.253963
0.104989
0.0735548
0.523915
0.105098
0.116068
0.298887
0.00437642
0.306493
0.662
0.662
0.662
0.662
0.116579
0.662
0.316795
0.257752
0.255882
0.662
0.593357
0.583657
0.397526
0.382464
0.118561
0.320209
0.662
0.0719118
0.168959
0.0577244
0.662
0.430428
0.267026
0.0112218
0.518853
0.409947
0.629098
0.662
0.662
0.0117691
0.239268
0.662
0.382745
0.22154
0.662
0.538049
0.447328
0.371321
0.208984
0.150231
0.409256
0.255748
0.662
0.662
0.543031
0.662
0.273979
0.175612
0.662
0.177598
0.524353
0.570253
0.214311
0.662
0.662
0.457507
0.272405
0.386623
0.662
0.662
0.171437
0.662
0.662
0.662
0.362245
0.662
0.429008
0.193849
0.230703
0.45343
0.420157
0.185155
0.559916
0.268769
0.662
0.501961
0.662
0.662
0.662
0.37199
0.232131
0.255481
0.662
0.481779
0.662
0.662
0.662
0.652858
0.583925
0.176152
0.662
0.53683
0.662
0.259201
0.134635
0.662
0.16802
0.662
0.662
0.631481
0.662
0.129895
0.429165
0.0956332
0.662
0.662
0.662
0.0910725
0.662
0.662
0.662
0.185239
0.293763
0.662
0.229715
0.662
0.529523
0.498302
0.662
0.662
0.186916
0.472721
0.611424
0.662
0.662
0.662
0.160047
0.197983
0.662
0.104119
0.662
0.397862
0.0541248
0.564398
0.0909195
0.462487
0.42001
0.285638
0.280602
0.252803
0.662
0.244061
0.372726
0.30578
0.311644
0.0396465
0.662
0.169231
0.409065
0.590653
0.662
0.332519
0.138096
0.00344401
0.323347
0.200957
0.19613
0.302691
0.662
0.462128
0.080835
0.273511
0.156876
0.157223
0.186403
0.226675
0.662
0.662
0.391279
0.526664
0.402115
0.00416383
0.293094
0.201308
0.662
0.662
0.178062
0.264281
0.662
0.662
0.197955
0.662
0.391952
0.467761
0.662
0.296954
0.449734
0.662
0.662
0.19339
0.308906
0.153681
0.662
0.662
0.662
0.558327
0.177961
0.662
0.662
0.207993
0.662
0.662
0.339913
0.208969
0.0539605
0.662
0.662
0.217985
0.662
0.662
0.662
0.203464
0.15829
0.244463
0.308934
0.308041
0.178018
0.224168
0.562131
0.662
0.37565
0.662
0.220282
0.662
0.453219
0.411438
0.366246
0.27843
0.211026
0.245852
0.126755
0.321514
0.314483
0.662
0.662
0.251826
0.233424
0.598711
0.595178
0.123608
0.662
0.605278
0.160985
