0.115688
0.0865602
0.662
0.485137
0.140304
0.506034
0.662
0.662
0.358297
0.636723
0.662
0.662
0.501464
0.192761
0.662
0.662
0.00539307
0.662
0.662
0.236485
0.108829
0.662
0.662
0.221182
0.222045
0.662
0.108699
0.662
0.256345
0.662
0.246935
0.0610866
0.662
0.321109
0.174435
0.662
0.287358
0.417144
0.200336
0.662
0.662
0.510676
0.333346
0.281857
0.662
0.109632
0.334881
0.598884
0.0854269
0.662
0.258946
0.662
0.196981
0.0918371
0.662
0.368198
0.105153
0.415517
0.242318
0.662
0.362871
0.580506
0.427102
0.662
0.110519
0.0832854
0.083389
0.371487
0.662
0.662
0.599793
0.21232
0.0035411
0.0329749
0.545933
0.206071
0.662
0.662
0.541328
0.334848
0.407553
0.662
0.00582476
0.662
0.144459
0.116172
0.662
0.316541
0.158062
0.662
0.185868
0.386985
0.0365513
0.195142
0.376016
0.494443
0.662
0.0308686
0.187869
0.186183
0.662
0.471272
0.662
0.218826
0.662
0.25606
0.582224
0.662
0.662
0.662
0.438635
0.631472
0.0934307
0.662
0.0893563
0.314638
0.176466
0.662
0.478531
0.59224
0.158186
0.0134572
0.662
0.662
0.662
0.00669419
0.427094
0.662
0.662
0.34621
0.162873
0.0558262
0.345547
0.662
0.662
0.212132
0.145117
0.11962
0.235733
0.662
0.662
0.305971
0.482194
0.501262
0.662
0.396387
0.372323
0.647436
0.0451776
0.662
0.662
0.662
0.465319
0.00829136
0.662
0.234088
0.424095
0.662
0.172627
0.662
0.167065
0.522544
0.0199892
0.662
0.153353
0.294216
0.662
0.173825
0.396865
0.662
0.498529
0.662
0.542071
0.105315
0.481229
0.245536
0.52263
0.662
0.662
0.405392
0.0138948
0.255742
0.662
0.0953801
0.35804
0.662
0.098177
0.662
0.190724
0.463366
0.662
0.480079
0.662
0.484656
0.366179
0.662
0.19146
0.169989
0.416969
0.436929
0.277344
0.405764
0.0359744
0.502202
0.340609
0.464391
0.662
0.662
0.518044
0.662
0.201254
0.662
0.429551
0.662
0.155482
0.662
0.105123
0.140372
0.485644
0.662
0.0899575
0.330784
0.346808
0.263114
0.434945
0.507975
0.208172
0.287839
0.095399
0.240171
0.662
0.460314
0.259948
0.662
0.22025
0.662
0.662
0.0592352
0.19823
0.228251
0.662
0.662
0.662
0.0780112
0.0116932
0.662
0.662
0.662
0.662
0.662
0.482825
0.289944
0.257986
0.662
0.0546639
0.55874
0.662
0.482478
0.336566
0.352483
0.205302
0.662
0.308737
0.432662
0.662
0.662
0.469664
0.662
0.662
0.182462
0.662
0.662
0.662
0.295707
0.219423
0.662
0.106585
0.0391966
0.0612724
0.662
0.662
0.314033
0.358002
0.292736
0.662
0.390388
0.662
0.447392
0.197908
0.357339
0.436167
0.662
0.364559
0.240761
0.662
0.183339
0.662
0.402382
0.0632195
0.365461
0.662
0.662
0.204292
0.50629
0.662
0.662
0.153502
0.662
0.662
0.198491
0.662
0.326159
0.662
0.315261
0.563133
0.0893484
0.470339
0.662
0.233239
0.662
0.0827629
0.564416
0.517582
0.662
0.604151
0.116022
0.141308
0.482707
0.281203
0.662
0.143775
0.455455
0.662
0.538672
0.353602
0.662
0.662
0.433918
0.662
0.421229
0.148329
0.662
0.660837
0.662
0.662
0.309675
0.0242495
0.276323
0.662
0.662
0.662
0.409262
0.662
0.128865
0.662
0.232543
0.130561
0.662
0.662
0.662
0.584734
0.421563
0.620907
0.367557
0.662
0.662
0.000967581
0.566697
0.456675
0.556016
0.270149
0.662
0.419436
0.662
0.293264
0.662
0.662
0.404448
0.131191
0.0424534
0.125511
0.444598
0.607658
0.662
0.210137
0.295072
0.00211937
0.212609
0.662
0.285933
0.662
0.0158447
0.273624
0.662
0.662
0.596692
0.180304
0.662
0.254786
0.234228
0.154449
0.662
0.373299
0.662
0.662
0.662
0.662
0.662
0.662
0.44199
0.662
0.662
0.0349123
0.451226
0.420727
0.662
0.662
0.626885
0.662
0.0632882
0.540307
0.662
0.15412
0.471373
0.391341
0.662
0.387534
0.431513
0.594165
0.406261
0.377542
0.190302
0.0872926
0.145122
0.643534
0.415593
0.191877
0.662
0.329489
0.662
0.238179
0.237491
0.662
0.662
0.343742
0.662
0.662
0.307158
0.662
0.662
0.557606
0.662
0.274317
0.662
0.662
0.662
0.662
0.455631
0.662
0.662
0.135529
0.107754
0.662
0.562541
0.662
0.367978
0.234913
0.0744297
0.662
0.00373503
0.662
0.280206
0.662
0.662
0.124362
0.22749
0.314689
0.41287
0.2189
0.374594
0.662
0.46899
0.073485
0.490654
0.337042
0.305767
0.152647
0.317827
0.58548
0.175473
0.249469
0.52949
0.662
0.363574
0.436461
0.662
0.662
0.662
0.662
0.501825
0.662
0.662
0.662
0.662
0.662
0.264087
0.662
0.148447
0.125452
0.464723
0.662
0.662
0.255488
0.662
0.227538
0.206256
0.662
0.0581622
0.392224
0.205543
0.662
0.662
0.662
0.163458
0.662
0.193398
0.356401
0.64717
0.662
0.426586
0.383856
0.162207
0.662
0.662
0.0422755
0.122981
0.662
0.113699
0.662
0.37088
0.662
0.159943
0.274221
0.0108451
0.102052
0.426541
0.662
0.266063
0.0846305
0.475714
0.387483
0.116396
0.432482
0.199876
0.662
0.132573
0.308397
0.662
0.662
0.546626
0.662
0.662
0.264266
0.662
0.253995
0.341572
0.46744
0.0598538
0.662
0.446286
0.203176
0.662
0.194924
0.225335
0.465193
0.662
0.441045
0.662
0.662
0.0131244
0.0803627
0.305879
0.182019
0.662
0.55039
0.205576
0.662
0.330084
0.161561
0.324562
0.35826
0.256003
0.18818
0.611106
0.436698
0.100761
0.137663
0.0719934
0.662
0.0829477
0.662
0.662
0.662
0.184882
0.226327
0.662
0.502565
0.265407
0.19371
0.355994
0.242165
0.241252
0.41734
0.36673
0.650113
0.662
0.662
0.662
0.323603
0.0672782
0.662
0.662
0.38384
0.0713668
0.114279
0.662
0.093757
0.496378
0.622552
0.331657
0.662
0.21895
0.662
0.662
0.380819
0.510444
0.162584
0.267315
0.197717
0.662
0.470406
0.124942
0.561136
0.609042
0.0890396
0.662
0.241428
0.662
0.402316
0.217529
0.0650527
0.40096
0.662
0.203577
0.411803
0.417979
0.590887
0.520688
0.150041
0.453145
0.0941097
0.122179
0.662
0.211809
0.213187
0.662
0.631685
0.662
0.662
0.662
0.662
0.531791
0.13604
0.340895
0.662
0.468439
0.227073
0.467059
0.433321
0.367664
0.662
0.662
0.662
0.212302
0.07342
0.127463
0.558431
0.103776
0.45475
0.0138847
0.157196
0.662
0.224518
0.529892
0.376135
0.662
0.662
0.402345
0.662
0.662
0.0206219
0.226445
0.644178
0.662
0.662
0.662
0.662
0.288742
0.662
0.553
0.662
0.662
0.329279
0.157535
0.261359
0.175661
0.662
0.662
0.468122
0.403883
0.662
0.662
0.391889
0.662
0.253275
0.0357639
0.24989
0.662
0.050132
0.216684
0.0921128
0.0915618
0.662
0.126253
0.603122
0.662
0.662
0.124659
0.462269
0.178047
0.37995
0.367585
0.546231
0.662
0.30504
0.354824
0.662
0.294906
0.458141
0.55996
0.336156
0.309465
0.662
0.298534
0.154496
0.465638
0.0812228
0.206492
0.662
0.0542668
0.662
0.662
0.662
0.396797
0.247364
0.188391
0.584965
0.394484
0.662
0.662
0.338943
0.238826
0.370238
0.662
0.558757
0.662
0.662
0.662
0.217252
0.0990682
0.519066
0.662
0.489554
0.662
0.662
0.662
0.199375
0.662
0.212989
0.662
0.0219171
0.445811
0.385173
0.662
0.226746
0.547379
0.662
0.662
0.0888804
0.662
0.662
0.61242
0.662
0.662
0.662
0.295007
0.459037
0.290424
0.0733297
0.662
0.662
0.662
0.38191
0.662
0.427937
0.0886391
0.152401
0.662
0.0688996
0.191061
0.399919
0.662
0.662
0.662
0.271699
0.148422
0.347747
0.22255
0.351429
0.217275
0.662
0.335855
0.38961
0.510738
0.662
0.307591
0.207431
0.662
0.501719
0.307641
0.662
0.324789
0.662
0.14677
0.398687
0.662
0.34541
0.662
0.391944
0.253138
0.662
0.312312
0.662
0.289124
0.120845
0.662
0.662
0.612378
0.033934
0.662
0.0908814
0.662
0.662
0.662
0.314815
0.0656965
0.662
0.321153
0.287697
0.327239
0.0780059
0.489308
0.299052
0.662
0.662
0.662
0.313307
0.662
0.662
0.117546
0.662
0.662
0.427975
0.0432462
0.662
0.554545
0.662
0.662
0.662
0.25378
0.662
0.420678
0.285382
0.306758
0.216779
0.226808
0.466854
0.662
0.253915
0.327496
0.0637525
0.662
0.662
0.568296
0.375151
0.286631
0.00129294
0.182998
0.432441
0.662
0.662
0.00146922
0.584763
0.297612
0.662
0.250739
0.662
0.455519
0.662
0.662
0.519755
0.601197
0.662
0.203574
0.662
0.662
0.406178
0.225392
0.240887
0.662
0.35131
0.445644
0.520878
0.662
0.123303
0.662
0.141908
0.0470776
0.662
0.662
0.140212
0.662
0.127107
0.411483
0.00246906
0.662
0.662
0.662
0.250273
0.662
0.662
0.662
0.55834
0.220369
0.30721
0.186914
0.662
0.454435
0.267795
0.164171
0.264419
0.218763
0.148929
0.3165
0.391453
0.38892
0.160026
0.437648
0.662
0.528295
0.223703
0.154444
0.662
0.662
0.662
0.662
0.662
0.302172
0.37049
0.324349
0.662
0.662
0.363655
0.662
0.064929
0.15762
0.662
0.0478725
0.245955
0.662
0.257318
0.189523
0.662
0.662
0.499016
0.221066
0.571969
0.662
0.662
0.350804
0.458735
0.662
0.0649435
0.662
0.662
0.662
0.662
0.662
0.267438
0.268763
0.184469
0.662
0.472189
0.372539
0.222113
0.662
0.662
0.461701
0.106126
0.637215
0.0994903
0.344407
0.662
0.225187
0.384101
0.662
0.611089
0.662
0.0117109
0.101306
0.662
0.37285
0.662
0.456592
0.662
0.161485
0.507631
0.502143
0.662
0.662
0.105639
0.0768401
0.662
0.662
0.662
0.662
0.273017
0.662
0.461324
0.211597
0.103843
0.662
0.662
0.662
0.662
0.545928
0.444127
0.619495
0.272486
0.662
0.394924
0.374425
0.662
0.662
0.493457
0.662
0.0472217
0.444287
0.2706
0.662
0.662
0.662
0.662
0.662
0.465822
0.662
0.662
0.372622
0.655978
0.662
0.00411583
0.193738
0.183593
0.320573
0.138994
0.662
0.196014
0.662
0.662
0.363351
0.52519
0.662
0.465107
0.662
0.662
0.662
0.419693
0.228666
0.139089
0.101871
0.596852
0.662
0.662
0.0663352
0.133578
0.118608
0.308413
0.281855
0.207467
0.662
0.143248
0.201824
0.418783
0.662
0.368332
0.424192
0.662
0.324998
0.402762
0.662
0.195407
0.662
0.653353
0.662
0.662
0.662
0.214024
0.662
0.662
0.364205
0.0527721
0.662
0.662
0.662
0.289931
0.207557
0.517121
0.344879
0.662
0.374719
0.305257
0.640273
0.0341165
0.412433
0.190954
0.662
0.261759
0.662
0.155422
0.317578
0.662
0.662
0.662
0.411352
0.662
0.662
0.0339215
0.662
0.567902
0.662
0.662
0.662
0.396748
0.145266
0.662
0.466104
0.120827
0.0535432
0.276022
0.138013
0.391067
0.244092
0.441079
0.209246
0.662
0.662
0.339945
0.662
0.369068
0.417916
0.662
0.662
0.453965
0.662
0.100588
0.662
0.662
0.662
0.662
0.662
0.662
0.38943
0.0624694
0.662
0.109756
0.574923
0.662
0.662
0.662
0.662
0.146578
0.662
0.410981
0.662
0.662
0.0735022
0.662
0.360948
0.403891
0.662
0.538649
0.386366
0.606979
0.662
0.449449
0.662
0.578057
0.462171
0.662
0.0403008
0.315394
0.344199
0.662
0.662
0.000378531
0.0875441
0.24117
0.579842
0.296964
0.352861
0.328514
0.662
0.662
0.135806
0.662
0.426539
0.0258039
0.141735
0.662
0.262263
0.662
0.417409
0.381385
0.438621
0.234597
0.662
0.0854386
0.662
0.0361552
0.662
0.211806
0.662
0.366157
0.662
0.117508
0.201435
0.662
0.662
0.662
0.216453
0.0495605
0.117551
0.662
0.662
0.475875
0.420474
0.344141
0.534717
0.12622
0.622212
0.0596542
0.560791
0.662
0.662
0.426364
0.610907
0.204248
0.662
0.260158
0.0309995
0.23999
0.424029
0.00823347
0.284904
0.200374
0.662
0.662
0.662
0.196382
0.36451
0.292029
0.459046
0.662
0.662
0.662
0.178239
0.264752
0.662
0.662
0.446415
0.398729
0.169834
0.662
0.419486
0.199796
0.196073
0.662
0.194685
0.273571
0.662
0.147149
0.425257
0.569481
0.271173
0.0605082
0.662
0.389283
0.662
0.580951
0.180235
0.662
0.190738
0.662
0.403311
0.662
0.662
0.662
0.662
0.662
0.325683
0.662
0.662
0.662
0.662
0.662
0.267145
0.424706
0.662
0.356208
0.195616
0.662
0.392141
0.662
0.284401
0.513373
0.438965
0.662
0.612312
0.421985
0.099545
0.200553
0.662
0.662
0.359034
0.248299
0.662
0.191696
0.186962
0.285143
0.367442
0.366111
0.662
0.662
0.425316
0.349625
0.352965
0.150129
0.00306309
0.662
0.388748
0.487894
0.381105
0.662
0.662
0.1552
0.662
0.0911902
0.662
0.0165423
0.0838321
0.662
0.397322
0.261889
0.316881
0.4159
0.662
0.275717
0.662
0.413425
0.184572
0.132438
0.662
0.0928235
0.662
0.50939
0.28901
0.662
0.662
0.0263905
0.0847093
0.662
0.662
0.162021
0.200412
0.156132
0.372899
0.0678269
0.227526
0.319765
0.502113
0.230444
0.628574
0.0559408
0.243177
0.246029
0.639356
0.0718029
0.0458039
0.662
0.654275
0.662
0.460055
0.602264
0.0718457
0.075817
0.122577
0.662
0.26922
0.392234
0.295689
0.473757
0.559374
0.662
0.0304745
0.340767
0.662
0.662
0.662
0.355993
0.0677136
0.662
0.429492
0.074912
0.662
0.662
0.0541807
0.0624617
0.348373
0.365181
0.662
0.0496228
0.662
0.662
0.197966
0.662
0.662
0.648286
0.662
0.662
0.0821738
0.662
0.22847
0.162951
0.45931
0.662
0.662
0.662
0.662
0.529937
0.533427
0.155017
0.662
0.662
0.662
0.662
0.128352
0.662
0.00794593
0.233409
0.0551482
0.4188
0.356325
0.662
0.379036
0.290132
0.23315
0.0247247
0.662
0.236018
0.21633
0.124597
0.477858
0.662
0.44319
0.662
0.662
0.179888
0.239685
0.342233
0.125707
0.662
0.345604
0.573389
0.10581
0.181776
0.662
0.662
0.333254
0.386693
0.662
0.653278
0.0978082
0.351183
0.662
0.155672
0.662
0.0573134
0.662
0.662
0.42048
0.432435
0.218567
0.602004
0.346938
0.662
0.246713
0.0136913
0.0898868
0.419613
0.459717
0.34053
0.188243
0.184996
0.662
0.100864
0.662
0.473526
0.308203
0.278248
0.00582002
0.662
0.165576
0.00726437
0.0923882
0.344827
0.662
0.376167
0.662
0.662
0.354963
0.662
0.263202
0.662
0.662
0.341645
0.128634
0.662
0.138819
0.110092
0.662
0.662
0.0518733
0.662
0.662
0.662
0.662
0.662
0.662
0.0575433
0.662
0.662
0.662
0.128744
0.384769
0.662
0.662
0.194727
0.662
0.662
0.662
0.453977
0.206463
0.184021
0.662
0.265214
0.213928
0.662
0.137903
0.575587
0.402129
0.335261
0.662
0.058709
0.342452
0.662
0.170023
0.662
0.277454
0.662
0.521243
0.496089
0.662
0.662
0.456966
0.00418949
0.452862
0.3672
0.52064
0.0103153
0.444395
0.253724
0.377256
0.662
0.273547
0.270144
0.351468
0.662
0.662
0.221759
0.662
0.183828
0.662
0.410214
0.662
0.662
0.49303
0.475258
0.597671
0.137691
0.662
0.632456
0.150474
0.662
0.221794
0.241933
0.662
0.411122
0.662
0.181225
0.474238
0.662
0.662
0.263783
0.52924
0.10407
0.526685
0.0835679
0.23647
0.0793185
0.662
0.434603
0.662
0.662
0.0171652
0.252714
0.64159
0.662
0.662
0.662
0.662
0.662
0.393179
0.0332821
0.662
0.227048
0.216373
0.192385
0.183713
0.346915
0.266367
0.538595
0.662
0.579381
0.38685
0.104836
0.662
0.404416
0.347471
0.662
0.268744
0.409524
0.662
0.662
0.662
0.401677
0.125694
0.662
0.0298926
0.584646
0.662
0.185103
0.662
0.662
0.322921
0.193448
0.662
0.615813
0.156699
0.117878
0.296503
0.662
0.662
0.200026
0.293808
0.662
0.662
0.662
0.094249
0.270218
0.662
0.662
0.532356
0.326055
0.618741
0.0464761
0.398808
0.103328
0.63403
0.431785
0.389628
0.662
0.662
0.662
0.662
0.223918
0.662
0.273867
0.662
0.662
0.662
0.203778
0.138642
0.662
0.104186
0.662
0.662
0.468175
0.629311
0.0607003
0.662
0.194733
0.0161604
0.662
0.51577
0.137436
0.0429509
0.165079
0.148077
0.662
0.12834
0.445218
0.469479
0.662
0.357062
0.0200844
0.614768
0.662
0.0680298
0.0250222
0.662
0.662
0.477548
0.329005
0.47235
0.164663
0.0806592
0.662
0.138756
0.120487
0.662
0.442763
0.662
0.436631
0.609728
0.304839
0.662
0.662
0.337611
0.662
0.376263
0.479061
0.434768
0.0631359
0.660891
0.409779
0.0379015
0.245831
0.662
0.380502
0.487687
0.662
0.320461
0.662
0.110418
0.662
0.192758
0.187942
0.662
0.239789
0.662
0.0140202
0.662
0.0976852
0.0930627
0.105923
0.662
0.560135
0.246336
0.662
0.662
0.515066
0.247901
0.212211
0.662
0.662
0.526526
0.0739436
0.27659
0.662
0.209081
0.662
0.662
0.274558
0.440272
0.662
0.405791
0.662
0.662
0.662
0.08066
0.287735
0.387262
0.315143
0.225752
0.23811
0.0926956
0.254802
0.159524
0.311208
0.351697
0.662
0.662
0.320215
0.662
0.0219448
0.662
0.662
0.427753
0.662
0.662
0.662
0.206427
0.416055
0.662
0.499843
0.489264
0.314487
0.0109559
0.0958146
0.30126
0.495663
0.272382
0.406079
0.207118
0.443096
0.235751
0.249315
0.662
0.464041
0.191473
0.311546
0.506586
0.361243
0.662
0.11108
0.662
0.275991
0.662
0.0190909
0.227192
0.662
0.662
0.384368
0.304543
0.143961
0.548856
0.261208
0.662
0.36275
0.662
0.227244
0.378806
0.291819
0.662
0.602562
0.355296
0.662
0.610639
0.149513
0.662
0.0585316
0.112006
0.272399
0.662
0.662
0.245391
0.662
0.239506
0.662
0.455341
0.662
0.662
0.662
0.286306
0.53896
0.662
0.662
0.662
0.237293
0.662
0.127002
0.468819
0.242924
0.662
0.662
0.662
0.454042
0.177311
0.662
0.662
0.662
0.497131
0.199604
0.304363
0.662
0.408839
0.662
0.662
0.662
0.657621
0.213403
0.662
0.358658
0.0640069
0.595894
0.662
0.483514
0.662
0.208921
0.269438
0.469508
0.19785
0.0138724
0.662
0.0573925
0.497496
0.293882
0.662
0.000291339
0.490608
0.662
0.662
0.477225
0.662
0.662
0.000437011
0.662
0.662
0.662
0.324219
0.375299
0.662
0.194437
0.662
0.114676
0.662
0.662
0.662
0.290728
0.662
0.662
0.0437136
0.662
0.336901
0.160814
0.662
0.662
0.523524
0.0458785
0.662
0.662
0.635291
0.662
0.662
0.662
0.233321
0.662
0.245315
0.662
0.662
0.260128
0.662
0.662
0.516756
0.252414
0.662
0.662
0.121415
0.662
0.521973
0.662
0.283782
0.662
0.662
0.424188
0.662
0.487287
0.662
0.662
0.457079
0.398681
0.0657894
0.662
0.662
0.662
0.662
0.634405
0.662
0.662
0.662
0.389532
0.0554694
0.662
0.176639
0.45578
0.662
0.222944
0.196894
0.662
0.00778391
0.662
0.2001
0.295594
0.662
0.294458
0.251498
0.436048
0.662
0.662
0.403797
0.662
0.604417
0.662
0.662
0.464581
0.662
0.267456
0.544113
0.154036
0.662
0.662
0.173251
0.279905
0.17846
0.145687
0.590906
0.0920718
0.446042
0.662
0.662
0.087221
0.278267
0.662
0.184082
0.662
0.259698
0.0217347
0.340111
0.130478
0.662
0.662
0.301253
0.662
0.0434906
0.0614906
0.347979
0.0963968
0.533029
0.0124497
0.22766
0.47722
0.280172
0.241176
0.662
0.662
0.127805
0.662
0.217024
0.112681
0.662
0.0998157
0.0706186
0.662
0.662
0.0706603
0.662
0.662
0.450457
0.662
0.485739
0.503709
0.0700501
0.00636502
0.0350156
0.200708
0.662
0.662
0.662
0.662
0.662
0.13256
0.662
0.662
0.662
0.294689
0.218366
0.254272
0.112566
0.254766
0.662
0.181403
0.662
0.662
0.0861929
0.434082
0.306041
0.429179
0.290901
0.152219
0.51472
0.662
0.662
0.399162
0.394816
0.662
0.662
0.662
0.00767343
0.662
0.662
0.187639
0.139962
0.17716
0.263173
0.337396
0.662
0.662
0.3348
0.662
0.370372
0.265761
0.251711
0.247437
0.0373794
0.662
0.458513
0.152261
0.547429
0.662
0.662
0.662
0.191654
0.662
0.662
0.144484
0.510042
0.00753784
0.203516
0.475633
0.564899
0.530095
0.3604
0.662
0.662
0.662
0.023145
0.408271
0.0153313
0.556453
0.381868
0.45484
0.662
0.0663441
0.403568
0.662
0.662
0.532179
0.662
0.161496
0.311907
0.125897
0.606619
0.205433
0.56131
0.365359
0.410465
0.662
0.662
0.185029
0.662
0.662
0.662
0.118618
0.633694
0.45895
0.662
0.510232
0.259441
0.662
0.662
0.662
0.486645
0.662
0.345536
0.528718
0.193388
0.066808
0.662
0.662
0.156417
0.662
0.0359753
0.662
0.121919
0.662
0.233398
0.662
0.662
0.337736
0.201349
0.662
0.662
0.445117
0.351924
0.662
0.000711754
0.662
0.662
0.662
0.453372
0.202153
0.662
0.662
0.4187
0.633977
0.445933
0.662
0.662
0.133792
0.662
0.206466
0.625816
0.662
0.662
0.0796412
0.30453
0.662
0.237284
0.442209
0.662
0.302363
0.37992
0.662
0.0910798
0.611559
0.662
0.40242
0.594148
0.420904
0.463885
0.481917
0.662
0.327652
0.112856
0.662
0.151819
0.216513
0.295171
0.662
