0.662
0.662
0.0931322
0.662
0.139794
0.662
0.662
0.662
0.662
0.662
0.386782
0.434858
0.662
0.20337
0.443711
0.292855
0.129397
0.254426
0.662
0.603548
0.662
0.265945
0.662
0.404717
0.662
0.662
0.468044
0.193475
0.662
0.0929846
0.316803
0.662
0.662
0.662
0.407907
0.299428
0.662
0.142194
0.315307
0.662
0.662
0.340738
0.662
0.303618
0.408146
0.637306
0.662
0.537997
0.662
0.236624
0.0717896
0.15468
0.662
0.662
0.387074
0.183673
0.662
0.262002
0.412144
0.00942608
0.662
0.21159
0.22822
0.198916
0.0885641
0.187143
0.662
0.0398553
0.0153408
0.662
0.397361
0.0641419
0.662
0.563442
0.662
0.329061
0.151732
0.216473
0.0114313
0.33708
0.243685
0.662
0.255578
0.375516
0.394852
0.026885
0.662
0.662
0.585664
0.662
0.309817
0.419329
0.0987957
0.135849
0.662
0.584119
0.593328
0.070077
0.65339
0.266667
0.189989
0.662
0.265821
0.662
0.194017
0.138538
0.138748
0.12369
0.239101
0.0462394
0.204318
0.0945596
0.662
0.500232
0.662
0.662
0.395765
0.662
0.20424
0.18645
0.0177561
0.601184
0.382571
0.662
0.0921613
0.240605
0.353498
0.234165
0.194975
0.453341
0.662
0.333122
0.662
0.369838
0.662
0.122683
0.662
0.0925397
0.662
0.662
0.293486
0.124721
0.267358
0.662
0.662
0.242755
0.166192
0.336496
0.00213435
0.662
0.662
0.396656
0.662
0.118751
0.0281805
0.662
0.662
0.296162
0.662
0.662
0.662
0.222038
0.662
0.662
0.447404
0.662
0.207703
0.49465
0.252877
0.382885
0.452321
0.526291
0.492372
0.662
0.118398
0.327007
0.459994
0.468732
0.211795
0.351107
0.662
0.415654
0.105052
0.662
0.247753
0.388948
0.440429
0.197338
0.0831152
0.615632
0.0543798
0.311664
0.608337
0.662
0.662
0.662
0.255967
0.308752
0.662
0.662
0.420386
0.662
0.287455
0.513957
0.662
0.662
0.0278769
0.662
0.407358
0.662
0.388125
0.163186
0.42193
0.662
0.662
0.662
0.0634037
0.662
0.191107
0.662
0.330562
0.662
0.190133
0.0727861
0.0511968
0.662
0.379715
0.0867407
0.662
0.662
0.662
0.491917
0.247874
0.662
0.662
0.232114
0.572505
0.276141
0.129103
0.191807
0.327322
0.662
0.662
0.662
0.314037
0.445351
0.465808
0.488579
0.660375
0.633694
0.0669265
0.481573
0.304524
0.662
0.662
0.662
0.662
0.662
0.0807647
0.388957
0.353615
0.662
0.454778
0.196991
0.662
0.00849142
0.0551816
0.662
0.00274526
0.662
0.116784
0.144505
0.662
0.662
0.662
0.662
0.180808
0.203798
0.662
0.662
0.662
0.662
0.662
0.662
0.261266
0.133503
0.390632
0.662
0.662
0.662
0.561018
0.198065
0.662
0.450029
0.662
0.662
0.370025
0.0413776
0.662
0.243345
0.153235
0.369967
0.662
0.167456
0.662
0.662
0.351646
0.662
0.662
0.0200841
0.455057
0.357682
0.154889
0.662
0.662
0.662
0.440656
0.662
0.37445
0.429748
0.662
0.662
0.387192
0.295765
0.662
0.662
0.27449
0.0139536
0.284693
0.662
0.662
0.474342
0.662
0.305791
0.382473
0.406805
0.607217
0.4335
0.0439593
0.662
0.662
0.662
0.28268
0.359277
0.241404
0.323978
0.213251
0.524034
0.662
0.662
0.662
0.662
0.662
0.662
0.662
0.394067
0.3079
0.662
0.662
0.517058
0.662
0.662
0.662
0.416103
0.662
0.33028
0.125078
0.331094
0.377176
0.662
0.330411
0.298099
0.662
0.55653
0.217012
0.477276
0.662
0.514258
0.0440007
0.31615
0.662
0.184393
0.209729
0.171704
0.587413
0.662
0.248102
0.541582
0.267401
0.139378
0.482695
0.374168
0.405578
0.2617
0.185375
0.352391
0.147384
0.425561
0.662
0.662
0.23968
0.18314
0.662
0.24932
0.662
0.185585
0.0993603
0.267998
0.597173
0.240597
0.662
0.662
0.26613
0.662
0.323296
0.149882
0.339331
0.662
0.215959
0.662
0.662
0.277302
0.662
0.302095
0.451895
0.301694
0.0835541
0.109014
0.572967
0.0122126
0.662
0.662
0.640135
0.0567841
0.662
0.224731
0.190513
0.662
0.662
0.498993
0.00251747
0.662
0.148825
0.307547
0.662
0.471568
0.432256
0.0763033
0.662
0.153782
0.169968
0.662
0.371671
0.662
0.244592
0.662
0.662
0.0319807
0.662
0.662
0.475933
0.201515
0.0450175
0.589427
0.332275
0.0806687
0.662
0.44993
0.662
0.488459
0.0490743
0.662
0.662
0.456162
0.178975
0.246399
0.285159
0.662
0.662
0.270251
0.41621
0.0352054
0.192366
0.662
0.0827948
0.662
0.662
0.382427
0.662
0.120324
0.662
0.460213
0.231713
0.192117
0.185793
0.662
0.662
0.662
0.183944
0.662
0.49991
0.463726
0.662
0.209841
0.662
0.526839
0.483222
0.662
0.662
0.0447604
0.386567
0.517421
0.373899
0.420816
0.426163
0.662
0.662
0.0916443
0.0511519
0.662
0.662
0.145595
0.662
0.662
0.662
0.245758
0.662
0.184656
0.662
0.313827
0.662
0.662
0.662
0.164968
0.000815722
0.245086
0.198807
0.370849
0.602155
0.662
0.239596
0.222769
0.262879
0.292875
0.662
0.43443
0.662
0.0804697
0.662
0.611816
0.417286
0.662
0.662
0.202006
0.162377
0.662
0.0560081
0.662
0.332532
0.662
0.034561
0.440473
0.484739
0.662
0.297362
0.178053
0.284578
0.207057
0.225426
0.567901
0.21361
0.662
0.662
0.375993
0.320299
0.371253
0.364493
0.324315
0.342979
0.127127
0.662
0.188758
0.244271
0.328426
0.662
0.662
0.379917
0.171151
0.135416
0.276769
0.482067
0.662
0.185636
0.662
0.302989
0.296693
0.38992
0.189375
0.160167
0.337647
0.662
0.662
0.168127
0.604911
0.26766
0.39034
0.662
0.662
0.170488
0.295531
0.662
0.662
0.662
0.366831
0.272792
0.662
0.662
0.662
0.662
0.0500017
0.195263
0.448681
0.189179
0.662
0.392152
0.662
0.662
0.662
0.169305
0.0393917
0.662
0.0469823
0.360224
0.428958
0.662
0.662
0.662
0.662
0.662
0.423115
0.109181
0.662
0.166113
0.452773
0.275023
0.421632
0.294569
0.0152634
0.662
0.566356
0.400835
0.334721
0.554838
0.4168
0.403469
0.199808
0.32775
0.201849
0.326965
0.0856797
0.0926848
0.662
0.361061
0.159359
0.662
0.662
0.551954
0.139564
0.662
0.455115
0.196632
0.240387
0.309847
0.662
0.548488
0.662
0.662
0.340167
0.399149
0.462239
0.662
0.169113
0.662
0.662
0.662
0.159103
0.662
0.532378
0.662
0.393933
0.597652
0.662
0.201611
0.20742
0.638758
0.562328
0.213408
0.662
0.361411
0.109712
0.662
0.467585
0.662
0.0786561
0.264365
0.662
0.329831
0.203425
0.0383155
0.0830218
0.662
0.662
0.662
0.662
0.662
0.662
0.662
0.662
0.133047
0.272769
0.460998
0.662
0.468276
0.437732
0.188717
0.662
0.10504
0.465186
0.0926595
0.231675
0.662
0.18038
0.662
0.120248
0.115411
0.662
0.532656
0.178051
0.441927
0.662
0.662
0.554134
0.5557
0.645984
0.662
0.476286
0.330883
0.468638
0.662
0.395526
0.175913
0.0649346
0.57229
0.202598
0.451259
0.232198
0.484671
0.662
0.652827
0.456021
0.662
0.186418
0.602931
0.652633
0.662
0.0780964
0.271157
0.662
0.662
0.0676508
0.260294
0.662
0.291978
0.662
0.662
0.662
0.402391
0.533365
0.093713
0.114718
0.313076
0.397398
0.384421
0.662
0.662
0.662
0.0631683
0.662
0.270929
0.662
0.662
0.0973299
0.0360716
0.662
0.0837542
0.662
0.364864
0.350713
0.211519
0.112436
0.662
0.206866
0.527725
0.371644
0.223601
0.662
0.394354
0.600797
0.185816
0.662
0.445682
0.662
0.662
0.241704
0.238754
0.390486
0.33204
0.253581
0.662
0.662
0.362821
0.662
0.662
0.27322
0.108151
0.662
0.422611
0.460783
0.414918
0.662
0.368713
0.132943
0.662
0.275158
0.662
0.519272
0.0908748
0.662
0.662
0.662
0.527754
0.125594
0.00735725
0.462381
0.223227
0.662
0.409282
0.335293
0.211486
0.662
0.662
0.662
0.662
0.662
0.26966
0.377249
0.662
0.662
0.662
0.662
0.448975
0.662
0.662
0.222833
0.662
0.662
0.662
0.383611
0.662
0.472544
0.0710562
0.0415753
0.393557
0.0190222
0.492115
0.462612
0.264197
0.662
0.662
0.369259
0.133336
0.291835
0.215984
0.662
0.662
0.451722
0.662
0.662
0.301113
0.111496
0.444827
0.344711
0.193905
0.662
0.417314
0.662
0.0942913
0.662
0.12028
0.0351303
0.283859
0.169155
0.427819
0.662
0.662
0.324313
0.027006
0.662
0.0983856
0.244204
0.162469
0.662
0.213319
0.662
0.662
0.662
0.662
0.662
0.662
0.346682
0.662
0.662
0.662
0.662
0.662
0.458692
0.662
0.662
0.327908
0.173556
0.554385
0.662
0.110372
0.125199
0.313137
0.00928531
0.218864
0.292411
0.44874
0.497468
0.213327
0.307158
0.662
0.386264
0.662
0.662
0.662
0.507453
0.662
0.662
0.608007
0.449342
0.408346
0.486088
0.225103
0.3744
0.142172
0.662
0.662
0.295295
0.261539
0.426066
0.662
0.662
0.662
0.662
0.205234
0.662
0.264859
0.260499
0.206874
0.662
0.339646
0.156545
0.662
0.405663
0.662
0.211404
0.131024
0.662
0.176052
0.207802
0.662
0.662
0.404275
0.581166
0.172496
0.662
0.0501039
0.0240258
0.527469
0.479583
0.207206
0.615121
0.356923
0.662
0.492048
0.402317
0.4467
0.312596
0.154976
0.105533
0.662
0.363496
0.335285
0.662
0.662
0.662
0.277786
0.662
0.264068
0.64205
0.320897
0.10442
0.0458089
0.661413
0.662
0.662
0.542043
0.662
0.662
0.484971
0.172401
0.662
0.0672781
0.662
0.205315
0.662
0.475626
0.662
0.131076
0.662
0.101208
0.230102
0.0127023
0.0197223
0.112957
0.662
0.293813
0.495596
0.662
0.662
0.662
0.0744922
0.662
0.662
0.252742
0.232909
0.534884
0.662
0.662
0.348347
0.662
0.376449
0.662
0.662
0.662
0.662
0.662
0.662
0.662
0.0518285
0.363699
0.343061
0.010239
0.662
0.614174
0.170452
0.662
0.662
0.159831
0.355762
0.662
0.295583
0.662
0.662
0.662
0.0557835
0.142593
0.318462
0.662
0.477076
0.282986
0.662
0.662
0.168951
0.0407467
0.47691
0.662
0.0991615
0.37513
0.662
0.560192
0.662
0.078564
0.0807619
0.168928
0.262312
0.662
0.384238
0.343643
0.662
0.342298
0.420049
0.662
0.289674
0.662
0.662
0.424862
0.662
0.104883
0.39034
0.0279773
0.662
0.331263
0.44092
0.183346
0.44154
0.420843
0.662
0.662
0.460363
0.472223
0.454406
0.659459
0.556994
0.662
0.0766675
0.263906
0.373132
0.332709
0.662
0.425676
0.662
0.416025
0.244226
0.566725
0.621463
0.38137
0.662
0.358118
0.396444
0.317363
0.337333
0.555794
0.662
0.296624
0.662
0.14178
0.154919
0.272879
0.662
0.189687
0.662
0.662
0.270066
0.662
0.662
0.662
0.662
0.662
0.00565377
0.662
0.144658
0.662
0.662
0.0709556
0.22348
0.38178
0.63339
0.662
0.662
0.362003
0.524212
0.222128
0.383727
0.662
0.662
0.404423
0.662
0.196549
0.37856
0.662
0.342361
0.662
0.563865
0.315316
0.139309
0.114702
0.393999
0.224203
0.326522
0.12859
0.662
0.662
0.662
0.662
0.662
0.43744
0.662
0.034057
0.199712
0.458369
0.662
0.662
0.662
0.662
0.424101
0.662
0.435673
0.662
0.507561
0.662
0.0251531
0.60974
0.21072
0.455714
0.662
0.212324
0.117218
0.662
0.087501
0.08987
0.662
0.074317
0.662
0.364278
0.491599
0.409644
0.662
0.430441
0.593185
0.662
0.0389481
0.662
0.209797
0.662
0.662
0.662
0.662
0.0922037
0.662
0.662
0.662
0.662
0.662
0.460891
0.662
0.103698
0.662
0.494786
0.634929
0.662
0.662
0.662
0.662
0.40701
0.0799203
0.0591745
0.32722
0.311653
0.662
0.378691
0.194367
0.593793
0.653367
0.662
0.0316455
0.662
0.226252
0.662
0.662
0.0449005
0.236821
0.662
0.662
0.662
0.458679
0.133504
0.0209828
0.662
0.662
0.208452
0.662
0.662
0.211088
0.662
0.662
0.0287481
0.602514
0.662
0.30008
0.0271887
0.331278
0.662
0.662
0.324193
0.344149
0.45904
0.478516
0.104421
0.374124
0.227224
0.662
0.662
0.662
0.272334
0.58731
0.291335
0.109548
0.662
0.37086
0.180053
0.451065
0.662
0.360524
0.182251
0.662
0.662
0.662
0.662
0.662
0.43639
0.435523
0.401765
0.336822
0.279234
0.181608
0.214311
0.0561673
0.662
0.314264
0.662
0.489746
0.662
0.662
0.210746
0.662
0.221531
0.235569
0.662
0.207728
0.193138
0.602008
0.404967
0.375054
0.406396
0.662
0.065252
0.661735
0.261128
0.110074
0.302182
0.662
0.384288
0.662
0.203838
0.405011
0.127519
0.0812961
0.662
0.662
0.120242
0.662
0.662
0.253867
0.662
0.265402
0.662
0.37143
0.662
0.662
0.662
0.100166
0.662
0.209531
0.104247
0.440499
0.347332
0.662
0.662
0.302281
0.394358
0.107931
0.225817
0.662
0.662
0.443011
0.287805
0.662
0.167122
0.195828
0.662
0.217892
0.233437
0.168669
0.427306
0.179736
0.179481
0.64977
0.268495
0.037008
0.286593
0.386063
0.495765
0.662
0.662
0.220414
0.662
0.124669
0.151057
0.662
0.00316105
0.281234
0.49131
0.453327
0.123152
0.662
0.662
0.232782
0.0117473
0.0885582
0.146703
0.662
0.0782616
0.605567
0.564292
0.662
0.242055
0.00657426
0.158187
0.146834
0.307075
0.662
0.662
0.0447767
0.00349213
0.249296
0.662
0.662
0.662
0.346941
0.499316
0.119174
0.151869
0.488159
0.662
0.555648
0.662
0.000726306
0.662
0.0628198
0.189721
0.247134
0.250172
0.420384
0.136619
0.44041
0.323992
0.115213
0.191026
0.382581
0.140537
0.193771
0.23713
0.557116
0.662
0.208616
0.662
0.338632
0.189311
0.272043
0.295404
0.309965
0.0662004
0.662
0.630377
0.30726
0.662
0.662
0.662
0.259186
0.662
0.33553
0.662
0.232156
0.662
0.662
0.303891
0.203587
0.662
0.662
0.0480185
0.195245
0.662
0.662
0.227601
0.321008
0.0624429
0.662
0.662
0.662
0.474052
0.662
0.662
0.2179
0.0413158
0.458985
0.662
0.26308
0.662
0.410404
0.662
0.662
0.662
0.662
0.284994
0.00790834
0.145388
0.241026
0.662
0.343407
0.52021
0.662
0.142782
0.297493
0.451777
0.276027
0.291734
0.662
0.662
0.662
0.0900291
0.265584
0.212317
0.525859
0.498027
0.248099
0.295781
0.476601
0.662
0.418738
0.438266
0.662
0.264467
0.185801
0.296533
0.12684
0.421023
0.118937
0.19636
0.389205
0.261634
0.358184
0.0823922
0.36566
0.495406
0.662
0.0341978
0.351864
0.465719
0.0356897
0.205154
0.662
0.662
0.451467
0.242268
0.662
0.662
0.662
0.298644
0.662
0.662
0.367438
0.0557824
0.662
0.188204
0.662
0.662
0.152232
0.143849
0.114554
0.662
0.144167
0.0457143
0.413487
0.341804
0.662
0.662
0.662
0.0227547
0.662
0.365996
0.473871
0.133108
0.267863
0.0234997
0.553176
0.62173
0.250586
0.662
0.662
0.0512447
0.186167
0.662
0.662
0.662
0.441776
0.644709
0.662
0.380435
0.662
0.0254484
0.0581211
0.217019
0.577269
0.662
0.160685
0.662
0.187136
0.0372224
0.494999
0.662
0.662
0.492693
0.163702
0.646186
0.662
0.370545
0.662
0.0980955
0.173376
0.662
0.260485
0.21307
0.34532
0.62604
0.373036
0.662
0.0717441
0.00902016
0.26441
0.299501
0.662
0.167797
0.662
0.0851896
0.144226
0.662
0.543117
0.662
0.0425707
0.361574
0.427638
0.188323
0.421678
0.581434
0.020159
0.221591
0.0407688
0.271875
0.662
0.567954
0.476579
0.0260013
0.662
0.254604
0.346048
0.662
0.218359
0.324641
0.319703
0.00148252
0.399561
0.662
0.0305927
0.0822098
0.469254
0.471032
0.662
0.662
0.403281
0.662
0.662
0.195617
0.419009
0.0514098
0.662
0.662
0.662
0.0806591
0.0336304
0.0144107
0.460881
0.662
0.662
0.662
0.14576
0.662
0.262797
0.187196
0.662
0.170091
0.662
0.426692
0.569933
0.662
0.0916417
0.662
0.344352
0.662
0.267415
0.298466
0.554692
0.393122
0.0460896
0.662
0.427532
0.114933
0.173958
0.662
0.346411
0.444074
0.0530186
0.125559
0.173696
0.662
0.471576
0.476387
0.298511
0.314081
0.662
0.218446
0.662
0.662
0.449706
0.662
0.337758
0.662
0.0795858
0.662
0.662
0.0166174
0.662
0.212355
0.0215893
0.662
0.662
0.662
0.662
0.662
0.36805
0.662
0.235094
0.662
0.0925189
0.043887
0.662
0.207224
0.117957
0.147541
0.122296
0.0344621
0.662
0.662
0.10417
0.123378
0.186602
0.662
0.662
0.0220965
0.34769
0.217107
0.406065
0.662
0.186787
0.222797
0.235195
0.662
0.662
0.0792199
0.422785
0.179285
0.368939
0.464399
0.371573
0.383601
0.662
0.485384
0.662
0.662
0.175564
0.221543
0.313895
0.407083
0.347565
0.27218
0.282085
0.662
0.311583
0.226972
0.347917
0.662
0.5012
0.662
0.188654
0.235843
0.345943
0.400487
0.662
0.662
0.662
0.662
0.146887
0.463881
0.189839
0.662
0.266375
0.440864
0.662
0.662
0.398094
0.662
0.662
0.662
0.662
0.461493
0.0868674
0.662
0.662
0.662
0.168306
0.662
0.398342
0.564864
0.144094
0.155564
0.662
0.215405
0.0730084
0.261049
0.21048
0.465673
0.464057
0.402962
0.0634524
0.212339
0.470305
0.274624
0.0900605
0.662
0.662
0.662
0.662
0.441317
0.662
0.662
0.402606
0.662
0.398545
0.196846
0.662
0.540821
0.0464618
0.0717202
0.251685
0.212392
0.140774
0.0769367
0.131306
0.368266
0.215521
0.662
0.662
0.196597
0.146038
0.479169
0.662
0.662
0.101193
0.662
0.388822
0.577829
0.426011
0.364776
0.326561
0.200915
0.202008
0.145624
0.208383
0.662
0.0271427
0.662
0.234384
0.159599
0.662
0.662
0.389838
0.662
0.186374
0.544623
0.54228
0.662
0.304738
0.310013
0.557925
0.662
0.630767
0.662
0.12948
0.506587
0.192581
0.0596892
0.255036
0.302386
0.161129
0.662
0.662
0.0416642
0.662
0.141357
0.302887
0.293444
0.662
0.662
0.662
0.459112
0.364326
0.199729
0.662
0.0907818
0.662
0.662
0.417901
0.0487266
0.158599
0.662
0.662
0.0180278
0.662
0.232703
0.662
0.49173
0.629777
0.0247478
0.662
0.218215
0.109625
0.191494
0.26243
0.158361
0.393847
0.409317
0.662
0.209654
0.662
0.207985
0.254769
0.662
0.0921129
0.203172
0.289964
0.359574
0.662
0.662
0.0282658
0.484919
0.662
0.662
0.187794
0.0328642
0.662
0.0236629
0.662
0.662
0.49665
0.37989
0.616419
0.662
0.18748
0.662
0.000987174
0.121141
0.479375
0.161909
0.332843
0.161178
0.0777658
0.220742
0.662
0.662
0.349181
0.662
0.419119
0.326157
0.444387
0.00658599
0.426652
0.662
0.112407
0.662
0.662
0.150457
0.300026
0.662
0.354034
0.550166
0.210697
0.662
0.0153494
0.138786
0.0891432
0.421332
0.662
0.198482
0.462812
0.662
0.662
0.0377542
0.439756
0.15151
0.585369
0.000750125
0.0854082
0.0560159
0.359196
0.390823
0.339637
0.662
0.0934945
0.160844
0.11538
0.662
0.00724293
0.505933
0.662
0.662
0.29862
0.425589
0.223327
0.662
0.335858
0.462863
0.111104
0.662
0.662
0.654847
0.662
0.0857672
0.413565
0.662
0.319455
0.662
0.135769
0.451329
0.653138
0.627256
0.217817
0.606537
0.662
0.662
0.662
0.662
0.296156
0.0241648
0.469955
0.662
0.206552
0.662
0.159818
0.136045
0.288263
0.662
0.302352
0.662
0.437788
0.662
0.286359
0.474369
0.662
0.406494
0.131543
0.106026
0.572469
0.662
0.112468
0.26825
0.433638
0.446319
0.161135
0.662
0.242316
0.190141
0.0698833
0.310396
0.0746574
0.0472088
0.662
0.396816
0.662
0.662
0.206173
0.662
0.199122
0.662
0.662
0.38857
0.612826
0.662
0.662
0.42748
0.662
0.243937
0.662
0.248145
0.439625
0.662
0.371358
0.270661
0.662
0.662
0.215133
0.113196
0.471117
0.467973
0.662
0.209802
0.0929606
0.503868
0.309664
0.19063
0.217873
0.640209
0.662
0.169819
0.662
0.662
0.241769
0.189786
0.662
0.662
0.011245
0.581289
0.662
0.332642
0.261868
0.278115
0.292138
0.170229
0.662
0.662
0.206308
0.415589
0.662
0.315537
0.662
0.195061
0.662
0.662
0.348581
0.0828973
0.324681
0.370202
0.662
0.124625
0.533524
0.662
0.0179773
0.122339
0.229521
0.662
0.0118547
0.392524
0.16385
0.194602
0.148449
0.386724
0.662
0.297165
0.662
0.662
0.558511
0.333999
0.662
0.00637162
0.0556858
0.662
0.662
0.662
0.261562
0.401953
0.296118
0.662
0.152465
0.662
0.662
0.472528
0.382294
0.662
0.0757898
0.401642
0.662
0.152364
0.662
0.282343
0.420501
0.30079
0.662
0.307768
0.150949
0.549123
0.501616
0.662
0.353509
0.512474
0.662
0.45219
0.662
0.662
0.371715
0.662
0.662
0.113929
0.662
0.662
0.0505128
0.144207
0.369218
0.21217
0.662
0.127299
0.658562
0.230496
0.344647
0.662
0.422014
0.318282
0.662
0.0473823
0.136549
0.184724
0.662
0.662
0.253192
0.662
0.419339
0.154958
0.573699
0.40512
0.271316
0.524846
0.662
0.287867
0.662
0.662
0.101632
0.0174154
0.0713453
0.320908
0.102143
0.662
0.662
0.602211
0.341067
0.131355
0.363235
0.662
0.563718
0.65296
0.0909917
0.662
0.662
0.662
0.427555
0.254622
0.0287675
0.091264
0.662
0.575424
0.606825
0.117806
0.662
0.662
0.146311
0.662
0.662
0.298222
0.456089
0.351713
0.662
0.662
0.662
0.327411
0.0976564
0.289811
0.662
0.447913
0.153239
0.662
0.662
0.662
0.629706
0.662
0.580465
0.440877
0.662
0.281968
0.662
0.662
0.639298
0.117589
0.662
0.662
0.662
0.438912
0.309462
0.0365208
0.225696
0.573828
0.320158
0.382818
0.662
0.355293
0.0308747
0.662
0.662
0.662
0.15411
0.662
0.662
0.305102
0.561737
0.603804
0.662
0.520728
0.399357
0.662
0.237154
0.36123
0.424658
0.244248
0.662
0.662
0.242558
0.245665
0.324289
0.662
0.276486
0.662
0.662
0.662
0.118787
0.345345
0.242884
0.662
0.0157965
0.662
0.662
0.662
0.340204
0.39808
0.351825
0.189898
0.27833
0.131116
0.662
0.662
0.662
0.662
0.581488
0.441257
0.184209
0.516706
0.662
0.662
0.662
0.264818
0.132816
0.662
0.152869
0.662
0.265191
0.0490269
0.393735
0.662
0.662
0.662
0.662
0.475904
0.662
0.550598
0.662
0.662
0.329729
0.311804
0.424649
0.205915
0.282799
0.662
0.662
0.169121
0.662
0.379537
0.304319
0.116288
0.0627123
0.662
0.229277
0.662
0.378362
0.0589543
0.662
0.0142864
0.461915
0.662
0.662
0.237748
0.113813
0.662
0.0797694
0.0448251
0.296205
0.54471
0.289042
0.662
0.662
0.133453
0.392344
0.0276118
0.263175
0.662
0.375693
0.481487
0.662
0.662
0.653424
0.15296
0.662
0.189682
0.310805
0.383105
0.147294
0.390564
0.662
0.242176
0.316265
0.275973
0.585771
0.318251
0.328221
0.275679
0.544241
0.662
0.564171
0.662
0.662
0.126352
0.662
0.284479
0.0198487
0.662
0.17269
0.662
0.515297
0.416973
0.207149
0.286919
0.0160978
0.214922
0.41989
0.100691
0.662
0.465303
0.662
0.662
0.662
0.388071
0.428616
0.257806
0.34999
0.662
0.662
0.508966
0.662
0.239772
0.662
0.662
0.233019
0.0774297
0.484886
0.413366
0.662
0.429431
0.253223
0.257603
0.662
0.662
0.356896
0.201582
0.0622105
0.152769
0.662
0.012726
0.403491
0.662
0.371395
0.0126155
0.340815
0.662
0.662
0.662
0.662
0.036845
0.2378
0.0761028
0.081676
0.662
0.159879
0.0629248
0.44918
0.430688
0.179554
0.662
0.0969398
0.503019
0.662
0.477492
0.320211
0.189198
0.0636916
0.4743
0.104282
0.289647
0.662
0.40479
0.662
0.0139622
0.662
0.227145
0.250832
0.662
0.662
0.662
0.187628
0.433505
0.478774
0.0535976
0.0853796
0.116135
0.224858
0.263918
0.00115646
0.61016
0.206708
0.579233
0.662
0.662
0.662
0.29021
0.357813
0.662
0.13296
0.662
0.201708
0.279565
0.367335
0.259878
0.345841
0.662
0.393186
0.1104
0.345117
0.00406143
0.662
0.0440147
0.389543
0.662
0.381656
0.242853
0.235829
0.0329224
0.190353
0.15864
0.449491
0.399178
0.144588
0.159738
0.662
0.196606
0.390459
0.2303
0.0552262
0.321487
0.423016
0.591661
0.284176
0.357304
0.194771
0.412044
0.662
0.662
0.220963
0.32302
0.662
0.662
0.662
0.662
0.662
0.662
0.662
0.662
0.353742
0.338557
0.469762
0.116313
0.662
0.662
0.365637
0.662
0.662
0.636985
0.100724
0.662
0.267129
0.140629
0.113723
0.147186
0.662
0.389709
0.662
0.26959
0.576247
0.254895
0.606018
0.359891
0.662
0.0879243
0.662
0.662
0.662
0.19926
0.302649
0.662
0.662
0.00199031
0.39306
0.443422
0.0264177
0.52722
0.498473
0.208387
0.416118
0.648707
0.662
0.359323
0.662
0.0511559
0.662
0.0667714
0.48498
0.662
0.464339
0.0344011
0.662
0.370265
0.662
0.662
0.0547816
0.662
0.135984
0.35803
0.297199
0.662
0.662
0.565043
0.34009
0.399145
0.267125
0.662
0.198852
0.0255392
0.662
0.462313
0.208307
0.395601
0.662
0.24188
0.139651
0.386308
0.448062
0.662
0.0709339
0.578349
0.662
0.267497
0.0614313
0.170512
0.409004
0.662
0.548988
0.649465
0.662
0.662
0.662
0.351058
0.520404
0.0303954
0.128863
0.662
0.662
0.0941837
0.662
0.662
0.147386
0.26968
0.662
0.119861
0.662
0.140369
0.662
0.332673
0.451429
0.209052
0.36888
0.044577
0.662
0.248566
0.313579
0.501555
0.401151
0.422576
0.000176851
0.220366
0.662
0.662
0.662
0.314453
0.411109
0.662
0.498635
0.346347
0.406163
0.662
0.662
0.372689
0.382727
0.211851
0.194143
0.341284
0.444362
0.170377
0.662
0.444793
0.575786
0.662
0.662
0.662
0.276612
0.662
0.489009
0.19622
0.662
0.444376
0.571959
0.662
0.32979
0.662
0.662
0.171624
0.312347
0.0700071
0.228617
0.0375571
0.662
0.143163
0.382046
0.662
0.198966
0.245698
0.662
0.662
0.235802
0.0384403
0.398215
0.662
0.366589
0.485495
0.28791
0.662
0.662
0.543228
0.199973
0.236966
0.662
0.662
0.15637
0.418413
0.182293
0.252169
0.348919
0.220434
0.662
0.662
0.366893
0.652514
0.214847
0.255392
0.101677
0.096093
0.662
0.283702
0.662
0.662
0.662
0.454544
0.336779
0.448568
0.361673
0.212391
0.662
0.326846
0.154833
0.230821
0.172389
0.662
0.0661573
0.662
0.662
0.172178
0.255804
0.662
0.662
0.0819325
0.427086
0.171979
0.0183077
0.662
0.662
0.662
0.479581
0.662
0.442309
0.662
0.40117
0.141199
0.662
0.150402
0.662
0.293809
0.662
0.30907
0.662
0.604533
0.208278
0.322998
0.34522
0.074699
0.662
0.662
0.662
0.178233
0.0115176
0.187615
0.431359
0.224416
0.303785
0.662
0.662
0.217014
0.11937
0.269005
0.662
0.0169509
0.434
0.474557
0.662
0.0302265
0.017838
0.662
0.400452
0.0784451
0.568682
0.100915
0.275932
0.662
0.342547
0.242322
0.662
0.662
0.201676
0.662
0.662
0.529659
0.662
0.31754
0.50154
0.662
0.127553
0.662
0.662
0.485558
0.121249
0.662
0.37596
0.662
0.0500762
0.417338
0.188975
0.662
0.662
0.164407
0.30679
0.662
0.0378712
0.657687
0.192505
0.451289
0.205113
0.662
0.209856
0.318698
0.300342
0.241599
0.662
0.452519
0.662
0.423863
0.662
0.338593
0.200992
0.137907
0.234669
0.203861
0.662
0.662
0.662
0.662
0.662
0.183092
0.322668
0.662
0.203088
0.450892
0.662
0.662
0.662
0.662
0.356704
0.385972
0.196752
0.662
0.662
0.194017
0.662
0.121125
0.117871
0.291106
0.23371
0.247333
0.662
0.0927206
0.0677906
0.310093
0.181193
0.22869
0.197012
0.662
0.662
0.36397
0.119593
0.381193
0.239131
0.171698
0.662
0.662
0.364998
0.241099
0.216648
0.613592
0.662
0.662
0.0119339
0.36106
0.662
0.201217
0.662
0.662
0.271147
0.130031
0.140148
0.0040036
0.00935839
0.442754
0.662
0.153061
0.193786
0.392604
0.201719
0.3702
0.662
0.382757
0.662
0.0249361
0.244083
0.662
0.339931
0.662
0.172267
0.295974
0.378146
0.662
0.662
0.662
0.30816
0.662
0.662
0.0691947
0.102886
0.662
0.349889
0.662
0.662
0.662
0.371488
0.0680458
0.629023
0.662
0.24989
0.13995
0.662
0.487922
0.319051
0.298637
0.42744
0.0549059
0.662
0.662
0.380267
0.10762
0.662
0.192659
0.196359
0.0851154
0.410096
0.0544502
0.315434
0.662
0.662
0.662
0.662
0.662
0.18733
0.662
0.234187
0.000968126
0.662
0.275049
0.662
0.232793
0.191928
0.18009
0.662
0.542713
0.662
0.359102
0.33043
0.119226
0.662
0.398671
0.186462
0.113465
0.662
0.662
0.662
0.403243
0.45932
0.339201
0.662
0.192928
0.328879
0.662
0.302953
0.224396
0.138356
0.454363
0.662
0.189275
0.662
0.446051
0.662
0.662
0.0509674
0.473925
0.0238985
0.662
0.662
0.071435
0.662
0.662
0.662
0.38956
0.0276603
0.156302
0.00027716
0.101877
0.662
0.383084
0.464671
0.18978
0.418102
0.345409
0.662
0.246911
0.375691
0.662
0.138537
0.376286
0.543413
0.662
0.662
0.270742
0.221557
0.662
0.174349
0.520476
0.224895
0.34191
0.662
0.662
0.38183
0.377126
0.662
0.662
0.171499
0.662
0.662
0.218995
0.662
0.189049
0.38807
0.662
0.0871337
0.404316
0.662
0.662
0.662
0.317884
0.497646
0.161937
0.262651
0.662
0.348742
0.0791778
0.226435
0.33494
0.0440833
0.27942
0.355727
0.366424
0.371299
0.200958
0.045331
0.187084
0.183959
0.351242
0.174302
0.0771519
0.662
0.662
0.662
0.130397
0.0650627
0.662
0.164699
0.339199
0.662
0.662
0.153907
0.203567
0.00839328
0.180849
0.460047
0.505929
0.662
0.662
0.301579
0.116511
0.269403
0.387408
0.662
0.662
0.357175
0.608104
0.338022
0.059514
0.662
0.662
0.662
0.365944
0.662
0.662
0.431946
0.0697666
0.662
0.662
0.662
0.662
0.662
0.151279
0.360672
0.370102
0.381039
0.662
0.662
0.46432
0.662
0.662
0.407495
0.662
0.662
0.22375
0.662
0.439862
0.228626
0.296572
0.105324
0.142386
0.662
0.365127
0.0809177
0.0730532
0.662
0.0944507
0.119407
0.409117
0.31112
0.662
0.662
0.662
0.662
0.017767
0.115253
0.662
0.662
0.662
0.116767
0.318554
0.213916
0.41638
0.662
0.629037
0.662
0.0592913
0.262615
0.662
0.330888
0.662
0.662
0.662
0.396962
0.469134
0.662
0.548211
0.127171
0.433283
0.662
0.662
0.288568
0.662
0.150676
0.354314
0.662
0.662
0.534105
0.376161
0.377336
0.284968
0.662
0.662
0.662
0.662
0.183401
0.161798
0.662
0.662
0.662
0.240648
0.274292
0.662
0.662
0.223897
0.226559
0.662
0.0173317
0.662
0.17601
0.578778
0.662
0.662
0.662
0.662
0.227841
0.292803
0.662
0.061806
0.0134834
0.662
0.662
0.662
0.662
0.140125
0.438606
0.662
0.662
0.38268
0.327924
0.103342
0.662
0.475971
0.117254
0.662
0.621062
0.662
0.56226
0.662
0.141191
0.275463
0.143744
0.399107
0.662
0.18298
0.14517
0.00224264
0.662
0.493535
0.60926
0.662
0.662
0.595284
0.00242889
0.248733
0.662
0.135323
0.0993105
0.0080642
0.662
0.662
0.313417
0.662
0.662
0.255203
0.662
0.0551379
0.209854
0.486107
0.201326
0.47332
0.662
0.438438
0.662
0.230033
0.504887
0.662
0.662
0.662
0.214708
0.140065
0.662
0.662
0.384449
0.0641095
0.662
0.248523
0.662
0.402685
0.320506
0.368735
0.662
0.437912
0.439568
0.662
0.428963
0.139779
0.617669
0.0901771
0.0475133
0.437307
0.432981
0.212466
0.269348
0.159336
0.38025
0.222903
0.063127
0.280681
0.423304
0.294516
0.662
0.230287
0.294145
0.662
0.175538
0.347901
0.662
0.662
0.619365
0.452639
0.253019
0.174507
0.184958
0.662
0.662
0.416287
0.614105
0.237105
0.151777
0.142308
0.348738
0.662
0.662
0.263522
0.662
0.662
0.258037
0.00412814
0.605254
0.295387
0.534747
0.662
0.662
0.249581
0.662
0.099559
0.240949
0.19341
0.144036
0.123525
0.144939
0.239085
0.662
0.383412
0.529478
0.662
0.535088
0.662
0.261475
0.414872
0.662
0.482519
0.662
0.662
0.239479
0.257357
0.509926
0.12051
0.189408
0.662
0.662
0.0137662
0.662
0.222463
0.662
0.223731
0.422863
0.0827684
0.409955
0.662
0.288602
0.662
0.662
0.327157
0.433826
0.662
0.229172
0.662
0.662
0.662
0.188251
0.662
0.307964
0.662
0.140856
0.662
0.662
0.311733
0.121311
0.22888
0.662
0.0363025
0.249041
0.662
0.662
0.662
0.662
0.338482
0.205733
0.147956
0.0858473
0.662
0.476365
0.0885343
0.662
0.662
0.662
0.632189
0.0394055
0.312658
0.0896262
0.276122
0.256823
0.155177
0.662
0.409404
0.568071
0.662
0.236227
0.662
0.379187
0.176317
0.662
0.319577
0.483372
0.325795
0.662
0.662
0.623331
0.161091
0.113192
0.0603609
0.662
0.438001
0.662
0.165098
0.304309
0.470465
0.589002
0.662
0.286265
0.361869
0.420417
0.219913
0.326152
0.17003
0.296017
0.597875
0.156959
0.662
0.662
0.197713
0.373912
0.191026
0.13201
0.662
0.0951115
0.319292
0.662
0.240486
0.45756
0.245469
0.15597
0.267689
0.662
0.393604
0.662
0.186654
0.662
0.450728
0.222169
0.662
0.200682
0.662
0.0389666
0.662
0.304995
0.237028
0.662
0.662
0.314165
0.662
0.35138
0.501236
0.336175
0.178042
0.176522
0.662
0.214182
0.662
0.48792
0.662
0.626269
0.0486891
0.662
0.352868
0.662
0.233041
0.662
0.0947338
0.662
0.00218672
0.458753
0.662
0.430992
0.662
0.0849926
0.251666
0.662
0.662
0.127699
0.662
0.662
0.383766
0.179802
0.0871309
0.327976
0.23805
0.170368
0.14058
0.143506
0.0846827
0.662
0.662
0.285735
0.662
0.193773
0.662
0.662
0.132701
0.662
0.662
0.267414
0.662
0.662
0.520226
0.529582
0.254564
0.520466
0.662
0.0286005
0.662
0.662
0.662
0.662
0.662
0.662
0.662
0.187807
0.662
0.662
0.158665
0.662
0.662
0.164694
0.662
0.138214
0.00748289
0.662
0.662
0.662
0.116977
0.662
0.0535596
0.662
0.494324
0.201242
0.662
0.662
0.471462
0.640443
0.445059
0.224821
0.208728
0.261894
0.662
0.307763
0.614995
0.157001
0.662
0.560946
0.087583
0.662
0.169086
0.662
0.24752
0.662
0.189848
0.187531
0.416854
0.384357
0.662
0.662
0.402918
0.284257
0.662
0.249285
0.025503
0.422545
0.353302
0.260167
0.662
0.662
0.408236
0.662
0.0143968
0.662
0.0692799
0.662
0.418116
0.615309
0.434628
0.100026
0.0405343
0.405066
0.662
0.20657
0.4078
0.277057
0.257628
0.662
0.41451
0.527986
0.208863
0.662
0.239813
0.662
0.0100928
0.280559
0.463055
0.662
0.662
0.276133
0.346283
0.376295
0.498393
0.373382
0.266255
0.311162
0.358811
0.662
0.187152
0.662
0.662
0.627231
0.239299
0.662
0.662
0.662
0.384129
0.662
0.30251
0.303305
0.463722
0.169823
0.185084
0.120873
0.662
0.432719
0.662
0.662
0.601456
0.0333883
0.189915
0.10757
0.0192895
0.662
0.662
0.308603
0.662
0.270869
0.662
0.062114
0.662
0.327746
0.0127543
0.662
0.105785
0.269553
0.662
0.413793
0.649115
0.327011
0.407692
0.374528
0.102747
0.281798
0.284516
0.662
0.415167
0.21318
0.0213265
0.198376
0.278921
0.16781
0.662
0.0574039
0.662
0.439411
0.662
0.662
0.406157
0.662
0.662
0.662
0.405109
0.445648
0.662
0.662
0.662
0.426144
0.374312
0.449809
0.662
0.662
0.350328
0.207305
0.662
0.63339
0.662
0.662
0.261298
0.662
0.317159
0.185361
0.352806
0.212493
0.662
0.662
0.335804
0.644979
0.345028
0.177984
0.357047
0.269667
0.259102
0.662
0.237045
0.662
0.34774
0.662
0.147528
0.155365
0.286015
0.662
0.372308
0.333047
0.662
0.124391
0.203878
0.278574
0.662
0.403208
0.662
0.346897
0.662
0.662
0.0782168
0.662
0.456479
0.100179
0.275669
0.521675
0.662
0.662
0.432837
0.118873
0.400931
0.419747
0.662
0.0293315
0.256063
0.662
0.336448
0.333491
0.305794
0.0404631
0.247323
0.215919
0.662
0.628462
0.30031
0.662
0.339748
0.279016
0.312283
0.251168
0.410203
0.196166
0.00100135
0.488438
0.662
0.662
0.662
0.662
0.205642
0.488327
0.662
0.662
0.402616
0.484764
0.586447
0.0287611
0.662
0.0491387
0.369099
0.214092
0.218714
0.662
0.246575
0.0475346
0.662
0.662
0.662
0.225335
0.208547
0.413415
0.408907
0.467791
0.338122
0.662
0.00526835
0.105437
0.322106
0.159823
0.662
0.38552
0.662
0.313653
0.209723
0.227519
0.662
0.0065591
0.234546
0.662
0.662
0.662
0.662
0.662
0.662
0.126553
0.662
0.662
0.662
0.059078
0.318926
0.662
0.0974905
0.662
0.0551646
0.41455
0.228341
0.662
0.12894
0.662
0.0905256
0.662
0.476441
0.407409
0.662
0.662
0.0781469
0.271071
0.386898
0.270163
0.426161
0.114808
0.662
0.395411
0.571482
0.0767718
0.238206
0.662
0.421027
0.662
0.372789
0.35316
0.662
0.535009
0.162375
0.662
0.059415
0.662
0.467914
0.476477
0.153969
0.24924
0.662
0.308554
0.662
0.0918086
0.662
0.458858
0.662
0.662
0.131379
0.336877
0.234112
0.360194
0.00304556
0.626145
0.662
0.662
0.662
0.242276
0.217461
0.023041
0.405351
0.192317
0.497854
0.662
0.249242
0.134523
0.416171
0.469061
0.19825
0.662
0.0891568
0.0871772
0.442817
0.438708
0.506772
0.33831
0.18414
0.105025
0.662
0.272969
0.19035
0.129651
0.201725
0.445127
0.380809
0.0888369
0.397367
0.0537311
0.662
0.136661
0.288445
0.662
0.235859
0.372055
0.599345
0.182462
0.143885
0.662
0.662
0.404661
0.0643194
0.662
0.269534
0.662
0.662
0.198276
0.662
0.662
0.260078
0.662
0.597052
0.211146
0.219896
0.0184547
0.662
0.515085
0.662
0.0952123
0.0466973
0.355071
0.182315
0.212452
0.662
0.128075
0.433296
0.56339
0.36937
0.487695
0.245686
0.662
0.662
0.662
0.198013
0.168719
0.662
0.468897
0.662
0.527143
0.456579
0.662
0.361627
0.265485
0.37224
0.564107
0.313788
0.662
0.022325
0.294796
0.238444
0.342589
0.543144
0.662
0.221289
0.355359
0.662
0.126813
0.662
0.662
0.256706
0.662
0.457148
0.35918
0.662
0.662
0.662
0.662
0.662
0.662
0.426771
0.662
0.190809
0.296602
0.662
0.356656
0.0142144
0.662
0.662
0.0213788
0.093653
0.107588
0.279335
0.188316
0.213358
0.662
0.242908
0.443724
0.353853
0.435803
0.662
0.662
0.248655
0.10956
0.662
0.662
0.0208105
0.662
0.662
0.240142
0.375996
0.662
0.0657672
0.662
0.356213
0.241317
0.468974
0.662
0.662
0.662
0.20703
0.177004
0.662
0.662
0.662
0.662
0.662
0.662
0.143187
0.328912
0.0465785
0.662
0.30327
0.662
0.662
0.662
0.417271
0.141236
0.662
0.662
0.662
0.638132
0.662
0.194837
0.340066
0.29849
0.0687368
0.662
0.246297
0.444436
0.662
0.662
0.132035
0.494221
0.662
0.228728
0.0976331
0.413776
0.662
0.262738
0.662
0.26439
0.34286
0.662
0.662
0.089221
0.0266923
0.662
0.472852
0.296846
0.283545
0.662
0.0770819
0.662
0.27178
0.287793
0.662
0.344977
0.210929
0.593715
0.360017
0.350046
0.548096
0.280896
0.662
0.0869577
0.200291
0.464638
0.396122
0.161178
0.662
0.662
0.35831
0.253023
0.490093
0.130265
0.662
0.662
0.127374
0.201303
0.662
0.325314
0.224288
0.662
0.0453256
0.262053
0.062792
0.662
0.198408
0.451843
0.0930937
0.662
0.662
0.662
0.226215
0.328182
0.662
0.205029
0.662
0.662
0.662
0.662
0.41427
0.133156
0.0846619
0.645932
0.354818
0.439633
0.595517
0.383663
0.105841
