0.413015
0.462081
0.662
0.269708
0.662
0.0474746
0.00644668
0.0983286
0.662
0.216014
0.662
0.662
0.284422
0.662
0.0203846
0.662
0.259872
0.662
0.619054
0.399408
0.356672
0.662
0.2959
0.273034
0.662
0.662
0.662
0.31623
0.146921
0.662
0.444997
0.343364
0.213022
0.365801
0.261734
0.0723216
0.32429
0.662
0.554868
0.662
0.179066
0.662
0.662
0.189297
0.344687
0.490329
0.308083
0.474365
0.447288
0.477672
0.240041
0.425196
0.662
0.662
0.215865
0.662
0.662
0.436201
0.662
0.149667
0.42827
0.662
0.229918
0.304481
0.293936
0.0274051
0.335307
0.176102
0.312766
0.335606
0.662
0.662
0.130923
0.407506
0.662
0.416711
0.233609
0.276956
0.333078
0.238683
0.24316
0.662
0.662
0.662
0.103277
0.370303
0.413699
0.0393422
0.257268
0.39508
0.443803
0.568096
0.0251312
0.326535
0.415533
0.0831582
0.662
0.42763
0.341296
0.143294
0.662
0.660104
0.465641
0.662
0.662
0.662
0.575227
0.662
0.193908
0.0527932
0.598292
0.0662826
0.662
0.298607
0.248771
0.39762
0.662
0.662
0.46056
0.0589978
0.442511
0.163364
0.662
0.662
0.662
0.437274
0.172839
0.0729762
0.53559
0.345355
0.147135
0.16746
0.662
0.23084
0.250229
0.0931346
0.662
0.355308
0.166135
0.452857
0.205976
0.429406
0.169959
0.565081
0.610427
0.216239
0.0912129
0.0989678
0.662
0.662
0.291475
0.0144542
0.252476
0.0997678
0.243185
0.662
0.253914
0.196391
0.662
0.457094
0.662
0.372889
0.38918
0.662
0.29949
0.0575664
0.662
0.178782
0.662
0.0867736
0.305062
0.0382981
0.375411
0.546947
0.662
0.293903
0.662
0.463581
0.614729
0.191515
0.662
0.662
0.662
0.662
0.320986
0.662
0.12017
0.306505
0.662
0.281086
0.662
0.478517
0.527215
0.246981
0.459702
0.394765
0.662
0.278783
0.0976754
0.188578
0.298174
0.271358
0.128079
0.662
0.169726
0.662
0.2107
0.662
0.481036
0.662
0.155303
0.662
0.662
0.26371
0.662
0.460476
0.391892
0.327962
0.662
0.662
0.662
0.443152
0.0689543
0.606928
0.211992
0.117854
0.470333
0.41111
0.662
0.120196
0.221298
0.662
0.315171
0.263026
0.549462
0.662
0.431314
0.243647
0.312545
0.24861
0.263886
0.662
0.196079
0.211937
0.662
0.211698
0.662
0.662
0.217527
0.304066
0.662
0.156676
0.662
0.662
0.662
0.391443
0.662
0.662
0.662
0.595612
0.662
0.19702
0.324502
0.539116
0.0162895
0.662
0.288694
0.066228
0.467258
0.216592
0.634484
0.662
0.302881
0.379481
0.514065
0.0654291
0.133216
0.662
0.164932
0.662
0.166858
0.543079
0.662
0.662
0.195643
0.123814
0.354878
0.14826
0.662
0.167604
0.335856
0.662
0.662
0.00436094
0.662
0.662
0.325184
0.0691465
0.410684
0.0106388
0.41611
0.100879
0.363059
0.172533
0.438649
0.104156
0.662
0.662
0.386541
0.662
0.662
0.360152
0.662
0.339501
0.337031
0.399996
0.207282
0.662
0.662
0.246177
0.662
0.432648
0.662
0.662
0.498627
0.277922
0.238154
0.261106
0.293132
0.662
0.563456
0.458649
0.2833
0.662
0.421701
0.309078
0.0128529
0.313515
0.0357522
0.00927306
0.284533
0.662
0.662
0.209902
0.495053
0.291575
0.662
0.662
0.662
0.02449
0.561601
0.662
0.662
0.441301
0.566461
0.430896
0.178471
0.549697
0.662
0.600059
0.285665
0.662
0.662
0.193337
0.562518
0.184487
0.0327294
0.102323
0.534107
0.662
0.448665
0.313029
0.662
0.662
0.208601
0.662
0.202063
0.189034
0.563453
0.395338
0.662
0.0857294
0.4142
0.164124
0.108635
0.662
0.476134
0.173658
0.662
0.294271
0.403303
0.573863
0.662
0.100963
0.0557749
0.161438
0.662
0.0278917
0.488816
0.662
0.0957498
0.325523
0.662
0.364128
0.380127
0.299303
0.433481
0.662
0.195716
0.261627
0.662
0.256639
0.44337
0.461299
0.251763
0.00259351
0.101484
0.662
0.662
0.662
0.465147
0.436572
0.41441
0.0510891
0.662
0.662
0.662
0.245159
0.662
0.662
0.0964707
0.662
0.0223977
0.662
0.662
0.0559048
0.508518
0.662
0.662
0.662
0.662
0.273761
0.662
0.207911
0.662
0.662
0.662
0.274361
0.662
0.662
0.411324
0.662
0.662
0.662
0.662
0.662
0.0670515
0.25699
0.171059
0.350462
0.133724
0.662
0.662
0.0343604
0.458345
0.137176
0.291562
0.599452
0.662
0.130853
0.289557
0.100193
0.292072
0.287562
0.197549
0.662
0.149202
0.662
0.662
0.575319
0.402165
0.384017
0.239642
0.343827
0.317118
0.465998
0.381994
0.662
0.0209664
0.662
0.196888
0.662
0.662
0.662
0.662
0.158181
0.201246
0.662
0.662
0.388916
0.662
0.0902906
0.193386
0.662
0.430492
0.222482
0.662
0.252594
0.312937
0.36233
0.662
0.662
0.0384304
0.31473
0.662
0.618948
0.246878
0.662
0.314494
0.189428
0.181411
0.45691
0.662
0.662
0.662
0.662
0.662
0.230692
0.260093
0.271801
0.154327
0.121611
0.662
0.529206
0.367202
0.366415
0.265753
0.662
0.662
0.292205
0.662
0.331015
0.662
0.662
0.662
0.662
0.187198
0.3975
0.247647
0.148443
0.662
0.297653
0.662
0.213248
0.335897
0.461694
0.662
0.662
0.0730385
0.662
0.193793
0.662
0.200718
0.551147
0.426083
0.662
0.608797
0.662
0.662
0.662
0.432126
0.662
0.345597
0.662
0.662
0.311412
0.662
0.473549
0.662
0.662
0.662
0.633391
0.398328
0.662
0.184088
0.608922
0.106659
0.320351
0.232075
0.363881
0.662
0.162807
0.460317
0.5649
0.125836
0.153718
0.440609
0.662
0.359395
0.662
0.662
0.662
0.227082
0.662
0.320677
0.198095
0.662
0.662
0.662
0.270493
0.662
0.24428
0.662
0.246275
0.170728
0.413728
0.155946
0.662
0.662
0.244956
0.662
0.662
0.431636
0.662
0.662
0.376508
0.224636
0.401366
0.447765
0.176142
0.260532
0.374862
0.662
0.22675
0.477543
0.278336
0.662
0.261227
0.461999
0.555854
0.0740054
0.662
0.340394
0.130383
0.494269
0.423139
0.662
0.476449
0.310782
0.465834
0.662
0.662
0.236771
0.467243
0.201363
0.195419
0.258931
0.451214
0.662
0.662
0.259724
0.662
0.18608
0.662
0.343051
0.662
0.390718
0.662
0.193718
0.662
0.165154
0.199792
0.165277
0.662
0.662
0.662
0.161284
0.275343
0.214427
0.662
0.191432
0.266392
0.348382
0.0312662
0.662
0.164343
0.662
0.0706909
0.662
0.662
0.397171
0.0658024
0.662
0.358703
0.662
0.147484
0.437236
0.0537494
0.662
0.280424
0.342902
0.421355
0.662
0.202711
0.662
0.662
0.210885
0.662
0.662
0.218466
0.0601341
0.662
0.051782
0.0212064
0.662
0.337742
0.198594
0.662
0.662
0.568007
0.276002
0.0130973
0.662
0.662
0.015339
0.463066
0.662
0.344194
0.471084
0.662
0.662
0.662
0.0717085
0.662
0.391196
0.662
0.575958
0.511724
0.25579
0.208263
0.662
0.458647
0.662
0.316615
0.0386708
0.423968
0.662
0.00223044
0.285941
0.202978
0.662
0.662
0.13231
0.662
0.27172
0.662
0.0358119
0.429677
0.150229
0.434788
0.3505
0.592031
0.180153
0.0785757
0.662
0.419186
0.662
0.067545
0.428877
0.662
0.662
0.52761
0.662
0.421143
0.662
0.662
0.246008
0.452846
0.305624
0.243481
0.662
0.662
0.251607
0.237106
0.662
0.662
0.355049
0.662
0.662
0.0305172
0.662
0.178263
0.662
0.662
0.56133
0.662
0.177463
0.662
0.139541
0.190105
0.325753
0.346823
0.46287
0.208538
0.219743
0.0607207
0.407077
0.662
0.662
0.120104
0.662
0.662
0.662
0.0561744
0.280614
0.269481
0.12803
0.662
0.401493
0.662
0.394134
0.662
0.441696
0.305219
0.236398
0.427738
0.492175
0.410747
0.662
0.531385
0.049517
0.662
0.662
0.270444
0.211262
0.399276
0.0082537
0.662
0.662
0.662
0.194657
0.0042106
0.433165
0.662
0.450416
0.342346
0.0419058
0.662
0.46163
0.636419
0.363358
0.156992
0.662
0.662
0.294118
0.478123
0.153691
0.479787
0.24882
0.276971
0.235006
0.662
0.0976254
0.662
0.662
0.0701106
0.662
0.445082
0.662
0.662
0.662
0.200382
0.662
0.366607
0.574839
0.662
0.0926144
0.662
0.271529
0.662
0.662
0.295607
0.264997
0.0580867
0.662
0.662
0.0146131
0.214192
0.662
0.41503
0.343724
0.474562
0.579524
0.423614
0.21096
0.662
0.117405
0.662
0.662
0.262822
0.510065
0.662
0.662
0.58195
0.104905
0.143313
0.662
0.662
0.303379
0.224374
0.662
0.240835
0.133534
0.143372
0.662
0.662
0.662
0.662
0.0516652
0.117832
0.652823
0.662
0.662
0.100652
0.0725947
0.662
0.662
0.662
0.662
0.128499
0.131661
0.662
0.662
0.358583
0.662
0.662
0.190176
0.662
0.310799
0.0859822
0.373724
0.662
0.43689
0.348421
0.11194
0.662
0.0737056
0.119497
0.188151
0.149642
0.349671
0.354862
0.561699
0.662
0.101739
0.662
0.067788
0.274823
0.278776
0.662
0.0602097
0.662
0.0805591
0.0173522
0.0119501
0.662
0.315194
0.662
0.662
0.492397
0.378172
0.662
0.662
0.662
0.662
0.662
0.662
0.110356
0.662
0.662
0.662
0.662
0.662
0.662
0.539048
0.256942
0.0144377
0.467147
0.452379
0.368556
0.662
0.144196
0.662
0.285455
0.253189
0.31681
0.258062
0.32945
0.662
0.659897
0.242426
0.662
0.241819
0.101308
0.483836
0.662
0.662
0.420296
0.662
0.465123
0.662
0.662
0.662
0.662
0.662
0.662
0.662
0.270276
0.357407
0.214591
0.662
0.014503
0.177627
0.0437182
0.192355
0.662
0.662
0.662
0.170492
0.379909
0.0139206
0.32702
0.390114
0.662
0.662
0.458994
0.488195
0.259349
0.372619
0.662
0.309858
0.00974962
0.126302
0.662
0.243279
0.22175
0.389783
0.662
0.420726
0.359637
0.274602
0.662
0.662
0.614231
0.614887
0.662
0.662
0.516052
0.333078
0.662
0.203466
0.662
0.0921486
0.662
0.397534
0.305478
0.662
0.662
0.662
0.309909
0.662
0.270896
0.408738
0.117596
0.216957
0.119382
0.2387
0.505432
0.474684
0.197109
0.290387
0.662
0.424627
0.146977
0.148293
0.124466
0.662
0.153879
0.349275
0.478932
0.0435675
0.662
0.0487814
0.0468323
0.460378
0.662
0.662
0.193282
0.478142
0.162376
0.422162
0.662
0.662
0.245845
0.396968
0.662
0.403004
0.557052
0.47466
0.148755
0.662
0.181312
0.524518
0.326774
0.662
0.484516
0.261146
0.28577
0.545143
0.662
0.662
0.170054
0.106074
0.336465
0.280858
0.662
0.334604
0.212695
0.20722
0.291611
0.574152
0.148431
0.0469309
0.662
0.050007
0.662
0.662
0.195017
0.295321
0.275958
0.242702
0.662
0.112511
0.471632
0.39158
0.662
0.662
0.662
0.248666
0.1807
0.0659932
0.123885
0.265954
0.662
0.662
0.354245
0.477683
0.662
0.662
0.431834
0.224334
0.367696
0.276366
0.592702
0.662
0.419528
0.0544827
0.353384
0.141044
0.096286
0.20538
0.662
0.562852
0.336797
0.662
0.662
0.231405
0.662
0.662
0.359745
0.628306
0.268729
0.318745
0.377598
0.662
0.662
0.00519181
0.114217
0.662
0.406481
0.662
0.0862198
0.320708
0.158266
0.211054
0.240274
0.479018
0.184707
0.662
0.662
0.0166002
0.662
0.662
0.235739
0.662
0.115252
0.0752231
0.662
0.662
0.106672
0.653187
0.190663
0.662
0.529424
0.662
0.309719
0.662
0.516334
0.201582
0.0954548
0.404012
0.662
0.192
0.662
0.662
0.424068
0.441773
0.662
0.231939
0.297414
0.662
0.345693
0.134685
0.662
0.409291
0.662
0.00679339
0.122141
0.134929
0.0183642
0.662
0.260241
0.662
0.662
0.400663
0.100653
0.662
0.662
0.662
0.381035
0.411343
0.662
0.328899
0.478765
0.400914
0.0958377
0.662
0.662
0.662
0.396102
0.662
0.385609
0.662
0.662
0.3258
0.662
0.662
0.22434
0.662
0.662
0.409558
0.0544129
0.167643
0.662
0.662
0.662
0.662
0.212569
0.39279
0.662
0.158906
0.662
0.662
0.50637
0.662
0.408002
0.308968
0.0734891
0.662
0.256963
0.257069
0.662
0.329246
0.514576
0.662
0.414087
0.662
0.662
0.197354
0.662
0.662
0.662
0.662
0.230532
0.123199
0.272938
0.662
0.00783025
0.392383
0.662
0.366705
0.662
0.662
0.662
0.320463
0.662
0.662
0.662
0.378812
0.338654
0.405404
0.375525
0.465943
0.662
0.662
0.662
0.662
0.17884
0.662
0.662
0.662
0.662
0.662
0.310814
0.112098
0.376857
0.662
0.234381
0.187693
0.156026
0.336693
0.662
0.441691
0.560268
0.662
0.662
0.21187
0.662
0.662
0.266322
0.662
0.468633
0.406752
0.380112
0.662
0.662
0.662
0.662
0.151951
0.356346
0.0170523
0.662
0.231624
0.662
0.662
0.341866
0.121774
0.367255
0.363327
0.430174
0.244586
0.302305
0.00113587
0.342871
0.662
0.296886
0.662
0.36997
0.185121
0.662
0.402343
0.657703
0.662
0.0661192
0.662
0.662
0.662
0.222063
0.662
0.662
0.160506
0.140074
0.278026
0.590159
0.0434007
0.662
0.662
0.662
0.191663
0.220463
0.662
0.609762
0.451297
0.662
0.191856
0.0228377
0.010265
0.662
0.416889
0.01324
0.189821
0.592599
0.413412
0.662
0.244441
0.633391
0.662
0.662
0.136944
0.219691
0.338481
0.271684
0.213955
0.445576
0.662
0.662
0.662
0.119471
0.428089
0.662
0.307051
0.221161
0.662
0.662
0.662
0.35961
0.424882
0.359062
0.662
0.193672
0.392941
0.662
0.631862
0.662
0.327298
0.355418
0.662
0.0463983
0.156293
0.191406
0.424603
0.662
0.662
0.472577
0.197223
0.662
0.47458
0.199954
0.662
0.662
0.420053
0.0655238
0.464144
0.0784023
0.662
0.147242
0.662
0.312744
0.0926877
0.0119259
0.105636
0.283632
0.355726
0.662
0.259348
0.353442
0.582292
0.662
0.193218
0.662
0.662
0.578757
0.364591
0.276732
0.662
0.34825
0.662
0.577749
0.662
0.456167
0.662
0.259729
0.662
0.118953
0.102335
0.128261
0.662
0.0476954
0.421094
0.662
0.109858
0.306771
0.662
0.662
0.331568
0.439783
0.62942
0.596044
0.418714
0.455291
0.662
0.662
0.662
0.451927
0.116954
0.0366758
0.101008
0.215121
0.662
0.11539
0.426995
0.0634018
0.179464
0.662
0.662
0.0204537
0.406972
0.336951
0.0580003
0.662
0.595317
0.296714
0.242098
0.662
0.246305
0.466758
0.662
0.231666
0.0649861
0.25419
0.662
0.268223
0.426652
0.662
0.662
0.151431
0.662
0.662
0.662
0.662
0.662
0.0223662
0.553049
0.460057
0.662
0.120199
0.0447497
0.228413
0.662
0.310457
0.414262
0.662
0.662
0.197109
0.375619
0.662
0.662
0.662
0.662
0.662
0.662
0.662
0.30581
0.606133
0.282147
0.354167
0.662
0.0279989
0.0770077
0.0436641
0.178458
0.662
0.662
0.662
0.662
0.342032
0.225634
0.239046
0.102072
0.662
0.179207
0.562848
0.662
0.662
0.662
0.662
0.662
0.662
0.62458
0.195982
0.662
0.0157888
0.662
0.147274
0.323047
0.249684
0.204987
0.662
0.136514
0.662
0.662
0.662
0.472409
0.662
0.662
0.267374
0.140496
0.158155
0.662
0.243273
0.662
0.118081
0.662
0.151689
0.63339
0.421566
0.286495
0.0769658
0.662
0.662
0.662
0.310612
0.662
0.0862767
0.133857
0.662
0.662
0.483331
0.354537
0.662
0.662
0.438771
0.275169
0.322603
0.662
0.477027
0.203722
0.196005
0.550307
0.279134
0.270278
0.662
0.662
0.377628
0.357686
0.573292
0.662
0.329052
0.662
0.202705
0.662
0.205293
0.377539
0.278602
0.662
0.26431
0.662
0.106274
0.181981
0.662
0.299921
0.662
0.126045
0.662
0.281459
0.662
0.363361
0.662
0.185327
0.059641
0.32544
0.418522
0.662
0.324252
0.209023
0.192251
0.324413
0.0972463
0.662
0.18909
0.219025
0.533796
0.662
0.662
0.662
0.662
0.0339518
0.423267
0.662
0.131345
0.237443
0.662
0.255583
0.662
0.172852
0.273859
0.47742
0.316571
0.662
0.198322
0.662
0.662
0.421367
0.662
0.104775
0.662
0.29795
0.593817
0.662
0.662
0.662
0.197417
0.257288
0.662
0.302731
0.410677
0.662
0.662
0.662
0.285997
0.662
0.384393
0.332205
0.662
0.174002
0.662
0.662
0.662
0.662
0.331791
0.662
0.198518
0.192245
0.468785
0.591288
0.469743
0.0266398
0.662
0.382659
0.662
0.219466
0.264419
0.0727223
0.662
0.342789
0.451489
0.583531
0.409121
0.662
0.555322
0.144334
0.662
0.327669
0.364038
0.662
0.662
0.209365
0.214763
0.426406
0.0325661
0.0301246
0.662
0.662
0.662
0.338055
0.662
0.289256
0.662
0.662
0.12412
0.662
0.177262
0.662
0.662
0.149706
0.206915
0.662
0.0422631
0.147348
0.00266413
0.662
0.352047
0.662
0.662
0.662
0.248205
0.290454
0.662
0.15565
0.662
0.662
0.0426605
0.469186
0.662
0.307085
0.0897331
0.662
0.0890678
0.159915
0.0119443
0.351304
0.662
0.429247
0.662
0.662
0.403133
0.662
0.0967044
0.166082
0.327519
0.477525
0.21281
0.662
0.055244
0.662
0.22622
0.662
0.169628
0.13297
0.0978664
0.460879
0.237655
0.222567
0.662
0.662
0.662
0.662
0.101853
0.259281
0.662
0.222938
0.143525
0.662
0.662
0.662
0.662
0.133671
0.187251
0.662
0.349387
0.23435
0.0538303
0.336667
0.405445
0.0247716
0.662
0.662
0.662
0.662
0.195011
0.183181
0.349721
0.662
0.0821476
0.244811
0.662
0.662
0.134229
0.199733
0.339684
0.550407
0.275195
0.662
0.662
0.186134
0.662
0.298403
0.166057
0.220488
0.15726
0.143852
0.259475
0.662
0.662
0.295533
0.662
0.118644
0.381961
0.662
0.662
0.362396
0.316828
0.662
0.360294
0.662
0.0685086
0.158585
0.247836
0.245146
0.2935
0.662
0.2635
0.181312
0.662
0.138854
0.21343
0.4063
0.122475
0.662
0.141548
0.417504
0.662
0.662
0.474947
0.662
0.662
0.297229
0.662
0.662
0.662
0.290228
0.452942
0.403061
0.625625
0.21103
0.0789004
0.258643
0.662
0.662
0.662
0.290932
0.662
0.204773
0.448597
0.662
0.662
0.655574
0.382832
0.480912
0.4245
0.210344
0.662
0.620555
0.212545
0.471109
0.0514281
0.662
0.322697
0.662
0.662
0.097419
0.425579
0.662
0.662
0.436243
0.427673
0.406577
0.46857
0.254765
0.662
0.662
0.662
0.574526
0.0758393
0.259934
0.662
0.204106
0.476042
0.662
0.222385
0.310319
0.0530935
0.662
0.42194
0.662
0.662
0.204224
0.273012
0.342137
0.662
0.662
0.137538
0.662
0.36831
0.662
0.0750176
0.662
0.496196
0.448526
0.662
0.272022
0.299251
0.119153
0.0747986
0.101468
0.542877
0.034973
0.662
0.440753
0.662
0.0179496
0.215545
0.662
0.306421
0.662
0.662
0.662
0.194811
0.662
0.362982
0.524557
0.327334
0.662
0.163949
0.662
0.443195
0.662
0.329865
0.355143
0.582641
0.180001
0.662
0.662
0.302638
0.324733
0.316465
0.205311
0.132182
0.30184
0.662
0.662
0.662
0.212434
0.314447
0.135267
0.161577
0.230086
0.228699
0.662
0.260264
0.0589502
0.296722
0.129853
0.662
0.50095
0.213131
0.3087
0.0122733
0.301598
0.362331
0.662
0.662
0.662
0.662
0.182459
0.662
0.534651
0.662
0.312993
0.325241
0.135474
0.662
0.221404
0.662
0.150295
0.490978
0.190327
0.0474202
0.567399
0.0261158
0.662
0.662
0.662
0.120734
0.0308282
0.243515
0.441785
0.662
0.336834
0.351506
0.0573519
0.43694
0.662
0.40592
0.0944157
0.662
0.196763
0.223157
0.662
0.196803
0.37004
0.662
0.662
0.314944
0.260346
0.662
0.0860128
0.662
0.662
0.486191
0.662
0.662
0.662
0.512626
0.662
0.0263214
0.662
0.436256
0.662
0.257733
0.0553029
0.216569
0.662
0.175728
0.529607
0.19906
0.595564
0.662
0.662
0.662
0.662
0.047241
0.0115712
0.662
0.662
0.401929
0.662
0.662
0.662
0.490035
0.404667
0.450114
0.107144
0.662
0.293788
0.662
0.0700816
0.662
0.235635
0.662
0.507395
0.0319123
0.662
0.107469
0.501612
0.218001
0.293681
0.662
0.662
0.662
0.662
0.283033
0.662
0.476741
0.506649
0.315278
0.662
0.495167
0.41505
0.662
0.299735
0.662
0.124533
0.0519756
0.170718
0.309266
0.662
0.388939
0.137629
0.29341
0.249969
0.609932
0.662
0.465448
0.332891
0.410273
0.380539
0.0457009
0.565481
0.0612442
0.662
0.257651
0.193729
0.368692
0.537932
0.563677
0.235009
0.37729
0.662
0.247723
0.248404
0.662
0.662
0.0770605
0.662
0.662
0.278183
0.662
0.156052
0.0468201
0.297778
0.162456
0.662
0.0499064
0.144136
0.662
0.662
0.20562
0.210266
0.517105
0.329537
0.0623795
0.480372
0.246583
0.662
0.222721
0.662
0.236185
0.662
0.118771
0.662
0.496997
0.468769
0.662
0.266268
0.662
0.662
0.0921829
0.377962
0.251608
0.348674
0.00313781
0.662
0.221753
0.459254
0.259177
0.0229976
0.662
0.662
0.552207
0.239415
0.584423
0.662
0.397956
0.290422
0.281728
0.324132
0.202087
0.662
0.662
0.0951581
0.662
0.662
0.662
0.136306
0.358497
0.15322
0.604395
0.662
0.662
0.633391
0.453714
0.662
0.344745
0.247227
0.662
0.370385
0.539241
0.662
0.662
0.662
0.377972
0.324675
0.662
0.211036
0.662
0.475828
0.662
0.251294
0.241806
0.662
0.435434
0.662
0.423372
0.451578
0.237369
0.224395
0.481762
0.0487324
0.233291
0.404173
0.409681
0.168303
0.662
0.0915831
0.662
0.662
0.440575
0.274194
0.662
0.205538
0.427293
0.000443052
0.0216371
0.662
0.217596
0.086156
0.60078
0.662
0.662
0.251561
0.122705
0.130266
0.662
0.662
0.662
0.335693
0.662
0.56747
0.366693
0.119985
0.635118
0.288143
0.262363
0.662
0.0107853
0.414227
0.428417
0.662
0.284692
0.0538134
0.662
0.465142
0.662
0.223367
0.342626
0.662
0.114751
0.258728
0.662
0.662
0.662
0.238631
0.662
0.662
0.437399
0.566503
0.122883
0.0524649
0.662
0.0109318
0.326832
0.0516019
0.0927515
0.277684
0.150876
0.662
0.662
0.662
0.662
0.205438
0.662
0.444705
0.662
0.662
0.220402
0.11686
0.662
0.662
0.3146
0.271339
0.662
0.226491
0.662
0.662
0.0894414
0.662
0.309269
0.162057
0.662
0.295143
0.445126
0.104156
0.200839
0.662
0.00587245
0.0353711
0.435727
0.662
0.46911
0.662
0.662
0.662
0.662
0.250838
0.124137
0.662
0.476404
0.662
0.662
0.662
0.0863587
0.058439
0.125503
0.060142
0.662
0.591227
0.408398
0.443911
0.662
0.341262
0.1096
0.203618
0.267725
0.207584
0.662
0.119731
0.247699
0.123421
0.471081
0.540839
0.249818
0.475772
0.548784
0.662
0.0371837
0.0396132
0.307249
0.662
0.662
0.643115
0.0330497
0.662
0.187172
0.433264
0.494785
0.463468
0.662
0.30762
0.160805
0.281674
0.193672
0.151936
0.662
0.226656
0.567926
0.662
0.186629
0.302761
0.0368385
0.662
0.354968
0.662
0.222776
0.662
0.662
0.104226
0.19391
0.282958
0.373912
0.662
0.662
0.391706
0.662
0.0259561
0.225934
0.12686
0.662
0.567933
0.662
0.662
0.0777972
0.662
0.191891
0.662
0.662
0.662
0.662
0.316159
0.478944
0.0386838
0.324302
0.0851915
0.178159
0.662
0.11316
0.662
0.216658
0.662
0.205766
0.662
0.305222
0.662
0.662
0.662
0.212939
0.662
0.33916
0.366813
0.26741
0.257331
0.186045
0.446204
0.533195
0.00978573
0.123376
0.159504
0.662
0.662
0.662
0.662
0.102645
0.662
0.514469
0.662
0.411364
0.467252
0.662
0.435025
0.662
0.145281
0.662
0.662
0.474213
0.393599
0.245085
0.662
0.662
0.662
0.662
0.209462
0.37182
0.303487
0.652881
0.289362
0.662
0.48646
0.15473
0.662
0.662
0.662
0.662
0.662
0.0640925
0.316947
0.662
0.662
0.466716
0.172199
0.662
0.662
0.170828
0.498601
0.662
0.400157
0.228735
0.662
0.662
0.662
0.0240635
0.157437
0.25255
0.198721
0.625838
0.662
0.662
0.235242
0.261087
0.662
0.0472872
0.497098
0.452025
0.197144
0.164143
0.497451
0.0781253
0.313042
0.662
0.434302
0.204631
0.132643
0.421402
0.227104
0.381336
0.662
0.276836
0.165304
0.433254
0.116047
0.210886
0.369801
0.662
0.488444
0.0429868
0.662
0.321117
0.662
0.231668
0.418301
0.662
0.323723
0.45626
0.662
0.245862
0.662
0.0621038
0.662
0.291634
0.318669
0.00827254
0.347921
0.586967
0.0960361
0.196371
0.186361
0.560258
0.662
0.185723
0.294663
0.220501
0.140491
0.662
0.662
0.289875
0.33091
0.662
0.323036
0.343265
0.0534024
0.223507
0.00297779
0.46764
0.662
0.591732
0.366841
0.298548
0.662
0.588893
0.662
0.0355881
0.289327
0.662
0.450531
0.207227
0.227186
0.359491
0.662
0.0816346
0.662
0.662
0.179037
0.662
0.453884
0.662
0.254696
0.60438
0.662
0.16927
0.662
0.662
0.188125
0.662
0.662
0.662
0.0599811
0.267979
0.662
0.662
0.307824
0.137892
0.0421645
0.178898
0.662
0.274475
0.662
0.226191
0.4442
0.0700674
0.0593157
0.662
0.328353
0.293691
0.390772
0.410038
0.31556
0.184827
0.662
0.662
0.662
0.3286
0.384757
0.368265
0.662
0.662
0.278835
0.22494
0.662
0.662
0.43581
0.65817
0.662
0.197733
0.662
0.035528
0.0252105
0.662
0.168415
0.530132
0.0685116
0.662
0.662
0.662
0.246323
0.662
0.30457
0.309815
0.662
0.662
0.662
0.198119
0.397055
0.662
0.662
0.182795
0.222171
0.414816
0.248326
0.650621
0.597542
0.431247
0.0672926
0.354438
0.413935
0.417435
0.356704
0.662
0.662
0.122602
0.662
0.0274946
0.662
0.662
0.399999
0.662
0.662
0.209416
0.662
0.261036
0.662
0.431156
0.416271
0.662
0.157134
0.662
0.662
0.0237467
0.662
0.662
0.662
0.662
0.662
0.662
0.662
0.310558
0.662
0.662
0.216614
0.456108
0.401377
0.197241
0.553053
0.662
0.282782
0.662
0.662
0.662
0.662
0.0597991
0.198321
0.662
0.289595
0.662
0.662
0.662
0.526413
0.154779
0.0602417
0.436307
0.451825
0.00573625
0.22047
0.0166694
0.351342
0.642044
0.662
0.250467
0.662
0.453342
0.0309875
0.662
0.126021
0.662
0.308737
0.195225
0.220874
0.191329
0.378854
0.662
0.387264
0.4585
0.410511
0.235676
0.380388
0.230209
0.437564
0.240821
0.662
0.476551
0.306233
0.455479
0.442918
0.304622
0.200548
0.235713
0.472349
0.208386
0.4699
0.662
0.662
0.426417
0.469118
0.263466
0.662
0.662
0.662
0.662
0.00860471
0.662
0.662
0.530143
0.207111
0.662
0.174281
0.15039
0.242419
0.662
0.662
0.662
0.412169
0.662
0.190024
0.345222
0.662
0.380322
0.456118
0.0500957
0.662
0.378915
0.322406
0.357776
0.228317
0.302602
0.662
0.662
0.662
0.662
0.662
0.662
0.191891
0.112842
0.197787
0.662
0.662
0.212652
0.662
0.662
0.662
0.662
0.0934131
0.662
0.662
0.192873
0.662
0.158808
0.340438
0.0481782
0.662
0.662
0.372826
0.662
0.236511
0.411515
0.032701
0.662
0.420392
0.189096
0.155741
0.662
0.464065
0.662
0.662
0.278835
0.137342
0.662
0.662
0.662
0.662
0.42618
0.662
0.662
0.662
0.142809
0.662
0.662
0.662
0.409545
0.222996
0.305405
0.319791
0.662
0.618349
0.232806
0.662
0.302945
0.304985
0.0166782
0.230402
0.662
0.385777
0.662
0.00351277
0.662
0.412163
0.417411
0.662
0.662
0.0128266
0.662
0.662
0.248755
0.0396876
0.377198
0.662
0.099661
0.479993
0.0723319
0.662
0.602657
0.117458
0.545561
0.662
0.169017
0.150232
0.619362
0.0709701
0.662
0.662
0.335638
0.414085
0.412776
0.362476
0.0235588
0.662
0.662
0.207822
0.301622
0.662
0.662
0.217224
0.294605
0.662
0.517594
0.423001
0.400994
0.0862205
0.662
0.422152
0.193565
0.662
0.0911406
0.313769
0.662
0.662
0.499127
0.238218
0.662
0.116448
0.365751
0.319762
0.0182478
0.404275
0.662
0.662
0.662
0.282241
0.247189
0.662
0.662
0.00430128
0.0796093
0.662
0.662
0.662
0.662
0.662
0.662
0.662
0.451431
0.443486
0.358736
0.662
0.31785
0.662
0.662
0.319263
0.662
0.662
0.268761
0.662
0.662
0.122656
0.365696
0.662
0.38694
0.662
0.178988
0.662
0.155233
0.662
0.662
0.662
0.17502
0.662
0.662
0.211575
0.20796
0.317932
0.662
0.14692
0.662
0.662
0.662
0.0828606
0.662
0.329184
0.237558
0.350875
0.662
0.49373
0.47216
0.0135908
0.662
0.193462
0.180387
0.13241
0.223115
0.662
0.662
0.000429372
0.662
0.662
0.131303
0.242359
0.391108
0.662
0.160304
0.236005
0.483521
0.0841493
0.298884
0.235743
0.0385081
0.58881
0.662
0.662
0.662
0.662
0.662
0.64505
0.314294
0.563929
0.533748
0.662
0.311024
0.662
0.662
0.662
0.662
0.662
0.662
0.662
0.234947
0.662
0.251873
0.548792
0.40318
0.662
0.662
0.662
0.47251
0.383533
0.0284564
0.257391
0.662
0.430728
0.235665
0.662
0.527438
0.662
0.662
0.662
0.662
0.662
0.0205401
0.233424
0.405859
0.662
0.328974
0.662
0.662
0.489341
0.00382651
0.662
0.385271
0.662
0.662
0.662
0.247428
0.662
0.662
0.104816
0.662
0.662
0.315457
0.267793
0.268631
0.123771
0.133305
0.132506
0.351478
0.0856989
0.303251
0.662
0.662
0.662
0.237261
0.662
0.421209
0.662
0.0437467
0.345313
0.662
0.290831
0.662
0.662
0.480097
0.280864
0.20922
0.662
0.419514
0.328893
0.662
0.340799
0.310429
0.33064
0.211252
0.451062
0.0641329
0.239811
0.662
0.519346
0.629532
0.662
0.662
0.662
0.662
0.121656
0.229337
0.104907
0.193236
0.162316
0.169283
0.662
0.662
0.419184
0.662
0.00579766
0.662
0.373449
0.207402
0.662
0.222741
0.00124168
0.528542
0.530778
0.365811
0.265844
0.40838
0.314773
0.662
0.0297154
0.662
0.27282
0.662
0.44417
0.355946
0.2199
0.345115
0.0412362
0.662
0.108802
0.662
0.15836
0.077425
0.129947
0.252335
0.662
0.486214
0.662
0.662
0.526454
0.250271
0.662
0.662
0.662
0.304669
0.662
0.662
0.662
0.196131
0.662
0.0106951
0.662
0.662
0.406754
0.475438
0.159056
0.662
0.662
0.48074
0.133732
0.662
0.662
0.662
0.662
0.154058
0.662
0.307714
0.434095
0.662
0.662
0.070575
0.000785285
0.222611
0.438897
0.662
0.362682
0.662
0.132015
0.240693
0.0497135
0.461905
0.00196013
0.299269
0.0544699
0.0669167
0.152032
0.662
0.305632
0.0770379
0.27529
0.24232
0.662
0.662
0.193594
0.32517
0.231973
0.662
0.662
0.420485
0.662
0.662
0.662
0.662
0.0528649
0.174547
0.197898
0.300794
0.662
0.203528
0.662
0.662
0.662
0.662
0.37951
0.377321
0.662
0.220569
0.662
0.662
0.662
0.218656
0.662
0.662
0.400984
0.0693098
0.199847
0.356323
0.662
0.137243
0.0560465
0.135606
0.662
0.595697
0.662
0.187262
0.662
0.288668
0.640922
0.32387
0.590037
0.662
0.21523
0.328031
0.662
0.269761
0.358367
0.0737222
0.0648226
0.46869
0.218785
0.211054
0.662
0.662
0.283406
0.157965
0.408421
0.662
0.281315
0.662
0.131263
0.662
0.662
0.121429
0.0160067
0.160498
0.662
0.482192
0.493749
0.200899
0.364303
0.237692
0.662
0.662
0.662
0.336667
0.662
0.196606
0.432639
0.097905
0.662
0.662
0.0994189
0.662
0.205257
0.291848
0.662
0.352503
0.662
0.00738059
0.381801
0.662
0.285481
0.501628
0.0709538
0.662
0.635592
0.122745
0.662
0.113092
0.662
0.662
0.662
0.662
0.534788
0.141259
0.662
0.422371
0.314972
0.662
0.662
0.65736
0.104436
0.662
0.216805
0.662
0.662
0.0612461
0.630773
0.108177
0.388441
0.1315
0.447265
0.434364
0.211945
0.145074
0.464052
0.00723021
0.464342
0.412925
0.458633
0.662
0.376333
0.548725
0.662
0.329235
0.462416
0.465769
0.662
0.39502
0.0375638
0.186682
0.233096
0.662
0.402685
0.662
0.234854
0.19816
0.662
0.176162
0.149662
0.662
0.154339
0.662
0.0117115
0.662
0.662
0.366547
0.487786
0.191349
0.451077
0.662
0.662
0.662
0.662
0.252154
0.662
0.662
0.448941
0.662
0.233494
0.385794
0.662
0.662
0.451344
0.576911
0.662
0.348717
0.662
0.33145
0.603593
0.371073
0.662
0.662
0.662
0.662
0.662
0.130963
0.662
0.537729
0.320092
0.487452
0.662
0.466669
0.662
0.272204
0.340125
0.662
0.662
0.662
0.15714
0.662
0.662
0.662
0.662
0.188699
0.169819
0.662
0.207585
0.218885
0.662
0.239871
0.662
0.156558
0.154131
0.264806
0.662
0.662
0.16871
0.662
0.126816
0.662
0.662
0.0494351
0.444748
0.172115
0.662
0.335855
0.662
0.167263
0.662
0.662
0.190687
0.167452
0.267595
0.327061
0.662
0.474636
0.197202
0.0308401
0.612576
0.662
0.662
0.662
0.0390766
0.348834
0.0795307
0.293986
0.662
0.162661
0.662
0.662
0.662
0.662
0.662
0.228987
0.130482
0.662
0.662
0.52751
0.662
0.662
0.662
0.662
0.210816
0.437921
0.257252
0.0131153
0.00644543
0.662
0.520472
0.315553
0.662
0.662
0.184763
0.662
0.662
0.079269
0.638672
0.416733
0.141179
0.000500532
0.218973
0.662
0.425086
0.253807
0.662
0.413891
0.62543
0.274315
0.0988889
0.662
0.337711
0.241294
0.223094
0.662
0.662
0.341141
0.21258
0.193156
0.190207
0.182988
0.662
0.22038
0.281529
0.112814
0.662
0.319681
0.368282
0.662
0.662
0.632012
0.662
0.469067
0.662
0.411378
0.251776
0.662
0.435528
0.510225
0.662
0.662
0.351482
0.662
0.64484
0.662
0.0312302
0.662
0.211397
0.352977
0.178072
0.662
0.284672
0.662
0.184562
0.662
0.195538
0.553192
0.300331
0.0374254
0.276222
0.662
0.336593
0.328038
0.662
0.355495
0.262386
0.269132
0.544664
0.291286
0.662
0.524433
0.00744627
0.547375
0.41597
0.514903
0.662
0.0360027
0.147633
0.341923
0.662
0.662
0.20633
0.662
0.662
0.662
0.415369
0.354644
0.183343
0.662
0.342919
0.26007
0.662
0.405171
0.382598
0.220818
0.0440807
0.662
0.260002
0.555034
0.124794
0.595952
0.392342
0.662
0.360251
0.662
0.491132
0.308969
0.258219
0.662
0.662
0.662
0.109002
0.499615
0.538828
0.122291
0.662
0.662
0.662
0.553847
0.297399
0.314602
0.662
0.126753
0.0221005
0.0483942
0.662
0.090684
0.126529
0.0817124
0.203892
0.662
0.124676
0.0193556
0.366643
0.662
0.592723
0.662
0.17225
0.52452
0.662
0.662
0.598546
0.662
0.109895
0.00607626
0.250734
0.336604
0.193097
0.263816
0.662
0.662
0.397842
0.107478
0.138807
0.039223
0.662
0.116297
0.355988
0.0375868
0.451626
0.110036
0.662
0.608663
0.207363
0.662
0.164619
0.662
0.177863
0.662
0.0174403
0.375707
0.0288018
0.156843
0.662
0.662
0.311546
0.662
0.662
0.662
0.34972
0.357459
0.662
0.116512
0.543567
0.637556
0.629809
0.662
0.277017
0.662
0.662
0.00133547
0.274651
0.515499
0.662
0.00762783
0.13059
0.213141
0.235863
0.44215
0.321467
0.306927
0.282708
0.43796
0.279564
0.662
0.243169
0.662
0.376039
0.282461
0.429067
0.662
0.393746
0.214015
0.662
0.662
0.662
0.627047
0.210736
0.662
0.662
0.662
0.662
0.662
0.662
0.446029
0.662
0.602115
0.101679
0.662
0.118113
0.662
0.222506
0.386365
0.202479
0.290753
0.661496
0.31667
0.156616
0.570832
0.662
0.0345532
0.288842
0.662
0.0129057
0.237421
0.324498
0.662
0.662
0.662
0.018787
0.662
0.236299
0.662
0.662
0.1475
0.662
0.662
0.315329
0.546558
0.662
0.165729
0.662
0.662
0.165481
0.654737
0.662
0.592847
0.249378
0.441777
0.662
0.266654
0.662
0.662
0.160936
0.612295
0.662
0.473205
0.0163423
0.530004
0.182568
0.279626
0.238621
0.662
0.366196
0.662
0.493109
0.235997
0.462351
0.662
0.662
0.662
0.662
0.199948
0.247756
0.276944
0.095371
0.0843057
0.662
0.662
0.123828
0.32098
0.204225
0.662
0.356919
0.662
0.0655443
0.197386
0.424758
0.277858
0.316121
0.662
0.637907
0.662
0.198217
0.170062
0.383044
0.0510559
0.662
0.662
0.662
0.37903
0.280111
0.662
0.25186
0.0507029
0.145438
0.117503
0.35554
0.311688
0.662
0.662
0.662
0.358841
0.339912
0.662
0.339933
0.499946
0.457859
0.662
0.465321
0.205352
0.662
0.270341
0.219645
0.662
0.662
0.662
0.662
0.263755
0.198825
0.662
0.172422
0.030322
0.339117
0.377514
0.412676
0.589281
0.662
0.425224
0.193237
0.662
0.188232
0.287292
0.662
0.127192
0.0692622
0.662
0.254616
0.662
0.662
0.166022
0.232904
0.249047
0.346779
0.482879
0.411781
0.462266
0.662
0.662
0.662
0.662
0.330479
0.0572225
0.662
0.257756
0.662
0.488368
0.265093
0.121409
0.662
0.379561
0.49739
0.295911
0.205927
0.662
0.662
0.0975364
0.662
0.662
0.284229
0.539041
0.0160326
0.465805
0.662
0.0978962
0.44215
0.662
0.662
0.218128
0.332648
0.662
0.264305
0.272913
0.282401
0.222959
0.662
0.319379
0.2709
0.106655
0.364472
0.662
0.052045
0.345434
0.662
0.662
0.370283
0.662
0.623713
0.325889
0.662
0.662
0.11703
0.662
0.662
0.436587
0.253456
0.662
0.399369
0.399554
0.0113412
0.183597
0.411564
0.45018
0.0861661
0.662
0.267373
0.662
0.208403
0.481468
0.234108
0.301193
0.36171
0.662
0.0324968
0.0449121
0.211957
0.662
0.662
0.214036
0.29099
0.662
0.26514
0.378739
0.662
0.134955
0.454375
0.662
0.662
0.662
0.662
0.662
0.00440743
0.276463
0.662
0.120347
0.240997
0.383842
0.150314
0.662
0.266352
0.662
0.662
0.662
0.662
0.00937003
0.662
0.324863
0.662
0.662
0.320618
0.275668
0.578155
0.662
0.662
0.409858
0.176379
0.662
0.270847
0.469777
0.203117
0.662
0.662
0.0355235
0.219527
0.174951
0.170281
0.662
0.234795
0.10697
0.189412
0.662
0.662
0.662
0.180273
0.662
0.547119
0.153455
0.44566
0.0501735
0.359587
0.662
0.662
0.222501
0.110021
0.210326
0.662
0.346143
0.303255
0.205505
0.662
0.662
0.388815
0.280423
0.0395506
0.387603
0.662
0.662
0.314697
0.662
0.649726
0.662
0.662
0.219455
0.662
0.662
0.662
0.195066
0.404764
0.662
0.662
0.212253
0.662
0.412112
0.101924
0.662
0.328015
0.662
0.128632
0.104232
0.0203674
0.594353
0.351146
0.250167
0.662
0.116801
0.283383
0.662
0.442875
0.662
0.385439
0.662
0.443947
0.543901
0.662
0.475014
0.388646
0.662
0.662
0.498006
0.325707
0.144421
0.187072
0.164054
0.437738
0.662
0.3121
0.0444857
0.662
0.662
0.227837
0.343821
0.662
0.662
0.345556
0.283351
0.103115
0.224326
0.662
0.502887
0.24021
0.00504644
0.37594
0.291914
0.321716
0.240144
0.344024
0.186949
0.155536
0.304869
0.662
0.662
0.168326
0.261407
0.621208
0.419905
0.485169
0.427439
0.662
0.282423
0.662
0.446085
0.15607
0.0740688
0.662
0.313196
0.584265
0.197411
0.662
0.05023
0.662
0.404335
0.264579
0.428516
0.208345
0.662
0.221346
0.30919
0.471031
0.297648
0.355288
0.165312
0.662
0.125255
0.245266
0.662
0.0998417
0.174726
0.399106
0.303128
0.662
0.302708
0.214858
0.436927
0.662
0.213128
0.205851
0.326329
0.662
0.39227
0.662
0.111372
0.265225
0.158891
0.138177
0.662
0.662
0.662
0.662
0.312924
0.505995
0.404756
0.662
0.362884
0.208779
0.412721
0.212218
0.44941
0.245081
0.287655
0.662
0.662
0.14048
0.129642
0.662
0.438165
0.270245
0.662
0.566245
0.42177
0.375558
0.662
0.662
0.662
0.662
0.276329
0.40676
0.662
0.340928
0.267114
0.662
0.662
0.167818
0.662
0.659044
0.400523
0.294862
0.662
0.662
0.220965
0.662
0.287464
0.159873
0.662
0.0707613
0.662
0.170044
0.662
0.662
0.662
0.655605
0.662
0.372266
0.580723
0.0824301
0.293524
0.662
0.662
0.41388
0.662
0.366091
0.112559
0.235507
0.401872
0.662
0.662
0.112054
0.497728
0.662
0.662
0.662
0.0806788
0.662
0.543472
0.315193
0.0370203
0.662
0.662
0.662
0.662
0.662
0.662
0.167383
0.662
0.662
0.536351
0.228345
0.662
0.322992
0.662
0.662
0.662
0.662
0.662
0.662
0.662
0.209156
0.662
0.0180835
0.662
0.662
0.662
0.572283
0.165838
0.39259
0.662
0.191141
0.173246
0.187726
0.218608
0.283544
0.265123
0.282201
0.662
0.662
0.327177
0.370016
0.411921
0.176744
0.569985
0.662
0.2131
0.454223
0.191254
0.0117357
0.385277
0.662
0.203957
0.662
0.662
0.22932
0.00757838
0.211043
0.291377
0.346362
0.388165
0.330833
0.651331
0.618772
0.662
0.126916
0.662
0.662
0.394637
0.314763
0.662
0.662
0.419678
0.485388
0.308325
0.175095
0.184751
0.202175
0.662
0.662
0.662
0.0366832
0.382839
0.662
0.662
0.662
0.298231
0.633391
0.336269
0.141068
0.662
0.157795
0.29287
0.308897
0.662
0.142852
0.581029
0.662
0.237037
0.0262647
0.174553
0.662
0.662
0.0307856
0.485804
0.398494
0.127839
0.268704
0.42139
0.662
0.662
0.256425
0.662
0.0536443
0.154253
0.662
0.662
0.662
0.434116
0.662
0.662
0.662
0.662
0.194076
0.264759
0.0878822
0.201146
0.403301
0.662
0.187491
0.662
0.0148738
0.45862
0.176551
0.13853
0.662
0.662
0.662
0.662
0.662
0.072287
0.298713
0.249384
0.529249
0.123199
0.0507345
0.0872613
0.219448
0.333239
0.662
0.662
0.0990275
0.24923
0.662
0.0901261
0.662
0.214132
0.358433
0.662
0.133059
0.662
0.662
0.320436
0.19907
0.662
0.299917
0.26
0.391871
0.662
0.132296
0.329995
0.0599846
0.662
0.662
0.285236
0.662
0.262001
0.662
0.414864
0.426755
0.662
0.353646
0.662
0.0941271
0.662
0.275269
0.662
0.182378
0.662
0.308942
0.384983
0.662
0.0716694
0.662
0.175506
0.662
0.662
0.368315
0.247655
0.386817
0.662
0.423622
0.133982
0.474833
0.372924
0.400897
0.236119
0.0196618
0.643142
0.662
0.662
0.396772
0.252905
0.381847
0.662
0.662
0.210255
0.371359
0.45421
0.357342
0.140001
0.182068
0.282502
0.662
0.275554
0.662
0.235432
0.273941
0.327712
0.397739
0.630575
0.461499
0.111107
0.234909
0.0339779
0.58402
0.662
0.275486
0.394804
0.20482
0.209916
0.662
0.662
0.265087
0.352515
0.0149376
0.141679
0.110489
0.662
0.370463
0.662
0.662
0.662
0.662
0.200583
0.155655
0.662
0.662
0.131484
0.662
0.256914
0.299555
0.574427
0.399164
0.519114
0.417106
0.542498
0.261303
0.662
0.475275
0.353527
0.264933
0.23307
0.261687
0.460228
0.662
0.439722
0.662
0.662
0.662
0.662
0.0875576
0.308318
0.662
0.662
0.247944
0.169732
0.276617
0.0983737
0.221728
0.652775
0.211805
0.662
0.395613
0.071427
0.662
0.662
0.662
0.662
0.662
0.357414
0.662
0.662
0.10523
0.284956
0.247341
0.289297
0.0754874
0.378061
0.662
0.662
0.263829
0.18488
0.662
0.662
0.354928
0.229653
0.662
0.300741
0.662
0.24648
0.350718
0.662
0.588954
0.148757
0.662
0.662
0.124922
0.257813
0.662
0.662
0.662
0.417742
0.662
0.662
0.401651
0.188069
0.301529
0.448468
0.472394
0.306862
0.0209272
0.662
0.063564
0.0750717
0.662
0.662
0.662
0.275172
0.41097
0.422698
0.662
0.265656
0.263742
0.662
0.662
0.662
0.29221
0.343278
0.662
0.314034
0.662
0.0780257
0.00956049
0.662
0.662
0.662
0.272395
0.0301407
0.662
0.289741
0.662
0.662
0.662
0.662
0.274771
0.307218
0.201944
0.621797
0.662
0.184752
0.662
0.258667
0.662
0.319964
0.662
0.662
0.474663
0.0303631
0.184958
0.32421
0.451304
0.611049
0.203405
0.662
0.217008
0.662
0.404007
0.662
0.230364
0.359273
0.65884
0.662
0.373965
0.431549
0.0245897
0.662
0.504957
0.662
0.406379
0.212613
0.662
0.191684
0.662
0.662
0.662
0.433354
0.662
0.485091
0.662
0.387566
0.662
0.111279
0.483272
0.662
0.0191988
0.412097
0.0863702
0.0932766
0.521045
0.452114
0.632384
0.662
0.662
0.662
0.593171
0.475225
0.662
0.662
0.148348
0.662
0.332547
0.120808
0.662
0.662
0.662
0.567873
0.306853
0.662
0.405375
0.662
0.662
0.338121
0.24966
0.662
0.662
0.662
0.0638042
0.332525
0.0268073
0.662
0.662
0.521525
0.662
0.662
0.662
0.255913
0.438385
0.286132
0.662
0.662
0.434649
0.511373
0.662
0.221596
0.463458
0.662
0.662
0.463772
0.328301
0.662
0.0212526
0.662
0.071521
0.307716
0.662
0.292948
0.662
0.662
0.662
0.100268
0.452023
0.354062
0.097189
0.111151
0.662
0.662
0.662
0.518176
0.662
0.410792
0.264536
0.518267
0.0727579
0.24931
0.662
0.303472
0.18561
0.130053
0.662
0.234053
0.662
0.648565
0.662
0.662
0.197343
0.00337055
0.662
0.419479
0.157795
0.312436
0.662
0.662
0.551233
0.366846
0.145212
0.662
0.304052
0.134836
0.0148852
0.255598
0.662
0.662
0.662
0.662
0.283912
0.459626
0.431752
0.662
0.662
0.41969
0.662
0.461384
0.396624
0.609641
0.662
0.336369
0.374883
0.1217
0.518839
0.072888
0.662
0.662
0.217725
0.4721
0.38238
0.207102
0.0651525
0.475983
0.0505527
0.662
0.617733
0.662
0.662
0.662
0.662
0.662
0.662
0.369369
0.209408
0.153327
0.253604
0.192354
0.662
0.16298
0.349287
0.662
0.112081
0.640306
0.0968432
0.662
0.421595
0.339117
0.413496
0.662
0.502381
0.662
0.204924
0.142014
0.364395
0.662
0.662
0.662
0.662
0.373845
0.0751809
0.496597
0.46725
0.662
0.662
0.115099
0.662
0.0358591
0.112404
0.490168
0.662
0.248097
0.662
0.546467
0.662
0.0162668
0.19912
0.662
0.133462
0.662
0.319368
0.212237
0.662
0.662
0.270781
0.633482
0.662
0.296055
0.662
0.263869
0.325952
0.662
0.103221
0.662
0.425242
0.662
0.662
0.662
0.662
0.457318
0.279958
0.391518
0.407507
0.662
0.419328
0.205312
0.465932
0.662
0.150072
0.0239094
0.238212
0.662
0.662
0.661072
0.419227
0.662
0.662
0.662
0.285158
0.662
0.181032
0.662
0.662
0.662
0.662
0.501181
0.251021
0.271151
0.662
0.55777
0.205542
0.662
0.662
0.662
0.662
0.135696
0.470731
0.662
0.391791
0.662
0.662
0.197648
0.575011
0.617894
0.662
0.0435625
0.627702
0.0118561
0.233331
0.132631
0.290906
0.133819
0.240825
0.662
0.528172
0.662
0.662
0.662
0.163127
0.109558
0.407062
0.220353
0.662
0.662
0.309596
0.130092
0.31683
0.195873
0.357901
0.128299
0.662
0.662
0.163022
0.121081
0.401666
0.115848
0.154121
0.2028
0.662
0.662
0.0968953
0.420494
0.365378
0.662
0.421729
0.582366
0.662
0.655376
0.662
0.662
0.662
0.284035
0.486275
0.0805982
0.416878
0.384255
0.0894254
0.662
0.662
0.334817
0.516762
0.206399
0.643729
0.0565014
0.543421
0.0726116
0.662
0.27041
0.662
0.566554
0.662
0.463339
0.662
0.284998
0.299027
0.360386
0.0229644
0.563854
0.252662
0.60147
0.662
0.452064
0.249719
0.662
0.662
0.321498
0.662
0.0290384
0.662
0.662
0.272898
0.662
0.271021
0.0176849
0.662
0.500918
0.662
0.449038
0.0105949
0.662
0.317563
0.662
0.0550799
0.162526
0.449121
0.662
0.662
0.407428
0.662
0.662
0.41026
0.662
0.662
0.208288
0.106418
0.0629599
0.662
0.479074
0.469775
0.290431
0.662
0.071625
0.0899247
0.520301
0.0651229
0.198156
0.0854187
0.662
0.662
0.330062
0.654815
0.459474
0.662
0.662
0.662
0.662
0.297207
0.662
0.327633
0.662
0.662
0.292882
0.662
0.611337
0.34464
0.180428
0.662
0.637446
0.217099
0.0606429
0.662
0.662
0.662
0.662
0.662
0.662
0.361938
0.210569
0.662
0.219099
0.662
0.662
0.243356
0.662
0.662
0.662
0.662
0.286925
0.188083
0.662
0.662
0.662
0.147214
0.149854
0.0293792
0.662
0.662
0.159498
0.275889
0.662
0.662
0.0967747
0.171013
0.662
0.662
0.662
0.662
0.600297
0.175983
0.662
0.662
0.383379
0.468911
0.230886
0.455315
0.662
0.147969
0.0654327
0.399048
0.662
0.662
0.428256
0.662
0.102468
0.460048
0.107123
0.662
0.14128
0.188801
0.163378
0.440213
0.47456
0.662
0.662
0.662
0.290184
0.181124
0.345592
0.429719
0.662
0.100213
0.0299156
0.662
0.124515
0.389974
0.662
0.662
0.314096
0.360856
0.328357
0.257726
0.252976
0.247661
0.193386
0.662
0.469984
0.662
0.662
0.000597563
0.129588
0.662
0.662
0.662
0.662
0.662
0.138804
0.0844206
0.662
0.317934
0.145126
0.335425
0.181401
0.193538
0.0852439
0.662
0.204362
0.662
0.42874
0.358866
0.662
0.192496
0.348793
0.245429
0.426614
0.163568
0.662
0.662
0.14181
0.662
0.513956
0.0655911
0.231693
0.494202
0.0592354
0.662
0.662
0.597094
0.266013
0.290919
0.662
0.662
0.116844
0.104786
0.519126
0.206937
0.662
0.268246
0.662
0.419063
0.476437
0.662
0.662
0.662
0.236733
0.662
0.662
0.662
0.662
0.313726
0.225719
0.662
0.150736
0.662
0.662
0.400303
0.154925
0.19704
0.301125
0.570261
0.137366
0.283677
0.243738
0.357288
0.662
0.662
0.089528
0.662
0.415494
0.251791
0.662
0.265587
0.0188746
0.662
0.301482
0.304454
0.138458
0.662
0.320337
0.0334044
0.662
0.199686
0.0890339
0.348601
0.662
0.417451
0.662
0.662
0.287406
0.23775
0.201831
0.178623
0.662
0.296562
0.199581
0.223434
0.662
0.662
0.572965
0.662
0.662
0.461764
0.168315
0.662
0.251426
0.0609995
0.454563
0.522111
0.662
0.212309
0.662
0.161172
0.359432
0.173777
0.259307
0.0433842
0.166446
0.1161
0.662
0.174012
0.651247
0.520196
0.0168539
0.662
0.662
0.0402149
0.662
0.662
0.252817
0.279491
0.662
0.662
0.169727
0.44698
0.631332
0.2475
0.177381
0.662
0.662
0.662
0.662
0.555515
0.662
0.662
0.5159
0.405433
0.662
0.662
0.466655
0.394468
0.188071
0.662
0.662
0.0786823
0.662
0.289363
0.203083
0.662
0.584394
0.662
0.662
0.215703
0.504183
0.662
0.405657
0.329429
0.321386
0.662
0.235791
0.469032
0.505862
0.662
0.662
0.017687
0.302497
0.146103
0.570452
0.48712
0.662
0.143206
0.662
0.645587
0.117182
0.233145
0.134557
0.123599
0.251503
0.662
0.268483
0.42268
0.148531
0.412253
0.16913
0.662
0.173992
0.0331633
0.281593
0.310974
0.662
0.176594
0.662
0.192022
0.478981
0.32281
0.662
0.0318577
0.494592
0.662
0.46961
0.199208
0.192174
0.662
0.662
0.483527
0.110474
0.662
0.270015
0.285111
0.316365
0.175653
0.257753
0.662
0.662
0.662
0.65498
0.300295
0.0364763
0.0174459
0.130935
0.289277
0.0585297
0.448156
0.662
0.662
0.662
0.662
0.662
0.221666
0.131462
0.31587
0.662
0.162298
0.20759
0.662
0.247635
0.662
0.620348
0.662
0.0268551
0.662
0.446631
0.264898
0.314514
0.662
0.662
0.662
0.662
0.662
0.144881
0.499537
0.266441
0.521214
0.361561
0.272506
0.414169
0.662
0.662
0.662
0.662
0.249071
0.662
0.0249932
0.386069
0.197382
0.594029
0.662
0.200519
0.486692
0.309774
0.662
0.379497
0.662
0.402669
0.336
0.433941
0.122809
0.274124
0.285697
0.662
0.662
0.662
0.662
0.389585
0.662
0.0869407
0.376293
0.367757
0.114457
0.662
0.662
0.49369
0.479644
0.517962
0.0179911
0.367172
0.265607
0.662
0.231981
0.662
0.662
0.662
0.40498
0.392935
0.662
0.662
0.18551
0.437977
0.662
0.634681
0.189063
0.316398
0.136207
0.179841
0.274033
0.662
0.662
0.147976
0.662
0.237636
0.498702
0.0547421
0.662
0.662
0.662
0.241723
0.662
0.145143
0.573849
0.563887
0.118168
0.0698464
0.662
0.662
0.662
0.662
0.449984
0.662
0.662
0.662
0.341812
0.0319513
0.662
0.35397
0.662
0.662
0.662
0.153476
0.140514
0.0471374
0.211953
0.365155
0.662
0.278659
0.380646
0.0747978
0.184976
0.244004
0.460486
0.233899
0.662
0.126729
0.662
0.662
0.662
0.485881
0.0842373
0.439683
0.662
0.413894
0.662
0.107778
0.253951
0.202315
0.662
0.662
0.662
0.308502
0.662
0.103598
0.505744
0.313876
0.114901
0.658065
0.459205
0.266277
0.106064
0.662
0.563458
0.662
0.662
0.662
0.28333
0.0857741
0.583234
0.247796
0.316752
0.662
0.329577
0.662
0.320778
0.254653
0.637502
0.308116
0.163085
0.662
0.396862
0.2083
0.662
0.662
0.529317
0.229713
0.0966575
0.152852
0.0531847
0.204694
0.662
0.662
0.358788
0.11443
0.662
0.662
0.0963807
0.372226
0.245134
0.397413
0.200507
0.204649
0.44716
0.494771
0.511725
0.662
0.203942
0.662
0.662
0.0390596
0.169628
0.662
0.662
0.662
0.662
0.0886441
0.384162
0.441444
0.342431
0.208566
0.222574
0.191134
0.263828
0.662
0.174813
0.662
0.0722777
0.295073
0.413969
0.333079
0.390718
0.662
0.662
0.63339
0.432236
0.237371
0.257403
0.662
0.266946
0.245025
0.662
0.472065
0.662
0.662
0.662
0.589632
0.662
0.219096
0.0503268
0.123935
0.453023
0.662
0.662
0.348345
0.0343228
0.448219
0.35868
0.242793
0.327544
0.273364
0.662
0.334315
0.353449
0.662
0.662
0.131256
0.0577818
0.662
0.267407
0.662
0.387571
0.215864
0.634311
0.237448
0.29454
0.0655837
0.662
0.662
0.662
0.55916
0.563125
0.576098
0.432323
0.662
0.662
0.534811
0.480247
0.35605
0.662
0.122444
0.662
0.662
0.205139
0.476767
0.662
0.00468347
0.662
0.173259
0.662
0.173183
0.662
0.662
0.164903
0.315964
0.662
0.277032
0.211281
0.662
0.662
0.377555
0.146193
0.206118
0.479715
0.662
0.662
0.290294
0.489131
0.0647673
0.662
0.662
0.662
0.662
0.662
0.249063
0.22598
0.662
0.31727
0.0316099
0.226364
0.142063
0.157347
0.662
0.486556
0.662
0.377358
0.472467
0.0792609
0.424103
0.302943
0.662
0.177988
0.329352
0.662
0.445881
0.299178
0.217134
0.214989
0.390341
0.446085
0.381807
0.216477
0.662
0.166791
0.0287491
0.234807
0.330892
0.22251
0.00199855
0.472905
0.662
0.107208
0.662
0.662
0.112581
0.662
0.662
0.410665
0.662
0.662
0.393535
0.253457
0.662
0.662
0.364543
0.662
0.494983
0.542684
0.0787589
0.662
0.0898171
0.662
0.662
0.662
0.662
0.662
0.662
0.611713
0.662
0.662
0.231061
0.201727
0.104446
0.662
0.172001
0.157603
0.662
0.633694
0.254767
0.617735
0.662
0.662
0.0315933
0.367962
0.662
0.16256
0.348354
0.509788
0.100911
0.662
0.662
0.0894151
0.332444
0.662
0.662
0.662
0.209758
0.478525
0.0800356
0.299316
0.662
0.136128
0.525085
0.662
0.422723
0.0227874
0.662
0.662
0.23424
0.662
0.278918
0.662
0.316162
0.296207
0.662
0.62897
0.244915
0.662
0.114378
0.662
0.392504
0.118411
0.662
0.354469
0.662
0.662
0.662
0.662
0.206944
0.119746
0.191899
0.662
0.471463
0.175475
0.501966
0.662
0.662
0.194817
0.174372
0.662
0.662
0.662
0.662
0.219027
0.662
0.3916
0.0893552
0.218294
0.513556
0.24793
0.662
0.322164
0.470136
0.386596
0.662
0.25999
0.287709
0.0655913
0.374384
0.662
0.481003
0.662
0.662
0.33188
0.141237
0.276685
0.662
0.662
0.662
0.662
0.662
0.102072
0.23617
0.216635
0.15981
0.662
0.0075871
0.189912
0.0822366
0.662
0.662
0.264982
0.186468
0.369027
0.494566
0.237724
0.435416
0.0998331
0.662
0.662
0.149481
0.247641
0.397586
0.442927
0.197205
0.662
0.354711
0.662
0.358178
0.186541
0.662
0.662
0.662
0.662
0.475415
0.0368661
0.662
0.662
0.662
0.662
0.103047
0.261966
0.662
0.16814
0.0118872
0.662
0.409309
0.398371
0.662
0.662
0.0644374
0.662
0.662
0.662
0.0490572
0.0935069
0.406817
0.00772432
0.0681335
0.662
0.662
0.274765
0.34037
0.103547
0.149814
0.662
0.662
0.632284
0.662
0.662
0.662
0.662
0.662
0.151971
0.433239
0.662
0.236232
0.551513
0.0647175
0.662
0.293385
0.662
0.662
0.142531
0.662
0.464893
0.662
0.239281
0.662
0.662
0.662
0.217003
0.167159
0.662
0.156244
0.317065
0.662
0.430732
0.198381
0.16507
0.662
0.377701
0.662
0.099838
0.662
0.293379
0.0348449
0.328921
0.662
0.662
0.256825
0.662
0.10341
0.662
0.651989
0.216965
0.0790186
0.233536
0.662
0.227617
0.240417
0.662
0.213045
0.662
0.662
0.662
0.542409
0.662
0.0242181
0.0447948
0.154129
0.442188
0.2363
0.369541
0.230675
0.662
0.212219
0.590722
0.662
0.662
0.216527
0.0478745
0.463633
0.0988701
0.197449
0.662
0.662
0.662
0.662
0.188912
0.0692354
0.051481
0.649967
0.662
0.662
0.382396
0.662
0.662
0.662
0.0524268
0.244872
0.468385
0.468759
0.4616
0.662
0.662
0.343257
0.21653
0.662
0.338784
0.27635
0.662
0.546723
0.662
0.155389
0.0586948
0.193376
0.662
0.362575
0.662
0.453248
0.378085
0.662
0.132515
0.662
0.662
0.662
0.662
0.662
0.210039
0.292594
0.355142
0.662
0.22856
0.662
0.662
0.662
0.0106682
0.475698
0.37916
0.369183
0.199186
0.662
0.22982
0.0782953
0.380547
0.662
0.662
0.156921
0.491991
0.011395
0.259394
0.662
0.662
0.662
0.662
0.468691
0.192024
0.140508
0.662
0.662
0.271194
0.381621
0.00985181
0.129301
0.418841
0.662
0.662
0.662
0.662
0.36695
0.0578085
0.662
0.662
0.493616
0.328286
0.662
0.183227
0.662
0.662
0.662
0.487936
0.550079
0.662
0.333927
0.116481
0.662
0.662
0.662
0.0890624
0.662
0.414553
0.45644
0.193376
0.662
0.662
0.662
0.226281
0.662
0.245737
0.662
0.662
0.662
0.0239507
0.662
0.662
0.394431
0.515161
0.227509
0.662
0.380936
0.485068
0.662
0.413573
0.215226
0.273727
0.662
0.254791
0.316367
0.662
0.45968
0.468602
0.662
0.252743
0.662
0.201634
0.257708
0.228784
0.662
0.328266
0.202542
0.427969
0.163888
0.662
0.662
0.156789
0.662
0.662
0.264552
0.662
0.0915398
0.0802282
0.463767
0.270646
0.662
0.0905702
0.326403
0.439137
0.662
0.00146711
0.232125
0.353494
0.0622493
0.662
0.288199
0.429368
0.380154
0.209605
0.662
0.369225
0.467637
0.662
0.182942
0.662
0.143907
0.662
0.662
0.547714
0.361561
0.194792
0.218847
0.662
0.588476
0.662
0.662
0.0394328
0.0112999
0.662
0.662
0.00756499
0.662
0.215319
0.490208
0.662
0.332307
0.662
0.207757
0.662
0.662
0.662
0.241917
0.0942976
0.132488
0.662
0.662
0.298846
0.299228
0.248304
0.286772
0.662
0.335005
0.178872
0.662
0.662
0.337942
0.662
0.210095
0.48766
0.662
0.335082
0.48474
0.150935
0.0618992
0.662
0.662
0.317974
0.477313
0.405606
0.309451
0.221905
0.662
0.17063
0.17038
0.523218
0.168679
0.484631
0.570911
0.00309376
0.560369
0.11187
0.218732
0.662
0.388378
0.662
0.189891
0.336551
0.662
0.387627
0.662
0.662
0.384629
0.585822
0.0211412
0.662
0.222793
0.662
0.662
0.662
0.0718637
0.1853
0.15718
0.383968
0.266616
0.480769
0.26199
0.174979
0.231375
0.269573
0.163479
0.662
0.258372
0.207438
0.662
0.224552
0.184932
0.662
0.471595
0.464756
0.662
0.244154
0.288018
0.262494
0.544303
0.121237
0.662
0.346947
0.276434
0.662
0.652049
0.197519
0.662
0.229956
0.662
0.532603
0.142973
0.252483
0.178879
0.137895
0.192492
0.494391
0.662
0.215048
0.662
0.662
0.177696
0.198103
0.662
0.510295
0.662
0.662
0.292162
0.662
0.099503
0.662
0.24215
0.0120962
0.662
0.27099
0.62444
0.662
0.146747
0.662
0.45209
0.662
0.0846306
0.662
0.394318
0.057538
0.662
0.662
0.662
0.473557
0.379502
0.662
0.662
0.662
0.321159
0.662
0.22423
0.393181
0.662
0.662
0.662
0.371583
0.662
0.662
0.115198
0.15259
0.0738368
0.239653
0.562267
0.231968
0.662
0.125107
0.4084
0.662
0.662
0.26435
0.28497
0.662
0.0338997
0.27345
0.583193
0.662
0.662
0.662
0.662
0.00950113
0.626399
0.662
0.662
0.662
0.227068
0.209253
0.662
0.255061
0.662
0.37281
0.0524071
0.068222
0.315042
0.202362
0.383999
0.662
0.184865
0.238231
0.662
0.218692
0.662
0.662
0.662
0.662
0.358145
0.662
0.438675
0.407978
0.662
0.662
0.297287
0.662
0.252369
0.662
0.662
0.459482
0.277498
0.662
0.662
0.662
0.0539779
0.662
0.662
0.662
0.340056
0.127481
0.134917
0.293379
0.169829
0.288521
0.202627
0.662
0.475171
0.659639
0.662
0.662
0.662
0.146056
0.314154
0.662
0.0428428
0.662
0.371917
0.662
0.550436
0.524185
0.279493
0.119126
0.662
0.213347
0.662
0.662
0.0455505
0.662
0.145075
0.662
0.662
0.326475
0.662
0.662
0.0260699
0.407905
0.0464766
0.662
0.233844
0.206172
0.471345
0.598177
0.195082
0.158126
0.0413034
0.468228
0.274684
0.466796
0.662
0.474954
0.361809
0.662
0.662
0.398809
0.084994
0.224346
0.662
0.662
0.662
0.662
0.29267
0.217031
0.107696
0.662
0.429553
0.23445
0.662
0.49179
0.414777
0.662
0.599666
0.227071
0.334847
0.00922792
0.662
0.662
0.182086
0.662
0.369952
0.662
0.662
0.662
0.610495
0.250412
0.662
0.662
0.157862
0.347653
0.662
0.314548
0.269541
0.662
0.662
0.496241
0.662
0.380834
0.662
0.358028
0.111666
0.246781
0.46825
0.662
0.662
0.351652
0.662
0.476767
0.365727
0.240036
0.244058
0.252948
0.662
0.325549
0.662
0.546976
0.662
0.662
0.662
0.227972
0.194788
0.37273
0.662
0.426179
0.662
0.172198
0.662
0.662
0.662
0.662
0.662
0.662
0.105635
0.662
0.0341663
0.662
0.427918
0.288107
0.261931
0.662
0.47228
0.662
0.441852
0.409269
0.207262
0.15603
0.0352948
0.662
0.218116
0.662
0.244585
0.381916
0.656149
0.662
0.662
0.662
0.662
0.662
0.662
0.341433
0.662
0.225272
0.662
0.662
0.175623
0.389203
0.662
0.662
0.0487865
0.125753
0.158444
0.339855
0.127529
0.0311161
0.396368
0.662
0.135071
0.662
0.216862
0.662
0.171646
0.279821
0.662
0.662
0.171958
0.662
0.357299
0.662
0.441204
0.212878
0.350714
0.399434
0.0184879
0.0904623
0.662
0.662
0.467714
0.0184184
0.662
0.662
0.662
0.662
0.12235
0.662
0.151476
0.662
0.397002
0.374612
0.337484
0.456768
0.126261
0.662
0.662
0.662
0.350357
0.0945117
0.437255
0.662
0.257967
0.474048
0.544843
0.0143209
0.132142
0.662
0.326687
0.23781
0.323427
0.662
0.479087
0.662
0.300204
0.662
0.662
0.131421
0.270146
0.662
0.157648
0.662
0.246782
0.395352
0.204698
0.134323
0.662
0.358283
0.662
0.228738
0.662
0.107795
0.662
0.425844
0.662
0.662
0.420895
0.662
0.323297
0.190432
0.662
0.0515851
0.238686
0.662
0.187449
0.194935
0.00290101
0.662
0.662
0.0371547
0.662
0.192643
0.662
0.662
0.662
0.662
0.13594
0.662
0.662
0.506739
0.0234105
0.298273
0.252474
0.662
0.309565
0.662
0.231061
0.336589
0.662
0.662
0.662
0.662
0.406001
0.0872316
0.662
0.188213
0.662
0.609794
0.191096
0.464985
0.662
0.662
0.662
0.662
0.662
0.662
0.662
0.327823
0.24994
0.590276
0.548346
0.662
0.45962
0.315417
0.217264
0.226992
0.471396
0.0141168
0.349674
0.159066
0.386017
0.662
0.662
0.662
0.662
0.662
0.446835
0.662
0.662
0.0170505
0.26641
0.194038
0.662
0.604137
0.48122
0.0567663
0.662
0.662
0.272897
0.375977
0.396264
0.12449
0.613247
0.662
0.105572
0.0687251
0.0625609
0.130548
0.397384
0.187952
0.662
0.0943075
0.379787
0.272146
0.206935
0.491122
0.258562
0.662
0.662
0.236344
0.662
0.662
0.192576
0.195532
0.204385
0.662
0.15854
0.0372362
0.662
0.290305
0.662
0.207741
0.662
0.472131
0.245194
0.662
0.662
0.0591667
0.193433
0.662
0.308616
0.662
0.203344
0.421861
0.662
0.222856
0.662
0.238724
0.212627
0.131069
0.662
0.206505
0.139233
0.101718
0.203906
0.26885
0.0726708
0.662
0.662
0.280749
0.239636
0.205406
0.662
0.662
0.372053
0.535978
0.00793575
0.0906342
0.196895
0.662
0.662
0.174145
0.662
0.662
0.662
0.201281
0.459846
0.209614
0.662
0.284494
0.662
0.662
0.177252
0.662
0.662
0.437249
0.456495
0.662
0.404586
0.230149
0.442266
0.662
0.246766
0.490141
0.659173
0.0711664
0.662
0.169425
0.229369
0.399565
0.473317
0.662
0.0312533
0.662
0.361943
0.267114
0.518205
0.143716
0.662
0.662
0.662
0.428998
0.662
0.662
0.662
0.580287
0.662
0.360639
0.186531
0.662
0.210743
0.519365
0.629207
0.0246529
0.662
0.662
0.662
0.349933
0.00877625
0.389156
0.261344
0.662
0.662
0.0866538
0.662
0.662
0.662
0.09167
0.662
0.27316
0.662
0.662
0.29534
0.297756
0.662
0.441489
0.147193
0.31922
0.662
0.0508114
0.662
0.662
0.662
0.662
0.662
0.662
0.21221
0.662
0.662
0.0327017
0.45114
0.575705
0.662
0.17133
0.662
0.662
0.358693
0.560644
0.662
0.145347
0.275342
0.444309
0.662
0.0878628
0.662
0.23016
0.662
0.662
0.254819
0.662
0.268575
0.390307
0.332301
0.657238
0.200042
0.662
0.387522
0.30809
0.0973115
0.662
0.213078
0.167219
0.467183
0.662
0.172033
0.65068
0.662
0.237322
0.231373
0.328342
0.662
0.58817
0.577984
0.662
0.662
0.662
0.371798
0.662
0.184666
0.662
0.192192
0.662
0.334238
0.234845
0.399139
0.059218
0.234461
0.445135
0.00845776
0.293258
0.662
0.662
0.287906
0.195691
0.298098
0.24508
0.662
0.662
0.0135896
0.662
0.238891
0.433408
0.284294
0.25073
0.215989
0.162349
0.662
0.495523
0.662
0.272514
0.662
0.227074
0.242548
0.662
0.242637
0.662
0.175859
0.662
0.662
0.197599
0.662
0.192354
0.299358
0.662
0.662
0.662
0.108589
0.53635
0.662
0.128837
0.617084
0.0214746
0.662
0.459468
0.205554
0.662
0.127605
0.462272
0.255555
0.112461
0.314844
0.601099
0.662
0.211364
0.662
0.0916431
0.662
0.662
0.662
0.417978
0.0763314
0.208411
0.292163
0.662
0.501036
0.55155
0.46482
0.283899
0.457294
0.662
0.319096
0.0640427
0.662
0.662
0.662
0.246195
0.508294
0.662
0.662
0.400478
0.184877
0.453902
0.662
0.40831
0.662
0.324912
0.246647
0.662
0.281461
0.213048
0.416781
0.336264
0.204919
0.662
0.313054
0.269973
0.212371
0.152239
0.239149
0.371867
0.378593
0.662
0.662
0.662
0.60053
0.662
0.403659
0.102584
0.662
0.662
0.288872
0.193053
0.662
0.662
0.662
0.662
0.115863
0.321595
0.662
0.662
0.314381
0.662
0.662
0.402438
0.662
0.209992
0.187724
0.0960788
0.662
0.405079
0.419174
0.662
0.0417065
0.662
0.662
0.081756
0.467259
0.2845
0.662
0.413536
0.0191258
0.294522
0.662
0.000408086
0.199205
0.662
0.662
0.56642
0.662
0.560474
0.175418
0.18841
0.175461
0.257689
0.281524
0.578081
0.662
0.0447996
0.38896
0.207194
0.662
0.0817104
0.259042
0.662
0.0528898
0.234895
0.23727
0.371724
0.662
0.157971
0.662
0.662
0.36234
0.194693
0.193178
0.662
0.410007
0.179176
0.013211
0.662
0.60415
0.662
0.662
0.189286
0.662
0.662
0.450346
0.150739
0.662
0.662
0.195671
0.435626
0.662
0.375821
0.324889
0.601565
0.242794
0.662
0.30046
0.662
0.151457
0.254896
0.274572
0.0375811
0.388052
0.662
0.268201
0.221961
0.662
0.662
0.662
0.46817
0.343533
0.429941
0.471397
0.34589
0.292795
0.662
0.242575
0.390716
0.0171821
0.662
0.292436
0.390459
0.0526128
0.662
0.434412
0.242071
0.492163
0.662
0.296874
0.192057
0.090463
0.662
0.013974
0.464191
0.662
0.662
0.363926
0.662
0.662
0.300023
0.267523
0.662
0.662
0.425938
0.118851
0.161686
0.415328
0.278783
0.330222
0.433489
0.337197
0.0815085
0.662
0.662
0.0750032
0.662
0.153598
0.662
0.662
0.193986
0.662
0.662
0.238602
0.595166
0.662
0.662
0.150185
0.662
0.662
0.662
0.662
0.662
0.662
0.243009
0.605093
0.662
0.662
0.0550976
0.290321
0.273436
0.33185
0.0426996
0.662
0.335973
0.271047
0.0765857
0.662
0.662
0.181749
0.662
0.0504659
0.662
0.295349
0.0865835
0.662
0.281159
0.20006
0.263355
0.123137
0.105821
0.374448
0.662
0.464597
0.662
0.297114
0.334018
0.662
0.0591773
0.306369
0.451818
0.662
0.608942
0.662
0.415523
0.460768
0.662
0.662
0.662
0.662
0.0882724
0.246524
0.662
0.197993
0.662
0.461108
0.662
0.662
0.459469
0.133028
0.662
0.662
0.231309
0.332997
0.187149
0.662
0.387834
0.0421807
0.112876
0.251034
0.347466
0.244536
0.662
0.479308
0.662
0.133304
0.125456
0.662
0.127952
0.662
0.662
0.662
0.641101
0.353739
0.0694865
0.589655
0.662
0.662
0.208072
0.662
0.279042
0.457834
0.662
0.506934
0.662
0.23713
0.0649841
0.0513773
0.662
0.16636
0.662
0.662
0.662
0.0310506
0.186364
0.662
0.134679
0.662
0.662
0.662
0.446894
0.465605
0.662
0.201145
0.230038
0.282387
0.164966
0.662
0.41181
0.662
0.662
0.585575
0.662
0.662
0.662
0.239625
0.662
0.0601734
0.0143498
0.291551
0.41716
0.460155
0.250625
0.662
0.248372
0.230118
0.495929
0.284446
0.662
0.243744
0.209153
0.351822
0.662
0.355519
0.221475
0.0504862
0.662
0.180774
0.662
0.127324
0.21519
0.662
0.472881
0.662
0.0643543
0.158471
0.662
0.433732
0.192528
0.662
0.632783
0.598354
0.111652
0.457719
0.662
0.168576
0.281334
0.662
0.0140163
0.662
0.662
0.662
0.48892
0.156813
0.662
0.387727
0.413937
0.662
0.440402
0.313
0.241456
0.392749
0.662
0.122941
0.23287
0.316616
0.662
0.443195
0.177781
0.662
0.662
0.662
0.662
0.662
0.662
0.162854
0.662
0.662
0.662
0.662
0.308188
0.221012
0.662
0.423484
0.151129
0.662
0.272819
0.662
0.123011
0.662
0.144419
0.209525
0.185209
0.662
0.376587
0.205833
0.223795
0.662
0.662
0.216362
0.0105053
0.121023
0.662
0.662
0.253088
0.662
0.455293
0.662
0.662
0.273229
0.662
0.147769
0.578383
0.235065
0.126243
0.662
0.662
0.0143759
0.26445
0.220772
0.662
0.225294
0.21584
0.0752106
0.231973
0.662
0.457632
0.662
0.245636
0.196474
0.662
0.662
0.34318
0.193778
0.662
0.662
0.302416
0.662
0.662
0.323028
0.237218
0.127646
0.459299
0.662
0.662
0.662
0.662
0.402374
0.662
0.525889
0.380872
0.518794
0.662
0.213877
0.49272
0.507189
0.662
0.0660825
0.662
0.104964
0.0390723
0.239306
0.662
0.662
0.662
0.662
0.662
0.192456
0.662
0.662
0.662
0.407082
0.49507
0.351348
0.392004
0.662
0.0953202
0.460863
0.607716
0.0921059
0.378916
0.483164
0.662
0.0910418
0.374635
0.662
0.662
0.662
0.314412
0.32116
0.0838831
0.0116545
0.662
0.662
0.662
0.126532
0.662
0.662
0.146826
0.662
0.662
0.662
0.338197
0.563805
0.662
0.191529
0.135871
0.662
0.653081
0.662
0.129158
0.216777
0.483046
0.596094
0.311958
0.662
0.376211
0.376128
0.196366
0.294284
0.293089
0.535874
0.662
0.115687
0.255494
0.662
0.0460682
0.0986565
0.140738
0.662
0.320327
0.293084
0.662
0.5296
0.194834
0.662
0.544479
0.662
0.659257
0.160833
0.662
0.377232
0.662
0.449682
0.479123
0.662
0.662
0.520158
0.662
0.0459487
0.662
0.662
0.662
0.662
0.662
0.662
0.662
0.386468
0.662
0.662
0.662
0.662
0.143523
0.662
0.119491
0.164165
0.00881469
0.0439285
0.536974
0.662
0.243065
0.134309
0.662
0.662
0.114879
0.662
0.443977
0.397195
0.662
0.286285
0.144817
0.662
0.303067
0.293005
0.662
0.0811941
0.242688
0.662
0.662
0.324241
0.662
0.662
0.233005
0.0933457
0.171806
0.662
0.662
0.383381
0.233713
0.662
0.299635
0.24837
0.262891
0.662
0.662
0.187202
0.662
0.387153
0.193909
0.214233
0.662
0.306616
0.206987
0.662
0.662
0.556268
0.662
0.190213
0.662
0.287738
0.348755
0.123628
0.662
0.662
0.327703
0.63924
0.373615
0.662
0.662
0.280245
0.250758
0.662
0.662
0.662
0.662
0.268753
0.237974
0.662
0.662
0.662
0.662
0.662
0.662
0.0459756
0.272673
0.136775
0.221132
0.245778
0.248083
0.662
0.17041
0.490507
0.662
0.495976
0.37296
0.0740495
0.662
0.0509818
0.029601
0.152708
0.662
0.441756
0.662
0.397394
0.662
0.529205
0.28345
0.274787
0.22494
0.462736
0.662
0.662
0.662
0.351394
0.662
0.418069
0.329278
0.662
0.274849
0.662
0.0211761
0.662
0.662
0.662
0.0572506
0.662
0.358544
0.471024
0.662
0.192424
0.662
0.540483
0.267147
0.243301
0.662
0.662
0.662
0.26872
0.662
0.217019
0.662
0.662
0.662
0.165484
0.114652
0.3378
0.393457
0.662
0.0984752
0.272279
0.34453
0.302877
0.662
0.662
0.462524
0.662
0.662
0.662
0.662
0.462805
0.662
0.194194
0.662
0.283692
0.273391
0.176539
0.308473
0.662
0.432306
0.662
0.662
0.436382
0.662
0.662
0.11428
0.477153
0.662
0.0375744
0.662
0.239197
0.456205
0.662
0.662
0.246765
0.182336
0.00618621
0.0626454
0.137671
0.271413
0.662
0.662
0.138564
0.471587
0.0115444
0.662
0.662
0.202449
0.438537
0.662
0.648415
0.354124
0.662
0.662
0.448321
0.41436
0.452992
0.662
0.649883
0.517883
0.204055
0.662
0.432206
0.662
0.629706
0.0844302
0.506629
0.344702
0.662
0.236995
0.662
0.445049
0.662
0.662
0.662
0.457758
0.662
0.662
0.662
0.662
0.352416
0.662
0.376702
0.662
0.662
0.662
0.0540717
0.662
0.662
0.43045
0.220442
0.657424
0.47737
0.0449503
0.0560217
0.426916
0.658734
0.0927116
0.0906218
0.472997
0.662
0.46048
0.170693
0.347828
0.662
0.194989
0.213878
0.662
0.662
0.344753
0.662
0.342926
0.227956
0.662
0.184879
0.662
0.662
0.631028
0.166662
0.317462
0.662
0.247608
0.662
0.388285
0.662
0.391528
0.120251
0.662
0.662
0.150141
0.286574
0.662
0.451102
0.236489
0.458146
0.292611
0.662
0.662
0.662
0.662
0.662
0.2605
0.193082
0.196313
0.197106
0.662
0.155054
0.423539
0.101567
0.662
0.662
0.662
0.449441
0.662
0.23165
0.304031
0.662
0.633694
0.662
0.364099
0.029584
0.662
0.662
0.252336
0.436327
0.662
0.272694
0.646092
0.662
0.368767
0.244818
0.364681
0.276896
0.0997199
0.662
0.662
0.0402657
0.350187
0.403531
0.422045
0.247637
0.230663
0.43682
0.662
0.662
0.082359
0.662
0.362464
0.128926
0.0422364
0.381735
0.662
0.662
0.195169
0.394704
0.662
0.0962684
0.662
0.133715
0.201015
0.402611
0.204534
0.662
0.123764
0.662
0.270859
0.43502
0.662
0.662
0.12511
0.109839
0.378407
0.0705944
0.662
0.258538
0.662
0.662
0.197222
0.662
0.662
0.447452
0.662
0.662
0.662
0.608408
0.662
0.281934
0.662
0.186031
0.485566
0.27919
0.449992
0.662
0.22656
0.526494
0.126955
0.26618
0.366641
0.325046
0.388529
0.442041
0.662
0.185076
0.655614
0.120903
0.662
0.354381
0.34294
0.63339
0.161014
0.175498
0.465213
0.425678
0.662
0.662
0.376069
0.207585
0.662
0.456722
0.290448
0.394264
0.467334
0.196327
0.662
0.207237
0.181222
0.662
0.662
0.186538
0.234228
0.662
0.662
0.662
0.653006
0.199962
0.0663295
0.662
0.410266
0.662
0.662
0.662
0.565048
0.384484
0.662
0.662
0.662
0.461065
0.460635
0.399886
0.053522
0.194208
0.111378
0.662
0.662
0.425752
0.329798
0.662
0.193762
0.3648
0.662
0.333089
0.407739
0.434764
0.154981
0.561524
0.123241
0.252087
0.0288982
0.18952
0.453936
0.45947
0.155737
0.362277
0.20586
0.662
0.14319
0.244002
0.261979
0.612312
0.321728
0.662
0.332597
0.662
0.661112
0.662
0.662
0.662
0.662
0.48773
0.564992
0.188315
0.662
0.342842
0.662
0.0654067
0.145284
0.246839
0.381394
0.351969
0.0943586
0.49024
0.662
0.352568
0.511784
0.27733
0.662
0.1897
0.528021
0.114716
0.27777
0.662
0.00609434
0.244076
0.247486
0.25178
0.157069
0.398701
0.662
0.3679
0.24849
0.662
0.0422511
0.235225
0.274627
0.662
0.14614
0.662
0.323244
0.458048
0.0636884
0.481507
0.662
0.662
0.303163
0.662
0.221861
0.235531
0.662
0.662
0.429298
0.662
0.662
0.0728376
0.662
0.443564
0.662
0.0901752
0.662
0.64566
0.206883
0.662
0.662
0.662
0.430012
0.045179
0.377864
0.662
0.662
0.0957604
0.292786
0.548983
0.662
0.662
0.301283
0.662
0.662
0.134775
0.662
0.662
0.22033
0.279942
0.290874
0.235511
0.662
0.413616
0.457203
0.662
0.275179
0.170848
0.471008
0.109248
0.323419
0.259541
0.221324
0.662
0.662
0.662
0.662
0.662
0.1691
0.46892
0.391448
0.662
0.473852
0.0476646
0.662
0.662
0.337287
0.155938
0.126253
0.662
0.146645
0.570073
0.348572
0.662
0.470789
0.347444
0.543399
0.343281
0.0322733
0.662
0.165843
0.662
0.248973
0.00513102
0.622683
0.662
0.662
0.365622
0.638294
0.662
0.662
0.288678
0.350833
0.407743
0.194025
0.495651
0.305038
0.662
0.255436
0.662
0.662
0.204347
0.196096
0.407827
0.662
0.662
0.357881
0.662
0.662
0.320238
0.415523
0.662
0.662
0.361324
0.162086
0.247367
0.0801788
0.579252
0.193083
0.272892
0.324552
0.104671
0.662
0.173809
0.37724
0.662
0.662
0.662
0.662
0.656767
0.171629
0.38018
0.662
0.662
0.349062
0.662
0.289996
0.239941
0.189815
0.662
0.627645
0.662
0.449029
0.149226
0.187225
0.148515
0.505005
0.384301
0.662
0.273275
0.390141
0.402849
0.461098
0.662
0.139762
0.662
0.133942
0.177041
0.492288
0.662
0.351919
0.662
0.24849
0.662
0.336172
0.662
0.662
0.662
0.218105
0.306643
0.662
0.608451
0.662
0.387421
0.662
0.394256
0.660873
0.662
0.335324
0.127744
0.363079
0.454968
0.662
0.32823
0.662
0.210537
0.317147
0.662
0.662
0.210677
0.662
0.662
0.662
0.662
0.0393122
0.287192
0.662
0.370007
0.141014
0.0663907
0.508506
0.452806
0.662
0.662
0.303101
0.171669
0.0314238
0.300867
0.662
0.662
0.662
0.662
0.110056
0.526003
0.662
0.662
0.196679
0.394847
0.662
0.391879
0.662
0.20861
0.662
0.290905
0.558881
0.326941
0.298816
0.662
0.311494
0.34973
0.44324
0.215003
0.149109
0.270644
0.259591
0.662
0.662
0.203279
0.662
0.603959
0.217181
0.392604
0.662
0.662
0.662
0.662
0.246967
0.0332309
0.0108652
0.114818
0.289455
0.274319
0.314745
0.248262
0.662
0.500726
0.198907
0.662
0.0408666
0.111652
0.662
0.662
0.662
0.19365
0.332887
0.662
0.215803
0.34556
0.0740475
0.389506
0.209264
0.150584
0.662
0.662
0.662
0.586291
0.350804
0.232905
0.662
0.195514
0.323792
0.0847316
0.559475
0.662
0.662
0.151904
0.208571
0.157204
0.662
0.16977
0.281496
0.191465
0.662
0.23912
0.662
0.135882
0.124014
0.662
0.662
0.324866
0.207921
0.123131
0.662
0.662
0.203283
0.662
0.167317
0.214253
0.26705
0.162524
0.0108571
0.259026
0.222379
0.662
0.348683
0.662
0.263886
0.662
0.153501
0.463251
0.365251
0.283384
0.662
0.662
0.202904
0.662
0.662
0.549429
0.119732
0.160519
0.662
0.230606
0.24659
0.30262
0.46652
0.662
0.662
0.31929
0.322168
0.382248
0.662
0.662
0.243192
0.183286
0.662
0.17478
0.662
0.465598
0.31225
0.311478
0.0914265
0.662
0.330464
0.269242
0.0602941
0.655995
0.537594
0.662
0.170731
0.209831
0.662
0.662
0.662
0.626747
0.662
0.237413
0.226924
0.38784
0.402321
0.310147
0.459909
0.29474
0.28503
0.167397
0.662
0.199936
0.0807588
0.299305
0.336581
0.499127
0.662
0.326418
0.253306
0.141368
0.662
0.0895935
0.662
0.120251
0.662
0.662
0.342639
0.662
0.662
0.0339259
0.463054
0.662
0.276446
0.274476
0.662
0.662
0.165542
0.662
0.434345
0.662
0.284999
0.219808
0.476213
0.166101
0.0567013
0.662
0.309988
0.662
0.662
0.307966
0.232768
0.662
0.20546
0.156558
0.23766
0.662
0.429328
0.662
0.662
0.0562365
0.662
0.662
0.662
0.164926
0.460248
0.662
0.243287
0.27498
0.662
0.198877
0.662
0.150531
0.0657543
0.452685
0.569665
0.662
0.0121313
0.290374
0.662
0.662
0.662
0.662
0.168407
0.662
0.386832
0.662
0.362325
0.182854
0.662
0.662
0.142957
0.0754228
0.31991
0.124782
0.662
0.403951
0.031604
0.662
0.268507
0.662
0.662
0.285817
0.662
0.213901
0.466865
0.662
0.191765
0.189164
0.408044
0.131208
0.662
0.662
0.662
0.662
0.24866
0.662
0.662
0.454726
0.0114556
0.662
0.356311
0.262905
0.662
0.175253
0.627947
0.662
0.339517
0.662
0.662
0.662
0.662
0.662
0.662
0.184566
0.472645
0.0480558
0.2227
0.262706
0.662
0.430365
0.530607
0.293131
0.314311
0.662
0.662
0.662
0.662
0.427657
0.662
0.662
0.662
0.662
0.0824067
0.476304
0.075471
0.435552
0.233662
0.219171
0.199731
0.0250624
0.662
0.502034
0.662
0.200613
0.309691
0.543277
0.24428
0.170138
0.271537
0.287837
0.56368
0.662
0.154473
0.258308
0.255565
0.662
0.426315
0.0232994
0.662
0.103342
0.380534
0.142208
0.45391
0.662
0.662
0.336644
0.450711
0.662
0.662
0.662
0.662
0.359083
0.662
0.23211
0.662
0.662
0.662
0.662
0.224545
0.541498
0.457586
0.662
0.142731
0.155981
0.0703859
0.204618
0.662
0.412484
0.454362
0.662
0.662
0.662
0.165269
0.662
0.662
0.196163
0.218258
0.386144
0.333101
0.267835
0.662
0.662
0.131777
0.201683
0.662
0.662
0.468267
0.662
0.27082
0.127441
0.662
0.432399
0.662
0.662
0.662
0.115665
0.174818
0.0837376
0.662
0.662
0.662
0.662
0.398466
0.298922
0.403682
0.662
0.45537
0.662
0.0063556
0.11625
0.361802
0.167461
0.405012
0.35503
0.662
0.662
0.381536
0.662
0.662
0.238604
0.0266252
0.662
0.662
0.662
0.00426794
0.662
0.662
0.662
0.183799
0.452268
0.662
0.662
0.279366
0.320226
0.241071
0.662
0.22325
0.081945
0.662
0.662
0.662
0.349394
0.662
0.662
0.168608
0.0371981
0.472348
0.466572
0.0875982
0.205233
0.662
0.662
0.478666
0.266213
0.662
0.662
0.239101
0.0999944
0.419335
0.662
0.662
0.662
0.662
0.556684
0.19451
0.289957
0.244505
0.45125
0.662
0.0564325
0.662
0.662
0.662
0.662
0.557127
0.364202
0.662
0.297715
0.662
0.410158
0.662
0.662
0.0863349
0.198227
0.662
0.60582
0.381424
0.249612
0.266484
0.662
0.662
0.662
0.662
0.662
0.2138
0.662
0.662
0.662
0.662
0.0805656
0.0551254
0.236076
0.222737
0.0953966
0.662
0.662
0.662
0.338147
0.435106
0.662
0.662
0.339465
0.251292
0.662
0.662
0.346752
0.163774
0.662
0.662
0.438512
0.246023
0.442625
0.206145
0.290821
0.662
0.364852
0.662
0.662
0.145427
0.662
0.00556056
0.662
0.253562
0.327949
0.662
0.185922
0.662
0.158535
0.662
0.662
0.662
0.662
0.395383
0.0253192
0.476296
0.143697
0.597038
0.662
0.523195
0.662
0.662
0.662
0.662
0.199643
0.662
0.662
0.390988
0.0193094
0.662
0.662
0.662
0.570235
0.495807
0.662
0.106213
0.225855
0.223306
0.315403
0.662
0.239712
0.149089
0.252253
0.505476
0.662
0.463539
0.361763
0.416588
0.260335
0.210749
0.136898
0.261576
0.171287
0.662
0.662
0.662
0.547287
0.662
0.0170857
0.662
0.662
0.0597247
0.662
0.353022
0.294882
0.414685
0.662
0.662
0.316122
0.662
0.285129
0.180824
0.662
0.662
0.238309
0.662
0.662
0.662
0.297572
0.495146
0.474916
0.662
0.0986657
0.198987
0.311229
0.662
0.0898573
0.662
0.0213904
0.0783979
0.662
0.0526021
0.662
0.662
0.210749
0.662
0.662
0.451472
0.0252851
0.662
0.251581
0.662
0.662
0.662
0.504751
0.662
0.662
0.0875707
0.329762
0.0498654
0.455411
0.662
0.662
0.662
0.0763825
0.155998
0.662
0.662
0.662
0.146678
0.662
0.662
0.359086
0.45109
0.295737
0.662
0.173044
0.662
0.130391
0.504962
0.192318
0.116184
0.662
0.201278
0.622287
0.299505
0.662
0.456581
0.473929
0.662
0.0612943
0.662
0.43515
0.662
0.662
0.461813
0.662
0.0745339
0.210031
0.662
0.3361
0.662
0.662
0.662
0.662
0.662
0.279635
0.291234
0.338623
0.662
0.395361
0.662
0.327519
0.263274
0.278707
0.169093
0.224479
0.480283
0.311643
0.662
0.503775
0.476687
0.662
0.490944
0.662
0.377874
0.365322
0.662
0.662
0.356047
0.662
0.280517
0.134309
0.29715
0.47826
0.254353
0.662
0.662
0.305559
0.155748
0.462642
0.662
0.662
0.275628
0.662
0.662
0.2493
0.12234
0.662
0.112814
0.662
0.505137
0.491052
0.662
0.285168
0.0487859
0.155264
0.662
0.662
0.662
0.662
0.662
0.242052
0.31463
0.259822
0.662
0.662
0.366905
0.454103
0.662
0.434352
0.26781
0.270558
0.662
0.218168
0.662
0.31977
0.216766
0.288994
0.662
0.662
0.156537
0.662
0.662
0.224794
0.662
0.137074
0.662
0.662
0.448578
0.226631
0.662
0.550685
0.662
0.291951
0.126689
0.662
0.261747
0.662
