0.662
0.421871
0.662
0.191456
0.33679
0.144588
0.466091
0.662
0.0180278
0.483049
0.662
0.662
0.200391
0.282702
0.18181
0.272757
0.662
0.662
0.272875
0.224302
0.568354
0.662
0.201412
0.662
0.268536
0.662
0.288556
0.0360716
0.20245
0.662
0.178308
0.166315
0.662
0.662
0.589384
0.107918
0.662
0.662
0.29021
0.152997
0.442735
0.298394
0.662
0.243466
0.662
0.239498
0.313535
0.30679
0.662
0.662
0.550204
0.662
0.0740733
0.662
0.344396
0.662
0.662
0.437715
0.334869
0.662
0.440298
0.287336
0.327924
0.662
0.662
0.0218165
0.511538
0.662
0.662
0.19419
0.198456
0.624475
0.352383
0.662
0.662
0.00579181
0.169828
0.662
0.43732
0.188268
0.386982
0.269737
0.225178
0.35818
0.662
0.662
0.662
0.662
0.0448251
0.59
0.176851
0.241503
0.662
0.254571
0.169786
0.662
0.3848
0.322998
0.589621
0.662
0.662
0.370731
0.160702
0.288646
0.662
0.487382
0.662
0.316576
0.0128305
0.0386326
0.411924
0.229643
0.432855
0.0443843
0.662
0.385505
0.227625
0.662
0.0892944
0.662
0.662
0.089135
0.488459
0.482074
0.374568
0.662
0.45192
0.662
0.0449039
0.186374
0.562562
0.662
0.662
0.545287
0.120479
0.247671
0.662
0.0945898
0.209383
0.662
0.523503
0.611977
0.612806
0.329678
0.662
0.250832
0.14817
0.294333
0.662
0.662
0.662
0.411712
0.137774
0.662
0.289484
0.662
0.473371
0.00988251
0.00462082
0.380071
0.198584
0.215863
0.662
0.662
0.0331857
0.0580265
0.351519
0.298009
0.400412
0.190497
0.362148
0.404523
0.136081
0.572843
0.0676665
0.412365
0.662
0.654847
0.185788
0.209564
0.602712
0.662
0.662
0.662
0.532128
0.662
0.14001
0.251298
0.232273
0.626813
0.30556
0.476258
0.350706
0.662
0.12534
0.173118
0.236672
0.375062
0.155587
0.662
0.363273
0.662
0.662
0.662
0.662
0.382353
0.347736
0.197509
0.662
0.321855
0.662
0.662
0.290184
0.662
0.0812961
0.087501
0.662
0.662
0.662
0.662
0.662
0.662
0.662
0.662
0.22626
0.662
0.662
0.431511
0.151159
0.163702
0.662
0.662
0.662
0.633391
0.106775
0.0693277
0.662
0.197047
0.270764
0.662
0.662
0.463398
0.34033
0.662
0.397185
0.662
0.330456
0.620335
0.662
0.662
0.392775
0.214527
0.0757898
0.662
0.662
0.420932
0.0846079
0.299611
0.3928
0.662
0.662
0.186327
0.662
0.662
0.043355
0.113192
0.464565
0.175538
0.0791692
0.227362
0.211021
0.334359
0.662
0.457002
0.662
0.662
0.53537
0.662
0.115734
0.361736
0.662
0.209498
0.422559
0.410522
0.269345
0.662
0.662
0.436459
0.0660692
0.662
0.662
0.0504069
0.203298
0.301166
0.426072
0.662
0.662
0.448839
0.483222
0.662
0.297493
0.662
0.493332
0.662
0.662
0.604896
0.344991
0.662
0.662
0.662
0.662
0.662
0.662
0.267497
0.596175
0.662
0.662
0.662
0.128306
0.15057
0.0875546
0.305574
0.330808
0.351
0.662
0.353739
0.662
0.662
0.160146
0.108942
0.662
0.281065
0.530628
0.662
0.00365242
0.37821
0.662
0.248145
0.0858149
0.662
0.45904
0.149209
0.170476
0.266796
0.455881
0.662
0.406157
0.662
0.662
0.662
0.662
0.662
0.187757
0.405783
0.662
0.145782
0.34009
0.662
0.662
0.255282
0.218038
0.168896
0.0283394
0.662
0.662
0.427135
0.662
0.540303
0.0190408
0.241769
0.132877
0.379389
0.662
0.188775
0.190567
0.423291
0.626947
0.302395
0.494875
0.314637
0.194074
0.0828538
0.143715
0.455938
0.662
0.375848
0.131355
0.489792
0.662
0.17929
0.197713
0.302953
0.662
0.0643265
0.662
0.44007
0.662
0.219712
0.662
0.348945
0.662
0.662
0.181431
0.662
0.662
0.464541
0.662
0.339777
0.361908
0.0260333
0.149903
0.395605
0.227224
0.445144
0.349193
0.034194
0.662
0.513789
0.00260135
0.662
0.662
0.662
0.662
0.153347
0.152465
0.662
0.357313
0.0346335
0.662
0.662
0.194136
0.387293
0.662
0.662
0.424563
0.391504
0.53929
0.603171
0.662
0.19578
0.362903
0.662
0.424549
0.454179
0.662
0.40501
0.662
0.0596892
0.255036
0.137715
0.150762
0.0286626
0.662
0.00302754
0.396538
0.662
0.0724917
0.662
0.111429
0.197228
0.447596
0.106669
0.408902
0.342439
0.0191195
0.142368
0.0987659
0.301939
0.662
0.367156
0.662
0.518393
0.662
0.595901
0.662
0.402098
0.0356897
0.662
0.28242
0.662
0.662
0.552086
0.662
0.360194
0.657623
0.662
0.162509
0.244617
0.416171
0.00650546
0.40301
0.199027
0.304309
0.304995
0.239131
0.449232
0.326118
0.244592
0.662
0.156897
0.272769
0.662
0.322017
0.470465
0.662
0.662
0.662
0.662
0.269694
0.640549
0.662
0.369026
0.662
0.376748
0.16027
0.424199
0.264709
0.253786
0.662
0.662
0.662
0.192197
0.662
0.57266
0.5616
0.304751
0.662
0.141483
0.653045
0.662
0.164699
0.662
0.118319
0.662
0.384203
0.0495119
0.398437
0.662
0.439511
0.662
0.662
0.662
0.662
0.438107
0.524828
0.662
0.254148
0.548988
0.405066
0.135974
0.662
0.630416
0.662
0.115166
0.328155
0.553382
0.648047
0.662
0.662
0.41107
0.126352
0.0286269
0.4713
0.144531
0.0738208
0.167122
0.0280788
0.220245
0.131766
0.037344
0.662
0.0770847
0.662
0.601958
0.662
0.662
0.16395
0.662
0.217321
0.662
0.11597
0.383601
0.271723
0.329223
0.662
0.662
0.662
0.662
0.662
0.662
0.227716
0.205756
0.42643
0.662
0.140148
0.320182
0.662
0.662
0.662
0.662
0.376501
0.662
0.0465061
0.662
0.616814
0.0144251
0.662
0.662
0.186426
0.202779
0.232182
0.606568
0.20002
0.212317
0.209513
0.166503
0.293415
0.210309
0.662
0.662
0.184629
0.217817
0.296118
0.272531
0.662
0.197951
0.375843
0.662
0.369509
0.0851929
0.101992
0.662
0.292803
0.662
0.662
0.164844
0.662
0.433027
0.29483
0.662
0.261125
0.662
0.662
0.627623
0.369099
0.662
0.662
0.0701776
0.26196
0.662
0.662
0.117871
0.123201
0.662
0.306438
0.432098
0.662
0.662
0.424542
0.662
0.629037
0.662
0.284658
0.662
0.0993603
0.467905
0.600055
0.0912923
0.392548
0.662
0.549481
0.642832
0.174461
0.163327
0.662
0.662
0.45362
0.662
0.426322
0.158361
0.323557
0.468063
0.0874425
0.354664
0.297793
0.662
0.662
0.662
0.142812
0.381219
0.662
0.662
0.662
0.320864
0.342807
0.363656
0.455183
0.0650614
0.662
0.319414
0.662
0.662
0.172401
0.103566
0.510011
0.0662168
0.299124
0.662
0.197872
0.662
0.662
0.481425
0.198065
0.296111
0.204171
0.361839
0.513942
0.662
0.0204122
0.662
0.662
0.662
0.0855894
0.567531
0.241333
0.0120029
0.662
0.662
0.463677
0.662
0.662
0.606489
0.0349057
0.117616
0.662
0.375938
0.328087
0.374059
0.662
0.393084
0.662
0.0638616
0.0800274
0.662
0.662
0.662
0.0366294
0.137946
0.553872
0.202829
0.136146
0.662
0.662
0.113625
0.00942608
0.00346415
0.176306
0.539522
0.108515
0.631073
0.631502
0.662
0.662
0.662
0.50542
0.0199805
0.662
0.662
0.662
0.470682
0.662
0.662
0.603723
0.662
0.438043
0.305969
0.14411
0.284693
0.35797
0.346823
0.662
0.662
0.662
0.662
0.0201884
0.395058
0.565334
0.42474
0.434648
0.662
0.2479
0.489356
0.165025
0.3874
0.166988
0.662
0.662
0.662
0.246731
0.27325
0.662
0.662
0.206914
0.406477
0.507084
0.333335
0.233324
0.242905
0.0953028
0.424008
0.505249
0.607521
0.222931
0.115553
0.662
0.0245229
0.662
0.160834
0.359649
0.37064
0.152769
0.299661
0.0514445
0.662
0.0105607
0.51262
0.0916417
0.575119
0.662
0.662
0.257771
0.662
0.448566
0.662
0.322063
0.173614
0.0527743
0.662
0.519879
0.110088
0.348984
0.662
0.662
0.662
0.662
0.662
0.196846
0.662
0.153512
0.180018
0.662
0.662
0.662
0.211492
0.662
0.662
0.662
0.662
0.662
0.209396
0.0137159
0.662
0.208118
0.351285
0.662
0.662
0.662
0.662
0.380696
0.00527432
0.662
0.477945
0.0243106
0.0580312
0.662
0.662
0.340066
0.662
0.662
0.237271
0.114395
0.367012
0.662
0.662
0.662
0.146341
0.117742
0.148605
0.431326
0.365301
0.0673312
0.662
0.404127
0.261634
0.662
0.458365
0.0100223
0.662
0.204662
0.662
0.662
0.662
0.662
0.319577
0.662
0.329428
0.662
0.196399
0.443969
0.662
0.662
0.662
0.150895
0.662
0.662
0.662
0.223122
0.244126
0.647068
0.089792
0.662
0.650763
0.549173
0.278614
0.662
0.461747
0.662
0.662
0.399205
0.0347094
0.662
0.356544
0.662
0.498027
0.662
0.662
0.662
0.0983856
0.402816
0.136329
0.176383
0.118532
0.350344
0.662
0.625152
0.0255392
0.662
0.662
0.410716
0.662
0.62305
0.407598
0.0596712
0.530566
0.217135
0.662
0.157926
0.662
0.662
0.138357
0.32692
0.350276
0.662
0.662
0.261209
0.662
0.151048
0.662
0.158855
0.662
0.186659
0.492233
0.662
0.662
0.399732
0.216066
0.525764
0.309695
0.662
0.608609
0.252728
0.465747
0.662
0.255255
0.662
0.662
0.632189
0.582702
0.177073
0.662
0.662
0.22207
0.662
0.567834
0.275462
0.474555
0.209875
0.662
0.210347
0.0730921
0.178943
0.294064
0.537074
0.662
0.257999
0.662
0.662
0.662
0.372713
0.184822
0.662
0.158832
0.662
0.516706
0.185668
0.369622
0.662
0.19322
0.194947
0.662
0.194444
0.268153
0.223625
0.298468
0.297556
0.662
0.662
0.197921
0.412055
0.189454
0.24829
0.0143492
0.662
0.459958
0.0896918
0.506523
0.662
0.391437
0.360242
0.0918086
0.0521796
0.00684936
0.662
0.662
0.442299
0.0083119
0.286057
0.662
0.662
0.313452
0.662
0.662
0.662
0.193178
0.662
0.108112
0.156075
0.138884
0.662
0.662
0.28268
0.0632627
0.662
0.397398
0.662
0.662
0.18629
0.133309
0.606898
0.0980991
0.662
0.175378
0.27657
0.662
0.201303
0.438227
0.0159494
0.0943034
0.50342
0.662
0.259067
0.0227099
0.347423
0.323351
0.33821
0.260135
0.662
0.662
0.662
0.662
0.469749
0.0782568
0.662
0.662
0.662
0.524997
0.662
0.340962
0.662
0.313128
0.654352
0.644979
0.163896
0.239355
0.662
0.527754
0.662
0.662
0.662
0.321388
0.614377
0.208677
0.294486
0.090361
0.0247478
0.662
0.662
0.529572
0.662
0.308801
0.662
0.361338
0.332735
0.662
0.470183
0.324431
0.450055
0.0524086
0.37803
0.662
0.662
0.331425
0.473095
0.475951
0.662
0.0037772
0.662
0.190232
0.128382
0.257923
0.461223
0.0911694
0.298406
0.662
0.662
0.662
0.662
0.474342
0.662
0.662
0.173047
0.0560534
0.662
0.129397
0.408102
0.662
0.165553
0.662
0.223743
0.211806
0.631148
0.662
0.662
0.286263
0.421561
0.450224
0.586447
0.536422
0.662
0.662
0.662
0.288318
0.662
0.662
0.0116637
0.429697
0.662
0.424049
0.662
0.662
0.177057
0.207653
0.56474
0.662
0.0251413
0.118781
0.662
0.662
0.662
0.27489
0.469019
0.216737
0.662
0.662
0.438628
0.535563
0.662
0.662
0.633199
0.662
0.662
0.439937
0.00624285
0.541256
0.297623
0.662
0.134612
0.417345
0.662
0.371031
0.184779
0.662
0.662
0.559149
0.243141
0.662
0.621463
0.533857
0.409117
0.662
0.448568
0.420681
0.0470907
0.413176
0.662
0.662
0.662
0.234668
0.249799
0.254345
0.662
0.359537
0.188885
0.336195
0.599853
0.602427
0.657845
0.200958
0.460832
0.207781
0.041617
0.284006
0.662
0.166033
0.180673
0.662
0.480412
0.43526
0.662
0.662
0.124403
0.662
0.156841
0.0681321
0.0888243
0.662
0.407445
0.365127
0.662
0.221915
0.138688
0.662
0.404084
0.133108
0.0238699
0.00481245
0.662
0.0796729
0.348347
0.506383
0.636985
0.662
0.662
0.662
0.227572
0.662
0.26516
0.111064
0.418636
0.662
0.662
0.662
0.432114
0.342109
0.394944
0.662
0.662
0.28781
0.526291
0.242598
0.182542
0.662
0.662
0.662
0.285267
0.662
0.635467
0.559553
0.500348
0.42972
0.129138
0.361688
0.364354
0.0219258
0.662
0.190268
0.662
0.0455954
0.212943
0.662
0.385334
0.633822
0.127391
0.352274
0.515076
0.0421549
0.662
0.662
0.475046
0.337635
0.662
0.662
0.0512353
0.129515
0.662
0.662
0.662
0.193073
0.0807647
0.662
0.425623
0.25125
0.0623847
0.662
0.0189888
0.255094
0.662
0.304847
0.662
0.438515
0.662
0.38909
0.662
0.60354
0.48792
0.117419
0.339716
0.291628
0.212392
0.0269986
0.154655
0.375657
0.172873
0.173429
0.662
0.156868
0.193771
0.357745
0.221753
0.592316
0.0302849
0.662
0.662
0.306942
0.662
0.407933
0.383925
0.64069
0.223706
0.662
0.366689
0.269335
0.12918
0.662
0.217819
0.0822672
0.363271
0.662
0.449356
0.326835
0.520287
0.662
0.445384
0.284393
0.135469
0.31471
0.135699
0.281365
0.662
0.123598
0.317051
0.375048
0.515734
0.183229
0.34746
0.662
0.502872
0.193075
0.57741
0.633469
0.371644
0.662
0.220317
0.629706
0.252658
0.662
0.531737
0.662
0.662
0.662
0.105906
0.331616
0.662
0.0392805
0.24924
0.642039
0.410402
0.202016
0.662
0.103021
0.662
0.60074
0.434769
0.303844
0.52021
0.621899
0.43489
0.662
0.235348
0.422251
0.143201
0.662
0.662
0.132608
0.178508
0.662
0.111744
0.662
0.662
0.471107
0.263451
0.0118547
0.662
0.662
0.482201
0.662
0.0104245
0.662
0.194017
0.662
0.449834
0.0209828
0.347994
0.662
0.662
0.225275
0.662
0.119123
0.236161
0.0566337
0.255967
0.634536
0.662
0.0251531
0.261003
0.286709
0.662
0.226535
0.225335
0.193138
0.662
0.662
0.300955
0.110733
0.124413
0.126725
0.662
0.662
0.662
0.00573584
0.219345
0.249975
0.662
0.662
0.21254
0.662
0.0217574
0.191026
0.563564
0.662
0.662
0.0709626
0.129654
0.397347
0.662
0.662
0.445414
0.662
0.662
0.285186
0.662
0.662
0.451895
0.283448
0.211304
0.418116
0.53493
0.662
0.340294
0.662
0.32804
0.239755
0.638018
0.662
0.662
0.662
0.662
0.662
0.49508
0.662
0.122653
0.662
0.552311
0.662
0.145713
0.265865
0.0935441
0.218309
0.662
0.639298
0.439155
0.409783
0.662
0.250021
0.662
0.255043
0.662
0.662
0.662
0.485614
0.327343
0.341492
0.0324107
0.395995
0.224715
0.662
0.662
0.662
0.362918
0.453296
0.31189
0.662
0.33922
0.0624429
0.360224
0.662
0.166402
0.662
0.194567
0.0142144
0.662
0.662
0.563718
0.133611
0.291447
0.135746
0.662
0.361398
0.662
0.662
0.0724919
0.290379
0.249512
0.662
0.475033
0.20771
0.662
0.662
0.662
0.317618
0.662
0.662
0.662
0.190447
0.261049
0.0770043
0.458546
0.064432
0.237246
0.187247
0.662
0.662
0.313705
0.216973
0.152798
0.662
0.662
0.51205
0.662
0.662
0.662
0.662
0.102754
0.138469
0.528229
0.118459
0.662
0.662
0.662
0.662
0.461687
0.358765
0.0546587
0.662
0.662
0.358498
0.391936
0.376048
0.219867
0.38038
0.662
0.662
0.656933
0.60796
0.24437
0.662
0.460067
0.662
0.0932371
0.427187
0.359073
0.288638
0.453261
0.22375
0.662
0.623905
0.662
0.16781
0.662
0.186649
0.24018
0.662
0.662
0.662
0.268495
0.424404
0.282607
0.215319
0.452625
0.264897
0.662
0.217014
0.346444
0.662
0.143187
0.376147
0.109898
0.144025
0.138511
0.662
0.493046
0.446319
0.662
0.218833
0.662
0.0502979
0.115105
0.187636
0.332275
0.351825
0.662
0.662
0.451141
0.46211
0.662
0.44591
0.0656345
0.22195
0.662
0.152692
0.375983
0.662
0.162231
0.221315
0.135111
0.662
0.662
0.662
0.322152
0.120445
0.662
0.392271
0.662
0.202131
0.662
0.662
0.662
0.118398
0.446556
0.317332
0.662
0.662
0.34002
0.662
0.26404
0.662
0.121184
0.45738
0.662
0.662
0.0935641
0.662
0.662
0.269804
0.662
0.662
0.662
0.185946
0.48992
0.662
0.372563
0.662
0.371002
0.302366
0.662
0.289213
0.543117
0.662
0.0112886
0.662
0.662
0.662
0.197547
0.185793
0.18733
0.662
0.00643938
0.596902
0.662
0.14066
0.63669
0.449179
0.032094
0.248371
0.225374
0.409371
0.662
0.662
0.54259
0.662
0.403716
0.0634786
0.662
0.379933
0.169121
0.354393
0.662
0.662
0.435383
0.662
0.662
0.662
0.214523
0.46398
0.662
0.100997
0.158862
0.0941837
0.00027716
0.662
0.405321
0.662
0.439214
0.187902
0.285051
0.0178641
0.353615
0.662
0.0335136
0.662
0.662
0.242198
0.0836529
0.198169
0.280036
0.662
0.662
0.662
0.662
0.662
0.333981
0.0824055
0.662
0.560277
0.662
0.662
0.331278
0.662
0.215943
0.662
0.662
0.333804
0.582103
0.162965
0.662
0.662
0.201732
0.662
0.662
0.540462
0.662
0.225861
0.224285
0.662
0.136369
0.594231
0.30907
0.662
0.662
0.366895
0.184587
0.0941512
0.215782
0.267004
0.300468
0.662
0.471845
0.173427
0.0959527
0.201167
0.0405296
0.0510866
0.662
0.316344
0.662
0.637181
0.662
0.331179
0.615456
0.223013
0.0687385
0.584433
0.573649
0.662
0.461976
0.274343
0.662
0.662
0.662
0.46396
0.614183
0.049036
0.203665
0.211641
0.662
0.662
0.501579
0.662
0.54503
0.384529
0.662
0.662
0.163372
0.139772
0.442358
0.662
0.662
0.662
0.662
0.662
0.662
0.662
0.662
0.269504
0.109135
0.000521727
0.090799
0.662
0.662
0.0666964
0.662
0.181608
0.221301
0.662
0.411771
0.662
0.093713
0.366866
0.662
0.572851
0.662
0.662
0.662
0.662
0.662
0.662
0.272334
0.42437
0.662
0.662
0.662
0.105929
0.124396
0.479053
0.662
0.662
0.662
0.15758
0.24076
0.661143
0.183054
0.395594
0.394985
0.380653
0.662
0.39596
0.662
0.363862
0.662
0.571115
0.0541804
0.432895
0.662
0.291786
0.662
0.10986
0.662
0.0543798
0.662
0.662
0.662
0.662
0.173911
0.116288
0.662
0.662
0.662
0.353896
0.662
0.136243
0.423293
0.662
0.244204
0.437861
0.662
0.662
0.109674
0.543771
0.0148166
0.662
0.31721
0.0437088
0.662
0.662
0.662
0.662
0.0283171
0.343673
0.458185
0.662
0.503846
0.345075
0.299737
0.662
0.478007
0.272305
0.30769
0.459134
0.152553
0.616352
0.662
0.662
0.381177
0.327975
0.362662
0.318313
0.458709
0.0719966
0.662
0.508427
0.662
0.662
0.316224
0.662
0.170108
0.662
0.525678
0.662
0.217751
0.450704
0.012572
0.340017
0.228789
0.644741
0.103197
0.120324
0.302817
0.595716
0.662
0.311126
0.348202
0.662
0.662
0.382581
0.179343
0.662
0.296067
0.32126
0.205817
0.0885582
0.662
0.142376
0.662
0.354367
0.398558
0.421236
0.15828
0.662
0.662
0.662
0.662
0.327742
0.492608
0.662
0.157728
0.662
0.491141
0.383781
0.662
0.151846
0.662
0.162377
0.0422906
0.154632
0.662
0.34397
0.662
0.508179
0.0153028
0.662
0.0913022
0.555898
0.359656
0.662
0.0846598
0.662
0.662
0.0771599
0.402407
0.275932
0.662
0.458487
0.662
0.229858
0.662
0.313895
0.377869
0.22824
0.303172
0.662
0.662
0.662
0.662
0.188113
0.0319915
0.662
0.303768
0.662
0.211085
0.278398
0.528872
0.28471
0.288405
0.204433
0.278678
0.139102
0.587698
0.662
0.237245
0.418121
0.662
0.662
0.184423
0.662
0.359232
0.662
0.662
0.344149
0.662
0.293481
0.662
0.107588
0.662
0.0469056
0.620469
0.662
0.376011
0.274727
0.662
0.662
0.662
0.394358
0.417958
0.251237
0.662
0.0411727
0.277569
0.662
0.116511
0.662
0.169872
0.251098
0.10913
0.364556
0.57458
0.202717
0.662
0.662
0.662
0.450487
0.662
0.662
0.0149201
0.470305
0.662
0.23033
0.523658
0.301342
0.662
0.394381
0.208452
0.15479
0.662
0.265238
0.662
0.662
0.662
0.662
0.662
0.148767
0.104883
0.662
0.0661965
0.0244753
0.222169
0.662
0.000386195
0.662
0.464369
0.662
0.439644
0.375633
0.452238
0.129103
0.662
0.662
0.05684
0.198209
0.201849
0.662
0.662
0.662
0.662
0.0679091
0.271233
0.662
0.505933
0.662
0.384676
0.662
0.244274
0.161005
0.269442
0.380894
0.571301
0.229326
0.662
0.211486
0.662
0.283902
0.451759
0.101056
0.662
0.213465
0.662
0.168057
0.658497
0.184736
0.183318
0.662
0.662
0.1137
0.401508
0.0976564
0.662
0.346784
0.662
0.662
0.188758
0.242621
0.662
0.190141
0.133635
0.172444
0.662
0.662
0.238774
0.250586
0.153235
0.438647
0.555238
0.440151
0.662
0.386167
0.487763
0.56338
0.149476
0.662
0.662
0.274808
0.181091
0.561499
0.424915
0.239928
0.520466
0.662
0.662
0.172117
0.662
0.489079
