0.0675613
0.662
0.293703
0.662
0.33679
0.662
0.662
0.662
0.626371
0.662
0.358775
0.122653
0.484656
0.662
0.511538
0.662
0.662
0.0449039
0.115105
0.102754
0.248681
0.130952
0.662
0.187017
0.24437
0.662
0.00825483
0.0335136
0.662
0.140214
0.662
0.154317
0.662
0.535563
0.207668
0.343673
0.662
0.430034
0.662
0.563564
0.353404
0.662
0.321842
0.102887
0.662
0.662
0.12918
0.510011
0.221315
0.662
0.662
0.662
0.662
0.662
0.197951
0.662
0.614197
0.455938
0.197921
0.662
0.451699
0.662
0.36302
0.662
0.181431
0.285702
0.259067
0.225731
0.358765
0.4391
0.186292
0.662
0.662
0.34033
0.660534
0.0424311
0.194567
0.187843
0.380696
0.662
0.643697
0.301342
0.0495119
0.204662
0.44889
0.662
0.0771599
0.0414025
0.662
0.662
0.0212099
0.286962
0.662
0.0712066
0.160146
0.243141
0.415809
0.3874
0.662
0.377869
0.662
0.267587
0.425623
0.662
0.0800274
0.662
0.59986
0.294064
0.193121
0.662
0.379428
0.528872
0.370999
0.209383
0.0293365
0.468379
0.442299
0.261436
0.662
0.442735
0.426895
0.662
0.291447
0.662
0.662
0.662
0.45117
0.192571
0.435276
0.662
0.0106484
0.662
0.271723
0.662
0.224578
0.136024
0.662
0.662
0.223013
0.662
0.33381
0.420681
0.662
0.662
0.567531
0.662
0.662
0.173047
0.425169
0.659806
0.236711
0.132877
0.543632
0.662
0.662
0.220317
0.662
0.662
0.0116688
0.207029
0.109898
0.662
0.614377
0.662
0.0728667
0.662
0.238957
0.0503558
0.135699
0.662
0.662
0.662
0.662
0.662
0.0231499
0.662
0.128866
0.662
0.662
0.662
0.204858
0.662
0.475084
0.48992
0.662
0.662
0.156212
0.662
0.0867617
0.662
0.361398
0.412055
0.0722744
0.662
0.332707
0.662
0.38909
0.391165
0.152257
0.0466422
0.255253
0.662
0.662
0.662
0.154305
0.330619
0.25679
0.284393
0.364502
0.209485
0.662
0.0935641
0.584575
0.113805
0.662
0.634746
0.662
0.236161
0.520287
0.620335
0.190255
0.662
0.662
0.662
0.385057
0.256492
0.10113
0.662
0.475477
0.282459
0.662
0.448217
0.662
0.662
0.285267
0.430981
0.662
0.662
0.662
0.132243
0.584433
0.236863
0.275462
0.177073
0.41107
0.35797
0.0546353
0.0623847
0.662
0.410402
0.039673
0.295104
0.378806
0.662
0.662
0.270084
0.662
0.356544
0.662
0.662
0.0981747
0.130763
0.144493
0.0724919
0.662
0.662
0.0487762
0.0693277
0.251098
0.339752
0.662
0.246731
0.423291
0.196892
0.662
0.277545
0.254148
0.372704
0.243973
0.464574
0.251782
0.662
0.33711
0.662
0.662
0.662
0.0903927
0.662
0.434491
0.662
0.662
0.662
0.288646
0.662
0.367012
0.190232
0.662
0.475332
0.662
0.662
0.213881
0.187247
0.218038
0.662
0.359605
0.641447
0.662
0.661126
0.662
0.662
0.662
0.0795956
0.472517
0.157152
0.662
0.45594
0.0521796
0.257923
0.220644
0.608004
0.342223
0.272757
0.0679091
0.302366
0.662
0.539522
0.138916
0.662
0.203351
0.379052
0.662
0.662
0.0953028
0.424008
0.662
0.110712
0.448482
0.662
0.072803
0.531809
0.0511981
0.48722
0.196066
0.0887777
0.662
0.194813
0.433004
0.405302
0.336052
0.470682
0.662
0.224728
0.662
0.662
0.0204122
0.662
0.283242
0.291615
0.0990546
0.662
0.662
0.0687385
0.299124
0.00656552
0.582702
0.662
0.361839
0.296286
0.35818
0.0943034
0.162509
0.244617
0.00624285
0.180844
0.0908648
0.424199
0.631148
0.211271
0.158832
0.662
0.20677
0.627623
0.608609
0.252728
0.317444
0.662
0.439214
0.363656
0.662
0.063471
0.231363
0.662
0.649986
0.142505
0.662
0.662
0.662
0.662
0.662
0.396008
0.283335
0.296067
0.662
0.662
0.662
0.662
0.662
0.615434
0.121184
0.293823
0.0965278
0.662
0.662
0.42899
0.662
0.124413
0.662
0.579059
0.0827334
0.662
0.443736
0.662
0.178508
0.652175
0.662
0.30769
0.348769
0.662
0.357934
0.662
0.662
0.226589
0.0888243
0.662
0.210309
0.662
0.493529
0.392647
0.346784
0.209564
0.284429
0.437304
0.525645
0.662
0.662
0.633391
0.662
0.443562
0.00988251
0.387533
0.573649
0.382834
0.174998
0.128108
0.353896
0.327696
0.223625
0.206122
0.299468
0.477945
0.662
0.0895034
0.362148
0.254715
0.19419
0.476258
0.234706
0.10788
0.0228206
0.662
0.126671
0.00260135
0.229858
0.662
0.192193
0.662
0.375616
0.0760896
0.662
0.172537
0.629037
0.662
0.662
0.662
0.662
0.304751
0.211106
0.662
0.662
0.0831693
0.135111
0.326604
0.658497
0.336019
0.432895
0.662
0.526986
0.662
0.089792
0.268957
0.196925
0.297318
0.398558
0.00245071
0.662
0.3637
0.662
0.662
0.662
0.157926
0.662
0.662
0.662
0.365301
0.662
0.114581
0.662
0.662
0.125312
0.493155
0.270371
0.3413
0.335026
0.0255392
0.662
0.662
0.644741
0.662
0.0130052
0.628535
0.329428
0.333933
0.469019
0.662
0.458546
0.221172
0.200743
0.303768
0.662
0.506383
0.228502
0.662
0.286046
0.662
0.0519913
0.662
0.191554
0.662
0.33524
0.662
0.662
0.523658
0.220133
0.15328
0.266116
0.305322
0.170108
0.262619
0.0671219
0.520928
0.236032
0.662
0.622723
0.541256
0.662
0.232707
0.662
0.662
0.662
0.662
0.662
0.391589
0.662
0.662
0.662
0.662
0.662
0.110253
0.357313
0.662
0.662
0.223743
0.305574
0.662
0.223051
0.662
0.662
0.328155
0.553382
0.196952
0.662
0.342586
0.662
0.28722
0.209078
0.433477
0.662
0.436035
0.289349
0.662
0.662
0.176306
0.288404
0.662
0.650102
0.224253
0.662
0.450749
0.662
0.158498
0.662
0.193273
0.301352
0.61881
0.00939389
0.662
0.321388
0.662
0.662
0.0378258
0.662
0.662
0.376479
0.460067
0.296863
0.0662168
0.244918
0.662
0.473371
0.295828
0.384676
0.662
0.442708
0.177057
0.474996
0.187757
0.662
0.0709626
0.285682
0.662
0.339716
0.662
0.220245
0.642039
0.259989
0.662
0.426322
0.107561
0.662
0.662
0.424404
0.418801
0.307895
0.662
0.205474
0.301743
0.662
0.342109
0.538679
0.192197
0.444669
0.662
0.345075
0.460832
0.365385
0.166033
0.591993
0.427135
0.344991
0.137774
0.662
0.662
0.662
0.127974
0.0636796
0.160834
0.325336
0.208118
0.0344484
0.662
0.19578
0.467905
0.662
0.508427
0.325477
0.185668
0.662
0.662
0.662
0.0375796
0.662
0.438647
0.00890861
0.327794
0.662
0.0919928
0.505249
0.662
0.15413
0.662
0.25181
0.485396
0.662
0.662
0.662
0.130969
0.662
0.440151
0.662
0.539453
0.425581
0.424438
0.244126
0.150733
0.456602
0.662
0.22408
0.662
0.47658
0.662
0.49508
0.107916
0.205756
0.662
0.497823
0.662
0.0987659
0.451141
0.662
0.662
0.325955
0.0513062
0.217542
0.029516
0.185253
0.115553
0.662
0.422251
0.157728
0.206519
0.662
0.0799225
0.479911
0.215319
0.662
0.312608
0.15758
0.547626
0.300614
0.38634
0.485997
0.55488
0.662
0.223421
0.464376
0.466091
0.662
0.662
0.461223
0.662
0.662
0.165553
0.123627
0.135974
0.346661
0.662
0.26878
0.194947
0.662
0.662
0.221019
0.57741
0.0152626
0.0623286
0.662
0.300918
0.0578937
0.662
0.662
0.34746
0.283469
0.0311571
0.260758
0.261192
0.253323
0.662
0.662
0.543421
0.199754
0.662
0.662
0.116672
0.361746
0.662
0.662
0.662
0.365127
0.135827
0.439155
0.147934
0.269335
0.513789
0.114387
0.182184
0.187261
0.662
0.0846079
0.330456
0.0476969
0.192667
0.328336
0.662
0.151048
0.206953
0.316002
0.293243
0.662
0.348945
0.662
0.347423
0.662
0.386167
0.662
0.394358
0.577287
0.270305
0.492608
0.0991147
0.393195
0.0775349
0.234668
0.166315
0.437715
0.662
0.0703437
0.662
0.616271
0.18542
0.662
0.662
0.404309
0.329392
0.00029142
0.662
0.662
0.108739
0.364148
0.554301
0.474555
0.662
0.662
0.662
0.475801
0.662
0.222931
0.662
0.662
0.197876
0.662
0.275682
0.662
0.422069
0.0284099
0.662
0.662
0.662
0.662
0.31721
0.31345
0.351137
0.458709
0.662
0.657623
0.174755
0.316576
0.662
0.440873
0.281365
0.223114
0.0319807
0.662
0.304847
0.260489
0.662
0.662
0.391596
0.575109
0.0330552
0.662
0.662
0.313202
0.662
0.390404
0.662
0.242598
0.307928
0.318804
0.662
0.471845
0.662
0.249512
0.575119
0.662
0.457861
0.206914
0.203359
0.291736
0.662
0.662
0.662
0.16811
0.662
0.662
0.662
0.0524086
0.171648
0.662
0.398957
0.205872
0.273059
0.297778
0.662
0.662
0.662
0.662
0.442358
0.202991
0.634228
0.0116637
0.00968705
0.662
0.195607
0.662
0.0336399
0.068877
0.26761
0.193075
0.662
0.0386326
0.662
0.662
0.0911694
0.150895
0.462929
0.223825
0.194417
0.536543
0.662
0.212943
0.252389
0.381786
0.449356
0.662
0.502962
0.662
0.662
0.662
0.129515
0.169786
0.662
0.662
0.0139211
0.0873687
0.662
0.662
0.662
0.662
0.51205
0.225383
0.241205
0.568354
0.662
0.662
0.106956
0.169492
0.385554
0.0423291
0.662
0.0224678
0.322017
0.323986
0.631213
0.154632
0.379933
0.662
0.322063
0.526579
0.394944
0.0749754
0.662
0.662
0.662
0.662
0.52937
0.248681
0.32609
0.662
0.662
0.243996
0.215863
0.0804311
0.0580746
0.0749773
0.00346415
0.662
0.662
0.662
0.662
0.293481
0.542597
0.662
0.54259
0.662
0.22309
0.316374
0.22878
0.662
0.508179
0.251298
0.662
0.559553
0.418636
0.23276
0.662
0.00579181
0.475033
0.662
0.218942
0.662
0.662
0.275084
0.662
0.662
0.662
0.662
0.133635
0.662
0.249799
0.496926
0.406477
0.412557
0.121689
0.662
0.51262
0.553165
0.493777
0.0283171
0.662
0.662
0.439511
0.662
0.207821
0.167206
0.384414
0.662
0.261003
0.526223
0.640229
0.662
0.269694
0.188268
0.662
0.599853
0.662
0.411712
0.662
0.390074
0.137715
0.312808
0.662
0.344396
0.237246
0.662
0.544877
0.166503
0.261209
0.384529
0.662
0.324431
0.279871
0.622302
0.662
0.267004
0.423684
0.662
0.662
0.32126
0.383925
0.662
0.662
0.211806
0.382254
0.440124
0.416183
0.662
0.111064
0.662
0.152553
0.445144
0.268901
0.0213417
0.4173
0.57362
0.388925
0.165901
0.662
0.662
0.0870503
0.662
0.397058
0.662
0.0260333
0.662
0.423822
0.35914
0.37821
0.0650614
0.156841
0.662
0.662
0.0318385
0.662
0.19396
0.155922
0.00302746
0.153494
0.662
0.662
0.662
0.662
0.662
0.209875
0.214136
0.337004
0.662
0.198456
0.126725
0.418121
0.662
0.39673
0.456558
0.662
0.662
0.662
0.427187
0.191456
0.662
0.162799
0.559149
0.241503
0.662
0.199086
0.207781
0.662
0.662
0.06856
0.131766
0.662
0.662
0.662
0.662
0.662
0.240974
0.662
0.093395
0.662
0.662
0.257999
0.278398
0.406055
0.413176
0.301053
0.139349
0.0727554
0.662
0.277192
0.197509
0.662
0.306415
0.257445
0.662
0.662
0.215959
0.29355
0.662
0.269494
0.662
0.0502634
0.662
0.552086
0.16147
0.135119
0.180156
0.605887
0.456219
0.631502
0.352473
0.662
0.662
0.662
0.662
0.131952
0.274727
0.379389
0.396538
0.361372
0.180018
0.662
0.191883
0.333167
0.318274
0.21451
0.19084
0.662
0.313339
0.662
0.461449
0.447967
0.662
0.427094
0.662
0.109318
0.612806
0.662
0.460272
0.662
0.331179
0.615456
0.193142
0.167197
0.662
0.153512
0.662
0.592235
0.662
0.59
0.024106
0.208691
0.068854
0.133309
0.606898
0.17154
0.297793
0.662
0.348824
0.662
0.332737
0.362398
0.345647
0.37803
0.175852
0.662
0.574695
0.0263495
0.242778
0.662
0.0195931
0.662
0.088535
0.662
0.662
0.662
0.28242
0.662
0.0215239
0.334104
0.181438
0.193178
0.628108
0.518393
0.18181
0.0874425
0.350659
0.662
0.151628
0.000866247
0.314677
0.662
0.286263
0.250021
0.380563
0.662
0.662
0.662
0.218505
0.0280741
0.263451
0.450055
0.662
0.662
0.662
0.0638616
0.142812
0.662
0.662
0.662
0.092742
0.234173
0.144052
0.237271
0.234523
0.449179
0.378622
0.414067
0.24639
0.182542
0.662
0.191631
0.408102
0.374781
0.662
0.0589744
0.0326947
0.272305
0.212152
0.488072
0.660451
0.0898229
0.178943
0.662
0.0526426
0.314691
0.662
0.506523
0.00132735
0.521628
0.211492
0.662
0.662
0.662
0.0851929
0.662
0.512707
0.178913
0.662
0.372713
0.590419
0.355966
0.586341
0.288632
0.0670992
0.662
0.202829
0.515674
0.303172
0.364289
0.637674
0.662
0.662
0.217838
0.197047
0.662
0.662
0.498717
0.662
0.168057
0.534337
0.0415082
0.220674
0.269577
0.313705
0.324646
0.294785
0.662
0.209875
0.252195
0.662
0.662
0.397103
0.209967
0.662
0.662
0.150237
0.137467
0.632826
0.662
0.245115
0.526291
0.148575
0.662
0.507084
0.340563
0.662
0.327668
0.662
0.533857
0.279937
0.265618
0.257717
0.0231185
0.662
0.308235
0.186426
0.509134
0.359537
0.261125
0.174461
0.191442
0.351118
0.199945
0.277857
0.282702
0.439157
0.162965
0.104149
0.00909178
0.14411
0.0120029
0.427634
0.662
0.662
0.438043
0.20745
0.662
0.198584
0.662
0.458702
0.0242422
0.560041
0.662
0.269159
0.0892944
0.372563
0.233467
0.221301
0.662
0.37755
0.340017
0.662
0.655572
0.184736
0.220755
0.385334
0.662
0.194074
0.363862
0.662
0.662
0.662
0.662
0.337635
0.662
0.662
0.395058
0.314646
0.0514445
0.662
0.662
0.0143492
0.161653
0.662
0.227146
0.662
0.283448
0.662
0.662
0.393672
0.270764
0.414382
0.662
0.662
0.464565
0.662
0.181377
0.0801637
0.662
0.090361
0.588373
0.662
0.0718537
0.662
0.662
0.662
0.0455954
0.238774
0.662
0.367169
0.090799
0.662
0.414654
0.225049
0.244567
0.233792
0.334893
0.662
0.530874
0.662
0.662
0.662
0.662
0.662
0.103283
0.662
0.662
0.662
0.572843
0.352243
0.0676665
0.423468
0.662
0.455968
0.662
0.662
0.616814
0.662
0.098032
0.662
0.662
0.0392805
0.445384
0.613609
0.448566
0.0663512
0.540014
0.206847
0.662
0.601958
0.381658
0.662
0.19754
0.662
0.182878
0.662
0.662
0.294486
0.662
0.111429
0.648047
0.662
0.662
0.662
0.130323
0.633589
0.662
0.0906851
0.605065
0.662
0.391838
0.120492
0.662
0.288556
0.00234511
0.662
0.506921
0.600366
0.662
0.662
0.662
0.662
0.172157
0.662
0.624475
0.633199
0.192113
0.662
0.232101
0.472615
0.662
0.340294
0.134607
0.589606
