0.410221
0.330882
0.4184
0.0770133
0.662
0.388091
0.355221
0.189195
0.236925
0.434451
0.269866
0.331677
0.662
0.200516
0.662
0.0372965
0.393459
0.206376
0.662
0.0952252
0.186969
0.662
0.189959
0.662
0.330198
0.36668
0.662
0.320924
0.662
0.239756
0.168528
0.0959986
0.662
0.0011239
0.377378
0.187701
0.167961
0.325776
0.662
0.662
0.459975
0.0746084
0.662
0.26527
0.44652
0.407353
0.221561
0.555275
0.360781
0.662
0.285869
0.662
0.325696
0.662
0.607052
0.556178
0.214581
0.662
0.662
0.498557
0.436654
0.658457
0.106041
0.0179652
0.662
0.662
0.662
0.35759
0.502404
0.359976
0.0572234
0.262684
0.457041
0.0536884
0.205432
0.662
0.662
0.187309
0.154328
0.134957
0.381225
0.662
0.662
0.662
0.145873
0.453758
0.220962
0.662
0.344842
0.489053
0.662
0.662
0.344532
0.662
0.662
0.292167
0.151433
0.467555
0.119087
0.196112
0.402168
0.620402
0.216523
0.662
0.149314
0.0856422
0.662
0.662
0.0596052
0.145381
0.215438
0.662
0.392464
0.662
0.141445
0.363062
0.662
0.284755
0.228562
0.119048
0.402187
0.662
0.146115
0.0912411
0.288565
0.266258
0.662
0.0251501
0.217984
0.0532759
0.266543
0.662
0.176232
0.662
0.662
0.184108
0.177046
0.662
0.29837
0.154166
0.662
0.14539
0.225944
0.52271
0.662
0.0715816
0.197726
0.287778
0.103034
0.382717
0.662
0.570022
0.662
0.662
0.260536
0.131222
0.0700644
0.662
0.118553
0.34493
0.265868
0.301561
0.102806
0.559961
0.378734
0.662
0.460586
0.0764089
0.330059
0.662
0.632521
0.0068763
0.429516
0.0959343
0.242584
0.662
0.218497
0.662
0.31029
0.0758283
0.662
0.218803
0.124425
0.662
0.662
0.662
0.196524
0.166111
0.662
0.40183
0.122928
0.548609
0.0370278
0.495515
0.662
0.662
0.662
0.2077
0.662
0.260183
0.464683
0.369142
0.133386
0.662
0.0150971
0.463972
0.138716
0.400213
0.41474
0.405999
0.0174064
0.662
0.662
0.599577
0.662
0.413089
0.187628
0.436807
0.00529571
0.662
0.201123
0.183867
0.473433
0.263419
0.254215
0.662
0.398871
0.662
0.285663
0.19008
0.662
0.619418
0.171458
0.314953
0.662
0.662
0.662
0.383551
0.662
0.662
0.518238
0.662
0.662
0.212288
0.545967
0.196253
0.251061
0.134444
0.263854
0.2591
0.238735
0.662
0.200509
0.384179
0.662
0.190857
0.18543
0.662
0.562193
0.598121
0.377348
0.208264
0.662
0.579968
0.00629934
0.00907929
0.0858587
0.662
0.662
0.209902
0.148764
0.248133
0.662
0.662
0.495323
0.604265
0.473206
0.0780566
0.24305
0.662
0.245236
0.662
0.662
0.662
0.662
0.210963
0.662
0.049159
0.208536
0.558774
0.445386
0.230946
0.334063
0.153242
0.362486
0.662
0.383
0.662
0.662
0.662
0.218943
0.662
0.662
0.662
0.000335744
0.0805177
0.206688
0.662
0.662
0.662
0.168313
0.221563
0.662
0.194058
0.279433
0.302061
0.662
0.410283
0.660789
0.304631
0.634772
0.662
0.662
0.154231
0.354857
0.662
0.381574
0.662
0.662
0.662
0.31134
0.662
0.662
0.434588
0.659684
0.489818
0.0337552
0.232396
0.381729
0.662
0.210145
0.662
0.662
0.384103
0.662
0.181208
0.662
0.234313
0.662
0.662
0.662
0.24565
0.501612
0.419314
0.202423
0.662
0.662
0.047711
0.322726
0.169189
0.211518
0.361504
0.662
0.662
6.09203e-05
0.662
0.0737303
0.224286
0.316931
0.190682
0.134453
0.324268
0.662
0.187418
0.33634
0.662
0.212776
0.662
0.662
0.0741334
0.4618
0.662
0.205578
0.662
0.310268
0.662
0.662
0.054166
0.430799
0.662
0.415274
0.454009
0.662
0.22218
0.662
0.662
0.496856
0.584206
0.0541932
0.114534
0.662
0.203707
0.446534
0.662
0.662
0.344405
0.139252
0.317705
0.186938
0.662
0.420968
0.662
0.0342635
0.235387
0.27235
0.191375
0.370398
0.208076
0.662
0.662
0.526925
0.415163
0.0486159
0.662
0.662
0.349962
0.442476
0.419561
0.233779
0.662
0.18754
0.662
0.662
0.415817
0.410156
0.0193729
0.237665
0.0266991
0.0914914
0.271066
0.463727
0.0334054
0.393259
0.662
0.418559
0.662
0.330348
0.454498
0.295998
0.223722
0.662
0.662
0.286139
0.617168
0.662
0.662
0.662
0.137396
0.381791
0.662
0.555253
0.662
0.662
0.662
0.342095
0.0725606
0.256862
0.662
0.492576
0.662
0.446434
0.111706
0.109642
0.662
0.439466
0.0583245
0.320103
0.575452
0.286346
0.662
0.566322
0.0253059
0.662
0.662
0.662
0.662
0.662
0.194042
0.662
0.662
0.240861
0.0543897
0.110395
0.455775
0.227847
0.155124
0.111927
0.245235
0.355595
0.144245
0.461095
0.662
0.662
0.38817
0.662
0.127437
0.191401
0.264391
0.662
0.662
0.197948
0.662
0.138361
0.206643
0.404749
0.49241
0.662
0.225139
0.404894
0.227772
0.662
0.662
0.662
0.310352
0.0352402
0.662
0.414342
0.0850882
0.609012
0.289269
0.662
0.335541
0.494556
0.449461
0.530332
0.662
0.662
0.662
0.662
0.573061
0.288211
0.304029
0.00841264
0.493883
0.662
0.36992
0.288273
0.415273
0.184572
0.199592
0.227499
0.137368
0.662
0.0925207
0.475914
0.537767
0.391603
0.274413
0.662
0.515228
0.0828403
0.662
0.165001
0.152921
0.662
0.449053
0.278346
0.465943
0.662
0.662
0.0681062
0.385632
0.418045
0.297938
0.0688796
0.662
0.662
0.529925
0.662
0.0758552
0.662
0.144836
0.267294
0.240756
0.207362
0.662
0.662
0.0817505
0.198994
0.329357
0.662
0.202075
0.240594
0.471938
0.443501
0.238482
0.45956
0.154828
0.116901
0.662
0.246124
0.322711
0.261251
0.662
0.662
0.388739
0.0201877
0.662
0.662
0.472276
0.311146
0.439625
0.0495416
0.178903
0.595515
0.135962
0.662
0.459593
0.662
0.221857
0.536778
0.662
0.32883
0.160342
0.0371882
0.391764
0.193388
0.2181
0.617505
0.0394539
0.662
0.12362
0.662
0.0989955
0.135903
0.662
0.0462988
0.662
0.662
0.662
0.193835
0.421228
0.432975
0.662
0.0592614
0.240929
0.424871
0.662
0.662
0.662
0.449105
0.193181
0.662
0.0542962
0.612124
0.662
0.482662
0.662
0.337354
0.563083
0.662
0.272112
0.18995
0.0402765
0.316721
0.454371
0.185428
0.237083
0.629763
0.230639
0.426909
0.592434
0.614446
0.212725
0.662
0.50598
0.662
0.212945
0.181451
0.253298
0.438447
0.222825
0.464247
0.662
0.457562
0.662
0.33211
0.132857
0.662
0.286476
0.502074
0.270845
0.662
0.0153174
0.207046
0.306885
0.0248843
0.311142
0.193659
0.582173
0.292818
0.236431
0.0721168
0.662
0.472493
0.662
0.0915284
0.208806
0.539171
0.662
0.277355
0.662
0.2063
0.662
0.662
0.662
0.447038
0.326414
0.127084
0.284848
0.662
0.196213
0.53639
0.662
0.385951
0.662
0.662
0.39002
0.184744
0.186807
0.630436
0.662
0.599044
0.662
0.662
0.0320561
0.662
0.662
0.215258
0.662
0.535568
0.0286095
0.662
0.0848696
0.490929
0.153212
0.168732
0.185519
0.487186
0.326264
0.662
0.425103
0.210039
0.343703
0.55693
0.309108
0.196905
0.662
0.662
0.472445
0.196323
0.620606
0.340058
0.662
0.419762
0.259317
0.662
0.394552
0.5972
0.238716
0.23605
0.633694
0.472559
0.662
0.662
0.662
0.380017
0.345095
0.662
0.320873
0.662
0.256169
0.608861
0.541473
0.219283
0.208926
0.423425
0.238724
0.0563656
0.662
0.662
0.215045
0.604395
0.249014
0.00762954
0.662
0.316165
0.170877
0.662
0.37874
0.237023
0.662
0.662
0.662
0.281562
0.662
0.662
0.206033
0.233217
0.662
0.655247
0.138163
0.662
0.45858
0.549043
0.354997
0.662
0.185941
0.137994
0.662
0.231273
0.662
0.201745
0.662
0.527729
0.662
0.268111
0.662
0.662
0.390852
0.662
0.662
0.308656
0.662
0.405871
0.172616
0.102534
0.662
0.662
0.124582
0.202097
0.217775
