0.457623
0.662
0.355189
0.662
0.291633
0.209776
0.662
0.305018
0.217288
0.349983
0.151673
0.378186
0.465786
0.126628
0.242546
0.642382
0.427705
0.662
0.662
0.13272
0.550089
0.255849
0.448334
0.662
0.185814
0.643207
0.263871
0.647683
0.434012
0.662
0.335137
0.216859
0.220182
0.638944
0.662
0.00631207
0.662
0.532528
0.662
0.495885
0.662
0.0931047
0.662
0.662
0.163263
0.213185
0.4432
0.317203
0.41859
0.662
0.662
0.217709
0.662
0.188421
0.071359
0.302415
0.0024309
0.662
0.435483
0.617175
0.351699
0.662
0.171827
0.662
0.662
0.331064
0.206533
0.662
0.201985
0.662
0.0434285
0.532163
0.662
0.141663
0.628765
0.348349
0.308773
0.361226
0.202968
0.662
0.191309
0.601509
0.662
0.662
0.08612
0.18936
0.283085
0.662
0.662
0.433738
0.662
0.395581
0.0895397
0.662
0.363367
0.395163
0.662
0.223518
0.340674
0.662
0.662
0.146335
0.662
0.310344
0.308314
0.662
0.00932058
0.466513
0.445347
0.662
0.662
0.418712
0.11324
0.226402
0.392277
0.662
0.662
0.662
0.403274
0.645019
0.444501
0.662
0.194965
0.662
0.606709
0.4519
0.0982289
0.0651383
0.0425556
0.662
0.412563
0.614647
0.662
0.662
0.350093
0.538649
0.662
0.421221
0.356692
0.244937
0.34211
0.183647
0.183084
0.662
0.475439
0.566091
0.662
0.0285435
0.662
0.662
0.372254
0.662
0.662
0.662
0.662
0.662
0.256139
0.314839
0.0158916
0.400089
0.388866
0.210061
0.662
0.662
0.101534
0.662
0.662
0.662
0.662
0.662
0.662
0.662
0.465306
0.662
0.0562287
0.314844
0.197737
0.529511
0.470249
0.662
0.138796
0.662
0.309433
0.162467
0.0840493
0.308422
0.14649
0.662
0.253844
0.662
0.137648
0.662
0.0229225
0.404434
0.340857
0.0668908
0.662
0.190939
0.4392
0.196883
0.662
0.662
0.662
0.00964761
0.00675111
0.112708
0.389447
0.662
0.626784
0.483105
0.247232
0.536865
0.159725
0.113824
0.0902971
0.662
0.10329
0.102918
0.0186662
0.105427
0.291806
0.244531
0.662
0.662
0.03358
0.662
0.662
0.388642
0.662
0.023057
0.187409
0.596225
0.133576
0.651413
0.202324
0.662
0.232073
0.662
0.381478
0.662
0.662
0.284492
0.36137
0.0202641
0.662
0.662
0.443404
0.361536
0.436895
0.662
0.193479
0.643012
0.137962
0.319099
0.06905
0.296196
0.476434
0.587114
0.269858
0.662
0.080569
0.21182
0.268254
0.662
0.234215
0.662
0.662
0.37573
0.186649
0.662
0.662
0.662
0.448096
0.215133
0.662
0.020472
0.662
0.118242
0.042073
0.540155
0.420342
0.159405
0.653928
0.629763
0.662
0.433205
0.40616
0.662
0.662
0.662
0.662
0.32898
0.466714
0.662
0.0950814
0.170877
0.268279
0.154792
0.662
0.185857
0.662
0.271401
0.114844
0.662
0.126628
0.662
0.549272
0.662
0.497149
0.662
0.662
0.0841309
0.662
0.61365
0.11688
0.641549
0.662
0.662
0.629406
0.568134
0.662
0.662
0.16154
0.242108
0.275483
0.537537
0.662
0.662
0.233548
0.662
0.22436
0.662
0.662
0.336327
0.214504
0.425545
0.662
0.295868
0.230429
0.662
0.662
0.662
0.662
0.198449
0.221594
0.662
0.127385
0.662
0.662
0.192503
0.127678
0.248189
0.464051
0.0576132
0.407826
0.662
0.662
0.25586
0.662
0.637499
0.662
0.334281
0.078765
0.542652
0.662
0.662
0.118248
0.424528
0.299139
0.141113
0.115413
0.662
0.293421
0.662
0.0424604
0.662
0.513811
0.0710956
0.662
0.662
0.662
0.155963
0.662
0.662
0.662
0.281242
0.433516
0.662
0.435685
0.662
0.385481
0.082922
0.662
0.662
0.156949
0.662
0.662
0.662
0.166664
0.662
0.395924
0.0812894
0.18007
0.662
0.549314
0.662
0.662
0.662
0.437853
0.662
0.337464
0.662
0.655031
0.662
0.184635
0.662
0.662
0.662
0.662
0.223624
0.662
0.662
0.662
0.440534
0.662
0.0564865
0.662
0.662
0.438071
0.662
0.0508605
0.662
0.324243
0.10551
0.662
0.662
0.476461
0.662
0.662
0.287891
0.292658
0.359448
0.662
0.387854
0.237298
0.662
0.374029
0.530341
0.662
0.662
0.149532
0.662
0.0338275
0.12062
0.399334
0.48571
0.662
0.662
0.391689
0.146412
0.326812
0.162266
0.203654
0.662
0.662
0.661913
0.432787
0.541431
0.0332847
0.106637
0.460671
0.277014
0.183716
0.662
0.662
0.662
0.388202
0.440688
0.662
0.662
0.442814
0.464046
0.360912
0.348618
0.390714
0.0556604
0.662
0.662
0.662
0.239118
0.662
0.662
0.256595
0.50325
0.201025
0.662
0.662
0.100589
0.662
0.385446
0.187158
0.20836
0.0553159
0.662
0.36532
0.17697
0.198344
0.662
0.205867
0.662
0.400115
0.662
0.109549
0.662
0.545975
0.0433646
0.20971
0.409957
0.15656
0.0934703
0.0217418
0.26178
0.662
0.244253
0.109967
0.662
0.640996
0.440453
0.662
0.111946
0.171577
0.0265251
0.568744
0.491788
0.224918
0.0437272
0.291406
0.662
0.662
0.662
0.185421
0.260888
0.234693
0.453606
0.262302
0.662
0.662
0.1997
0.259394
0.0115534
0.662
0.225706
0.197474
0.392224
0.207108
0.527447
0.174184
0.662
0.662
0.662
0.205972
0.662
0.607435
0.225908
0.361734
0.187667
0.310765
0.662
0.0713097
0.662
0.645821
0.662
0.150815
0.355735
0.111918
0.313811
0.0491298
0.603906
0.293835
0.662
0.434515
0.242998
0.662
0.052308
0.232146
0.192028
0.230425
0.327883
0.651393
0.419577
0.413676
0.662
0.153881
0.32617
0.165634
0.252712
0.662
0.153408
0.270737
0.662
0.35988
0.662
0.383446
0.279675
0.662
0.662
0.662
0.662
0.437365
0.0639585
0.662
0.662
0.469175
0.662
0.662
0.319965
0.1527
0.040354
0.662
0.348217
0.662
0.273302
0.0579796
0.435737
0.438426
0.144146
0.662
0.662
0.662
0.662
0.165232
0.660933
0.0490026
0.0496004
0.105589
0.472105
0.0915428
0.0820396
0.662
0.662
0.662
0.338711
0.137714
0.662
0.347983
0.461789
0.115231
0.662
0.284607
0.662
0.662
0.415045
0.189851
0.281042
0.241758
0.662
0.311354
0.585247
0.175509
0.462396
0.0755557
0.662
0.662
0.0667682
0.662
0.311877
0.662
0.662
0.254573
0.662
0.662
0.600894
0.662
0.629133
0.662
0.662
0.662
0.543806
0.662
0.312246
0.311223
0.652652
0.0660672
0.662
0.662
0.0565089
0.662
0.356769
0.662
0.662
0.162484
0.662
0.662
0.0605863
0.24262
0.274626
0.662
0.662
0.662
0.662
0.138781
0.364989
0.062018
0.619745
0.662
0.662
0.662
0.263272
0.385305
0.154384
0.601511
0.217481
