0.662
0.662
0.662
0.537348
0.662
0.58088
0.662
0.132727
0.662
0.150696
0.44786
0.558226
0.662
0.196907
0.662
0.43295
0.0772105
0.303154
0.395949
0.071755
0.217777
0.318423
0.561356
0.662
0.453422
0.588952
0.662
0.601146
0.126742
0.119105
0.373444
0.662
0.45391
0.441416
0.662
0.54797
0.200348
0.662
0.662
0.662
0.211704
0.253303
0.328861
0.662
0.662
0.438338
0.662
0.662
0.489144
0.167619
0.662
0.0177334
0.662
0.559245
0.207599
0.662
0.662
0.662
0.374348
0.662
0.214684
0.0122905
0.198874
0.398434
0.121077
0.426463
0.150099
0.662
0.662
0.000329304
0.104119
0.662
0.662
0.579351
0.11
0.662
0.0279994
0.662
0.443465
0.0676465
0.429335
0.399234
0.0587966
0.189191
0.662
0.662
0.0564686
0.662
0.662
0.662
0.662
0.166319
0.476124
0.460964
0.662
0.393429
0.419314
0.26604
0.662
0.662
0.21611
0.662
0.662
0.662
0.446715
0.662
0.221211
0.19442
0.104815
0.662
0.662
0.304321
0.662
0.662
0.076237
0.285994
0.138747
0.662
0.297221
0.259139
0.484943
0.662
0.144989
0.662
0.0293042
0.662
0.662
0.474184
0.290709
0.662
0.662
0.288508
0.662
0.662
0.662
0.263545
0.249644
0.0463155
0.480114
0.63021
0.662
0.662
0.502689
0.152844
0.662
0.0272798
0.424457
0.621076
0.222609
0.615532
0.657569
0.0824135
0.122442
0.301307
0.662
0.438773
0.633694
0.662
0.0315394
0.0161518
0.011603
0.228443
0.143417
0.662
0.197993
0.662
0.606843
0.343084
0.662
0.662
0.662
0.20775
0.210168
0.342194
0.151156
0.564687
0.365317
0.662
0.178135
0.339993
0.631318
0.662
0.662
0.662
0.517879
0.261333
0.148352
0.662
0.586049
0.592708
0.31493
0.662
0.103565
0.662
0.251605
0.17591
0.200839
0.412832
0.18183
0.662
0.271742
0.553065
0.662
0.412405
0.662
0.346644
0.117738
0.336095
0.0799998
0.662
0.662
0.662
0.077999
0.246142
0.391822
0.364358
0.249056
0.450548
0.20038
0.182731
0.281342
0.662
0.626364
0.153906
0.662
0.428116
0.340786
0.191945
0.199063
0.47286
0.0608654
0.662
0.636434
0.662
0.638838
0.49311
0.662
0.134326
0.109743
0.662
0.662
0.405684
0.1614
0.169319
0.183626
0.662
0.2101
0.401038
0.310248
0.576398
0.662
0.662
0.238715
0.242319
0.662
0.662
0.662
0.185707
0.0867238
0.316345
0.0980094
0.662
0.571931
0.47925
0.191878
0.155194
0.263593
0.662
0.608593
0.164079
0.465067
0.375093
0.662
0.383961
0.296094
0.504892
0.388667
0.662
0.603132
0.662
0.0351323
0.662
0.348054
0.300671
0.662
0.43993
0.0136818
0.186527
0.233539
0.556077
0.126653
0.0766815
0.1562
0.662
0.486919
0.418868
0.209501
0.662
0.662
0.0513345
0.66182
0.135734
0.197114
0.260138
0.446941
0.662
0.662
0.124041
0.25743
0.662
0.575326
0.218815
0.662
0.662
0.662
0.196333
0.199081
0.662
0.206343
0.350799
0.152106
0.662
0.564701
0.0929535
0.518931
0.122019
0.551104
0.201981
0.366131
0.662
0.54913
0.283291
0.613365
0.662
0.183226
0.228715
0.330715
0.662
0.155441
0.283182
0.0250903
0.662
0.662
0.662
0.240868
0.662
0.190774
0.474232
0.662
0.240373
0.662
0.179948
0.63121
0.380432
0.0471956
0.662
0.662
0.662
0.186757
0.662
0.29415
0.326779
0.662
0.356222
0.310403
0.459678
0.182481
0.662
0.0164273
0.24607
0.662
0.662
0.24036
0.662
0.662
0.209748
0.662
0.523719
0.662
0.0753697
0.662
0.413526
0.619762
0.52869
0.662
0.662
0.662
0.662
0.662
0.491975
0.662
0.501541
0.0398569
0.188689
0.300473
0.662
0.339792
0.662
0.566732
0.662
0.102518
0.165094
0.662
0.379215
0.106622
0.425442
0.662
0.347615
0.2497
0.582389
0.54667
0.127405
0.662
0.662
0.371768
0.0838988
0.0734416
0.27841
0.662
0.662
0.33231
0.173128
0.662
0.295165
0.662
0.462941
0.147933
0.0805915
0.314598
0.629453
0.662
0.662
0.662
0.402776
0.662
0.662
0.662
0.658551
0.248556
0.0803684
0.662
0.411659
0.662
0.662
0.662
0.459812
0.662
0.662
0.632044
0.0733501
0.662
0.662
0.267461
0.662
0.662
0.205158
0.260268
0.201034
0.241209
0.662
0.14991
0.662
0.353182
0.56232
0.662
0.305653
0.175381
0.662
0.324279
0.120102
0.662
0.405452
