0.662
0.662
0.213022
0.365801
0.244811
0.134679
0.152752
0.662
0.662
0.465998
0.54814
0.461098
0.662
0.199948
0.247756
0.199186
0.662
0.0447996
0.38896
0.662
0.0369701
0.556268
0.662
0.662
0.662
0.46911
0.662
0.217725
0.4721
0.529896
0.662
0.342346
0.662
0.379909
0.475415
0.662
0.0490572
0.211043
0.662
0.440753
0.393332
0.662
0.662
0.662
0.191891
0.662
0.662
0.00827254
0.451077
0.662
0.0160326
0.652748
0.0805591
0.0173522
0.662
0.156026
0.548346
0.662
0.146826
0.197386
0.662
0.165269
0.662
0.471595
0.120973
0.662
0.662
0.662
0.48646
0.662
0.662
0.0799585
0.532603
0.32517
0.231973
0.662
0.233331
0.132631
0.290906
0.485068
0.662
0.342871
0.662
0.300204
0.662
0.662
0.662
0.662
0.184312
0.0741775
0.662
0.662
0.171352
0.662
0.300867
0.662
0.442266
0.662
0.28333
0.185788
0.662
0.469131
0.203373
0.0897984
0.662
0.307966
0.27455
0.218973
0.00956049
0.662
0.36386
0.390141
0.272892
0.265123
0.282201
0.662
0.221012
0.662
0.662
0.222379
0.650927
0.662
0.662
0.125255
0.0678683
0.662
0.506739
0.0234105
0.249384
0.628306
0.252662
0.662
0.662
0.184666
0.662
0.141299
0.211925
0.0042106
0.662
0.662
0.19704
0.301125
0.384255
0.385271
0.662
0.530607
0.0802282
0.463767
0.270646
0.662
0.041135
0.662
0.0105053
0.662
0.662
0.662
0.31667
0.662
0.662
0.314494
0.189428
0.198987
0.208386
0.662
0.359687
0.416889
0.662
0.392604
0.662
0.31727
0.00950653
0.518205
0.288667
0.31922
0.662
0.662
0.153561
0.351226
0.662
0.240126
0.662
0.0209272
0.662
0.662
0.662
0.520354
0.470422
0.662
0.43581
0.0232994
0.662
0.662
0.153407
0.662
0.0561744
0.662
0.622287
0.299505
0.662
0.46817
0.316121
0.0901261
0.275269
0.193538
0.0613089
0.424882
0.178782
0.291377
0.347828
0.662
0.183208
0.49507
0.662
0.0897331
0.662
0.656367
0.0422631
0.655614
0.662
0.493616
0.193083
0.381336
0.105821
0.374448
0.56368
0.662
0.325184
0.214253
0.33545
0.662
0.243273
0.662
0.662
0.662
0.184707
0.340125
0.662
0.662
0.662
0.188213
0.272022
0.144376
0.662
0.308897
0.23781
0.662
0.239594
0.327669
0.132296
0.212253
0.662
0.115863
0.5349
0.662
0.333079
0.662
0.662
0.662
0.212371
0.152239
0.0661192
0.231666
0.662
0.322425
0.662
0.0314238
0.460879
0.662
0.356323
0.662
0.404667
0.211886
0.386816
0.10644
0.384422
0.294522
0.243447
0.300761
0.662
0.460635
0.209902
0.214015
0.662
0.662
0.134775
0.231981
0.662
0.662
0.320337
0.662
0.50176
0.412169
0.662
0.662
0.118759
0.149089
0.662
0.4442
0.0734891
0.0456434
0.308318
0.662
0.35786
0.11539
0.401217
0.232125
0.0921486
0.662
0.582292
0.510295
0.662
0.662
0.662
0.662
0.319263
0.662
0.193097
0.212309
0.371867
0.662
0.662
0.381158
0.662
0.37496
0.0808715
0.662
0.494709
0.0170505
0.26641
0.00985181
0.662
0.277027
0.216805
0.662
0.192667
0.0483942
0.237037
0.0262647
0.391791
0.28809
0.662
0.444905
0.662
0.172001
0.157603
0.306332
0.662
0.195854
0.353442
0.662
0.662
0.662
0.231079
0.410792
0.117405
0.560369
0.62543
0.0738368
0.239653
0.326941
0.662
0.269973
0.402628
0.283899
0.457294
0.286902
0.662
0.662
0.505744
0.235863
0.662
0.662
0.662
0.662
0.662
0.662
0.170054
0.457241
0.127975
0.505862
0.434412
0.391108
0.662
0.662
0.362396
0.388285
0.177696
0.662
0.0308109
0.209605
0.662
0.133942
0.662
0.286574
0.662
0.63339
0.662
0.662
0.662
0.519127
0.662
0.251927
0.662
0.372889
0.234854
0.244002
0.0326259
0.662
0.662
0.146103
0.662
0.236005
0.0841493
0.662
0.245159
0.662
0.0333481
0.224794
0.150842
0.169959
0.565081
0.460248
0.662
0.243287
0.621797
0.608942
0.662
0.662
0.662
0.222776
0.662
0.276222
0.662
0.662
0.168084
0.059641
0.455291
0.662
0.662
0.662
0.662
0.246195
0.358028
0.662
0.190996
0.662
0.397022
0.662
0.191349
0.355791
0.323025
0.307218
0.201944
0.0343228
0.662
0.198322
0.662
0.662
0.270944
0.662
0.0538134
0.662
0.26885
0.47737
0.494771
0.511725
0.390716
0.000429372
0.662
0.662
0.160936
0.141679
0.662
0.114879
0.286276
0.662
0.352999
0.374297
0.268315
0.187072
0.442041
0.172767
0.327442
0.284998
0.299027
0.458649
0.662
0.631028
0.662
0.662
0.0100907
0.17063
0.189412
0.271336
0.25186
0.21096
0.361039
0.445126
0.662
0.24215
0.0787209
0.662
0.354372
0.0559048
0.236143
0.268099
0.662
0.399149
0.448526
0.662
0.662
0.662
0.662
0.23151
0.662
0.328353
0.419701
0.150045
0.662
0.662
0.0478745
0.662
0.29454
0.0655837
0.662
0.662
0.662
0.662
0.336667
0.662
0.280858
0.504183
0.662
0.487842
0.662
0.531805
0.662
0.196996
0.662
0.311408
0.662
0.196895
0.662
0.662
0.357686
0.340394
0.494269
0.199208
0.150876
0.662
0.662
0.184566
0.2959
0.159768
0.217596
0.250025
0.662
0.358693
0.160519
0.182938
0.662
0.662
0.662
0.380122
0.239871
0.643115
0.662
0.200899
0.662
0.662
0.45421
0.364202
0.662
0.413894
0.662
0.235895
0.662
0.662
0.662
0.210743
0.662
0.0229976
0.662
0.386453
0.153718
0.662
0.221346
0.0655238
0.141618
0.662
0.662
0.204649
0.44716
0.330892
0.662
0.336644
0.662
0.662
0.0951581
0.316764
0.377514
0.014532
0.662
0.662
0.191515
0.411364
0.467252
0.662
0.360294
0.367962
0.662
0.662
0.662
0.520301
0.11625
0.361802
0.627947
0.662
0.339517
0.662
0.662
0.662
0.282241
0.196139
0.165729
0.464144
0.662
0.429215
0.662
0.123885
0.662
0.354644
0.408002
0.308968
0.309771
0.00772432
0.0681335
0.188151
0.246766
0.490141
0.313
0.241456
0.219171
0.662
0.618772
0.255583
0.662
0.422708
0.157347
0.662
0.0191988
0.0554964
0.241114
0.217019
0.662
0.662
0.662
0.271413
0.153972
0.662
0.662
0.542409
0.662
0.441301
0.253562
0.0544561
0.662
0.662
0.662
0.662
0.633391
0.336269
0.169819
0.310974
0.38784
0.662
0.271358
0.130266
0.662
0.142957
0.0754228
0.662
0.197787
0.324889
0.142973
0.574427
0.578038
0.511373
0.662
0.662
0.447452
0.0910418
0.662
0.662
0.662
0.350462
0.662
0.123599
0.114652
0.06204
0.662
0.662
0.662
0.0970642
0.662
0.429719
0.662
0.0588493
0.039223
0.463539
0.137129
0.662
0.11316
0.114457
0.662
0.364303
0.662
0.662
0.0345532
0.288842
0.434945
0.662
0.453884
0.132142
0.553053
0.233926
0.662
0.205139
0.662
0.0210665
0.617735
0.662
0.662
0.662
0.550307
0.0312302
0.662
0.662
0.662
0.11187
0.362884
0.463054
0.662
0.662
0.209462
0.222482
0.662
0.178263
0.662
0.462991
0.662
0.662
0.662
0.420392
0.162349
0.662
0.257084
0.662
0.0648226
0.662
0.15718
0.0503268
0.157897
0.23211
0.3258
0.39227
0.209691
0.156291
0.194208
0.569985
0.662
0.662
0.221435
0.662
0.662
0.302416
0.077425
0.129947
0.662
0.0440195
0.137892
0.171698
0.555063
0.662
0.114508
0.397739
0.662
0.662
0.662
0.454375
0.662
0.662
0.304669
0.662
0.293681
0.662
0.488962
0.662
0.392004
0.405697
0.324733
0.205311
0.607716
0.380137
0.662
0.37916
0.662
0.213078
0.662
0.662
0.472577
0.662
0.662
0.662
0.662
0.662
0.0471374
0.211953
0.662
0.662
0.218885
0.0390596
0.662
0.42763
0.614332
0.232831
0.0250244
0.662
0.662
0.349287
0.268507
0.662
0.000408086
0.662
0.662
0.454968
0.662
0.662
0.018787
0.191134
0.046791
0.248631
0.296886
0.662
0.340438
0.0902173
0.315553
0.44941
0.662
0.34825
0.494786
0.407827
0.662
0.662
0.662
0.257753
0.662
0.662
0.662
0.662
0.662
0.662
0.662
0.662
0.496241
0.662
0.662
0.404764
0.662
0.662
0.662
0.662
0.498484
0.253807
0.278183
0.0116545
0.662
0.49373
0.662
0.376069
0.248452
0.583844
0.341443
0.247699
0.321467
0.377539
0.662
0.258466
0.424627
0.662
0.662
0.662
0.312744
0.662
0.662
0.537932
0.662
0.414531
0.662
0.0474746
0.491122
0.258562
0.341812
0.376333
0.227617
0.662
0.0436641
0.177041
0.542684
0.0787589
0.662
0.4616
0.662
0.662
0.662
0.15603
0.0352948
0.280424
0.189034
0.47203
0.182086
0.198385
0.194631
0.662
0.231118
0.301985
0.662
0.118953
0.662
0.250412
0.662
0.222506
0.662
0.662
0.0822366
0.662
0.0494351
0.662
0.142275
0.600297
0.629763
0.103547
0.662
0.318829
0.662
0.662
0.383381
0.662
0.662
0.662
0.452067
0.140496
0.133732
0.398845
0.287906
0.195691
0.0242181
0.505432
0.662
0.662
0.662
0.661072
0.208425
0.442188
0.444997
0.445082
0.662
0.20922
0.662
0.01324
0.189821
0.215703
0.411564
0.662
0.662
0.396102
0.662
0.662
0.662
0.357342
0.140001
0.182068
0.662
0.662
0.108262
0.0541658
0.662
0.662
0.662
0.662
0.468385
0.662
0.662
0.662
0.662
0.662
0.414343
0.400794
0.662
0.312937
0.276971
0.461108
0.662
0.346947
0.235713
0.350804
0.662
0.231329
0.237724
0.435416
0.136898
0.338654
0.236863
0.182568
0.53559
0.238631
0.177416
0.342789
0.0931346
0.662
0.274771
0.486275
0.17181
0.186031
0.662
0.662
0.429298
0.419184
0.662
0.315417
0.217264
0.191215
0.455479
0.324132
0.662
0.507189
0.0758393
0.259934
0.662
0.449682
0.580732
0.662
0.236519
0.224636
0.662
0.662
0.530004
0.662
0.662
0.662
0.380834
0.662
0.662
0.265619
0.341227
0.391879
0.0602097
0.10904
0.662
0.442927
0.270278
0.106678
0.0537494
0.662
0.662
0.662
0.474663
0.128299
0.662
0.662
0.289395
0.662
0.308616
0.662
0.662
0.662
0.316752
0.662
0.249063
0.22598
0.204055
0.364681
0.662
0.662
0.662
0.543277
0.24428
0.662
0.327823
0.203283
0.662
0.662
0.662
0.662
0.362464
0.152624
0.662
0.662
0.238603
0.00775227
0.662
0.662
0.158906
0.662
0.662
0.164537
0.289996
0.239941
0.291951
0.126689
0.662
0.385408
0.434764
0.662
0.188069
0.662
0.662
0.662
0.0146131
0.552183
0.126117
0.662
0.286285
0.662
0.662
0.280111
0.662
0.394637
0.662
0.411921
0.230038
0.141368
0.300794
0.230364
0.222875
0.662
0.0657543
0.172287
0.347879
0.31623
0.0328618
0.662
0.662
0.465605
0.662
0.662
0.662
0.619054
0.151129
0.43813
0.662
0.662
0.14128
0.230209
0.437564
0.240821
0.662
0.237371
0.662
0.382839
0.353739
0.662
0.662
0.103038
0.305219
0.236398
0.460756
0.492175
0.662
0.109858
0.229918
0.245266
0.0538303
0.197411
0.662
0.662
0.116954
0.630773
0.662
0.197222
0.662
0.184958
0.662
0.44417
0.407428
0.102584
0.662
0.22423
0.662
0.662
0.662
0.276766
0.607712
0.207921
0.123131
0.159056
0.662
0.499413
0.662
0.662
0.662
0.662
0.174487
0.0544129
0.464191
0.0239094
0.662
0.37918
0.124137
0.662
0.427636
0.662
0.662
0.188379
0.263869
0.662
0.662
0.662
0.449029
0.149226
0.0597859
0.29184
0.662
0.352515
0.376211
0.376128
0.14644
0.662
0.660104
0.662
0.410158
0.662
0.662
0.662
0.662
0.180774
0.376039
0.662
0.662
0.393746
0.207194
0.475102
0.245085
0.440575
0.662
0.662
0.131069
0.662
0.662
0.662
0.662
0.421209
0.215003
0.149109
0.320107
0.657424
0.662
0.662
0.50637
0.662
0.218466
0.662
0.160498
0.662
0.226933
0.421595
0.662
0.662
0.0193094
0.4363
0.443977
0.662
0.282782
0.662
0.662
0.225372
0.360639
0.662
0.24473
0.662
0.222959
0.662
0.578757
0.112132
0.107478
0.662
0.662
0.662
0.662
0.0469642
0.662
0.252594
0.347653
0.0328114
0.395248
0.662
0.662
0.662
0.662
0.662
0.662
0.0348449
0.645971
0.662
0.662
0.662
0.662
0.494391
0.662
0.126916
0.662
0.662
0.050007
0.132161
0.211992
0.662
0.117503
0.35554
0.662
0.662
0.662
0.662
0.662
0.349869
0.228735
0.453413
0.662
0.662
0.310799
0.413699
0.0393422
0.361561
0.00351277
0.226631
0.662
0.34589
0.259591
0.324302
0.662
0.130378
0.662
0.0886327
0.106064
0.662
0.206399
0.662
0.662
0.662
0.48766
0.60415
0.662
0.662
0.662
0.662
0.472734
0.0614768
0.241385
0.662
0.060142
0.662
0.335307
0.0263214
0.662
0.267373
0.662
0.459626
0.431752
0.114378
0.662
0.662
0.410359
0.0184879
0.126769
0.662
0.662
0.0990275
0.327712
0.662
0.196392
0.0730385
0.481878
0.212613
0.662
0.662
0.00881469
0.422313
0.403303
0.0816346
0.12084
0.662
0.0967747
0.662
0.253456
0.597038
0.240835
0.348834
0.387834
0.662
0.662
0.190327
0.662
0.258185
0.662
0.662
0.385058
0.160304
0.343827
0.529249
0.662
0.305478
0.140491
0.662
0.07762
0.46482
0.662
0.662
0.388378
0.209416
0.662
0.662
0.662
0.179385
0.662
0.379154
0.662
0.221601
0.267523
0.460954
0.662
0.662
0.662
0.662
0.662
0.164619
0.222737
0.429847
0.662
0.662
0.662
0.662
0.41369
0.0205401
0.535978
0.438173
0.193053
0.662
0.662
0.662
0.662
0.344194
0.662
0.290905
0.435896
0.270896
0.408738
0.385794
0.170731
0.25255
0.463251
0.662
0.165312
0.262706
0.662
0.662
0.662
0.662
0.662
0.662
0.0130973
0.320776
0.17075
0.662
0.220353
0.421367
0.662
0.662
0.43694
0.662
0.662
0.353156
0.433654
0.662
0.09167
0.117956
0.514469
0.662
0.147274
0.662
0.662
0.662
0.403061
0.567669
0.189297
0.344687
0.662
0.662
0.138564
0.662
0.662
0.22932
0.662
0.410038
0.0878628
0.662
0.662
0.662
0.662
0.391448
0.0476646
0.100529
0.425579
0.662
0.337942
0.304622
0.662
0.0660825
0.158444
0.339855
0.662
0.662
0.662
0.662
0.662
0.662
0.291961
0.662
0.432639
0.097905
0.662
0.230118
0.363079
0.662
0.232768
0.662
0.359638
0.0448751
0.662
0.417978
0.662
0.1858
0.355946
0.662
0.202362
0.383999
0.62897
0.318524
0.662
0.179066
0.662
0.662
0.44698
0.393535
0.223897
0.0872613
0.239822
0.0902906
0.662
0.366705
0.00877625
0.662
0.434788
0.494708
0.23775
0.483331
0.662
0.187449
0.194935
0.657923
0.662
0.638672
0.435557
0.346752
0.163774
0.23766
0.27777
0.662
0.15259
0.662
0.255915
0.467767
0.662
0.168415
0.662
0.209831
0.396968
0.662
0.662
0.662
0.662
0.419335
0.639329
0.259729
0.181312
0.627645
0.662
0.265294
0.662
0.662
0.181981
0.662
0.233899
0.0447497
0.470789
0.347444
0.386754
0.27901
0.662
0.662
0.0421807
0.112876
0.0886441
0.384162
0.662
0.227644
0.662
0.254294
0.332301
0.0722777
0.188724
0.169727
0.167317
0.448597
0.662
0.662
0.365622
0.0161256
0.164903
0.0750717
0.662
0.662
0.239863
0.0290384
0.662
0.181222
0.487113
0.104211
0.29287
0.349218
0.135474
0.662
0.134878
0.469186
0.327334
0.453023
0.662
0.173259
0.662
0.467285
0.36196
0.662
0.662
0.373449
0.662
0.136898
0.192071
0.133059
0.662
0.662
0.662
0.326451
0.460155
0.273436
0.662
0.662
0.662
0.179723
0.662
0.662
0.114716
0.662
0.662
0.290431
0.662
0.150072
0.320092
0.372924
0.178458
0.0750176
0.662
0.103598
0.585575
0.00651399
0.662
0.662
0.218899
0.662
0.662
0.662
0.662
0.633897
0.662
0.662
0.662
0.662
0.662
0.584394
0.662
0.369249
0.662
0.0249182
0.304866
0.495167
0.215121
0.662
0.457632
0.662
0.245636
0.359083
0.662
0.662
0.465492
0.662
0.203405
0.261303
0.662
0.662
0.595317
0.662
0.0318577
0.494592
0.467183
0.662
0.644786
0.662
0.210749
0.232075
0.363881
0.35868
0.662
0.201634
0.211176
0.662
0.216658
0.359984
0.452942
0.662
0.243279
0.432434
0.270443
0.192912
0.219089
0.662
0.0402657
0.344171
0.420494
0.365378
0.0178142
0.662
0.295143
0.282461
0.195532
0.472261
0.662
0.662
0.662
0.235739
0.225634
0.227773
0.250271
0.662
0.662
0.662
0.27282
0.0832934
0.662
0.662
0.378407
0.444909
0.662
0.0705944
0.419186
0.474954
0.662
0.45125
0.662
0.662
0.276896
0.181749
0.175728
0.121574
0.419884
0.357299
0.0914265
0.662
0.137629
0.29341
0.662
0.0997678
0.243185
0.662
0.564569
0.548983
0.268246
0.440527
0.0795307
0.293986
0.662
0.21584
0.236637
0.662
0.246765
0.0127209
0.662
0.158155
0.662
0.285236
0.0939373
0.662
0.662
0.530132
0.352416
0.293385
0.421873
0.283383
0.106569
0.519977
0.593817
0.662
0.662
0.343265
0.343051
0.662
0.0592354
0.383776
0.572283
0.662
0.662
0.662
0.121081
0.401666
0.529205
0.662
0.411343
0.38142
0.662
0.273229
0.270558
0.0580867
0.375977
0.451578
0.384301
0.200717
0.386069
0.662
0.662
0.662
0.662
0.441785
0.662
0.662
0.662
0.390827
0.662
0.268543
0.662
0.178072
0.662
0.130092
0.142417
0.143313
0.197872
0.272694
0.646092
0.0747986
0.662
0.662
0.662
0.16977
0.281496
0.662
0.434302
0.418557
0.662
0.184865
0.377358
0.374883
0.604155
0.662
0.400157
0.272913
0.662
0.471587
0.662
0.662
0.212569
0.39279
0.234909
0.662
0.17133
0.662
0.2363
0.333101
0.269829
0.575958
0.511724
0.0434007
0.662
0.366693
0.474562
0.662
0.274194
0.662
0.122655
0.0894151
0.478944
0.662
0.100512
0.154312
0.0303631
0.425938
0.0752231
0.662
0.662
0.034973
0.534651
0.662
0.662
0.188231
0.662
0.3215
0.312545
0.662
0.662
0.210031
0.476296
0.32544
0.418522
0.662
0.662
0.662
0.512626
0.351348
0.662
0.662
0.0894414
0.220772
0.649972
0.348793
0.662
0.662
0.149481
0.391528
0.662
0.662
0.314763
0.662
0.662
0.662
0.662
0.208118
0.662
0.290448
0.241514
0.261036
0.460477
0.381916
0.662
0.662
0.662
0.198119
0.197993
0.310722
0.222721
0.662
0.350251
0.491052
0.240461
0.245457
0.662
0.0463983
0.662
0.372877
0.662
0.117596
0.615339
0.662
0.662
0.662
0.662
0.650346
0.151725
0.662
0.0375868
0.662
0.662
0.662
0.227489
0.153691
0.479787
0.662
0.305222
0.662
0.316947
0.662
0.662
0.1853
0.391687
0.231405
0.451054
0.662
0.283544
0.574152
0.662
0.662
0.345556
0.0174459
0.662
0.662
0.203344
0.0581066
0.196478
0.662
0.662
0.166022
0.232904
0.249047
0.662
0.662
0.555515
0.662
0.662
0.422374
0.472725
0.306233
0.145143
0.573849
0.662
0.662
0.168117
0.387904
0.662
0.112814
0.171972
0.549445
0.662
0.0516652
0.117832
0.662
0.662
0.299735
0.662
0.101987
0.662
0.328759
0.608408
0.602657
0.0651229
0.370538
0.65817
0.662
0.662
0.552207
0.351226
0.148293
0.662
0.391196
0.662
0.465147
0.436572
0.662
0.276434
0.192643
0.662
0.0610548
0.0135404
0.179037
0.126243
0.662
0.662
0.0487974
0.561699
0.216614
0.456108
0.377559
0.143294
0.662
0.329865
0.214967
0.662
0.595952
0.392342
0.159122
0.662
0.662
0.244586
0.101924
0.662
0.377628
0.662
0.25156
0.168945
0.662
0.270781
0.250838
0.662
0.662
0.662
0.052045
0.345434
0.662
0.0554179
0.142414
0.118242
0.662
0.206867
0.662
0.662
0.587391
0.662
0.662
0.257465
0.468633
0.54104
0.662
0.340657
0.662
0.437274
0.662
0.279564
0.353746
0.155389
0.156558
0.154131
0.662
0.210789
0.662
0.381621
0.662
0.662
0.662
0.662
0.199731
0.20342
0.662
0.105572
0.662
0.233536
0.662
0.168679
0.662
0.662
0.548725
0.451985
0.367043
0.532132
0.662
0.153476
0.27635
0.662
0.248205
0.273266
0.662
0.227082
0.377354
0.600059
0.662
0.149202
0.128261
0.662
0.265106
0.440528
0.49272
0.662
0.510421
0.662
0.238154
0.662
0.662
0.422792
0.378102
0.278835
0.248755
0.079269
0.208403
0.00228884
0.662
0.246781
0.46825
0.464052
0.128499
0.411709
0.00607626
0.662
0.0279989
0.662
0.158019
0.0854187
0.104156
0.514777
0.1217
0.518839
0.198877
0.662
0.425196
0.662
0.659044
0.662
0.261407
0.662
0.407739
0.0671718
0.662
0.662
0.14578
0.662
0.175196
0.662
0.662
0.219645
0.662
0.00680328
0.399565
0.473317
0.662
0.662
0.574284
0.347135
0.662
0.662
0.102645
0.311479
0.0383786
0.662
0.595564
0.662
0.148828
0.188232
0.287292
0.453902
0.397586
0.2083
0.25178
0.117458
0.314381
0.662
0.662
0.662
0.262822
0.662
0.662
0.662
0.471779
0.662
0.662
0.348421
0.662
0.467259
0.0464766
0.229845
0.206172
0.160018
0.662
0.250467
0.0611946
0.662
0.662
0.244956
0.133133
0.662
0.662
0.662
0.494566
0.197109
0.662
0.662
0.662
0.0564325
0.662
0.317974
0.662
0.662
0.204924
0.475438
0.0126148
0.334018
0.662
0.662
0.662
0.363284
0.264625
0.662
0.662
0.63339
0.365251
0.588893
0.662
0.186538
0.662
0.364472
0.397055
0.280749
0.662
0.662
0.662
0.332997
0.187149
0.662
0.662
0.204106
0.0567663
0.0312662
0.310558
0.662
0.1897
0.662
0.488311
0.393267
0.486829
0.326418
0.253306
0.662
0.0249932
0.662
0.319795
0.24866
0.662
0.380423
0.662
0.203528
0.218779
0.436327
0.0500957
0.662
0.343533
0.429941
0.471397
0.662
0.0266252
0.196163
0.202646
0.218258
0.0640427
0.471321
0.662
0.448468
0.304481
0.229369
0.662
0.100963
0.662
0.328031
0.662
0.53853
0.662
0.662
0.662
0.662
0.662
0.187726
0.218608
0.629532
0.662
0.246967
0.28864
0.662
0.472348
0.575227
0.52751
0.154134
0.662
0.210949
0.33429
0.662
0.662
0.662
0.0543091
0.0109879
0.00579766
0.662
0.119731
0.193762
0.662
0.25419
0.0869407
0.3916
0.0893552
0.662
0.0268551
0.0857294
0.00241414
0.662
0.662
0.296562
0.0382981
0.662
0.194811
0.269315
0.662
0.662
0.0932684
0.614887
0.662
0.401478
0.662
0.439877
0.662
0.662
0.0180719
0.261576
0.438385
0.349304
0.0960361
0.662
0.662
0.662
0.455588
0.172284
0.281934
0.662
0.662
0.0422364
0.500374
0.113563
0.662
0.662
0.0199338
0.421223
0.339912
0.0859822
0.662
0.440254
0.334817
0.662
0.384904
0.662
0.193672
0.662
0.222793
0.662
0.662
0.662
0.472394
0.662
0.472718
0.302708
0.662
0.286132
0.402165
0.49739
0.295911
0.273012
0.370007
0.140738
0.46961
0.452846
0.662
0.662
0.45209
0.662
0.662
0.662
0.242548
0.313042
0.291611
0.563854
0.662
0.146056
0.462736
0.542498
0.0469309
0.662
0.200042
0.165556
0.274451
0.567926
0.662
0.662
0.353646
0.332444
0.662
0.0872316
0.289297
0.514065
0.662
0.181401
0.102072
0.662
0.37182
0.662
0.058439
0.104226
0.662
0.222938
0.42194
0.378916
0.566503
0.252474
0.298884
0.304079
0.662
0.326832
0.185121
0.662
0.402343
0.662
0.0781893
0.114728
0.662
0.662
0.237636
0.307662
0.329762
0.2605
0.205749
0.165277
0.662
0.243647
0.662
0.662
0.326262
0.14319
0.662
0.543079
0.662
0.0259561
0.297715
0.662
0.366547
0.361938
0.208182
0.662
0.272146
0.206935
0.662
0.216014
0.662
0.279134
0.662
0.37724
0.662
0.118411
0.662
0.221298
0.662
0.662
0.662
0.662
0.662
0.54082
0.662
0.390772
0.261747
0.662
0.662
0.0707613
0.662
0.56133
0.19816
0.247723
0.396368
0.456198
0.662
0.662
0.55803
0.419063
0.662
0.662
0.212695
0.662
0.462351
0.662
0.147348
0.42177
0.232898
0.662
0.304946
0.662
0.158891
0.662
0.207584
0.662
0.662
0.275172
0.569665
0.662
0.0121313
0.402815
0.344946
0.443947
0.480443
0.348793
0.265844
0.422723
0.0227874
0.662
0.662
0.662
0.12449
0.354438
0.662
0.662
0.384757
0.219099
0.662
0.196005
0.662
0.457586
0.174547
0.404275
0.306369
0.662
0.662
0.0999944
0.662
0.662
0.662
0.662
0.662
0.382408
0.116297
0.355988
0.176379
0.662
0.662
0.18488
0.662
0.075471
0.662
0.178988
0.430728
0.382394
0.188714
0.662
0.148312
0.499127
0.0108652
0.662
0.0212526
0.198316
0.662
0.662
0.358703
0.208601
0.662
0.662
0.173858
0.00439071
0.259394
0.662
0.662
0.0649861
0.0800027
0.58402
0.167159
0.378915
0.662
0.0976754
0.199329
0.24837
0.662
0.662
0.662
0.662
0.662
0.362277
0.176142
0.263274
0.330276
0.662
0.662
0.662
0.481468
0.319101
0.662
0.394431
0.662
0.365751
0.28239
0.662
0.333927
0.316398
0.136207
0.179841
0.662
0.662
0.242426
0.495283
0.194837
0.315994
0.237413
0.361763
0.662
0.662
0.662
0.662
0.662
0.662
0.430732
0.198381
0.16507
0.290753
0.661496
0.662
0.308473
0.62942
0.662
0.596044
0.340056
0.662
0.662
0.320436
0.662
0.34464
0.621651
0.362575
0.662
0.662
0.358367
0.265535
0.186364
0.662
0.237754
0.0553029
0.662
0.662
0.263466
0.343724
0.130935
0.662
0.0973115
0.539041
0.472467
0.0792609
0.0267953
0.662
0.662
0.0995259
0.332887
0.227568
0.662
0.662
0.394318
0.0805656
0.662
0.662
0.662
0.21875
0.662
0.202479
0.662
0.662
0.364858
0.247063
0.240997
0.662
0.394256
0.660873
0.662
0.662
0.342926
0.630574
0.0324227
0.662
0.116944
0.662
0.24021
0.662
0.662
0.399139
0.059218
0.234461
0.445135
0.662
0.662
0.662
0.662
0.331669
0.599452
0.269481
0.272204
0.662
0.485518
0.19807
0.0935069
0.159873
0.145347
0.662
0.662
0.662
0.662
0.662
0.662
0.662
0.486203
0.662
0.662
0.389527
0.563125
0.293379
0.141179
0.000500532
0.248404
0.122444
0.49315
0.325306
0.0412362
0.662
0.662
0.053522
0.529317
0.193908
0.662
0.662
0.662
0.0626454
0.275958
0.175095
0.414864
0.11809
0.662
0.634681
0.189063
0.635592
0.662
0.662
0.27105
0.662
0.0508114
0.662
0.662
0.662
0.662
0.622683
0.249612
0.266484
0.130923
0.662
0.00436094
0.324241
0.662
0.662
0.407077
0.662
0.550436
0.0904623
0.662
0.123237
0.662
0.662
0.452114
0.0256716
0.0456501
0.497728
0.0655552
0.662
0.39715
0.0371837
0.0396132
0.662
0.0602711
0.0572975
0.221324
0.662
0.662
0.297572
0.495146
0.662
0.0366758
0.321728
0.132182
0.505577
0.0485346
0.632284
0.12017
0.571923
0.662
0.662
0.330908
0.0386838
0.662
0.662
0.662
0.164932
0.190666
0.260346
0.662
0.662
0.159452
0.120734
0.662
0.662
0.602887
0.191891
0.0978773
0.662
0.662
0.662
0.227451
0.662
0.310147
0.662
0.662
0.662
0.0737056
0.662
0.563677
0.235009
0.662
0.662
0.662
0.662
0.425086
0.133724
0.662
0.320351
0.141014
0.662
0.246008
0.150256
0.662
0.662
0.662
0.000785285
0.662
0.329537
0.662
0.202711
0.480372
0.233094
0.33145
0.662
0.662
0.239076
0.00860471
0.662
0.122504
0.662
0.193672
0.662
0.116047
0.164966
0.423968
0.38532
0.662
0.320618
0.662
0.662
0.338784
0.173777
0.662
0.662
0.662
0.0299156
0.0601734
0.0143498
0.291551
0.662
0.446631
0.264898
0.294118
0.478123
0.0358278
0.478932
0.246177
0.662
0.188065
0.662
0.662
0.662
0.217055
0.662
0.208948
0.222792
0.662
0.391871
0.662
0.23912
0.396862
0.234795
0.10697
0.662
0.289741
0.662
0.662
0.662
0.662
0.591077
0.229713
0.0966575
0.662
0.281461
0.213048
0.662
0.662
0.662
0.662
0.329052
0.437977
0.662
0.662
0.235511
0.192174
0.662
0.598354
0.662
0.662
0.476404
0.626747
0.176765
0.662
0.560644
0.662
0.29221
0.207363
0.662
0.0476954
0.662
0.662
0.459448
0.209728
0.662
0.662
0.298415
0.662
0.292205
0.662
0.331015
0.39535
0.235791
0.276617
0.662
0.662
0.662
0.662
0.662
0.271537
0.662
0.126521
0.662
0.0964707
0.662
0.116512
0.637556
0.662
0.223507
0.00297779
0.46764
0.373845
0.662
0.192355
0.662
0.662
0.662
0.14981
0.461299
0.0323641
0.383381
0.233713
0.662
0.103221
0.662
0.425242
0.518794
0.662
0.662
0.662
0.662
0.275493
0.36171
0.253189
0.313174
0.662
0.662
0.662
0.217544
0.662
0.662
0.384629
0.212444
0.294462
0.38848
0.124794
0.547977
0.662
0.662
0.461999
0.555854
0.0740054
0.242688
0.662
0.22982
0.167383
0.662
0.223958
0.662
0.662
0.186629
0.466696
0.315504
0.019901
0.662
0.662
0.662
0.241958
0.662
0.198057
0.553847
0.297399
0.414085
0.317065
0.0075871
0.189912
0.349275
0.584265
0.134309
0.662
0.395383
0.662
0.14545
0.521214
0.348382
0.662
0.0612461
0.0268073
0.216637
0.662
0.662
0.662
0.143206
0.0763825
0.155998
0.331329
0.662
0.662
0.221269
0.662
0.662
0.662
0.30919
0.294862
0.662
0.662
0.662
0.496519
0.583193
0.617733
0.170044
0.662
0.662
0.195003
0.662
0.662
0.662
0.662
0.34037
0.225294
0.662
0.28345
0.274787
0.662
0.37594
0.291914
0.499083
0.29099
0.154452
0.223094
0.662
0.315194
0.349936
0.362476
0.662
0.500918
0.662
0.237692
0.210255
0.371359
0.147135
0.16746
0.662
0.438344
0.662
0.220502
0.662
0.662
0.428622
0.324912
0.662
0.662
0.291575
0.156052
0.274315
0.662
0.662
0.377321
0.662
0.454362
0.214989
0.237322
0.662
0.209156
0.662
0.275179
0.662
0.406817
0.490168
0.662
0.480097
0.121023
0.0311161
0.177132
0.366607
0.662
0.581029
0.263992
0.020728
0.662
0.0113412
0.183597
0.145798
0.430443
0.496485
0.486255
0.662
0.396264
0.662
0.374862
0.268729
0.210537
0.443486
0.662
0.662
0.0993686
0.265225
0.560268
0.662
0.406001
0.340377
0.526494
0.0862767
0.133857
0.194143
0.124466
0.299269
0.0544699
0.223795
0.662
0.214192
0.233291
0.662
0.41026
0.32823
0.179262
0.662
0.0863349
0.198227
0.662
0.662
0.662
0.158471
0.662
0.00587245
0.0353711
0.308236
0.342032
0.662
0.662
0.662
0.0419058
0.662
0.25942
0.662
0.359284
0.118493
0.201404
0.662
0.662
0.420895
0.0309875
0.427673
0.406577
0.243065
0.662
0.434345
0.662
0.284999
0.237448
0.543399
0.288861
0.662
0.353268
0.662
0.379577
0.19451
0.662
0.208888
0.354928
0.229653
0.477313
0.662
0.257733
0.662
0.0435625
0.662
0.3286
0.662
0.662
0.204987
0.662
0.227509
0.222931
0.369801
0.662
0.475275
0.662
0.662
0.298358
0.662
0.055244
0.47216
0.662
0.258667
0.13297
0.662
0.662
0.110021
0.1161
0.125753
0.350357
0.0945117
0.662
0.662
0.213182
0.391443
0.214775
0.662
0.368778
0.662
0.662
0.662
0.662
0.215048
0.413573
0.273727
0.662
0.662
0.662
0.662
0.311494
0.34973
0.237038
0.662
0.198095
0.662
0.563458
0.662
0.44053
0.247796
0.177262
0.662
0.0844302
0.662
0.308116
0.260532
0.662
0.300741
0.662
0.144817
0.662
0.662
0.360251
0.493392
0.662
0.222047
0.125646
0.216965
0.0790186
0.662
0.0828606
0.0657409
0.662
0.329184
0.452064
0.249719
0.071625
0.662
0.662
0.662
0.662
0.150232
0.662
0.119491
0.164165
0.662
0.212311
0.265954
0.662
0.662
0.662
0.662
0.662
0.321603
0.467132
0.0162895
0.135267
0.662
0.0108571
0.662
0.662
0.228345
0.662
0.322992
0.167818
0.662
0.662
0.011395
0.0903314
0.260241
0.662
0.406752
0.380112
0.662
0.0612442
0.662
0.130823
0.662
0.662
0.314514
0.299921
0.662
0.578383
0.235065
0.662
0.662
0.662
0.662
0.233424
0.662
0.308325
0.388916
0.662
0.45962
0.156921
0.223367
0.32694
0.662
0.662
0.446835
0.220818
0.453342
0.662
0.662
0.662
0.662
0.191663
0.306853
0.289363
0.45671
0.280033
0.400262
0.662
0.662
0.197648
0.134151
0.19016
0.359489
0.662
0.662
0.662
0.0371981
0.491132
0.662
0.358358
0.441852
0.662
0.523342
0.662
0.662
0.465142
0.662
0.662
0.424811
0.662
0.662
0.662
0.662
0.209408
0.551438
0.662
0.662
0.662
0.013211
0.662
0.330479
0.0572225
0.398784
0.18007
0.191141
0.662
0.195671
0.219025
0.662
0.320238
0.320778
0.228987
0.399164
0.350908
0.662
0.314447
0.662
0.151971
0.433239
0.662
0.376857
0.274849
0.513956
0.385882
0.171669
0.0694865
0.310612
0.662
0.345313
0.629763
0.662
0.3738
0.453936
0.45947
0.662
0.299305
0.662
0.662
0.662
0.236896
0.662
0.0170857
0.213844
0.416711
0.638294
0.316367
0.17669
0.48396
0.662
0.323028
0.237218
0.662
0.656767
0.0279828
0.210273
0.13241
0.223115
0.662
0.662
0.0293792
0.456768
0.662
0.321132
0.662
0.662
0.662
0.662
0.662
0.640922
0.662
0.662
0.436587
0.662
0.662
0.412256
0.217099
0.30535
0.662
0.662
0.568007
0.662
0.662
0.182336
0.015339
0.463066
0.662
0.662
0.627047
0.0988889
0.504962
0.662
0.18561
0.235225
0.0594854
0.662
0.662
0.662
0.454103
0.415369
0.472834
0.662
0.662
0.662
0.662
0.662
0.450531
0.662
0.223434
0.662
0.662
0.211575
0.20796
0.383968
0.219691
0.479087
0.452711
0.662
0.199733
0.662
0.231061
0.276944
0.662
0.344745
0.175498
0.213248
0.662
0.242793
0.327544
0.662
0.591672
0.145075
0.662
0.319457
0.328342
0.351969
0.399996
0.151303
0.662
0.110356
0.304052
0.662
0.662
0.189491
0.106074
0.662
0.506649
0.315278
0.41505
0.662
0.662
0.133462
0.304948
0.662
0.662
0.662
0.662
0.245146
0.152852
0.309266
0.538828
0.434597
0.662
0.662
0.662
0.299228
0.053194
0.662
0.473298
0.662
0.662
0.243192
0.662
0.457422
0.662
0.364038
0.464342
0.217031
0.107696
0.662
0.662
0.201687
0.662
0.662
0.662
0.44215
0.390114
0.662
0.662
0.183799
0.11703
0.662
0.41503
0.271341
0.204042
0.191541
0.212878
0.184088
0.608922
0.350875
0.662
0.662
0.152638
0.662
0.284956
0.139233
0.662
0.662
0.662
0.662
0.662
0.662
0.662
0.160833
0.231061
0.410007
0.25999
0.377232
0.662
0.662
0.0770379
0.0847316
0.159504
0.662
0.662
0.0575495
0.261979
0.662
0.662
0.557127
0.589632
0.164722
0.662
0.185703
0.439963
0.662
0.47138
0.0599846
0.217008
0.314412
0.295073
0.662
0.134535
0.662
0.662
0.0589502
0.662
0.46056
0.662
0.316122
0.349062
0.662
0.662
0.662
0.11194
0.396772
0.662
0.662
0.545143
0.450346
0.662
0.662
0.338147
0.00950113
0.662
0.662
0.592599
0.662
0.239811
0.289331
0.332897
0.662
0.662
0.662
0.515161
0.167604
0.662
0.579524
0.33277
0.662
0.210736
0.403921
0.662
0.662
0.662
0.662
0.142531
0.662
0.662
0.252253
0.662
0.662
0.0233361
0.662
0.636419
0.363358
0.662
0.146921
0.251286
0.24428
0.662
0.246275
0.197449
0.148348
0.332547
0.31473
0.495282
0.618948
0.0711664
0.662
0.662
0.662
0.400994
0.0862205
0.287709
0.227956
0.322603
0.662
0.477027
0.203722
0.662
0.281159
0.0756387
0.320369
0.662
0.134229
0.117854
0.662
0.349151
0.662
0.662
0.662
0.662
0.662
0.594353
0.351146
0.109568
0.0692622
0.343107
0.27099
0.62444
0.662
0.290184
0.662
0.643142
0.662
0.459205
0.662
0.547342
0.225272
0.256963
0.290919
0.192354
0.662
0.662
0.662
0.662
0.662
0.219888
0.309988
0.343281
0.399106
0.662
0.354725
0.251791
0.162714
0.662
0.662
0.662
0.662
0.662
0.209355
0.0770077
0.662
0.36997
0.662
0.147902
0.199392
0.103277
0.662
0.111652
0.662
0.209788
0.662
0.662
0.276229
0.0565014
0.631862
0.662
0.29295
0.213878
0.662
0.282931
0.129301
0.662
0.662
0.389942
0.578646
0.516052
0.662
0.456205
0.662
0.0786563
0.662
0.267595
0.211464
0.103474
0.485388
0.292162
0.116801
0.662
0.068806
0.662
0.218847
0.662
0.662
0.0170523
0.455411
0.662
0.662
0.662
0.132396
0.465123
0.377701
0.389783
0.157021
0.662
0.662
0.662
0.297326
0.310319
0.662
0.127441
0.662
0.167263
0.17502
0.662
0.642124
0.662
0.662
0.412112
0.502691
0.246888
0.662
0.402669
0.205233
0.662
0.381735
0.44337
0.376702
0.307051
0.662
0.317934
0.662
0.116295
0.662
0.0867736
0.353698
0.444748
0.172115
0.329429
0.321386
0.155655
0.20546
0.662
0.293524
0.206987
0.253457
0.108802
0.00158965
0.662
0.211054
0.240274
0.662
0.662
0.151187
0.0338997
0.27345
0.150584
0.0211761
0.163364
0.0699031
0.0777282
0.662
0.174951
0.662
0.662
0.662
0.662
0.406754
0.116448
0.662
0.662
0.662
0.564992
0.208175
0.204919
0.662
0.196557
0.662
0.209285
0.0421645
0.178898
0.0942976
0.184562
0.145126
0.652004
0.271021
0.0176849
0.151951
0.354124
0.662
0.525085
0.662
0.662
0.337197
0.156537
0.324552
0.104671
0.0609995
0.315403
0.239712
0.662
0.288694
0.066228
0.467258
0.216592
0.662
0.137074
0.662
0.224552
0.662
0.184752
0.385384
0.456581
0.473929
0.255054
0.592031
0.662
0.0235588
0.197106
0.00199855
0.662
0.353264
0.0603469
0.194989
0.422134
0.348572
0.662
0.662
0.662
0.464065
0.662
0.169829
0.662
0.0954548
0.662
0.662
0.0625609
0.130548
0.397384
0.662
0.662
0.662
0.662
0.192873
0.662
0.662
0.510065
0.662
0.386541
0.313876
0.014511
0.662
0.662
0.538237
0.261344
0.662
0.629763
0.217181
0.662
0.662
0.420726
0.491073
0.499537
0.149662
0.662
0.407082
0.662
0.662
0.662
0.662
0.324498
0.0763314
0.662
0.662
0.662
0.662
0.662
0.465932
0.344024
0.236344
0.545561
0.0480783
0.662
0.162807
0.460317
0.508518
0.0960788
0.662
0.303472
0.662
0.58195
0.104905
0.0100228
0.436482
0.302877
0.101679
0.0436092
0.662
0.165154
0.199792
0.662
0.36233
0.662
0.592723
0.109749
0.351822
0.662
0.662
0.0324968
0.662
0.662
0.662
0.662
0.41181
0.662
0.662
0.39502
0.234895
0.23727
0.662
0.24923
0.145284
0.246839
0.662
0.662
0.662
0.115989
0.437249
0.205554
0.662
0.394134
0.662
0.483164
0.255269
0.42618
0.282502
0.662
0.662
0.662
0.662
0.304985
0.292948
0.662
0.205538
0.20562
0.210266
0.209758
0.223157
0.0417065
0.662
0.662
0.263026
0.465437
0.662
0.156789
0.0468323
0.460378
0.493109
0.235997
0.193237
0.662
0.662
0.45537
0.41672
0.662
0.662
0.662
0.662
0.662
0.235507
0.662
0.241819
0.495503
0.282708
0.662
0.0513295
0.662
0.0852439
0.462272
0.662
0.461905
0.662
0.662
0.439838
0.306421
0.662
0.405375
0.468267
0.662
0.277922
0.662
0.479253
0.498006
0.335324
0.20538
0.662
0.662
0.222194
0.662
0.502381
0.380154
0.662
0.278336
0.47243
0.662
0.416781
0.386045
0.662
0.441691
0.0663907
0.508506
0.662
0.662
0.662
0.0455505
0.662
0.124584
0.662
0.320463
0.191684
0.662
0.268761
0.662
0.662
0.323244
0.662
0.533796
0.662
0.405404
0.662
0.662
0.662
0.486556
0.662
0.662
0.304454
0.138458
0.662
0.138804
0.277017
0.341141
0.270015
0.0505527
0.140508
0.662
0.662
0.448321
0.1691
0.169726
0.264982
0.309858
0.662
0.363361
0.662
0.327298
0.662
0.52761
0.662
0.283912
0.156459
0.368556
0.662
0.335856
0.662
0.122602
0.662
0.662
0.662
0.412188
0.629207
0.0246529
0.342639
0.290233
0.662
0.456877
0.662
0.662
0.662
0.46163
0.662
0.662
0.662
0.133216
0.662
0.64566
0.662
0.662
0.252087
0.662
0.477683
0.177606
0.662
0.520158
0.662
0.662
0.457199
0.662
0.0318239
0.662
0.410665
0.662
0.662
0.662
0.442625
0.262905
0.386468
0.48384
0.478142
0.213045
0.0872234
0.138854
0.458146
0.458955
0.113092
0.122291
0.162298
0.193462
0.429677
0.150229
0.459702
0.394765
0.662
0.457859
0.106274
0.662
0.267835
0.662
0.544303
0.662
0.662
0.238686
0.432306
0.662
0.0905702
0.156676
0.278697
0.216569
0.0622493
0.662
0.662
0.662
0.662
0.169283
0.662
0.662
0.463068
0.218042
0.159039
0.662
0.472131
0.245194
0.182459
0.662
0.285158
0.662
0.662
0.405171
0.140812
0.176162
0.662
0.662
0.335855
0.310814
0.662
0.127952
0.288143
0.662
0.344326
0.662
0.662
0.396471
0.190024
0.345222
0.662
0.662
0.113905
0.336172
0.662
0.296055
0.163888
0.35961
0.0237467
0.654737
0.157795
0.662
0.662
0.0395506
0.387603
0.662
0.662
0.267793
0.268631
0.662
0.317932
0.662
0.662
0.00113587
0.662
0.195017
0.164738
0.369225
0.662
0.298098
0.24508
0.662
0.662
0.662
0.662
0.248666
0.1807
0.0659932
0.257288
0.407899
0.182378
0.149642
0.662
0.258404
0.333078
0.662
0.230233
0.237974
0.288521
0.202627
0.400478
0.184877
0.00452755
0.662
0.138647
0.662
0.60147
0.130963
0.662
0.297414
0.266268
0.489341
0.662
0.662
0.214036
0.219027
0.662
0.662
0.370303
0.201015
0.556116
0.662
0.166057
0.662
0.662
0.662
0.107144
0.662
0.205798
0.662
0.662
0.215864
0.634311
0.34994
0.0926144
0.662
0.451927
0.662
0.55916
0.662
0.279635
0.291234
0.662
0.463339
0.662
0.327519
0.662
0.191765
0.278835
0.22494
0.119162
0.114818
0.289455
0.261586
0.662
0.662
0.662
0.662
0.662
0.662
0.536351
0.47456
0.372285
0.662
0.662
0.0514281
0.662
0.662
0.106655
0.0597809
0.521057
0.230606
0.218283
0.662
0.662
0.662
0.0435675
0.207911
0.494785
0.463468
0.143407
0.662
0.0193556
0.267272
0.329995
0.194913
0.444918
0.662
0.454997
0.272938
0.662
0.662
0.662
0.0139712
0.499666
0.253062
0.299316
0.137762
0.662
0.312993
0.314133
0.278783
0.472905
0.257391
0.346261
0.480638
0.181411
0.45691
0.662
0.191856
0.662
0.169732
0.455401
0.662
0.662
0.00843705
0.662
0.662
0.563456
0.205265
0.36695
0.662
0.662
0.306616
0.278776
0.351652
0.25699
0.662
0.00609434
0.396624
0.0921829
0.662
0.277684
0.662
0.0655911
0.662
0.662
0.475292
0.161172
0.662
0.292072
0.287562
0.662
0.336551
0.662
0.200718
0.385007
0.270362
0.184976
0.244004
0.460486
0.343703
0.169628
0.662
0.662
0.662
0.2493
0.471342
0.0842373
0.0151162
0.302638
0.662
0.137895
0.490944
0.662
0.365322
0.468769
0.662
0.0471133
0.476449
0.662
0.209525
0.206944
0.662
0.662
0.662
0.285665
0.44664
0.399217
0.388231
0.294271
0.441777
0.435434
0.60053
0.662
0.311412
0.662
0.662
0.662
0.329989
0.137671
0.409269
0.306505
0.201281
0.432236
0.662
0.323723
0.194834
0.662
0.324096
0.662
0.426916
0.658734
0.0927116
0.662
0.0971295
0.163022
0.41716
0.606293
0.392012
0.662
0.662
0.662
0.238621
0.209253
0.381961
0.20722
0.662
0.662
0.662
0.662
0.662
0.21505
0.662
0.197599
0.387174
0.662
0.662
0.210541
0.274349
0.397417
0.662
0.662
0.662
0.662
0.268223
0.426652
0.429838
0.662
0.392941
0.662
0.172198
0.662
0.196464
0.662
0.389203
0.180898
0.337287
0.662
0.146645
0.33916
0.366813
0.400914
0.662
0.662
0.662
0.662
0.264419
0.662
0.350512
0.662
0.662
0.0770605
0.250229
0.205265
0.662
0.662
0.327519
0.311688
0.662
0.316159
0.0751809
0.133208
0.662
0.0435257
0.662
0.662
0.662
0.478517
0.273034
0.333089
0.662
0.662
0.0697126
0.388529
0.662
0.470731
0.204362
0.662
0.237421
0.662
0.590756
0.662
0.662
0.421729
0.662
0.662
0.547375
0.471918
0.662
0.662
0.243455
0.568846
0.662
0.423139
0.662
0.399408
0.562267
0.231968
0.334823
0.237533
0.47458
0.199954
0.620198
0.662
0.662
0.520472
0.662
0.483527
0.110474
0.662
0.193386
0.281593
0.283677
0.662
0.662
0.662
0.561524
0.216762
0.422371
0.662
0.097419
0.235635
0.226491
0.460476
0.0689543
0.277012
0.387448
0.255401
0.474213
0.662
0.662
0.662
0.662
0.491991
0.212545
0.471109
0.662
0.662
0.462524
0.302828
0.45742
0.662
0.662
0.562852
0.0157888
0.162323
0.662
0.187198
0.3975
0.292163
0.307341
0.307714
0.662
0.662
0.662
0.165481
0.662
0.264759
0.662
0.662
0.662
0.13594
0.351304
0.662
0.662
0.662
0.662
0.409309
0.537729
0.0531847
0.188959
0.662
0.0432993
0.114883
0.662
0.662
0.662
0.0907635
0.662
0.0501735
0.662
0.662
0.662
0.662
0.662
0.306771
0.23336
0.0487865
0.0223662
0.662
0.662
0.461813
0.662
0.275628
0.266352
0.637446
0.216777
0.0718666
0.186939
0.451489
0.195123
0.524433
0.466051
0.22923
0.662
0.662
0.428256
0.482809
0.1221
0.0597247
0.662
0.398701
0.662
0.195646
0.108635
0.165838
0.39259
0.414169
0.662
0.212652
0.662
0.0144377
0.256425
0.208646
0.662
0.488816
0.662
0.293005
0.662
0.606133
0.156843
0.0507345
0.328301
0.241438
0.262001
0.399999
0.662
0.662
0.662
0.221056
0.00299117
0.662
0.662
0.194693
0.193178
0.662
0.662
0.26618
0.357563
0.398773
0.662
0.662
0.370283
0.347921
0.623713
0.365696
0.101237
0.662
0.662
0.55777
0.662
0.662
0.455293
0.629763
0.386126
0.29534
0.479644
0.258694
0.166662
0.420276
0.662
0.662
0.230886
0.662
0.662
0.176744
0.20861
0.0809336
0.286925
0.0605636
0.662
0.104775
0.235937
0.212218
0.662
0.5296
0.662
0.459846
0.110198
0.662
0.19969
0.0355881
0.210949
0.422698
0.265656
0.263742
0.662
0.236511
0.411515
0.032701
0.662
0.136128
0.662
0.0621038
0.662
0.154253
0.515505
0.662
0.25238
0.117182
0.662
0.258308
0.255565
0.662
0.114217
0.215843
0.662
0.662
0.662
0.662
0.36234
0.662
0.245294
0.238604
0.0110765
0.459482
0.119872
0.662
0.275486
0.189096
0.155741
0.662
0.450834
0.662
0.44405
0.662
0.216469
0.446204
0.533195
0.662
0.662
0.197144
0.0117115
0.662
0.449121
0.662
0.441444
0.342431
0.662
0.662
0.206954
0.486692
0.461065
0.662
0.0915831
0.662
0.62094
0.341262
0.662
0.472277
0.662
0.201651
0.2131
0.662
0.662
0.662
0.662
0.662
0.422191
0.30457
0.662
0.0472872
0.175653
0.140074
0.56155
0.662
0.662
0.662
0.124075
0.662
0.191008
0.662
0.359491
0.662
0.662
0.41969
0.662
0.662
0.662
0.0562365
0.662
0.662
0.267374
0.662
0.662
0.0602941
0.655995
0.213347
0.662
0.662
0.230402
0.662
0.662
0.298548
0.662
0.143907
0.662
0.662
0.547714
0.0754874
0.662
0.662
0.322406
0.357776
0.662
0.0537948
0.662
0.29949
0.433052
0.12954
0.662
0.0927748
0.0390723
0.239306
0.468633
0.662
0.662
0.382248
0.0983737
0.221728
0.595612
0.0825392
0.365316
0.662
0.662
0.289162
0.207111
0.484631
0.0301246
0.662
0.662
0.252335
0.350833
0.267505
0.385777
0.228784
0.662
0.662
0.439722
0.297287
0.313539
0.528542
0.100193
0.602115
0.234221
0.193793
0.662
0.0567021
0.191529
0.258164
0.205921
0.58817
0.577984
0.662
0.662
0.109679
0.358439
0.26951
0.662
0.662
0.662
0.662
0.662
0.17884
0.662
0.285168
0.60582
0.381424
0.243093
0.15039
0.264219
0.343265
0.0984752
0.625838
0.662
0.342902
0.405012
0.662
0.456167
0.112404
0.662
0.662
0.662
0.31929
0.662
0.662
0.662
0.495383
0.0360027
0.662
0.28064
0.184751
0.389052
0.662
0.662
0.662
0.245778
0.116504
0.662
0.383231
0.0651525
0.662
0.0784023
0.662
0.057538
0.188578
0.141254
0.662
0.167397
0.662
0.227186
0.613189
0.255061
0.419328
0.205312
0.662
0.162854
0.662
0.662
0.0664841
0.145438
0.258219
0.173183
0.662
0.258062
0.152864
0.32945
0.662
0.662
0.662
0.662
0.192318
0.116184
0.334849
0.479018
0.662
0.390341
0.446085
0.381807
0.213141
0.428793
0.662
0.662
0.441756
0.489131
0.0319123
0.662
0.0684601
0.662
0.371478
0.662
0.200548
0.480966
0.18767
0.304699
0.586291
0.662
0.612295
0.662
0.527438
0.662
0.177863
0.662
0.662
0.244505
0.662
0.662
0.227068
0.254819
0.171958
0.263288
0.523218
0.197205
0.662
0.366091
0.112559
0.0626049
0.662
0.662
0.130053
0.416271
0.662
0.662
0.662
0.662
0.662
0.662
0.417075
0.662
0.0358591
0.146862
0.30269
0.436307
0.451825
0.138708
0.662
0.111151
0.662
0.26
0.243301
0.151354
0.46287
0.662
0.662
0.662
0.662
0.356047
0.461102
0.662
0.120196
0.299863
0.385277
0.662
0.662
0.352073
0.662
0.204797
0.348921
0.662
0.366905
0.101468
0.542877
0.255555
0.486191
0.5134
0.178872
0.36267
0.662
0.188502
0.133671
0.0228377
0.662
0.110489
0.662
0.169939
0.662
0.299917
0.358866
0.662
0.662
0.662
0.416472
0.101567
0.0162668
0.662
0.0975364
0.0524071
0.32429
0.662
0.662
0.294567
0.241113
0.15897
0.662
0.662
0.233642
0.329352
0.15854
0.662
0.337711
0.241294
0.163893
0.662
0.662
0.632783
0.147936
0.662
0.121429
0.563887
0.662
0.46048
0.00935597
0.483107
0.46869
0.404173
0.496997
0.662
0.196198
0.662
0.243356
0.662
0.0940787
0.662
0.662
0.662
0.662
0.216239
0.120276
0.166082
0.190632
0.662
0.662
0.259724
0.662
0.19028
0.459794
0.662
0.236076
0.528083
0.21529
0.0108315
0.426083
0.662
0.608797
0.662
0.662
0.662
0.662
0.662
0.662
0.662
0.662
0.662
0.662
0.662
0.662
0.662
0.662
0.477153
0.257776
0.0461049
0.576098
0.662
0.662
0.662
0.251744
0.662
0.269132
0.462081
0.253292
0.0288018
0.0188746
0.662
0.17478
0.371917
0.0519756
0.341665
0.662
0.444705
0.662
0.662
0.662
0.662
0.257268
0.39508
0.662
0.182988
0.662
0.259349
0.224555
0.662
0.662
0.24861
0.263886
0.169425
0.478765
0.031604
0.662
0.662
0.32421
0.451304
0.0709673
0.476198
0.221905
0.662
0.662
0.130482
0.186361
0.394563
0.266616
0.480769
0.573435
0.662
0.441179
0.0899247
0.551513
0.460046
0.662
0.298607
0.248771
0.241644
0.298816
0.662
0.662
0.0437467
0.434352
0.117406
0.0801788
0.56747
0.64484
0.657238
0.466572
0.662
0.662
0.354711
0.48074
0.509788
0.204153
0.662
0.237261
0.436201
0.662
0.662
0.33064
0.211252
0.662
0.118644
0.0692354
0.307845
0.149706
0.206915
0.662
0.662
0.463458
0.356704
0.662
0.191406
0.424603
0.662
0.662
0.279493
0.662
0.111652
0.662
0.662
0.662
0.495651
0.124654
0.662
0.662
0.327949
0.662
0.662
0.394468
0.0128601
0.662
0.662
0.466865
0.327176
0.209153
0.204224
0.328974
0.275554
0.133305
0.662
0.662
0.662
0.662
0.230532
0.454563
0.400897
0.662
0.662
0.249969
0.20759
0.171806
0.662
0.326475
0.234947
0.662
0.201831
0.178623
0.662
0.662
0.189815
0.662
0.462642
0.662
0.662
0.0786823
0.267114
0.662
0.322716
0.276238
0.194847
0.473705
0.499623
0.662
0.42139
0.662
0.652775
0.0887286
0.662
0.662
0.398466
0.298922
0.0240635
0.662
0.570509
0.237106
0.662
0.0431629
0.662
0.275668
0.342626
0.0933176
0.302602
0.0335537
0.182795
0.222171
0.662
0.662
0.0726116
0.281459
0.662
0.662
0.312436
0.662
0.179176
0.662
0.662
0.662
0.135071
0.662
0.16871
0.206937
0.662
0.662
0.662
0.0765857
0.662
0.662
0.105647
0.662
0.662
0.193282
0.231375
0.269573
0.129588
0.662
0.31225
0.311478
0.662
0.445881
0.247189
0.0654067
0.662
0.0769658
0.662
0.551147
0.188071
0.662
0.662
0.193594
0.662
0.662
0.371583
0.309691
0.0364763
0.473805
0.662
0.0468201
0.297778
0.487452
0.242052
0.662
0.169628
0.662
0.662
0.662
0.0187357
0.148553
0.662
0.662
0.662
0.662
0.391706
0.413496
0.662
0.260002
0.42389
0.30986
0.142809
0.662
0.662
0.0365406
0.336604
0.467243
0.0245897
0.662
0.504957
0.456118
0.446029
0.662
0.247428
0.662
0.662
0.662
0.662
0.662
0.0179496
0.0740688
0.128079
0.471024
0.662
0.128543
0.662
0.476741
0.222385
0.33185
0.640177
0.137342
0.662
0.662
0.662
0.649967
0.34294
0.662
0.662
0.123011
0.212627
0.500666
0.330464
0.269242
0.400523
0.498702
0.662
0.185145
0.401493
0.662
0.249378
0.488106
0.314311
0.0606429
0.662
0.468291
0.598092
0.662
0.311142
0.662
0.116351
0.0887719
0.662
0.662
0.324863
0.662
0.662
0.284672
0.452685
0.662
0.662
0.662
0.218656
0.254082
0.314387
0.0577818
0.166446
0.662
0.0669167
0.662
0.662
0.257331
0.662
0.662
0.633694
0.662
0.423001
0.325849
0.2028
0.152951
0.202938
0.662
0.662
0.649726
0.662
0.269708
0.343059
0.662
0.662
0.406972
0.662
0.188649
0.410684
0.0106388
0.452806
0.662
0.401929
0.662
0.662
0.662
0.381847
0.611337
0.256825
0.139541
0.662
0.662
0.662
0.662
0.662
0.662
0.123976
0.213128
0.205851
0.443911
0.223306
0.309464
0.1096
0.203618
0.429553
0.662
0.465598
0.662
0.662
0.662
0.440213
0.662
0.662
0.662
0.452041
0.662
0.662
0.235242
0.190207
0.662
0.662
0.459909
0.29474
0.28503
0.662
0.662
0.662
0.662
0.256914
0.662
0.316828
0.662
0.309909
0.254791
0.414685
0.181312
0.000741297
0.401872
0.662
0.662
0.166081
0.549429
0.119732
0.662
0.662
0.0857983
0.662
0.662
0.389974
0.370749
0.662
0.212219
0.477245
0.25579
0.263714
0.445708
0.662
0.662
0.332525
0.373058
0.0728562
0.26445
0.248326
0.662
0.662
0.0822126
0.175418
0.18841
0.662
0.662
0.435733
0.662
0.662
0.662
0.165304
0.662
0.224545
0.186916
0.0208418
0.446486
0.295737
0.662
0.662
0.662
0.382672
0.388436
0.662
0.38238
0.430623
0.662
0.0135896
0.355049
0.609794
0.191096
0.13922
0.00337055
0.662
0.412163
0.198217
0.273761
0.662
0.415328
0.653187
0.115848
0.662
0.30581
0.41597
0.662
0.662
0.190176
0.662
0.243481
0.101718
0.203906
0.565671
0.662
0.156813
0.662
0.662
0.342223
0.573863
0.195082
0.158126
0.662
0.171013
0.662
0.662
0.662
0.373912
0.154327
0.544843
0.662
0.0155014
0.517883
0.662
0.662
0.469067
0.662
0.0307856
0.662
0.289147
0.115198
0.662
0.662
0.662
0.662
0.21599
0.662
0.662
0.314993
0.662
0.662
0.662
0.195514
0.192424
0.662
0.0807588
0.662
0.0524772
0.274144
0.575381
0.314697
0.319588
0.426417
0.662
0.0106682
0.662
0.662
0.385446
0.051723
0.141237
0.276685
0.380534
0.142208
0.451344
0.662
0.274476
0.662
0.662
0.368943
0.662
0.325615
0.261106
0.388165
0.662
0.662
0.662
0.662
0.144005
0.193337
0.398318
0.662
0.570452
0.301327
0.379787
0.15322
0.604395
0.662
0.34165
0.382396
0.530143
0.319368
0.0139311
0.633391
0.382708
0.274319
0.314745
0.662
0.662
0.500726
0.609641
0.104232
0.662
0.428089
0.204225
0.208422
0.0259353
0.662
0.0547436
0.0366832
0.415523
0.425541
0.0358119
0.166791
0.662
0.170492
0.662
0.662
0.103072
0.143852
0.662
0.403301
0.662
0.662
0.276366
0.266441
0.662
0.662
0.388815
0.280423
0.21825
0.250625
0.356475
0.662
0.662
0.662
0.205927
0.662
0.131345
0.627702
0.0118561
0.525452
0.122883
0.296257
0.662
0.148431
0.662
0.324866
0.109895
0.662
0.662
0.0487859
0.155264
0.42279
0.662
0.662
0.64505
0.662
0.425678
0.662
0.428441
0.662
0.65068
0.245081
0.287655
0.662
0.315171
0.662
0.407373
0.199847
0.37273
0.387566
0.662
0.126045
0.000174695
0.215545
0.662
0.662
0.662
0.200382
0.135696
0.324252
0.179947
0.662
0.0148852
0.255598
0.231882
0.662
0.24
0.662
0.662
0.662
0.105636
0.413412
0.596094
0.475638
0.375525
0.465943
0.662
0.449446
0.662
0.662
0.49944
0.197382
0.0565122
0.662
0.662
0.066606
0.662
0.133264
0.330965
0.431549
0.524838
0.395411
0.0607124
0.662
0.0547421
0.301598
0.362331
0.302731
0.503661
0.314602
0.295815
0.330222
0.364222
0.401848
0.326403
0.662
0.652049
0.414262
0.662
0.662
0.373449
0.662
0.662
0.236748
0.0728803
0.662
0.216862
0.662
0.408398
0.662
0.662
0.661112
0.662
0.262777
0.34318
0.00519181
0.460048
0.107123
0.125836
0.302945
0.263707
0.320327
0.379481
0.281315
0.662
0.662
0.662
0.222611
0.307679
0.662
0.662
0.662
0.134955
0.407905
0.255905
0.195538
0.553192
0.516762
0.662
0.0863587
0.269541
0.662
0.321159
0.210039
0.203892
0.662
0.124676
0.662
0.395613
0.662
0.446894
0.662
0.662
0.662
0.248908
0.308084
0.662
0.546558
0.662
0.662
0.662
0.662
0.257708
0.202449
0.00124168
0.0659151
0.662
0.0916431
0.265753
0.662
0.662
0.203466
0.662
0.425224
0.662
0.0644181
0.165843
0.662
0.662
0.662
0.662
0.662
0.662
0.147633
0.364852
0.662
0.308083
0.662
0.477672
0.662
0.662
0.274033
0.662
0.2387
0.641101
0.420053
0.388948
0.527215
0.471396
0.662
0.662
0.0193943
0.290422
0.281728
0.0426605
0.197241
0.659639
0.662
0.372053
0.215048
0.219743
0.441773
0.246647
0.314294
0.0184184
0.662
0.662
0.272279
0.0540717
0.18608
0.662
0.662
0.275342
0.444309
0.072316
0.662
0.662
0.248097
0.501298
0.662
0.469984
0.194991
0.266632
0.084994
0.175861
0.198933
0.652823
0.136944
0.662
0.468911
0.662
0.229458
0.662
0.408852
0.0843057
0.662
0.458345
0.151689
0.662
0.21258
0.662
0.645951
0.306544
0.341433
0.662
0.662
0.662
0.662
0.662
0.662
0.140425
0.235665
0.662
0.143372
0.662
0.423372
0.0388978
0.229298
0.662
0.284446
0.136306
0.317462
0.478981
0.32281
0.152145
0.662
0.662
0.380936
0.148532
0.662
0.435369
0.662
0.662
0.35503
0.662
0.305315
0.43689
0.419538
0.662
0.25073
0.450711
0.662
0.650621
0.662
0.662
0.117182
0.662
0.645587
0.464928
0.0499064
0.144136
0.240041
0.662
0.180824
0.662
0.0971936
0.349674
0.43502
0.297207
0.662
0.662
0.662
0.280952
0.662
0.662
0.268575
0.390307
0.662
0.0921059
0.0634018
0.00927306
0.662
0.130939
0.251141
0.662
0.0063556
0.662
0.662
0.0895935
0.662
0.120251
0.0285071
0.662
0.662
0.330062
0.299608
0.662
0.654815
0.662
0.416961
0.24483
0.662
0.662
0.390601
0.199962
0.662
0.294732
0.662
0.662
0.259281
0.544664
0.662
0.662
0.378734
0.159491
0.163127
0.662
0.662
0.432321
0.238212
0.662
0.0867552
0.26732
0.348755
0.0933885
0.426647
0.662
0.662
0.318803
0.231624
0.474916
0.128149
0.300839
0.178171
0.662
0.00793575
0.233846
0.662
0.662
0.662
0.662
0.662
0.142731
0.5649
0.315592
0.32098
0.474636
0.197202
0.0685116
0.499717
0.216477
0.609932
0.662
0.219944
0.662
0.0433842
0.00163859
0.662
0.138935
0.170693
0.662
0.662
0.501612
0.218001
0.662
0.473852
0.662
0.154121
0.354862
0.662
0.254765
0.63924
0.219808
0.662
0.271801
0.662
0.534811
0.480247
0.461764
0.275427
0.551509
0.143055
0.662
0.367172
0.231557
0.274458
0.662
0.161958
0.662
0.662
0.231939
0.662
0.662
0.662
0.204773
0.276329
0.236232
0.162524
0.0616103
0.662
0.10523
0.662
0.662
0.662
0.662
0.239625
0.662
0.123628
0.259475
0.662
0.662
0.662
0.360856
0.328357
0.257069
0.662
0.662
0.382598
0.097189
0.27733
0.488195
0.662
0.163085
0.361994
0.662
0.662
0.662
0.0943075
0.00723021
0.217742
0.24361
0.328015
0.662
0.128632
0.377962
0.251608
0.662
0.662
0.662
0.190787
0.276956
0.333078
0.412097
0.662
0.21187
0.662
0.467714
0.239101
0.662
0.662
0.662
0.16913
0.662
0.173992
0.0331633
0.438675
0.132488
0.662
0.662
0.662
0.374612
0.190663
0.662
0.662
0.430174
0.449984
0.662
0.247637
0.662
0.158585
0.662
0.662
0.662
0.290821
0.662
0.662
0.272673
0.136775
0.42268
0.148531
0.471632
0.39158
0.157437
0.633391
0.662
0.662
0.662
0.192975
0.662
0.397413
0.200507
0.433408
0.323419
0.662
0.332205
0.662
0.174002
0.150667
0.626399
0.662
0.090684
0.00991241
0.540724
0.662
0.071427
0.217703
0.212434
0.662
0.433481
0.0212348
0.662
0.014503
0.150185
0.24849
0.662
0.490507
0.0745646
0.220092
0.32702
0.563805
0.260403
0.475014
0.237655
0.222567
0.329246
0.239642
0.662
0.662
0.121656
0.0597991
0.345693
0.232801
0.252948
0.469882
0.352047
0.662
0.0480558
0.526454
0.662
0.0869948
0.662
0.127605
0.31991
0.662
0.346362
0.662
0.662
0.361561
0.453161
0.173246
0.0266398
0.38919
0.382659
0.662
0.662
0.662
0.251776
0.22856
0.37903
0.238991
0.145074
0.662
0.443195
0.662
0.0983286
0.247647
0.148443
0.475698
0.16256
0.662
0.000597563
0.662
0.0983185
0.437618
0.201278
0.245025
0.202542
0.662
0.662
0.325952
0.662
0.151431
0.662
0.386596
0.662
0.0310501
0.662
0.662
0.490978
0.432323
0.662
0.384694
0.662
0.662
0.662
0.285817
0.242817
0.247367
0.662
0.073479
0.662
0.0970122
0.294575
0.205976
0.662
0.662
0.413891
0.662
0.090463
0.192354
0.299358
0.662
0.198721
0.662
0.662
0.204534
0.662
0.662
0.662
0.662
0.662
0.156616
0.662
0.293824
0.312891
0.150314
0.662
0.274361
0.265093
0.662
0.172422
0.222317
0.662
0.20006
0.29062
0.357407
0.590276
0.302943
0.204618
0.242419
0.662
0.456251
0.203957
0.662
0.466758
0.662
0.132015
0.556684
0.122941
0.147042
0.662
0.570235
0.124014
0.662
0.662
0.00644543
0.662
0.0127104
0.126955
0.123764
0.112461
0.662
0.662
0.662
0.0315892
0.372619
0.12511
0.109839
0.327633
0.292882
0.104964
0.484516
0.261146
0.662
0.293936
0.399369
0.662
0.370463
0.662
0.662
0.662
0.131345
0.237443
0.264579
0.662
0.387264
0.270276
0.662
0.316571
0.233145
0.134557
0.170828
0.00738059
0.45109
0.235294
0.120313
0.662
0.460228
0.662
0.662
0.662
0.364673
0.270859
0.168395
0.0211412
0.662
0.662
0.0550976
0.282273
0.662
0.662
0.123137
0.662
0.662
0.209875
0.460471
0.662
0.150796
0.29715
0.662
0.300158
0.662
0.20633
0.662
0.194025
0.450416
0.0447948
0.154129
0.220569
0.662
0.5159
0.405433
0.208072
0.222501
0.662
0.662
0.528021
0.662
0.359745
0.0082537
0.203753
0.523292
0.112098
0.244076
0.247486
0.380547
0.662
0.356821
0.662
0.329798
0.0372362
0.662
0.662
0.374291
0.662
0.151476
0.322164
0.470136
0.562848
0.662
0.662
0.161284
0.642044
0.662
0.143525
0.662
0.662
0.280506
0.210095
0.662
0.662
0.662
0.294605
0.662
0.662
0.662
0.472735
0.662
0.201882
0.110056
0.662
0.662
0.0396876
0.224395
0.481762
0.461384
0.662
0.662
0.33188
0.0460682
0.662
0.0115444
0.662
0.662
0.662
0.182942
0.589655
0.662
0.14614
0.662
0.662
0.298231
0.218105
0.662
0.207585
0.662
0.0560217
0.662
0.390718
0.142749
0.662
0.22326
0.601099
0.207822
0.0890678
0.662
0.127839
0.268704
0.211262
0.273859
0.662
0.158181
0.201246
0.662
0.662
0.40592
0.662
0.234053
0.656149
0.662
0.662
0.129377
0.662
0.662
0.603959
0.112581
0.306862
0.0213904
0.469617
0.662
0.662
0.662
0.662
0.662
0.662
0.244872
0.222856
0.662
0.0516019
0.31121
0.00430128
0.0796093
0.619362
0.662
0.662
0.0373555
0.520882
0.603593
0.662
0.662
0.261734
0.583531
0.409121
0.232669
0.135882
0.211054
0.368265
0.275725
0.434116
0.224326
0.356311
0.342065
0.174372
0.662
0.295321
0.382832
0.432748
0.437921
0.257252
0.0131153
0.356672
0.662
0.662
0.662
0.662
0.662
0.15981
0.662
0.394294
0.440402
0.662
0.133257
0.146955
0.662
0.242472
0.662
0.662
0.662
0.662
0.214233
0.62897
0.147628
0.662
0.662
0.309341
0.364395
0.662
0.186949
0.186531
0.336693
0.197788
0.662
0.662
0.662
0.662
0.302761
0.662
0.558243
0.662
0.291475
0.390875
0.371724
0.157971
0.662
0.222741
0.662
0.334315
0.353449
0.662
0.662
0.662
0.316365
0.662
0.662
0.293788
0.662
0.205766
0.662
0.407985
0.662
0.125681
0.250335
0.174215
0.662
0.376366
0.127324
0.21519
0.0178534
0.43491
0.165484
0.228798
0.145212
0.221753
0.459254
0.259177
0.304232
0.662
0.662
0.186134
0.17041
0.662
0.662
0.662
0.456495
0.404586
0.662
0.143892
0.131777
0.662
0.0647673
0.662
0.655605
0.234604
0.457318
0.662
0.662
0.282833
0.655376
0.662
0.662
0.136514
0.354167
0.336369
0.457718
0.662
0.153501
0.27172
0.212409
0.526413
0.151296
0.284031
0.662
0.380872
0.662
0.662
0.0957604
0.292786
0.41441
0.662
0.369027
0.662
0.662
0.128361
0.381035
0.590037
0.395684
0.662
0.209023
0.192251
0.324413
0.0972463
0.16636
0.662
0.0253785
0.662
0.662
0.42874
0.126021
0.662
0.662
0.514576
0.662
0.431247
0.0672926
0.418714
0.309229
0.662
0.106213
0.662
0.418069
0.662
0.0114556
0.662
0.235531
0.662
0.580287
0.662
0.198907
0.662
0.26705
0.662
0.147484
0.437236
0.119382
0.508881
0.274627
0.539784
0.155748
0.205248
0.214132
0.246583
0.388532
0.473557
0.120652
0.662
0.662
0.175047
0.155946
0.436243
0.662
0.190432
0.662
0.0515851
0.662
0.662
0.662
0.256724
0.291634
0.123376
0.662
0.0312533
0.662
0.0720134
0.224479
0.131484
0.662
0.662
0.308737
0.195225
0.372266
0.227837
0.343821
0.480785
0.133982
0.662
0.662
0.137538
0.193236
0.162316
0.41388
0.501628
0.039307
0.252743
0.146193
0.662
0.662
0.278602
0.662
0.40236
0.662
0.653006
0.281518
0.662
0.501181
0.251021
0.662
0.662
0.662
0.662
0.662
0.390459
0.067545
0.464151
0.662
0.450256
0.662
0.662
0.662
0.0128266
0.248372
0.662
0.65498
0.343193
0.662
0.662
0.254767
0.662
0.194817
0.317147
0.283351
0.103115
0.147365
0.441815
0.662
0.662
0.662
0.388703
0.0526818
0.433115
0.0591773
0.285426
0.662
0.0866281
0.662
0.118113
0.207227
0.662
0.662
0.197519
0.0958377
0.662
0.662
0.222156
0.662
0.662
0.662
0.479308
0.402849
0.16814
0.0118872
0.662
0.494983
0.662
0.662
0.210816
0.599666
0.227071
0.334847
0.00922792
0.469423
0.662
0.471463
0.662
0.662
0.187172
0.375411
0.662
0.00440743
0.126261
0.662
0.0221005
0.453248
0.378085
0.662
0.198518
0.192245
0.468785
0.662
0.444497
0.328341
0.405606
0.309451
0.662
0.363327
0.662
0.118803
0.142063
0.196366
0.219455
0.662
0.303067
0.662
0.662
0.0106951
0.282147
0.662
0.299303
0.333239
0.662
0.267114
0.662
0.348683
0.22622
0.403004
0.471031
0.0972414
0.274828
0.0287491
0.234807
0.0304429
0.0390766
0.662
0.549462
0.662
0.314548
0.140677
0.25582
0.662
0.155303
0.662
0.662
0.662
0.662
0.662
0.662
0.662
0.662
0.0781741
0.662
0.251732
0.662
0.181124
0.345592
0.428417
0.662
0.284692
0.204698
0.134323
0.662
0.46606
0.185922
0.156244
0.383044
0.662
0.352568
0.511784
0.662
0.662
0.662
0.662
0.194791
0.199936
0.662
0.0701106
0.662
0.426643
0.217224
0.513028
0.388192
0.125549
0.662
0.523195
0.662
0.1315
0.0127528
0.544853
0.525447
0.415619
0.282608
0.419949
0.662
0.17038
0.315964
0.662
0.247227
0.662
0.662
0.662
0.272898
0.662
0.465794
0.662
0.389156
0.662
0.0806788
0.662
0.481507
0.292436
0.194038
0.662
0.662
0.662
0.662
0.473205
0.293132
0.662
0.340799
0.0466004
0.662
0.274765
0.164343
0.662
0.662
0.195643
0.17515
0.0837376
0.306462
0.429067
0.247382
0.0319513
0.662
0.448941
0.662
0.662
0.662
0.38018
0.662
0.385439
0.662
0.662
0.662
0.662
0.662
0.593171
0.187491
0.430733
0.662
0.414053
0.193909
0.414816
0.164054
0.285288
0.662
0.662
0.662
0.242794
0.309078
0.0128529
0.115665
0.0536443
0.240296
0.298293
0.429247
0.662
0.662
0.662
0.450541
0.662
0.662
0.163479
0.662
0.0223977
0.662
0.662
0.662
0.20624
0.14181
0.662
0.460768
0.662
0.309815
0.662
0.652881
0.595697
0.662
0.662
0.274602
0.335082
0.214155
0.662
0.559475
0.662
0.0544827
0.364486
0.662
0.345355
0.435528
0.529607
0.662
0.662
0.198103
0.662
0.193218
0.662
0.398371
0.095371
0.2475
0.101156
0.121569
0.662
0.258931
0.451214
0.221132
0.274651
0.515499
0.0218814
0.137888
0.662
0.218638
0.472645
0.662
0.220645
0.539241
0.448559
0.246524
0.662
0.662
0.122705
0.662
0.662
0.305632
0.143697
0.662
0.662
0.480283
0.662
0.662
0.662
0.294284
0.277759
0.123935
0.662
0.662
0.236299
0.220874
0.0341663
0.214591
0.327061
0.662
0.662
0.662
0.610427
0.662
0.231668
0.421566
0.358788
0.662
0.156992
0.662
0.30262
0.397394
0.22047
0.317563
0.123752
0.250758
0.662
0.662
0.662
0.662
0.662
0.0920679
0.187952
0.350476
0.662
0.662
0.450362
0.662
0.156293
0.437038
0.148757
0.445717
0.226194
0.255494
0.490329
0.65884
0.246305
0.427581
0.662
0.662
0.430896
0.662
0.63339
0.100653
0.194831
0.662
0.662
0.662
0.662
0.662
0.436577
0.238231
0.319791
0.662
0.618349
0.409558
0.477715
0.137176
0.662
0.36404
0.662
0.662
0.662
0.662
0.662
0.662
0.160451
0.472864
0.0899589
0.081756
0.194487
0.662
0.296427
0.662
0.222382
0.155938
0.126253
0.662
0.22175
0.462773
0.120199
0.662
0.662
0.662
0.192456
0.662
0.2107
0.0526128
0.662
0.662
0.315457
0.662
0.662
0.662
0.0129057
0.240606
0.195982
0.3107
0.263828
0.662
0.428516
0.662
0.145281
0.210677
0.662
0.354381
0.364128
0.662
0.177381
0.123828
0.662
0.662
0.662
0.662
0.662
0.239149
0.662
0.193156
0.662
0.662
0.662
0.451626
0.662
0.157862
0.0860128
0.431072
0.258728
0.662
0.141267
0.174012
0.662
0.485804
0.398494
0.252483
0.178879
0.662
0.185775
0.662
0.662
0.662
0.662
0.146678
0.662
0.352503
0.662
0.222996
0.305405
0.356391
0.224444
0.41611
0.662
0.246679
0.662
0.282401
0.461694
0.662
0.659897
0.546976
0.662
0.433498
0.662
0.186228
0.662
0.662
0.193718
0.662
0.102335
0.662
0.662
0.216527
0.193475
0.18952
0.122063
0.413728
0.433264
0.662
0.135141
0.662
0.26872
0.662
0.441204
0.0811941
0.662
0.662
0.662
0.211957
0.0315847
0.348674
0.150226
0.173044
0.662
0.412721
0.570261
0.290305
0.662
0.662
0.662
0.662
0.294345
0.662
0.662
0.662
0.196803
0.662
0.662
0.332604
0.662
0.413015
0.0780257
0.662
0.326687
0.00386172
0.662
0.662
0.495807
0.662
0.102853
0.662
0.453714
0.662
0.21103
0.662
0.308188
0.662
0.397171
0.662
0.598292
0.312924
0.505995
0.106324
0.31587
0.418754
0.662
0.245134
0.662
0.662
0.529679
0.0205393
0.161438
0.157022
0.383571
0.662
0.662
0.662
0.550407
0.275195
0.260545
0.662
0.197733
0.0107929
0.435727
0.402927
0.149144
0.333886
0.0846306
0.662
0.281334
0.250702
0.00426794
0.662
0.358433
0.535855
0.159498
0.452268
0.124782
0.592702
0.3404
0.0586948
0.193376
0.662
0.280245
0.662
0.361809
0.662
0.388441
0.662
0.662
0.268753
0.662
0.101008
0.662
0.219466
0.0750032
0.112814
0.662
0.0174403
0.338481
0.196371
0.238218
0.213955
0.662
0.662
0.261227
0.662
0.193986
0.662
0.662
0.662
0.468252
0.353022
0.24316
0.662
0.662
0.131421
0.270146
0.273573
0.662
0.43045
0.220442
0.371212
0.469777
0.0497135
0.326535
0.125638
0.0539779
0.662
0.420944
0.662
0.27929
0.476304
0.662
0.662
0.662
0.662
0.662
0.662
0.662
0.662
0.435025
0.297114
0.662
0.0868342
0.0144542
0.252476
0.209264
0.0386701
0.259307
0.585822
0.662
0.437738
0.231973
0.299555
0.662
0.662
0.662
0.0934131
0.662
0.371798
0.662
0.0789004
0.662
0.333746
0.404007
0.336
0.14215
0.662
0.477525
0.21281
0.662
0.23307
0.662
0.662
0.130853
0.662
0.662
0.378739
0.662
0.180153
0.230675
0.323451
0.107795
0.397002
0.213877
0.662
0.662
0.543472
0.662
0.662
0.662
0.384463
0.662
0.180428
0.662
0.662
0.366415
0.662
0.199205
0.0861661
0.662
0.316162
0.662
0.575319
0.256942
0.214366
0.502887
0.262363
0.45968
0.468602
0.288034
0.662
0.662
0.662
0.662
0.662
0.662
0.411781
0.662
0.400663
0.410677
0.3146
0.662
0.662
0.662
0.276002
0.662
0.662
0.240739
0.466716
0.172199
0.662
0.38283
0.662
0.479074
0.662
0.19028
0.285941
0.662
0.209992
0.187724
0.127243
0.0159136
0.661215
0.588054
0.402037
0.662
0.610495
0.662
0.662
0.662
0.135871
0.275419
0.637502
0.662
0.291286
0.358497
0.662
0.662
0.662
0.302305
0.662
0.200431
0.662
0.662
0.0115712
0.0735002
0.662
0.662
0.389585
0.141068
0.662
0.182518
0.593028
0.205833
0.153327
0.196609
0.184763
0.662
0.104786
0.519126
0.162661
0.198594
0.350187
0.662
0.662
0.068222
0.315042
0.336834
0.351506
0.662
0.0385081
0.662
0.662
0.426614
0.163568
0.34972
0.0708673
0.662
0.528963
0.662
0.662
0.662
0.0607653
0.368544
0.274475
0.662
0.226191
0.414189
0.662
0.3705
0.550685
0.303379
0.662
0.662
0.270493
0.662
0.662
0.662
0.0179233
0.264439
0.319681
0.150758
0.662
0.662
0.662
0.329087
0.296207
0.0207173
0.479381
0.288872
0.662
0.662
0.344122
0.662
0.662
0.403682
0.662
0.0851009
0.662
0.0203846
0.662
0.253951
0.202315
0.359406
0.313029
0.662
0.258372
0.238724
0.403831
0.383402
0.662
0.662
0.151541
0.337031
0.662
0.662
0.662
0.662
0.31977
0.216766
0.288994
0.662
0.242637
0.662
0.0718637
0.662
0.662
0.662
0.662
0.662
0.201142
0.506608
0.643883
0.662
0.147969
0.324502
0.0651706
0.662
0.514903
0.662
0.662
0.245429
0.193738
0.662
0.192195
0.207438
0.358145
0.466669
0.392383
0.417742
0.251763
0.00259351
0.2138
0.0709701
0.191899
0.662
0.662
0.592847
0.157708
0.203279
0.643729
0.362325
0.145503
0.662
0.662
0.662
0.519114
0.463909
0.662
0.213972
0.662
0.355519
0.221475
0.0504862
0.662
0.296874
0.0691465
0.359086
0.123199
0.371393
0.474186
0.292611
0.205293
0.148755
0.279002
0.193729
0.483836
0.342919
0.472481
0.356906
0.218785
0.662
0.243744
0.662
0.335105
0.662
0.662
0.378249
0.662
0.196763
0.658065
0.662
0.662
0.662
0.242575
0.662
0.662
0.360386
0.126529
0.317335
0.225934
0.12686
0.452379
0.662
0.399886
0.662
0.358829
0.662
0.662
0.568097
0.236489
0.662
0.662
0.473572
0.226924
0.00889514
0.662
0.662
0.0371547
0.451297
0.293379
0.435552
0.233662
0.111279
0.662
0.0815085
0.339117
0.662
0.662
0.662
0.35746
0.662
0.662
0.385609
0.662
0.662
0.014363
0.662
0.228699
0.662
0.260264
0.662
0.274124
0.285697
0.662
0.109002
0.499615
0.662
0.171629
0.283315
0.0671491
0.547869
0.662
0.345793
0.15565
0.662
0.662
0.219243
0.548385
0.207282
0.662
0.662
0.662
0.662
0.1135
0.335005
0.346143
0.662
0.323297
0.295785
0.662
0.662
0.662
0.0218419
0.33942
0.662
0.583234
0.0646948
0.662
0.0375744
0.662
0.629448
0.662
0.662
0.123814
0.662
0.190687
0.246657
0.662
0.662
0.210886
0.40676
0.381801
0.485566
0.378656
0.662
0.662
0.334989
0.465834
0.662
0.662
0.662
0.662
0.424758
0.123421
0.471081
0.30877
0.475225
0.662
0.662
0.662
0.236185
0.381736
0.662
0.198267
0.287069
0.662
0.19693
0.662
0.130047
0.662
0.662
0.554868
0.662
0.469775
0.196888
0.662
0.454493
0.662
0.443656
0.174145
0.662
0.662
0.662
0.0135908
0.662
0.283384
0.662
0.662
0.662
0.662
0.431314
0.662
0.662
0.597094
0.0785757
0.100652
0.0725947
0.662
0.662
0.251426
0.662
0.285455
0.268201
0.662
0.662
0.662
0.299178
0.217134
0.351919
0.662
0.24849
0.405079
0.662
0.0683022
0.495976
0.37296
0.662
0.4399
0.0963807
0.621208
0.513556
0.0170113
0.324675
0.662
0.300331
0.0374254
0.0425679
0.341296
0.662
0.662
0.218989
0.171646
0.532956
0.662
0.662
0.662
0.662
0.284229
0.662
0.0112095
0.172533
0.438649
0.432131
0.522111
0.00679339
0.295118
0.378172
0.565481
0.401651
0.221315
0.471345
0.049517
0.662
0.187262
0.662
0.662
0.211774
0.375902
0.662
0.245734
0.292733
0.344753
0.116458
0.163949
0.143955
0.662
0.662
0.252817
0.168629
0.279258
0.210503
0.662
0.662
0.0204537
0.373846
0.662
0.662
0.528172
0.662
0.662
0.325523
0.662
0.662
0.120958
0.662
0.662
0.146747
0.662
0.233096
0.389506
0.662
0.321103
0.152708
0.662
0.26431
0.662
0.40838
0.314773
0.46594
0.662
0.284294
0.0309679
0.63339
0.459816
0.662
0.316949
0.662
0.107208
0.208571
0.157204
0.662
0.662
0.662
0.377598
0.24318
0.400303
0.662
0.662
0.0844206
0.662
0.662
0.662
0.662
0.50095
0.213131
0.3087
0.0122733
0.662
0.662
0.277753
0.410273
0.380539
0.662
0.662
0.662
0.662
0.376587
0.238425
0.0726708
0.464985
0.662
0.109248
0.504156
0.662
0.211937
0.662
0.662
0.54396
0.127481
0.266924
0.662
0.662
0.662
0.355143
0.582641
0.662
0.662
0.288107
0.662
0.0179892
0.0274946
0.439986
0.154925
0.268483
0.662
0.356919
0.662
0.0655443
0.662
0.448578
0.290189
0.222063
0.158966
0.662
0.100268
0.0700816
0.662
0.377915
0.0513773
0.633391
0.662
0.251034
0.159915
0.0119443
0.662
0.068367
0.662
0.0780871
0.0957498
0.662
0.662
0.662
0.662
0.662
0.392935
0.519365
0.662
0.662
0.103342
0.206505
0.662
0.133715
0.662
0.620555
0.662
0.417451
0.662
0.662
0.662
0.278783
0.115252
0.203117
0.662
0.662
0.0636884
0.354062
0.314972
0.662
0.413245
0.662
0.662
0.662
0.328893
0.362982
0.290253
0.636287
0.662
0.651331
0.463581
0.662
0.662
0.47153
0.522411
0.662
0.216473
0.662
0.0703859
0.575705
0.342842
0.467161
0.662
0.637907
0.339501
0.46738
0.662
0.662
0.662
0.662
0.662
0.459469
0.0559205
0.339622
0.608843
0.662
0.662
0.662
0.232417
0.318669
0.0355235
0.614729
0.199425
0.275333
0.24648
0.662
0.662
0.170138
0.481003
0.662
0.662
0.662
0.285849
0.238683
0.662
0.414227
0.662
0.497098
0.314096
0.147214
0.149854
0.273659
0.469743
0.662
0.662
0.485881
0.0921825
0.662
0.662
0.662
0.295349
0.662
0.120251
0.662
0.662
0.188315
0.662
0.178125
0.337361
0.662
0.662
0.662
0.178471
0.549697
0.662
0.384393
0.145212
0.662
0.662
0.662
0.662
0.422152
0.193565
0.662
0.067788
0.662
0.420485
0.0824301
0.337031
0.662
0.0585297
0.429406
0.276448
0.662
0.277032
0.662
0.662
0.325549
0.662
0.662
0.147769
0.22038
0.127744
0.662
0.121409
0.662
0.379561
0.0278917
0.662
0.0586246
0.0624742
0.662
0.338641
0.202705
0.417051
0.662
0.421355
0.662
0.289327
0.106672
0.252905
0.662
0.397926
0.239197
0.540483
0.662
0.30046
0.662
0.662
0.662
0.662
0.23165
0.304031
0.662
0.318745
0.291848
0.207262
0.465278
0.662
0.662
0.258253
0.662
0.662
0.662
0.0988701
0.23713
0.312092
0.0824067
0.662
0.662
0.472349
0.662
0.258538
0.303255
0.35813
0.353384
0.662
0.662
0.279491
0.335693
0.662
0.662
0.0687251
0.315302
0.23084
0.347921
0.384017
0.288199
0.429368
0.284533
0.193778
0.662
0.33091
0.662
0.323036
0.662
0.662
0.266946
0.662
0.612576
0.563453
0.395338
0.662
0.662
0.20122
0.662
0.0510559
0.662
0.152032
0.651247
0.520196
0.0168539
0.662
0.18909
0.662
0.662
0.662
0.662
0.0968432
0.662
0.662
0.662
0.662
0.170718
0.662
0.119126
0.320708
0.338055
0.452803
0.662
0.521045
0.195873
0.357901
0.60078
0.662
0.365811
0.0160067
0.172839
0.0729762
0.662
0.270245
0.349394
0.662
0.133304
0.14692
0.662
0.295329
0.662
0.155934
0.662
0.0643543
0.160685
0.202978
0.3557
0.0890339
0.226863
0.662
0.662
0.27989
0.662
0.377972
0.409914
0.266013
0.524518
0.326774
0.379426
0.231047
0.405445
0.662
0.662
0.662
0.409681
0.662
0.438512
0.662
0.490208
0.662
0.662
0.332648
0.662
0.662
0.236771
0.246323
0.662
0.138519
0.662
0.588476
0.662
0.662
0.662
0.662
0.662
0.463577
0.662
0.250167
0.662
0.358583
0.0375638
0.662
0.196327
0.31683
0.0339429
0.662
0.449634
0.43049
0.419227
0.239046
0.556263
0.290831
0.662
0.0166694
0.448051
0.38607
0.619637
0.662
0.662
0.662
0.201582
0.580723
0.148591
0.477543
0.364099
0.308969
0.195232
0.0196023
0.662
0.238602
0.590515
0.154058
0.303251
0.118128
0.662
0.662
0.194792
0.662
0.238309
0.0593157
0.568096
0.246931
0.653081
0.231524
0.209033
0.123199
0.662
0.301482
0.21486
0.239656
0.0978962
0.662
0.662
0.662
0.102468
0.321498
0.44386
0.380388
0.662
0.124945
0.0143365
0.662
0.115099
0.246782
0.395352
0.168326
0.231373
0.0123301
0.662
0.662
0.26504
0.315193
0.235006
0.0976254
0.662
0.427657
0.662
0.359637
0.539048
0.0364521
0.662
0.155737
0.662
0.662
0.183181
0.662
0.662
0.405657
0.662
0.278707
0.169093
0.243169
0.662
0.436927
0.662
0.662
0.421418
0.375707
0.48773
0.119471
0.662
0.264933
0.134309
0.55155
0.177057
0.662
0.662
0.662
0.662
0.662
0.662
0.369952
0.229423
0.459468
0.662
0.368692
0.662
0.209916
0.0270731
0.460863
0.662
0.662
0.168303
0.662
0.246023
0.215319
0.662
0.662
0.035528
0.432266
0.262002
0.351478
0.0856989
0.662
0.662
0.546311
0.662
0.0589978
0.247635
0.662
0.238891
0.662
0.283134
