0.558158
0.662
0.266375
0.061806
0.662
0.408907
0.201725
0.662
0.662
0.448975
0.662
0.202426
0.381656
0.662
0.210746
0.44874
0.186027
0.569933
0.662
0.120242
0.494221
0.240949
0.333122
0.662
0.662
0.662
0.0627073
0.175538
0.662
0.662
0.162377
0.0882452
0.195245
0.662
0.662
0.48498
0.662
0.662
0.366893
0.662
0.662
0.303785
0.0441525
0.662
0.595284
0.404661
0.0800349
0.303891
0.405351
0.662
0.153239
0.139896
0.662
0.228728
0.662
0.365996
0.00148252
0.662
0.0831152
0.615632
0.167573
0.662
0.662
0.0730532
0.131543
0.147016
0.662
0.124625
0.533524
0.662
0.351646
0.368713
0.219896
0.492372
0.205915
0.282799
0.662
0.017767
0.360017
0.189989
0.026885
0.662
0.662
0.184656
0.359323
0.193773
0.662
0.662
0.307158
0.662
0.662
0.296156
0.0241648
0.662
0.336877
0.662
0.662
0.662
0.357175
0.175564
0.662
0.662
0.454406
0.0871309
0.662
0.186462
0.662
0.662
0.175913
0.324315
0.309664
0.379537
0.147528
0.135323
0.30008
0.203962
0.662
0.561499
0.441257
0.293809
0.662
0.31615
0.662
0.662
0.252742
0.662
0.662
0.506772
0.662
0.662
0.399561
0.468276
0.112407
0.629023
0.488438
0.22822
0.608104
0.662
0.662
0.662
0.586447
0.0287611
0.22375
0.363356
0.220414
0.164699
0.388957
0.10417
0.288568
0.662
0.232909
0.0122126
0.349889
0.662
0.132816
0.192878
0.662
0.191107
0.17601
0.662
0.449809
0.279326
0.325314
0.662
0.662
0.606825
0.662
0.662
0.597875
0.217107
0.303514
0.264068
0.159359
0.662
0.212324
0.662
0.634929
0.662
0.662
0.202896
0.662
0.0518285
0.662
0.224821
0.287805
0.476579
0.662
0.662
0.662
0.39808
0.662
0.662
0.0177561
0.601184
0.376086
0.662
0.633694
0.327157
0.337758
0.0117473
0.662
0.393604
0.662
0.187084
0.298637
0.563442
0.187505
0.662
0.426163
0.49465
0.662
0.662
0.0853796
0.302352
0.662
0.662
0.492048
0.662
0.291106
0.662
0.455115
0.662
0.662
0.662
0.662
0.662
0.13995
0.645932
0.662
0.190736
0.218215
0.662
0.413366
0.128799
0.662
0.662
0.425589
0.223327
0.0389666
0.23805
0.579233
0.662
0.108675
0.0166174
0.0710562
0.662
0.0144107
0.0149497
0.189839
0.662
0.662
0.0142144
0.662
0.662
0.437788
0.662
0.247134
0.26134
0.662
0.183401
0.662
0.262887
0.662
0.662
0.662
0.662
0.662
0.330888
0.662
0.662
0.189179
0.318554
0.662
0.285159
0.420417
0.231713
0.662
0.662
0.208616
0.48792
0.662
0.0313174
0.00637162
0.57804
0.662
0.235843
0.165261
0.662
0.424658
0.244248
0.662
0.417314
0.662
0.0589543
0.198852
0.525859
0.456021
0.662
0.662
0.360672
0.416854
0.384357
0.0276033
0.157001
0.662
0.311033
0.557925
0.662
0.0487266
0.0375571
0.662
0.326522
0.287952
0.0807619
0.662
0.0983856
0.276141
0.129103
0.662
0.662
0.621463
0.363699
0.147541
0.119407
0.282343
0.000815722
0.662
0.603548
0.662
0.171698
0.662
0.159497
0.662
0.194367
0.662
0.389205
0.0415753
0.393557
0.0302849
0.477276
0.562067
0.527725
0.662
0.146038
0.368597
0.632189
0.19035
0.662
0.0512948
0.662
0.32979
0.440499
0.488159
0.191026
0.474557
0.228341
0.201326
0.662
0.35138
0.501236
0.419329
0.0624429
0.132701
0.353475
0.162151
0.662
0.519272
0.662
0.417271
0.491917
0.662
0.355727
0.24188
0.201303
0.313076
0.0996984
0.142308
0.267414
0.062114
0.662
0.617059
0.662
0.662
0.400835
0.307964
0.662
0.182251
0.309817
0.234546
0.662
0.662
0.403469
0.662
0.247753
0.662
0.248976
0.0254484
0.662
0.313788
0.334072
0.662
0.181608
0.324681
0.277786
0.662
0.662
0.400931
0.113813
0.0316455
0.176052
0.152364
0.662
0.121141
0.109625
0.0535976
0.107484
0.190141
0.37143
0.662
0.332642
0.577829
0.488579
0.384951
0.662
0.129397
0.234165
0.407083
0.171287
0.313137
0.47332
0.100026
0.292411
0.242055
0.00657426
0.662
0.280681
0.158665
0.662
0.567901
0.08987
0.571959
0.172579
0.156461
0.352068
0.572505
0.527143
0.133504
0.662
0.662
0.220906
0.0139536
0.369218
0.393933
0.455734
0.393999
0.512474
0.662
0.662
0.662
0.283702
0.0449005
0.401642
0.138537
0.415589
0.235859
0.30816
0.662
0.444387
0.662
0.155564
0.248102
0.426144
0.562328
0.257603
0.662
0.662
0.662
0.662
0.662
0.662
0.662
0.287455
0.662
0.460998
0.662
0.406978
0.278921
0.580465
0.468044
0.662
0.187143
0.662
0.403281
0.278574
0.662
0.662
0.145595
0.320506
0.21861
0.662
0.662
0.187807
0.662
0.662
0.510028
0.662
0.662
0.662
0.143163
0.208547
0.413415
0.27833
0.662
0.662
0.310093
0.348919
0.339646
0.30726
0.304995
0.237028
0.662
0.437307
0.32722
0.170377
0.19926
0.662
0.662
0.288602
0.662
0.207057
0.370265
0.198966
0.662
0.662
0.662
0.662
0.342264
0.0770819
0.662
0.662
0.396122
0.161178
0.256706
0.136774
0.0804697
0.477076
0.467791
0.433296
0.249364
0.472528
0.662
0.662
0.662
0.662
0.250832
0.071294
0.203838
0.405011
0.662
0.0174154
0.0713453
0.150676
0.509926
0.662
0.662
0.439633
0.662
0.662
0.185361
0.662
0.662
0.113775
0.427086
0.145388
0.241026
0.541582
0.0980955
0.506127
0.662
0.439644
0.662
0.662
0.315307
0.627231
0.128863
0.584119
0.662
0.515297
0.416973
0.0183077
0.272043
0.421023
0.662
0.0324807
0.212392
0.662
0.260324
0.662
0.662
0.411109
0.126813
0.662
0.662
0.189898
0.188204
0.10762
0.444376
0.662
0.15296
0.662
0.279335
0.188316
0.626145
0.662
0.662
0.662
0.230821
0.107931
0.662
0.662
0.330936
0.332275
0.225335
0.33028
0.662
0.662
0.662
0.662
0.662
0.133047
0.662
0.662
0.662
0.419119
0.0217574
0.662
0.40411
0.662
0.662
0.478516
0.662
0.37224
0.662
0.662
0.4977
0.242316
0.529478
0.323374
0.662
0.662
0.225426
0.662
0.137907
0.524034
0.662
0.302887
0.662
0.26308
0.662
0.662
0.348742
0.4078
0.277057
0.14178
0.0922037
0.662
0.662
0.093713
0.662
0.662
0.161798
0.112436
0.662
0.662
0.35798
0.369099
0.662
0.662
0.451429
0.0907818
0.662
0.344811
0.101632
0.0450175
0.338557
0.2712
0.662
0.662
0.215997
0.662
0.645984
0.356815
0.662
0.261128
0.662
0.662
0.223227
0.136661
0.178975
0.246399
0.662
0.520226
0.0344011
0.423304
0.49991
0.463726
0.662
0.410203
0.662
0.125078
0.662
0.662
0.662
0.662
0.508966
0.208383
0.284968
0.171499
0.662
0.662
0.662
0.662
0.662
0.662
0.662
0.399899
0.270066
0.662
0.188654
0.212339
0.662
0.394131
0.117957
0.184724
0.471032
0.0676508
0.662
0.210697
0.226972
0.0282658
0.201849
0.662
0.234669
0.662
0.409644
0.662
0.662
0.662
0.662
0.353498
0.420816
0.662
0.239596
0.662
0.0276118
0.263175
0.662
0.186193
0.171151
0.662
0.296846
0.131355
0.662
0.10234
0.662
0.254426
0.30327
0.126021
0.381219
0.662
0.662
0.346283
0.207726
0.662
0.662
0.255967
0.26613
0.359102
0.662
0.662
0.662
0.442309
0.310805
0.406494
0.503868
0.662
0.662
0.513957
0.0083425
0.396498
0.0669265
0.481573
0.308554
0.662
0.270929
0.662
0.662
0.449491
0.407358
0.662
0.292875
0.49131
0.662
0.428013
0.482695
0.498635
0.662
0.662
0.237045
0.662
0.662
0.662
0.230033
0.447404
0.662
0.407692
0.305791
0.382473
0.662
0.35918
0.0173317
0.662
0.386898
0.494786
0.173556
0.662
0.188373
0.37596
0.662
0.221531
0.662
0.662
0.24932
0.662
0.662
0.195617
0.662
0.152232
0.2617
0.189408
0.662
0.662
0.190133
0.0727861
0.100179
0.662
0.662
0.169086
0.662
0.265485
0.662
0.662
0.0465785
0.335804
0.350038
0.0871337
0.404316
0.221465
0.366424
0.529442
0.662
0.662
0.0672781
0.450892
0.209854
0.127553
0.662
0.662
0.454778
0.388125
0.00110208
0.60926
0.662
0.662
0.42474
0.662
0.143849
0.114554
0.111104
0.201217
0.662
0.65296
0.349181
0.498993
0.662
0.55653
0.662
0.0661573
0.188758
0.506459
0.662
0.139309
0.114702
0.561018
0.215133
0.146311
0.662
0.544248
0.0153494
0.494999
0.12369
0.225817
0.0440007
0.662
0.662
0.140065
0.662
0.662
0.078564
0.662
0.662
0.662
0.232782
0.23847
0.662
0.566725
0.295531
0.0462394
0.204318
0.141191
0.245086
0.662
0.169305
0.139564
0.662
0.187196
0.662
0.325795
0.224203
0.662
0.423115
0.406396
0.0840942
0.393735
0.662
0.417901
0.662
0.189275
0.398437
0.240252
0.401151
0.291335
0.471117
0.420843
0.662
0.444436
0.662
0.243345
0.153235
0.662
0.127391
0.292803
0.371438
0.479375
0.662
0.178051
0.241645
0.662
0.662
0.662
0.402606
0.186418
0.107588
0.662
0.435795
0.662
0.275049
0.662
0.662
0.662
0.17003
0.279016
0.147386
0.662
0.662
0.662
0.313653
0.27178
0.194143
0.662
0.280896
0.20002
0.326152
0.267358
0.294516
0.338593
0.65339
0.464399
0.138786
0.120248
0.662
0.662
0.662
0.662
0.289811
0.324193
0.337333
0.344149
0.18298
0.586131
0.223706
0.662
0.662
0.0795621
0.182462
0.241404
0.612826
0.463125
0.276335
0.307763
0.662
0.662
0.44851
0.662
0.662
0.662
0.662
0.405109
0.662
0.535009
0.424649
0.442817
0.662
0.662
0.114718
0.662
0.0677906
0.0771519
0.662
0.662
0.662
0.36106
0.662
0.662
0.172928
0.327924
0.662
0.662
0.428963
0.566356
0.287333
0.025503
0.361627
0.0767718
0.238206
0.662
0.516706
0.193475
0.662
0.323978
0.127299
0.186374
0.662
0.662
0.188251
0.267689
0.662
0.662
0.662
0.376161
0.414872
0.211404
0.542131
0.662
0.640209
0.382046
0.662
0.662
0.662
0.551954
0.327011
0.662
0.619365
0.629777
0.221289
0.398215
0.277302
0.662
0.662
0.0811295
0.662
0.0730084
0.662
0.156959
0.0849926
0.662
0.0799203
0.0469823
0.634582
0.662
0.662
0.286359
0.180053
0.662
0.662
0.376286
0.529659
0.662
0.662
0.199973
0.390632
0.662
0.662
0.662
0.0460288
0.0579176
0.662
0.143506
0.662
0.662
0.261475
0.403243
0.662
0.662
0.313827
0.312596
0.360524
0.0918086
0.0784451
0.159336
0.662
0.662
0.109441
0.421678
0.165098
0.662
0.662
0.370025
0.105841
0.42744
0.0549059
0.116288
0.0530186
0.662
0.662
0.662
0.573699
0.21361
0.662
0.371488
0.0680458
0.267415
0.379187
0.0127238
0.201242
0.653138
0.170452
0.662
0.662
0.555648
0.662
0.662
0.368688
0.662
0.662
0.662
0.662
0.416103
0.662
0.357682
0.662
0.113723
0.662
0.196846
0.326846
0.56226
0.627256
0.514258
0.662
0.209729
0.662
0.662
0.24752
0.662
0.662
0.662
0.235569
0.662
0.215405
0.662
0.296885
0.0377995
0.662
0.215919
0.0641095
0.662
0.534105
0.206091
0.298222
0.456089
0.289042
0.248145
0.662
0.194017
0.326157
0.120873
0.422014
0.239101
0.402616
0.444074
0.662
0.543228
0.662
0.662
0.662
0.286015
0.662
0.662
0.662
0.447042
0.662
0.662
0.402391
0.474052
0.285186
0.662
0.245469
0.43214
0.468897
0.662
0.0929606
0.662
0.473925
0.432981
0.054293
0.257357
0.662
0.662
0.282986
0.544623
0.662
0.200601
0.662
0.281968
0.311664
0.662
0.662
0.662
0.460783
0.307547
0.0415486
0.315537
0.662
0.484919
0.0807995
0.346897
0.383663
0.524846
0.548211
0.662
0.242176
0.662
0.369967
0.662
0.662
0.662
0.662
0.481487
0.0184547
0.662
0.187531
0.662
0.284479
0.387408
0.330562
0.248733
0.662
0.662
0.352806
0.0236629
0.160167
0.337647
0.418102
0.662
0.662
0.371715
0.52722
0.292855
0.662
0.466866
0.662
0.315434
0.662
0.207728
0.351825
0.0251531
0.34191
0.662
0.662
0.345345
0.468974
0.15864
0.437732
0.469762
0.116313
0.662
0.225696
0.167797
0.662
0.343407
0.662
0.662
0.662
0.407409
0.662
0.011245
0.581289
0.662
0.249041
0.276612
0.662
0.662
0.662
0.250172
0.662
0.0629248
0.314453
0.353853
0.224707
0.177898
0.662
0.218714
0.466464
0.317159
0.529582
0.412918
0.335858
0.662
0.036845
0.662
0.42748
0.662
0.2378
0.662
0.498473
0.662
0.662
0.662
0.662
0.662
0.189915
0.662
0.662
0.324052
0.416171
0.286693
0.662
0.22888
0.119226
0.662
0.426072
0.662
0.662
0.346347
0.406163
0.0837542
0.257806
0.662
0.498393
0.373382
0.117871
0.425561
0.0709556
0.601456
0.662
0.662
0.662
0.395411
0.662
0.662
0.208452
0.280559
0.662
0.0754371
0.662
0.161482
0.144108
0.24989
0.159879
0.236821
0.174164
0.373912
0.10605
0.0901771
0.662
0.0170819
0.142194
0.179802
0.662
0.340738
0.662
0.248523
0.611816
0.662
0.154889
0.662
0.0119605
0.296118
0.0827948
0.379917
0.311583
0.453327
0.662
0.404967
0.375054
0.430441
0.169113
0.162469
0.40701
0.495765
0.662
0.662
0.444827
0.344711
0.422611
0.16385
0.099559
0.662
0.309325
0.124391
0.151243
0.662
0.193138
0.141236
0.662
0.356704
0.295781
0.177004
0.662
0.662
0.236624
0.439625
0.662
0.194602
0.284693
0.662
0.129651
0.523503
0.662
0.662
0.211851
0.662
0.662
0.171624
0.271875
0.317884
0.121249
0.662
0.147859
0.662
0.662
0.662
0.593793
0.662
0.662
0.27942
0.662
0.265402
0.662
0.36397
0.545959
0.662
0.662
0.462863
0.234112
0.662
0.486088
0.545698
0.662
0.342979
0.635077
0.426771
0.236966
0.662
0.662
0.662
0.478774
0.662
0.662
0.356656
0.515085
0.662
0.38183
0.196752
0.662
0.662
0.3744
0.114933
0.662
0.462313
0.662
0.33629
0.662
0.300229
0.475715
0.2321
0.175798
0.200958
0.0234997
0.57229
0.0453256
0.662
0.662
0.444362
0.185816
0.662
0.24988
0.366831
0.38025
0.662
0.183944
0.0748814
0.144226
0.662
0.265191
0.662
0.147697
0.290845
0.662
0.662
0.662
0.464671
0.355071
0.0786561
0.662
0.209052
0.662
0.554245
0.258037
0.662
0.386264
0.483222
0.240142
0.375996
0.26766
0.662
0.662
0.662
0.322998
0.662
0.434858
0.662
0.662
0.571559
0.116511
0.417286
0.662
0.034057
0.0336304
0.18978
0.567954
0.662
0.45904
0.662
0.662
0.662
0.144094
0.662
0.156302
0.520476
0.448568
0.662
0.662
0.662
0.189049
0.662
0.662
0.662
0.235094
0.662
0.126553
0.428616
0.662
0.21159
0.662
0.133453
0.404717
0.571809
0.194771
0.278726
0.662
0.662
0.662
0.126164
0.224731
0.178233
0.00027716
0.101877
0.662
0.111275
0.639298
0.300099
0.3079
0.662
0.662
0.662
0.662
0.662
0.227224
0.597173
0.33204
0.140125
0.30325
0.662
0.662
0.662
0.573906
0.662
0.662
0.662
0.191494
0.0941837
0.42005
0.662
0.264434
0.662
0.0490269
0.662
0.662
0.170488
0.471462
0.640443
0.662
0.0627123
0.392344
0.662
0.0896262
0.491141
0.32302
0.467973
0.662
0.201582
0.0622105
0.662
0.0544502
0.328879
0.662
0.302953
0.153969
0.0260013
0.662
0.201515
0.662
0.662
0.361574
0.662
0.662
0.194837
0.294145
0.441075
0.310425
0.344647
0.0856797
0.0926848
0.303305
0.463722
0.220434
0.198916
0.662
0.379715
0.0867407
0.383727
0.189375
0.0574039
0.00224264
0.0313519
0.102886
0.00748289
0.659459
0.195061
0.237748
0.477492
0.140774
0.662
0.255019
0.101677
0.096093
0.423016
0.662
0.381193
0.260294
0.222169
0.00935839
0.662
0.602211
0.319703
0.0628701
0.662
0.393122
0.662
0.0543798
0.662
0.215959
0.168669
0.662
0.662
0.662
0.00735725
0.383084
0.41455
0.662
0.662
0.353509
0.49173
0.401672
0.662
0.662
0.383105
0.0407467
0.47691
0.256063
0.267497
0.304319
0.125559
0.521675
0.244271
0.662
0.458679
0.104421
0.217019
0.216473
0.0114313
0.662
0.231838
0.364864
0.662
0.662
0.662
0.662
0.329831
0.240486
0.0290198
0.662
0.467292
0.473871
0.133108
0.662
0.21307
0.268495
0.662
0.44993
0.662
0.662
0.154833
0.373036
0.274292
0.378907
0.662
0.662
0.312283
0.662
0.12859
0.341067
0.269005
0.297493
0.270163
0.62604
0.389709
0.0879243
0.662
0.239299
0.662
0.169819
0.587413
0.272503
0.593715
0.662
0.662
0.0560159
0.662
0.662
0.662
0.189682
0.662
0.302649
0.20424
0.662
0.662
0.662
0.189721
0.081676
0.410404
0.638611
0.143744
0.399107
0.0405343
0.405066
0.662
0.20657
0.662
0.662
0.662
0.662
0.662
0.0769367
0.109712
0.139651
0.133611
0.589002
0.662
0.0457143
0.327908
0.662
0.662
0.0361659
0.520728
0.0213265
0.419339
0.0500762
0.662
0.662
0.1551
0.662
0.662
0.662
0.662
0.662
0.662
0.159599
0.0278769
0.289674
0.662
0.140148
0.375693
0.0413158
0.662
0.374168
0.405578
0.40512
0.331094
0.662
0.183959
0.218864
0.662
0.408236
0.203878
0.658562
0.0781469
0.662
0.388822
0.630377
0.371671
0.662
0.662
0.159818
0.486107
0.0475133
0.662
0.443011
0.662
0.0287675
0.241599
0.662
0.364998
0.662
0.662
0.0851896
0.153061
0.662
0.662
0.662
0.169026
0.662
0.662
0.128075
0.252169
0.662
0.662
0.149882
0.662
0.0247908
0.662
0.662
0.311216
0.119174
0.151869
0.321008
0.413793
0.662
0.662
0.0118547
0.392524
0.662
0.212493
0.662
0.144588
0.662
0.472852
0.345409
0.286919
0.263906
0.0552262
0.321487
0.44154
0.662
0.662
0.0464618
0.250586
0.662
0.192581
0.318282
0.662
0.662
0.662
0.441776
0.290308
0.24924
0.662
0.111496
0.644709
0.161129
0.361869
0.520404
0.662
0.219913
0.259186
0.662
0.435523
0.0227547
0.662
0.41989
0.238274
0.140629
0.662
0.194017
0.662
0.266255
0.662
0.358811
0.579484
0.18969
0.394067
0.662
0.662
0.307768
0.339931
0.571482
0.462812
0.0149723
0.398094
0.440429
0.152465
0.662
0.56339
0.116784
0.059415
0.62173
0.606018
0.207802
0.333491
0.0473823
0.662
0.662
0.0406533
0.369259
0.662
0.662
0.479583
0.378146
0.315824
0.458413
0.662
0.603833
0.662
0.323903
0.4335
0.362821
0.662
0.662
0.190353
0.0774297
0.339199
0.256558
0.662
0.164407
0.333999
0.276769
0.482067
0.620822
0.662
0.383766
0.374124
0.412144
0.662
0.662
0.112957
0.292138
0.662
0.543117
0.117254
0.0976564
0.662
0.414831
0.662
0.662
0.484764
0.662
0.224396
0.209856
0.318698
0.300342
0.172178
0.255804
0.662
0.0505128
0.550166
0.662
0.662
0.662
0.662
0.20337
0.662
0.487695
0.245686
0.286188
0.662
0.241317
0.544241
0.38956
0.365637
0.0916443
0.662
0.662
0.369838
0.662
0.458692
0.0686355
0.427532
0.169121
0.192317
0.10757
0.140856
0.158187
0.313514
0.207149
0.662
0.662
0.174507
0.00942608
0.000968126
0.64977
0.488459
0.662
0.0551379
0.662
0.26441
0.0557824
0.316803
0.022325
0.399149
0.467585
0.662
0.331278
0.05868
0.143187
0.662
0.287867
0.43443
0.131076
0.439411
0.161178
0.0777658
0.347917
0.662
0.662
0.209841
0.662
0.020651
0.426526
0.662
0.662
0.261266
0.133503
0.147294
0.662
0.662
0.662
0.662
0.662
0.182315
0.662
0.649115
0.400452
0.0792199
0.662
0.296572
0.213327
0.548488
0.0871326
0.662
0.347194
0.662
0.151279
0.662
0.476286
0.40021
0.361411
0.662
0.662
0.662
0.240648
0.662
0.071435
0.432256
0.662
0.131116
0.241704
0.238754
0.662
0.662
0.0891432
0.662
0.335293
0.257628
0.161569
0.372308
0.662
0.359574
0.472544
0.166649
0.168306
0.662
0.662
0.662
0.662
0.520569
0.381544
0.476387
0.662
0.526291
0.644979
0.359277
0.662
0.131379
0.662
0.662
0.209723
0.227519
0.615309
0.662
0.548988
0.649465
0.662
0.218995
0.320908
0.333047
0.28268
0.662
0.529709
0.0486891
0.662
0.36566
0.495406
0.29021
0.172496
0.186654
0.329729
0.662
0.662
0.0905256
0.461915
0.662
0.445127
0.408146
0.196606
0.662
0.627719
0.330411
0.298099
0.662
0.21478
0.00406143
0.662
0.00422044
0.127127
0.185788
0.662
0.189313
0.606537
0.662
0.123525
0.662
0.242908
0.662
0.662
0.662
0.190809
0.662
0.662
0.413645
0.00957913
0.119593
0.662
0.404275
0.662
0.205315
0.382996
0.475626
0.346048
0.662
0.662
0.662
0.662
0.603804
0.50154
0.0709339
0.469019
0.662
0.372789
0.35316
0.662
0.662
0.284578
0.10504
0.465186
0.372055
0.318462
0.662
0.327322
0.0200841
0.30251
0.0662004
0.662
0.402685
0.662
0.470465
0.573974
0.662
0.062792
0.662
0.239131
0.246575
0.0475346
0.527469
0.662
0.364232
0.116977
0.390459
0.662
0.662
0.504887
0.662
0.662
0.461747
0.283859
0.662
0.662
0.640135
0.662
0.39034
0.662
0.662
0.130397
0.662
0.371644
0.223601
0.662
0.427555
0.662
0.662
0.363496
0.662
0.662
0.371573
0.375993
0.455714
0.614174
0.662
0.000726306
0.662
0.296118
0.15637
0.418413
0.0360716
0.662
0.244592
0.456579
0.662
0.662
0.0351303
0.662
0.662
0.662
0.26439
0.662
0.662
0.0846827
0.476477
0.662
0.0638616
0.662
0.139378
0.662
0.662
0.662
0.0279773
0.662
0.0535596
0.0643194
0.662
0.332532
0.1251
0.275463
0.662
0.662
0.662
0.073875
0.0153408
0.117326
0.662
0.162822
0.370202
0.614105
0.237105
0.151777
0.164694
0.662
0.0757898
0.17931
0.662
0.404825
0.142386
0.556994
0.144036
0.14777
0.662
0.274913
0.662
0.662
0.396656
0.313895
0.662
0.217817
0.662
0.289964
0.662
0.662
0.662
0.454544
0.0628198
0.158285
0.12051
0.0858473
0.662
0.0780964
0.662
0.0649346
0.662
0.662
0.163443
0.497854
0.0329224
0.422863
0.633391
0.662
0.210929
0.568071
0.608007
0.210638
0.439568
0.662
0.662
0.246057
0.662
0.215984
0.0797694
0.0448251
0.662
0.662
0.437912
0.212355
0.221043
0.355045
0.0650627
0.543413
0.309694
0.11106
0.223431
0.218307
0.662
0.338632
0.123152
0.476441
0.251168
0.662
0.126352
0.662
0.652633
0.662
0.662
0.330491
0.350046
0.662
0.662
0.662
0.662
0.662
0.662
0.21318
0.662
0.167456
0.309847
0.662
0.234187
0.662
0.662
0.205113
0.368266
0.215521
0.0744922
0.662
0.270661
0.00285117
0.00701272
0.324641
0.662
0.376449
0.563718
0.175538
0.662
0.662
0.350706
0.662
0.654847
0.419072
0.13201
0.455811
0.662
0.305794
0.662
0.628462
0.42193
0.577269
0.196166
0.122683
0.662
0.190513
0.127592
0.662
0.155258
0.662
0.320792
0.351864
0.398342
0.38178
0.0189561
0.662
0.662
0.208863
0.662
0.0942913
0.662
0.117806
0.662
0.036864
0.340167
0.662
0.0766675
0.662
0.662
0.420386
0.662
0.290425
0.662
0.319577
0.576247
0.3055
0.386063
0.0440147
0.409117
0.345324
0.0657672
0.217798
0.193905
0.214092
0.662
0.14943
0.118873
0.484671
0.662
0.142782
0.0636916
0.0885582
0.209802
0.261634
0.358184
0.36458
0.662
0.662
0.662
0.662
0.662
0.383601
0.287211
0.421332
0.271147
0.130031
0.662
0.185793
0.188975
0.662
0.344352
0.662
0.662
0.662
0.662
0.396962
0.662
0.198013
0.428958
0.0900291
0.662
0.0192895
0.191807
0.572967
0.0363025
0.412044
0.662
0.558511
0.662
0.475406
0.0323726
0.382294
0.105025
0.22348
0.662
0.384288
0.662
0.662
0.34522
0.13877
0.113196
0.662
0.662
0.0520671
0.662
0.662
0.662
0.110074
0.662
0.489746
0.229823
0.135769
0.662
0.358118
0.396444
0.662
0.296162
0.662
0.146887
0.662
0.662
0.662
0.662
0.267998
0.336496
0.271071
0.0952123
0.0514098
0.662
0.662
0.662
0.317363
0.395765
0.662
0.662
0.460213
0.124669
0.662
0.00849142
0.200682
0.662
0.662
0.351713
0.00565377
0.405663
0.662
0.662
0.0812961
0.662
0.401953
0.215943
0.255578
0.375516
0.253229
0.662
0.662
0.662
0.275669
0.211486
0.662
0.662
0.201449
0.43744
0.217892
0.116872
0.662
0.662
0.662
0.201676
0.103342
0.593185
0.662
0.662
0.471576
0.403491
0.395605
0.450728
0.318251
0.328221
0.275679
0.196632
0.240387
0.662
0.662
0.597652
0.662
0.043887
0.283868
0.461493
0.0806687
0.304738
0.420384
0.0909917
0.320897
0.176317
0.662
0.0121821
0.253192
0.662
0.241099
0.216648
0.662
0.46432
0.662
0.662
0.662
0.319051
0.26959
0.311128
0.662
0.662
0.424101
0.196597
0.662
0.652514
0.662
0.339748
0.662
0.158361
0.662
0.662
0.347565
0.336448
0.061857
0.0596892
0.255036
0.662
0.105533
0.307708
0.261298
0.327976
0.414918
0.662
0.662
0.662
0.251685
0.312658
0.388071
0.074699
0.0891568
0.662
0.653367
0.533365
0.261049
0.431946
0.662
0.368939
0.662
0.416025
0.244226
0.0614313
0.347118
0.662
0.662
0.662
0.282085
0.41451
0.662
0.662
0.379562
0.00274526
0.240597
0.0947338
0.662
0.00218672
0.662
0.386567
0.662
0.662
0.0344621
0.662
0.115252
0.662
0.662
0.662
0.33043
0.0557835
0.0547816
0.170368
0.662
0.198482
0.221591
0.110372
0.617669
0.302281
0.662
0.662
0.662
0.262879
0.294333
0.662
0.662
0.262615
0.662
0.238444
0.0507129
0.662
0.0906537
0.342298
0.087583
0.338022
0.492055
0.371395
0.0871772
0.275158
0.18038
0.662
0.662
0.0995477
0.662
0.0851154
0.662
0.662
0.662
0.0255392
0.662
0.662
0.0926595
0.231675
0.662
0.0770043
0.115253
0.662
0.662
0.402962
0.0634524
0.116767
0.662
0.662
0.144658
0.105785
0.269553
0.165106
0.0333883
0.662
0.662
0.132731
0.662
0.662
0.0835541
0.0100928
0.662
0.340066
0.352868
0.662
0.662
0.662
0.662
0.662
0.427638
0.605254
0.403558
0.198065
0.662
0.141109
0.0603609
0.662
0.427819
0.260485
0.278372
0.214311
0.662
0.662
0.662
0.662
0.662
0.517421
0.346941
0.662
0.662
0.221915
0.211519
0.662
0.662
0.662
0.662
0.0302265
0.564292
0.247323
0.662
0.662
0.440864
0.109014
0.662
0.662
0.308603
0.394852
0.283545
0.662
0.114808
0.662
0.662
0.294557
0.662
0.228626
0.189848
0.322106
0.390823
0.662
0.18748
0.291734
0.179319
0.272792
0.662
0.0551816
0.272334
0.58731
0.662
0.551239
0.458753
0.425676
0.304524
0.200507
0.00902016
0.332673
0.213916
0.662
0.662
0.19622
0.662
0.0213788
0.0761028
0.662
0.0305927
0.0822098
0.160691
0.196359
0.32634
0.227145
0.662
0.139779
0.662
0.662
0.445648
0.662
0.319292
0.662
0.252877
0.662
0.239479
0.272486
0.276122
0.254564
0.662
0.662
0.352391
0.361673
0.206552
0.121125
0.311162
0.662
0.462381
0.225103
0.413487
0.662
0.205642
0.488327
0.578349
0.237506
0.662
0.343061
0.662
0.662
0.4168
0.456162
0.299501
0.308453
0.662
0.662
0.275932
0.226435
0.383611
0.340815
0.662
0.197338
0.662
0.356896
0.270174
0.00499891
0.154122
0.662
0.241769
0.662
0.662
0.560643
0.662
0.438001
0.217014
0.103774
0.115411
0.156545
0.662
0.34009
0.233019
0.438266
0.662
0.374312
0.662
0.395526
0.447913
0.420501
0.23212
0.662
0.229521
0.662
0.522537
0.662
0.264365
0.662
0.662
0.308801
0.662
0.294796
0.662
0.662
0.662
0.342361
0.475904
0.469254
0.218994
0.662
0.392152
0.570989
0.215302
0.662
0.362003
0.336175
0.463055
0.662
0.505929
0.662
0.662
0.662
0.0169509
0.662
0.520466
0.40117
0.662
0.662
0.434
0.155496
0.206817
0.662
0.124721
0.168719
0.298644
0.441317
0.187027
0.180849
0.264818
0.446051
0.662
0.578778
0.662
0.662
0.192928
0.662
0.439862
0.542713
0.662
0.296602
0.662
0.662
0.662
0.0592913
0.253223
0.0925189
0.662
0.662
0.637306
0.662
0.206874
0.247712
0.472223
0.662
0.000987174
0.662
0.662
0.0365208
0.662
0.459346
0.52021
0.295387
0.53291
0.662
0.336822
0.279234
0.662
0.465808
0.347901
0.200915
0.662
0.390564
0.662
0.341804
0.353742
0.129925
0.662
0.662
0.230301
0.468732
0.662
0.0119339
0.662
0.270869
0.662
0.392604
0.572469
0.460363
0.662
0.484886
0.440473
0.242558
0.267125
0.662
0.662
0.110977
0.662
0.662
0.662
0.662
0.662
0.045331
0.242884
0.662
0.662
0.662
0.662
0.0559591
0.347124
0.662
0.295404
0.033546
0.264859
0.0460896
0.662
0.0501039
0.662
0.173376
0.310396
0.0746574
0.416287
0.396816
0.662
0.302182
0.662
0.336856
0.662
0.662
0.323296
0.00213435
0.484971
0.027006
0.662
0.246911
0.375691
0.201538
0.131306
0.10753
0.662
0.361854
0.346682
0.662
0.471568
0.152225
0.33494
0.36805
0.0854082
0.662
0.638758
0.474369
0.00291613
0.662
0.314037
0.445351
0.451777
0.224288
0.470305
0.448062
0.118751
0.145624
0.662
0.629763
0.444793
0.0209828
0.662
0.139794
0.662
0.597052
0.0615105
0.132943
0.521267
0.144939
0.239085
0.245617
0.181193
0.662
0.131024
0.662
0.662
0.380435
0.199808
0.0567841
0.224858
0.662
0.0809177
0.662
0.459112
0.364326
0.199729
0.662
0.662
0.334721
0.0356897
0.409004
0.302386
0.532656
0.203425
0.662
0.662
0.229172
0.662
0.0900605
0.662
0.621062
0.3394
0.662
0.662
0.492115
0.662
0.179554
0.662
0.662
0.662
0.20742
0.662
0.614995
0.260499
0.305102
0.561737
0.662
0.662
0.0807647
0.662
0.186602
0.662
0.419747
0.662
0.18414
0.662
0.227841
0.311653
0.328912
0.662
0.662
0.662
0.517058
0.662
0.421779
0.263522
0.662
0.474342
0.662
0.662
0.662
0.662
0.535088
0.201719
0.662
0.170925
0.662
0.662
0.0404631
0.239128
0.222833
0.132035
0.662
0.662
0.102143
0.662
0.074317
0.382427
0.38185
0.214401
0.662
0.400487
0.31754
0.662
0.495596
0.662
0.662
0.222038
0.555794
0.114968
0.662
0.198807
0.370849
0.662
0.284176
0.662
0.303618
0.224895
0.30679
0.662
0.508863
0.560946
0.0944507
0.306325
0.0480185
0.4467
0.553176
0.662
0.359891
0.565043
0.159831
0.211944
0.14679
0.14576
0.312347
0.27489
0.662
0.261562
0.36888
0.33553
0.00412814
0.662
0.662
0.141357
0.269667
0.662
0.383412
0.662
0.662
0.0372224
0.607217
0.661413
0.397367
0.662
0.662
0.662
0.453341
0.662
0.481502
0.5012
0.356923
0.662
0.662
0.365127
0.384421
0.662
0.0934945
0.662
0.409282
0.341284
0.433283
0.662
0.662
0.150457
0.300026
0.662
0.662
0.280519
0.0447767
0.230496
0.320211
0.0868674
0.286265
0.468443
0.662
0.0916417
0.662
0.207206
0.662
0.662
0.103295
0.166192
0.449706
0.662
0.662
0.250405
0.662
0.662
0.662
0.269348
0.662
0.0491387
0.662
0.296693
0.38992
0.253581
0.0687368
0.0885343
0.0666964
0.662
0.662
0.527986
0.262002
0.179439
0.662
0.573828
0.179285
0.662
0.338482
0.553655
0.205733
0.147956
0.118398
0.662
0.363235
0.108858
0.0257092
0.527754
0.125594
0.662
0.295765
0.657687
0.662
0.121311
0.662
0.662
0.371299
0.633694
0.254769
0.023041
0.662
0.534884
0.15479
0.662
0.161135
0.221557
0.130265
0.385972
0.240605
0.206308
0.44092
0.662
0.475971
0.0993105
0.108151
0.166034
0.453947
0.591661
0.142593
0.37989
0.460891
0.187815
0.217461
0.662
0.148731
0.144585
0.323501
0.656191
0.662
0.164968
0.662
0.662
0.662
0.662
0.387074
0.183673
0.662
0.662
0.38925
0.30907
0.662
0.662
0.507122
0.662
0.662
0.662
0.662
0.662
0.662
0.662
0.662
0.160672
0.091264
0.640732
0.185928
0.034561
0.0240258
0.662
0.0752256
0.309462
0.460047
0.662
0.38137
0.662
0.241028
0.451443
0.237154
0.36123
0.295583
0.662
0.21402
0.422785
0.662
0.604533
0.208278
0.167234
0.261539
0.273891
0.433638
0.446319
0.662
0.439756
0.0634037
0.662
0.230113
0.662
0.662
0.205776
0.187615
0.35803
0.662
0.409955
0.662
0.12684
0.613592
0.156224
0.462239
0.662
0.662
0.243937
0.64205
0.08998
0.662
0.662
0.662
0.242322
0.0993603
0.000176851
0.616419
0.662
0.50342
0.0610706
0.134523
0.662
0.662
0.398671
0.382855
0.187407
0.397361
0.662
0.443711
0.662
0.662
0.662
0.217012
0.662
0.291835
0.534747
0.213671
0.662
0.662
0.301113
0.422545
0.662
0.662
0.662
0.207703
0.158599
0.662
0.374528
0.101031
0.18848
0.248566
0.313579
0.256823
0.155177
0.287793
0.234384
0.42217
0.662
0.662
0.662
0.662
0.059078
0.318926
0.662
0.662
0.662
0.630767
0.0157965
0.662
0.662
0.662
0.575424
0.249242
0.37513
0.662
0.429748
0.662
0.662
0.196549
0.37856
0.662
0.213319
0.662
0.554838
0.394354
0.600797
0.662
0.662
0.662
0.435803
0.270251
0.662
0.0439593
0.212317
0.662
0.101193
0.662
0.38857
0.662
0.45219
0.662
0.327007
0.662
0.37086
0.220366
0.662
0.662
0.208366
0.662
0.662
0.0137662
0.662
0.360224
0.150949
0.549123
0.501616
0.0827684
0.423863
0.662
0.319767
0.102747
0.308752
0.662
0.662
0.29849
0.373899
0.662
0.662
0.184209
0.410354
0.662
0.174349
0.585369
0.000750125
0.364776
0.662
0.245665
0.662
0.354314
0.171423
0.309965
0.662
0.662
0.384238
0.343643
0.662
0.245758
0.236227
0.660375
0.0827372
0.662
0.662
0.37445
0.189311
0.662
0.390486
0.207985
0.197713
0.456479
0.203088
0.16781
0.662
0.322472
0.406805
0.662
0.662
0.246297
0.505933
0.662
0.45293
0.451895
0.451259
0.188717
0.399178
0.074438
0.662
0.340204
0.662
0.662
0.662
0.662
0.304309
0.436663
0.662
0.662
0.0473094
0.017838
0.198408
0.662
0.564864
0.452519
0.662
0.27637
0.536178
0.454363
0.662
0.662
0.662
0.381039
0.662
0.222463
0.426161
0.662
0.662
0.244083
0.185084
0.262053
0.506587
0.167122
0.662
0.500348
0.0914715
0.169891
0.662
0.254604
0.662
0.662
0.0702098
0.662
0.0180278
0.662
0.114903
0.662
0.662
0.160685
0.193786
0.662
0.382727
0.662
0.662
0.662
0.0782616
0.160844
0.11538
0.662
0.327746
0.150402
0.222128
0.662
0.182677
0.662
0.386782
0.560192
0.38807
0.662
0.662
0.353315
0.168127
0.604911
0.394358
0.161937
0.262651
0.399357
0.662
0.260994
0.662
0.662
0.0987957
0.492693
0.163702
0.45756
0.61016
0.206708
0.0300293
0.0197223
0.248439
0.662
0.205029
0.662
0.662
0.465719
0.445059
0.662
0.18009
0.382581
0.140537
0.193771
0.460881
0.662
0.662
0.662
0.298511
0.463881
0.662
0.662
0.662
0.662
0.617853
0.0454629
0.662
0.264197
0.160321
0.662
0.662
0.457148
0.169155
0.199766
0.662
0.20703
0.662
0.602931
0.360194
0.38268
0.153468
0.202072
0.416118
0.418116
0.662
0.662
0.585664
0.0537311
0.0717896
0.174314
0.662
0.462612
0.662
0.285735
0.662
0.662
0.662
0.133336
0.306689
0.364493
0.662
0.451289
0.206173
0.399656
0.273275
0.662
0.452639
0.662
0.382069
0.662
0.662
0.263918
0.00115646
0.168928
0.662
0.452773
0.275023
0.326965
0.662
0.38552
0.662
0.293813
0.662
0.662
0.224416
0.662
0.105324
0.662
0.406157
0.662
0.0556858
0.662
0.662
0.548096
0.662
0.199712
0.15468
0.485558
0.30079
0.662
0.107866
0.475933
0.232198
0.662
0.38148
0.247874
0.458985
0.406065
0.662
0.118937
0.19636
0.184958
0.415654
0.662
0.662
0.302989
0.187628
0.433505
0.623331
0.304267
0.662
0.251666
0.0974905
0.662
0.662
0.0271887
0.662
0.581488
0.154919
0.662
0.418738
0.662
0.662
0.662
0.0857672
0.662
0.367335
0.59744
0.421632
0.34999
0.0888369
0.662
0.0511559
0.0667714
0.662
0.0142864
0.311733
0.00349213
0.662
0.0828973
0.130087
0.661735
0.662
0.662
0.113929
0.322668
0.365373
0.399919
0.154958
0.32775
0.295974
0.662
0.662
0.515706
0.34769
0.370102
0.662
0.211874
0.662
0.662
0.291978
0.662
0.264467
0.185801
0.503019
0.649804
0.662
0.507453
0.226252
0.141236
0.135416
0.662
0.170091
0.197547
0.430688
0.382885
0.452321
0.0394055
0.662
0.342547
0.156722
0.662
0.449342
0.465303
0.23371
0.662
0.18645
0.662
0.662
0.602008
0.359196
0.373132
0.332709
0.226215
0.240836
0.407907
0.299428
0.104247
0.311804
0.05334
0.498027
0.0308747
0.662
0.0198487
0.662
0.662
0.662
0.386308
0.0717202
0.255203
0.18733
0.398545
0.438606
0.0287481
0.0162179
0.662
0.662
0.662
0.389543
0.262797
0.329061
0.357304
0.427306
0.171704
0.662
0.662
0.279565
0.336779
0.662
0.188323
0.166113
0.0237145
0.419009
0.00304556
0.662
0.662
0.297199
0.662
0.379171
0.277755
0.316265
0.275973
0.248655
0.304439
0.0561511
0.662
0.662
0.386724
0.430992
0.501555
0.662
0.013384
0.626269
0.104883
0.636985
0.443422
0.0264177
0.662
0.662
0.320299
0.371253
0.662
0.662
0.41621
0.662
0.100291
0.10956
0.19341
0.201611
0.554692
0.135984
0.0378712
0.264313
0.662
0.662
0.662
0.485495
0.28791
0.410096
0.662
0.253023
0.113192
0.192659
0.377249
0.426011
0.2223
0.284257
0.44041
0.440656
0.662
0.223897
0.438708
0.298466
0.104282
0.289647
0.183346
0.201167
0.10442
0.102189
0.662
0.453959
0.138748
0.662
0.662
0.662
0.249285
0.662
0.662
0.646186
0.464339
0.662
0.445682
0.662
0.335285
0.348347
0.662
0.0697666
0.397398
0.662
0.662
0.662
0.662
0.662
0.662
0.662
0.242853
0.662
0.662
0.178053
0.662
0.57576
0.281234
0.662
0.442754
0.662
0.21048
0.0698833
0.319455
0.233041
0.662
0.662
0.662
0.662
0.662
0.0894264
0.244204
0.0791778
0.057057
0.087501
0.662
0.662
0.242755
0.662
0.197012
0.0782168
0.662
0.662
