0.662
0.244315
0.44053
0.179795
0.315852
0.662
0.662
0.662
0.662
0.662
0.662
0.151993
0.0803066
0.32491
0.423394
0.662
0.662
0.662
0.662
0.662
0.662
0.662
0.432441
0.662
0.00703429
0.129529
0.662
0.662
0.662
0.662
0.100454
0.610585
0.175564
0.662
0.662
0.662
0.000160953
0.662
0.662
0.187098
0.621154
0.662
0.662
0.662
0.662
0.36958
0.100954
0.662
0.295839
0.405154
0.662
0.662
0.438687
0.268724
0.662
0.126632
0.364423
0.662
0.422964
0.205048
0.475091
0.17913
0.283955
0.557878
0.0876297
0.586696
0.454842
0.0712266
0.662
0.662
0.216732
0.260844
0.438457
0.212495
0.449661
0.662
0.618032
0.662
0.455736
0.662
0.662
0.437485
0.190312
0.202843
0.136866
0.662
0.662
0.662
0.259909
0.23191
0.662
0.159099
0.662
0.662
0.394765
0.200071
0.321668
0.315749
0.662
0.662
0.071014
0.662
0.467391
0.662
0.662
0.662
0.221015
0.141725
0.20479
0.662
0.662
0.567135
0.483083
0.56867
0.255414
0.662
0.662
0.662
0.662
0.662
0.148199
0.662
0.279416
0.425973
0.662
0.662
0.662
0.417986
0.283457
0.289241
0.662
0.662
0.525432
0.662
0.465051
0.112725
0.662
0.662
0.239214
0.306528
0.152558
0.435675
0.379663
0.662
0.292569
0.662
0.214498
0.349199
0.118107
0.662
0.152164
0.662
0.28402
0.455422
0.662
0.221815
0.662
0.209027
0.662
0.106092
0.0101296
0.31531
0.409534
0.26318
0.0522724
0.0986084
0.662
0.127639
0.02989
0.228079
0.237625
0.459105
0.662
0.488351
0.662
0.662
0.248555
0.662
0.0916733
0.261987
0.662
0.230414
0.435087
0.0794829
0.113048
0.516509
0.00265712
0.301431
0.386296
0.167415
0.221987
0.662
0.0909977
0.28901
0.211578
0.219331
0.436789
0.205166
0.216968
0.662
0.0946984
0.461307
0.431727
0.159578
0.662
0.213568
0.265383
0.339311
0.662
0.224224
0.662
0.0764588
0.239716
0.63339
0.662
0.662
0.450186
0.242817
0.662
0.202769
0.297702
0.443268
0.22543
0.258339
0.21315
0.662
0.467832
0.334864
0.288673
0.324003
0.464397
0.662
0.445835
0.0952338
0.434194
0.300122
0.304945
0.0586051
0.143251
0.662
0.662
0.24229
0.662
0.231098
0.233455
0.662
0.326071
0.528491
0.662
0.451742
0.135822
0.662
0.194667
0.662
0.236636
0.662
0.662
0.00357995
0.648522
0.217965
0.662
0.662
0.628923
0.57233
0.452115
0.662
0.257531
0.423507
0.0348311
0.662
0.662
0.242126
0.118874
0.250763
0.662
0.347425
0.329773
0.662
0.662
0.194673
0.662
0.231702
0.662
0.662
0.347318
0.213992
0.28284
0.433216
0.191685
0.662
0.662
0.352321
0.254215
0.166965
0.15648
0.283629
0.475851
0.226839
0.163608
0.662
0.662
0.662
0.277822
0.434958
0.309565
0.569754
0.352056
0.222596
0.329908
0.434094
0.252354
0.200018
0.662
0.175285
0.662
0.0565117
0.356088
0.0874271
0.28763
0.662
0.161421
0.188155
0.662
0.662
0.662
0.662
0.193805
0.164238
0.662
0.0477138
0.14905
0.662
0.294547
0.662
0.662
0.0150241
0.662
0.662
0.662
0.662
0.553294
0.662
0.343027
0.662
0.155767
0.662
0.460266
0.662
0.662
0.662
0.662
0.662
0.470279
0.662
0.0992529
0.26486
0.662
0.378534
0.662
0.436867
0.345798
0.0912135
0.177399
0.366477
0.582943
0.662
0.552601
0.662
0.207323
0.292635
0.103014
0.662
0.635558
0.662
0.243886
0.320312
0.215125
0.638537
0.662
0.379773
0.662
0.428284
0.555649
0.4591
0.662
0.322474
0.04646
0.662
0.082969
0.662
0.662
0.357888
0.191386
0.662
0.125754
0.662
0.209802
0.218019
0.662
0.662
0.662
0.662
0.119724
0.261435
0.343656
0.342018
0.284199
0.288754
0.662
0.315878
0.0279738
0.662
0.197634
0.156763
0.662
0.662
0.13452
0.662
0.662
0.446855
0.662
0.202541
0.662
0.185819
0.662
0.662
0.662
0.662
0.662
0.662
0.340588
0.662
0.245603
0.451218
0.662
0.0846796
0.662
0.0784132
0.180877
0.412881
0.175613
0.633391
0.374927
0.245438
0.662
0.179114
0.659521
0.363197
0.473491
0.155761
0.662
0.662
0.217915
0.1521
0.398475
0.350946
0.662
0.293411
0.447223
0.662
0.0579393
0.662
0.356667
0.662
0.662
0.193914
0.662
0.422359
0.0692928
0.662
0.662
0.662
0.662
0.154067
0.662
0.211613
0.238478
0.171605
0.354556
0.386479
0.410976
0.662
0.662
0.371805
0.201125
0.242178
0.662
0.216322
0.256884
0.662
0.304838
0.15424
0.0619874
0.662
0.400981
0.0673151
0.662
0.662
0.662
0.478092
0.289771
0.531464
0.302146
0.497337
0.429553
0.250135
0.467051
0.482962
0.662
0.662
0.399681
0.192249
0.662
0.662
0.312889
0.185846
0.662
0.423492
0.662
0.662
0.512292
0.662
0.307872
0.0375669
0.323886
0.662
0.639491
0.651839
0.602152
0.168415
0.662
0.211484
0.388294
0.416999
0.197745
0.310598
0.662
0.662
0.662
0.662
0.312513
0.662
0.662
0.662
0.426972
0.299033
0.487004
0.662
0.662
0.304179
0.243112
0.662
0.662
0.192772
0.662
0.662
0.662
0.310265
0.662
0.375754
0.662
0.261513
0.662
0.662
0.351531
0.404373
0.662
0.662
0.662
0.531273
0.291007
0.509205
0.363854
0.430636
0.662
0.131604
0.662
0.662
0.662
0.0407405
0.186179
0.662
0.662
0.662
0.662
0.464069
0.155832
0.360929
0.662
0.410655
0.662
0.338159
0.617676
0.361353
0.176201
0.662
0.299068
0.662
0.164649
0.662
0.212835
0.27884
0.354283
0.662
0.662
0.156282
0.662
0.0428276
0.662
0.662
0.022613
0.662
0.662
0.128661
0.662
0.535173
0.662
0.662
0.662
0.662
0.662
0.14939
0.0521127
0.662
0.662
0.251253
0.40893
0.662
0.662
0.223565
0.144822
0.452233
0.3692
0.662
0.508033
0.662
0.47403
0.662
0.662
0.218288
0.107728
0.195436
0.662
0.592918
0.662
0.662
0.222377
0.489983
0.201735
0.128457
0.192251
0.662
0.662
0.468812
0.662
0.378207
0.259165
0.662
0.282288
0.200345
0.291627
0.662
0.662
0.0208113
0.662
0.291401
0.191817
0.662
0.193035
0.18072
0.394154
0.498206
0.0634054
0.662
0.211579
0.662
0.246552
0.209109
0.199844
0.662
0.130839
0.132212
0.393063
0.087124
0.662
0.0653907
0.662
0.40371
0.225453
0.3454
0.218854
0.662
0.662
0.0687065
0.662
0.167097
0.662
0.0708017
0.662
0.134584
0.662
0.24544
0.234863
0.124254
0.662
0.662
0.662
0.625024
0.248664
0.662
0.293008
0.201852
0.662
0.662
0.279168
0.613186
0.662
0.575855
0.22238
0.226509
0.662
0.662
0.39439
0.432952
0.154792
0.662
0.384398
0.662
0.222906
0.622944
0.662
0.662
0.278618
0.662
0.0802746
0.197451
0.662
0.387428
0.239241
0.662
0.0990477
0.662
0.662
0.432642
0.601216
0.0130458
0.140426
0.104247
0.306613
0.264353
0.574551
0.662
0.662
0.662
0.312581
0.497532
0.662
0.441545
0.313588
0.662
0.320174
0.162997
0.0955897
0.237966
0.662
0.197145
0.405814
0.261936
0.662
0.384914
0.0715454
0.662
0.662
0.153938
0.662
0.141517
0.662
0.0981248
0.138773
0.259749
0.448203
0.445777
0.392372
0.247717
0.275114
0.310867
0.187668
0.454851
0.331363
0.662
0.662
0.662
0.196472
0.323205
0.303159
0.662
0.662
0.385012
0.459889
0.284614
0.0466953
0.0499677
0.662
0.173893
0.203746
0.662
0.662
0.373071
0.249095
0.0299884
0.662
0.288112
0.662
0.400916
0.516979
0.10264
0.662
0.199399
0.662
0.0456929
0.253647
0.00919584
0.662
0.186031
0.662
0.251567
0.662
0.206638
0.415065
0.294149
0.0360847
0.308636
0.662
0.662
0.30838
0.207273
0.329157
0.477864
0.662
0.662
0.662
0.382523
0.36579
0.420485
0.195183
0.662
0.662
0.662
0.428664
0.375245
0.322747
0.602594
0.252493
0.662
0.662
0.0401781
0.662
0.214679
0.415048
0.662
0.63713
0.662
0.662
0.418031
0.193417
0.662
0.662
0.20077
0.1983
0.429052
0.0770854
0.377795
0.0258598
0.151668
0.241786
0.430283
0.662
0.662
0.333002
0.662
0.262703
0.662
0.662
0.11749
0.662
0.662
0.0452454
0.167165
0.088256
0.00446793
0.662
0.662
0.34299
0.154575
0.662
0.188331
0.662
0.662
0.301685
0.216828
0.0438316
0.662
0.662
0.662
0.442728
0.255597
0.39682
0.339473
0.172979
0.662
0.0720678
0.231031
0.284019
0.662
0.3039
0.459348
0.296932
0.170206
0.662
0.662
0.326415
0.0308334
0.0667656
0.17002
0.662
0.436272
0.662
0.307971
0.0507741
0.0333621
0.199644
0.0333697
0.662
0.662
0.662
0.123438
0.485909
0.283142
0.608895
0.537312
0.125659
0.662
0.27147
0.246587
0.376386
0.36293
0.212043
0.129392
0.662
0.466781
0.477185
0.0159562
0.662
0.662
0.662
0.116554
0.662
0.100695
0.662
0.227203
0.243024
0.236125
0.662
0.662
0.662
0.126242
0.662
0.207623
0.144138
0.0605654
0.662
0.662
0.437636
0.139154
0.172348
0.0528042
0.0847627
0.662
0.418401
0.462764
0.662
0.220633
0.421469
0.145289
0.662
0.662
0.662
0.337506
0.662
0.187885
0.0857878
0.662
0.662
0.436204
0.154967
0.662
0.0916973
0.662
0.100919
0.305098
0.662
0.0550745
0.662
0.662
0.662
0.662
0.662
0.662
0.662
0.40594
0.662
0.432127
0.212494
0.662
0.207032
0.662
0.662
0.662
0.662
0.237789
0.662
0.22732
0.445249
0.662
0.662
0.211031
0.360894
0.662
0.662
0.662
0.135579
0.662
0.401831
0.191359
0.0248162
0.662
0.374306
0.0246617
0.314305
0.423462
0.030325
0.233047
0.662
0.279465
0.566805
0.626398
0.662
0.306778
0.236367
0.207819
0.662
0.332493
0.12887
0.214016
0.185114
0.499841
0.194607
0.14863
0.662
0.662
0.662
0.38457
0.306582
0.3728
0.662
0.662
0.315513
0.662
0.575625
0.301213
0.556563
0.662
0.0776885
0.184249
0.662
0.321523
0.39274
0.662
0.662
0.130859
0.354715
0.147388
0.219054
0.0556619
0.662
0.662
0.16296
0.398452
0.150858
0.368761
0.662
0.662
0.167255
0.662
0.662
0.316793
0.155672
0.662
0.662
0.662
0.438628
0.0195463
0.0387742
0.313126
0.662
0.0597835
0.0992717
0.235038
0.662
0.290157
0.348555
0.205349
0.662
0.413848
0.230281
0.662
0.662
0.662
0.348876
0.326436
0.662
0.662
0.477287
0.142545
0.280177
0.128907
0.445714
0.181345
0.662
0.0724575
0.140277
0.662
0.34715
0.21479
0.203247
0.335447
0.662
0.662
0.662
0.662
0.662
0.429033
0.662
0.662
0.202325
0.109098
0.222665
0.0103745
0.662
0.662
0.289374
0.662
0.159451
0.662
0.662
0.662
0.443131
0.662
0.107697
0.662
0.39566
0.0355407
0.410628
0.662
0.662
0.662
0.309832
0.662
0.211527
0.662
0.662
0.209814
0.253707
0.187223
0.662
0.201077
0.212527
0.662
0.662
0.662
0.662
0.662
0.0208933
0.0984231
0.662
0.343702
0.662
0.263242
0.662
0.662
0.0435495
0.181413
0.662
0.662
0.662
0.0434767
0.196487
0.140526
0.149285
0.224826
0.210885
0.662
0.662
0.662
0.662
0.277998
0.493089
0.662
0.334407
0.662
0.00631614
0.662
0.199341
0.562412
0.32911
0.662
0.118874
0.662
0.662
0.424039
0.346288
0.662
0.539518
0.00562221
0.662
0.193443
0.662
0.396771
0.662
0.00778787
0.153807
0.356453
0.180313
0.662
0.394718
0.456791
0.229726
0.662
0.586984
0.662
0.0666372
0.497523
0.173107
0.662
0.184782
0.662
0.228666
0.662
0.18458
0.210274
0.515674
0.22487
0.124605
0.304063
0.235523
0.145364
0.246162
0.662
0.150108
0.662
0.24831
0.662
0.662
0.0459013
0.0774449
0.433617
0.662
0.662
0.0421806
0.186424
0.662
0.662
0.377187
0.662
0.221662
0.662
0.662
0.662
0.570318
0.662
0.662
0.662
0.253621
0.449255
0.099996
0.662
0.662
0.330053
0.439211
0.662
0.216934
0.135037
0.662
0.662
0.662
0.662
0.0909745
0.662
0.433882
0.0927031
0.662
0.662
0.662
0.419831
0.247929
0.662
0.662
0.377518
0.333638
0.403374
0.266319
0.250526
0.246303
0.662
0.662
0.0431574
0.163227
0.662
0.662
0.662
0.541108
0.606713
0.403674
0.662
0.662
0.15763
0.500539
0.662
0.411967
0.662
0.233445
0.191579
0.662
0.495643
0.423944
0.317107
0.487423
0.662
0.417661
0.662
0.662
0.278753
0.112842
0.218558
0.257529
0.212954
0.662
0.662
0.662
0.304997
0.662
0.457688
0.232048
0.662
0.662
0.572204
0.258297
0.148187
0.277112
0.662
0.543637
0.662
0.187284
0.295721
0.447504
0.29277
0.11418
0.662
0.662
0.211165
0.442786
0.094733
0.141442
0.455862
0.662
0.662
0.173754
0.356578
0.662
0.662
0.662
0.662
0.662
0.194995
0.233472
0.161781
0.662
0.224499
0.285767
0.447507
0.385719
0.47625
0.228979
0.662
0.313121
0.662
0.394797
0.662
0.057582
0.322099
0.662
0.662
0.662
0.662
0.404438
0.482057
0.112878
0.354751
0.37373
0.662
0.662
0.404416
0.662
0.0468144
0.662
0.662
0.238858
0.662
0.662
0.662
0.631925
0.477308
0.290056
0.188313
0.363839
0.199687
0.247934
0.662
0.219317
0.155459
0.0166529
0.343385
0.446269
0.0591799
0.285508
0.0368152
0.356649
0.398281
0.662
0.662
0.256316
0.662
0.662
0.330546
0.574809
0.662
0.196541
0.425147
0.453881
0.427872
0.290764
0.16592
0.662
0.662
0.263377
0.662
0.662
0.311607
0.19018
0.47125
0.662
0.133688
0.34663
0.0503916
0.662
0.196791
0.474321
0.662
0.662
0.229353
0.662
0.662
0.662
0.662
0.391729
0.137565
0.225396
0.203111
0.662
0.143823
0.126504
0.662
0.569836
0.00130578
0.430763
0.363451
0.137048
0.202299
0.383533
0.662
0.662
0.662
0.00142497
0.299551
0.662
0.662
0.0192799
0.277362
0.224151
0.662
0.662
0.473586
0.662
0.662
0.429641
0.165646
0.0929467
0.662
0.596571
0.662
0.140199
0.662
0.149066
0.235865
0.187212
0.662
0.240584
0.0275883
0.276198
0.662
0.662
0.317989
0.662
0.201879
0.662
0.0993808
0.353488
0.662
0.662
0.354156
0.0389044
0.394045
0.299958
0.264028
0.177721
0.662
0.365255
0.662
0.112214
0.662
0.327048
0.662
0.662
0.662
0.160563
0.662
0.0520249
0.164587
0.580817
0.360262
0.309527
0.185434
0.30808
0.155771
0.0739268
0.662
0.662
0.239055
0.662
0.25098
0.075467
0.219365
0.662
0.662
0.312067
0.267125
0.0934082
0.482099
0.322029
0.662
0.0526916
0.662
0.0117757
0.662
0.403969
0.000773551
0.662
0.514109
0.181192
0.317972
0.276774
0.144791
0.257982
0.134024
0.662
0.394535
0.432113
0.261791
0.662
0.662
0.169798
0.662
0.662
0.400051
0.662
0.0669682
0.386969
0.662
0.662
0.425856
0.662
0.662
0.662
0.396412
0.137199
0.597385
0.662
0.363056
0.662
0.662
0.633391
0.662
0.26404
0.170841
0.662
0.662
0.0175909
0.201954
0.662
0.190063
0.662
0.662
0.244173
0.168574
0.253741
0.0179664
0.108014
0.45002
0.662
0.0253928
0.662
0.191512
0.662
0.662
0.348624
0.328001
0.339172
0.662
0.662
0.284957
0.662
0.0944384
0.464255
0.662
0.304465
0.252354
0.662
0.662
0.52125
0.183828
0.296771
0.0274962
0.479349
0.256973
0.344233
0.280637
0.662
0.301234
0.424963
0.662
0.18681
0.191604
0.474417
0.286668
0.662
0.662
0.25257
0.027038
0.51641
0.662
0.662
0.332726
0.662
0.220012
0.297653
0.0713397
0.662
0.662
0.662
0.662
0.429134
0.380495
0.662
0.330742
0.662
0.346376
0.662
0.0726421
0.264626
0.439017
0.390238
0.662
0.160744
0.132699
0.325754
0.533558
0.248643
0.369472
0.493079
0.662
0.11512
0.285124
0.662
0.25571
0.0330949
0.662
0.662
0.470571
0.410753
0.177069
0.662
0.0557561
0.440971
0.662
0.33003
0.44639
0.662
0.662
0.089601
0.117119
0.0924651
0.211813
0.662
0.212963
0.313189
0.662
0.234458
0.44648
0.662
0.662
0.193256
0.38933
0.307921
0.127773
0.662
0.0961311
0.662
0.0488956
0.662
0.662
0.662
0.203328
0.408729
0.235972
0.662
0.171991
0.662
0.657039
0.234975
0.662
0.662
0.662
0.662
0.662
0.344063
0.216485
0.191109
0.265209
0.662
0.482545
0.662
0.624941
0.662
0.148454
0.21147
0.445188
0.149262
0.662
0.662
0.222014
0.662
0.100852
0.204965
0.282507
0.191184
0.170663
0.192416
0.662
0.258794
0.662
0.260739
0.225199
0.662
0.186339
0.662
0.257422
0.276958
0.141185
0.149588
0.180406
0.165904
0.491093
0.662
0.442659
0.662
0.330564
0.254043
0.0838112
0.367648
0.381846
0.124674
0.412157
0.659282
0.662
0.0655055
0.662
0.662
0.34925
0.652788
0.495452
0.269799
0.229091
0.480455
0.28745
0.662
0.171332
0.173976
0.202498
0.662
0.302216
0.364014
0.149166
0.662
0.20549
0.506817
0.408743
0.230444
0.345285
0.32266
0.0600837
0.662
0.662
0.345898
0.662
0.130671
0.11443
0.662
0.63339
0.662
0.662
0.662
0.662
0.224181
0.662
0.242053
0.383606
0.662
0.662
0.662
0.495175
0.373777
0.662
0.190129
0.662
0.277945
0.285507
0.662
0.662
0.662
0.180581
0.244774
0.153426
0.662
0.277214
0.18591
0.443517
0.377951
0.185802
0.662
0.299565
0.339923
0.662
0.0141412
0.662
0.662
0.544766
0.14283
0.32649
0.477714
0.20627
0.513426
0.662
0.183806
0.122066
0.176102
0.125356
0.336232
0.662
0.633391
0.662
0.24722
0.285401
0.214137
0.662
0.144056
0.662
0.662
0.662
0.392319
0.662
0.0460055
0.0673696
0.662
0.484748
0.405314
0.662
0.17219
0.0576828
0.618903
0.280321
0.340662
0.662
0.461706
0.662
0.662
0.303397
0.662
0.224104
0.200826
0.199197
0.15078
0.305136
0.215242
0.662
0.0635923
0.19748
0.662
0.662
0.662
0.213498
0.662
0.085064
0.0217276
0.23931
0.145697
0.0249828
0.272964
0.662
0.156049
0.105792
0.662
0.662
0.662
0.415801
0.662
0.535879
0.0298734
0.299212
0.311294
0.662
0.0132196
0.662
0.0503433
0.410635
0.409229
0.515831
0.662
0.267329
0.46373
0.662
0.662
0.662
0.662
0.662
0.464109
0.272639
0.662
0.662
0.633694
0.537575
0.662
0.662
0.121086
0.219362
0.662
0.662
0.443533
0.363042
0.46713
0.214501
0.379153
0.662
0.235434
0.107108
0.0220775
0.662
0.422402
0.244838
0.21922
0.364309
0.399272
0.311072
0.662
0.529428
0.149829
0.431036
0.426807
0.180712
0.509578
0.436179
0.296127
0.662
0.385319
0.202815
0.206827
0.279839
0.662
0.4181
0.225607
0.375382
0.114101
0.662
0.351687
0.403343
0.524813
0.142219
0.662
0.662
0.188027
0.494864
0.259503
0.662
0.620942
0.662
0.662
0.662
0.662
0.172072
0.231507
0.204242
0.283866
0.55752
0.239
0.662
0.44546
0.10891
0.326556
0.662
0.107671
0.270078
0.447667
0.466891
0.202505
0.662
0.307897
0.3878
0.662
0.284065
0.662
0.662
0.47305
0.662
0.662
0.662
0.426843
0.06947
0.305866
0.287502
0.401495
0.662
0.662
0.246891
0.400934
0.662
0.105207
0.243168
0.50007
0.196217
0.662
0.387562
0.437908
0.662
0.662
0.10531
0.662
0.662
0.189354
0.228855
0.0828027
0.519272
0.662
0.662
0.662
0.662
0.28789
0.662
0.662
0.180284
0.366622
0.135591
0.231116
0.662
0.425723
0.111611
0.041984
0.265639
0.55575
0.59049
0.662
0.306589
0.662
0.47149
0.300057
0.662
0.193115
0.114995
0.330662
0.322438
0.126211
0.0999183
0.416996
0.662
0.354582
0.662
0.572249
0.662
0.238948
0.616131
0.662
0.31119
0.662
0.662
0.137878
0.110392
0.662
0.376662
0.662
0.179438
0.168119
0.662
0.253737
0.662
0.344044
0.352599
0.662
0.191225
0.564376
0.662
0.300097
0.662
0.070673
0.662
0.662
0.662
0.662
0.662
0.134756
0.383843
0.1904
0.276987
0.382313
0.662
0.662
0.125725
0.273414
0.225935
0.662
0.210035
0.0451359
0.115994
0.0647054
0.342003
0.662
0.662
0.30308
0.526023
0.662
0.0546839
0.662
0.260865
0.662
0.162353
0.662
0.662
0.294692
0.324772
0.274892
0.29891
0.662
0.662
0.662
0.188377
0.139787
0.326116
0.662
0.180324
0.636542
0.584055
0.662
0.00313153
0.144637
0.384912
0.662
0.662
0.662
0.259094
0.415159
0.195619
0.201596
0.140479
0.239619
0.347518
0.662
0.540725
0.662
0.470499
0.0287194
0.188535
0.662
0.662
0.662
0.662
0.662
0.0710898
0.662
0.662
0.662
0.306865
0.662
0.422836
0.180744
0.247598
0.0407257
0.537493
0.662
0.292908
0.048428
0.662
0.153804
0.109117
0.0165508
0.418663
0.248458
0.290997
0.311938
0.662
0.662
0.175002
0.630763
0.662
0.427717
0.411161
0.662
0.662
0.335581
0.245982
0.662
0.244988
0.151557
0.662
0.662
0.131245
0.455116
0.662
0.330092
0.662
0.190785
0.411294
0.280435
0.519049
0.349726
0.662
0.662
0.463008
0.207657
0.662
0.231085
0.240086
0.0817966
0.235893
0.610936
0.126623
0.137682
0.191544
0.633391
0.310139
0.662
0.662
0.225847
0.662
0.662
0.153857
0.662
0.021282
0.662
0.662
0.0482918
0.623189
0.0360877
0.662
0.251651
0.662
0.657336
0.208414
0.176712
0.638855
0.422468
0.0419957
0.265456
0.662
0.326123
0.245291
0.662
0.662
0.127453
0.293487
0.191216
0.62618
0.662
0.0348347
0.171692
0.281789
0.358946
0.0747664
0.316663
0.262146
0.662
0.189097
0.662
0.0580453
0.338426
0.318998
0.662
0.16436
0.595022
0.662
0.52619
0.662
0.204019
0.339239
0.662
0.187018
0.374932
0.471175
0.662
0.545519
0.662
0.358722
0.259924
0.141044
0.662
0.662
0.662
0.17528
0.662
0.509469
0.00287666
0.000598095
0.422114
0.662
0.662
0.662
0.192352
0.152547
0.662
0.662
0.190144
0.662
0.662
0.150579
0.527596
0.662
0.662
0.662
0.662
0.662
0.662
0.662
0.0447024
0.176522
0.402228
0.0631267
0.662
0.00196101
0.304733
0.662
0.097995
0.0320593
0.662
0.28145
0.662
0.111247
0.662
0.662
0.662
0.662
0.662
0.0322493
0.662
0.662
0.662
0.118164
0.0138835
0.662
0.277156
0.312301
0.662
0.108173
0.662
0.262749
0.317083
0.31202
0.281485
0.662
0.238814
0.237988
0.662
0.2572
0.440756
0.135315
0.246664
0.662
0.342395
0.218469
0.662
0.060614
0.40199
0.662
0.662
0.313178
0.662
0.662
0.662
0.662
0.385311
0.26746
0.302529
0.662
0.306505
0.314108
0.662
0.662
0.140575
0.44463
0.204294
0.00955932
0.522797
0.662
0.662
0.485369
0.662
0.314764
0.539465
0.405967
0.375898
0.238054
0.353795
0.220118
0.205616
0.662
0.238196
0.235472
0.662
0.662
0.198579
0.662
0.588505
0.662
0.662
0.662
0.38781
0.279336
0.662
0.035473
0.128564
0.135591
0.662
0.27986
0.0824705
0.0964473
0.25516
0.662
0.607051
0.662
0.662
0.461465
0.662
0.386206
0.662
0.662
0.662
0.460093
0.662
0.662
0.662
0.398099
0.662
0.186541
0.662
0.0159272
0.116469
0.662
0.206781
0.662
0.662
0.358803
0.300991
0.662
0.452834
0.662
0.0747673
0.500672
0.662
0.416104
0.353151
0.662
0.662
0.47032
0.662
0.0376387
0.662
0.662
0.270807
0.249244
0.662
0.662
0.184201
0.662
0.662
0.662
0.662
0.284501
0.662
0.253086
0.0428222
0.142387
0.662
0.662
0.662
0.662
0.662
0.662
0.360152
0.662
0.662
0.48609
0.329712
0.419131
0.204992
0.662
0.183776
0.337713
0.662
0.257958
0.594399
0.383728
0.301086
0.285234
0.473351
0.605573
0.662
0.590149
0.15722
0.348846
0.465641
0.307246
0.662
0.274463
0.456071
0.662
0.637269
0.173585
0.381172
0.662
0.255732
0.194642
0.253368
0.18988
0.662
0.662
0.426742
0.330384
0.662
0.160346
0.662
0.144605
0.662
0.402027
0.0282414
0.475308
0.078476
0.438124
0.395109
0.662
0.662
0.121301
0.662
0.662
0.231076
0.662
0.662
0.0658319
0.0212882
0.662
0.0497533
0.193343
0.387569
0.129438
0.123792
0.0605239
0.12143
0.217374
0.662
0.127715
0.662
0.454178
0.662
0.151551
0.662
0.662
0.237573
0.0918104
0.0474375
0.268891
0.662
0.623818
0.1932
0.222005
0.218093
0.662
0.139167
0.163834
0.662
0.135717
0.282989
0.662
0.118853
0.423494
0.164817
0.662
0.662
0.275328
0.662
0.10724
0.31637
0.0154569
0.306321
0.207335
0.572672
0.662
0.662
0.150498
0.397734
0.160419
0.662
0.662
0.347535
0.347351
0.662
0.489584
0.662
0.662
0.497553
0.181389
0.662
0.662
0.662
0.662
0.662
0.299727
0.383205
0.395219
0.662
0.662
0.662
0.169763
0.301549
0.662
0.662
0.539005
0.662
0.00277141
0.135303
0.479765
0.0158559
0.662
0.0899749
0.137017
0.419746
0.0841715
0.0475297
0.662
0.662
0.492678
0.19371
0.662
0.662
0.662
0.59159
0.113092
0.662
0.28276
0.662
0.226378
0.242811
0.0861063
0.662
0.283637
0.273263
0.662
0.356803
0.662
0.284721
0.520118
0.662
0.662
0.662
0.180084
0.409663
0.662
0.662
0.244796
0.440302
0.385995
0.406084
0.428591
0.414976
0.662
0.2341
0.197175
0.202652
0.0666703
0.662
0.320179
0.662
0.365023
0.662
0.662
0.662
0.619613
0.235905
0.279972
0.230451
0.429657
0.253749
0.584671
0.662
0.662
0.151992
0.662
0.193053
0.00631086
0.662
0.662
0.266307
0.205548
0.662
0.662
0.3221
0.570021
0.662
0.439263
0.662
0.304997
0.187826
0.662
0.0665542
0.662
0.662
0.662
0.155155
0.662
0.579036
0.662
0.662
0.662
0.247116
0.486556
0.662
0.662
0.426168
0.273536
0.229766
0.662
0.281598
0.471039
0.662
0.662
0.662
0.222752
0.207169
0.44289
0.348124
0.131851
0.235491
0.194591
0.662
0.192721
0.662
0.61736
0.194501
0.662
0.662
0.662
0.662
0.662
0.662
0.662
0.662
0.662
0.40404
0.171078
0.178511
0.662
0.305983
0.489197
0.662
0.126983
0.589949
0.662
0.662
0.662
0.662
0.662
0.315875
0.662
0.662
0.016707
0.662
0.24591
0.662
0.662
0.601234
0.662
0.278149
0.662
0.662
0.20149
0.662
0.577274
0.662
0.662
0.662
0.662
0.662
0.216054
0.224222
0.217954
0.52456
0.662
0.126158
0.654237
0.662
0.235134
0.662
0.156107
0.408825
0.2964
0.271966
0.662
0.124168
0.316348
0.662
0.662
0.163817
0.319781
0.146046
0.48355
0.451548
0.295863
0.157648
0.662
0.662
0.277028
0.315792
0.662
0.271002
0.219182
0.215689
0.662
0.662
0.662
0.172084
0.662
0.55528
0.662
0.38941
0.14107
0.449974
0.662
0.0438064
0.300327
0.230089
0.662
0.170825
0.430142
0.662
0.662
0.662
0.662
0.125122
0.282355
0.662
0.171755
0.521644
0.493084
0.662
0.0101412
0.0820169
0.662
0.508882
0.16873
0.265409
0.217892
0.662
0.206609
0.662
0.0348411
0.380552
0.662
0.662
0.662
0.662
0.662
0.662
0.349763
0.599857
0.294301
0.478312
0.527748
0.408297
0.299928
0.178881
0.427175
0.662
0.432913
0.188459
0.183019
0.662
0.633694
0.178606
0.46872
0.276298
0.662
0.190897
0.00533458
0.662
0.0552611
0.240035
0.662
0.456958
0.263899
0.662
0.662
0.117455
0.382468
0.295446
0.282494
0.662
0.662
0.221324
0.662
0.114254
0.248953
0.195135
0.662
0.0286339
0.0369604
0.555291
0.208027
0.662
0.158362
0.334241
0.220579
0.0454114
0.327664
0.247847
0.662
0.662
0.119267
0.0417841
0.662
0.295233
0.662
0.316233
0.148443
0.662
0.662
0.662
0.135176
0.25045
0.152989
0.460623
0.399545
0.662
0.662
0.662
0.291248
0.442795
0.261996
0.116585
0.196488
0.316266
0.242427
0.132183
0.142242
0.263354
0.333467
0.346747
0.662
0.662
0.662
0.293731
0.211504
0.0690547
0.662
0.250918
0.408159
0.179121
0.194264
0.662
0.456764
0.348037
0.259213
0.662
0.124828
0.662
0.662
0.219157
0.662
0.662
0.662
0.662
0.662
0.662
0.592717
0.594792
0.29665
0.300047
0.662
0.662
0.195799
0.13367
0.173631
0.155467
0.662
0.65394
0.662
0.112723
0.662
0.0289125
0.343375
0.434288
0.019966
0.662
0.55722
0.347773
0.662
0.156539
0.0970632
0.375481
0.221568
0.347409
0.662
0.662
0.357429
0.662
0.662
0.066247
0.662
0.662
0.365538
0.662
0.253775
0.662
0.662
0.662
0.14488
0.147746
0.375061
0.387554
0.458625
0.114434
0.481527
0.662
0.652357
0.321959
0.10632
0.662
0.662
0.662
0.662
0.318081
0.662
0.662
0.662
0.662
0.662
0.442063
0.662
0.662
0.395068
0.662
0.662
0.342611
0.662
0.112636
0.662
0.662
0.162016
0.662
0.662
0.36053
0.458827
0.662
0.662
0.0240339
0.0169962
0.662
0.178559
0.434458
0.662
0.0458489
0.662
0.662
0.662
0.254606
0.662
0.662
0.0636008
0.200267
0.623401
0.307345
0.497108
0.573614
0.118934
0.349736
0.662
0.202397
0.339365
0.411103
0.271284
0.662
0.358639
0.429706
0.234785
0.662
0.662
0.0548515
0.662
0.662
0.662
0.265195
0.662
0.662
0.0625112
0.466705
0.662
0.21484
0.662
0.270278
0.167634
0.306018
0.116082
0.526258
0.104847
0.662
0.0677252
0.37531
0.265661
0.336878
0.506094
0.662
0.662
0.662
0.465498
0.662
0.662
0.0743555
0.44672
0.0618047
0.294232
0.246046
0.132456
0.377787
0.662
0.662
0.18169
0.662
0.662
0.174192
0.662
0.662
0.287149
0.473762
0.662
0.264127
0.572567
0.514903
0.662
0.382012
0.0526737
0.662
0.662
0.662
0.662
0.383341
0.662
0.38081
0.468759
0.519362
0.662
0.262705
0.430506
0.62157
0.662
0.662
0.0732238
0.255611
0.0327348
0.662
0.391819
0.0157931
0.662
0.662
0.662
0.0211115
0.662
0.540647
0.385617
0.652914
0.63984
0.662
0.662
0.184263
0.662
0.662
0.315291
0.303893
0.0501638
0.662
0.29031
0.662
0.220036
0.662
0.662
0.662
0.662
0.662
0.662
0.662
0.662
0.220924
0.662
0.662
0.662
0.662
0.343349
0.631715
0.207279
0.202647
0.662
0.662
0.427897
0.194908
0.0506223
0.662
0.0389682
0.0325989
0.662
0.417682
0.440327
0.22359
0.331551
0.662
0.288833
0.104436
0.135387
0.450387
0.3895
0.191104
0.378527
0.214612
0.662
0.637415
0.193904
0.0199622
0.662
0.662
0.662
0.178026
0.662
0.662
0.662
0.662
0.415295
0.21069
0.283783
0.662
0.662
0.662
0.662
0.662
0.662
0.120384
0.377567
0.662
0.662
0.111636
0.662
0.203987
0.641466
0.1441
0.267205
0.309057
0.408554
0.207065
0.662
0.662
0.125577
0.519587
0.341502
0.242001
0.218365
0.662
0.662
0.130537
0.00679859
0.0148245
0.662
0.328421
0.662
0.662
0.662
0.662
0.662
0.225493
0.662
0.312017
0.374043
0.662
0.221312
0.243368
0.662
0.662
0.243151
0.374345
0.229228
0.300073
0.662
0.662
0.662
0.173958
0.22598
0.215813
0.004102
0.124635
0.271603
0.445244
0.662
0.662
0.428407
0.662
0.662
0.358202
0.000249825
0.0262903
0.357151
0.347122
0.662
0.206674
0.201051
0.124798
0.392991
0.19528
0.107526
0.662
0.542775
0.112396
0.662
0.232764
0.197503
0.149847
0.171199
0.662
0.236079
0.662
0.662
0.274742
0.0391982
0.0332336
0.139655
0.653654
0.662
0.531106
0.662
0.662
0.516186
0.275445
0.166665
0.270301
0.662
0.206362
0.618167
0.662
0.280446
0.104549
0.399256
0.32204
0.662
0.292183
0.662
0.662
0.662
0.0931897
0.119883
0.662
0.662
0.662
0.147171
0.294335
0.546543
0.662
0.662
0.355975
0.662
0.278126
0.231647
0.486255
0.143393
0.662
0.324393
0.662
0.662
0.27804
0.662
0.25716
0.662
0.453161
0.222695
0.662
0.662
0.521136
0.662
0.0587535
0.662
0.402822
0.406923
0.113682
0.277498
0.662
0.662
0.374155
0.662
0.662
0.384745
0.495202
0.662
0.662
0.378985
0.328199
0.233187
0.662
0.662
0.0477218
0.662
0.662
0.25526
0.0907889
0.171421
0.662
0.189723
0.474117
0.224343
0.218724
0.0215407
0.418447
0.180187
0.199691
0.253767
0.433621
0.0296475
0.662
0.662
0.471771
0.148254
0.190879
0.382695
0.320457
0.0301935
0.377384
0.136711
0.0853898
0.662
0.521457
0.662
0.365409
0.304685
0.662
0.261908
0.137154
0.377671
0.0260411
0.389545
0.226284
0.270092
0.525436
0.662
0.0240976
0.581185
0.662
0.662
0.330103
0.60459
0.0369385
0.429363
0.662
0.662
0.662
0.355632
0.265027
0.396988
0.662
0.662
0.457846
0.662
0.662
0.0970912
0.41635
0.170844
0.299295
0.156831
0.662
0.177088
0.208644
0.0920902
0.662
0.0559527
0.221299
0.662
0.662
0.662
0.662
0.662
0.216192
0.0194128
0.129057
0.01616
0.662
0.341365
0.343901
0.485949
0.662
0.10701
0.5687
0.343621
0.462054
0.224862
0.318103
0.662
0.10693
0.0620486
0.296655
0.0713872
0.662
0.662
0.662
0.183043
0.662
0.17169
0.662
0.324263
0.662
0.17835
0.0290096
0.662
0.521294
0.662
0.0437298
0.662
0.462566
0.264385
0.386925
0.196616
0.662
0.189985
0.221559
0.281676
0.662
0.459934
0.459346
0.662
0.662
0.662
0.662
0.662
0.134279
0.662
0.401626
0.662
0.497269
0.662
0.0838791
0.287429
0.662
0.662
0.099939
0.662
0.662
0.662
0.662
0.223453
0.662
0.662
0.619849
0.416512
0.662
0.351325
0.662
0.216003
0.229209
0.219422
0.328779
0.662
0.230193
0.0746666
0.662
0.347963
0.662
0.662
0.662
0.0963735
0.455755
0.322146
0.0467094
0.358736
0.445682
0.662
0.662
0.662
0.193168
0.190124
0.662
0.662
0.338041
0.662
0.277473
0.194439
0.054887
0.662
0.215208
0.662
0.662
0.662
0.191506
0.23769
0.662
0.662
0.662
0.598494
0.249941
0.458404
0.662
0.662
0.242781
0.662
0.200142
0.234065
0.362645
0.447238
0.662
0.662
0.0728229
0.662
0.662
0.235615
0.266301
0.188674
0.104189
0.662
0.578763
0.662
0.0387702
0.119138
0.662
0.662
0.662
0.00386557
0.180637
0.662
0.662
0.0944626
0.417214
0.43248
0.0756833
0.426765
0.662
0.598827
0.662
0.348184
0.132562
0.15022
0.662
0.185101
0.0690209
0.605667
0.220793
0.248801
0.662
0.662
0.662
0.662
0.662
0.351091
0.418117
0.00495874
0.364908
0.662
0.662
0.155071
0.662
0.274828
0.533993
0.662
0.0573574
0.662
0.151631
0.00257814
0.662
0.662
0.200985
0.0350779
0.405006
0.662
0.662
0.457415
0.662
0.355511
0.224013
0.157938
0.662
0.103033
0.212311
0.33072
0.662
0.455449
0.475516
0.662
0.185969
0.662
0.662
0.662
0.662
0.122061
0.23427
0.0145527
0.297478
0.250842
0.662
0.376428
0.459633
0.623997
0.193546
0.184859
0.662
0.201166
0.662
0.662
0.394603
0.662
0.457971
0.662
0.662
0.662
0.662
0.562635
0.206574
0.662
0.352578
0.662
0.463127
0.50734
0.39886
0.648419
0.504751
0.662
0.00681016
0.465246
0.662
0.27763
0.662
0.22818
0.662
0.130187
0.287974
0.662
0.633391
0.662
0.0648345
0.414592
0.508832
0.662
0.662
0.662
0.0745658
0.130854
0.310099
0.528936
0.662
0.277844
0.662
0.662
0.662
0.662
0.1227
0.0363777
0.29357
0.293279
0.662
0.46804
0.154275
0.662
0.0434644
0.662
0.58143
0.662
0.662
0.468436
0.563192
0.662
0.0448466
0.662
0.662
0.225926
0.440132
0.254681
0.204262
0.327205
0.160146
0.196616
0.16751
0.662
0.292712
0.137473
0.298601
0.662
0.662
0.558861
0.662
0.662
0.218358
0.662
0.662
0.114635
0.00316676
0.443713
0.662
0.448049
0.662
0.662
0.130115
0.662
0.662
0.331061
0.21767
0.662
0.192831
0.662
0.255941
0.662
0.272562
0.451144
0.662
0.0823624
0.324414
0.210056
0.662
0.136934
0.662
0.662
0.662
0.658107
0.662
0.431039
0.662
0.662
0.422824
0.0894897
0.305873
0.205792
0.662
0.662
0.375089
0.662
0.662
0.662
0.662
0.662
0.185194
0.011163
0.0780003
0.23192
0.662
0.660602
0.662
0.268014
0.0915934
0.238759
0.172264
0.102
0.662
0.372179
0.662
0.507241
0.662
0.146398
0.133673
0.461273
0.369546
0.171081
0.259657
0.197912
0.531162
0.336811
0.662
0.0398133
0.662
0.629763
0.144115
0.137883
0.595977
0.0807104
0.662
0.662
0.662
0.256056
0.177851
0.441183
0.662
0.235568
0.151382
0.413427
0.662
0.311894
0.662
0.183002
0.258239
0.353361
0.662
0.662
0.662
0.291507
0.662
0.662
0.351013
0.168845
0.662
0.200588
0.360877
0.0870071
0.662
0.242836
0.662
0.662
0.222645
0.199282
0.491949
0.280325
0.121216
0.374198
0.662
0.662
0.1709
0.41574
0.429987
0.149518
0.305081
0.0811905
0.439313
0.200924
0.179844
0.399463
0.0501874
0.216659
0.0773901
0.0699425
0.662
0.662
0.662
0.662
0.243836
0.446011
0.662
0.303792
0.215179
0.312046
0.662
0.662
0.138689
0.201703
0.267925
0.185686
0.662
0.311205
0.662
0.662
0.662
0.221374
0.662
0.19018
0.662
0.388059
0.240187
0.662
0.662
0.662
0.149245
0.662
0.260732
0.662
0.213912
0.437834
0.662
0.662
0.662
0.33953
0.662
0.30477
0.300894
0.662
0.662
0.0194779
0.33247
0.662
0.662
0.130956
0.259159
0.2202
0.258547
0.276784
0.4675
0.595099
0.662
0.504763
0.523419
0.389118
0.642994
0.153941
0.662
0.662
0.555919
0.195011
0.303689
0.367022
0.459855
0.164344
0.662
0.208579
0.662
0.662
0.109201
0.662
0.662
0.662
0.324644
0.472535
0.454476
0.231931
0.0285201
0.662
0.435542
0.215248
0.508538
0.662
0.00596036
0.103275
0.151329
0.612983
0.662
0.268903
0.278945
0.662
0.662
0.662
0.280155
0.662
0.244408
0.210848
0.0770302
0.227203
0.346521
0.55803
0.27955
0.139878
0.417223
0.364259
0.662
0.662
0.378368
0.155462
0.662
0.662
0.662
0.343497
0.662
0.470806
0.662
0.662
0.263855
0.662
0.191281
0.596736
0.47909
0.181242
0.662
0.662
0.174803
0.662
0.662
0.463797
0.401273
0.662
0.394201
0.0972389
0.445794
0.332317
0.377951
0.662
0.53905
0.662
0.240963
0.662
0.286201
0.0978778
0.221859
0.385039
0.221263
0.662
0.107169
0.662
0.262599
0.0403272
0.339827
0.662
0.107074
0.662
0.662
0.0600475
0.231978
0.138735
0.662
0.332299
0.409929
0.662
0.295024
0.662
0.319294
0.662
0.315528
0.197946
0.662
0.169822
0.178549
0.662
0.419591
0.662
0.120598
0.662
0.662
0.662
0.556223
0.662
0.295236
0.662
0.324898
0.089611
0.662
0.374105
0.662
0.662
0.264422
0.460583
0.433837
0.662
0.662
0.117612
0.207028
0.148126
0.227512
0.662
0.662
0.282945
0.454488
0.426118
0.263514
0.226482
0.662
0.662
0.115202
0.662
0.282353
0.226416
0.351414
0.34196
0.246784
0.662
0.321033
0.662
0.662
0.368201
0.298142
0.148815
0.662
0.662
0.197062
0.662
0.270574
0.662
0.137117
0.237571
0.662
0.136156
0.186762
0.662
0.51769
0.164767
0.361488
0.662
0.662
0.662
0.147736
0.662
0.283627
0.662
0.166947
0.329507
0.468544
0.662
0.282367
0.5303
0.565386
0.463927
0.662
0.662
0.152302
0.379557
0.662
0.662
0.250243
0.451759
0.245895
0.387928
0.662
0.319342
0.119627
0.443253
0.662
0.662
0.0889351
0.565473
0.662
0.662
0.437701
0.0293628
0.662
0.662
0.240301
0.662
0.662
0.662
0.662
0.300986
0.434988
0.662
0.149638
0.294835
0.292709
0.123017
0.662
0.196518
0.662
0.355178
0.138091
0.447905
0.170924
0.662
0.35087
0.662
0.662
0.662
0.145255
0.662
0.20902
0.0825687
0.662
0.420194
0.358577
0.662
0.662
0.227719
0.662
0.662
0.246556
0.0426082
0.309766
0.662
0.197586
0.323504
0.332633
0.662
0.662
0.662
0.662
0.662
0.662
0.662
0.662
0.662
0.203527
0.662
0.364832
0.662
0.192118
0.662
0.509247
0.170598
0.662
0.391077
0.662
0.662
0.330813
0.295061
0.445547
0.0303996
0.181573
0.246289
0.0744215
0.291544
0.19244
0.294152
0.643212
0.247885
0.662
0.343516
0.662
0.0244208
0.0436715
0.00792217
0.341939
0.504527
0.662
0.08375
0.662
0.662
0.662
0.125519
0.662
0.662
0.228511
0.0940302
0.662
0.30964
0.411823
0.102716
0.662
0.463213
0.662
0.242675
0.662
0.345845
0.261584
0.352088
0.0310639
0.460614
0.662
0.662
0.569048
0.205369
0.662
0.662
0.173092
0.662
0.61759
0.190666
0.435037
0.0874043
0.662
0.0248931
0.38265
0.21647
0.662
0.0139966
0.662
0.662
0.176754
0.291961
0.212741
0.203944
0.0696866
0.434231
0.180678
0.0343688
0.425693
0.299544
0.172743
0.662
0.441373
0.662
0.662
0.662
0.461776
0.662
0.26169
0.401105
0.615378
0.559618
0.0284168
0.662
0.662
0.0792067
0.235985
0.662
0.360854
0.662
0.354615
0.208901
0.662
0.461869
0.662
0.221258
0.406357
0.633391
0.463239
0.662
0.21423
0.274815
0.662
0.277892
0.662
0.0953577
0.662
0.290001
0.662
0.662
0.662
0.662
0.662
0.212938
0.236049
0.662
0.339539
0.541621
0.662
0.662
0.662
0.0865037
0.129871
0.227428
0.520693
0.662
0.364999
0.250201
0.171287
0.662
0.662
0.61652
0.662
0.310988
0.018277
0.341543
0.240425
0.0680637
0.0826714
0.494465
0.415833
0.42589
0.265194
0.61591
0.662
0.10373
0.186432
0.329359
0.662
0.662
0.452196
0.2449
0.241146
0.430307
0.662
0.187307
0.662
0.662
0.200119
0.583973
0.0531347
0.28928
0.636483
0.662
0.301489
0.662
0.365932
0.662
0.0723988
0.0641108
0.662
0.662
0.662
0.080041
0.662
0.643992
0.642336
0.662
0.662
0.662
0.430396
0.662
0.662
0.0186862
0.28323
0.16915
0.435197
0.388986
0.662
0.662
0.335378
0.662
0.0212074
0.222846
0.662
0.0118181
0.662
0.283554
0.662
0.392519
0.662
0.0978807
0.492191
0.315261
0.662
0.258618
0.43894
0.511158
0.662
0.477871
0.422729
0.324158
0.321342
0.662
0.120153
0.466717
0.398713
0.662
0.219491
0.415022
0.662
0.139771
0.489594
0.00306378
0.662
0.662
0.635703
0.662
0.662
0.662
0.334499
0.562158
0.317426
0.261761
0.000282797
0.182084
0.662
0.658942
0.662
0.662
0.662
0.662
0.220324
0.161331
0.662
0.457484
0.102831
0.196115
0.0694451
0.436142
0.662
0.498338
0.366392
0.662
0.662
0.662
0.662
0.391309
0.662
0.469479
0.662
0.662
0.14871
0.410832
0.662
0.662
0.419412
0.662
0.662
0.396819
0.248806
0.5129
0.474641
0.662
0.662
0.486693
0.0601341
0.662
0.116822
0.357117
0.662
0.393704
0.662
0.448335
0.662
0.662
0.338868
0.662
0.662
0.662
0.662
0.328072
0.662
0.662
0.356991
0.662
0.662
0.151437
0.0108943
0.18499
0.39384
0.662
0.224189
0.560018
0.63339
0.442877
0.213656
0.402107
0.469232
0.662
0.581994
0.662
0.312365
0.662
0.238168
0.402221
0.398976
0.662
0.0271577
0.662
0.40831
0.662
0.662
0.0454332
0.662
0.081897
0.287628
0.662
0.662
0.662
0.662
0.315668
0.387921
0.241012
0.392904
0.532293
0.384659
0.662
0.662
0.303072
0.314534
0.662
0.662
0.103417
0.348782
0.662
0.662
0.280209
0.306361
0.182173
0.662
0.194768
0.227239
0.662
0.662
0.662
0.171611
0.293258
0.293994
0.208423
0.323145
0.662
0.224899
0.172476
0.330607
0.537489
0.662
0.169979
0.662
0.526047
0.199345
0.662
0.358979
0.662
0.147036
0.662
0.287997
0.662
0.662
0.246261
0.155946
0.149198
0.0684743
0.47461
0.278694
0.409482
0.662
0.202225
0.662
0.238193
0.662
0.493202
0.662
0.272202
0.512911
0.662
0.139298
0.45408
0.0955804
0.662
0.0021615
0.662
0.0858239
0.662
0.662
0.662
0.414082
0.0443766
0.244097
0.474223
0.188906
0.249332
0.662
0.577537
0.330841
0.662
0.427
0.662
0.662
0.0365627
0.662
0.0892479
0.0460542
0.355349
0.279359
0.662
0.337706
0.249223
0.207109
0.662
0.203879
0.662
0.662
0.0134269
0.0488916
0.662
0.662
0.564542
0.662
0.195881
0.0592477
0.19038
0.662
0.366716
0.109937
0.662
0.220961
0.662
0.300476
0.662
0.662
0.453903
0.662
0.662
0.662
0.662
0.587518
0.662
0.662
0.391582
0.135727
0.662
0.662
0.440516
0.134237
0.423441
0.662
0.110145
0.156198
0.662
0.662
0.0974004
0.662
0.662
0.262433
0.289643
0.376065
0.662
0.662
0.221422
0.0582545
0.402813
0.443101
0.662
0.662
0.391453
0.190554
0.331786
0.662
0.662
0.662
0.662
0.273083
0.662
0.223586
0.142171
0.526851
0.417092
0.662
0.662
0.462069
0.662
0.227082
0.0666834
0.428724
0.662
0.0829936
0.490878
0.662
0.0420861
0.0136093
0.662
0.38884
0.0592937
0.206622
0.662
0.662
0.547336
0.442475
0.662
0.537653
0.662
0.336458
0.662
0.25362
0.662
0.662
0.287853
0.505478
0.112738
0.0741028
0.629635
0.662
0.333101
0.207584
0.229133
0.480207
0.662
0.662
0.486264
0.662
0.292122
0.502557
0.662
0.00757663
0.662
0.662
0.662
0.662
0.662
0.662
0.225531
0.662
0.452068
0.0827019
0.443717
0.662
0.113137
0.408837
0.662
0.662
0.408804
0.0552815
0.0691371
0.352046
0.0548985
0.32826
0.419866
0.662
0.662
0.0882445
0.662
0.111616
0.235676
0.228647
0.662
0.219712
0.541389
0.00981778
0.239078
0.29788
0.662
0.199259
0.228326
0.651968
0.262527
0.558582
0.662
0.587076
0.315682
0.129624
0.397073
0.395421
0.223504
0.662
0.149174
0.161209
0.540489
0.662
0.662
0.103277
0.188019
0.662
0.662
0.0911827
0.662
0.178232
0.35783
0.0984933
0.19727
0.295017
0.291907
0.662
0.0309773
0.662
0.42643
0.662
0.662
0.662
0.129742
0.662
0.27618
0.0445573
0.481271
0.662
0.00622093
0.0222057
0.662
0.662
0.219003
0.662
0.279118
0.662
0.388184
0.108831
0.430344
0.639066
0.40992
0.22561
0.662
0.662
0.461843
0.606432
0.200271
0.381196
0.157393
0.662
0.662
0.662
0.429849
0.662
0.292264
0.662
0.662
0.662
0.662
0.197903
0.460428
0.662
0.662
0.283476
0.396969
0.662
0.407226
0.197998
0.389292
0.662
0.662
0.177735
0.2367
0.662
0.662
0.662
0.662
0.662
0.662
0.662
0.386289
0.662
0.257451
0.464322
0.662
0.233045
0.662
0.6506
0.28459
0.662
0.489895
0.662
0.662
0.273262
0.265759
0.662
0.0241834
0.662
0.0309892
0.662
0.662
0.662
0.168811
0.662
0.662
0.662
0.400174
0.662
0.214166
0.662
0.0341633
0.58851
0.662
0.107326
0.307397
0.326688
0.11832
0.258869
0.553868
0.492742
0.357952
0.155726
0.463926
0.193489
0.343418
0.662
0.300836
0.273119
0.0743179
0.662
0.662
0.662
0.662
0.0181414
0.0700964
0.662
0.609666
0.0975741
0.177094
0.233915
0.662
0.452047
0.662
0.129548
0.220047
0.542848
0.125556
0.662
0.0257001
0.180237
0.662
0.662
0.132701
0.662
0.662
0.416858
0.347667
0.662
0.662
0.428743
0.11613
0.289663
0.470487
0.662
0.662
0.662
0.662
0.395838
0.533828
0.256442
0.318954
0.556214
0.662
0.287823
0.0937592
0.213556
0.227045
0.138475
0.662
0.0316484
0.662
0.103207
0.662
0.320674
0.0301795
0.662
0.662
0.131865
0.294249
0.568439
0.482296
0.662
0.662
0.199248
0.662
0.221025
0.222824
0.662
0.662
0.189024
0.634572
0.269501
0.239715
0.662
0.662
0.184514
0.662
0.662
0.662
0.662
0.265027
0.603717
0.0312098
0.243009
0.351657
0.662
0.19897
0.662
0.286341
0.662
0.432453
0.551066
0.662
0.662
0.0569369
0.574132
0.662
0.662
0.0192381
0.122958
0.127067
0.662
0.266342
0.662
0.662
0.662
0.662
0.132054
0.662
0.3186
0.662
0.2748
0.662
0.662
0.662
0.277094
0.452823
0.662
0.662
0.00167176
0.466131
0.615313
0.335322
0.377101
0.220224
0.00982462
0.662
0.357859
0.0277811
0.662
0.662
0.090111
0.0143867
0.21089
0.662
0.662
0.202075
0.164756
0.662
0.00294435
0.237033
0.303882
0.314133
0.662
0.662
0.500935
0.211801
0.662
0.457729
0.662
0.662
0.1538
0.662
0.217524
0.282063
0.662
0.662
0.662
0.13119
0.143288
0.45661
0.0681671
0.530705
0.662
0.0234525
0.251991
0.0759463
0.662
0.341569
0.268625
0.170848
0.662
0.0767329
0.662
0.662
0.38209
0.516713
0.662
0.0977828
0.116843
0.662
0.37746
0.662
0.442089
0.0858909
0.662
0.217478
0.662
0.157099
0.662
0.662
0.662
0.662
0.262366
0.214494
0.0707094
0.255762
0.317557
0.662
0.105138
0.269962
0.192462
0.14556
0.662
0.662
0.662
0.44336
0.662
0.662
0.662
0.662
0.170048
0.662
0.662
0.662
0.246444
0.0759996
0.473324
0.662
0.302666
0.662
0.662
0.0826839
0.450165
0.0400969
0.662
0.497969
0.232563
0.662
0.662
0.3036
0.662
0.662
0.300253
0.213692
0.435346
0.37778
0.366932
0.165323
0.383036
0.214858
0.246044
0.662
0.504215
0.58588
0.662
0.662
0.662
0.662
0.051553
0.662
0.186471
0.662
0.193095
0.662
0.0557117
0.322859
0.662
0.662
0.662
0.662
0.518877
0.662
0.598872
0.400709
0.662
0.662
0.236608
0.662
0.025406
0.127958
0.662
0.662
0.662
0.662
0.0371824
0.248059
0.662
0.108353
0.662
0.430728
0.45738
0.0973536
0.219803
0.662
0.460435
0.662
0.342363
0.23345
0.110105
0.271148
0.530045
0.662
0.662
0.662
0.662
0.30129
0.0904058
0.140983
0.47019
0.662
0.0408281
0.662
0.662
0.479796
0.443055
0.112371
0.0348565
0.496386
0.0418084
0.662
0.450753
0.662
0.614455
0.41304
0.322839
0.662
0.118957
0.239595
0.662
0.662
0.0668037
0.0825784
0.362604
0.184371
0.395911
0.662
0.473402
0.365741
0.662
0.436723
0.229266
0.251626
0.515462
0.318646
0.662
0.436783
0.662
0.662
0.239941
0.221671
0.390186
0.289098
0.0262622
0.662
0.662
0.662
0.271245
0.662
0.336278
0.303351
0.662
0.275944
0.63339
0.662
0.361121
0.341944
0.662
0.662
0.662
0.662
0.627723
0.360731
0.310249
0.662
0.662
0.510844
0.096144
0.317744
0.662
0.092841
0.450524
0.662
0.662
0.491095
0.217565
0.39033
0.662
0.353859
0.662
0.662
0.662
0.662
0.219898
0.662
0.284405
0.35653
0.353511
0.662
0.19001
0.318768
0.662
0.16157
0.662
0.662
0.463025
0.662
0.662
0.662
0.32319
0.262713
0.000862846
0.662
0.174995
0.492374
0.662
0.662
0.662
0.662
0.21954
0.393046
0.190587
0.170764
0.362107
0.133962
0.662
0.394211
0.173963
0.310606
0.296147
0.0493091
0.395483
0.662
0.41348
0.662
0.34143
0.442825
0.354916
0.329282
0.566106
0.662
0.213074
0.154374
0.218414
0.364893
0.398653
0.290596
0.662
0.662
0.0780731
0.662
0.662
0.662
0.662
0.337747
0.395502
0.172858
0.45676
0.154592
0.271499
0.49068
0.183255
0.151487
0.662
0.333539
0.245418
0.243124
0.30895
0.17205
0.288923
0.662
0.631216
0.297727
0.112037
0.0203564
0.327216
0.468281
0.662
0.662
0.224974
0.100967
0.242729
0.662
0.662
0.662
0.135829
0.0936453
0.473299
0.120376
0.662
0.226972
0.662
0.235889
0.662
0.468857
0.662
0.662
0.662
0.164459
0.662
0.662
0.293646
0.662
0.372538
0.662
0.662
0.662
0.506269
0.662
0.109807
0.662
0.662
0.662
0.662
0.189096
0.407537
0.662
0.561991
0.662
0.116062
0.285267
0.662
0.494737
0.190462
0.662
0.223219
0.18913
0.216218
0.207273
0.201336
0.341858
0.3995
0.236338
0.662
0.662
0.215531
0.0749166
0.662
0.238726
0.662
0.662
0.662
0.657023
0.149378
0.662
0.0265409
0.207298
0.187971
0.662
0.470819
0.0539755
0.262622
0.662
0.271099
0.175805
0.662
0.662
0.336269
0.579676
0.662
0.0278586
0.662
0.281129
0.248358
0.285874
0.225983
0.662
0.434252
0.662
0.0887111
0.392207
0.0351542
0.250205
0.269191
0.119551
0.662
0.662
0.176121
0.662
0.662
0.63298
0.662
0.200039
0.508761
0.662
0.271815
0.662
0.662
0.662
0.662
0.3923
0.662
0.662
0.241497
0.0895033
0.329301
0.662
0.130806
0.137989
0.411846
0.662
0.053016
0.662
0.323254
0.662
0.238194
0.662
0.662
0.662
0.269226
0.512599
0.592644
0.186798
0.229697
0.258118
0.21249
0.412349
0.462186
0.662
0.662
0.131816
0.662
0.0457593
0.662
0.662
0.662
0.505505
0.662
0.575858
0.662
0.144104
0.416674
0.242577
0.221626
0.452515
0.358914
0.662
0.228449
0.188295
0.270302
0.415223
0.24475
0.662
0.662
0.662
0.662
0.662
0.662
0.0845619
0.662
0.662
0.662
0.227508
0.55761
0.662
0.258861
0.227699
0.456376
0.662
0.153168
0.319066
0.0258291
0.179078
0.214483
0.662
0.662
0.386838
0.662
0.662
0.168115
0.404432
0.662
0.662
0.307257
0.178681
0.444943
0.662
0.662
0.231052
0.0618399
0.121774
0.318252
0.469372
0.662
0.145483
0.207902
0.662
0.662
0.662
0.567059
0.662
0.203758
0.662
0.662
0.529123
0.000318695
0.408011
0.178346
0.118416
0.589802
0.662
0.662
0.450452
0.067407
0.113373
0.662
0.535393
0.662
0.662
0.123787
0.121079
0.662
0.352698
0.331026
0.305716
0.158463
0.662
0.20331
0.662
0.662
0.533052
0.662
0.662
0.0800911
0.458756
0.238781
0.0781253
0.410912
0.470961
0.0326315
0.370182
0.459369
0.662
0.662
0.334276
0.408241
0.27946
0.442913
0.223329
0.662
0.662
0.626201
0.662
0.235329
0.114932
0.230292
0.662
0.403006
0.662
0.169553
0.662
0.662
0.149392
0.493021
0.177914
0.662
0.662
0.662
0.662
0.451198
0.206622
0.662
0.425043
0.234928
0.0300093
0.662
0.662
0.502368
0.662
0.202072
0.263936
0.429723
0.662
0.662
0.662
0.662
0.249613
0.223663
0.662
0.662
0.279592
0.228402
0.662
0.450702
0.436093
0.662
0.195204
0.662
0.474386
0.195458
0.356083
0.558089
0.258235
0.519133
0.662
0.662
0.252694
0.662
0.662
0.662
0.643377
0.117207
0.0812866
0.483999
0.385446
0.626083
0.319687
0.662
0.431649
0.662
0.119047
0.486683
0.372318
0.469404
0.269019
0.662
0.243751
0.290451
0.0570679
0.426953
0.360964
0.185644
0.341135
0.444422
0.662
0.44786
0.583364
0.662
0.662
0.662
0.265083
0.000113469
0.371472
0.248445
0.420769
0.296508
0.422072
0.662
0.662
0.216026
0.531378
0.317155
0.204948
0.662
0.662
0.662
0.433054
0.618423
0.0957327
0.662
0.502558
0.0261384
0.093788
0.400214
0.662
0.662
0.114417
0.442382
0.570328
0.0943312
0.0682123
0.662
0.662
0.140988
0.151308
0.662
0.24299
0.662
0.662
0.419493
0.662
0.506109
0.139734
0.124649
0.187868
0.0748331
0.662
0.433777
0.662
0.662
0.283279
0.16683
0.662
0.662
0.662
0.599042
0.358898
0.662
0.267295
0.234727
0.210956
0.0768497
0.0491239
0.662
0.662
0.168047
0.662
0.662
0.51002
0.128985
0.194218
0.237117
0.662
0.128343
0.662
0.662
0.492343
0.662
0.662
0.662
0.374843
0.349102
0.662
0.662
0.662
0.662
0.485293
0.0683343
0.273242
0.435158
0.272138
0.464637
0.244609
0.248969
0.606445
0.247078
0.183698
0.394473
0.662
0.0977822
0.34707
0.201185
0.662
0.662
0.263985
0.662
0.662
0.662
0.16952
0.610176
0.287019
0.383174
0.662
0.662
0.217469
0.662
0.256468
0.486574
0.662
0.662
0.662
0.662
0.662
0.104944
0.662
0.662
0.276016
0.662
0.662
0.662
0.662
0.0559924
0.365016
0.0176909
0.662
0.662
0.662
0.539889
0.553856
0.599827
0.0462138
0.403894
0.268306
0.662
0.662
0.662
0.240697
0.438151
0.361555
0.144133
0.125583
0.662
0.282615
0.662
0.662
0.0603243
0.431987
0.662
0.447869
0.662
0.449919
0.201406
0.662
0.0173165
0.662
0.662
0.662
0.662
0.652046
0.437074
0.439456
0.00211388
0.227787
0.393926
0.662
0.0853431
0.242628
0.662
0.662
0.662
0.468671
0.662
0.382957
0.662
0.428881
0.136245
0.662
0.550691
0.110058
0.662
0.0528898
0.662
0.662
0.662
0.662
0.662
0.341832
0.662
0.399293
0.249185
0.275594
0.209242
0.293768
0.662
0.662
0.662
0.662
0.363632
0.448728
0.662
0.160237
0.227737
0.199681
0.662
0.312011
0.0548555
0.656429
0.225294
0.204249
0.662
0.22872
0.324497
0.504074
0.1393
0.197061
0.662
0.662
0.662
0.176087
0.0802558
0.662
0.662
0.662
0.662
0.662
0.203045
0.42149
0.244584
0.273541
0.662
0.662
0.662
0.662
0.192049
0.456896
0.318058
0.203798
0.0850105
0.662
0.0300671
0.00341254
0.202581
0.463092
0.397135
0.262597
0.391428
0.222171
0.0563419
0.662
0.294053
0.662
0.662
0.161131
0.662
0.127078
0.136626
0.662
0.0638121
0.170038
0.348927
0.662
0.501546
0.447466
0.0239392
0.644834
0.662
0.0213086
0.662
0.662
0.0970768
0.224878
0.193701
0.34466
0.462766
0.527662
0.662
0.662
0.445838
0.662
0.662
0.662
0.662
0.662
0.662
0.662
0.259634
0.53602
0.0822516
0.26536
0.558935
0.662
0.662
0.662
0.662
0.662
0.662
0.163326
0.25673
0.378444
0.662
0.369844
0.259166
0.624588
0.662
0.214231
0.255902
0.662
0.662
0.662
0.479389
0.0861033
0.563152
0.276863
0.662
0.662
0.0138724
0.111144
0.445781
0.359692
0.228401
0.662
0.0740156
0.264578
0.662
0.10164
0.662
0.662
0.662
0.662
0.27918
0.424251
0.0356052
0.190185
0.202278
0.123267
0.278364
0.662
0.662
0.662
0.147521
0.662
0.279927
0.38145
0.204899
0.121727
0.133691
0.140503
0.662
0.345504
0.662
0.195451
0.662
0.662
0.299719
0.233704
0.157946
0.240134
0.662
0.321812
0.494533
0.662
0.662
0.662
0.126089
0.624945
0.230034
0.19876
0.36825
0.106971
0.433332
0.662
0.0598322
0.156813
0.662
0.662
0.211643
0.662
0.662
0.0380291
0.662
0.662
0.662
0.196558
0.161617
0.662
0.291979
0.404051
0.0681844
0.662
0.0617061
0.662
0.662
0.347736
0.137232
0.662
0.662
0.662
0.413773
0.203697
0.276565
0.448454
0.387057
0.662
0.378035
0.304054
0.662
0.662
0.662
0.662
0.15017
0.662
0.063144
0.662
0.110459
0.662
0.662
0.425687
0.662
0.662
0.662
0.327612
0.420912
0.0682245
0.662
0.662
0.316508
0.662
0.662
0.554166
0.662
0.092615
0.281543
0.184702
0.117536
0.662
0.238388
0.662
0.662
0.662
0.662
0.662
0.0219737
0.210227
0.662
0.662
0.474108
0.16703
0.414551
0.662
0.662
0.279382
0.274827
0.296707
0.293916
0.662
0.472784
0.662
0.302832
0.0345228
0.477155
0.402301
0.134944
0.662
0.662
0.108906
0.662
0.343321
0.106065
0.662
0.662
0.662
0.662
0.662
0.662
0.471626
0.662
0.352831
0.207028
0.147248
0.00109614
0.662
0.662
0.662
0.662
0.333483
0.232314
0.596453
0.341434
0.00750118
0.229899
0.250383
0.662
0.662
0.662
0.610301
0.0771586
0.109441
0.24618
0.188734
0.108406
0.573457
0.165285
0.662
0.662
0.290197
0.662
0.0373266
0.103966
0.628278
0.662
0.204192
0.314609
0.138381
0.662
0.189909
0.662
0.662
0.270167
0.662
0.172256
0.0794414
0.233405
0.662
0.662
0.662
0.369888
0.430859
0.158538
0.662
0.662
0.662
0.662
0.662
0.483215
0.345146
0.662
0.662
0.531668
0.662
0.617847
0.662
0.0848756
0.662
0.662
0.662
0.424182
0.464377
0.662
0.469569
0.662
0.662
0.662
0.662
0.662
0.278711
0.662
0.483091
0.319938
0.662
0.662
0.156174
0.165018
0.662
0.150462
0.4284
0.662
0.209106
0.662
0.662
0.430873
0.465928
0.662
0.662
0.662
0.329832
0.662
0.0812456
0.0542409
0.4561
0.662
0.305573
0.662
0.386981
0.369166
0.662
0.111039
0.329076
0.662
0.208839
0.662
0.662
0.402266
0.662
0.662
0.662
0.244303
0.662
0.198211
0.158954
0.210362
0.391405
0.123311
0.431649
0.395661
0.662
0.126594
0.462936
0.189482
0.255062
0.662
0.662
0.662
0.662
0.395392
0.470377
0.662
0.662
0.100309
0.319699
0.662
0.662
0.662
0.32178
0.662
0.662
0.662
0.201895
0.662
0.662
0.564824
0.348875
0.662
0.253815
0.662
0.662
0.662
0.504171
0.166451
0.662
0.224943
0.474892
0.662
0.662
0.194077
0.311488
0.662
0.543898
0.662
0.662
0.158913
0.240779
0.662
0.662
0.393434
0.241943
0.336056
0.290275
0.281172
0.56374
0.39755
0.662
0.662
0.419487
0.041238
0.307828
0.662
0.224448
0.662
0.662
0.662
0.662
0.396171
0.662
0.363903
0.662
0.662
0.13053
0.13441
0.193997
0.662
0.158891
0.214355
0.662
0.221003
0.408628
0.662
0.662
0.0540975
0.662
0.368557
0.454128
0.0964005
0.0366457
0.317049
0.260098
0.662
0.662
0.640277
0.36175
0.662
0.280437
0.662
0.662
0.460014
0.30027
0.230139
0.662
0.422294
0.662
0.662
0.662
0.235173
0.591637
0.221782
0.160109
0.495006
0.0494088
0.662
0.212008
0.162174
0.246726
0.662
0.374564
0.662
0.393786
0.662
0.0685209
0.662
0.662
0.193174
0.662
0.662
0.622185
0.268566
0.662
0.662
0.341957
0.662
0.662
0.0661104
0.662
0.0908831
0.33181
0.165148
0.171224
0.563619
0.550157
0.236006
0.328414
0.662
0.166306
0.616939
0.169053
0.0594616
0.619254
0.650933
0.00249849
0.448796
0.0600074
0.346772
0.662
0.662
0.46428
0.383923
0.2959
0.503498
0.662
0.0337681
0.230202
0.662
0.662
0.662
0.226324
0.432807
0.452911
0.662
0.212856
0.662
0.22811
0.662
0.662
0.295191
0.361679
0.662
0.190837
0.218294
0.432469
0.162954
0.466187
0.285461
0.662
0.662
0.662
0.412777
0.223715
0.577893
0.662
0.662
0.453896
0.161062
0.662
0.662
0.309105
0.318098
0.662
0.662
0.0932385
0.624788
0.166742
0.662
0.601969
0.277889
0.662
0.662
0.510566
0.662
0.662
0.330594
0.258007
0.662
0.321411
0.144846
0.440628
0.662
0.064948
0.0174559
0.38156
0.183105
0.662
0.0251377
0.662
0.0922909
0.662
0.115613
0.0499487
0.662
0.462285
0.517601
0.206439
0.252747
0.111397
0.489394
0.156781
0.662
0.247518
0.662
0.159088
0.232623
0.306164
0.662
0.490057
0.662
0.174179
0.662
0.595227
0.413081
0.662
0.247949
0.043943
0.146612
0.0519105
0.0663026
0.133122
0.662
0.456275
0.00865416
0.196293
0.662
0.631678
0.662
0.286582
0.662
0.662
0.156561
0.27873
0.14014
0.402979
0.451023
0.662
0.0607314
0.401953
0.17908
0.193812
0.167118
0.0924829
0.269367
0.0975795
0.198367
0.385619
0.112021
0.265957
0.296513
0.662
0.394918
0.340513
0.662
0.662
0.364446
0.140643
0.39198
0.000664861
0.462601
0.236814
0.189486
0.339907
0.662
0.389096
0.116643
0.233073
0.204212
0.396894
0.662
0.662
0.662
0.662
0.0951066
0.662
0.219481
0.100762
0.345073
0.248965
0.0837708
0.662
0.0315037
0.429153
0.115448
0.373285
0.662
0.0806855
0.662
0.347076
0.217988
0.306986
0.662
0.331059
0.662
0.107352
0.662
0.171077
0.162702
0.662
0.359188
0.453514
0.219162
0.0784579
0.364322
0.662
0.662
0.146128
0.153056
0.107975
0.662
0.197476
0.662
0.662
0.662
0.349887
0.515671
0.235088
0.195629
0.246158
0.133841
0.151374
0.567292
0.144647
0.662
0.662
0.223015
0.662
0.662
0.221739
0.0734829
0.150448
0.662
0.344527
0.662
0.662
0.650427
0.662
0.236746
0.662
0.662
0.662
0.662
0.662
0.662
0.662
0.662
0.188098
0.319377
0.662
0.662
0.662
0.662
0.319528
0.391558
0.249939
0.662
0.284003
0.225774
0.0841579
0.662
0.204345
0.662
0.662
0.662
0.0873985
0.474554
0.137026
0.324707
0.275297
0.0709734
0.662
0.154487
0.297055
0.662
0.0244896
0.662
0.433723
0.591247
0.278262
0.214056
0.0613993
0.662
0.371821
0.662
0.47011
0.662
0.662
0.445969
0.013216
0.662
0.662
0.662
0.480878
0.662
0.137141
0.449004
0.524946
0.18524
0.418147
0.662
0.662
0.226801
0.452524
0.369197
0.0351024
0.592279
0.0723567
0.662
0.164709
0.662
0.662
0.662
0.662
0.265876
0.159712
0.662
0.162186
0.302023
0.39555
0.662
0.458905
0.0362958
0.436876
0.662
0.327787
0.279871
0.662
0.662
0.191802
0.388493
0.443652
0.146833
0.662
0.326179
0.231446
0.417363
0.662
0.00739585
0.0140743
0.662
0.433571
0.205949
0.662
0.230218
0.662
0.0483214
0.273133
0.237427
0.328795
0.662
0.501577
0.261769
0.278669
0.370123
0.133024
0.152231
0.662
0.138589
0.662
0.117673
0.405799
0.662
0.629763
0.151845
0.226118
0.457934
0.662
0.450263
0.0419424
0.433328
0.196083
0.633694
0.0580608
0.429927
0.488226
0.662
0.0711337
0.153543
0.662
0.255192
0.116688
0.0662787
0.662
0.662
0.306146
0.0766666
0.662
0.461149
0.662
0.662
0.141924
0.369926
0.662
0.193411
0.461801
0.662
0.662
0.249426
0.0546504
0.33399
0.222293
0.662
0.37951
0.662
0.64511
0.35372
0.662
0.662
0.662
0.00843405
0.238479
0.104982
0.600605
0.290014
0.662
0.014907
0.262216
0.276714
0.332023
0.146156
0.295114
0.291559
0.161895
0.190452
0.105723
0.662
0.662
0.662
0.662
0.0797465
0.288153
0.136017
0.662
0.290803
0.409569
0.202412
0.662
0.0686888
0.662
0.345144
0.00693151
0.333781
0.649726
0.662
0.640814
0.662
0.662
0.0618534
0.662
0.261687
0.0354549
0.469914
0.294611
0.293999
0.548172
0.320304
0.491616
0.662
0.224566
0.134113
0.42421
0.662
0.327711
0.239695
0.526461
0.287041
0.662
0.662
0.449905
0.177407
0.185823
0.367387
0.662
0.208337
0.0273907
0.0100101
0.257158
0.662
0.662
0.170111
0.498566
0.453142
0.515135
0.62426
0.0466144
0.662
0.662
0.658389
0.0950852
0.662
0.119725
0.304304
0.192829
0.442918
0.225188
0.388373
0.314748
0.662
0.662
0.215482
0.662
0.104564
0.662
0.314925
0.662
0.176058
0.0847609
0.288003
0.662
0.205935
0.662
0.662
0.662
0.207485
0.220416
0.208561
0.467691
0.662
0.417211
0.193745
0.0514125
0.200272
0.254685
0.662
0.662
0.662
0.377516
0.193295
0.0121493
0.189159
0.239071
0.14846
0.337668
0.00759292
0.404975
0.387847
0.662
0.662
0.662
0.194811
0.433035
0.392589
0.662
0.662
0.662
0.174574
0.223614
0.447255
0.461457
0.31713
0.662
0.662
0.662
0.662
0.662
0.128841
0.501957
0.662
0.190129
0.294669
0.312548
0.333233
0.2506
0.224992
0.319493
0.184698
0.598834
0.662
0.185219
0.276449
0.176155
0.339965
0.662
0.117978
0.662
0.465562
0.467976
0.398501
0.662
0.123605
0.662
0.170418
0.261838
0.662
0.285803
0.164952
0.165208
0.292562
0.207177
0.446435
0.4408
0.220441
0.662
0.436472
0.425395
0.0681299
0.662
0.60844
0.24879
0.335194
0.662
0.662
0.223364
0.346797
0.662
0.662
0.181897
0.159486
0.662
0.474307
0.662
0.323703
0.662
0.452568
0.662
0.338421
0.662
0.662
0.662
0.143426
0.110207
0.43922
0.662
0.662
0.662
0.662
0.662
0.529457
0.390399
0.219559
0.662
0.321946
0.662
0.662
0.442592
0.662
0.662
0.662
0.119473
0.305064
0.508105
0.2214
0.120402
0.145317
0.514283
0.224617
0.212273
0.192791
0.128287
0.213945
0.662
0.662
0.662
0.565323
0.354361
0.227568
0.44965
0.662
0.131474
0.245572
0.154649
0.662
0.514747
0.293372
0.248064
0.338872
0.226726
0.662
0.0968215
0.447951
0.662
0.174887
0.0456673
0.183944
0.352757
0.428173
0.0679412
0.662
0.150303
0.662
0.454226
0.662
0.198231
0.217373
0.662
0.662
0.0754723
0.662
0.225141
0.200104
0.202763
0.257844
0.259479
0.662
0.20599
0.307363
0.328715
0.662
0.662
0.091833
0.662
0.012537
0.649167
0.289823
0.289156
0.300615
0.0919902
0.281726
0.237721
0.551538
0.662
0.0855976
0.662
0.662
0.160492
0.662
0.634291
0.25689
0.405082
0.662
0.662
0.00452036
0.101753
0.243488
0.662
0.509327
0.662
0.167654
0.662
0.0509283
0.00707547
0.662
0.267349
0.662
0.475789
0.197585
0.662
0.662
0.353597
0.662
0.209799
0.0203521
0.662
0.0603921
0.186823
0.235203
0.662
0.662
0.156756
0.662
0.16599
0.33032
0.359675
0.124556
0.134227
0.246846
0.350146
0.662
0.34772
0.662
0.305883
0.662
0.54672
0.284245
0.662
0.662
0.342811
0.0505114
0.222534
0.662
0.662
0.491877
0.662
0.662
0.662
0.662
0.556241
0.362546
0.662
0.662
0.145195
0.662
0.656975
0.0248811
0.662
0.0548088
0.662
0.662
0.249465
0.647609
0.150398
0.149234
0.120543
0.662
0.0965352
0.218287
0.662
0.662
0.0738302
0.379148
0.422752
0.0142369
0.662
0.662
0.662
0.662
0.281544
0.258052
0.662
0.662
0.22754
0.662
0.107274
0.419007
0.19403
0.662
0.662
0.662
0.468689
0.662
0.662
0.662
0.662
0.171176
0.662
0.662
0.662
0.662
0.662
0.662
0.662
0.662
0.629763
0.00137992
0.493972
0.408989
0.442684
0.662
0.662
0.225527
0.486598
0.357015
0.337932
0.662
0.662
0.662
0.0218575
0.477711
0.0941396
0.662
0.662
0.662
0.662
0.42044
0.133436
0.0431727
0.662
0.662
0.339223
0.329673
0.662
0.662
0.240101
0.662
0.662
0.662
0.110756
0.135655
0.415334
0.662
0.401562
0.0405876
0.207495
0.662
0.0679679
0.662
0.662
0.662
0.216976
0.662
0.662
0.0816799
0.324767
0.209008
0.662
0.207678
0.438758
0.662
0.662
0.169229
0.662
0.662
0.662
0.476369
0.529375
0.662
0.189058
0.117589
0.662
0.662
0.662
0.446635
0.662
0.047387
0.346151
0.295935
0.380902
0.662
0.323256
0.308031
0.662
0.365257
0.0964288
0.662
0.452546
0.287542
0.662
0.0180534
0.412998
0.0108902
0.364143
0.256768
0.154385
0.329358
0.25313
0.629852
0.662
0.199975
0.204257
0.402107
0.662
0.662
0.0975154
0.59502
0.281848
0.264467
0.662
0.662
0.662
0.186206
0.662
0.662
0.0805716
0.662
0.662
0.662
0.335751
0.662
0.662
0.662
0.320608
0.662
0.0708627
0.150739
0.507494
0.267354
0.33767
0.0389101
0.421291
0.316783
0.426822
0.589128
0.662
0.012602
0.389537
0.418018
0.662
0.662
0.475827
0.0216305
0.662
0.225832
0.0954307
0.662
0.662
0.512407
0.242922
0.662
0.662
0.297447
0.662
0.662
0.633391
0.267448
0.218959
0.0988585
0.662
0.662
0.266749
0.662
0.662
0.144984
0.343364
0.211903
0.0917174
0.662
0.202434
0.33313
0.258383
0.662
0.14379
0.662
0.452319
0.662
0.242969
0.311679
0.319402
0.662
0.296273
0.408089
0.227444
0.213761
0.260269
0.0370593
0.34716
0.361659
0.270018
0.562447
0.662
0.250435
0.128421
0.662
0.662
0.473977
0.662
0.319924
0.662
0.248708
0.662
0.662
0.115376
0.662
0.166041
0.258243
0.140809
0.662
0.286107
0.113563
0.248284
0.172269
0.652875
0.363179
0.662
0.474477
0.662
0.662
0.662
0.267997
0.306113
0.170742
0.662
0.394899
0.662
0.662
0.241692
0.662
0.662
0.13139
0.48924
0.662
0.662
0.662
0.208335
0.329491
0.451351
0.315443
0.425341
0.662
0.259517
0.405447
0.173472
0.305522
0.0651681
0.160491
0.174301
0.00696555
0.392198
0.376252
0.662
0.662
0.26646
0.174768
0.315243
0.111139
0.662
0.0542754
0.214631
0.268678
0.041449
0.194013
0.266192
0.662
0.0732898
0.374899
0.390896
0.662
0.128608
0.662
0.177682
0.437569
0.662
0.129872
0.662
0.630625
0.609632
0.0454943
0.662
0.107732
0.662
0.251328
0.656126
0.662
0.253045
0.203528
0.0262096
0.662
0.476618
0.198462
0.564534
0.662
0.23995
0.326927
0.662
0.170913
0.38671
0.210255
0.662
0.662
0.162451
0.0222104
0.337405
0.347026
0.662
0.662
0.354941
0.662
0.662
0.662
0.662
0.662
0.662
0.662
0.456619
0.662
0.207901
0.662
0.662
0.490979
0.192169
0.013475
0.662
0.0133591
0.399272
0.294308
0.662
0.662
0.473283
0.3775
0.389886
0.662
0.662
0.369238
0.0495827
0.662
0.662
0.662
0.270824
0.018502
0.34632
0.662
0.423884
0.11131
0.199868
0.662
0.662
0.662
0.662
0.24488
0.649769
0.173345
0.662
0.662
0.662
0.662
0.583672
0.294878
0.662
0.662
0.142526
0.37271
0.662
0.445783
0.296323
0.662
0.17243
0.112797
0.185524
0.302486
0.410432
0.662
0.662
0.334509
0.0939048
0.662
0.259656
0.662
0.662
0.252624
0.662
0.158952
0.662
0.0854645
0.571622
0.377833
0.278804
0.662
0.25469
0.426961
0.219644
0.662
0.662
0.390029
0.662
0.662
0.315315
0.00221822
0.385236
0.293167
0.471172
0.507411
0.00631798
0.325329
0.449602
0.246138
0.662
0.205532
0.232148
0.356419
0.662
0.0651891
0.662
0.227797
0.662
0.578639
0.195995
0.413989
0.184973
0.255295
0.571116
0.662
0.0969541
0.283245
0.662
0.362694
0.344595
0.662
0.243223
0.150161
0.662
0.662
0.451622
0.662
0.321469
0.662
0.105927
0.330123
0.449154
0.395032
0.0165663
0.0324961
0.128043
0.662
0.662
0.662
0.662
0.228683
0.146993
0.23254
0.6442
0.662
0.280834
0.662
0.662
0.433704
0.325734
0.0460296
0.662
0.210093
0.227258
0.662
0.662
0.662
0.430925
0.109298
0.662
0.280148
0.254627
0.225895
0.114214
0.394527
0.376278
0.662
0.662
0.285977
0.662
0.662
0.108523
0.222589
0.662
0.250694
0.388148
0.662
0.662
0.344671
0.258335
0.0843738
0.307757
0.30438
0.374295
0.662
0.662
0.662
0.313493
0.662
0.662
0.000522569
0.175336
0.0977894
0.428622
0.123316
0.159356
0.258652
0.232171
0.662
0.662
0.447803
0.662
0.307717
0.662
0.662
0.662
0.662
0.434451
0.352273
0.225424
0.36539
0.662
0.051379
0.212992
0.662
0.24777
0.435275
0.0968879
0.662
0.662
0.0213959
0.448815
0.162526
0.47711
0.58346
0.542104
0.662
0.662
0.662
0.462412
0.662
0.662
0.285357
0.225047
0.403316
0.662
0.662
0.662
0.201342
0.394087
0.662
0.662
0.662
0.443395
0.273193
0.203233
0.662
0.215981
0.462466
0.662
0.387775
0.199612
0.205822
0.231407
0.185089
0.451043
0.662
0.407565
0.352242
0.662
0.662
0.338632
0.662
0.610235
0.662
0.259289
0.297636
0.283941
0.662
0.547815
0.158345
0.662
0.662
0.407304
0.42815
0.662
0.26707
0.311148
0.205228
0.392998
0.662
0.355912
0.46852
0.413353
0.374913
0.662
0.234791
0.230715
0.440971
0.662
0.386041
0.662
0.662
0.662
0.470073
0.662
0.64643
0.491199
0.189897
0.662
0.236739
0.662
0.224016
0.662
0.662
0.429864
0.183605
0.394308
0.134759
0.164944
0.411974
0.662
0.662
0.197215
0.333688
0.216163
0.0693797
0.471151
0.357409
0.662
0.662
0.21162
0.140151
0.662
0.342099
0.00419355
0.198836
0.353505
0.238112
0.662
0.126398
0.662
0.367391
0.0691526
0.662
0.469364
0.294587
0.662
0.258001
0.662
0.341855
0.203611
0.150264
0.662
0.662
0.520438
0.398494
0.662
0.145288
0.0448898
0.471723
0.0740594
0.452056
0.358477
0.662
0.662
0.662
0.45335
0.328182
0.572539
0.541493
0.662
0.175615
0.591656
0.0843559
0.492671
0.150522
0.238354
0.432655
0.190132
0.662
0.662
0.662
0.361311
0.276543
0.662
0.662
0.662
0.662
0.105646
0.662
0.504682
0.0167974
0.140875
0.314101
0.238722
0.274848
0.662
0.26267
0.221521
0.222095
0.219598
0.662
0.662
0.394721
0.396418
0.662
0.260176
0.45718
0.662
0.662
0.295264
0.115185
0.223329
0.472381
0.382481
0.261668
0.662
0.104053
0.662
0.662
0.413594
0.156532
0.662
0.662
0.510792
0.33104
0.104721
0.662
0.662
0.0792431
0.662
0.594522
0.662
0.373727
0.195524
0.662
0.578623
0.0679918
0.228594
0.662
0.593465
0.662
0.223687
0.662
0.127845
0.0413809
0.662
0.237543
0.662
0.662
0.401198
0.662
0.0763247
0.408211
0.550174
0.253625
0.081228
0.524714
0.630034
0.140435
0.638338
0.205855
0.204425
0.4905
0.144285
0.240733
0.180855
0.662
0.018423
0.662
0.662
0.21036
0.393139
0.212962
0.0197702
0.662
0.662
0.585923
0.662
0.662
0.527877
0.662
0.662
0.662
0.285618
0.662
0.662
0.545433
0.662
0.0114643
0.385571
0.662
0.662
0.186256
0.240895
0.662
0.53848
0.662
0.662
0.187639
0.662
0.131459
0.427813
0.153401
0.662
0.662
0.662
0.331489
0.188035
0.662
0.662
0.181047
0.662
0.662
0.236756
0.164407
0.244715
0.455125
0.408906
0.00995747
0.265135
0.662
0.662
0.662
0.219446
0.662
0.223645
0.662
0.320928
0.358816
0.428078
0.662
0.662
0.662
0.122457
0.306549
0.2046
0.251755
0.291564
0.662
0.37057
0.127209
0.662
0.645485
0.662
0.63339
0.267076
0.662
0.662
0.351019
0.662
0.662
0.0274696
0.44976
0.0660786
0.662
0.662
0.662
0.662
0.662
0.662
0.222881
0.568659
0.662
0.662
0.415966
0.247913
0.662
0.662
0.153222
0.662
0.120378
0.447781
0.409072
0.508867
0.349817
0.245304
0.233864
0.662
0.130718
0.0182487
0.662
0.662
0.271267
0.662
0.662
0.662
0.662
0.115719
0.662
0.188221
0.252133
0.662
0.662
0.385645
0.662
0.464912
0.351055
0.662
0.662
0.162761
0.662
0.419252
0.662
0.260286
0.102763
0.339993
0.248526
0.186172
0.662
0.137857
0.442418
0.662
0.367593
0.662
0.257251
0.435438
0.662
0.0528092
0.0283231
0.662
0.662
0.101205
0.131661
0.662
0.404497
0.097937
0.183575
0.179166
0.577124
0.662
0.226816
0.13074
0.286611
0.479153
0.601737
0.417086
0.662
0.662
0.0885776
0.662
0.662
0.662
0.214412
0.662
0.366544
0.383246
0.662
0.01849
0.207354
0.662
0.662
0.662
0.662
0.662
0.662
0.662
0.662
0.637384
0.662
0.55902
0.662
0.359197
0.662
0.0208131
0.2443
0.244074
0.29596
0.662
0.662
0.00436149
0.184845
0.0635886
0.138112
0.243743
0.477211
0.511208
0.0668831
0.662
0.254755
0.238298
0.662
0.213132
0.0733163
0.0760395
0.662
0.00165296
0.662
0.662
0.308061
0.45119
0.142368
0.558146
0.293849
0.247574
0.504237
0.662
0.132623
0.662
0.16323
0.662
0.662
0.219409
0.408491
0.662
0.662
0.441579
0.662
0.662
0.415856
0.0357286
0.424817
0.498067
0.263843
0.129918
0.14319
0.662
0.662
0.197475
0.0529918
0.662
0.347053
0.478153
0.662
0.266175
0.662
0.662
0.458818
0.625762
0.662
0.662
0.662
0.567186
0.662
0.161515
0.128849
0.261612
0.662
0.404482
0.247245
0.19634
0.662
0.662
0.4376
0.341415
0.662
0.255507
0.368009
0.662
0.231159
0.127755
0.662
0.0211254
0.1114
0.662
0.662
0.662
0.320968
0.213006
0.338209
0.512833
0.662
0.546281
0.662
0.256903
0.330179
0.485663
0.662
0.25312
0.662
0.145384
0.38954
0.0547917
0.0771539
0.367714
0.214565
0.145289
0.662
0.662
0.253272
0.0914508
0.0956089
0.267056
0.662
0.662
0.662
0.662
0.662
0.662
0.150379
0.39883
0.6072
0.0195927
0.662
0.218827
0.30165
0.178749
0.0453479
0.662
0.662
0.242207
0.662
0.251128
0.0675758
0.662
0.662
0.3562
0.143038
0.389715
0.212641
0.320313
0.662
0.662
0.100863
0.431777
0.662
0.662
0.662
0.0471547
0.24945
0.216287
0.484714
0.207741
0.253844
0.370725
0.1293
0.63933
0.662
0.662
0.574456
0.662
0.455691
0.662
0.254151
0.198377
0.0899097
0.0834586
0.662
0.252707
0.353552
0.279765
0.241978
0.662
0.662
0.662
0.662
0.293827
0.662
0.193812
0.142412
0.610816
0.37281
0.662
0.662
0.662
0.662
0.0433308
0.662
0.662
0.488647
0.662
0.662
0.20422
0.0503801
0.381518
0.453828
0.662
0.254164
0.143052
0.346265
0.132381
0.662
0.662
0.113984
0.47858
0.149354
0.0723374
0.65564
0.270477
0.662
0.662
0.662
0.62897
0.492556
0.662
0.0982775
0.662
0.662
0.662
0.662
0.324176
0.662
0.4282
0.370133
0.433053
0.662
0.662
0.662
0.377087
0.260819
0.662
0.460543
0.386145
0.298358
0.235288
0.0407115
0.261306
0.662
0.41755
0.662
0.662
0.662
0.127545
0.662
0.662
0.162849
0.158145
0.662
0.325583
0.109972
0.242095
0.662
0.0237703
0.662
0.662
0.662
0.662
0.662
0.0957441
0.337297
0.188098
0.0728766
0.662
0.200529
0.0708136
0.662
0.357674
0.598747
0.346007
0.227045
0.662
0.662
0.662
0.213582
0.247223
0.351786
0.102156
0.490073
0.662
0.364379
0.0660968
0.662
0.662
0.662
0.662
0.0347857
0.245715
0.662
0.491227
0.662
0.662
0.191999
0.662
0.662
0.0865256
0.0314351
0.662
0.662
0.397801
0.224601
0.662
0.223449
0.662
0.662
0.662
0.165183
0.656883
0.36056
0.662
0.560278
0.48439
0.662
0.357764
0.276892
0.469845
0.662
0.3512
0.164897
0.201324
0.662
0.179892
0.662
0.0863281
0.662
0.662
0.662
0.168704
0.16273
0.210089
0.00126203
0.523629
0.211451
0.662
0.0632227
0.662
0.400155
0.390193
0.662
0.662
0.0445452
0.311917
0.00312886
0.662
0.170967
0.374199
0.406062
0.662
0.662
0.430934
0.145036
0.559078
0.141227
0.662
0.40208
0.195547
0.292428
0.662
0.662
0.21006
0.0794321
0.662
0.662
0.236804
0.662
0.662
0.662
0.0916748
0.244049
0.662
0.240061
0.662
0.13069
0.398515
0.212533
0.662
0.447026
0.440181
0.058014
0.101259
0.662
0.32617
0.261045
0.265548
0.662
0.662
0.228965
0.662
0.432329
0.321217
0.662
0.662
0.0355931
0.343439
0.0596927
0.27289
0.187748
0.662
0.149812
0.662
0.3813
0.289391
0.662
0.251244
0.312766
0.203002
0.662
0.129263
0.662
0.662
0.662
0.374063
0.191504
0.662
0.662
0.463108
0.277353
0.662
0.170617
0.662
0.305171
0.39724
0.0629529
0.0144406
0.275338
0.259957
0.0852286
0.201942
0.263307
0.662
0.662
0.123837
0.195348
0.235353
0.232307
0.345899
0.662
0.60487
0.375105
0.199566
0.0376916
0.051518
0.662
0.187594
0.238665
0.220555
0.662
0.662
0.662
0.328342
0.124575
0.662
0.276083
0.18213
0.453925
0.662
0.419414
0.662
0.256078
0.177717
0.275834
0.662
0.451131
0.204533
0.247812
0.132858
0.000564223
0.22514
0.465656
0.155806
0.662
0.162934
0.354546
0.662
0.662
0.662
0.428404
0.204668
0.145448
0.487454
0.199812
0.662
0.323342
0.399187
0.662
0.662
0.368712
0.662
0.662
0.314343
0.280904
0.373938
0.242517
0.662
0.662
0.452346
0.26549
0.206823
0.208889
0.368701
0.159503
0.196992
0.310226
0.328801
0.202379
0.136173
0.662
0.662
0.662
0.246751
0.662
0.182949
0.295516
0.662
0.662
0.662
0.434176
0.662
0.290923
0.421192
0.389545
0.662
0.225572
0.662
0.31358
0.662
0.25435
0.111223
0.662
0.222051
0.576879
0.00915444
0.0220435
0.445679
0.413935
0.230971
0.662
0.294425
0.230141
0.662
0.662
0.427313
0.128701
0.662
0.662
0.0179265
0.662
0.347222
0.662
0.250773
0.662
0.173048
0.662
0.347426
0.42272
0.197386
0.180382
0.560013
0.296882
0.662
0.242428
0.318697
0.361089
0.184865
0.662
0.662
0.0591754
0.161362
0.332195
0.034299
0.2334
0.461463
0.238518
0.662
0.662
0.416535
0.393366
0.662
0.662
0.193018
0.204886
0.662
0.658639
0.662
0.122678
0.662
0.560785
0.662
0.182656
0.481073
0.144152
0.134
0.000598603
0.607543
0.473227
0.38583
0.495717
0.662
0.114092
0.662
0.380049
0.444265
0.0414664
0.218615
0.221884
0.181973
0.662
0.322193
0.213705
0.446386
0.662
0.25396
0.662
0.196778
0.221038
0.293966
0.186999
0.662
0.231417
0.273815
0.662
0.249879
0.662
0.554552
0.0868212
0.662
0.0890283
0.524063
0.662
0.125741
0.662
0.580298
0.154237
0.412826
0.462852
0.662
0.662
0.662
0.462334
0.467665
0.318488
0.0541199
0.0160894
0.662
0.0239706
0.341819
0.463257
0.257942
0.18621
0.00593143
0.662
0.227934
0.486927
0.0637536
0.328852
0.662
0.546885
0.662
0.358908
0.402777
0.662
0.662
0.342893
0.662
0.662
0.662
0.466204
0.526658
0.662
0.662
0.193813
0.218387
0.574427
0.662
0.662
0.228741
0.662
0.662
0.248223
0.266892
0.662
0.23557
0.0918193
0.662
0.358906
0.662
0.302851
0.662
0.316721
0.36012
0.662
0.15072
0.410279
0.236412
0.662
0.662
0.176828
0.270466
0.662
0.428123
0.0173201
0.111044
0.419267
0.0324226
0.223579
0.142718
0.662
0.612235
0.662
0.259558
0.662
0.302002
0.507693
0.566021
0.168087
0.144449
0.174404
0.220575
0.323162
0.119394
0.437582
0.234718
0.0917362
0.38942
0.0496364
0.662
0.344988
0.229321
0.108812
0.296264
0.662
0.662
0.662
0.182854
0.662
0.662
0.363047
0.662
0.662
0.213617
0.0373438
0.662
0.40812
0.15114
0.324372
0.437929
0.662
0.662
0.0933068
0.188114
0.0593097
0.446493
0.356901
0.319034
0.662
0.547863
0.228595
0.662
0.662
0.192825
0.662
0.438682
0.662
0.084802
0.624334
0.662
0.662
0.154259
0.283175
0.269376
0.662
0.662
0.146056
0.241135
0.443606
0.39474
0.210856
0.358066
0.662
0.309789
0.321732
0.662
0.476937
0.662
0.662
0.327096
0.662
0.662
0.390641
0.662
0.228709
0.0337578
0.260625
0.662
0.662
0.662
0.361169
0.662
0.450377
0.662
0.662
0.155777
0.662
0.662
0.662
0.613186
0.503229
0.662
0.107005
0.662
0.662
0.118397
0.260731
0.662
0.662
0.662
0.662
0.105549
0.662
0.472866
0.662
0.662
0.410819
0.236987
0.366362
0.662
0.662
0.662
0.205064
0.662
0.213762
0.216883
0.662
0.455022
0.662
0.662
0.207299
0.113826
0.0378945
0.47611
0.264591
0.145284
0.162535
0.662
0.1947
0.662
0.662
0.186407
0.224204
0.00987241
0.2736
0.40613
0.404262
0.662
0.662
0.448555
0.185759
0.305255
0.385789
0.662
0.662
0.662
0.662
0.0338609
0.662
0.408519
0.662
0.662
0.435857
0.251957
0.662
0.136933
0.662
0.287306
0.463767
0.662
0.305628
0.662
0.567799
0.662
0.0136785
0.307826
0.276155
0.174851
0.662
0.64198
0.662
0.662
0.662
0.266393
0.662
0.283606
0.450024
0.227502
0.430235
0.525739
0.662
0.662
0.14859
0.260748
0.662
0.662
0.662
0.662
0.662
0.102126
0.662
0.662
0.189446
0.374306
0.662
0.205367
0.359852
0.270391
0.218851
0.662
0.2898
0.662
0.662
0.147534
0.662
0.317629
0.45288
0.240069
0.662
0.38033
0.33742
0.314814
0.662
0.632181
0.624553
0.662
0.662
0.662
0.187657
0.364268
0.662
0.662
0.0495513
0.230807
0.201509
0.199082
0.662
0.176685
0.196824
0.662
0.486379
0.662
0.662
0.100597
0.114525
0.662
0.662
0.662
0.333081
0.212672
0.438148
0.37517
0.0912447
0.662
0.662
0.662
0.410222
0.266007
0.661159
0.00920822
0.187113
0.0731284
0.662
0.662
0.439978
0.662
0.383373
0.395265
0.152749
0.123287
0.5356
0.662
0.0557449
0.18749
0.662
0.100373
0.244054
0.166227
0.662
0.290793
0.310975
0.175512
0.662
0.481876
0.248417
0.662
0.436027
0.320215
0.662
0.33645
0.662
0.361823
0.662
0.304659
0.380311
0.63394
0.662
0.17212
0.103671
0.662
0.047087
0.111314
0.662
0.662
0.351583
0.245916
0.662
0.248789
0.0595283
0.425926
0.076467
0.322773
0.662
0.426169
0.106345
0.192562
0.620708
0.662
0.0178698
0.0993871
0.362553
0.0350627
0.199962
0.353006
0.657001
0.224805
0.662
0.662
0.662
0.292062
0.662
0.45981
0.0189813
0.027808
0.381982
0.662
0.486871
0.0880132
0.662
0.662
0.662
0.24172
0.662
0.0880712
0.0937258
0.426845
0.662
0.424478
0.662
0.662
0.662
0.662
0.240878
0.662
0.662
0.488598
0.339316
0.282937
0.0181937
0.241023
0.367471
0.306585
0.424788
0.662
0.114636
0.1531
0.266593
0.489157
0.470444
0.662
0.497041
0.229433
0.292022
0.224278
0.215815
0.189174
0.662
0.154392
0.662
0.594047
0.662
0.662
0.201173
0.338465
0.297314
0.0143008
0.120428
0.662
0.201239
0.321254
0.191491
0.648513
0.662
0.498918
0.411141
0.465859
0.662
0.662
0.212668
0.662
0.102792
0.282307
0.662
0.398272
0.26481
0.138793
0.268788
0.481511
0.447806
0.662
0.385059
0.470033
0.327991
0.424364
0.314711
0.662
0.662
0.426793
0.354956
0.662
0.263298
0.0525148
0.166135
0.184753
0.662
0.493586
0.0895917
0.110489
0.0709538
0.301286
0.185313
0.334132
0.662
0.662
0.662
0.0383634
0.662
0.662
0.349332
0.552499
0.209925
0.437348
0.119699
0.662
0.242829
0.662
0.662
0.662
0.662
0.556243
0.412285
0.662
0.292323
0.662
0.662
0.662
0.375659
0.662
0.295838
0.332049
0.662
0.662
0.662
0.0943959
0.240786
0.0350935
0.069782
0.662
0.662
0.662
0.390095
0.662
0.290079
0.175601
0.662
0.0567388
0.662
0.154725
0.282036
0.662
0.0568624
0.469346
0.148423
0.186452
0.662
0.163276
0.662
0.262547
0.289291
0.662
0.656771
0.20783
0.662
0.662
0.662
0.662
0.0974268
0.662
0.390538
0.469912
0.662
0.523819
0.377624
0.315434
0.518515
0.662
0.662
0.455932
0.306776
0.272894
0.662
0.110423
0.0807093
0.446415
0.662
0.662
0.662
0.35188
0.105194
0.454285
0.205702
0.314153
0.200524
0.662
0.662
0.312897
0.145538
0.319351
0.662
0.662
0.453812
0.019117
0.0169681
0.662
0.155821
0.354313
0.662
0.464048
0.333125
0.662
0.271353
0.119509
0.662
0.662
0.662
0.634718
0.374019
0.260713
0.0986056
0.236657
0.476527
0.662
0.651677
0.419711
0.662
0.662
0.662
0.662
0.0953685
0.100523
0.662
0.399485
0.221312
0.00363444
0.250569
0.166192
0.662
0.662
0.662
0.662
0.320438
0.155355
0.246854
0.0808039
0.194443
0.662
0.662
0.133967
0.662
0.662
0.449324
0.662
0.420852
0.145503
0.18592
0.204242
0.662
0.662
0.198103
0.662
0.228345
0.662
0.195692
0.662
0.199957
0.164165
0.158633
0.662
0.554179
0.400776
0.60588
0.662
0.662
0.584995
0.439323
0.166305
0.226899
0.578222
0.583479
0.382565
0.571742
0.304846
0.597657
0.662
0.101214
0.302637
0.451049
0.662
0.662
0.662
0.662
0.418078
0.662
0.662
0.662
0.273817
0.228406
0.0320087
0.221396
0.290259
0.140345
0.0978878
0.378239
0.662
0.232098
0.215217
0.18455
0.310381
0.288096
0.593367
0.662
0.662
0.662
0.064215
0.398677
0.662
0.127522
0.04093
0.662
0.662
0.662
0.521947
0.662
0.223657
0.662
0.662
0.243521
0.225598
0.662
0.207177
0.217075
0.662
0.335495
0.44599
0.530401
0.113649
0.662
0.190678
0.662
0.281932
0.662
0.662
0.662
0.429798
0.44983
0.662
0.662
0.662
0.250466
0.292112
0.662
0.365593
0.268271
0.662
0.662
0.473141
0.264281
0.662
0.0334476
0.662
0.662
0.662
0.662
0.2979
0.289032
0.160614
0.337124
0.347
0.662
0.0396146
0.662
0.535693
0.574106
0.101998
0.662
0.213355
0.26382
0.662
0.380976
0.662
0.425678
0.662
0.662
0.266354
0.662
0.662
0.217757
0.0458269
0.662
0.379646
0.126596
0.337166
0.234961
0.0716071
0.662
0.120655
0.49117
0.315115
0.184808
0.662
0.236367
0.0144408
0.440422
0.103504
0.585196
0.134724
0.662
0.414809
0.662
0.397448
0.662
0.187192
0.662
0.388196
0.662
0.247723
0.269445
0.662
0.662
0.153139
0.330772
0.425595
0.364477
0.317073
0.662
0.452464
0.249478
0.662
0.491537
0.206211
0.662
0.360914
0.223985
0.662
0.146648
0.662
0.662
0.337777
0.142507
0.195277
0.160681
0.181617
0.662
0.662
0.367417
0.140476
0.31849
0.662
0.3285
0.662
0.662
0.662
0.130538
0.662
0.265398
0.237994
0.343584
0.24895
0.662
0.662
0.651719
0.155934
0.243004
0.0340962
0.421334
0.272628
0.0592812
0.662
0.662
0.336264
0.494085
0.373034
0.662
0.662
0.438973
0.662
0.318673
0.204515
0.490057
0.116437
0.563551
0.662
0.113179
0.333714
0.662
0.662
0.296348
0.619764
0.122239
0.570139
0.176888
0.269917
0.299705
0.639029
0.662
0.564635
0.662
0.530116
0.248726
0.0239076
0.446678
0.662
0.662
0.462667
0.083917
0.41219
0.213748
0.662
0.368208
0.267724
0.432465
0.662
0.4063
0.32065
0.662
0.320183
0.662
0.0295819
0.662
0.235035
0.221142
0.191088
0.117826
0.175736
0.662
0.266993
0.03778
0.662
0.297864
0.372067
0.662
0.662
0.302497
0.203433
0.227542
0.111652
0.264615
0.662
0.325173
0.184265
0.030001
0.302119
0.466383
0.662
0.662
0.662
0.26595
0.442871
0.662
0.662
0.245582
0.662
0.662
0.322171
0.449511
0.297629
0.17518
0.662
0.662
0.662
0.352622
0.445964
0.10577
0.145462
0.272971
0.302999
0.662
0.662
0.321671
0.175784
0.2421
0.248502
0.111735
0.210707
0.662
0.382839
0.243255
0.662
0.203272
0.543743
0.662
0.662
0.349627
0.228541
0.662
0.337429
0.662
0.0811434
0.662
0.305595
0.662
0.590554
0.630582
0.662
0.0400953
0.662
0.662
0.662
0.662
0.405897
0.662
0.410236
0.662
0.578883
0.170316
0.662
0.662
0.476794
0.662
0.662
0.181669
0.425454
0.662
0.662
0.159261
0.34496
0.662
0.189877
0.324165
0.662
0.372465
0.00354701
0.616722
0.179511
0.105926
0.163308
0.662
0.540782
0.662
0.214426
0.418306
0.175142
0.424986
0.662
0.33445
0.227124
0.662
0.662
0.662
0.106491
0.662
0.404461
0.251572
0.662
0.284297
0.412074
0.191048
0.662
0.330888
0.234086
0.216313
0.182863
0.662
0.31821
0.662
0.662
0.0598091
0.215753
0.662
0.296368
0.441908
0.404342
0.276976
0.630931
0.662
0.0996107
0.387387
0.149216
0.149386
0.662
0.32192
0.662
0.150421
0.467699
0.407588
0.662
