0.582173
0.407543
0.662
0.196253
0.277355
0.662
0.662
0.381729
0.662
0.0462988
0.384103
0.662
0.233779
0.314953
0.172928
0.0596052
0.260937
0.154231
0.151433
0.238724
0.388739
0.24305
0.0764089
0.662
0.141445
0.548609
0.662
0.662
0.114534
0.214581
0.662
0.662
0.662
0.464247
0.455775
0.662
0.31134
0.0068763
0.662
0.662
0.183867
0.00907929
0.662
0.0174064
0.445386
0.662
0.0320561
0.439625
0.249014
0.00841264
0.198994
0.133386
0.165001
0.0721168
0.52271
0.573061
0.226028
0.410876
0.433287
0.662
0.221857
0.146115
0.662
0.239756
0.410221
0.383551
0.228562
0.555275
0.360781
0.265868
0.282062
0.13682
0.662
0.405871
0.172616
0.206376
0.662
0.446434
0.662
0.330348
0.306885
0.263854
0.662
0.662
0.662
0.609012
0.662
0.662
0.200509
0.384179
0.0700644
0.108738
0.662
0.662
0.00891494
0.139547
0.436807
0.662
0.662
0.662
0.271066
0.383
0.423425
0.316931
0.535568
0.170877
0.2591
0.208536
0.454498
0.116901
0.662
0.18995
0.662
0.144836
0.0334054
0.349962
0.662
0.662
0.256862
0.227499
0.0850882
0.0251501
0.285663
0.449053
0.00762954
0.662
0.662
0.122571
0.434451
0.0805177
0.662
0.184572
0.662
0.662
0.465111
0.244775
0.662
0.662
0.237023
0.662
0.555253
0.394552
0.278346
0.242584
0.662
0.662
0.495323
0.662
0.234313
0.187418
0.378734
0.515228
0.662
0.662
0.662
0.662
0.662
0.662
0.662
0.194042
0.662
0.662
0.496856
0.443501
0.127084
0.189195
0.310268
0.398871
0.0972596
0.401758
0.410156
0.286346
0.662
0.662
0.662
0.662
0.563083
0.288211
0.261251
0.662
0.662
0.201123
0.153212
0.218803
0.309108
0.102806
0.473206
0.196905
0.662
0.662
0.662
0.197726
0.00629934
0.662
0.286336
0.0402765
0.374089
0.19008
0.36992
0.662
0.238716
0.562193
0.377348
0.662
0.579968
0.447038
0.0912411
0.662
0.662
0.337354
0.482662
0.272112
0.0758552
0.662
0.308656
0.662
0.193835
0.194058
0.111706
0.279433
0.662
0.662
0.662
0.662
0.261081
0.109642
0.662
0.662
0.248133
0.169189
0.662
0.662
0.253298
0.0388528
0.55693
0.330059
0.490929
0.166111
0.489818
0.662
0.245236
0.662
0.197948
0.472445
0.662
0.381791
0.27235
0.662
0.662
0.192168
0.662
0.662
0.342581
0.655247
0.187309
0.662
0.662
0.304029
0.184744
0.446534
0.0432216
0.50598
0.662
0.662
0.185428
0.186807
0.333238
0.662
0.297938
0.326414
0.2063
0.404894
0.662
0.662
0.402187
0.415163
0.0780566
0.393259
0.0495416
0.230946
0.343703
0.388091
0.361504
0.14424
0.4618
0.662
0.210039
0.268111
0.457562
0.662
0.53639
0.217984
0.662
0.322726
0.662
0.49241
0.662
0.595515
0.0583245
0.138163
0.218497
0.227772
0.221561
0.209902
0.424871
0.662
0.230639
0.269866
0.662
0.0858587
0.662
0.662
0.662
0.203707
0.662
0.662
0.2023
0.662
0.0248843
0.322711
0.208926
0.45858
0.549043
0.186938
0.154104
0.662
0.334063
0.196524
0.570022
0.662
0.154328
0.145873
0.662
0.662
0.377378
0.330882
0.0915284
0.178903
0.537767
0.536778
0.662
0.662
0.0746174
0.662
0.266258
0.662
0.219283
0.213078
0.662
0.342095
0.662
0.487186
0.662
0.607052
0.614446
0.662
0.216397
0.498557
0.292167
0.429516
0.0959343
0.264391
0.359976
0.330198
0.455259
0.662
0.22218
0.207362
0.454009
0.418279
0.662
0.662
0.662
0.215258
0.61671
0.0725606
0.662
0.462561
0.177046
0.0394539
0.152921
0.0737303
0.662
0.662
0.0486159
0.662
0.418559
0.662
0.176232
0.662
0.662
0.465943
0.662
0.316165
0.288565
0.489053
0.662
0.460586
0.119048
0.662
0.240929
0.662
0.0201877
0.662
0.207046
0.400213
0.215045
0.662
0.135962
0.662
0.419314
0.662
0.193659
0.0153174
0.262994
0.449105
0.662
0.662
0.659684
0.208806
0.155124
0.0266991
0.662
0.284755
0.592434
0.0741334
0.134453
0.049159
0.662
0.32883
0.630436
0.662
0.0828403
0.660789
0.662
0.196112
0.662
0.662
0.662
0.662
0.662
0.205578
0.0011239
0.267294
0.190857
0.415817
0.210145
0.662
0.493883
0.662
0.44652
0.463727
0.662
0.662
0.186969
0.118553
0.34493
0.237665
0.662
0.263419
0.662
0.662
0.662
0.662
0.160342
0.662
0.344532
0.232396
0.240594
0.662
0.356827
0.419762
0.259317
0.216523
0.566322
0.0542962
0.662
0.629763
0.662
0.262684
0.344405
0.407353
0.432975
0.472559
0.662
0.310352
0.0352402
0.205432
0.106041
0.662
0.387322
0.662
0.0834275
0.2181
0.475914
0.220962
0.0371882
0.662
0.662
0.23605
0.662
0.277851
0.662
0.206643
0.404749
0.430799
0.662
0.191375
0.370398
0.662
0.662
0.0372965
0.662
0.335541
0.191401
0.156948
0.662
0.324268
0.541473
0.0563656
0.662
0.662
0.662
0.29141
0.662
0.575452
0.285869
0.391764
0.662
0.662
0.0925207
0.662
0.662
0.224286
0.497098
0.662
0.662
0.662
0.206688
0.662
0.167721
0.344842
0.662
0.0631038
0.495515
0.620606
0.436654
0.662
0.316721
0.662
0.662
0.662
0.231273
0.0592614
0.425103
0.662
0.617168
0.181451
0.662
0.200516
0.26527
0.381225
0.662
0.23738
0.662
0.36668
0.662
0.390852
0.662
0.0863565
0.604265
0.662
0.260183
0.363062
0.0904068
0.187628
0.286476
0.459975
0.138716
0.529925
0.662
0.245235
0.301561
0.662
0.222825
0.662
0.148764
0.212776
6.09203e-05
0.134957
0.556178
0.662
0.41474
0.287778
0.662
0.662
0.124582
0.202097
0.289269
0.608861
0.662
0.325696
0.662
0.662
0.662
0.137368
0.354857
0.45956
0.662
0.449461
0.138361
0.124425
0.662
0.662
0.662
0.599577
0.380017
0.558774
0.382717
0.604395
0.166069
0.238482
0.473433
0.047711
0.187701
0.12362
0.662
0.662
0.662
0.662
0.256169
0.000335744
0.4184
0.658457
0.385951
0.472493
0.453758
0.199592
0.662
0.0746084
0.662
0.545967
0.442476
0.331677
0.223722
0.154166
0.471938
0.185519
0.527729
0.393459
0.186011
0.124932
0.426909
0.240756
0.235387
0.392464
0.131222
0.184108
0.286139
0.584206
0.0541932
0.662
0.391603
0.355221
0.320873
0.633694
0.662
0.662
0.168732
0.208076
0.459593
0.662
0.0914914
0.662
0.2077
0.662
0.0543897
0.662
0.559961
0.0532119
0.196323
0.662
0.662
0.37874
0.526925
0.181455
0.103034
0.662
0.225139
0.137396
0.0758283
0.142323
0.317705
0.662
0.662
0.00740171
0.662
0.419561
0.415935
0.351946
0.662
0.662
0.662
0.662
0.662
0.662
0.418045
0.662
0.662
0.0132034
0.145381
0.221563
0.662
0.211518
0.167961
0.662
0.662
0.662
0.31029
0.662
0.662
0.181208
0.620402
0.662
0.662
0.40183
0.0715816
0.0536884
0.360815
0.134444
0.662
0.662
0.00529571
0.662
0.217775
0.662
0.135903
0.662
0.662
0.662
0.35759
0.502404
0.254215
0.251061
0.189959
0.270845
0.18543
0.0193729
0.233217
0.144245
0.369142
0.0572234
0.236925
0.302061
0.457041
0.461095
0.381574
0.662
0.662
0.127437
0.168528
0.17787
0.662
0.304631
0.482211
0.662
0.598121
0.212945
0.438447
0.442212
0.662
0.599044
0.274413
0.662
0.461725
0.619418
0.196213
0.662
0.662
0.232534
0.238735
0.662
0.492576
0.215438
0.662
0.454371
0.518238
0.385632
0.154828
0.662
0.208264
0.0342635
0.178334
0.662
0.202075
0.662
0.662
0.193388
0.212288
0.662
0.662
0.662
0.260536
0.266543
0.472276
0.662
0.662
0.494556
0.193181
0.662
0.0681062
0.662
0.149314
0.662
0.662
0.119087
