0.662
0.447038
0.662
0.281562
0.662
0.216527
0.662
0.662
0.39577
0.662
0.194053
0.662
0.377348
0.122928
0.206033
0.538427
0.662
0.662
0.253298
0.405999
0.0536884
0.0741904
0.216463
0.662
0.163512
0.0724417
0.0942853
0.354129
0.662
0.0773714
0.662
0.662
0.190402
0.465319
0.225139
0.662
0.192404
0.662
0.288211
0.401749
0.662
0.437869
0.114126
0.169189
0.41287
0.0649325
0.0631728
0.167595
0.662
0.662
0.662
0.207362
0.662
0.19837
0.662
0.0610866
0.662
0.662
0.166111
0.256317
0.23087
0.225332
0.662
0.122216
0.662
0.662
0.013948
0.662
0.0248843
0.260411
0.264141
0.662
0.487186
0.662
0.0304627
0.182998
0.662
0.225237
0.662
0.662
0.545886
0.457562
0.285937
0.162604
0.646369
0.22255
0.589312
0.662
0.153741
0.662
0.363655
0.662
0.662
0.537767
0.344842
0.323634
0.662
0.662
0.662
0.22785
0.662
0.0136913
0.42603
0.0563656
0.565809
0.662
0.662
0.662
0.20622
0.662
0.662
0.125
0.506099
0.330882
0.225964
0.199796
0.248921
0.209359
0.662
0.172275
0.662
0.210137
0.448277
0.662
0.662
0.662
0.149314
0.183446
0.425244
0.662
0.0208589
0.0813854
0.359976
0.498557
0.662
0.0872368
0.662
0.662
0.662
0.662
0.245235
0.662
0.662
0.0850882
0.662
0.221561
0.662
0.65793
0.383
0.144245
0.662
0.309108
0.404001
0.662
0.662
0.178903
0.662
0.662
0.354857
0.519459
0.662
0.261561
0.251061
0.419618
0.662
0.662
0.662
0.662
0.662
0.582531
0.293622
0.39871
0.0257856
0.662
0.0592614
0.00124357
0.391944
0.217775
0.662
0.288519
0.344792
0.196443
0.278892
0.558774
0.276356
0.662
0.145873
0.662
0.662
0.662
0.662
0.210145
0.662
0.132063
0.0573925
0.0372965
0.284755
0.662
0.530332
0.284642
0.662
0.241933
0.662
0.662
0.301152
0.222825
0.662
0.460933
0.200509
0.384179
0.0925207
0.608861
0.272382
0.238735
0.662
0.152538
0.29141
0.639356
0.330772
0.196323
0.354824
0.243036
0.235387
0.000967581
0.18754
0.132857
0.662
0.662
0.662
0.474695
0.473433
0.662
0.0543897
0.318752
0.120683
0.319666
0.00528407
0.593482
0.662
0.662
0.662
0.662
0.662
0.662
0.463107
0.102211
0.16683
0.662
0.17928
0.102534
0.49241
0.662
0.662
0.4618
0.121138
0.354693
0.662
0.355864
0.135962
0.662
0.662
0.662
0.518238
0.187772
0.129435
0.398194
0.31318
0.259775
0.196253
0.587239
0.266543
0.662
0.245648
0.383638
0.662
0.547896
0.662
0.455386
0.291187
0.662
0.662
0.439625
0.331947
0.325776
0.367464
0.260183
0.162936
0.662
0.662
0.186969
0.33553
0.660789
0.433222
0.134453
0.662
0.662
0.374719
0.662
0.00829136
0.224113
0.662
0.489632
0.662
0.147036
0.662
0.662
0.662
0.327409
0.309309
0.662
0.662
0.662
0.429821
0.245887
0.0067486
0.662
0.424194
0.331854
0.662
0.410553
0.662
0.662
0.5972
0.620907
0.434451
0.662
0.662
0.0599233
0.620402
0.320583
0.662
0.216109
0.662
0.535568
0.580951
0.380444
0.0047626
0.383551
0.231293
0.662
0.489053
0.101871
0.136134
0.153852
0.395374
0.235342
0.274776
0.204186
0.233779
0.238724
0.289931
0.227201
0.662
0.662
0.128894
0.0914914
0.24305
0.662
0.14424
0.332528
0.316007
0.310573
0.662
0.029514
0.0829477
0.471085
0.662
0.662
0.203707
0.332202
0.662
0.52271
0.662
0.662
0.115433
0.159869
0.662
0.221503
0.662
0.292302
0.366543
0.662
0.362486
0.366412
0.2449
0.269921
0.393259
0.191349
0.662
0.662
0.153212
0.280076
0.655913
0.186938
0.238795
0.0327188
0.662
0.662
0.23605
0.177471
0.415939
0.472276
0.127081
0.131266
0.662
0.662
0.662
0.0764089
0.662
0.662
0.662
0.662
0.227434
0.575452
0.662
0.449162
0.40183
0.662
0.187418
0.123825
0.578342
0.320131
0.662
0.662
0.592434
0.196511
0.629763
0.662
0.662
0.217984
0.311968
0.105012
0.198994
0.199604
0.015722
0.660804
0.170071
0.306801
0.2591
0.178239
0.206643
0.662
0.662
0.501464
0.662
0.238482
0.163452
0.662
0.662
0.662
0.210963
0.289742
0.286139
0.662
0.118553
0.302061
0.425103
0.662
0.662
0.15532
0.662
0.26836
0.662
0.335451
0.662
0.662
0.601197
0.662
0.0173924
0.0541932
0.137368
0.187701
0.230972
0.662
0.475914
0.662
0.38817
0.0844561
0.0785139
0.106562
0.555253
0.128354
0.662
0.398871
0.662
0.662
0.413089
0.187628
0.662
0.237023
0.210823
0.662
0.662
0.579968
0.363087
0.0156323
0.654513
0.12362
0.64306
0.662
0.662
0.406455
0.360514
0.430799
0.662
0.662
0.18995
0.197948
0.662
0.662
0.662
0.662
0.662
0.0915284
0.309141
0.345088
0.662
0.662
0.189195
0.662
0.18543
0.131432
0.434588
0.662
0.463972
0.662
0.662
0.662
0.245236
0.662
0.270001
0.25081
0.115381
0.455449
0.651289
0.662
0.662
0.662
0.156794
0.662
0.37874
0.419436
0.662
0.40942
0.662
0.662
0.384103
0.424871
0.662
0.0903762
0.555275
0.360781
0.662
0.054166
0.456702
0.320719
0.429239
0.201745
0.14536
0.662
0.151629
0.244814
0.662
0.300768
0.662
0.662
0.662
0.107684
0.139928
0.662
0.0495416
0.614654
0.662
0.464398
0.199592
0.456807
0.662
0.0721168
0.103676
0.188059
0.662
0.662
0.324268
0.32883
0.0424534
0.662
0.134684
0.0573629
0.260536
0.337354
0.335541
0.662
0.0644809
0.340711
0.194042
0.261571
0.662
0.223722
0.662
0.193659
0.416843
0.281879
0.0174064
0.084728
0.246546
0.351905
0.662
0.143619
0.162144
0.662
0.337688
0.662
0.237665
0.494935
0.662
0.662
0.20487
0.455687
0.467205
0.662
0.662
0.523654
0.154808
0.187667
0.45048
0.454498
0.345855
0.24297
0.0597215
0.662
0.399188
0.662
0.317326
0.133745
0.37285
0.205432
0.18917
0.0883064
0.0116767
0.662
0.160525
0.246124
0.662
0.425893
0.0835462
0.131222
0.662
0.393071
0.162928
0.33168
0.120607
0.344766
0.662
0.662
0.662
0.246313
0.662
0.250671
0.662
0.60711
0.460055
0.27717
0.208926
0.292843
0.409152
0.662
0.00292049
0.662
0.00841264
0.341859
0.381383
0.662
0.00449526
0.363293
0.662
0.0169587
0.662
0.278895
0.587879
0.662
0.662
0.662
0.662
0.263854
0.261889
0.662
0.23446
0.0828403
0.105924
0.662
0.662
0.662
0.388739
0.268111
0.127437
0.238716
0.137396
0.662
0.334515
0.150463
0.154166
0.662
0.0487856
0.662
0.662
0.345138
0.662
0.197726
0.256169
0.662
0.662
0.662
0.662
0.662
0.207046
0.368768
0.662
0.662
0.562667
0.662
0.388091
0.212119
0.321186
0.262684
0.047711
0.489818
0.106041
0.0780112
0.662
0.662
0.563054
0.566322
0.188392
0.184744
0.208264
0.446534
0.314839
0.250128
0.242584
0.536801
0.465549
0.305122
0.662
0.129034
0.471373
0.662
0.445075
0.602016
0.457781
0.00788409
0.0462988
0.622865
0.662
0.354963
0.208076
0.347244
0.0574956
0.266792
0.662
0.662
0.27235
0.29475
0.376144
0.0715816
0.451113
0.662
0.662
0.104798
0.662
0.662
0.2077
0.302
0.662
0.662
0.662
0.117878
0.242531
0.0181624
0.662
0.662
0.662
0.040547
0.662
0.662
0.662
0.662
0.662
0.301591
0.662
0.662
0.662
0.0496116
0.515228
0.0471137
0.662
0.268541
0.227538
0.662
0.284885
0.662
0.662
0.662
0.444786
0.42307
0.662
0.140869
0.662
0.662
0.33634
0.662
0.426128
0.0342635
0.450821
0.134444
0.220962
0.25385
0.367388
0.662
0.662
0.662
0.119087
0.662
0.449461
0.662
0.662
0.354864
0.00186286
0.143371
0.280994
0.288616
0.134593
0.562193
0.138642
0.158186
0.537728
0.0681062
0.662
0.286765
0.383266
0.0251501
0.662
0.424192
0.662
0.662
0.185186
0.0394539
0.393014
0.452598
0.662
0.409217
0.349323
0.274413
0.330728
0.431627
0.662
0.662
0.269866
0.196905
0.201123
0.42173
0.0121371
0.381729
0.662
0.275472
0.662
0.662
0.246029
0.267837
0.515919
0.662
0.337736
0.211488
0.0715167
0.201117
0.662
0.662
0.320924
0.26331
0.153731
0.662
0.662
0.662
0.367978
0.0893484
0.662
0.662
0.662
0.659684
0.539171
0.662
0.133444
0.573061
0.415817
0.133824
0.649612
0.203516
0.196524
0.0289052
0.662
0.662
0.662
0.314953
0.215922
0.325696
0.541473
0.604265
0.662
0.384165
0.662
0.127627
0.662
0.662
0.507935
0.662
0.529295
0.133386
0.324349
0.360269
0.662
0.170877
0.655247
0.441631
0.209902
0.662
0.238961
0.0334553
0.436929
0.289269
0.662
0.264419
0.216513
0.662
0.571806
0.662
0.488789
0.389194
0.226923
0.148611
0.41535
0.410221
0.662
0.42025
0.662
0.18718
0.351326
0.268096
0.304631
0.149288
0.0373925
0.662
0.662
0.441838
0.396777
0.152921
0.662
0.385951
0.211543
0.662
0.662
0.536778
0.205578
0.662
0.023145
0.0121321
0.232396
0.276489
0.11177
0.544154
0.286476
0.662
0.105887
0.662
0.662
0.662
0.0985881
0.187309
0.386693
0.662
0.2181
0.584206
0.662
0.265868
0.662
0.662
0.370884
0.21278
0.627411
0.259317
0.662
0.186737
0.662
0.130991
0.193388
0.662
0.317677
0.225392
0.35032
0.316931
0.662
0.662
0.48254
0.662
0.0948141
0.199641
0.662
0.459717
0.146875
0.158377
0.354997
0.10085
0.231813
0.190857
0.0188554
0.662
0.424085
0.250178
0.662
0.662
0.662
0.519755
0.0518733
0.662
0.186219
0.662
0.190121
0.511721
0.662
0.662
0.345217
0.662
0.662
0.494556
0.662
0.393459
0.206256
0.186807
0.662
0.662
0.463719
0.185249
0.365479
0.662
0.275317
0.461095
0.505487
0.563083
0.240929
0.279523
0.204109
0.249014
0.447263
0.00907929
0.0266991
0.0501135
0.662
0.392017
0.218803
0.305879
0.267294
0.0989955
0.308126
0.297938
0.662
0.264391
0.482662
0.459593
0.405871
0.172616
0.275887
0.638834
0.662
0.284848
0.316165
0.662
0.662
0.320125
0.0993596
0.295368
0.404894
0.662
0.409524
0.662
0.662
0.662
0.311146
0.662
0.28088
0.0827755
0.662
0.662
0.662
0.459975
0.225944
0.662
0.662
0.662
0.662
0.342452
0.40848
0.662
0.00629934
0.412859
0.662
0.233217
0.178931
0.662
0.662
0.316396
0.662
0.0570772
0.326414
0.105163
0.662
0.0614619
0.4759
0.303237
0.151433
0.662
0.662
0.662
0.0352402
0.471272
0.286346
0.662
0.167912
0.662
0.662
0.163491
0.26527
0.414092
0.152722
0.662
0.239756
0.212856
0.662
0.383342
0.662
0.2063
0.610241
0.463727
0.662
0.454371
0.264299
0.0805177
0.357203
0.662
0.662
0.418559
0.385864
0.17066
0.371212
0.181451
0.334063
0.662
0.662
0.662
0.662
0.227499
0.356894
0.47342
0.0153174
0.662
0.662
0.155124
0.24029
0.545951
0.662
0.662
0.397133
0.662
0.281928
0.517217
0.662
0.662
0.495515
0.37227
0.210668
