0.308428
0.662
0.0496514
0.180871
0.00388431
0.205568
0.142373
0.662
0.662
0.192436
0.134199
0.662
0.662
0.198664
0.662
0.47044
0.238227
0.395448
0.0108867
0.662
0.153152
0.186186
0.240695
0.41308
0.170154
0.455925
0.662
0.662
0.662
0.662
0.270296
0.167038
0.0531647
0.219141
0.662
0.0783946
0.662
0.266177
0.235761
0.662
0.662
0.662
0.188419
0.662
0.245261
0.662
0.175132
0.0318937
0.240909
0.217411
0.662
0.062098
0.469015
0.662
0.240472
0.662
0.662
0.0343124
0.662
0.662
0.523433
0.31634
0.662
0.0380123
0.180111
0.662
0.432379
0.143392
0.662
0.256352
0.285662
0.096097
0.662
0.662
0.662
0.170426
0.455795
0.662
0.662
0.662
0.662
0.408126
0.0208273
0.662
0.662
0.364057
0.142873
0.417132
0.662
0.293049
0.662
0.350973
0.050624
0.21298
0.414471
0.662
0.257525
0.1077
0.662
0.662
0.227123
0.662
0.662
0.662
0.160262
0.311935
0.183285
0.25739
0.662
0.0403714
0.246889
0.371192
0.289059
0.635988
0.662
0.559753
0.662
0.662
0.662
0.662
0.349937
0.298357
0.289123
0.387127
0.662
0.268574
0.129854
0.18707
0.662
0.662
0.246765
0.662
0.662
0.662
0.112961
0.0363942
0.42929
0.0328812
0.662
0.662
0.662
0.374035
0.270459
0.472215
0.246079
0.406345
0.405002
0.206477
0.61197
0.201395
0.47118
0.131127
0.197717
0.662
0.522467
0.662
0.12785
0.662
0.22122
0.662
0.050242
0.0527511
0.306506
0.172585
0.274766
0.0481816
0.0366143
0.662
0.0752542
0.0142167
0.662
0.462847
0.295289
0.662
0.236013
0.407544
0.184667
0.570001
0.577083
0.162927
0.662
0.296051
0.391446
0.361684
0.146093
0.577555
0.181354
0.37568
0.268535
0.662
0.29232
0.662
0.373754
0.662
0.662
0.226236
0.473733
0.662
0.662
0.662
0.662
0.422106
0.0970856
0.662
0.31653
0.285807
0.662
0.197779
0.258872
0.662
0.662
0.662
0.662
0.313821
0.176516
0.305559
0.0109152
0.662
0.0530086
0.662
0.0217869
0.0526168
0.420695
0.662
0.167135
0.0116489
0.662
0.662
0.662
0.147503
0.204425
0.240432
0.662
0.149377
0.322685
0.103429
0.624401
0.191055
0.447913
0.662
0.23057
0.147567
0.328649
0.215909
0.259821
0.512476
0.263731
0.247356
0.0518503
0.420229
0.13566
0.662
0.375703
0.378412
0.251719
0.233357
0.20055
0.662
0.662
0.419442
0.391807
0.662
0.237545
0.662
0.256413
0.662
0.324643
0.662
0.662
0.365011
0.306062
0.0957826
0.662
0.240088
0.142051
0.45314
0.662
0.220708
0.662
0.662
0.662
0.662
0.139889
0.214037
0.662
0.299214
0.662
0.662
0.344188
0.0943548
0.015589
0.126552
0.662
0.49444
0.307013
0.662
0.200648
0.662
0.00723382
0.228205
0.662
0.662
0.244618
0.662
0.121708
0.203729
0.046884
0.115114
0.662
0.171015
0.570885
0.662
0.290663
0.61434
0.662
0.662
0.662
0.662
0.0747526
0.662
0.290956
0.662
0.18821
0.662
0.145062
0.401562
0.0683687
0.143058
0.23298
0.402719
0.238184
0.662
0.662
0.120098
0.210941
0.111893
0.662
0.155045
0.662
0.662
0.0830144
0.662
0.662
0.0927366
0.532894
0.357104
0.662
0.000298585
0.071909
0.288469
0.662
0.184495
0.477595
0.662
0.0558632
0.452863
0.662
0.17259
0.662
0.115155
0.6076
0.472581
0.662
0.662
0.662
0.662
0.22299
0.208079
0.3322
0.583131
0.662
0.401691
0.17367
0.465992
0.662
0.126497
0.126574
0.461843
0.307489
0.662
0.662
0.662
0.458425
0.461711
0.130749
0.0113036
0.450152
0.545827
0.188497
0.432054
0.445531
0.224143
0.206368
0.662
0.662
0.219884
0.254583
0.461267
0.455725
0.221012
0.275266
0.054828
0.662
0.662
0.662
0.662
0.307684
0.662
0.0506316
0.662
0.258603
0.662
0.26562
0.662
0.345889
0.282746
0.207874
0.662
0.51117
0.662
0.2108
0.662
0.275512
0.662
0.214422
0.234174
0.622527
0.662
0.662
0.619787
0.662
0.531039
0.22308
0.662
0.662
0.326717
0.590049
0.0112376
0.123568
0.662
0.504285
0.662
0.522242
0.299028
0.39223
0.309935
0.662
0.227417
0.422782
0.662
0.495455
0.325746
0.662
0.662
0.0337948
0.662
0.662
0.662
0.418299
0.662
0.0118588
0.22803
0.291967
0.384305
0.224
0.662
0.471392
0.662
0.254285
0.662
0.0383894
0.0775651
0.167351
0.41701
0.0351648
0.662
0.662
0.662
0.139783
0.293334
0.662
0.460127
0.662
0.54128
0.662
0.210096
0.662
0.214127
0.662
0.399504
0.381116
0.188875
0.662
0.422437
0.349607
0.378451
0.199107
0.192348
0.258524
0.148633
0.192909
0.662
0.442495
0.662
0.662
0.662
0.489228
0.662
0.662
0.662
0.284052
0.209435
0.662
0.662
0.484476
0.662
0.18485
0.298923
0.589134
0.662
0.537205
0.210789
0.0215103
0.147235
0.222439
0.286899
0.662
0.198745
0.416655
0.429154
0.417086
0.662
0.420976
0.321161
0.624024
0.402341
0.296031
0.527837
0.0428249
0.662
0.662
0.0775289
0.662
0.0278662
0.139191
0.662
0.662
0.290989
0.662
0.348644
0.119877
0.252031
0.662
0.107893
0.662
0.662
0.662
0.0345384
0.662
0.286378
0.167222
0.176957
0.662
0.662
0.662
0.662
0.273388
0.63339
0.662
0.222693
0.547171
0.662
0.185959
0.448005
0.340232
0.292983
0.153932
0.662
0.419901
0.334219
0.662
0.662
0.31158
0.261934
0.444528
0.231979
0.283829
0.571281
0.306772
0.188087
0.463108
0.345536
0.662
0.662
0.208259
0.563621
0.662
0.0369243
0.486054
0.48116
0.662
0.384315
0.662
0.0110482
0.0656191
0.662
0.662
0.662
0.190391
0.632947
0.516505
0.12093
0.11055
0.297973
0.234695
0.662
0.475996
0.355825
0.490937
0.527611
0.0833793
0.662
0.662
0.508665
0.187627
0.662
0.421848
0.662
0.316042
0.662
0.662
0.662
0.662
0.662
0.355098
0.0288029
0.345235
0.113928
0.281782
0.662
0.662
0.385011
0.391113
0.124706
0.436279
0.348797
0.662
0.662
0.662
0.405394
0.662
0.291851
0.662
0.19072
0.164016
0.471299
0.662
0.238776
0.662
0.662
0.0949774
0.662
0.247251
0.189191
0.662
0.110921
0.073404
0.0474849
0.662
0.662
0.256952
0.0152914
0.662
0.662
0.226653
0.287263
0.184754
0.662
0.377435
0.333644
0.662
0.215516
0.662
0.597344
0.294786
0.662
0.628094
0.662
0.662
0.132955
0.109408
0.388538
0.662
0.364534
0.208896
0.484395
0.442957
0.662
0.341965
0.662
0.142923
0.249162
0.337627
0.220788
0.662
0.273246
0.200537
0.366484
0.116578
0.067116
0.423893
0.662
0.217138
0.341259
0.662
0.261198
0.241308
0.662
0.152985
0.0994537
0.16884
0.378211
0.662
0.0671301
0.241328
0.662
0.662
0.327825
0.191508
0.254779
0.63339
0.369186
0.25023
0.174734
0.489555
0.451296
0.017961
0.662
0.662
0.326179
0.145589
0.249287
0.662
0.662
0.31967
0.551164
0.05235
0.454455
0.662
0.662
0.248293
0.662
0.630657
0.662
0.407324
0.662
0.662
0.423775
0.446885
0.0196282
0.439607
0.662
0.24811
0.0453586
0.376583
0.237204
0.221748
0.102647
0.28395
0.055107
0.662
0.662
0.662
0.662
0.662
0.0143697
0.224863
0.662
0.604647
0.265262
0.662
0.662
0.486397
0.662
0.662
0.662
0.662
0.428006
0.348616
0.378425
0.154983
0.662
0.539356
0.303131
0.662
0.662
0.662
0.662
0.662
0.662
0.429198
0.662
0.662
0.254007
0.0716463
0.306155
0.384357
0.662
0.662
0.147706
0.124847
0.191347
0.662
0.662
0.662
0.634775
0.662
0.662
0.222681
0.356832
0.662
0.662
0.662
0.212749
0.662
0.114814
0.662
0.364551
0.213576
0.13416
0.235234
0.662
0.0251124
0.133481
0.662
0.662
0.317242
0.662
0.332083
0.662
0.44343
0.197991
0.662
0.662
0.662
0.662
0.0808406
0.662
0.349217
0.468717
0.662
0.363099
0.662
0.406998
0.254937
0.662
0.662
0.662
0.0922858
0.662
0.662
0.262466
0.354777
0.256537
0.662
0.662
0.662
0.662
0.341625
0.662
0.457024
0.474436
0.106966
0.118429
0.662
0.106218
0.662
0.662
0.662
0.662
0.662
0.200539
0.662
0.358409
0.203021
0.263972
0.662
0.626976
0.27677
0.662
0.662
0.662
0.474011
0.662
0.31064
0.124732
0.662
0.220428
0.662
0.217456
0.662
0.662
0.662
0.662
0.304587
0.299954
0.295906
0.662
0.301307
0.662
0.662
0.662
0.128669
0.662
0.408851
0.576123
0.429844
0.662
0.0180126
0.662
0.662
0.662
0.662
0.662
0.0616569
0.089484
0.644418
0.662
0.352501
0.0475652
0.662
0.373809
0.662
0.662
0.1408
0.662
0.165751
0.123181
0.455018
0.662
0.34711
0.662
0.120834
0.662
0.0573695
0.391079
0.662
0.171964
0.662
0.662
0.297843
0.662
0.326844
0.457415
0.662
0.020998
0.662
0.662
0.419614
0.0143383
0.234218
0.22173
0.181283
0.662
0.662
0.477033
0.662
0.662
0.309138
0.13521
0.662
0.331731
0.0474632
0.662
0.662
0.662
0.662
0.328058
0.662
0.154871
0.217842
0.662
0.662
0.662
0.662
0.462834
0.401965
0.662
0.662
0.662
0.662
0.662
0.662
0.154607
0.662
0.464626
0.271508
0.662
0.662
0.101081
0.662
0.0711329
0.662
0.662
0.236825
0.534122
0.662
0.224163
0.404061
0.231452
0.662
0.662
0.629706
0.321035
0.662
0.39462
0.193877
0.662
0.337982
0.472057
0.0694193
0.360739
0.662
0.0115399
0.404691
0.42391
0.295047
0.12309
0.662
0.662
0.388785
0.662
0.662
0.662
0.619084
0.662
0.329492
0.662
0.439052
0.662
0.662
0.240396
0.662
0.378981
0.662
0.662
0.662
0.228587
0.36185
0.662
0.270379
0.188532
0.662
0.219211
0.662
0.356532
0.662
0.308441
0.518612
0.209406
0.662
0.504114
0.662
0.382186
0.327353
0.21924
0.2855
0.475139
0.00203945
0.662
0.304384
0.662
0.108613
0.409264
0.195846
0.662
0.231236
0.662
0.662
0.237767
0.276268
0.662
0.410447
0.0768
0.377203
0.00215903
0.207451
0.185118
0.0131124
0.0858217
0.388478
0.662
0.227563
0.599206
0.662
0.222614
0.195675
0.219354
0.0281634
0.274794
0.59272
0.296543
0.081535
0.0641109
0.662
0.662
0.387728
0.114645
0.662
0.662
0.0760252
0.478629
0.154332
0.662
0.00522863
0.244338
0.322366
0.0851474
0.018268
0.155873
0.662
0.662
0.116737
0.662
0.662
0.662
0.317592
0.116798
0.662
0.384001
0.350682
0.126375
0.289974
0.209305
0.633694
0.203852
0.662
0.662
0.394651
0.662
0.243829
0.662
0.00231522
0.209158
0.156226
0.662
0.165838
0.662
0.662
0.662
0.662
0.152038
0.468571
0.662
0.662
0.662
0.245061
0.662
0.163325
0.218772
0.246738
0.27434
0.431285
0.242477
0.662
0.243323
0.0871302
0.426974
0.465474
0.216591
0.662
0.158336
0.199048
0.132742
0.349698
0.277921
0.662
0.398678
0.456605
0.662
0.146274
0.662
0.423966
0.037716
0.439035
0.12378
0.266072
0.662
0.662
0.281697
0.325327
0.662
0.662
0.0534011
0.339279
0.0431802
0.662
0.189094
0.320836
0.662
0.158181
0.185595
0.0441095
0.110998
0.261313
0.456778
0.436938
0.662
0.382456
0.662
0.305944
0.662
0.446473
0.241208
0.607581
0.299149
0.121593
0.158316
0.0349664
0.662
0.407932
0.662
0.391051
0.352049
0.662
0.662
0.548375
0.662
0.662
0.434289
0.0879882
0.662
0.169759
0.431332
0.214484
0.0854891
0.662
0.471488
0.662
0.182455
0.175419
0.662
0.208639
0.662
0.41567
0.228804
0.343131
0.250769
0.0709173
0.0732134
0.55332
0.64858
0.323304
0.28451
0.662
0.456975
0.179757
0.34026
0.662
0.662
0.130062
0.662
0.662
0.229043
0.662
0.593712
0.261118
0.454179
0.662
0.431754
0.13595
0.0102386
0.0765523
0.403829
0.368624
0.662
0.124255
0.662
0.192671
0.645563
0.662
0.288596
0.662
0.662
0.662
0.662
0.0856133
0.172046
0.662
0.662
0.662
0.662
0.345815
0.662
0.444886
0.316412
0.0946917
0.662
0.662
0.18512
0.248193
0.662
0.236461
0.0285734
0.188947
0.186841
0.246917
0.662
0.0754477
0.662
0.188658
0.662
0.662
0.310008
0.188362
0.662
0.30936
0.536567
0.30471
0.662
0.662
0.173072
0.662
0.0537733
0.662
0.397646
0.662
0.0498057
0.662
0.155534
0.0495532
0.105972
0.26948
0.662
0.380007
0.662
0.662
0.162153
0.157245
0.182388
0.662
0.662
0.0222877
0.280041
0.361283
0.349179
0.662
0.662
0.662
0.662
0.662
0.283425
0.188597
0.176894
0.662
0.163094
0.421131
0.0396007
0.325868
0.365363
0.662
0.479079
0.642866
0.271843
0.662
0.662
0.662
0.662
0.662
0.167776
0.662
0.662
0.338298
0.662
0.164797
0.662
0.0883474
0.662
0.449616
0.258226
0.11197
0.662
0.662
0.662
0.662
0.662
0.662
0.662
0.662
0.344108
0.662
0.662
0.662
0.299775
0.405743
0.662
0.0948794
0.662
0.662
0.379112
0.31424
0.594475
0.662
0.457697
0.153041
0.380725
0.262985
0.24644
0.662
0.204406
0.461635
0.300307
0.662
0.662
0.366014
0.472315
0.327017
0.267888
0.0461602
0.662
0.020979
0.283599
0.291616
0.0808984
0.346428
0.472829
0.165302
0.662
0.406767
0.132192
0.662
0.662
0.202284
0.32494
0.49115
0.214338
0.483279
0.662
0.662
0.662
0.199754
0.662
0.151398
0.662
0.662
0.343147
0.00162738
0.114246
0.314062
0.343562
0.662
0.662
0.662
0.361034
0.662
0.461239
0.1155
0.187848
0.207025
0.662
0.662
0.128385
0.265435
0.236815
0.338166
0.235966
0.662
0.662
0.662
0.662
0.232653
0.662
0.262902
0.139552
0.338609
0.662
0.662
0.51039
0.662
0.459012
0.310499
0.119918
0.118836
0.662
0.662
0.343445
0.662
0.111588
0.662
0.662
0.152074
0.662
0.662
0.662
0.255596
0.415472
0.169947
0.11391
0.240351
0.550183
0.14813
0.367778
0.250728
0.662
0.530365
0.662
0.662
0.223555
0.662
0.662
0.0550683
0.44155
0.662
0.225882
0.377736
0.449275
0.470573
0.662
0.103752
0.662
0.662
0.0542641
0.662
0.662
0.662
0.292368
0.356463
0.266561
0.662
0.180979
0.0926908
0.662
0.662
0.662
0.195856
0.296012
0.092861
0.080075
0.19164
0.36149
0.353901
0.179112
0.371714
0.333244
0.662
0.0732333
0.15174
0.662
0.662
0.662
0.607283
0.448199
0.662
0.662
0.662
0.136575
0.144116
0.343942
0.662
0.0632883
0.233958
0.389019
0.168773
0.113966
0.401133
0.662
0.662
0.258055
0.662
0.230326
0.662
0.0614949
0.662
0.0876216
0.317173
0.662
0.662
0.476936
0.372003
0.598688
0.17335
0.167983
0.215363
0.662
0.458031
0.662
0.662
0.410214
0.662
0.340813
0.662
0.662
0.181825
0.662
0.147041
0.662
0.34244
0.156341
0.166567
0.134318
0.662
0.662
0.662
0.256234
0.662
0.402722
0.458231
0.360516
0.662
0.431206
0.294869
0.662
0.662
0.662
0.218327
0.662
0.396406
0.36555
0.662
0.662
0.192679
0.214402
0.662
0.662
0.229776
0.155587
0.0103728
0.662
0.662
0.310855
0.247652
0.662
0.315581
0.415297
0.662
0.309567
0.662
0.512593
0.662
0.429394
0.662
0.285824
0.662
0.492732
0.271002
0.662
0.662
0.34648
0.473721
0.599571
0.662
0.662
0.468228
0.187241
0.662
0.080486
0.110314
0.662
0.0055931
0.234342
0.150596
0.253032
0.206148
0.289397
0.662
0.662
0.662
0.662
0.457771
0.662
0.186183
0.662
0.662
0.293093
0.662
0.118292
0.236283
0.173528
0.203997
0.662
0.662
0.662
0.405812
0.662
0.394487
0.214907
0.41523
0.33089
0.662
0.200265
0.662
0.662
0.655168
0.475607
0.0973882
0.662
0.474709
0.329796
0.662
0.662
0.662
0.230667
0.115787
0.292406
0.662
0.192864
0.169919
0.662
0.16122
0.375628
0.174119
0.320795
0.464013
0.467305
0.31019
0.180351
0.395415
0.662
0.163953
0.662
0.662
0.291446
0.662
0.270618
0.365334
0.0926342
0.217327
0.207753
0.662
0.662
0.662
0.458905
0.662
0.662
0.146538
0.662
0.662
0.103822
0.251323
0.315643
0.236016
0.662
0.662
0.133976
0.662
0.387162
0.482035
0.316793
0.190667
0.11584
0.662
0.137981
0.662
0.243603
0.662
0.157435
0.662
0.662
0.326598
0.662
0.662
0.157131
0.200077
0.256805
0.403055
0.662
0.662
0.429518
0.387655
0.240088
0.458449
0.6263
0.232791
0.0772487
0.39924
0.367206
0.662
0.261297
0.118813
0.475784
0.662
0.662
0.662
0.662
0.16784
0.231895
0.658244
0.662
0.662
0.199627
0.662
0.453914
0.629706
0.403944
0.279424
0.260302
0.662
0.662
0.662
0.112365
0.662
0.314773
0.104455
0.662
0.471872
0.377798
0.202335
0.470405
0.445972
0.662
0.429408
0.344173
0.662
0.662
0.396328
0.0888376
0.121656
0.465333
0.466529
0.662
0.471388
0.662
0.662
0.190171
0.662
0.140577
0.205055
0.329498
0.234498
0.0787729
0.662
0.256367
0.447153
0.662
0.662
0.0493538
0.662
0.288629
0.608528
0.185754
0.154597
0.662
0.662
0.400534
0.164668
0.476238
0.662
0.662
0.424252
0.662
0.094435
0.568677
0.461276
0.483464
0.662
0.662
0.198265
0.0280693
0.268441
0.662
0.546035
0.268717
0.2633
0.264125
0.105764
0.662
0.639897
0.662
0.464396
0.226585
0.662
0.662
0.206861
0.0389513
0.662
0.421982
0.088233
0.400767
0.662
0.214558
0.0760546
0.662
0.114845
0.385408
0.662
0.524781
0.191395
0.662
0.662
0.262906
0.20945
0.359121
0.662
0.662
0.662
0.225117
0.188728
0.662
0.662
0.173349
0.378336
0.228086
0.662
0.662
0.662
0.281545
0.168766
0.456703
0.42279
0.662
0.385559
0.169114
0.662
0.662
0.16834
0.662
0.410027
0.0682599
0.662
0.220322
0.662
0.662
0.466041
0.662
0.662
0.662
0.119332
0.449821
0.197383
0.269096
0.662
0.300185
0.536604
0.662
0.288321
0.662
0.662
0.140761
0.14316
0.662
0.662
0.662
0.233509
0.255108
0.411464
0.662
0.662
0.435834
0.496421
0.662
0.363773
0.180634
0.662
0.662
0.280464
0.662
0.662
0.129324
0.662
0.662
0.662
0.286973
0.159789
0.662
0.226011
0.662
0.662
0.185397
0.0720348
0.662
0.274351
0.183223
0.49757
0.662
0.343279
0.140345
0.662
0.662
0.662
0.662
0.662
0.662
0.55597
0.0919864
0.662
0.615733
0.445451
0.662
0.662
0.662
0.662
0.150925
0.32879
0.662
0.352974
0.662
0.662
0.662
0.253151
0.623893
0.65404
0.22212
0.37582
0.0191799
0.662
0.662
0.398636
0.662
0.603525
0.443493
0.662
0.355349
0.662
0.662
0.0851893
0.337433
0.662
0.662
0.22138
0.64274
0.230421
0.263211
0.116173
0.662
0.140037
0.662
0.398332
0.493372
0.330481
0.662
0.0790854
0.0674978
0.28829
0.389229
0.376937
0.283397
0.662
0.662
0.372852
0.662
0.0700643
0.245331
0.662
0.35201
0.00868168
0.662
0.0852172
0.211231
0.420575
0.274429
0.210393
0.662
0.509552
0.662
0.662
0.263939
0.662
0.662
0.662
0.662
0.662
0.279532
0.662
0.292208
0.662
0.662
0.23579
0.662
0.662
0.662
0.248679
0.468462
0.662
0.662
0.662
0.474305
0.662
0.374431
0.0546747
0.662
0.662
0.662
0.41948
0.662
0.404331
0.449692
0.662
0.491448
0.0497838
0.173131
0.51057
0.397265
0.662
0.321637
0.119867
0.210304
0.662
0.662
0.662
0.530074
0.599525
0.184264
0.114731
0.431953
0.212115
0.003636
0.269795
0.470778
0.662
0.662
0.22116
0.423862
0.662
0.463437
0.305367
0.418524
0.0357026
0.298318
0.295245
0.292145
0.277898
0.478662
0.568919
0.522557
0.165823
0.46598
0.662
0.390243
0.662
0.241037
0.290274
0.662
0.662
0.239606
0.662
0.662
0.662
0.662
0.112713
0.426545
0.662
0.137575
0.36298
0.523301
0.236063
0.662
0.662
0.662
0.534647
0.209286
0.662
0.083174
0.0649971
0.295624
0.662
0.0559818
0.662
0.634401
0.415991
0.541284
0.0267312
0.662
0.531011
0.326532
0.662
0.662
0.146118
0.662
0.662
0.662
0.163128
0.662
0.548235
0.165547
0.662
0.662
0.240416
0.662
0.662
0.310904
0.0683982
0.280066
0.154426
0.255844
0.662
0.290146
0.102126
0.237577
0.298396
0.662
0.593808
0.662
0.294749
0.662
0.189887
0.159161
0.243182
0.241558
0.226488
0.282603
0.417609
0.39235
0.247662
0.662
0.662
0.662
0.662
0.662
0.6213
0.662
0.132767
0.27018
0.429573
0.662
0.410012
0.284523
0.662
0.662
0.251839
0.662
0.662
0.256979
0.362564
0.552133
0.662
0.359989
0.662
0.662
0.662
0.662
0.17451
0.662
0.387486
0.662
0.662
0.662
0.662
0.662
0.662
0.662
0.662
0.34062
0.662
0.456617
0.662
0.172095
0.662
0.662
0.305291
0.0654948
0.228007
0.662
0.662
0.558099
0.210419
0.304077
0.662
0.662
0.608818
0.337652
0.412191
0.483158
0.418488
0.662
0.28487
0.199092
0.34837
0.662
0.417641
0.0904339
0.662
0.517581
0.238287
0.603349
0.662
0.348455
0.387656
0.33828
0.252577
0.0906771
0.228092
0.328864
0.662
0.662
0.662
0.662
0.323704
0.505704
0.662
0.199605
0.662
0.428722
0.0693106
0.458124
0.662
0.0585997
0.662
0.256323
0.0337596
0.662
0.329063
0.213027
0.478292
0.118438
0.377611
0.331584
0.662
0.455854
0.509086
0.0998633
0.662
0.662
0.11265
0.282774
0.213148
0.662
0.662
0.662
0.662
0.557369
0.303208
0.662
0.662
0.294659
0.284246
0.384275
0.48044
0.459381
0.162286
0.473726
0.662
0.257373
0.630855
0.369238
0.241854
0.662
0.662
0.662
0.662
0.662
0.662
0.174514
0.662
0.662
0.662
0.290764
0.193677
0.662
0.17076
0.43785
0.662
0.612037
0.662
0.662
0.0805285
0.283848
0.662
0.322273
0.662
0.662
0.662
0.203203
0.662
0.144393
0.107985
0.662
0.0587714
0.662
0.267101
0.662
0.0382484
0.335342
0.662
0.662
0.327714
0.437507
0.0666348
0.662
0.4436
0.382871
0.467641
0.662
0.662
0.662
0.662
0.180755
0.30849
0.515776
0.320331
0.188535
0.221872
0.350266
0.662
0.59041
0.0988449
0.184704
0.662
0.659349
0.202066
0.336218
0.229865
0.662
0.258159
0.662
0.477379
0.62181
0.397891
0.662
0.040167
0.283096
0.662
0.662
0.160019
0.662
0.662
0.146129
0.662
0.140594
0.468421
0.662
0.229966
0.662
0.662
0.662
0.64915
0.184279
0.662
0.105578
0.217999
0.297928
0.662
0.391943
0.662
0.283373
0.662
0.662
0.392099
0.289634
0.662
0.662
0.224749
0.275105
0.379868
0.239099
0.662
0.316077
0.662
0.662
0.662
0.381853
0.233464
0.263034
0.302603
0.662
0.31485
0.375967
0.270392
0.473309
0.369885
0.107447
0.114856
0.263136
0.588508
0.662
0.248079
0.338953
0.335133
0.662
0.0586532
0.206155
0.43224
0.423642
0.662
0.662
0.108801
0.181831
0.199422
0.662
0.326181
0.360293
0.414325
0.45364
0.0598865
0.662
0.0794255
0.503845
0.445243
0.172711
0.195673
0.311721
0.628697
0.241312
0.147655
0.662
0.662
0.662
0.662
0.662
0.662
0.167273
0.431277
0.087348
0.662
0.0373077
0.662
0.662
0.471502
0.00313568
0.438648
0.118927
0.445345
0.358281
0.662
0.662
0.360713
0.088267
0.455729
0.483402
0.662
0.662
0.662
0.662
0.199253
0.322286
0.0431709
0.662
0.662
0.307735
0.137489
0.291474
0.511458
0.367424
0.169189
0.647665
0.14613
0.235927
0.662
0.662
0.662
0.199383
0.315056
0.18634
0.346208
0.662
0.0310491
0.163068
0.662
0.397673
0.0216907
0.662
0.662
0.662
0.662
0.0920887
0.662
0.230835
0.662
0.00449852
0.662
0.662
0.205817
0.449528
0.662
0.662
0.662
0.662
0.115484
0.342633
0.662
0.46333
0.662
0.309692
0.343708
0.662
0.210494
0.662
0.320396
0.247694
0.653184
0.232278
0.232825
0.662
0.344864
0.327513
0.662
0.0599969
0.240353
0.42678
0.662
0.332003
0.662
0.662
0.662
0.129009
0.0960409
0.662
0.662
0.207844
0.405803
0.069133
0.236388
0.662
0.164461
0.338697
0.662
0.662
0.193666
0.0713632
0.662
0.662
0.166244
0.402977
0.228136
0.290046
0.192837
0.0328569
0.398051
0.274575
0.662
0.662
0.3243
0.457572
0.662
0.21275
0.150893
0.477365
0.176551
0.662
0.194627
0.373682
0.213402
0.662
0.416149
0.662
0.0107564
0.296213
0.662
0.417741
0.0170499
0.662
0.375295
0.662
0.112157
0.228492
0.0658558
0.662
0.245674
0.112349
0.415624
0.399867
0.662
0.221827
0.584523
0.330136
0.662
0.662
0.662
0.150289
0.662
0.260103
0.28235
0.200979
0.26898
0.662
0.255861
0.662
0.452016
0.266323
0.0590855
0.662
0.662
0.662
0.662
0.662
0.662
0.592163
0.204154
0.325129
0.228511
0.468755
0.662
0.432198
0.159897
0.131805
0.662
0.662
0.377435
0.662
0.402993
0.224477
0.161498
0.44254
0.00168814
0.643801
0.249188
0.662
0.288244
0.662
0.455614
0.662
0.338975
0.219301
0.169316
0.0120239
0.662
0.662
0.225497
0.217953
0.662
0.504742
0.0996047
0.662
0.662
0.662
0.316314
0.662
0.560601
0.394161
0.182859
0.216497
0.0616121
0.662
0.381684
0.0814418
0.350203
0.662
0.598637
0.662
0.0304577
0.662
0.092712
0.662
0.662
0.662
0.662
0.351961
0.662
0.469477
0.662
0.662
0.662
0.342761
0.227774
0.662
0.662
0.662
0.228882
0.662
0.186322
0.354534
0.258301
0.229831
0.662
0.428848
0.662
0.440161
0.145728
0.435353
0.52925
0.359337
0.662
0.662
0.362973
0.662
0.00108527
0.279769
0.662
0.134937
0.662
0.662
0.12093
0.280062
0.662
0.140586
0.546665
0.27598
0.662
0.214629
0.227582
0.257798
0.538103
0.0256828
0.283754
0.662
0.662
0.662
0.662
0.662
0.0779119
0.662
0.662
0.49002
0.21686
0.662
0.229188
0.117841
0.442599
0.662
0.662
0.662
0.22391
0.473545
0.308009
0.180485
0.537132
0.104693
0.662
0.144696
0.662
0.662
0.662
0.298117
0.395549
0.426729
0.187318
0.662
0.662
0.490766
0.662
0.662
0.33042
0.530997
0.103965
0.172508
0.662
0.662
0.0930593
0.662
0.662
0.662
0.262033
0.662
0.662
0.0571071
0.662
0.298857
0.662
0.0783166
0.223571
0.662
0.212117
0.246303
0.383909
0.548751
0.0489796
0.399006
0.00860381
0.274771
0.662
0.220321
0.662
0.199849
0.282063
0.662
0.215302
0.441485
0.466294
0.181658
0.197267
0.662
0.212885
0.662
0.662
0.296408
0.314979
0.662
0.662
0.331759
0.662
0.194715
0.662
0.209975
0.662
0.48848
0.224167
0.662
0.15325
0.662
0.185062
0.0983789
0.342179
0.662
0.662
0.339489
0.431442
0.662
0.230294
0.414263
0.285171
0.0422696
0.662
0.315018
0.662
0.173942
0.137239
0.662
0.662
0.27763
0.662
0.188205
0.662
0.662
0.662
0.255404
0.662
0.662
0.662
0.14758
0.430334
0.112752
0.157478
0.569702
0.00749538
0.662
0.662
0.203228
0.662
0.662
0.0369183
0.257561
0.662
0.557803
0.662
0.112045
0.419191
0.662
0.0975432
0.225972
0.188385
0.425452
0.0841805
0.281789
0.426515
0.662
0.662
0.00672621
0.16897
0.476868
0.662
0.662
0.0388849
0.44168
0.662
0.221564
0.214793
0.662
0.424126
0.662
0.662
0.662
0.662
0.662
0.662
0.239898
0.231197
0.662
0.662
0.662
0.662
0.662
0.116982
0.662
0.399777
0.049546
0.662
0.18782
0.173974
0.662
0.0410544
0.273676
0.185624
0.234703
0.137671
0.662
0.10494
0.662
0.123681
0.221264
0.327218
0.0540883
0.662
0.662
0.373304
0.425713
0.662
0.662
0.662
0.0434057
0.314506
0.546372
0.662
0.198075
0.224621
0.444982
0.662
0.0231339
0.066388
0.273872
0.194857
0.488933
0.662
0.424392
0.662
0.392492
0.662
0.620513
0.662
0.18635
0.662
0.662
0.0565723
0.662
0.201259
0.662
0.171631
0.662
0.0237233
0.662
0.384352
0.662
0.662
0.148413
0.608048
0.662
0.662
0.662
0.662
0.306795
0.359037
0.0959987
0.662
0.399838
0.452496
0.141496
0.662
0.662
0.490464
0.120977
0.390628
0.662
0.191391
0.442084
0.662
0.662
0.51071
0.0281838
0.243929
0.313362
0.476696
0.348169
0.662
0.662
0.240329
0.143067
0.662
0.0869262
0.523135
0.549168
0.427623
0.211617
0.522435
0.281126
0.19065
0.378945
0.157049
0.205422
0.662
0.662
0.0669647
0.411878
0.282733
0.662
0.429278
0.377158
0.349119
0.509667
0.662
0.275534
0.662
0.662
0.662
0.549204
0.662
0.0559044
0.662
0.125946
0.662
0.662
0.662
0.233359
0.662
0.179005
0.461686
0.662
0.447857
0.662
0.166484
0.662
0.0608586
0.158392
0.662
0.2832
0.662
0.662
0.662
0.169836
0.0157753
0.662
0.349895
0.00656248
0.244385
0.453324
0.177619
0.662
0.545822
0.207662
0.347379
0.163902
0.662
0.643904
0.0214539
0.662
0.373296
0.26089
0.662
0.662
0.596493
0.464427
0.293375
0.0585936
0.128151
0.662
0.662
0.662
0.0795552
0.662
0.0846856
0.662
0.543733
0.662
0.203406
0.662
0.00660878
0.312214
0.662
0.662
0.662
0.662
0.361626
0.662
0.477457
0.298909
0.489988
0.662
0.662
0.475356
0.265552
0.393064
0.319384
0.22124
0.662
0.662
0.0361637
0.344117
0.620994
0.200813
0.662
0.405547
0.662
0.291723
0.00360702
0.662
0.662
0.382809
0.662
0.0550423
0.662
0.662
0.275654
0.662
0.263206
0.662
0.662
0.662
0.662
0.662
0.662
0.0166329
0.662
0.0877219
0.662
0.264671
0.342888
0.662
0.662
0.662
0.218233
0.662
0.509383
0.662
0.271639
0.0240484
0.662
0.359731
0.172776
0.662
0.11701
0.656592
0.331911
0.199616
0.15826
0.662
0.662
0.662
0.216547
0.294205
0.662
0.0246221
0.240733
0.375716
0.483814
0.662
0.376273
0.662
0.662
0.236506
0.402573
0.662
0.220922
0.11129
0.152434
0.662
0.316355
0.662
0.184924
0.662
0.662
0.519613
0.662
0.253439
0.264202
0.125767
0.629763
0.0297794
0.21015
0.247333
0.662
0.0566132
0.662
0.662
0.194878
0.662
0.454741
0.370957
0.254903
0.662
0.662
0.40951
0.561826
0.428811
0.614753
0.0568261
0.662
0.662
0.662
0.301332
0.368429
0.0181456
0.525856
0.662
0.662
0.534196
0.662
0.408975
0.662
0.662
0.662
0.277175
0.662
0.283611
0.225785
0.554231
0.662
0.244361
0.264148
0.232377
0.662
0.426411
0.662
0.118029
0.662
0.662
0.272366
0.662
0.0100813
0.184807
0.186352
0.310588
0.00353861
0.662
0.662
0.15184
0.0672012
0.662
0.0102869
0.139171
0.438342
0.662
0.662
0.662
0.234442
0.63339
0.662
0.295615
0.445837
0.662
0.322962
0.662
0.278926
0.107938
0.476815
0.329277
0.662
0.662
0.0940132
0.545888
0.0823428
0.192634
0.0220757
0.186377
0.265225
0.662
0.662
0.662
0.369232
0.662
0.363444
0.187395
0.0907269
0.662
0.267953
0.662
0.662
0.135414
0.662
0.213892
0.662
0.662
0.382643
0.0528354
0.374927
0.662
0.0395415
0.246588
0.662
0.280814
0.473167
0.508908
0.256591
0.662
0.662
0.662
0.573608
0.461083
0.208974
0.043716
0.24754
0.662
0.476165
0.662
0.662
0.172908
0.662
0.662
0.259767
0.26907
0.195868
0.542903
0.662
0.63339
0.376034
0.662
0.662
0.662
0.446105
0.238576
0.365174
0.240972
0.662
0.161315
0.431353
0.662
0.550664
0.662
0.662
0.252111
0.0243067
0.215443
0.400682
0.662
0.187711
0.662
0.662
0.15545
0.214895
0.662
0.17502
0.662
0.662
0.662
0.266177
0.405589
0.623151
0.179339
0.245553
0.662
0.662
0.662
0.348852
0.662
0.210697
0.662
0.453497
0.662
0.662
0.0213214
0.493506
0.662
0.662
0.198589
0.296524
0.257083
0.0510616
0.315331
0.662
0.409002
0.0435372
0.662
0.200271
0.662
0.093563
0.662
0.662
0.0502671
0.0221154
0.662
0.662
0.662
0.124182
0.0421441
0.0529278
0.662
0.400337
0.117026
0.19975
0.173211
0.662
0.398554
0.318437
0.662
0.662
0.153118
0.0737333
0.437264
0.662
0.662
0.475191
0.125168
0.150554
0.387401
0.419797
0.205558
0.662
0.398365
0.662
0.150096
0.662
0.0103941
0.662
0.207933
0.662
0.44777
0.613674
0.455728
0.135141
0.662
0.0345988
0.0354199
0.268539
0.662
0.30113
0.662
0.221947
0.662
0.662
0.662
0.217461
0.360652
0.204308
0.662
0.662
0.662
0.662
0.662
0.662
0.0377707
0.327908
0.662
0.509523
0.550497
0.662
0.662
0.319626
0.492017
0.439242
0.165981
0.0523729
0.662
0.342519
0.177521
0.192325
0.662
0.0934993
0.27431
0.662
0.662
0.662
0.662
0.662
0.126569
0.327354
0.125709
0.662
0.181241
0.148791
0.202567
0.662
0.662
0.231823
0.262945
0.575452
0.662
0.638648
0.432299
0.662
0.437881
0.171719
0.662
0.662
0.317357
0.662
0.388374
0.662
0.662
0.517315
0.360075
0.662
0.662
0.662
0.662
0.662
0.132064
0.561789
0.338304
0.23251
0.284168
0.110248
0.530272
0.129739
0.662
0.475283
0.382307
0.662
0.662
0.662
0.0224089
0.449844
0.317919
0.133404
0.316641
0.1725
0.662
0.125133
0.323966
0.432284
0.662
0.662
0.208327
0.102266
0.662
0.652349
0.662
0.637887
0.662
0.662
0.213901
0.242642
0.355335
0.119072
0.0730923
0.656641
0.662
0.662
0.662
0.107603
0.662
0.662
0.205646
0.1846
0.662
0.662
0.662
0.0327093
0.149185
0.137018
0.484911
0.635666
0.462197
0.448423
0.662
0.662
0.120078
0.662
0.662
0.662
0.341627
0.406299
0.468944
0.590231
0.0467881
0.662
0.662
0.227208
0.662
0.662
0.662
0.185262
0.449155
0.662
0.376767
0.559895
0.4263
0.662
0.275567
0.110223
0.662
0.538884
0.242643
0.152986
0.662
0.662
0.662
0.0865271
0.662
0.662
0.662
0.302102
0.418827
0.582076
0.0502355
0.662
0.477644
0.662
0.17957
0.223954
0.662
0.155248
0.276822
0.296163
0.247495
0.662
0.307364
0.662
0.290631
0.662
0.0200089
0.662
0.662
0.662
0.662
0.662
0.643046
0.170411
0.264863
0.497949
0.662
0.570502
0.212004
0.662
0.190307
0.0891746
0.0697882
0.662
0.275522
0.662
0.133765
0.0388486
0.662
0.662
0.662
0.488671
0.0687002
0.662
0.662
0.27599
0.415619
0.662
0.528818
0.662
0.163002
0.662
0.662
0.213757
0.662
0.459193
0.0611007
0.150275
0.0979938
0.662
0.662
0.662
0.662
0.662
0.662
0.662
0.284804
0.342475
0.662
0.662
0.662
0.358109
0.192171
0.443386
0.190486
0.662
0.102644
0.169331
0.249491
0.547021
0.257662
0.662
0.215379
0.32574
0.662
0.659024
0.123828
0.127311
0.454173
0.175013
0.662
0.126969
0.662
0.662
0.662
0.633693
0.662
0.207707
0.382958
0.662
0.662
0.186037
0.662
0.231111
0.662
0.0853291
0.00527153
0.662
0.120774
0.662
0.662
0.590256
0.609345
0.134256
0.193904
0.36947
0.103937
0.662
0.662
0.326845
0.201253
0.196542
0.662
0.259502
0.603555
0.662
0.662
0.247921
0.449968
0.190339
0.662
0.36241
0.454168
0.662
0.284468
0.113757
0.31159
0.662
0.23476
0.129954
0.385439
0.662
0.0877296
0.198623
0.662
0.28684
0.662
0.662
0.662
0.662
0.662
0.0278633
0.0299462
0.662
0.248338
0.662
0.662
0.662
0.270968
0.22219
0.201867
0.244211
0.662
0.140423
0.0145431
0.457303
0.662
0.0456559
0.216511
0.469209
0.396033
0.662
0.370987
0.211187
0.389076
0.662
0.0197749
0.662
0.662
0.662
0.662
0.306554
0.375572
0.662
0.662
0.662
0.129378
0.324776
0.0808457
0.662
0.159472
0.239027
0.662
0.271485
0.151686
0.662
0.328003
0.351602
0.662
0.662
0.662
0.246486
0.204877
0.436011
0.016483
0.176276
0.655461
0.662
0.0054011
0.203221
0.662
0.662
0.432139
0.397863
0.121786
0.0744077
0.30665
0.662
0.662
0.23496
0.314922
0.662
0.168158
0.163828
0.156265
0.322434
0.662
0.662
0.212535
0.393733
0.662
0.662
0.175206
0.662
0.388743
0.520724
0.662
0.662
0.507285
0.464898
0.662
0.662
0.662
0.378894
0.662
0.278493
0.662
0.236899
0.0985028
0.662
0.392982
0.458144
0.662
0.246177
0.662
0.0457513
0.511838
0.475722
0.541079
0.383711
0.662
0.0825529
0.199672
0.205627
0.19801
0.662
0.190566
0.662
0.654688
0.382952
0.662
0.662
0.662
0.662
0.662
0.355338
0.1215
0.662
0.36596
0.121421
0.662
0.154143
0.293514
0.228757
0.662
0.662
0.448922
0.313625
0.0511513
0.662
0.20736
0.0920948
0.378145
0.662
0.662
0.312557
0.133298
0.426953
0.662
0.234198
0.662
0.409831
0.36992
0.396892
0.396467
0.261307
0.246103
0.0152767
0.662
0.288587
0.662
0.662
0.662
0.662
0.0946931
0.280149
0.1798
0.662
0.304979
0.30166
0.662
0.584371
0.22397
0.244086
0.274162
0.306996
0.414816
0.354166
0.214398
0.662
0.264887
0.662
0.190714
0.193035
0.662
0.149596
0.662
0.156604
0.236876
0.662
0.662
0.489655
0.662
0.472903
0.178324
0.406811
0.662
0.370081
0.0232228
0.662
0.472163
0.0297642
0.538323
0.662
0.294127
0.132131
0.662
0.0670634
0.662
0.662
0.0700814
0.662
0.662
0.146552
0.662
0.662
0.0456887
0.0507284
0.662
0.388935
0.662
0.475935
0.380971
0.662
0.662
0.416818
0.305632
0.662
0.224773
0.2522
0.662
0.662
0.147606
0.211539
0.194236
0.444605
0.19058
0.662
0.435928
0.304198
0.662
0.247188
0.435224
0.192584
0.662
0.302516
0.102846
0.662
0.413231
0.662
0.245977
0.662
0.621337
0.393394
0.555016
0.44029
0.662
0.339689
0.662
0.510024
0.662
0.662
0.149582
0.662
0.00432634
0.662
0.662
0.662
0.662
0.661115
0.662
0.662
0.662
0.590879
0.662
0.413504
0.662
0.662
0.0889222
0.662
0.662
0.0144491
0.053135
0.0352929
0.0133517
0.381359
0.160078
0.662
0.382084
0.662
0.0413739
0.248782
0.377468
0.225302
0.316411
0.313483
0.19948
0.55863
0.402305
0.662
0.662
0.662
0.662
0.245499
0.209206
0.662
0.598554
0.662
0.379053
0.396708
0.662
0.662
0.662
0.575418
0.174967
0.662
0.342947
0.662
0.116166
0.0166534
0.662
0.265426
0.0326169
0.662
0.662
0.662
0.662
0.258331
0.267914
0.662
0.234583
0.662
0.662
0.662
0.662
0.379203
0.662
0.662
0.662
0.272719
0.108781
0.662
0.425159
0.3018
0.237261
0.662
0.302036
0.662
0.507209
0.145181
0.662
0.483702
0.417547
0.19689
0.662
0.332401
0.476495
0.662
0.463482
0.276469
0.393719
0.662
0.244643
0.662
0.28376
0.662
0.394869
0.662
0.662
0.0114256
0.367355
0.404533
0.647452
0.662
0.237355
0.556588
0.146254
0.662
0.386621
0.662
0.662
0.341829
0.662
0.0726885
0.373139
0.662
0.147594
0.662
0.662
0.610177
0.662
0.662
0.662
0.326626
0.662
0.569664
0.662
0.299449
0.662
0.0903808
0.184569
0.49731
0.408178
0.279354
0.662
0.662
0.662
0.662
0.229168
0.662
0.169057
0.218368
0.662
0.105601
0.151968
0.121699
0.330686
0.472266
0.533349
0.376852
0.662
0.662
0.662
0.662
0.662
0.093023
0.662
0.374171
0.399158
0.351388
0.662
0.214217
0.221255
0.446133
0.210963
0.662
0.662
0.290664
0.225658
0.141612
0.113346
0.662
0.662
0.0522197
0.0944413
0.662
0.473801
0.662
0.662
0.0721506
0.662
0.662
0.662
0.662
0.00525504
0.662
0.316995
0.662
0.662
0.662
0.662
0.662
0.351229
0.3255
0.174552
0.662
0.475968
0.166053
0.480619
0.0534552
0.0418
0.193713
0.216081
0.662
0.309194
0.148993
0.662
0.662
0.662
0.662
0.388977
0.662
0.369278
0.592632
0.26179
0.662
0.250902
0.662
0.662
0.662
0.023175
0.420686
0.662
0.569451
0.464142
0.662
0.662
0.662
0.270716
0.0237412
0.30847
0.38958
0.662
0.265287
0.278838
0.0762441
0.662
0.662
0.449712
0.36204
0.227349
0.311346
0.228799
0.355299
0.223486
0.662
0.253146
0.662
0.00822371
0.662
0.662
0.117391
0.164959
0.662
0.299775
0.662
0.340804
0.00397748
0.399011
0.115323
0.210151
0.198536
0.124363
0.297982
0.662
0.662
0.0626816
0.176684
0.219298
0.218605
0.662
0.00280241
0.267646
0.662
0.662
0.662
0.662
0.662
0.662
0.662
0.662
0.662
0.297655
0.118778
0.404065
0.123742
0.662
0.256573
0.00494387
0.662
0.17799
0.399614
0.636307
0.172491
0.173085
0.241215
0.662
0.207033
0.253561
0.662
0.662
0.437142
0.0893394
0.389234
0.222338
0.662
0.366216
0.662
0.190436
0.662
0.662
0.662
0.149911
0.0756015
0.0165439
0.135675
0.662
0.662
0.662
0.662
0.662
0.425388
0.268635
0.290169
0.662
0.662
0.311461
0.290949
0.25473
0.467471
0.662
0.662
0.662
0.627419
0.640794
0.662
0.662
0.454827
0.215769
0.382841
0.662
0.662
0.662
0.662
0.662
0.662
0.1504
0.297805
0.662
0.662
0.662
0.174439
0.0348235
0.662
0.662
0.662
0.336901
0.0369779
0.662
0.662
0.297809
0.203706
0.662
0.213094
0.0910345
0.662
0.662
0.662
0.0831051
0.631932
0.373629
0.662
0.662
0.0797655
0.662
0.0863885
0.472097
0.662
0.662
0.149578
0.424422
0.411864
0.233884
0.29354
0.274638
0.238778
0.147006
0.662
0.00901462
0.426944
0.453676
0.662
0.368682
0.662
0.662
0.00846152
0.561273
0.662
0.662
0.662
0.662
0.370704
0.4719
0.662
0.199892
0.662
0.246117
0.662
0.333158
0.662
0.262806
0.374414
0.662
0.420441
0.34651
0.662
0.662
0.662
0.662
0.449182
0.206523
0.662
0.662
0.662
0.251499
0.662
0.500451
0.662
0.662
0.662
0.662
0.0910247
0.662
0.662
0.662
0.0160597
0.662
0.491617
0.662
0.108913
0.372194
0.662
0.662
0.0397368
0.263839
0.263713
0.400022
0.314101
0.053213
0.662
0.662
0.458172
0.196747
0.194257
0.662
0.662
0.662
0.177267
0.662
0.440596
0.0864294
0.662
0.662
0.515997
0.251582
0.662
0.419042
0.325478
0.310632
0.662
0.475488
0.662
0.662
0.341688
0.189972
0.662
0.320468
0.662
0.335408
0.0585401
0.662
0.662
0.662
0.160608
0.395948
0.662
0.254277
0.20125
0.0522025
0.168809
0.264497
0.0794031
0.662
0.249089
0.375957
0.0296871
0.282344
0.654925
0.349969
0.662
0.0471433
0.466051
0.662
0.0792357
0.662
0.126471
0.662
0.662
0.662
0.0775791
0.353684
0.0922657
0.475843
0.662
0.119491
0.437038
0.662
0.295069
0.429238
0.662
0.292447
0.200339
0.662
0.662
0.662
0.294447
0.382786
0.216536
0.575271
0.0549791
0.197502
0.662
0.220888
0.188048
0.662
0.0456838
0.662
0.291875
0.662
0.662
0.662
0.662
0.234029
0.662
0.662
0.662
0.662
0.126777
0.662
0.227099
0.521415
0.161758
0.384913
0.194029
0.163728
0.436576
0.180096
0.662
0.272687
0.662
0.0545452
0.662
0.270048
0.662
0.62813
0.274938
0.662
0.25684
0.452425
0.218303
0.386927
0.309071
0.154446
0.343841
0.29309
0.220537
0.662
0.662
0.662
0.662
0.662
0.0149633
0.18701
0.455736
0.662
0.662
0.662
0.117559
0.278476
0.156495
0.271391
0.193252
0.662
0.122443
0.332546
0.363927
0.314477
0.389997
0.235475
0.339449
0.267569
0.227315
0.662
0.100125
0.662
0.335638
0.662
0.107376
0.463901
0.182102
0.24015
0.603767
0.662
0.417311
0.398155
0.662
0.39984
0.0988846
0.0430797
0.349715
0.662
0.314156
0.232949
0.662
0.212624
0.662
0.662
0.662
0.662
0.239517
0.662
0.236396
0.662
0.393437
0.0866746
0.662
0.662
0.0995297
0.662
0.662
0.139322
0.145109
0.662
0.662
0.662
0.662
0.110987
0.35733
0.258657
0.270599
0.345628
0.662
0.0988111
0.622464
0.0233341
0.18831
0.662
0.648311
0.662
0.404573
0.453067
0.105984
0.662
0.662
0.662
0.00412027
0.216019
0.484993
0.332368
0.194587
0.194579
0.662
0.403134
0.346508
0.179598
0.662
0.191878
0.233513
0.446798
0.662
0.158947
0.0311103
0.316448
0.662
0.0460822
0.662
0.0660422
0.416802
0.662
0.325033
0.662
0.106301
0.428525
0.662
0.11796
0.662
0.662
0.458333
0.352806
0.152652
0.662
0.202843
0.662
0.0844612
0.662
0.662
0.662
0.662
0.30824
0.473758
0.0687006
0.341945
0.192315
0.20645
0.662
0.662
0.152953
0.420736
0.662
0.662
0.426224
0.662
0.662
0.662
0.220171
0.662
0.662
0.662
0.662
0.0604647
0.15045
0.662
0.662
0.662
0.26801
0.662
0.079836
0.00574027
0.0723167
0.662
0.662
0.133572
0.164695
0.425503
0.0316422
0.0281272
0.406199
0.473175
0.19894
0.00156091
0.662
0.662
0.662
0.662
0.662
0.662
0.366516
0.662
0.160911
0.550737
0.394728
0.662
0.254582
0.662
0.662
0.377297
0.12941
0.292464
0.162198
0.662
0.400428
0.22425
0.269091
0.194492
0.475182
0.662
0.116266
0.591272
0.662
0.662
0.662
0.662
0.330433
0.151776
0.662
0.370197
0.333679
0.662
0.662
0.253567
0.143366
0.0666068
0.349898
0.662
0.156962
0.230995
0.662
0.289184
0.662
0.531569
0.247582
0.194304
0.143137
0.662
0.662
0.289875
0.246012
0.260866
0.0167381
0.133709
0.323831
0.194557
0.265823
0.111506
0.606984
0.00962713
0.662
0.662
0.662
0.473096
0.662
0.327708
0.149527
0.025294
0.131199
0.326661
0.662
0.662
0.662
0.258604
0.662
0.662
0.181323
0.662
0.464031
0.297603
0.194987
0.0641136
0.336291
0.662
0.662
0.165602
0.338797
0.329825
0.188367
0.306051
0.662
0.662
0.47178
0.174227
0.292314
0.327932
0.662
0.198614
0.00781508
0.662
0.110623
0.662
0.662
0.148728
0.262495
0.662
0.444299
0.662
0.413725
0.50951
0.274949
0.662
0.051284
0.323971
0.662
0.662
0.412087
0.625983
0.662
0.263935
0.124655
0.210105
0.633694
0.158057
0.247289
0.366082
0.662
0.313746
0.0552188
0.290377
0.0303911
0.465271
0.0874169
0.538556
0.187931
0.662
0.662
0.271216
0.57964
0.192778
0.662
0.182153
0.330469
0.2842
0.423484
0.662
0.45019
0.182353
0.235477
0.662
0.543696
0.662
0.662
0.166731
0.187548
0.180044
0.131609
0.617873
0.662
0.160486
0.138572
0.153072
0.662
0.381214
0.35352
0.131944
0.662
0.662
0.662
0.309744
0.260591
0.1829
0.662
0.662
0.312106
0.263376
0.192668
0.662
0.0430018
0.662
0.0816109
0.662
0.139306
0.061283
0.322832
0.144283
0.280119
0.231859
0.232551
0.624711
0.662
0.662
0.662
0.464288
0.156729
0.377307
0.662
0.00846903
0.40249
0.273371
0.59917
0.662
0.194824
0.662
0.263603
0.197799
0.662
0.662
0.398415
0.396364
0.297541
0.662
0.662
0.131728
0.354686
0.662
0.469912
0.662
0.662
0.662
0.435909
0.305384
0.211645
0.662
0.154686
0.105725
0.0733446
0.662
0.662
0.662
0.0268339
0.475849
0.184347
0.530883
0.285388
0.662
0.230895
0.0615764
0.361357
0.384928
0.662
0.402904
0.268088
0.662
0.392021
0.0822989
0.662
0.21331
0.662
0.219699
0.383147
0.662
0.662
0.0312528
0.26518
0.662
0.340424
0.662
0.662
0.662
0.418738
0.314186
0.264219
0.363541
0.425023
0.662
0.310729
0.662
0.662
0.314688
0.184765
0.662
0.157333
0.228426
0.162629
0.662
0.662
0.5991
0.662
0.662
0.242914
0.0741094
0.0951736
0.378486
0.662
0.0480608
0.662
0.662
0.662
0.662
0.662
0.320538
0.662
0.662
0.662
0.413096
0.213807
0.662
0.359874
0.209751
0.29674
0.63339
0.238908
0.240454
0.662
0.228847
0.558621
0.271661
0.662
0.662
0.662
0.662
0.144097
0.662
0.158576
0.662
0.481478
0.199998
0.429193
0.247769
0.0694636
0.289105
0.21306
0.112354
0.662
0.433681
0.662
0.165444
0.662
0.472032
0.662
0.662
0.444471
0.188118
0.662
0.662
0.260296
0.202991
0.355104
0.505268
0.662
0.364982
0.48386
0.295598
0.249704
0.662
0.0968361
0.175528
0.47425
0.662
0.247175
0.00261466
0.638827
0.232029
0.203741
0.394591
0.275002
0.662
0.276652
0.311166
0.662
0.662
0.229336
0.662
0.444555
0.662
0.445132
0.251734
0.662
0.402514
0.272471
0.662
0.662
0.398536
0.662
0.662
0.510096
0.662
0.168284
0.465064
0.0264965
0.226466
0.662
0.514774
0.446831
0.662
0.662
0.0779273
0.662
0.415786
0.26497
0.216541
0.181883
0.593335
0.662
0.456871
0.662
0.662
0.473698
0.429664
0.00781366
0.662
0.305735
0.662
0.208512
0.494838
0.662
0.109877
0.2547
0.662
0.662
0.662
0.226003
0.43385
0.591016
0.118528
0.57982
0.662
0.395259
0.408081
0.578466
0.662
0.475126
0.662
0.662
0.412659
0.194434
0.282899
0.662
0.238999
0.301615
0.0324758
0.0141373
0.257519
0.662
0.662
0.394958
0.612645
0.259363
0.662
0.662
0.662
0.283154
0.662
0.662
0.368313
0.0370082
0.156569
0.662
0.166907
0.230886
0.662
0.662
0.392743
0.457512
0.206883
0.662
0.187351
0.157831
0.662
0.188801
0.296419
0.662
0.196235
0.272339
0.278418
0.36427
0.389462
0.312035
0.0301984
0.662
0.466314
0.0773283
0.46149
0.197198
0.0966398
0.367652
0.518094
0.432361
0.662
0.164042
0.662
0.228121
0.662
0.662
0.662
0.662
0.662
0.662
0.460725
0.0323052
0.209438
0.166718
0.380784
0.662
0.662
0.662
0.662
0.30262
0.122904
0.428362
0.662
0.089988
0.662
0.155551
0.212959
0.145737
0.662
0.662
0.0133435
0.662
0.454866
0.355643
0.662
0.662
0.304692
0.262128
0.395297
0.662
0.403945
0.143771
0.333569
0.198063
0.0534228
0.0348927
0.275803
0.662
0.091617
0.662
0.387081
0.662
0.270359
0.618977
0.662
0.662
0.662
0.309603
0.109815
0.0945394
0.585418
0.662
0.537886
0.156921
0.327994
0.160197
0.546237
0.260414
0.117944
0.00462541
0.662
0.376423
0.437738
0.256938
0.662
0.662
0.301148
0.662
0.662
0.267361
0.464037
0.186862
0.594125
0.662
0.041515
0.662
0.315875
0.198376
0.425633
0.150732
0.585298
0.662
0.262472
0.523696
0.603618
0.345317
0.199259
0.662
0.181537
0.529183
0.120762
0.229905
0.662
0.0932995
0.269161
0.309938
0.662
0.473817
0.48753
0.662
0.662
0.382244
0.232802
0.190453
0.662
0.662
0.519098
0.662
0.472567
0.248239
0.662
0.48445
0.0455303
0.234488
0.409071
0.662
0.575788
0.171293
0.191853
0.286411
0.573891
0.662
0.5977
0.662
0.662
0.502384
0.662
0.662
0.508605
0.270415
0.217646
0.662
0.016489
0.662
0.117966
0.662
0.0922868
0.438548
0.358954
0.662
0.185031
0.469549
0.374764
0.269178
0.140879
0.197321
0.662
0.415556
0.261621
0.187745
0.662
0.135023
0.468042
0.382972
0.662
0.49272
0.662
0.518299
0.197485
0.662
0.662
0.188284
0.358441
0.139317
0.662
0.662
0.363333
0.662
0.427624
0.662
0.662
0.475697
0.662
0.187289
0.254034
0.662
0.304952
0.662
0.662
0.122973
0.216533
0.662
0.662
0.564879
0.242662
0.662
0.0889731
0.0988094
0.211993
0.662
0.0851948
0.297005
0.380541
0.399297
0.662
0.662
0.662
0.182116
0.662
0.315673
0.464305
0.662
0.120095
0.195906
0.456272
0.30871
0.34421
0.662
0.391922
0.318912
0.593791
0.40182
0.470175
0.662
0.662
0.0147455
0.374251
0.297464
0.662
0.662
0.290495
0.662
0.203416
0.460409
0.287282
0.662
0.662
0.662
0.662
0.190369
0.662
0.1548
0.0755568
0.190655
0.199507
0.542624
0.472346
0.662
0.188187
0.364879
0.662
0.330822
0.662
0.662
0.116121
0.662
0.0658377
0.614743
0.346727
0.662
0.662
0.662
0.662
0.413239
0.343434
0.662
0.662
0.266801
0.662
0.138675
0.45356
0.525156
0.662
0.349014
0.662
0.662
0.662
0.0287677
0.367934
0.662
0.662
0.662
0.272861
0.32875
0.662
0.371448
0.0391052
0.662
0.662
0.00453837
0.463016
0.166471
0.591264
0.662
0.108497
0.018233
0.662
0.415088
0.662
0.256922
0.297072
0.495713
0.129261
0.662
0.461157
0.249669
0.0367726
0.662
0.662
0.0312458
0.662
0.662
0.42665
0.0534724
0.112859
0.0485558
0.662
0.662
0.16974
0.191917
0.254507
0.41273
0.662
0.662
0.10881
0.139398
0.662
0.304655
0.662
0.39096
0.211137
0.203149
0.434859
0.00363548
0.150711
0.256101
0.662
0.0202781
0.662
0.438233
0.106407
0.662
0.19175
0.662
0.662
0.48552
0.220397
0.410932
0.662
0.662
0.592455
0.662
0.662
0.393953
0.243169
0.254611
0.662
0.213284
0.153502
0.320633
0.370202
0.662
0.224795
0.481165
0.223887
0.662
0.611167
0.662
0.406309
0.662
0.302867
0.662
0.662
0.221868
0.445146
0.662
0.419337
0.157089
0.662
0.662
0.307445
0.662
0.662
0.662
0.499671
0.118996
0.662
0.287701
0.662
0.443341
0.381558
0.662
0.0155167
0.316486
0.662
0.455467
0.0112434
0.245638
0.321132
0.457314
0.385647
0.662
0.662
0.662
0.662
0.662
0.662
0.0504469
0.378655
0.662
0.316954
0.32197
0.395891
0.662
0.327103
0.207299
0.306566
0.130484
0.281778
0.346634
0.586421
0.0981255
0.662
0.115414
0.285509
0.346552
0.202189
0.637603
0.662
0.422729
0.529062
0.20173
0.662
0.662
0.337996
0.191333
0.0472134
0.662
0.0121864
0.662
0.157479
0.662
0.0846665
0.516053
0.662
0.0118701
0.662
0.299683
0.60021
0.329578
0.0571578
0.594908
0.662
0.0352108
0.662
0.143049
0.662
0.344903
0.356239
0.162834
0.0292395
0.662
0.27309
0.662
0.662
0.662
0.662
0.662
0.376504
0.440374
0.662
0.194914
0.423007
0.662
0.124526
0.109451
0.445607
0.662
0.662
0.136899
0.662
0.662
0.190175
0.523747
0.397618
0.215051
0.298974
0.293057
0.390156
0.662
0.662
0.662
0.262651
0.250781
0.507487
0.213468
0.215569
0.216157
0.209189
0.662
0.662
0.662
0.383726
0.00750366
0.266398
0.0841997
0.459637
0.164754
0.662
0.662
0.283834
0.366449
0.662
0.662
0.662
0.100982
0.202612
0.421062
0.662
0.662
0.137863
0.662
0.483345
0.662
0.209647
0.662
0.662
0.055787
0.0731237
0.472877
0.662
0.592762
0.61648
0.180437
0.574444
0.489249
0.261105
0.158942
0.662
0.223975
0.662
0.662
0.662
0.28949
0.296899
0.434719
0.249176
0.662
0.662
0.442868
0.279958
0.662
0.662
0.662
0.120747
0.662
0.662
0.392472
0.40656
0.0649483
0.623136
0.447225
0.662
0.662
0.406974
0.322083
0.662
0.266183
0.302059
0.662
0.551165
0.662
0.662
0.662
0.662
0.662
0.662
0.583328
0.260916
0.662
0.0959675
0.452866
0.32044
0.43179
0.44023
0.399758
0.662
0.662
0.255137
0.662
0.125153
0.0161873
0.577959
0.662
0.202125
0.18568
0.275904
0.466236
0.0270641
0.35134
0.198646
0.572852
0.315698
0.662
0.662
0.422883
0.330757
0.662
0.662
0.118846
0.437004
0.662
0.662
0.662
0.566227
0.438486
0.0514774
0.349507
0.444296
0.662
0.662
0.662
0.4353
0.168961
0.111097
0.339509
0.662
0.662
0.662
0.345877
0.662
0.237217
0.137981
0.288576
0.463131
0.187212
0.152011
0.662
0.208644
0.0311237
0.662
0.233734
0.662
0.662
0.662
0.16889
0.144008
0.257401
0.65924
0.225502
0.424924
0.662
0.209088
0.662
0.662
0.371573
0.662
0.105888
0.662
0.662
0.190359
0.662
0.662
0.228764
0.236985
0.662
0.662
0.662
0.662
0.662
0.603349
0.42421
0.223161
0.209423
0.442032
0.312685
0.358974
0.315008
0.337719
0.395288
0.662
0.51864
0.662
0.0110711
0.662
0.662
0.662
0.662
0.341504
0.232658
0.662
0.662
0.337195
0.438042
0.221393
0.662
0.392544
0.305259
0.519238
0.0965208
0.425698
0.338785
0.213848
0.638173
0.662
0.299469
0.484467
0.27951
0.662
0.260892
0.609944
0.414632
0.212684
0.662
0.662
0.131447
0.662
0.662
0.0552593
0.347417
0.409209
0.662
0.0793034
0.662
0.0977617
0.390972
0.662
0.21838
0.176283
0.662
0.15538
0.442107
0.166797
0.662
0.662
0.15488
0.333121
0.0144425
0.431067
0.662
0.300395
0.238857
0.0477524
0.662
0.215607
0.662
0.215917
0.662
0.0387189
0.662
0.185488
0.188217
0.315111
0.55978
0.467011
0.0621873
0.662
0.662
0.662
0.215858
0.662
0.0333404
0.383803
0.138548
0.662
0.172417
0.0669519
0.237201
0.662
0.662
0.425765
0.351844
0.662
0.442856
0.662
0.662
0.0522881
0.662
0.160319
0.662
0.170823
0.373845
0.138413
0.373687
0.075902
0.662
0.662
0.341991
0.662
0.524947
0.662
0.389219
0.244193
0.625678
0.662
0.345698
0.429297
0.228149
0.662
0.421704
0.662
0.662
0.30852
0.322423
0.503205
0.286596
0.10456
0.662
0.268273
0.662
0.662
0.270838
0.589754
0.662
0.149231
0.662
0.287177
0.662
0.662
0.336578
0.662
0.034886
0.200672
0.199248
0.662
0.662
0.662
0.662
0.662
0.408184
0.26931
0.203281
0.000422636
0.500238
0.399205
0.244936
0.188508
0.276797
0.237647
0.662
0.0522916
0.128609
0.230047
0.393238
0.662
0.662
0.627107
0.662
0.483471
0.662
0.115108
0.662
0.662
0.313206
0.188972
0.173667
0.662
0.548749
0.337213
0.662
0.468688
0.140762
0.662
0.241292
0.662
0.662
0.258
0.662
0.433716
0.0643638
0.323286
0.142261
0.249771
0.662
0.366001
0.662
0.0802997
0.662
0.206501
0.185293
0.662
0.662
0.41447
0.662
0.662
0.662
0.662
0.662
0.426377
0.403179
0.482071
0.29311
0.353942
0.662
0.0725232
0.181229
0.662
0.387991
0.226308
0.130352
0.662
0.302539
0.153167
0.0403518
0.662
0.662
0.662
0.451274
0.20809
0.0482685
0.231624
0.256933
0.417079
0.346113
0.662
0.662
0.662
0.662
0.662
0.249435
0.216801
0.251559
0.0924411
0.432971
0.662
0.662
0.119292
0.662
0.662
0.662
0.662
0.239724
0.310932
0.205864
0.477464
0.000217922
0.26042
0.662
0.662
0.376157
0.662
0.32665
0.221166
0.245076
0.662
0.662
0.662
0.662
0.572582
0.662
0.0974688
0.662
0.394485
0.448488
0.662
0.662
0.662
0.662
0.662
0.358901
0.662
0.373673
0.251596
0.174279
0.662
0.474181
0.662
0.521866
0.662
0.3584
0.648315
0.465444
0.662
0.2738
0.209953
0.313971
0.662
0.295919
0.662
0.662
0.199709
0.308157
0.0464326
0.662
0.298787
0.662
0.493063
0.198679
0.662
0.662
0.14077
0.612765
0.433181
0.219488
0.662
0.662
0.662
0.662
0.264393
0.662
0.366952
0.662
0.217662
0.662
0.662
0.662
0.420286
0.00901334
0.29176
0.22165
0.662
0.662
0.468806
0.00684614
0.49661
0.16645
0.662
0.44044
0.417066
0.662
0.439199
0.0620637
0.173209
0.662
0.31775
0.662
0.662
0.46584
0.444159
0.13327
0.662
0.662
0.662
0.370983
0.344192
0.662
0.0785351
0.662
0.408589
0.662
0.32856
0.662
0.335545
0.451081
0.662
0.662
0.55218
0.652469
0.473402
0.21818
0.0568881
0.249083
0.662
0.662
0.312201
0.662
0.417274
0.352364
0.197386
0.24694
0.662
0.662
0.662
0.596806
0.662
0.662
0.287211
0.171635
0.0420683
0.286542
0.27796
0.662
0.386477
0.489392
0.662
0.662
0.18683
0.0124614
0.24602
0.324252
0.662
0.218694
0.662
0.662
0.336913
0.662
0.662
0.662
0.240531
0.343679
0.321704
0.0468724
0.165312
0.431584
0.662
0.0627589
0.454524
0.441409
0.47209
0.662
0.662
0.662
0.0832469
0.210619
0.412167
0.264045
0.662
0.570751
0.662
0.335873
0.191554
0.420209
0.662
0.662
0.662
0.0125496
0.662
0.156752
0.662
0.0482523
0.662
0.304374
0.662
0.222839
0.289684
0.187179
0.662
0.511012
0.180987
0.662
0.662
0.662
0.301239
0.662
0.421311
0.662
0.548049
0.0786133
0.40718
0.662
0.317233
0.447271
0.354274
0.662
0.662
0.123858
0.662
0.662
0.662
0.662
0.228284
0.151865
0.662
0.136658
0.211405
0.662
0.662
0.662
0.364484
0.387197
0.662
0.134992
0.12986
0.662
0.395865
0.356052
0.0639693
0.395487
0.260271
0.662
0.495144
0.27397
0.314192
0.394749
0.662
0.662
0.6085
0.205288
0.374741
0.662
0.0106744
0.662
0.40781
0.30116
0.165003
0.646885
0.662
0.662
0.375443
0.662
0.0249822
0.662
0.662
0.254278
0.662
0.662
0.496965
0.662
0.662
0.331126
0.662
0.662
0.662
0.662
0.391447
0.00130518
0.662
0.203467
0.120869
0.0295732
0.662
0.203566
0.662
0.479598
0.662
0.63689
0.050077
0.662
0.662
0.170918
0.662
0.166531
0.249128
0.633391
0.662
0.351143
0.662
0.662
0.301505
0.492202
0.662
0.357243
0.347608
0.662
0.375218
0.37549
0.233946
0.437417
0.26988
0.411006
0.403527
0.662
0.662
0.662
0.283716
0.153511
0.662
0.414751
0.662
0.334676
0.436784
0.662
0.225604
0.340989
0.662
0.550027
0.662
0.383228
0.0882077
0.152506
0.206611
0.662
0.662
0.662
0.425053
0.111516
0.471175
0.662
0.292841
0.662
0.186372
0.662
0.662
0.0510111
0.591399
0.662
0.236308
0.662
0.394399
0.662
0.662
0.331757
0.662
0.0871817
0.662
0.662
0.329642
0.232102
0.36046
0.662
0.311154
0.662
0.469919
0.0351718
0.662
0.662
0.662
0.662
0.662
0.0756239
0.662
0.662
0.29289
0.294325
0.464338
0.662
0.662
0.662
0.0989933
0.206936
0.662
0.100334
0.662
0.0120739
0.662
0.662
0.662
0.662
0.662
0.462013
0.662
0.233021
0.309095
0.319273
0.662
0.180939
0.662
0.662
0.0754756
0.157868
0.160435
0.518834
0.662
0.0934125
0.519679
0.61365
0.305857
0.662
0.197519
0.30445
0.662
0.662
0.200515
0.662
0.662
0.534859
0.230279
0.240641
0.662
0.662
0.662
0.364976
0.477401
0.220787
0.0365244
0.162447
0.662
0.662
0.137744
0.647786
0.201936
0.358639
0.280701
0.022889
0.0182726
0.662
0.662
0.662
0.310128
0.662
0.662
0.26641
0.353132
0.662
0.235323
0.662
0.21694
0.266082
0.662
0.360909
0.0893347
0.0625491
0.662
0.662
0.662
0.662
0.662
0.662
0.215787
0.462616
0.128318
0.662
0.662
0.662
0.140738
0.662
0.662
0.503798
0.194971
0.662
0.662
0.370743
0.347507
0.171232
0.204103
0.662
0.662
0.388356
0.662
0.444092
0.662
0.0309782
0.662
0.0671877
0.180409
0.394973
0.662
0.206005
0.214137
0.240331
0.285702
0.312813
0.662
0.463504
0.662
0.277183
0.207612
0.662
0.360476
0.357944
0.0131664
0.382481
0.662
0.347691
0.358288
0.662
0.662
0.368333
0.334174
0.662
0.662
0.481254
0.662
0.662
0.662
0.662
0.662
0.662
0.662
0.662
0.181393
0.662
0.662
0.662
0.225264
0.662
0.430405
0.189903
0.662
0.662
0.662
0.536157
0.310516
0.55771
0.122705
0.588533
0.228446
0.202566
0.206137
0.662
0.416097
0.0575766
0.662
0.0327267
0.364199
0.372805
0.131153
0.248819
0.662
0.662
0.662
0.662
0.662
0.662
0.662
0.662
0.0937002
0.331193
0.367542
0.373191
0.662
0.308482
0.662
0.389228
0.662
0.159371
0.662
0.392095
0.662
0.662
0.128442
0.662
0.662
0.662
0.662
0.662
0.206092
0.0179438
0.309825
0.251394
0.662
0.225653
0.154352
0.0179692
0.662
0.210763
0.662
0.2902
0.662
0.662
0.662
0.662
0.662
0.662
0.662
0.662
0.409097
0.344322
0.662
0.273751
0.527604
0.394605
0.662
0.300587
0.333436
0.0819014
0.662
0.324872
0.662
0.662
0.270758
0.662
0.662
0.365464
0.385971
0.152195
0.339259
0.662
0.174565
0.662
0.112247
0.0350697
0.171746
0.254608
0.272994
0.507369
0.283077
0.416471
0.0897839
0.2385
0.662
0.20828
0.0170823
0.195947
0.409904
0.482156
0.662
0.662
0.662
0.536445
0.275811
0.477198
0.273829
0.373404
0.662
0.454185
0.435045
0.662
0.216256
0.662
0.419019
0.662
0.132628
0.449078
0.13372
0.662
0.662
0.662
0.176971
0.0887892
0.24645
0.0435433
0.426338
0.662
0.662
0.662
0.662
0.662
0.662
0.39802
0.231789
0.475467
0.0913006
0.449233
0.586924
0.662
0.662
0.248705
0.212891
0.283134
0.38347
0.408621
0.662
0.424699
0.662
0.0661636
0.313981
0.459984
0.662
0.573269
0.260921
0.31221
0.506247
0.196112
0.00294501
0.317952
0.662
0.662
0.0667889
0.662
0.662
0.306302
0.405867
0.662
0.35842
0.421842
0.605848
0.662
0.662
0.662
0.189471
0.0909645
0.197271
0.341225
0.662
0.24577
3.12214e-05
0.204363
0.430524
0.461579
0.662
0.365996
0.662
0.662
0.31318
0.52979
0.662
0.215134
0.476597
0.662
0.364199
0.083089
0.050151
0.662
0.478311
0.382681
0.311894
0.273602
0.206437
0.403709
0.224756
0.249372
0.662
0.34925
0.183705
0.150103
0.30509
0.662
0.662
0.662
0.662
0.662
0.662
0.662
0.662
0.662
0.662
0.662
0.232285
0.285319
0.662
0.0896265
0.662
0.0633232
0.213456
0.192166
0.356562
0.662
0.232151
0.179431
0.662
0.0936014
0.662
0.387049
0.190427
0.261763
0.662
0.252165
0.149267
0.662
0.406804
0.588777
0.662
0.662
0.662
0.662
0.263685
0.662
0.421427
0.329259
0.076678
0.00767974
0.662
0.0405104
0.662
0.662
0.228573
0.662
0.662
0.578963
0.316696
0.148706
0.494876
0.244034
0.662
0.277844
0.662
0.662
0.662
0.159902
0.223975
0.662
0.662
0.662
0.662
0.342611
0.662
0.332219
0.662
0.662
0.169051
0.577354
0.662
0.11765
0.662
0.662
0.662
0.103104
0.662
0.662
0.0499177
0.176795
0.264009
0.662
0.662
0.662
0.662
0.308716
0.223454
0.662
0.662
0.662
0.616018
0.210268
0.662
0.152021
0.662
0.662
0.0491157
0.399667
0.32825
0.22933
0.662
0.074945
0.208058
0.40259
0.218257
0.355928
0.353032
0.662
0.662
0.662
0.464056
0.224884
0.588249
0.372724
0.285745
0.662
0.662
0.117323
0.0766444
0.598442
0.662
0.15659
0.662
0.662
0.662
0.250373
0.0574261
0.397688
0.662
0.0950303
0.271455
0.276617
0.299359
0.662
0.662
0.662
0.662
0.0237022
0.42307
0.302088
0.662
0.313469
0.38359
0.34567
0.173827
0.218997
0.662
0.316239
0.662
0.235699
0.662
0.272258
0.662
0.662
0.131964
0.290993
0.662
0.473943
0.662
0.662
0.186702
0.538089
0.29318
0.422458
0.143825
0.662
0.662
0.662
0.662
0.662
0.662
0.662
0.407728
0.662
0.662
0.662
0.662
0.175046
0.662
0.169072
0.662
0.662
0.280802
0.420744
0.241914
0.203271
0.662
0.290931
0.662
0.220727
0.296147
0.662
0.662
0.148023
0.47901
0.293688
0.532171
0.662
0.662
0.206136
0.500584
0.19969
0.356254
0.662
0.175328
0.662
0.203036
0.253358
0.165787
0.662
0.662
0.662
0.332187
0.199512
0.662
0.198981
0.0542718
0.662
0.662
0.319271
0.645187
0.220529
0.662
0.662
0.446718
0.146867
0.244976
0.457857
0.25653
0.47483
0.280457
0.45053
0.662
0.296824
0.301169
0.662
0.662
0.662
0.334277
0.662
0.451438
0.226988
0.173149
0.43548
0.233284
0.117981
0.662
0.293925
0.246341
0.662
0.662
0.662
0.253786
0.00966515
0.662
0.662
0.662
0.313572
0.662
0.63339
0.662
0.210189
0.662
0.662
0.662
0.0419943
0.362837
0.432733
0.288053
0.660085
0.542111
0.235272
0.0744284
0.662
0.322501
0.662
0.150218
0.662
0.662
0.289416
0.513348
0.261269
0.624126
0.449484
0.662
0.129739
0.662
0.662
0.446689
0.662
0.11444
0.220411
0.662
0.366778
0.26948
0.289645
0.21439
0.662
0.264859
0.662
0.662
0.63003
0.00507693
0.662
0.213536
0.264296
0.245081
0.428423
0.208429
0.0238108
0.279801
0.31686
0.185872
0.186223
0.325558
0.118681
0.662
0.00997478
0.662
0.662
0.235775
0.246199
0.662
0.312358
0.240287
0.44374
0.662
0.175756
0.0905597
0.431232
0.662
0.662
0.662
0.465557
0.346636
0.179564
0.467846
0.314663
0.662
0.662
0.31292
0.303949
0.299087
0.249707
0.662
0.0105935
0.662
0.662
0.277719
0.431605
0.662
0.662
0.196627
0.114133
0.662
0.662
0.564217
0.262406
0.662
0.662
0.662
0.662
0.662
0.662
0.662
0.267204
0.662
0.662
0.0340891
0.0701855
0.662
0.662
0.662
0.662
0.284098
0.292176
0.0726658
0.662
0.227093
0.662
0.662
0.398219
0.214053
0.163869
0.662
0.662
0.662
0.662
0.570654
0.662
0.461992
0.334956
0.2836
0.426232
0.217066
0.662
0.662
0.662
0.662
0.0678362
0.200146
0.469109
0.189261
0.361831
0.662
0.662
0.662
0.662
0.450718
0.367247
0.338023
0.489027
0.12061
0.562346
0.216137
0.0812092
0.271813
0.662
0.217454
0.629763
0.469979
0.00984323
0.285717
0.264945
0.595033
0.0441786
0.430708
0.20607
0.662
0.0621566
0.662
0.288167
0.289662
0.1907
0.0450814
0.177695
0.0807135
0.662
0.140351
0.662
0.265842
0.171059
0.315655
0.628731
0.662
0.202547
0.0609702
0.0266161
0.662
0.0283125
0.309768
0.236114
0.662
0.662
0.662
0.662
0.662
0.286727
0.00201144
0.662
0.662
0.0931787
0.323852
0.0249654
0.662
0.457803
0.23493
0.449163
0.229023
0.452071
0.378757
0.662
0.662
0.311575
0.366628
0.662
0.662
0.334062
0.34902
0.320303
0.403277
0.662
0.110048
0.315086
0.165267
0.316013
0.662
0.182317
0.336424
0.662
0.105214
0.507408
0.453027
0.662
0.15609
0.662
0.469487
0.226609
0.662
0.662
0.29119
0.662
0.057955
0.662
0.662
0.410628
0.115907
0.0937492
0.223884
0.662
0.662
0.254826
0.662
0.00291833
0.16376
0.662
0.662
0.662
0.662
0.0166675
0.0926331
0.261443
0.445167
0.662
0.662
0.289039
0.32261
0.311472
0.662
0.342452
0.368632
0.662
0.192284
0.662
0.192208
0.662
0.662
0.0911973
0.662
0.433674
0.257431
0.42126
0.195691
0.662
0.662
0.557902
0.178267
0.614668
0.3777
0.662
0.00546857
0.298111
0.662
0.662
0.662
0.0796494
0.500959
0.308861
0.662
0.128077
0.328201
0.662
0.662
0.439521
0.662
0.133306
0.217614
0.662
0.342943
0.481803
0.188602
0.662
0.081107
0.207795
0.0243028
0.245273
0.133346
0.228159
0.176403
0.207388
0.605173
0.453279
0.0961876
0.280948
0.0414781
0.662
0.662
0.662
0.662
0.662
0.662
0.261557
0.662
0.0599747
0.652586
0.113279
0.106046
0.662
0.662
0.398045
0.289315
0.662
0.662
0.662
0.0132657
0.662
0.205768
0.662
0.330082
0.363501
0.397564
0.662
0.662
0.480189
0.159109
0.637933
0.662
0.174895
0.662
0.635284
0.310124
0.360744
0.662
0.235231
0.427984
0.0990226
0.517024
0.384548
0.250145
0.230012
0.143251
0.249089
0.348163
0.28634
0.662
0.452754
0.662
0.14874
0.00419687
0.662
0.662
0.662
0.662
0.133754
0.537436
0.293103
0.662
0.662
0.228259
0.315772
0.299542
0.214743
0.570812
0.322591
0.662
0.426536
0.450509
0.662
0.148658
0.224608
0.446209
0.662
0.441289
0.662
0.471281
0.282005
0.662
0.495898
0.662
0.482327
0.214445
0.0672002
0.226745
0.198986
0.662
0.274246
0.662
0.298111
0.662
0.662
0.662
0.662
0.296041
0.0183144
0.662
0.0165313
0.2456
0.662
0.662
0.662
0.662
0.306943
0.240128
0.662
0.154221
0.662
0.662
0.240933
0.445478
0.147757
0.349874
0.289566
0.54146
0.0372391
0.662
0.107119
0.662
0.20124
0.255385
0.662
0.184741
0.662
0.662
0.24401
0.338822
0.279881
0.296894
0.662
0.447608
0.342989
0.397646
0.662
0.559826
0.662
0.226752
0.662
0.367867
0.662
0.537906
0.662
0.662
0.549469
0.242629
0.662
0.662
0.662
0.662
0.337249
0.662
0.662
0.662
0.244889
0.132281
0.368483
0.399481
0.450951
0.068822
0.397062
0.662
0.364346
0.423528
0.16277
0.662
0.195593
0.268743
0.662
0.0293384
0.216794
0.0170563
0.662
0.0268702
0.662
0.0657436
0.662
0.662
0.633694
0.440418
0.249022
0.186007
0.662
0.662
0.662
0.211311
0.0587747
0.389405
0.662
0.662
0.662
0.320774
0.662
0.13698
0.662
0.662
0.662
0.662
0.159976
0.662
0.0977221
0.198499
0.662
0.131304
0.577139
0.346065
0.454445
0.331328
0.662
0.337569
0.0935328
0.15973
0.585208
0.662
0.18887
0.374832
0.107309
0.265512
0.151167
0.289494
0.662
0.662
0.0951651
0.662
0.662
0.662
0.662
0.359608
0.662
0.374448
0.371453
0.286342
0.662
0.662
0.662
0.448245
0.662
0.662
0.662
0.36893
0.662
0.248181
0.310204
0.324276
0.662
0.0556085
0.274987
0.156348
0.662
0.662
0.43457
0.232972
0.429589
0.662
0.662
0.662
0.0565568
0.569365
0.432234
0.256625
0.662
0.180701
0.371639
0.662
0.662
0.51223
0.0682733
0.612566
0.278683
0.662
0.459435
0.662
0.136997
0.662
0.0812716
0.662
0.377946
0.662
0.238499
0.662
0.662
0.30129
0.286319
0.25511
0.662
0.662
0.662
0.410183
0.10081
0.139038
0.662
0.662
0.662
0.333839
0.662
0.178255
0.13159
0.0317497
0.211596
0.18049
0.23456
0.0744321
0.662
0.294158
0.662
0.188047
0.193159
0.3421
0.662
0.662
0.250648
0.662
0.662
0.662
0.222663
0.662
0.205243
0.662
0.248847
0.320465
0.438027
0.662
0.662
0.662
0.167883
0.226573
0.391948
0.228751
0.324445
0.305226
0.015473
0.219945
0.662
0.0574908
0.154844
0.352377
0.662
0.188699
0.662
0.165672
0.585096
0.14563
0.221764
0.204169
0.635133
0.525718
0.662
0.0535622
0.241627
0.662
0.295141
0.225173
0.307289
0.662
0.245777
0.173779
0.410698
0.277996
0.210922
0.0175978
0.352138
0.0475039
0.44198
0.209839
0.662
0.662
0.196555
0.370798
0.662
0.662
0.224281
0.451439
0.662
0.118055
0.662
0.662
0.662
0.231503
0.130611
0.662
0.411529
0.279725
0.279454
0.662
0.189955
0.193262
0.662
0.378103
0.502401
0.662
0.122056
0.385598
0.197163
0.197509
0.662
0.662
0.0344459
0.662
0.662
0.382123
0.369176
0.662
0.662
0.662
0.662
0.474981
0.124911
0.234092
0.662
0.273618
0.344168
0.117394
0.662
0.478064
0.662
0.662
0.270628
0.351337
0.662
0.662
0.196972
0.662
0.662
0.229706
0.260778
0.363731
0.485812
0.261442
0.418478
0.436491
0.662
0.356812
0.662
0.21241
0.662
0.431522
0.662
0.557975
0.133403
0.662
0.217159
0.401293
0.662
0.0310154
0.230402
0.24132
0.662
0.16197
0.662
0.662
0.662
0.0669504
0.662
0.662
0.248661
0.662
0.142962
0.129059
0.108831
0.381567
0.662
0.662
0.260685
0.433794
0.546292
0.341417
0.662
0.3382
0.42742
0.662
0.634943
0.456905
0.408365
0.662
0.500285
0.248338
0.21469
0.35411
0.531611
0.662
0.662
0.662
0.0580793
0.662
0.565533
0.40666
0.662
0.168192
0.317797
0.435935
0.0689809
0.208763
0.417709
0.662
0.662
0.403818
0.662
0.374953
0.662
0.26323
0.278564
0.628499
0.662
0.31057
0.662
0.230245
0.662
0.468825
0.420867
0.662
0.662
0.662
0.313814
0.229387
0.662
0.197425
0.186059
0.279561
0.662
0.473339
0.473766
0.662
0.662
0.0453804
0.662
0.430232
0.662
0.131865
0.662
0.662
0.662
0.0391567
0.662
0.0429758
0.247242
0.416813
0.662
0.223403
0.0502212
0.221678
0.446343
0.662
0.118555
0.662
0.662
0.169408
0.168106
0.662
0.125578
0.662
0.405409
0.324682
0.662
0.409488
0.448797
0.53813
0.0519976
0.223511
0.662
0.662
0.662
0.0427051
0.319357
0.133401
0.376287
0.662
0.662
0.662
0.662
0.662
0.246516
0.662
0.662
0.205691
0.294498
0.662
0.0714238
0.209063
0.2958
0.662
0.662
0.511936
0.32853
0.662
0.662
0.662
0.225857
0.0497051
0.193292
0.662
0.662
0.662
0.55256
0.662
0.662
0.333789
0.662
0.662
0.662
0.100709
0.198612
0.0589585
0.662
0.662
0.479849
0.662
0.330876
0.233974
0.662
0.18778
0.662
0.183406
0.240771
0.261804
0.410786
0.174525
0.662
0.662
0.340004
0.412698
0.299215
0.662
0.463556
0.662
0.662
0.662
0.184382
0.662
0.160872
0.425494
0.16169
0.662
0.254982
0.662
0.662
0.662
0.662
0.662
0.662
0.14827
0.155894
0.662
0.662
0.281943
0.258211
0.319923
0.475044
0.280084
0.298306
0.00101679
0.113544
0.246251
0.462076
0.662
0.15303
0.21879
0.662
0.184882
0.662
0.134193
0.662
0.0938493
0.662
0.662
0.365911
0.425328
0.465363
0.528603
0.457454
0.010828
0.286577
0.303007
0.662
0.312895
0.374628
0.268081
0.662
0.489089
0.48238
0.586583
0.662
0.662
0.0877116
0.335106
0.662
0.662
0.662
0.367298
0.0482759
0.662
0.413994
0.407133
0.010047
0.554802
0.662
0.1329
0.662
0.662
0.662
0.662
0.455183
0.340787
0.250821
0.662
0.249697
0.111712
0.662
0.662
0.0477457
0.662
0.662
0.662
0.557987
0.295992
0.218997
0.355779
0.662
0.214176
0.662
0.662
0.662
0.428054
0.116176
0.662
0.328236
0.071785
0.340158
0.662
0.662
0.662
0.27582
0.662
0.318208
0.43444
0.662
0.194279
0.329753
0.564109
0.192855
0.184692
0.315401
0.0115475
0.475954
0.224675
0.158019
0.662
0.175593
0.306819
0.60026
0.16764
0.331833
0.144884
0.662
0.219616
0.171099
0.662
0.529786
0.207641
0.662
0.662
0.583425
0.662
0.662
0.287863
0.662
0.310894
0.0231559
0.437638
0.662
0.307745
0.292712
0.662
0.662
0.102786
0.662
0.662
0.662
0.662
0.0961084
0.662
0.142007
0.662
0.242485
0.662
0.662
0.662
0.562867
0.151961
0.164265
0.662
0.388267
0.204603
0.662
0.516511
0.662
0.515321
0.357557
0.420904
0.662
0.662
0.662
0.425301
0.458549
0.471592
0.662
0.662
0.184893
0.389897
0.183675
0.662
0.383057
0.662
0.662
0.662
0.26655
0.380822
0.169023
0.662
0.662
0.662
0.662
0.662
0.493716
0.428939
0.662
0.662
0.461858
0.662
0.662
0.167613
0.465582
0.412254
0.662
0.269061
0.241191
0.662
0.662
0.0966287
0.0462061
0.176214
0.211102
0.347747
0.109661
0.481355
0.462938
0.471057
0.28441
0.662
0.117301
0.662
0.33604
0.662
0.198346
0.00715112
0.662
0.349086
0.662
0.190798
0.190971
0.00619336
0.222816
0.662
0.662
0.0711419
0.200652
0.507266
0.0616438
0.0367267
0.662
0.438898
0.662
0.436554
0.662
0.427412
0.196348
0.204594
0.662
0.334616
0.451875
0.662
0.179373
0.211113
0.662
0.303075
0.662
0.617479
0.662
0.662
0.662
0.376886
0.444215
0.0833728
0.662
0.115331
0.662
0.662
0.120005
0.116657
0.145882
0.202474
0.160816
0.20034
0.18043
0.449064
0.662
0.662
0.662
0.298137
0.241286
0.662
0.178748
0.422153
0.252976
0.291404
0.511648
0.662
0.472376
0.662
0.407619
0.261852
0.662
0.662
0.00884477
0.662
0.280351
0.647128
0.291491
0.456811
0.43553
0.662
0.662
0.166498
0.354843
0.662
0.193723
0.400611
0.181186
0.419197
0.662
0.0162948
0.010199
0.307022
0.389262
0.662
0.232698
0.208178
0.40023
0.323055
0.662
0.662
0.282608
0.208765
0.662
0.186583
0.426858
0.239849
0.254719
0.328393
0.470701
0.662
0.662
0.325453
0.245396
0.662
0.327942
0.18961
0.378578
0.662
0.228903
0.116875
0.222921
0.407227
0.662
0.489657
0.662
0.0231505
0.662
0.662
0.116289
0.662
0.24365
0.662
0.190493
0.662
0.193656
0.104663
0.464536
0.195093
0.662
0.231517
0.033082
0.662
0.466341
0.109294
0.55708
0.401789
0.402049
0.193401
0.140251
0.2647
0.275248
0.182836
0.0346578
0.662
0.662
0.662
0.454788
0.0400688
0.662
0.325174
0.662
0.6039
0.662
0.157859
0.662
0.270688
0.662
0.662
0.262522
0.662
0.45116
0.00473564
0.0373309
0.662
0.662
0.144051
0.289852
0.134815
0.662
0.287809
0.114752
0.390186
0.238612
0.662
0.271867
0.662
0.397191
0.293872
0.169369
0.24205
0.532205
0.662
0.427424
0.662
0.0281245
0.303215
0.662
0.00539487
0.662
0.662
0.123727
0.43551
0.662
0.207611
0.662
0.344385
0.210043
0.662
0.113504
0.251014
0.104173
0.655706
0.662
0.471705
0.361289
0.662
0.0698538
0.229165
0.662
0.662
0.467604
0.123902
0.368985
0.0952383
0.662
0.662
0.662
0.662
0.329626
0.138049
0.206271
0.232715
0.662
0.662
0.208857
0.198918
0.0377337
0.27011
0.562647
0.662
0.662
0.662
0.18685
0.23376
0.0102314
0.623815
0.584837
0.295815
0.204614
0.106309
0.407414
0.141454
0.281037
0.662
0.454677
0.130796
0.662
0.0541244
0.505031
0.662
0.269655
0.490137
0.662
0.220575
0.139047
0.220406
0.198252
0.662
0.276801
0.224107
0.219811
0.662
0.662
0.662
0.662
0.662
0.662
0.662
0.50764
0.438743
0.662
0.0681136
0.352681
0.398694
0.248827
0.132788
0.182492
0.128134
0.662
0.431667
0.172923
0.288914
0.662
0.162928
0.16615
0.662
0.174061
0.345385
0.129782
0.00295836
0.576678
0.0255609
0.0635166
0.0564518
0.233691
0.190127
0.662
0.481783
0.181602
0.189526
0.662
0.125791
0.281555
0.662
0.223996
0.378606
0.317589
0.662
0.105404
0.662
0.306275
0.106169
0.662
0.662
0.263105
0.0106727
0.662
0.561321
0.187785
0.662
0.662
0.662
0.437102
0.662
0.117399
0.0607287
0.662
0.43675
0.662
0.662
0.662
0.39838
0.440482
0.213353
0.412018
0.662
0.438475
0.0212116
0.662
0.24339
0.22135
0.0984363
0.140691
0.288189
0.662
0.239815
0.368337
0.662
0.0353932
0.178278
0.662
0.662
0.427754
0.114462
0.658252
0.662
0.276122
0.318907
0.30016
0.662
0.662
0.519231
0.414394
0.606694
0.149076
0.662
0.662
0.499946
0.662
0.127927
0.662
0.476823
0.662
0.155585
0.0989305
0.23886
0.398956
0.20038
0.150311
0.662
0.082663
0.662
0.662
0.457282
0.0450244
0.654584
0.162373
0.273903
0.246211
0.662
0.597786
0.435294
0.662
0.662
0.339199
0.662
0.662
0.353806
0.662
0.136948
0.16858
0.459749
0.384575
0.225902
0.662
0.0770247
0.662
0.662
0.241391
0.662
0.662
0.662
0.192244
0.662
0.662
0.137806
0.662
0.662
0.367264
0.30709
0.662
0.662
0.265003
0.662
0.253876
0.662
0.173161
0.41958
0.662
0.662
0.662
0.662
0.441487
0.518181
0.366761
0.209524
0.662
0.304886
0.662
0.662
0.662
0.186888
0.458467
0.662
0.662
0.136734
0.172121
0.251917
0.662
0.662
0.662
0.662
0.328802
0.662
0.662
0.199705
0.662
0.662
0.662
0.430687
0.662
0.662
0.662
0.0823946
0.589858
0.00827845
0.662
0.662
0.268432
0.241494
0.662
0.662
0.0357277
0.0690957
0.461222
0.471382
0.20351
0.428661
0.662
0.662
0.449188
0.0852021
0.662
0.631071
0.662
0.158981
0.358208
0.340578
0.662
0.662
0.662
0.149692
0.662
0.540551
0.662
0.412289
0.421935
0.117081
0.154325
0.267526
0.268448
0.407098
0.29364
0.662
0.662
0.662
0.662
0.0661798
0.662
0.662
0.662
0.662
0.433305
0.662
0.662
0.291302
0.518103
0.662
0.555092
0.138263
0.662
0.662
0.388985
0.411066
0.0993443
0.662
0.537086
0.318999
0.662
0.662
0.448551
0.250255
0.219176
0.466686
0.662
0.301648
0.662
0.662
0.0788498
0.345062
0.662
0.166881
0.39439
0.662
0.662
0.662
0.268817
0.243499
0.408152
0.153019
0.468796
0.662
0.323892
0.361194
0.662
0.662
0.662
0.662
0.411853
0.395298
0.333166
0.608835
0.197742
0.662
0.425673
0.498329
0.077038
0.662
0.185477
0.115079
0.316487
0.662
0.154515
0.662
0.662
0.267877
0.399172
0.662
0.662
0.662
0.131504
0.662
0.662
0.662
0.443262
0.662
0.662
0.40876
0.0675242
0.662
0.553743
0.170934
0.166392
0.0993449
0.474254
0.662
0.662
0.154926
0.662
0.662
0.214778
0.662
0.0297576
0.319857
0.0700125
0.303895
0.158548
0.535695
0.196021
0.662
0.662
0.203863
0.320888
0.630276
0.200102
0.385326
0.662
0.662
0.0693465
0.524217
0.172923
0.258981
0.662
0.363443
0.40978
0.429969
0.662
0.662
0.295338
0.349335
0.474562
0.202613
0.160866
0.662
0.662
0.662
0.662
0.662
0.662
0.662
0.437954
0.662
0.237595
0.662
0.662
0.662
0.662
0.059838
0.0622448
0.219652
0.647079
0.662
0.11167
0.662
0.662
0.662
0.63101
0.662
0.662
0.18148
0.662
0.662
0.319833
0.212982
0.139355
0.0155613
0.21249
0.302958
0.662
0.144082
0.662
0.253179
0.0381066
0.171234
0.195151
0.662
0.189332
0.662
0.622367
0.20959
0.662
0.172019
0.662
0.10119
0.662
0.662
0.177621
0.561058
0.120367
0.662
0.662
0.662
0.291829
0.658439
0.437022
0.0146836
0.401928
0.0115599
0.174491
0.527288
0.450543
0.662
0.019041
0.523939
0.662
0.441222
0.646047
0.662
0.662
0.662
0.662
0.495536
0.226907
0.229345
0.000280024
0.662
0.595156
0.19782
0.662
0.662
0.662
0.246566
0.224689
0.640102
0.0071622
0.00681424
0.662
0.4989
0.226994
0.526319
0.154282
0.442686
0.301462
0.662
0.266582
0.662
0.523612
0.662
0.258526
0.324973
0.662
0.455386
0.240131
0.0223144
0.389636
0.0117437
0.445392
0.277288
0.0888371
0.0400813
0.662
0.372062
0.473461
0.662
0.662
0.364499
0.662
0.188309
0.662
0.374898
0.169567
0.332066
0.254194
0.662
0.0913169
0.662
0.662
0.662
0.662
0.662
0.29662
0.662
0.662
0.234225
0.400757
0.662
0.280632
0.225059
0.113346
0.662
0.662
0.662
0.0752232
0.662
0.662
0.662
0.406099
0.662
0.246073
0.31345
0.662
0.662
0.371587
0.164408
0.408379
0.662
0.662
0.290173
0.439884
0.662
0.184204
0.662
0.378743
0.362103
0.662
0.662
0.662
0.339121
0.119561
0.662
0.378695
0.125603
0.431319
0.12733
0.387489
0.254234
0.194446
0.0867877
0.0789231
0.0536992
0.633694
0.411484
0.662
0.000932618
0.662
0.318111
0.229566
0.232789
0.0604422
0.662
0.662
0.662
0.0283435
0.236779
0.190756
0.398009
0.662
0.431086
0.131448
0.148604
0.662
0.259632
0.00379654
0.662
0.214205
0.360444
0.00460061
0.662
0.254914
0.123384
0.662
0.311171
0.662
0.548048
0.138853
0.178815
0.097014
0.437854
0.289148
0.662
0.229246
0.662
0.386773
0.662
0.662
0.662
0.662
0.662
0.662
0.355374
0.0298487
0.0718904
0.662
0.29738
0.0201421
0.164059
0.662
0.0822913
0.333799
0.662
0.662
0.662
0.662
0.137897
0.258091
0.662
0.119646
0.515142
0.269089
0.469797
0.441077
0.662
0.263094
0.216541
0.662
0.662
0.069223
0.662
0.347257
0.0664666
0.416063
0.662
0.129546
0.662
0.310798
0.419299
0.0919736
0.662
0.569828
0.237543
0.435532
0.107053
0.0395882
0.662
0.176291
0.589654
0.0868009
0.235687
0.423996
0.277805
0.302524
0.662
0.662
0.263496
0.020561
0.438845
0.662
0.662
0.662
0.662
0.662
0.662
0.330089
0.0329929
0.279572
0.320703
0.662
0.228437
0.213012
0.662
0.662
0.662
0.304214
0.662
0.651698
0.0638383
0.394219
0.00154178
0.662
0.662
0.476058
0.662
0.662
0.293379
0.662
0.124142
0.225848
0.662
0.662
0.199076
0.374941
0.434994
0.314715
0.234287
0.232619
0.662
0.429791
0.662
0.662
0.529188
0.142825
0.662
0.430583
0.184003
0.0854186
0.662
0.188907
0.284329
0.662
0.662
0.159521
0.662
0.0111282
0.662
0.377646
0.662
0.662
0.194376
0.662
0.115795
0.662
0.32521
0.662
0.662
0.662
0.662
0.388706
0.14346
0.662
0.278017
0.228192
0.498107
0.662
0.579511
0.14807
0.220918
0.662
0.349248
0.662
0.269051
0.160166
0.662
0.662
0.284225
0.662
0.0275251
0.233213
0.262241
0.662
0.06234
0.264167
0.662
0.291387
0.662
0.0945765
0.0136319
0.662
0.63632
0.662
0.421804
0.00103604
0.662
0.301966
0.0206329
0.218548
0.662
0.62897
0.0793898
0.085906
0.0571107
0.662
0.436789
0.308614
0.496675
0.160445
0.404175
0.4763
0.662
0.298262
0.662
0.134266
0.151103
0.551229
0.315317
0.662
0.351527
0.161827
0.662
0.0832721
0.662
0.662
0.0388348
0.662
0.662
0.662
0.0100953
0.29745
0.110416
0.158017
0.241327
0.662
0.662
0.662
0.662
0.207091
0.267993
0.169652
0.662
0.662
0.316244
0.662
0.662
0.662
0.662
0.212535
0.463725
0.662
0.662
0.314881
0.409471
0.474031
0.143988
0.318207
0.662
0.306719
0.662
0.0984471
0.662
0.190054
0.0862181
0.157499
0.0934525
0.215532
0.358734
0.220301
0.662
0.662
0.27743
0.243266
0.299622
0.662
0.307959
0.454017
0.662
0.662
0.151643
0.25889
0.308594
0.662
0.178462
0.329551
0.271695
0.297988
0.662
0.377312
0.662
0.461848
0.662
0.662
0.662
0.662
0.0440142
0.662
0.155252
0.259733
0.155494
0.205689
0.662
0.662
0.274159
0.579677
0.662
0.662
0.00447775
0.516934
0.662
0.249783
0.12827
0.662
0.662
0.444624
0.161981
0.662
0.126793
0.662
0.213376
0.240709
0.662
0.62726
0.00130233
0.463829
0.0954575
0.406796
0.662
0.662
0.601058
0.474197
0.282931
0.0717299
0.499274
0.534616
0.0619012
0.662
0.662
0.580955
0.466389
0.662
0.210457
0.662
0.0883775
0.00581636
0.197964
0.315318
0.231607
0.478439
0.454676
0.662
0.574163
0.346059
0.662
0.662
0.225461
0.662
0.184159
0.662
0.662
0.659545
0.0539053
0.218719
0.187704
0.139426
0.303348
0.0161815
0.0814029
0.662
0.299688
0.215922
0.5063
0.510525
0.662
0.662
0.662
0.3409
0.227728
0.436303
0.19289
0.12739
0.263897
0.662
0.426229
0.313501
0.662
0.266225
0.20698
0.473397
0.612036
0.662
0.0958688
0.662
0.222387
0.303793
0.203344
0.662
0.229821
0.54288
0.662
0.662
0.644418
0.332685
0.171054
0.662
0.519617
0.422439
0.115582
0.060011
0.33499
0.200561
0.662
0.662
0.662
0.229755
0.662
0.392064
0.662
0.662
0.299823
0.563422
0.662
0.662
0.483096
0.662
0.2707
0.662
0.662
0.399421
0.662
0.390689
0.332047
0.0305799
0.482255
0.330076
0.330142
0.662
0.0999366
0.360413
0.662
0.264114
0.313225
0.662
0.427875
0.477261
0.662
0.276014
0.19923
0.466941
0.257842
0.0465227
0.283873
0.662
0.33832
0.242734
0.662
0.291869
0.662
0.662
0.662
0.379955
0.662
0.662
0.00307169
0.246599
0.248208
0.662
0.662
0.249227
0.402658
0.136208
0.425201
0.224001
0.662
0.560817
0.329827
0.342895
0.196279
0.662
0.662
0.662
0.662
0.173817
0.662
0.662
0.224773
0.662
0.118486
0.300426
0.533225
0.662
0.124753
0.0456844
0.662
0.662
0.33859
0.662
0.23014
0.662
0.662
0.662
0.00761841
0.662
0.389521
0.514853
0.662
0.273085
0.466661
0.662
0.662
0.240869
0.642735
0.662
0.479855
0.662
0.149892
0.373811
0.384649
0.260751
0.295816
0.155675
0.2089
0.662
0.226756
0.0756629
0.137955
0.0984324
0.662
0.411949
0.662
0.447653
0.662
0.0976746
0.662
0.103201
0.662
0.465658
0.0715784
0.294896
0.662
0.662
0.307929
0.662
0.292867
0.430796
0.662
0.662
0.662
0.563601
0.662
0.447621
0.404352
0.0116233
0.662
0.662
0.140324
0.662
0.662
0.257164
0.315447
0.436818
0.341971
0.20999
0.662
0.662
0.233095
0.531497
0.0525378
0.662
0.245622
0.662
0.662
0.47472
0.384779
0.0273416
0.0270409
0.662
0.313711
0.662
0.662
0.630911
0.662
0.280515
0.46588
0.0293008
0.317178
0.21162
0.196299
0.662
0.662
0.662
0.662
0.14724
0.662
0.662
0.0824922
0.174782
0.545468
0.662
0.299049
0.662
0.421451
0.662
0.658695
0.139782
0.662
0.662
0.228827
0.441851
0.116987
0.0250904
0.662
0.439736
0.662
0.163235
0.662
0.662
0.662
0.662
0.662
0.131416
0.0333964
0.662
0.427157
0.212057
0.662
0.109022
0.579432
0.662
0.662
0.448009
0.662
0.662
0.225214
0.662
0.207353
0.255
0.435435
0.209954
0.238815
0.662
0.283621
0.662
0.662
0.10724
0.0471693
0.401184
0.172685
0.662
0.329992
0.662
0.662
0.171125
0.270446
0.662
0.630773
0.476171
0.0956814
0.662
0.00426024
0.0256055
0.357534
0.662
0.662
0.662
0.662
0.662
0.30705
0.508035
0.662
0.662
0.371036
0.662
0.223026
0.136061
0.662
0.186465
0.511179
0.662
0.415269
0.662
0.101678
0.184973
0.662
0.100643
0.539998
0.411742
0.662
0.342206
0.447549
0.662
0.385495
0.240519
0.0997806
0.197768
0.39705
0.662
0.662
0.155876
0.662
0.374399
0.499946
0.288402
0.662
0.226725
0.662
0.662
0.141564
0.662
0.662
0.662
0.159439
0.269029
0.130269
0.662
0.662
0.662
0.428752
0.662
0.165391
0.423416
0.298312
0.662
0.41937
0.289319
0.453121
0.348965
0.644558
0.0822439
0.474442
0.202375
0.140897
0.192155
0.206856
0.662
0.244213
0.325699
0.458807
0.35421
0.662
0.375351
0.145582
0.662
0.0957932
0.114797
0.118984
0.341635
0.662
0.662
0.428575
0.662
0.0483642
0.207056
0.298848
0.662
0.662
0.460262
0.184415
0.0322736
0.662
0.412165
0.662
0.205948
0.138534
0.662
0.376718
0.300641
0.662
0.420824
0.662
0.578262
0.662
0.662
0.662
0.286059
0.662
0.662
0.215266
0.588864
0.662
0.662
0.654484
0.264591
0.102457
0.289188
0.662
0.662
0.00437023
0.122848
0.18939
0.303917
0.662
0.234247
0.322815
0.662
0.662
0.369937
0.217539
0.129869
0.662
0.301878
0.662
0.662
0.0533009
0.157119
0.458665
0.309671
0.662
0.662
0.0852001
0.662
0.662
0.44098
0.662
0.662
0.662
0.313171
0.286639
0.350584
0.237257
0.662
0.662
0.662
0.162644
0.662
0.662
0.662
0.165189
0.548366
0.347918
0.516708
0.662
0.662
0.662
0.662
0.662
0.372899
0.236298
0.662
0.40867
0.179792
0.527375
0.662
0.423997
0.662
0.662
0.369372
0.662
0.308193
0.662
0.662
0.235726
0.662
0.331909
0.222412
0.293874
0.223832
0.39923
0.249399
0.201304
0.160757
0.386414
0.662
0.271218
0.662
0.131664
0.175339
0.114851
0.662
0.662
0.386622
0.220586
0.662
0.0386976
0.196082
0.608704
0.473581
0.226915
0.21111
0.00660953
0.0891695
0.138526
0.662
0.662
0.509034
0.662
0.235655
0.662
0.662
0.474174
0.662
0.662
0.105947
0.662
0.314264
0.662
0.169789
0.198082
0.438438
0.662
0.662
0.662
0.287401
0.153065
0.662
0.149361
0.265396
0.339467
0.662
0.304499
0.662
0.28856
0.168761
