0.246935
0.521973
0.662
0.442209
0.662
0.662
0.447392
0.410981
0.0206219
0.425905
0.00582476
0.662
0.662
0.365461
0.465822
0.662
0.611089
0.662
0.351183
0.662
0.421295
0.662
0.0138847
0.662
0.662
0.0755333
0.30721
0.10366
0.196177
0.662
0.218086
0.381105
0.662
0.454435
0.662
0.205576
0.327203
0.383214
0.662
0.352937
0.662
0.0200166
0.302331
0.23647
0.662
0.178047
0.195407
0.662
0.662
0.461891
0.117445
0.44832
0.212272
0.160833
0.466854
0.0369009
0.662
0.221794
0.662
0.133792
0.662
0.46899
0.662
0.662
0.287735
0.159169
0.405791
0.316881
0.662
0.420263
0.2706
0.21895
0.662
0.22025
0.128744
0.662
0.0984304
0.455628
0.300376
0.662
0.662
0.243755
0.281759
0.468305
0.191696
0.662
0.317578
0.662
0.137691
0.00211937
0.200708
0.662
0.0608443
0.662
0.0928235
0.327559
0.662
0.391744
0.135529
0.319345
0.662
0.112566
0.331657
0.42586
0.662
0.0422755
0.245117
0.662
0.604151
0.199796
0.0383953
0.662
0.227249
0.129729
0.662
0.621738
0.112584
0.662
0.0161604
0.305767
0.616147
0.113699
0.0615966
0.662
0.662
0.662
0.37049
0.662
0.662
0.123818
0.662
0.662
0.662
0.294216
0.223352
0.459221
0.662
0.624471
0.295072
0.0650527
0.442921
0.662
0.0563305
0.0417184
0.295007
0.45475
0.662
0.181403
0.625816
0.193398
0.662
0.662
0.117546
0.0691478
0.662
0.662
0.113319
0.662
0.20196
0.258946
0.662
0.0581622
0.662
0.0350156
0.197644
0.36451
0.360948
0.512309
0.151086
0.662
0.662
0.343048
0.662
0.10784
0.152219
0.662
0.395385
0.662
0.662
0.174281
0.662
0.662
0.662
0.662
0.125694
0.662
0.206427
0.20667
0.144339
0.530095
0.47069
0.662
0.662
0.662
0.217252
0.329279
0.138756
0.662
0.252414
0.0931678
0.337385
0.376263
0.662
0.146003
0.22255
0.413208
0.40242
0.662
0.662
0.311907
0.662
0.167221
0.138013
0.391067
0.662
0.149513
0.391341
0.662
0.662
0.662
0.662
0.316541
0.177111
0.165037
0.662
0.662
0.662
0.662
0.64717
0.52949
0.218826
0.155017
0.22268
0.074079
0.662
0.00246906
0.420474
0.662
0.662
0.27927
0.662
0.334881
0.123233
0.662
0.125613
0.51865
0.662
0.0861929
0.436378
0.662
0.0632195
0.662
0.573839
0.290901
0.237491
0.380798
0.662
0.453907
0.378719
0.199604
0.156699
0.662
0.23999
0.424029
0.662
0.3672
0.161406
0.662
0.166028
0.155482
0.662
0.0970235
0.195788
0.0718457
0.184572
0.23315
0.357757
0.146038
0.261759
0.662
0.662
0.662
0.0758683
0.199375
0.662
0.662
0.662
0.662
0.662
0.436631
0.662
0.17824
0.184959
0.662
0.662
0.305257
0.238179
0.403385
0.174189
0.473526
0.384368
0.108829
0.058398
0.32569
0.662
0.0448388
0.357339
0.195036
0.184732
0.584646
0.304363
0.662
0.662
0.662
0.662
0.13602
0.662
0.391453
0.340111
0.086033
0.195874
0.418783
0.116426
0.403311
0.662
0.4188
0.662
0.599793
0.165368
0.662
0.225387
0.244839
0.662
0.186693
0.662
0.662
0.662
0.0250222
0.148215
0.662
0.662
0.662
0.464041
0.114948
0.340767
0.662
0.0663352
0.419693
0.477225
0.662
0.662
0.662
0.533029
0.0818512
0.206963
0.196981
0.662
0.115068
0.45931
0.662
0.662
0.54573
0.206164
0.27518
0.013449
0.0413392
0.480079
0.26922
0.0329749
0.329381
0.36673
0.394082
0.185215
0.468439
0.662
0.218518
0.662
0.431513
0.662
0.662
0.161325
0.662
0.662
0.33334
0.543492
0.643535
0.470136
0.662
0.662
0.662
0.0365513
0.218366
0.420904
0.463885
0.662
0.597671
0.373299
0.22766
0.662
0.0785649
0.105639
0.498529
0.310302
0.0893563
0.662
0.267795
0.307641
0.149366
0.662
0.411122
0.273624
0.604417
0.200412
0.662
0.184952
0.662
0.662
0.0793185
0.611106
0.436698
0.162951
0.433381
0.527777
0.464391
0.662
0.220488
0.662
0.198491
0.395982
0.466104
0.595894
0.196944
0.511171
0.662
0.401273
0.662
0.0918371
0.198135
0.662
0.315261
0.355584
0.662
0.490654
0.341572
0.662
0.281857
0.662
0.662
0.103676
0.486645
0.662
0.662
0.219897
0.212302
0.662
0.391782
0.662
0.662
0.662
0.293634
0.662
0.515239
0.662
0.662
0.217275
0.662
0.134659
0.380176
0.105153
0.662
0.662
0.662
0.662
0.0711266
0.662
0.662
0.526685
0.662
0.216779
0.183957
0.301263
0.662
0.220874
0.662
0.0340823
0.17612
0.335261
0.662
0.0432462
0.662
0.0854386
0.662
0.122981
0.185605
0.662
0.201166
0.0963033
0.662
0.662
0.0672782
0.201349
0.450022
0.144628
0.196014
0.662
0.197908
0.446042
0.662
0.103776
0.333254
0.662
0.375036
0.662
0.161685
0.399847
0.662
0.662
0.0513636
0.22847
0.662
0.662
0.662
0.148929
0.0899575
0.0200844
0.662
0.662
0.662
0.662
0.064929
0.519432
0.662
0.662
0.140943
0.61242
0.662
0.338868
0.662
0.662
0.662
0.662
0.320461
0.311208
0.25378
0.662
0.197946
0.662
0.271699
0.195463
0.0941097
0.153353
0.662
0.662
0.311546
0.662
0.483897
0.326294
0.117248
0.662
0.662
0.330084
0.662
0.201435
0.0427271
0.662
0.662
0.662
0.662
0.251074
0.662
0.411483
0.205302
0.122491
0.225752
0.355993
0.662
0.662
0.662
0.208172
0.279402
0.662
0.425316
0.662
0.662
0.207557
0.662
0.193388
0.218373
0.201117
0.662
0.572191
0.0116932
0.419917
0.662
0.0566674
0.0814387
0.662
0.426736
0.662
0.162207
0.25054
0.175568
0.219906
0.111833
0.516756
0.662
0.471272
0.058709
0.662
0.662
0.407553
0.464813
0.318318
0.662
0.662
0.391889
0.326159
0.377542
0.662
0.662
0.566697
0.363853
0.417916
0.206462
0.0141507
0.327496
0.00669419
0.55834
0.662
0.633694
0.612378
0.472189
0.205433
0.662
0.272486
0.337611
0.0759984
0.340609
0.308737
0.299052
0.662
0.662
0.0733297
0.445644
0.319091
0.175473
0.632456
0.662
0.254272
0.662
0.0158447
0.494443
0.120837
0.662
0.660891
0.467059
0.072553
0.0150379
0.101772
0.292713
0.00146922
0.662
0.307158
0.0269956
0.662
0.581244
0.606979
0.45578
0.662
0.0671433
0.662
0.662
0.520878
0.10581
0.32117
0.2001
0.157196
0.276516
0.245705
0.464255
0.569405
0.662
0.249691
0.138819
0.137302
0.662
0.394924
0.662
0.662
0.482478
0.130289
0.662
0.0472217
0.662
0.153731
0.560791
0.206463
0.662
0.662
0.130478
0.352589
0.662
0.261889
0.120519
0.662
0.662
0.305879
0.420828
0.249469
0.662
0.547429
0.426539
0.662
0.394702
0.522544
0.0545298
0.618741
0.29467
0.418221
0.477858
0.419486
0.24117
0.228095
0.662
0.662
0.219423
0.662
0.230765
0.662
0.144158
0.662
0.662
0.662
0.662
0.456592
0.412433
0.460314
0.0599939
0.182577
0.192222
0.662
0.564899
0.140817
0.124985
0.662
0.375353
0.271173
0.584965
0.314901
0.259671
0.203577
0.662
0.307591
0.662
0.662
0.662
0.00753557
0.662
0.662
0.136308
0.190302
0.662
0.406079
0.344827
0.662
0.0958146
0.200497
0.358297
0.0990682
0.374744
0.648286
0.662
0.662
0.212746
0.607658
0.210335
0.662
0.41182
0.238225
0.662
0.662
0.54553
0.0559408
0.377451
0.662
0.662
0.0592352
0.271324
0.631685
0.449449
0.662
0.0944647
0.662
0.662
0.601197
0.464828
0.662
0.598313
0.0309995
0.662
0.662
0.662
0.0735022
0.333346
0.131847
0.546944
0.662
0.662
0.103328
0.662
0.104186
0.662
0.567902
0.487687
0.662
0.183339
0.662
0.251282
0.662
0.164225
0.662
0.339983
0.28559
0.00261306
0.662
0.465193
0.662
0.662
0.442789
0.2829
0.443096
0.313568
0.662
0.662
0.185687
0.0341165
0.470339
0.662
0.331606
0.145184
0.640327
0.190575
0.662
0.662
0.662
0.496089
0.373885
0.130172
0.351282
0.196894
0.662
0.174435
0.142199
0.28031
0.218045
0.21633
0.662
0.142299
0.662
0.545928
0.662
0.123424
0.662
0.209032
0.628574
0.662
0.662
0.662
0.267315
0.137903
0.662
0.193738
0.235791
0.0717306
0.118484
0.662
0.0199892
0.662
0.662
0.0373794
0.662
0.662
0.662
0.662
0.243177
0.392234
0.212132
0.336901
0.184564
0.662
0.662
0.0222382
0.447937
0.426541
0.662
0.662
0.210865
0.320573
0.234597
0.662
0.662
0.460055
0.662
0.662
0.40699
0.220369
0.156132
0.227175
0.615813
0.105354
0.342452
0.438049
0.582947
0.0109559
0.662
0.362667
0.257986
0.662
0.176639
0.216373
0.192385
0.000967581
0.144459
0.451226
0.263202
0.662
0.513418
0.650113
0.602264
0.128711
0.154449
0.0245246
0.662
0.662
0.441045
0.363574
0.436461
0.475258
0.314487
0.662
0.197128
0.544113
0.267229
0.662
0.192173
0.582224
0.31676
0.662
0.150683
0.31192
0.255488
0.473569
0.654327
0.409618
0.120487
0.662
0.0886391
0.152401
0.253275
0.191877
0.662
0.00691441
0.662
0.121415
0.662
0.662
0.662
0.182174
0.417409
0.381385
0.328891
0.246336
0.264371
0.470406
0.662
0.662
0.662
0.662
0.346234
0.662
0.0443853
0.436929
0.144366
0.390388
0.662
0.662
0.0437136
0.224385
0.0926956
0.246029
0.662
0.400819
0.662
0.217262
0.662
0.265761
0.251711
0.662
0.0429509
0.662
0.662
0.662
0.584763
0.662
0.662
0.460233
0.165764
0.349625
0.120607
0.662
0.662
0.0551482
0.175661
0.154496
0.662
0.190734
0.215352
0.662
0.121919
0.371845
0.030131
0.20699
0.662
0.282171
0.392141
0.662
0.662
0.662
0.218701
0.662
0.662
0.662
0.475714
0.662
0.187428
0.662
0.662
0.662
0.430435
0.023145
0.0565953
0.510738
0.234913
0.0847448
0.30126
0.662
0.662
0.13256
0.445811
0.423187
0.0605082
0.0921128
0.161496
0.188404
0.102052
0.292736
0.662
0.259842
0.241252
0.41734
0.131299
0.183713
0.662
0.662
0.374719
0.662
0.320166
0.118303
0.662
0.662
0.662
0.662
0.662
0.33971
0.416969
0.662
0.662
0.662
0.662
0.429179
0.381868
0.662
0.404448
0.0164289
0.662
0.662
0.132416
0.662
0.662
0.398687
0.662
0.662
0.132438
0.22813
0.662
0.154322
0.394816
0.662
0.454042
0.662
0.419613
0.662
0.08066
0.662
0.662
0.0411141
0.579381
0.203176
0.435433
0.0993697
0.370372
0.291145
0.662
0.0299217
0.325152
0.662
0.0788091
0.180823
0.402784
0.499843
0.315261
0.185029
0.277454
0.662
0.662
0.662
0.0573134
0.662
0.516937
0.662
0.662
0.662
0.110418
0.662
0.226479
0.662
0.662
0.662
0.662
0.379257
0.424706
0.662
0.210819
0.662
0.662
0.662
0.387483
0.662
0.368198
0.662
0.662
0.662
0.662
0.0893484
0.200553
0.190954
0.662
0.281855
0.313307
0.183828
0.46744
0.149158
0.122863
0.273571
0.662
0.217529
0.662
0.420727
0.0844561
0.662
0.426586
0.662
0.662
0.662
0.453965
0.227526
0.662
0.389283
0.161485
0.662
0.236485
0.0375845
0.662
0.38892
0.662
0.263173
0.662
0.108476
0.662
0.38943
0.662
0.426241
0.18818
0.662
0.529937
0.662
0.199641
0.662
0.662
0.459037
0.662
0.197262
0.662
0.414232
0.094599
0.44712
0.419436
0.246583
0.662
0.662
0.662
0.662
0.280206
0.0518374
0.662
0.662
0.109632
0.317627
0.420205
0.662
0.662
0.432435
0.662
0.662
0.278976
0.662
0.662
0.145122
0.643534
0.662
0.156959
0.362215
0.662
0.254786
0.0527721
0.0633285
0.662
0.662
0.662
0.104836
0.23949
0.284904
0.213403
0.662
0.437648
0.662
0.662
0.662
0.662
0.24805
0.662
0.118618
0.324789
0.0464761
0.229184
0.398808
0.662
0.18805
0.662
0.110803
0.662
0.662
0.636723
0.0440298
0.13604
0.340895
0.328514
0.662
0.462269
0.249345
0.662
0.234088
0.206071
0.662
0.662
0.173017
0.253995
0.335855
0.662
0.662
0.201768
0.662
0.662
0.538649
0.143484
0.662
0.468175
0.254802
0.438621
0.0549071
0.319271
0.125707
0.237293
0.451518
0.270144
0.662
0.521243
0.662
0.662
0.427102
0.662
0.033934
0.662
0.280172
0.0976852
0.489308
0.653278
0.662
0.653353
0.662
0.456675
0.0349123
0.662
0.264752
0.00365662
0.141308
0.640273
0.444127
0.0134572
0.112681
0.100588
0.662
0.662
0.481917
0.662
0.52519
0.186512
0.662
0.662
0.171467
0.662
0.662
0.662
0.662
0.314033
0.662
0.662
0.662
0.662
0.172208
0.385173
0.318697
0.52653
0.223703
0.630528
0.0771895
0.221182
0.662
0.106585
0.612312
0.293264
0.200336
0.662
0.635291
0.662
0.180235
0.143775
0.206869
0.662
0.360747
0.662
0.662
0.662
0.662
0.662
0.250739
0.416055
0.662
0.025178
0.662
0.628982
0.266642
0.105922
0.662
0.0542668
0.662
0.110519
0.404416
0.114676
0.603082
0.471373
0.105315
0.171171
0.458141
0.314815
0.235733
0.36183
0.662
0.280141
0.124737
0.106126
0.396387
0.295594
0.662
0.304543
0.1066
0.662
0.662
0.662
0.158192
0.483514
0.387262
0.464581
0.0799884
0.662
0.662
0.115789
0.662
0.458735
0.364648
0.662
0.124208
0.662
0.107754
0.124597
0.662
0.63403
0.662
0.662
0.662
0.243304
0.263153
0.0346813
0.662
0.662
0.540307
0.425113
0.247437
0.0640069
0.244745
0.226327
0.0170408
0.662
0.662
0.662
0.662
0.276503
0.55874
0.611559
0.662
0.662
0.203513
0.662
0.563133
0.662
0.245536
0.38685
0.0651801
0.150041
0.434839
0.662
0.0379264
0.662
0.662
0.662
0.662
0.212104
0.662
0.662
0.662
0.346915
0.662
0.150129
0.662
0.662
0.662
0.460381
0.182019
0.477103
0.611684
0.358658
0.510232
0.662
0.268763
0.662
0.411352
0.662
0.662
0.662
0.335225
0.162021
0.280431
0.00726437
0.662
0.138257
0.584734
0.374737
0.360009
0.487287
0.622212
0.662
0.0620973
0.662
0.0813596
0.662
0.662
0.267456
0.634405
0.00874898
0.359215
0.662
0.11458
0.298534
0.55039
0.0304745
0.287697
0.184469
0.0249148
0.269055
0.00418949
0.261208
0.662
0.178857
0.465791
0.251498
0.115688
0.239121
0.266063
0.350804
0.239789
0.3165
0.44319
0.321109
0.662
0.110092
0.662
0.361518
0.252301
0.662
0.455341
0.310484
0.0167568
0.662
0.277973
0.125299
0.415517
0.252714
0.662
0.662
0.386366
0.662
0.662
0.346808
0.199727
0.396748
0.316582
0.662
0.464723
0.662
0.340074
0.147149
0.376096
0.662
0.389628
0.329005
0.577424
0.187639
0.590133
0.384769
0.662
0.303867
0.363655
0.662
0.0278438
0.354193
0.185064
0.331555
0.662
0.276029
0.662
0.409097
0.662
0.533427
0.50939
0.662
0.662
0.194669
0.662
0.000437011
0.284401
0.191473
0.179926
0.662
0.207467
0.25836
0.346183
0.662
0.0943813
0.44724
0.662
0.662
0.662
0.662
0.332183
0.398729
0.599075
0.355296
0.662
0.662
0.662
0.528295
0.49144
0.662
0.0379015
0.10407
0.662
0.382066
0.417144
0.662
0.662
0.662
0.662
0.230444
0.662
0.164643
0.201913
0.108699
0.0116767
0.347471
0.43062
0.662
0.225964
0.436048
0.318218
0.0806592
0.449083
0.372323
0.42048
0.27659
0.662
0.0131244
0.0380854
0.143701
0.165576
0.662
0.374425
0.432662
0.662
0.662
0.34053
0.233321
0.434336
0.662
0.662
0.662
0.204379
0.662
0.662
0.0153313
0.662
0.662
0.173825
0.245831
0.662
0.662
0.179888
0.454396
0.662
0.135309
0.449536
0.452862
0.502785
0.662
0.662
0.236018
0.497496
0.19259
0.355752
0.446545
0.150474
0.012383
0.0573925
0.37995
0.216453
0.530965
0.662
0.143248
0.662
0.0766844
0.188243
0.213768
0.463366
0.34621
0.662
0.187942
0.320215
0.485137
0.293882
0.662
0.412666
0.238826
0.662
0.662
0.662
0.445218
0.657621
0.127343
0.155325
0.662
0.14716
0.502387
0.429492
0.267438
0.184346
0.662
0.662
0.336156
0.309465
0.662
0.662
0.662
0.371487
0.662
0.662
0.159524
0.327652
0.421985
0.0945425
0.367585
0.52924
0.662
0.662
0.258284
0.0217834
0.103369
0.121013
0.185534
0.468819
0.185309
0.406972
0.094249
0.602044
0.662
0.662
0.0950697
0.300718
0.245955
0.112856
0.247364
0.182998
0.662
0.351535
0.353602
0.19895
0.248948
0.206466
0.352483
0.0929485
0.122577
0.662
0.294689
0.662
0.662
0.662
0.0331268
0.116396
0.662
0.338778
0.575587
0.421229
0.341026
0.211806
0.312312
0.184082
0.662
0.662
0.211809
0.255312
0.149529
0.152284
0.37992
0.368048
0.455631
0.214022
0.0271994
0.264087
0.633977
0.231032
0.662
0.662
0.224764
0.181186
0.165079
0.101905
0.308413
0.531791
0.485739
0.207118
0.662
0.662
0.662
0.662
0.538595
0.265407
0.662
0.128352
0.662
0.170967
0.00539307
0.467511
0.266367
0.662
0.148077
0.662
0.501825
0.662
0.295171
0.150294
0.417068
0.103843
0.501719
0.610907
0.662
0.305031
0.482194
0.548678
0.662
0.662
0.032118
0.662
0.455519
0.145687
0.330784
0.19673
0.539075
0.506823
0.191061
0.510167
0.662
0.662
0.662
0.207888
0.510676
0.144898
0.662
0.662
0.406341
0.324562
0.482825
0.571598
0.237311
0.662
0.662
0.102114
0.527037
0.256003
0.662
0.662
0.185103
0.438965
0.662
0.247668
0.15762
0.662
0.662
0.518044
0.245391
0.662
0.662
0.141743
0.45236
0.662
0.662
0.228251
0.172501
0.662
0.308203
0.139089
0.662
0.22749
0.662
0.0090296
0.127805
0.185571
0.307804
0.364205
0.662
0.0914759
0.204292
0.548856
0.159943
0.534717
0.0780059
0.290728
0.405997
0.413555
0.0342114
0.185693
0.662
0.0854269
0.662
0.0466262
0.383396
0.0586521
0.1039
0.310761
0.2359
0.0344557
0.662
0.0934307
0.0244678
0.0678269
0.489264
0.662
0.662
0.662
0.662
0.547379
0.574923
0.662
0.41833
0.0819224
0.475633
0.228666
0.461865
0.590887
0.408839
0.243677
0.662
0.205833
0.109756
0.662
0.0920718
0.662
0.365359
0.38384
0.365181
0.662
0.490608
0.662
0.37409
0.603105
0.662
0.21888
0.569355
0.219888
0.361243
0.662
0.662
0.012701
0.662
0.426965
0.662
0.37088
0.662
0.244949
0.0680298
0.396865
0.389473
0.132573
0.662
0.208921
0.121224
0.101842
0.662
0.0649435
0.662
0.662
0.662
0.0874235
0.183446
0.280079
0.0719934
0.148422
0.662
0.369068
0.294458
0.0264119
0.162584
0.662
0.104263
0.34541
0.154606
0.662
0.647436
0.662
0.262493
0.662
0.662
0.662
0.662
0.124659
0.662
0.662
0.00841408
0.455455
0.128174
0.00767343
0.662
0.662
0.297612
0.662
0.345604
0.352965
0.461324
0.273547
0.662
0.323646
0.481229
0.0138724
0.662
0.38191
0.662
0.225335
0.662
0.662
0.662
0.662
0.662
0.227949
0.662
0.445933
0.12693
0.662
0.216684
0.087126
0.265214
0.134362
0.417979
0.662
0.100761
0.233398
0.662
0.662
0.417954
0.662
0.144484
0.0339215
0.662
0.128634
0.662
0.329489
0.662
0.662
0.367557
0.244629
0.189523
0.619495
0.257344
0.662
0.131976
0.662
0.662
0.427372
0.662
0.155422
0.38961
0.222045
0.307048
0.4574
0.218762
0.184882
0.00636502
0.344378
0.00379601
0.087221
0.662
0.662
0.662
0.558739
0.0421867
0.191063
0.569481
0.356325
0.125452
0.179555
0.662
0.535878
0.662
0.383116
0.453372
0.662
0.662
0.333236
0.546231
0.662
0.366111
0.662
0.168728
0.24791
0.662
0.0361552
0.662
0.103213
0.133463
0.346938
0.662
0.376016
0.662
0.662
0.662
0.202153
0.662
0.140304
0.643722
0.662
0.229406
0.229022
0.159968
0.662
0.662
0.662
0.412931
0.278698
0.207431
0.409779
0.420678
0.662
0.662
0.0596542
0.356208
0.296816
0.662
0.662
0.450801
0.262263
0.444395
0.662
0.0293848
0.0349681
0.662
0.472765
0.288741
0.140372
0.662
0.289425
0.0706186
0.662
0.273017
0.283782
0.0656965
0.52263
0.197825
0.662
0.237284
0.429551
0.609042
0.598884
0.528736
0.662
0.102675
0.366179
0.0608997
0.662
0.662
0.662
0.0219448
0.279905
0.330853
0.662
0.662
0.492689
0.324407
0.237094
0.194733
0.11406
0.662
0.411803
0.662
0.0677136
0.156869
0.473884
0.662
0.148611
0.16562
0.256345
0.212591
0.201254
0.262416
0.558757
0.307473
0.662
0.372622
0.387589
0.662
0.214932
0.150417
0.242089
0.209081
0.662
0.662
0.460843
0.302172
0.662
0.136448
0.190449
0.397322
0.662
0.289124
0.662
0.247901
0.0434906
0.153036
0.319859
0.12834
0.484656
0.156282
0.662
0.218567
0.662
0.241176
0.662
0.175934
0.288479
0.0713668
0.662
0.00127452
0.286306
0.662
0.093757
0.246713
0.117667
0.374594
0.662
0.273867
0.662
0.0838321
0.596692
0.662
0.188391
0.662
0.662
0.325683
0.242165
0.0165423
0.183946
0.0633591
0.662
0.662
0.662
0.662
0.235751
0.662
0.662
0.269438
0.662
0.446415
0.42212
0.662
0.662
0.0663441
0.662
0.662
0.276022
0.3604
0.662
0.662
0.50574
0.233409
0.662
0.662
0.662
0.662
0.662
0.662
0.662
0.255742
0.396797
0.266607
0.401677
0.127463
0.662
0.39604
0.469664
0.367442
0.662
0.410214
0.556016
0.561136
0.662
0.403797
0.427937
0.662
0.662
0.662
0.662
0.00306309
0.662
0.662
0.156204
0.662
0.0176545
0.442763
0.227244
0.0718029
0.037041
0.662
0.662
0.0411216
0.192761
0.662
0.662
0.662
0.0663849
0.408271
0.662
0.281203
0.662
0.35131
0.300588
0.12622
0.181776
0.242318
0.662
0.479291
0.108588
0.513373
0.662
0.596852
0.662
0.662
0.662
0.662
0.662
0.200374
0.434603
0.662
0.345536
0.139619
0.186914
0.138686
0.197583
0.234228
0.195173
0.286631
0.662
0.45895
0.186676
0.185249
0.662
0.135806
0.181074
0.487894
0.662
0.662
0.662
0.662
0.662
0.28901
0.365605
0.197172
0.457079
0.549972
0.662
0.530483
0.662
0.662
0.662
0.133669
0.218626
0.383856
0.662
0.181225
0.662
0.59224
0.662
0.124942
0.538672
0.130338
0.662
0.662
0.318731
0.424188
0.162263
0.212211
0.662
0.662
0.409085
0.218141
0.295689
0.27962
0.510042
0.662
0.474238
0.162873
0.662
0.163433
0.145117
0.170589
0.0242495
0.662
0.421563
0.36275
0.354542
0.662
0.186486
0.662
0.662
0.0845213
0.291819
0.662
0.662
0.662
0.662
0.614768
0.662
0.662
0.422117
0.0872926
0.662
0.662
0.662
0.127002
0.662
0.466301
0.0359753
0.405764
0.662
0.546626
0.571969
0.280057
0.662
0.351429
0.249834
0.266467
0.416079
0.214024
0.413425
0.462171
0.19785
0.296503
0.662
0.351924
0.662
0.0466108
0.434768
0.409262
0.662
0.662
0.213928
0.50398
0.116022
0.47235
0.112006
0.662
0.0254135
0.502997
0.662
0.662
0.0827629
0.564416
0.242222
0.1637
0.143795
0.343742
0.272309
0.662
0.662
0.662
0.662
0.201824
0.160913
0.440272
0.234116
0.0156323
0.0624617
0.662
0.662
0.662
0.260158
0.193591
0.065834
0.221759
0.662
0.662
0.662
0.662
0.258448
0.45484
0.662
0.368418
0.662
0.662
0.0850552
0.0124497
0.631472
0.014383
0.154036
0.120827
0.226746
0.662
0.11962
0.188196
0.260128
0.662
0.288497
0.662
0.432441
0.662
0.256917
0.63339
0.434082
0.306041
0.253724
0.662
0.115287
0.230008
0.662
0.179889
0.469454
0.482707
0.469479
0.162628
0.193259
0.242963
0.197717
0.0506292
0.662
0.227192
0.196073
0.0637525
0.502202
0.398681
0.459046
0.56131
0.572228
0.0888804
0.395889
0.662
0.217024
0.391944
0.662
0.662
0.138994
0.662
0.51577
0.203574
0.0263905
0.147929
0.225187
0.384101
0.573389
0.465638
0.662
0.345547
0.662
0.287839
0.095399
0.292069
0.662
0.458658
0.18718
0.602562
0.198646
0.662
0.493457
0.103293
0.219671
0.528718
0.367664
0.662
0.131191
0.285382
0.125511
0.662
0.205543
0.0287348
0.0688996
0.662
0.189387
0.662
0.170915
0.186737
0.662
0.229512
0.36855
0.662
0.24375
0.325028
0.0966647
0.502565
0.662
0.367978
0.660837
0.662
0.279266
0.65207
0.662
0.137436
0.324736
0.257318
0.00124357
0.662
0.662
0.580506
0.251136
0.622552
0.662
0.453145
0.404417
0.447978
0.044799
0.232543
0.662
0.233239
0.662
0.662
0.662
0.152233
0.434945
0.194727
0.662
0.259664
0.394479
0.662
0.662
0.0495605
0.459717
0.414768
0.662
