0.193315
0.289369
0.115537
0.662
0.32389
0.448282
0.216883
0.204682
0.662
0.662
0.662
0.307101
0.360175
0.00993254
0.282
0.662
0.662
0.662
0.0904784
0.260072
0.662
0.662
0.320498
0.662
0.431836
0.662
0.121448
0.662
0.322945
0.662
0.662
0.660412
0.662
0.446172
0.662
0.662
0.244348
0.662
0.0892406
0.0386433
0.662
0.343825
0.134082
0.447238
0.662
0.662
0.662
0.17763
0.662
0.100415
0.336893
0.235334
0.662
0.280406
0.662
0.662
0.324772
0.662
0.220405
0.385299
0.662
0.211834
0.258733
0.662
0.446838
0.0102355
0.204446
0.43247
0.0714137
0.41883
0.424039
0.379686
0.149829
0.662
0.662
0.135065
0.662
0.12434
0.194831
0.366415
0.662
0.422593
0.298252
0.662
0.662
0.662
0.234862
0.160546
0.177507
0.662
0.662
0.0400953
0.662
0.110207
0.164111
0.205837
0.173288
0.383662
0.513138
0.498168
0.662
0.371703
0.662
0.628394
0.126676
0.122685
0.662
0.342413
0.218477
0.287257
0.340874
0.662
0.203885
0.662
0.662
0.0957961
0.280433
0.358004
0.333316
0.131274
0.270122
0.662
0.155462
0.662
0.662
0.240069
0.662
0.662
0.662
0.416249
0.00750188
0.0278335
0.662
0.0781988
0.662
0.662
0.246567
0.375987
0.255891
0.453145
0.160497
0.360437
0.101016
0.0446304
0.662
0.662
0.662
0.274442
0.197198
0.227311
0.662
0.477347
0.190177
0.662
0.268939
0.446963
0.270885
0.618437
0.547941
0.463199
0.162979
0.662
0.662
0.18198
0.108581
0.171838
0.662
0.207963
0.662
0.265933
0.16114
0.662
0.662
0.251358
0.202505
0.117559
0.550628
0.662
0.662
0.662
0.662
0.662
0.662
0.224278
0.662
0.167637
0.023811
0.662
0.147388
0.143259
0.662
0.662
0.394911
0.565064
0.284382
0.160666
0.662
0.662
0.662
0.399442
0.662
0.462196
0.662
0.259614
0.340617
0.343702
0.334625
0.175313
0.199566
0.255489
0.214583
0.407159
0.00154469
0.303266
0.352817
0.662
0.331477
0.221661
0.193383
0.166353
0.479716
0.662
0.662
0.662
0.662
0.662
0.161331
0.662
0.219908
0.435597
0.0435349
0.155695
0.236197
0.36118
0.662
0.393168
0.0362017
0.320795
0.662
0.177074
0.662
0.294801
0.125583
0.188916
0.445921
0.662
0.033766
0.662
0.0802546
0.662
0.414035
0.662
0.662
0.662
0.330123
0.662
0.00424113
0.314044
0.500595
0.0892693
0.435494
0.662
0.662
0.0770053
0.30146
0.405096
0.662
0.462727
0.443564
0.662
0.123604
0.137251
0.515653
0.419747
0.470136
0.0905356
0.185975
0.191591
0.359526
0.0731408
0.662
0.089625
0.138931
0.662
0.378391
0.662
0.204515
0.115059
0.555652
0.645423
0.358657
0.662
0.595476
0.324767
0.662
0.631943
0.147793
0.662
0.433993
0.269328
0.662
0.279751
0.145945
0.248131
0.662
0.662
0.662
0.0731595
0.662
0.289635
0.662
0.0535739
0.662
0.662
0.39328
0.565641
0.662
0.662
0.662
0.267744
0.147915
0.264129
0.662
0.188313
0.385948
0.0477882
0.662
0.662
0.215753
0.292299
0.662
0.278459
0.452154
0.662
0.646497
0.105136
0.662
0.662
0.662
0.429124
0.00536942
0.523558
0.149228
0.662
0.662
0.349853
0.201322
0.360677
0.469912
0.662
0.147521
0.662
0.0708627
0.0330836
0.351678
0.219559
0.212675
0.162551
0.662
0.00220477
0.305052
0.662
0.0579393
0.662
0.192641
0.662
0.662
0.662
0.329076
0.208839
0.494198
0.456752
0.338459
0.662
0.662
0.662
0.220191
0.662
0.662
0.662
0.0239737
0.662
0.191999
0.662
0.662
0.662
0.212811
0.662
0.662
0.446011
0.418078
0.662
0.662
0.333613
0.204806
0.341239
0.662
0.662
0.61462
0.473204
0.423078
0.662
0.662
0.662
0.186738
0.276387
0.662
0.25362
0.662
0.0341575
0.155934
0.662
0.662
0.662
0.322777
0.535549
0.292923
0.355709
0.349736
0.224989
0.466131
0.328583
0.662
0.388806
0.662
0.51122
0.280391
0.299304
0.38772
0.128722
0.243234
0.068644
0.246716
0.662
0.26275
0.211816
0.205723
0.437968
0.662
0.599553
0.662
0.0741876
0.162757
0.457729
0.190634
0.425341
0.125275
0.0615472
0.662
0.217831
0.285915
0.183019
0.662
0.0739782
0.369567
0.0620678
0.597636
0.527547
0.662
0.130464
0.662
0.404983
0.662
0.293291
0.302613
0.662
0.210829
0.170384
0.662
0.0115035
0.136609
0.40552
0.662
0.25419
0.662
0.516274
0.662
0.662
0.662
0.662
0.0625506
0.158994
0.224808
0.662
0.162808
0.513579
0.662
0.662
0.304789
0.662
0.186477
0.360514
0.292908
0.526562
0.662
0.16835
0.475763
0.426699
0.0733745
0.180422
0.458223
0.662
0.662
0.102012
0.3692
0.314854
0.662
0.549986
0.261659
0.413365
0.206622
0.662
0.610353
0.662
0.205765
0.662
0.662
0.210162
0.605191
0.263706
0.516186
0.250285
0.662
0.662
0.214566
0.269018
0.154969
0.142607
0.662
0.0321938
0.363839
0.320035
0.273095
0.662
0.662
0.662
0.148255
0.662
0.662
0.662
0.068059
0.198231
0.662
0.662
0.219182
0.0780791
0.220481
0.0204876
0.446273
0.0750168
0.152366
0.177092
0.662
0.521081
0.662
0.662
0.0189071
0.29863
0.477189
0.662
0.662
0.486792
0.441784
0.0665246
0.119718
0.396867
0.538091
0.270549
0.662
0.287997
0.510388
0.522213
0.122854
0.662
0.0223619
0.455914
0.662
0.662
0.308351
0.253621
0.0873369
0.281522
0.114522
0.106551
0.415065
0.451772
0.552493
0.526962
0.562447
0.662
0.662
0.142545
0.662
0.260866
0.529623
0.281272
0.662
0.662
0.242533
0.662
0.662
0.407436
0.662
0.662
0.199287
0.187225
0.403813
0.208836
0.662
0.379161
0.265032
0.30982
0.331019
0.384212
0.662
0.427369
0.662
0.0800911
0.662
0.662
0.439302
0.662
0.662
0.0452454
0.112058
0.221781
0.643509
0.0130458
0.352273
0.212641
0.208576
0.662
0.211567
0.105271
0.662
0.662
0.22633
0.662
0.662
0.1147
0.276308
0.662
0.196455
0.103285
0.662
0.201002
0.0905477
0.0295332
0.662
0.269334
0.569754
0.662
0.314958
0.298617
0.0383697
0.662
0.662
0.662
0.380758
0.662
0.233426
0.662
0.0122274
0.662
0.662
0.103459
0.353488
0.56055
0.494985
0.0773359
0.662
0.298176
0.45659
0.158258
0.515671
0.14905
0.662
0.182305
0.235434
0.662
0.662
0.290911
0.426412
0.05992
0.163227
0.362042
0.662
0.16868
0.662
0.448361
0.340065
0.289001
0.662
0.662
0.231978
0.662
0.662
0.145165
0.150095
0.098961
0.662
0.188377
0.662
0.0718029
0.297909
0.452725
0.550533
0.662
0.425575
0.0607769
0.662
0.177069
0.372061
0.0947564
0.329725
0.265661
0.414259
0.662
0.0410811
0.662
0.428752
0.662
0.662
0.197598
0.63339
0.662
0.593115
0.223
0.211916
0.204902
0.662
0.662
0.662
0.662
0.662
0.172669
0.0660968
0.458049
0.175615
0.390763
0.0292707
0.662
0.420977
0.469224
0.147156
0.662
0.439842
0.314218
0.662
0.233027
0.161767
0.0966839
0.306868
0.204302
0.38733
0.392681
0.662
0.662
0.662
0.212733
0.120341
0.662
0.662
0.0211519
0.662
0.434767
0.454897
0.419813
0.662
0.445249
0.662
0.662
0.662
0.141496
0.127247
0.0949387
0.662
0.0657053
0.662
0.280559
0.662
0.377056
0.331661
0.225752
0.0316644
0.0805994
0.662
0.434787
0.662
0.46109
0.329081
0.662
0.616952
0.324355
0.662
0.176015
0.00505094
0.662
0.662
0.0100974
0.277688
0.0601394
0.662
0.662
0.662
0.149356
0.375879
0.333467
0.636417
0.145395
0.662
0.662
0.279146
0.662
0.0107122
0.0796341
0.0182038
0.584956
0.476326
0.27134
0.498237
0.00153081
0.207114
0.38835
0.451602
0.662
0.410602
0.620925
0.131665
0.0922359
0.547417
0.425256
0.303899
0.190534
0.197268
0.662
0.662
0.312552
0.662
0.0228436
0.373273
0.224572
0.436204
0.662
0.0514261
0.662
0.460632
0.662
0.662
0.662
0.662
0.662
0.0836728
0.166675
0.0845734
0.662
0.301182
0.662
0.662
0.225294
0.41296
0.231507
0.341654
0.445964
0.361625
0.473483
0.436948
0.662
0.511839
0.253266
0.662
0.662
0.662
0.662
0.0711674
0.662
0.63394
0.662
0.662
0.47019
0.123039
0.381952
0.662
0.196521
0.477198
0.325497
0.662
0.662
0.279954
0.662
0.662
0.220497
0.662
0.662
0.662
0.662
0.662
0.662
0.662
0.662
0.25637
0.205838
0.58838
0.662
0.350519
0.662
0.662
0.662
0.477261
0.662
0.662
0.171819
0.310226
0.662
0.662
0.662
0.638092
0.464409
0.339877
0.454298
0.56445
0.149825
0.0823793
0.193563
0.662
0.122662
0.662
0.292062
0.662
0.662
0.286649
0.235307
0.216242
0.662
0.454858
0.662
0.662
0.662
0.460345
0.107748
0.662
0.288749
0.473442
0.662
0.662
0.662
0.662
0.359458
0.194768
0.222085
0.0615841
0.325173
0.476788
0.662
0.662
0.61786
0.373034
0.207323
0.662
0.662
0.662
0.0928819
0.141032
0.662
0.144166
0.287019
0.505577
0.662
0.662
0.662
0.335907
0.662
0.402248
0.254067
0.662
0.225572
0.267854
0.430673
0.151979
0.662
0.398099
0.662
0.121875
0.36657
0.634572
0.237435
0.433713
0.232624
0.422981
0.662
0.662
0.196143
0.201914
0.164786
0.460928
0.662
0.262561
0.662
0.662
0.662
0.662
0.662
0.662
0.138538
0.662
0.181103
0.662
0.400021
0.662
0.203602
0.662
0.662
0.0394591
0.662
0.662
0.662
0.242742
0.662
0.662
0.629465
0.662
0.357429
0.662
0.189958
0.0756517
0.194591
0.241805
0.662
0.21611
0.662
0.0807358
0.662
0.0784579
0.263312
0.662
0.140911
0.344487
0.315719
0.492142
0.446415
0.386576
0.305469
0.0421806
0.418198
0.662
0.339217
0.662
0.469124
0.662
0.226119
0.281322
0.185183
0.367793
0.662
0.203289
0.407742
0.33931
0.662
0.133136
0.662
0.369424
0.153775
0.170152
0.29732
0.662
0.662
0.22471
0.662
0.662
0.615946
0.662
0.115816
0.0766274
0.662
0.662
0.662
0.13194
0.148124
0.662
0.374484
0.27305
0.662
0.453726
0.662
0.623887
0.13935
0.662
0.350816
0.354417
0.410432
0.16234
0.340176
0.662
0.662
0.331276
0.417628
0.662
0.297047
0.15957
0.45335
0.221568
0.662
0.662
0.450905
0.662
0.662
0.238308
0.662
0.662
0.285415
0.052537
0.256419
0.247518
0.122306
0.662
0.463505
0.662
0.662
0.385953
0.662
0.209172
0.662
0.160192
0.382242
0.0946984
0.0781829
0.198712
0.65172
0.526395
0.482005
0.161781
0.662
0.224499
0.662
0.256464
0.372405
0.662
0.190063
0.577537
0.662
0.348655
0.662
0.0781059
0.185688
0.143026
0.662
0.0704416
0.464939
0.662
0.662
0.0496364
0.209465
0.662
0.662
0.213815
0.485225
0.192357
0.484787
0.662
0.656126
0.337788
0.662
0.551538
0.179975
0.662
0.142242
0.431274
0.0431702
0.662
0.662
0.55328
0.317352
0.662
0.221229
0.115052
0.207965
0.348957
0.662
0.552848
0.662
0.662
0.662
0.662
0.662
0.430952
0.662
0.662
0.172788
0.224774
0.328922
0.132204
0.178645
0.0227952
0.662
0.234975
0.662
0.292465
0.586697
0.0580608
0.662
0.27966
0.662
0.662
0.662
0.130354
0.662
0.108677
0.662
0.662
0.662
0.662
0.223501
0.131513
0.243024
0.164025
0.293248
0.402447
0.662
0.304475
0.662
0.662
0.370133
0.662
0.103933
0.662
0.381779
0.308547
0.662
0.662
0.662
0.362629
0.662
0.0854645
0.662
0.662
0.662
0.571444
0.583971
0.662
0.662
0.233047
0.156634
0.393076
0.662
0.662
0.371138
0.23144
0.361398
0.662
0.0269762
0.22809
0.37121
0.662
0.201315
0.662
0.58732
0.229461
0.662
0.0402882
0.00452036
0.662
0.142985
0.550835
0.204872
0.120379
0.662
0.662
0.662
0.662
0.327479
0.662
0.374111
0.237002
0.478404
0.27342
0.662
0.662
0.209077
0.662
0.436438
0.0177942
0.662
0.211813
0.228936
0.662
0.0683805
0.452856
0.216179
0.662
0.132775
0.357395
0.221852
0.23002
0.17458
0.449485
0.662
0.466359
0.158463
0.662
0.110145
0.662
0.662
0.184365
0.00260391
0.662
0.559798
0.662
0.192779
0.662
0.479575
0.0549842
0.192922
0.546323
0.408678
0.122014
0.193287
0.159695
0.40544
0.662
0.392181
0.662
0.341674
0.233955
0.662
0.140983
0.45414
0.662
0.662
0.221263
0.437095
0.474369
0.662
0.662
0.349531
0.356726
0.337885
0.662
0.391966
0.662
0.662
0.156237
0.0946776
0.0765056
0.314534
0.426467
0.662
0.662
0.0421862
0.662
0.662
0.662
0.662
0.662
0.662
0.0487951
0.0179622
0.265058
0.662
0.146094
0.408467
0.028854
0.200448
0.662
0.223692
0.0463839
0.0293628
0.662
0.258185
0.662
0.476352
0.0320816
0.348249
0.244427
0.208762
0.40297
0.259358
0.378069
0.662
0.277034
0.207623
0.662
0.473591
0.662
0.234005
0.662
0.662
0.662
0.662
0.662
0.118076
0.19316
0.204366
0.193161
0.662
0.21767
0.53905
0.21771
0.662
0.297303
0.304441
0.174428
0.336878
0.213947
0.171103
0.662
0.266793
0.662
0.157804
0.662
0.662
0.662
0.118842
0.00908945
0.538366
0.497504
0.331192
0.662
0.662
0.227542
0.207028
0.662
0.662
0.662
0.484107
0.662
0.211411
0.182449
0.0736596
0.364908
0.0456673
0.279043
0.662
0.0285201
0.128689
0.212268
0.489599
0.662
0.662
0.570127
0.155067
0.449662
0.662
0.244355
0.276958
0.662
0.267733
0.174423
0.306708
0.369007
0.427033
0.258997
0.459899
0.662
0.662
0.320485
0.432193
0.662
0.131344
0.662
0.409549
0.0647913
0.662
0.662
0.104288
0.49879
0.0827348
0.148199
0.662
0.178417
0.253055
0.662
0.127091
0.0194779
0.662
0.662
0.662
0.307402
0.662
0.467972
0.662
0.662
0.612983
0.224525
0.662
0.18331
0.662
0.377787
0.0445464
0.447801
0.330576
0.662
0.0957514
0.396421
0.662
0.235564
0.466556
0.291547
0.0992877
0.268054
0.0853569
0.193881
0.193411
0.662
0.662
0.662
0.436764
0.355665
0.662
0.662
0.296303
0.402687
0.623361
0.330557
0.295937
0.184053
0.561817
0.163802
0.662
0.274247
0.137159
0.321178
0.13622
0.212985
0.662
0.266934
0.662
0.0537861
0.262295
0.291112
0.662
0.662
0.183271
0.115919
0.662
0.662
0.0872917
0.662
0.134747
0.151992
0.662
0.29433
0.662
0.662
0.662
0.139782
0.662
0.0820169
0.481771
0.662
0.412594
0.320407
0.541396
0.105335
0.0387857
0.253581
0.323374
0.662
0.454381
0.516086
0.662
0.202111
0.515631
0.205923
0.178751
0.529177
0.188478
0.416694
0.662
0.662
0.662
0.0882789
0.0392355
0.662
0.401588
0.662
0.662
0.662
0.370726
0.386288
0.12674
0.258626
0.662
0.662
0.662
0.662
0.428141
0.662
0.662
0.662
0.057942
0.378207
0.662
0.662
0.662
0.662
0.662
0.317073
0.662
0.267205
0.309057
0.662
0.234498
0.543429
0.0776407
0.597657
0.662
0.159221
0.100983
0.662
0.662
0.263855
0.215902
0.662
0.662
0.662
0.662
0.180175
0.00127096
0.293487
0.0527859
0.662
0.195711
0.662
0.412651
0.662
0.247847
0.367387
0.662
0.662
0.375549
0.131968
0.293867
0.662
0.200211
0.662
0.470511
0.306238
0.240612
0.662
0.662
0.294915
0.662
0.0777167
0.206827
0.607651
0.662
0.662
0.662
0.206817
0.662
0.27854
0.662
0.126983
0.662
0.662
0.27888
0.301129
0.292488
0.211536
0.662
0.662
0.662
0.134486
0.662
0.43813
0.315462
0.36413
0.662
0.164154
0.300252
0.662
0.662
0.00651548
0.216302
0.662
0.662
0.260976
0.294711
0.199427
0.167118
0.322356
0.662
0.119634
0.3487
0.662
0.662
0.38959
0.0736969
0.662
0.662
0.330454
0.196917
0.166098
0.277689
0.662
0.662
0.662
0.315289
0.662
0.365636
0.234281
0.51131
0.662
0.172571
0.343109
0.047458
0.383579
0.390165
0.662
0.662
0.268566
0.198034
0.662
0.662
0.157934
0.662
0.662
0.156185
0.662
0.244844
0.662
0.117756
0.15648
0.307547
0.324074
0.383993
0.452666
0.662
0.175326
0.0744683
0.662
0.662
0.662
0.272975
0.278174
0.662
0.293473
0.392362
0.262406
0.662
0.662
0.151833
0.662
0.662
0.662
0.662
0.463008
0.210966
0.406101
0.246891
0.662
0.662
0.662
0.196217
0.662
0.12595
0.662
0.237924
0.128343
0.662
0.0636008
0.662
0.260099
0.662
0.349508
0.662
0.662
0.135231
0.662
0.662
0.191044
0.385337
0.662
0.29485
0.662
0.123311
0.431649
0.346793
0.662
0.662
0.662
0.0719132
0.358709
0.247309
0.662
0.662
0.662
0.662
0.662
0.0536586
0.24299
0.601216
0.565845
0.193237
0.352349
0.637335
0.331947
0.662
0.662
0.422292
0.4648
0.662
0.662
0.662
0.662
0.662
0.51002
0.662
0.487014
0.61934
0.430825
0.662
0.662
0.430181
0.662
0.436783
0.376334
0.662
0.662
0.662
0.662
0.662
0.662
0.662
0.213202
0.186268
0.401125
0.202625
0.385821
0.28673
0.662
0.662
0.201077
0.356676
0.412179
0.377701
0.221293
0.662
0.377747
0.662
0.662
0.130362
0.490838
0.206638
0.415894
0.369798
0.349408
0.662
0.213497
0.402427
0.413984
0.662
0.372766
0.662
0.662
0.0942718
0.630843
0.662
0.662
0.662
0.114525
0.662
0.662
0.662
0.331172
0.662
0.26325
0.185355
0.662
0.097029
0.429427
0.28502
0.662
0.662
0.662
0.0618322
0.662
0.537978
0.52729
0.14379
0.662
0.197998
0.662
0.238112
0.126398
0.103583
0.662
0.662
0.163869
0.258997
0.662
0.182782
0.662
0.662
0.662
0.277667
0.662
0.240143
0.662
0.253981
0.0442334
0.00790272
0.540489
0.198823
0.351229
0.662
0.146654
0.287628
0.662
0.378491
0.662
0.662
0.662
0.356146
0.662
0.662
0.452078
0.662
0.16592
0.0782392
0.307715
0.107007
0.662
0.407596
0.431859
0.662
0.662
0.414604
0.662
0.662
0.179638
0.37193
0.28335
0.380441
0.442585
0.662
0.21193
0.0647478
0.184201
0.46259
0.662
0.662
0.662
0.467105
0.662
0.662
0.662
0.662
0.204533
0.234393
0.0176946
0.3186
0.26619
0.255166
0.471676
0.170993
0.662
0.250538
0.239837
0.662
0.662
0.318346
0.347053
0.0456801
0.194591
0.662
0.662
0.34041
0.662
0.271338
0.516594
0.460093
0.662
0.113341
0.429033
0.662
0.378528
0.234086
0.662
0.312737
0.158254
0.20751
0.107879
0.276639
0.662
0.213444
0.383889
0.30105
0.152654
0.216343
0.172784
0.192401
0.166933
0.00996611
0.407433
0.334603
0.567008
0.175076
0.131809
0.662
0.124276
0.156016
0.662
0.662
0.2425
0.164792
0.662
0.127395
0.662
0.545276
0.273528
0.297727
0.227719
0.0808395
0.662
0.186249
0.662
0.662
0.305064
0.177914
0.394971
0.662
0.519782
0.658599
0.359063
0.453848
0.662
0.0965457
0.662
0.228534
0.662
0.101308
0.662
0.416871
0.662
0.305604
0.329537
0.319948
0.06349
0.324176
0.306976
0.662
0.662
0.0829521
0.207657
0.30308
0.369984
0.662
0.100247
0.0796716
0.662
0.0891346
0.662
0.405712
0.180128
0.662
0.182835
0.217031
0.662
0.662
0.662
0.64463
0.102
0.395265
0.380464
0.662
0.10331
0.357502
0.662
0.336897
0.662
0.147711
0.160346
0.662
0.0269922
0.662
0.662
0.306164
0.662
0.0853527
0.424304
0.662
0.662
0.370819
0.662
0.631925
0.662
0.200787
0.662
0.284485
0.261405
0.219446
0.662
0.662
0.195912
0.662
0.662
0.490127
0.382102
0.662
0.237336
0.368856
0.447469
0.279245
0.662
0.475735
0.662
0.662
0.189948
0.452349
0.00906868
0.662
0.662
0.408018
0.171272
0.197386
0.457971
0.662
0.269552
0.170715
0.373884
0.662
0.100085
0.00279131
0.279972
0.117033
0.26582
0.371276
0.340598
0.662
0.662
0.662
0.0517863
0.662
0.662
0.341021
0.662
0.266892
0.252803
0.196988
0.662
0.443131
0.0118033
0.131299
0.416394
0.473726
0.662
0.662
0.258798
0.328253
0.0173332
0.100021
0.662
0.662
0.185141
0.255018
0.21391
0.501957
0.662
0.570135
0.662
0.363659
0.458976
0.348725
0.662
0.321204
0.662
0.390786
0.662
0.343418
0.662
0.662
0.662
0.662
0.506592
0.321226
0.185376
0.206772
0.662
0.230414
0.662
0.160194
0.286425
0.222235
0.662
0.662
0.147444
0.0732857
0.332681
0.0485729
0.662
0.416715
0.662
0.662
0.29576
0.402852
0.168162
0.0803549
0.203031
0.241929
0.662
0.662
0.154356
0.129748
0.424341
0.662
0.122044
0.662
0.342355
0.662
0.0382516
0.662
0.0811476
0.25303
0.420353
0.0729227
0.356509
0.651212
0.0747583
0.662
0.662
0.282358
0.187679
0.410881
0.662
0.662
0.00782577
0.662
0.395222
0.332271
0.128411
0.426952
0.252709
0.215083
0.467915
0.574387
0.185045
0.662
0.104982
0.662
0.163564
0.161308
0.484011
0.257529
0.662
0.363238
0.662
0.447312
0.144551
0.662
0.48506
0.662
0.662
0.0903151
0.186762
0.186539
0.16599
0.0402587
0.119514
0.183799
0.662
0.193922
0.662
0.662
0.234773
0.223219
0.308436
0.662
0.662
0.00310394
0.192454
0.608583
0.519068
0.367072
0.195528
0.662
0.139639
0.241055
0.424897
0.0283834
0.662
0.00358145
0.662
0.475343
0.149133
0.568564
0.662
0.662
0.192861
0.206357
0.662
0.112259
0.662
0.307958
0.251883
0.285882
0.461706
0.114801
0.662
0.308227
0.424203
0.662
0.662
0.62572
0.453237
0.323287
0.662
0.366165
0.358968
0.662
0.152213
0.28401
0.662
0.191874
0.0834113
0.662
0.307687
0.312089
0.24416
0.662
0.473949
0.0400272
0.370388
0.426385
0.109201
0.662
0.191225
0.262999
0.547863
0.220995
0.417621
0.21457
0.176828
0.662
0.102831
0.227556
0.659049
0.43177
0.662
0.662
0.662
0.662
0.0461569
0.662
0.662
0.47383
0.662
0.662
0.662
0.255794
0.662
0.278873
0.470789
0.662
0.662
0.419081
0.662
0.468062
0.662
0.261898
0.435542
0.662
0.114058
0.159649
0.662
0.662
0.662
0.435527
0.662
0.662
0.662
0.30249
0.190789
0.662
0.662
0.0568195
0.662
0.662
0.114944
0.302873
0.662
0.276343
0.175805
0.168886
0.269445
0.380278
0.235016
0.662
0.40691
0.662
0.386719
0.487
0.662
0.21072
0.216968
0.374497
0.662
0.156257
0.365741
0.662
0.550026
0.156911
0.258992
0.370296
0.662
0.270331
0.662
0.558935
0.662
0.662
0.662
0.0743536
0.488939
0.205511
0.113227
0.662
0.349854
0.662
0.662
0.251772
0.393046
0.662
0.007089
0.662
0.490912
0.278177
0.662
0.0531032
0.453987
0.45114
0.176886
0.382137
0.662
0.535895
0.662
0.662
0.662
0.508223
0.0019961
0.662
0.662
0.662
0.194036
0.662
0.29315
0.183566
0.285299
0.315479
0.662
0.263959
0.662
0.401394
0.322188
0.662
0.0854877
0.361121
0.00622627
0.662
0.212745
0.233315
0.418569
0.662
0.308084
0.662
0.662
0.409083
0.662
0.662
0.170038
0.305873
0.393839
0.404256
0.39045
0.0152029
0.662
0.43252
0.662
0.662
0.17393
0.662
0.662
0.263985
0.385034
0.367121
0.662
0.662
0.377894
0.0927922
0.116799
0.387551
0.27645
0.410628
0.295354
0.5366
0.602306
0.662
0.662
0.38033
0.662
0.662
0.662
0.233242
0.00914348
0.662
0.588438
0.23483
0.662
0.215689
0.29758
0.662
0.211903
0.145332
0.662
0.662
0.662
0.662
0.662
0.194928
0.662
0.662
0.246332
0.662
0.289098
0.238759
0.382542
0.662
0.662
0.662
0.386887
0.662
0.0173882
0.662
0.0196458
0.0203931
0.426362
0.424944
0.662
0.65564
0.476527
0.46996
0.662
0.355864
0.110641
0.662
0.369472
0.662
0.662
0.197087
0.311823
0.000598241
0.0367264
0.662
0.279353
0.0608532
0.662
0.192819
0.47279
0.40827
0.069454
0.261723
0.355602
0.662
0.662
0.662
0.662
0.662
0.437808
0.544703
0.327471
0.140643
0.117327
0.284952
0.662
0.249856
0.459701
0.662
0.415823
0.103649
0.370906
0.467594
0.278314
0.130187
0.287974
0.662
0.445277
0.662
0.278953
0.610309
0.145142
0.163221
0.381855
0.662
0.662
0.306634
0.228849
0.662
0.662
0.465994
0.40589
0.393257
0.662
0.115733
0.662
0.145696
0.248648
0.00298807
0.395388
0.164791
0.53549
0.662
0.2572
0.662
0.474477
0.662
0.662
0.259652
0.0105574
0.285095
0.662
0.29723
0.349263
0.137657
0.662
0.190656
0.662
0.185677
0.442296
0.058647
0.662
0.331061
0.662
0.148222
0.662
0.412203
0.359699
0.345978
0.662
0.662
0.296456
0.662
0.126923
0.662
0.23893
0.318306
0.175149
0.524362
0.132699
0.662
0.275031
0.0244662
0.20296
0.133691
0.662
0.662
0.088674
0.662
0.246751
0.314623
0.137809
0.229625
0.662
0.662
0.0557664
0.212494
0.290845
0.662
0.211246
0.662
0.277246
0.662
0.261306
0.393741
0.662
0.662
0.610303
0.662
0.662
0.662
0.327216
0.00277888
0.366329
0.662
0.662
0.221446
0.55214
0.205702
0.662
0.178495
0.662
0.117455
0.662
0.302486
0.296614
0.579663
0.140373
0.662
0.3595
0.133206
0.662
0.267942
0.359753
0.662
0.341637
0.29736
0.161672
0.662
0.109363
0.244487
0.315878
0.662
0.137096
0.322753
0.20572
0.662
0.662
0.328856
0.662
0.662
0.662
0.662
0.662
0.484834
0.134332
0.662
0.662
0.196541
0.662
0.0876521
0.211499
0.388794
0.559996
0.149666
0.183446
0.357058
0.229777
0.246461
0.662
0.66146
0.662
0.662
0.662
0.467651
0.225298
0.330004
0.206279
0.430756
0.662
0.662
0.12626
0.000437992
0.23344
0.662
0.662
0.662
0.269067
0.662
0.648419
0.662
0.662
0.376374
0.139598
0.0262616
0.662
0.301707
0.3285
0.242709
0.662
0.662
0.662
0.153222
0.662
0.177166
0.662
0.256919
0.662
0.662
0.662
0.662
0.662
0.662
0.662
0.0506642
0.445682
0.0974018
0.662
0.662
0.662
0.303895
0.662
0.140201
0.662
0.475695
0.245669
0.662
0.210977
0.662
0.275092
0.323933
0.662
0.662
0.662
0.191478
0.662
0.662
0.199958
0.662
0.43942
0.500377
0.431597
0.0141977
0.233503
0.662
0.0761593
0.328948
0.185823
0.662
0.662
0.292818
0.461174
0.662
0.168047
0.291467
0.337799
0.662
0.348811
0.662
0.369715
0.662
0.662
0.295796
0.345086
0.370746
0.662
0.176712
0.494466
0.662
0.203336
0.290557
0.106033
0.662
0.662
0.662
0.0843738
0.662
0.662
0.286752
0.107049
0.662
0.282264
0.249168
0.662
0.662
0.22656
0.662
0.662
0.0128892
0.408323
0.662
0.162849
0.158145
0.472495
0.571283
0.328217
0.244666
0.13886
0.662
0.662
0.263178
0.123715
0.363503
0.662
0.0760758
0.0696836
0.10802
0.159366
0.300122
0.0828438
0.662
0.662
0.42654
0.20222
0.408825
0.389006
0.662
0.296882
0.0765647
0.186996
0.662
0.547062
0.0526013
0.181413
0.662
0.662
0.121928
0.469485
0.654889
0.613754
0.0961101
0.183572
0.662
0.197685
0.0349488
0.248284
0.472275
0.662
0.662
0.289002
0.241632
0.380981
0.662
0.226972
0.0921878
0.662
0.662
0.662
0.0247771
0.27003
0.29016
0.572822
0.099084
0.464234
0.662
0.420828
0.329225
0.336386
0.662
0.142004
0.425302
0.526258
0.392847
0.662
0.662
0.213356
0.662
0.262457
0.126761
0.0713677
0.662
0.246268
0.662
0.28078
0.662
0.529864
0.662
0.662
0.21489
0.155777
0.662
0.219055
0.306043
0.662
0.435341
0.662
0.662
0.662
0.662
0.173091
0.111904
0.389963
0.662
0.194684
0.200053
0.00453022
0.224358
0.193355
0.662
0.662
0.662
0.662
0.284507
0.0429437
0.164629
0.662
0.662
0.662
0.238948
0.662
0.36742
0.662
0.662
0.219842
0.301458
0.43501
0.114752
0.00376735
0.572567
0.662
0.305292
0.193087
0.32779
0.662
0.662
0.662
0.317643
0.413766
0.372281
0.662
0.187035
0.618453
0.662
0.662
0.212841
0.509469
0.255491
0.284833
0.662
0.524223
0.211613
0.210123
0.238478
0.164485
0.186798
0.0282392
0.20728
0.662
0.662
0.662
0.0212092
0.2684
0.312381
0.395209
0.662
0.662
0.150351
0.213582
0.438481
0.287118
0.154258
0.662
0.662
0.662
0.130025
0.393511
0.437284
0.176522
0.237716
0.656729
0.662
0.577366
0.662
0.496134
0.629983
0.192249
0.662
0.474593
0.662
0.662
0.662
0.662
0.269376
0.179121
0.353573
0.662
0.662
0.662
0.111555
0.023884
0.35656
0.190559
0.448248
0.31405
0.141316
0.193349
0.122251
0.662
0.366992
0.232733
0.662
0.662
0.21799
0.662
0.272438
0.107893
0.25878
0.249941
0.0145933
0.662
0.662
0.634168
0.027639
0.259507
0.376667
0.236414
0.243402
0.662
0.662
0.136997
0.579017
0.662
0.662
0.223097
0.662
0.388515
0.11821
0.662
0.471047
0.562989
0.662
0.183306
0.662
0.662
0.202581
0.432761
0.662
0.662
0.662
0.384189
0.042265
0.662
0.198699
0.662
0.662
0.216976
0.662
0.060718
0.0544059
0.662
0.293709
0.662
0.358577
0.284436
0.32617
0.662
0.0427155
0.105162
0.662
0.245661
0.299533
0.662
0.662
0.662
0.0604566
0.283142
0.662
0.490648
0.662
0.270483
0.590986
0.413848
0.662
0.662
0.662
0.214202
0.258455
0.319376
0.232248
0.662
0.662
0.228551
0.355533
0.662
0.250435
0.662
0.662
0.226753
0.662
0.186305
0.662
0.250427
0.147828
0.14863
0.235668
0.0897986
0.662
0.662
0.221583
0.278419
0.662
0.0460445
0.277627
0.291952
0.205418
0.662
0.0648135
0.662
0.662
0.4169
0.186823
0.223533
0.662
0.662
0.229661
0.65186
0.662
0.0866465
0.662
0.357673
0.611082
0.662
0.662
0.662
0.662
0.220924
0.417963
0.207902
0.662
0.153822
0.209545
0.311679
0.449548
0.266
0.366221
0.662
0.543961
0.577865
0.662
0.384287
0.0790018
0.213583
0.662
0.29698
0.121353
0.368854
0.460102
0.662
0.323348
0.196434
0.649003
0.244002
0.321854
0.662
0.283637
0.662
0.641466
0.662
0.0929985
0.266192
0.662
0.218251
0.662
0.662
0.320613
0.40569
0.269388
0.140507
0.662
0.279547
0.430394
0.316296
0.662
0.662
0.108173
0.0969029
0.662
0.662
0.662
0.470486
0.197612
0.662
0.111234
0.47288
0.210885
0.483778
0.0327176
0.384746
0.27613
0.221726
0.214092
0.662
0.232394
0.662
0.252544
0.156255
0.356706
0.662
0.531106
0.662
0.662
0.285876
0.239995
0.217991
0.101933
0.213915
0.662
0.370102
0.0870336
0.604545
0.20656
0.662
0.662
0.133364
0.662
0.645291
0.662
0.662
0.662
0.194815
0.434916
0.662
0.431596
0.253201
0.233088
0.0600752
0.275991
0.662
0.382044
0.408934
0.581246
0.662
0.178282
0.587676
0.662
0.057296
0.601299
0.428896
0.258908
0.442668
0.517119
0.662
0.662
0.204764
0.662
0.341371
0.662
0.3036
0.662
0.320166
0.662
0.251709
0.662
0.102637
0.349361
0.662
0.505481
0.0158907
0.662
0.102806
0.154593
0.0973574
0.15339
0.117797
0.662
0.662
0.662
0.662
0.583421
0.26845
0.662
0.662
0.19175
0.662
0.662
0.662
0.188799
0.439043
0.335077
0.558302
0.276976
0.662
0.662
0.543223
0.662
0.261859
0.662
0.140538
0.471039
0.458254
0.662
0.0940663
0.662
0.662
0.0767333
0.662
0.662
0.662
0.444282
0.35249
0.512077
0.662
0.198986
0.662
0.24491
0.662
0.662
0.662
0.498458
0.662
0.662
0.261706
0.662
0.662
0.26433
0.0311959
0.662
0.47556
0.662
0.644575
0.662
0.662
0.215879
0.312848
0.608104
0.633906
0.0928032
0.255976
0.109893
0.662
0.662
0.188456
0.193069
0.299398
0.42518
0.662
0.273203
0.662
0.662
0.248408
0.662
0.252694
0.23818
0.184889
0.458723
0.585301
0.189734
0.662
0.662
0.130115
0.662
0.192627
0.662
0.358358
0.0716718
0.111073
0.662
0.216099
0.662
0.662
0.662
0.662
0.411637
0.109275
0.662
0.320674
0.662
0.605418
0.662
0.662
0.186909
0.662
0.250277
0.290458
0.662
0.662
0.618032
0.537841
0.55855
0.185947
0.382683
0.142251
0.662
0.626495
0.394154
0.662
0.309213
0.662
0.209763
0.533828
0.288709
0.105072
0.662
0.519167
0.172397
0.483285
0.27707
0.182916
0.662
0.662
0.571259
0.331285
0.434833
0.439829
0.382274
0.662
0.277889
0.662
0.210362
0.175585
0.271051
0.0736233
0.151043
0.0400187
0.304682
0.493673
0.203037
0.134958
0.662
0.424168
0.211451
0.139118
0.342538
0.370296
0.131358
0.662
0.662
0.43816
0.662
0.4845
0.22002
0.662
0.207001
0.35916
0.662
0.662
0.436789
0.191076
0.216968
0.662
0.142215
0.662
0.184536
0.526067
0.265407
0.662
0.543185
0.195928
0.662
0.46049
0.452329
0.372289
0.267369
0.662
0.264132
0.662
0.253678
0.311352
0.662
0.662
0.662
0.662
0.137602
0.662
0.662
0.502958
0.267125
0.0271017
0.462458
0.194819
0.172868
0.19395
0.662
0.662
0.0365099
0.0325729
0.662
0.662
0.0337681
0.662
0.662
0.177503
0.127142
0.662
0.662
0.56798
0.662
0.624849
0.393139
0.662
0.662
0.662
0.662
0.458267
0.662
0.662
0.049444
0.662
0.662
0.0975002
0.309789
0.32237
0.371081
0.662
0.436634
0.217743
0.662
0.197407
0.662
0.662
0.0421671
0.662
0.283967
0.522996
0.662
0.00288885
0.231672
0.214979
0.231425
0.662
0.662
0.362838
0.330175
0.662
0.0147481
0.215728
0.662
0.12336
0.108106
0.229911
0.662
0.452414
0.0574014
0.662
0.171891
0.662
0.234201
0.662
0.648522
0.485369
0.323134
0.126089
0.624945
0.662
0.662
0.206574
0.662
0.315236
0.662
0.662
0.456842
0.662
0.346376
0.0883383
0.582345
0.160091
0.461415
0.662
0.662
0.662
0.662
0.481604
0.287823
0.662
0.261045
0.0418084
0.640676
0.322541
0.662
0.662
0.436682
0.189029
0.235134
0.662
0.292671
0.662
0.440115
0.662
0.148079
0.209765
0.662
0.662
0.593059
0.662
0.123302
0.654492
0.459631
0.433022
0.662
0.662
0.281544
0.662
0.662
0.662
0.458493
0.662
0.461994
0.662
0.662
0.662
0.292225
0.262181
0.662
0.00987241
0.662
0.60459
0.0466953
0.539204
0.357811
0.265083
0.174295
0.359629
0.375859
0.268231
0.315749
0.189313
0.0143283
0.662
0.214219
0.461869
0.142883
0.662
0.662
0.252354
0.219485
0.662
0.662
0.662
0.662
0.526955
0.229028
0.0946773
0.662
0.662
0.0919154
0.662
0.223313
0.393938
0.134477
0.662
0.662
0.416873
0.662
0.133632
0.304843
0.662
0.662
0.0980012
0.662
0.550062
0.662
0.572638
0.662
0.662
0.662
0.340777
0.662
0.662
0.662
0.662
0.662
0.662
0.170912
0.443032
0.662
0.396573
0.662
0.327614
0.252185
0.662
0.662
0.299894
0.137326
0.662
0.338047
0.158319
0.19777
0.330597
0.662
0.662
0.135353
0.662
0.662
0.143027
0.662
0.662
0.15978
0.662
0.662
0.472193
0.158317
0.0439256
0.662
0.233363
0.623141
0.662
0.662
0.516488
0.297303
0.662
0.662
0.482212
0.1885
0.662
0.518016
0.245603
0.283756
0.662
0.199077
0.662
0.662
0.662
0.265548
0.662
0.662
0.0465215
0.662
0.106927
0.188295
0.571398
0.260151
0.104564
0.662
0.662
0.393799
0.216982
0.320928
0.662
0.406929
0.662
0.264472
0.419866
0.662
0.300565
0.432465
0.131747
0.662
0.453142
0.18825
0.545105
0.355923
0.330786
0.137001
0.662
0.391204
0.472586
0.517822
0.177934
0.662
0.166855
0.662
0.662
0.136062
0.431348
0.662
0.662
0.128466
0.662
0.662
0.463503
0.0197386
0.0807104
0.662
0.662
0.662
0.490909
0.029176
0.421076
0.662
0.662
0.628715
0.662
0.327392
0.464982
0.662
0.466776
0.313329
0.412537
0.662
0.662
0.215935
0.662
0.615251
0.255777
0.662
0.662
0.19364
0.662
0.287
0.662
0.287157
0.28397
0.662
0.195232
0.329736
0.228298
0.662
0.662
0.0823887
0.662
0.196832
0.662
0.159211
0.662
0.662
0.662
0.254814
0.662
0.662
0.206101
0.428043
0.476641
0.379401
0.452674
0.662
0.117292
0.662
0.237415
0.12914
0.662
0.450263
0.662
0.441776
0.0691526
0.662
0.406812
0.634718
0.0711834
0.42622
0.662
0.662
0.291476
0.662
0.186722
0.662
0.120459
0.345915
0.260456
0.161209
0.662
0.662
0.662
0.662
0.439112
0.662
0.662
0.662
0.662
0.662
0.0826705
0.279717
0.1585
0.396103
0.662
0.662
0.200771
0.4308
0.168213
0.0775201
0.662
0.455353
0.188148
0.662
0.516835
0.345196
0.40415
0.203351
0.356901
0.232032
0.662
0.612968
0.662
0.662
0.199666
0.171885
0.662
0.210862
0.193366
0.421072
0.0336595
0.104789
0.662
0.282374
0.467399
0.662
0.662
0.662
0.662
0.328162
0.18701
0.662
0.139738
0.662
0.226395
0.460272
0.662
0.159882
0.0630173
0.0807271
0.662
0.289794
0.397734
0.662
0.662
0.198685
0.662
0.662
0.143059
0.662
0.323221
0.662
0.662
0.460623
0.439357
0.0708212
0.662
0.213137
0.662
0.555456
0.24092
0.517282
0.662
0.662
0.181714
0.662
0.28474
0.256198
0.662
0.594824
0.49485
0.139344
0.264678
0.0205946
0.662
0.144046
0.662
0.205908
0.662
0.264704
0.423448
0.0289125
0.662
0.0482332
0.605647
0.414829
0.32973
0.662
0.208921
0.196758
0.662
0.305626
0.662
0.560759
0.662
0.662
0.662
0.662
0.662
0.0840814
0.33524
0.662
0.269528
0.341432
0.102713
0.161362
0.41665
0.340229
0.662
0.205048
0.662
0.270936
0.466571
0.392998
0.592895
0.662
0.22376
0.662
0.511035
0.0810823
0.662
0.662
0.237765
0.52989
0.41704
0.0689894
0.4435
0.460101
0.630972
0.101163
0.213577
0.206439
0.544732
0.240991
0.662
0.643642
0.662
0.662
0.496707
0.662
0.231084
0.662
0.404438
0.44722
0.245001
0.486782
0.662
0.168498
0.662
0.0892092
0.662
0.228732
0.662
0.662
0.18071
0.662
0.221638
0.198998
0.452047
0.662
0.312766
0.192562
0.169648
0.662
0.662
0.662
0.255977
0.224148
0.223364
0.209671
0.241132
0.267715
0.662
0.126421
0.115407
0.662
0.267279
0.00530836
0.662
0.277869
0.163512
0.662
0.482098
0.662
0.109214
0.333153
0.236608
0.408417
0.662
0.662
0.458703
0.302529
0.277879
0.11632
0.662
0.590566
0.558054
0.172057
0.373847
0.608022
0.0838936
0.662
0.361389
0.662
0.375061
0.662
0.662
0.662
0.100695
0.391514
0.0182011
0.362156
0.193304
0.199715
0.230892
0.662
0.335257
0.158077
0.011697
0.662
0.662
0.662
0.132212
0.0682588
0.414147
0.662
0.587107
0.388577
0.418412
0.326724
0.477463
0.143316
0.257568
0.662
0.662
0.583479
0.252172
0.662
0.662
0.662
0.662
0.488052
0.662
0.435629
0.662
0.0615084
0.662
0.345504
0.282093
0.49204
0.662
0.452515
0.662
0.662
0.44441
0.547316
0.204927
0.326751
0.186834
0.0774998
0.0715271
0.251902
0.262749
0.393648
0.329282
0.224028
0.245087
0.662
0.662
0.366871
0.390939
0.662
0.480774
0.662
0.560893
0.0451548
0.26096
0.662
0.662
0.285494
0.591251
0.662
0.327774
0.507494
0.179445
0.299236
0.662
0.326607
0.662
0.300901
0.0180652
0.0674073
0.662
0.606459
0.291321
0.662
0.662
0.662
0.662
0.167575
0.547192
0.340588
0.662
0.451694
0.0613892
0.181599
0.248806
0.26095
0.368933
0.662
0.549003
0.187434
0.129871
0.662
0.662
0.264206
0.324802
0.367964
0.185968
0.280834
0.441517
0.662
0.662
0.211841
0.223074
0.662
0.647087
0.188117
0.436867
0.662
0.662
0.357983
0.401723
0.103225
0.662
0.662
0.232546
0.232419
0.482182
0.236499
0.662
0.236223
0.662
0.550906
0.00687931
0.618419
0.662
0.662
0.38667
0.219931
0.662
0.0611027
0.186805
0.662
0.662
0.275653
0.662
0.262048
0.428619
0.662
0.662
0.240697
0.107017
0.215959
0.186875
0.662
0.278627
0.40172
0.219054
0.359503
0.662
0.465744
0.662
0.662
0.418284
0.662
0.221597
0.662
0.266267
0.219456
0.142349
0.228965
0.662
0.217708
0.662
0.450387
0.662
0.662
0.201759
0.168305
0.185354
0.533287
0.189159
0.461457
0.662
0.157809
0.251643
0.662
0.22576
0.662
0.662
0.662
0.430811
0.225009
0.592427
0.662
0.441337
0.507034
0.662
0.662
0.662
0.662
0.439503
0.0370775
0.456469
0.662
0.52314
0.662
0.304598
0.274819
0.566127
0.662
0.366797
0.154495
0.662
0.114995
0.662
0.27441
0.187113
0.662
0.390343
0.37533
0.283955
0.376581
0.662
0.228446
0.662
0.662
0.662
0.628923
0.458197
0.662
0.662
0.662
0.317227
0.662
0.662
0.113964
0.193727
0.559423
0.172883
0.662
0.662
0.662
0.0871654
0.662
0.662
0.0729254
0.210769
0.662
0.148593
0.391259
0.662
0.148045
0.220793
0.662
0.49964
0.0580318
0.215744
0.662
0.3335
0.156592
0.662
0.662
0.29509
0.451289
0.662
0.512701
0.289513
0.662
0.55452
0.282708
0.662
0.127376
0.413677
0.662
0.662
0.662
0.235761
0.337313
0.226085
0.203289
0.662
0.662
0.560221
0.215166
0.662
0.481866
0.662
0.662
0.662
0.208547
0.247867
0.662
0.662
0.255941
0.662
0.0836144
0.205359
0.258177
0.0557117
0.662
0.119436
0.260772
0.662
0.0363122
0.662
0.354208
0.40987
0.194008
0.271225
0.253006
0.143075
0.662
0.662
0.662
0.662
0.662
0.662
0.662
0.366896
0.662
0.662
0.662
0.370895
0.199303
0.430768
0.662
0.154725
0.363607
0.0563934
0.365312
0.662
0.322451
0.113607
0.229353
0.662
0.380393
0.662
0.217723
0.313238
0.662
0.662
0.59478
0.241987
0.662
0.662
0.362677
0.662
0.297989
0.662
0.0878529
0.489895
0.662
0.19203
0.406287
0.662
0.662
0.662
0.158399
0.193947
0.438148
0.190313
0.331768
0.662
0.103892
0.0325807
0.549071
0.662
0.662
0.662
0.662
0.662
0.179304
0.446904
0.662
0.272518
0.461
0.662
0.206395
0.178735
0.454049
0.662
0.185687
0.4011
0.548345
0.662
0.662
0.0864544
0.582305
0.116418
0.662
0.662
0.0843584
0.662
0.662
0.662
0.274288
0.169334
0.20975
0.280891
0.0923596
0.177721
0.392283
0.662
0.405082
0.662
0.662
0.662
0.592092
0.662
0.662
0.662
0.662
0.5356
0.662
0.198393
0.662
0.29404
0.662
0.662
0.662
0.662
0.421981
0.218847
0.271847
0.375797
0.204208
0.410366
0.159036
0.133089
0.662
0.662
0.213766
0.243671
0.306311
0.130452
0.662
0.156109
0.246359
0.662
0.662
0.146514
0.204631
0.662
0.662
0.234178
0.662
0.662
0.202416
0.662
0.364286
0.14175
0.253271
0.211068
0.185945
0.198029
0.130712
0.137123
0.662
0.662
0.662
0.662
0.111455
0.454454
0.453624
0.257519
0.662
0.662
0.662
0.124649
0.662
0.0382806
0.466205
0.662
0.245895
0.0717887
0.662
0.20798
0.13498
0.662
0.0366246
0.223663
0.662
0.662
0.250783
0.662
0.305518
0.662
0.662
0.165958
0.662
0.113348
0.0469248
0.662
0.355272
0.405136
0.662
0.235889
0.208983
0.440837
0.148627
0.319333
0.662
0.304304
0.662
0.662
0.662
0.662
0.662
0.185068
0.662
0.265642
0.222684
0.662
0.155806
0.662
0.662
0.454509
0.662
0.025067
0.662
0.575691
0.365064
0.262978
0.307125
0.309933
0.0287194
0.0702585
0.662
0.662
0.179511
0.151685
0.662
0.662
0.662
0.662
0.662
0.662
0.23455
0.183112
0.00662948
0.432322
0.382257
0.424067
0.662
0.192133
0.31463
0.381474
0.272156
0.662
0.182241
0.342543
0.662
0.662
0.470571
0.170626
0.662
0.387462
0.662
0.662
0.35906
0.135856
0.662
0.0111757
0.288368
0.662
0.342465
0.662
0.205822
0.662
0.222429
0.0513352
0.612235
0.147645
0.662
0.662
0.662
0.213457
0.662
0.337626
0.552043
0.236605
0.662
0.662
0.662
0.662
0.0971216
0.278556
0.372781
0.545822
0.0664383
0.202671
0.416102
0.0823355
0.0805995
0.298235
0.662
0.366034
0.331352
0.662
0.595997
0.357892
0.0115709
0.662
0.162442
0.0991091
0.281782
0.213328
0.193891
0.662
0.662
0.662
0.346956
0.662
0.314759
0.301487
0.176905
0.662
0.662
0.662
0.132977
0.662
0.0628525
0.541891
0.29429
0.446816
0.271316
0.662
0.662
0.0698664
0.662
0.662
0.0469812
0.662
0.172284
0.119268
0.129918
0.662
0.662
0.392625
0.662
0.236293
0.662
0.486614
0.662
0.139595
0.662
0.323001
0.531378
0.294966
0.422551
0.214894
0.31989
0.662
0.166118
0.662
0.107468
0.129032
0.662
0.662
0.380198
0.318737
0.434337
0.36958
0.100954
0.16273
0.343969
0.163928
0.662
0.196905
0.662
0.0786509
0.111898
0.662
0.662
0.469374
0.19149
0.662
0.662
0.311
0.662
0.662
0.662
0.188475
0.413298
0.662
0.165046
0.298285
0.662
0.662
0.0759861
0.261087
0.662
0.662
0.662
0.441134
0.662
0.102532
0.0370216
0.562383
0.508607
0.478456
0.579148
0.00422874
0.662
0.439389
0.543649
0.662
0.662
0.0741601
0.483589
0.662
0.481346
0.662
0.328174
0.662
0.662
0.628278
0.0147451
0.185193
0.272964
0.225608
0.222282
0.0345075
0.456394
0.213555
0.461979
0.662
0.662
0.200879
0.662
0.0729276
0.662
0.662
0.662
0.00853053
0.410417
0.49582
0.348966
0.365002
0.204257
0.413015
0.505207
0.282507
0.415386
0.244567
0.662
0.233724
0.662
0.662
0.2367
0.215499
0.662
0.0819757
0.572486
0.662
0.662
0.662
0.662
0.365774
0.662
0.284211
0.662
0.662
0.18858
0.151663
0.662
0.659105
0.223273
0.362332
0.662
0.146283
0.200272
0.662
0.0829936
0.662
0.662
0.460803
0.662
0.189159
0.587518
0.43904
0.475098
0.013177
0.00316789
0.214881
0.129502
0.0476417
0.302207
0.162216
0.208901
0.350636
0.662
0.662
0.662
0.311641
0.192249
0.662
0.354358
0.122504
0.662
0.233599
0.662
0.253752
0.662
0.662
0.662
0.273522
0.0891661
0.617676
0.206451
0.306156
0.186091
0.422752
0.397257
0.438273
0.0123759
0.247678
0.237027
0.386167
0.662
0.662
0.416506
0.197314
0.0696206
0.662
0.251991
0.662
0.107082
0.662
0.378318
0.0407722
0.662
0.0835348
0.662
0.355621
0.662
0.445615
0.662
0.662
0.547297
0.0793856
0.337619
0.662
0.475851
0.100477
0.0456295
0.25435
0.182852
0.323504
0.262366
0.0519911
0.222952
0.662
0.171186
0.148559
0.483374
0.21076
0.265147
0.235528
0.196706
0.266911
0.461968
0.662
0.662
0.662
0.491452
0.662
0.662
0.296097
0.662
0.662
0.662
0.328888
0.150459
0.114635
0.662
0.60075
0.662
0.347364
0.294949
0.50441
0.04552
0.445926
0.175726
0.296368
0.451548
0.272604
0.662
0.236987
0.662
0.662
0.307287
0.00672835
0.400009
0.662
0.421184
0.662
0.662
0.662
0.662
0.662
0.161805
0.172985
0.409072
0.000791526
0.367627
0.662
0.203121
0.662
0.111223
0.662
0.662
0.662
0.662
0.454994
0.494122
0.662
0.251568
0.662
0.662
0.662
0.397073
0.395421
0.40223
0.387017
0.451456
0.662
0.281939
0.306078
0.37775
0.526723
0.273561
0.662
0.0778056
0.226171
0.368335
0.662
0.281596
0.662
0.521282
0.428565
0.662
0.662
0.300415
0.465914
0.481104
0.221015
0.662
0.662
0.662
0.662
0.36146
0.387808
0.213368
0.662
0.218585
0.214317
0.14856
0.662
0.200545
0.662
0.662
0.400978
0.483581
0.662
0.168945
0.662
0.197736
0.662
0.662
0.115293
0.662
0.662
0.662
0.30808
0.662
0.662
0.339311
0.3425
0.662
0.235773
0.0373705
0.478726
0.11371
0.464084
0.258245
0.297391
0.662
0.662
0.554332
0.662
0.662
0.662
0.252951
0.453645
0.426576
0.662
0.0143068
0.211579
0.662
0.662
0.662
0.257939
0.662
0.225736
0.662
0.193256
0.062655
0.30089
0.492389
0.662
0.453394
0.662
0.662
0.662
0.433409
0.662
0.183889
0.537653
0.126932
0.228949
0.164293
0.357317
0.662
0.258564
0.0831747
0.284466
0.310731
0.662
0.229266
0.511921
0.662
0.209807
0.294652
0.662
0.662
0.338135
0.271379
0.662
0.0860483
0.221361
0.347406
0.662
0.617889
0.662
0.662
0.0856935
0.0812866
0.662
0.375685
0.417311
0.210644
0.239086
0.662
0.662
0.191908
0.662
0.429706
0.238817
0.258182
0.273554
0.490334
0.0742007
0.662
0.662
0.662
0.662
0.234248
0.662
0.325645
0.221303
0.00415783
0.662
0.443426
0.241695
0.334097
0.428957
0.662
0.662
0.200547
0.662
0.195688
0.0810503
0.662
0.218651
0.529607
0.320968
0.326723
0.662
0.662
0.662
0.662
0.662
0.662
0.662
0.332259
0.210748
0.247931
0.662
0.351013
0.662
0.662
0.662
0.104476
0.662
0.662
0.302317
0.0205126
0.531232
0.657376
0.197018
0.0590413
0.565323
0.571791
0.275382
0.222742
0.662
0.279352
0.111445
0.205148
0.0600749
0.301724
0.351892
0.662
0.662
0.294209
0.118374
0.662
0.604081
0.662
0.317048
0.662
0.317491
0.662
0.0687311
0.662
0.21647
0.127545
0.185563
0.240203
0.3223
0.662
0.257531
0.662
0.419428
0.662
0.487916
0.295938
0.571781
0.006282
0.264608
0.662
0.247032
0.370806
0.662
0.662
0.662
0.219644
0.386362
0.00112386
0.164532
0.114401
0.224356
0.0703039
0.662
0.662
0.227109
0.207485
0.662
0.662
0.46493
0.662
0.322233
0.203606
0.662
0.31995
0.662
0.353399
0.662
0.245965
0.48874
0.662
0.662
0.662
0.225418
0.361262
0.662
0.662
0.662
0.359453
0.343594
0.163956
0.616441
0.662
0.218941
0.20385
0.484328
0.17463
0.365724
0.0865256
0.662
0.662
0.279759
0.0890488
0.42823
0.219879
0.133914
0.148764
0.184422
0.662
0.560834
0.662
0.662
0.0317582
0.662
0.662
0.662
0.142184
0.197867
0.0300115
0.262872
0.662
0.300119
0.616519
0.662
0.118208
0.502412
0.42166
0.662
0.662
0.662
0.662
0.32663
0.262305
0.662
0.530468
0.203187
0.662
0.271384
0.13984
0.322428
0.662
0.424955
0.662
0.662
0.1637
0.0211746
0.345845
0.0689432
0.00830117
0.662
0.662
0.279503
0.184469
0.246821
0.29829
0.662
0.662
0.662
0.184514
0.62426
0.662
0.344117
0.194623
0.662
0.62956
0.0186031
0.366996
0.662
0.193604
0.662
0.240309
0.662
0.662
0.334499
0.164466
0.662
0.0468831
0.662
0.306945
0.662
0.662
0.270782
0.662
0.196807
0.00475572
0.443704
0.116192
0.662
0.32163
0.204591
0.244916
0.662
0.662
0.662
0.389789
0.392991
0.124536
0.237369
0.208947
0.662
0.209676
0.263441
0.287911
0.304937
0.105562
0.496942
0.662
0.239864
0.385806
0.662
0.20796
0.420044
0.662
0.662
0.662
0.0194737
0.662
0.171046
0.174851
0.662
0.0158798
0.662
0.146855
0.662
0.28986
0.0744323
0.269189
0.662
0.662
0.426944
0.662
0.662
0.00221645
0.42716
0.503331
0.662
0.236929
0.662
0.0670225
0.189696
0.662
0.662
0.662
0.634003
0.15301
0.662
0.241668
0.369927
0.16794
0.662
0.662
0.662
0.662
0.4767
0.155761
0.662
0.146631
0.217091
0.662
0.639224
0.144778
0.197135
0.0331969
0.305703
0.293827
0.134862
0.502837
0.662
0.662
0.191104
0.110987
0.662
0.662
0.0678702
0.662
0.662
0.495912
0.12485
0.662
0.662
0.121048
0.662
0.0733337
0.662
0.620489
0.429987
0.00304851
0.474713
0.320678
0.369221
0.662
0.273116
0.228752
0.662
0.267383
0.389156
0.662
0.438198
0.662
0.662
0.662
0.662
0.271744
0.466709
0.171825
0.226184
0.513759
0.173416
0.471659
0.662
0.135591
0.0307855
0.662
0.459993
0.50464
0.277844
0.292046
0.662
0.662
0.194887
0.401129
0.662
0.662
0.428074
0.662
0.230741
0.253334
0.662
0.662
0.540122
0.164754
0.207901
0.662
0.662
0.662
0.186325
0.0505114
0.662
0.364322
0.662
0.47755
0.662
0.229899
0.320484
0.244618
0.577666
0.662
0.662
0.192814
0.662
0.662
0.662
0.301261
0.250163
0.533825
0.437681
0.330108
0.227506
0.493548
0.633391
0.206036
0.662
0.662
0.0965873
0.662
0.0963222
0.213406
0.662
0.662
0.210215
0.412384
0.662
0.281736
0.306603
0.506961
0.662
0.0703881
0.1653
0.662
0.138427
0.662
0.211484
0.115476
0.229766
0.662
0.662
0.361104
0.270452
0.662
0.662
0.660982
0.243666
0.400683
0.662
0.469037
0.266557
0.355936
0.408901
0.144857
0.662
0.662
0.490707
0.0916523
0.662
0.374777
0.662
0.65707
0.381233
0.662
0.0298404
0.662
0.662
0.339431
0.520418
0.662
0.159206
0.662
0.662
0.014225
0.0423406
0.423247
0.0946053
0.188648
0.662
0.20069
0.662
0.662
0.598754
0.431519
0.662
0.347886
0.242577
0.22728
0.149961
0.189097
0.378995
0.0763792
0.115259
0.0953876
0.45828
0.662
0.233602
0.434023
0.662
0.0429851
0.337476
0.137369
0.662
0.166918
0.662
0.662
0.145531
0.187254
0.662
0.311773
0.112261
0.643099
0.296586
0.662
0.342849
0.662
0.662
0.662
0.205091
0.662
0.210905
0.447263
0.165768
0.359709
0.0184011
0.0385325
0.662
0.662
0.22303
0.249368
0.253402
0.198571
0.662
0.321331
0.662
0.213079
0.285853
0.662
0.662
0.662
0.662
0.114904
0.662
0.568267
0.662
0.00789226
0.0744474
0.484001
0.268574
0.550093
0.130854
0.134047
0.662
0.662
0.662
0.194443
0.591043
0.118326
0.662
0.662
0.662
0.272148
0.164649
0.358385
0.462669
0.662
0.216838
0.4421
0.530726
0.662
0.0225648
0.227568
0.569749
0.357349
0.534052
0.292682
0.410038
0.0385595
0.662
0.076945
0.547523
0.662
0.662
0.168946
0.243114
0.662
0.335124
0.112116
0.176012
0.662
0.662
0.2446
0.662
0.574029
0.662
0.310249
0.00882483
0.179864
0.324414
0.662
0.26466
0.468765
0.662
0.662
0.662
0.662
0.46301
0.662
0.662
0.662
0.248227
0.662
0.385619
0.662
0.662
0.1995
0.129841
0.219362
0.662
0.343447
0.644634
0.662
0.662
0.662
0.662
0.662
0.221305
0.662
0.0615273
0.462102
0.0445572
0.235393
0.662
0.662
0.662
0.662
0.662
0.467556
0.227508
0.402412
0.186111
0.393847
0.662
0.662
0.662
0.662
0.383338
0.328182
0.156212
0.662
0.0936997
0.662
0.254543
0.662
0.662
0.238462
0.383587
0.26406
0.662
0.448447
0.662
0.0880025
0.662
0.662
0.662
0.662
0.662
0.662
0.364438
0.662
0.00631614
0.357818
0.209639
0.662
0.446815
0.250509
0.350055
0.574616
0.662
0.254643
0.468817
0.0050201
0.422527
0.0792443
0.109575
0.662
0.515494
0.629706
0.322555
0.662
0.385373
0.261619
0.662
0.453012
0.662
0.15197
0.535741
0.0474125
0.662
0.662
0.245316
0.662
0.478873
0.00377154
0.265109
0.662
0.417302
0.222511
0.662
0.662
0.476522
0.162666
0.601693
0.662
0.123862
0.0145626
0.24658
0.662
0.1532
0.113359
0.662
0.383484
0.662
0.240035
0.133418
0.340083
0.165065
0.351172
0.430589
0.662
0.662
0.470314
0.662
0.261838
0.271778
0.579031
0.00557068
0.662
0.0355931
0.343439
0.662
0.662
0.662
0.662
0.662
0.662
0.662
0.196716
0.279153
0.630398
0.662
0.657426
0.662
0.191755
0.662
0.0933604
0.662
0.166976
0.662
0.466705
0.0434075
0.662
0.00232233
0.344152
0.662
0.295431
0.393628
0.662
0.428673
0.445864
0.410236
0.329712
0.627531
0.662
0.131816
0.258042
0.662
0.662
0.157635
0.0680719
0.377787
0.248978
0.662
0.662
0.195278
0.231931
0.214214
0.359571
0.252286
0.489186
0.662
0.662
0.135128
0.662
0.662
0.662
0.662
0.662
0.474574
0.0844342
0.517165
0.429116
0.00987081
0.662
0.148016
0.307964
0.273035
0.662
0.210498
0.662
0.11827
0.610971
0.355448
0.100625
0.293279
0.140885
0.662
0.662
0.662
0.662
0.144113
0.152287
0.662
0.521475
0.235894
0.662
0.629706
0.662
0.662
0.346813
0.342803
0.189993
0.465452
0.195855
0.662
0.488872
0.0820038
0.662
0.662
0.155796
0.347331
0.662
0.662
0.594792
0.178046
0.662
0.258124
0.662
0.501602
0.202979
0.662
0.662
0.662
0.209036
0.307696
0.662
0.151499
0.662
0.662
0.662
0.27693
0.662
0.1442
0.662
0.487141
0.112113
0.205222
0.662
0.105549
0.662
0.662
0.20323
0.662
0.662
0.662
0.441171
0.662
0.321474
0.0272242
0.442249
0.098878
0.662
0.295581
0.224681
0.662
0.509598
0.662
0.341415
0.193097
0.225283
0.526014
0.0296346
0.662
0.662
0.533928
0.378938
0.662
0.662
0.662
0.0989166
0.662
0.662
0.662
0.662
0.662
0.0428276
0.353738
0.60818
0.289583
0.662
0.662
0.662
0.360804
0.181955
0.395828
0.285251
0.424182
0.662
0.662
0.662
0.039044
0.662
0.662
0.490119
0.15854
0.662
0.073837
0.662
0.662
0.353624
0.429635
0.108353
0.662
0.21484
0.169267
0.662
0.279314
0.662
0.248116
0.135422
0.244012
0.199676
0.662
0.662
0.338839
0.662
0.00308539
0.662
0.662
0.662
0.177794
0.0618931
0.662
0.662
0.23191
0.196488
0.197528
0.662
0.662
0.0557256
0.497819
0.31284
0.470819
0.662
0.259908
0.662
0.662
0.662
0.0526261
0.662
0.394132
0.322652
0.275114
0.662
0.662
0.662
0.243637
0.488713
0.662
0.662
0.662
0.441598
0.662
0.381636
0.481076
0.0843302
0.662
0.0619215
0.256425
0.662
0.366119
0.235353
0.662
0.366179
0.662
0.172084
0.662
0.647026
0.662
0.4056
0.595315
0.0530112
0.662
0.273193
0.662
0.18887
0.392426
0.0569281
0.662
0.662
0.223092
0.306234
0.662
0.150158
0.159944
0.00690121
0.662
0.662
0.0140974
0.0337595
0.105366
0.565952
0.558211
0.662
0.0462562
0.662
0.275338
0.662
0.590554
0.190399
0.210179
0.332672
0.662
0.6506
0.37741
0.662
0.123168
0.345729
0.329602
0.662
0.19667
0.283598
0.416965
0.662
0.260536
0.662
0.344933
0.418515
0.0670493
0.630044
0.296508
0.662
0.662
0.350807
0.662
0.648115
0.225139
0.662
0.346431
0.327886
0.662
0.662
0.210168
0.449503
0.375481
0.351873
0.662
0.463239
0.662
0.662
0.342534
0.485844
0.218418
0.662
0.151652
0.662
0.248682
0.131459
0.283245
0.470499
0.140988
0.267472
0.662
0.264219
0.662
0.662
0.423385
0.439509
0.463756
0.0925462
0.191518
0.662
0.362287
0.00175134
0.662
0.662
0.018927
0.662
0.436876
0.662
0.25516
0.365236
0.662
0.193463
0.0652879
0.0463743
0.0285812
0.200451
0.662
0.662
0.662
0.0172794
0.558209
0.423492
0.662
0.662
0.662
0.154834
0.301557
0.396966
0.662
0.451787
0.662
0.465686
0.541231
0.662
0.539161
0.234139
0.114302
0.662
0.662
0.193159
0.0788442
0.25469
0.299113
0.662
0.248385
0.311342
0.460656
0.0015693
0.0320162
0.393951
0.359878
0.211584
0.2011
0.266643
0.662
0.516694
0.232358
0.662
0.149562
0.342542
0.468671
0.473994
0.383373
0.13452
0.193095
0.662
0.610819
0.0400225
0.662
0.354916
0.662
0.0368126
0.0876534
0.662
0.571187
0.662
0.435961
0.662
0.183575
0.374102
0.662
0.662
0.463084
0.578222
0.662
0.662
0.662
0.220242
0.368442
0.0795206
0.306776
0.662
0.43659
0.166495
0.662
0.662
0.0303962
0.342302
0.217769
0.417086
0.218908
0.662
0.662
0.241023
0.662
0.662
0.662
0.112088
0.662
0.0118252
0.538468
0.227156
0.662
0.662
0.217237
0.36965
0.21217
0.250918
0.061995
0.662
0.136597
0.257685
0.0928927
0.299279
0.662
0.662
0.462965
0.470893
0.209264
0.0279476
0.0851007
0.190423
0.248458
0.188701
0.662
0.386838
0.662
0.662
0.662
0.284326
0.662
0.414985
0.100501
0.044409
0.202893
0.157719
0.274417
0.127957
0.517136
0.662
0.496363
0.0966062
0.662
0.142022
0.662
0.3015
0.662
0.662
0.662
0.413103
0.662
0.662
0.112964
0.306655
0.162137
0.662
0.193323
0.133291
0.400196
0.121409
0.662
0.294279
0.662
0.633397
0.662
0.401822
0.662
0.420156
0.662
0.662
0.164177
0.662
0.369833
0.662
0.544345
0.421711
0.662
0.195498
0.373416
0.662
0.27986
0.315945
0.662
0.473035
0.148445
0.436492
0.662
0.662
0.662
0.518068
0.413353
0.662
0.662
0.300097
0.124491
0.662
0.215798
0.662
0.662
0.662
0.662
0.244141
0.248383
0.662
0.662
0.662
0.662
0.662
0.662
0.662
0.583364
0.43701
0.262734
0.399485
0.440936
0.46665
0.200473
0.370707
0.0755637
0.662
0.662
0.0405537
0.662
0.662
0.662
0.0736477
0.662
0.282089
0.2456
0.662
0.662
0.662
0.662
0.662
0.662
0.431982
0.662
0.662
0.662
0.612589
0.662
0.590784
0.662
0.56056
0.662
0.563551
0.19251
0.306528
0.662
0.224322
0.662
0.42858
0.662
0.662
0.662
0.0605227
0.662
0.662
0.188824
0.0991882
0.229271
0.0606892
0.662
0.662
0.136017
0.425174
0.662
0.268197
0.662
0.662
0.365443
0.275144
0.405295
0.246632
0.662
0.662
0.662
0.467453
0.178647
0.662
0.319136
0.385628
0.1932
0.214279
0.273221
0.185101
0.125611
0.319408
0.328348
0.272196
0.0142401
0.662
0.662
0.353021
0.275624
0.662
0.662
0.662
0.662
0.454261
0.16703
0.457558
0.662
0.2338
0.662
0.28581
0.0193203
0.29422
0.194767
0.297147
0.662
0.662
0.381958
0.04068
0.282892
0.275812
0.472713
0.33851
0.379876
0.662
0.502837
0.229401
0.56298
0.375894
0.198392
0.662
0.202798
0.662
0.662
0.223614
0.361934
0.121014
0.662
0.282701
0.149521
0.246587
0.0148779
0.662
0.314537
0.247828
0.112282
0.213715
0.577045
0.381624
0.218358
0.527728
0.224134
0.662
0.662
0.662
0.662
0.662
0.662
0.352251
0.105699
0.466407
0.107844
0.343794
0.37057
0.662
0.292429
0.14693
0.662
0.662
0.407957
0.339545
0.365268
0.662
0.662
0.372147
0.662
0.662
0.59025
0.316131
0.277077
0.268071
0.252911
0.346785
0.662
0.234354
0.226378
0.22292
0.344525
0.662
0.103419
0.662
0.261658
0.662
0.662
0.662
0.533298
0.437044
0.662
0.161122
0.581994
0.662
0.662
0.103641
0.662
0.27597
0.528956
0.133419
0.403581
0.2838
0.523819
0.144863
0.346262
0.0738646
0.232214
0.270023
0.0681058
0.268497
0.419456
0.424095
0.662
0.310445
0.662
0.531401
0.662
0.662
0.662
0.205388
0.662
0.150062
0.662
0.662
0.473992
0.130596
0.209519
0.662
0.262588
0.283627
0.662
0.628793
0.662
0.662
0.407174
0.186703
0.258001
0.429435
0.168974
0.662
0.408731
0.480964
0.0433653
0.662
0.400616
0.395103
0.111873
0.662
0.171307
0.268312
0.186673
0.662
0.157608
0.662
0.662
0.662
0.662
0.642475
0.662
0.236524
0.135864
0.276069
0.648805
0.662
0.662
0.612153
0.662
0.300702
0.374852
0.187446
0.121753
0.662
0.662
0.41077
0.186854
0.662
0.662
0.662
0.405833
0.662
0.189704
0.0123035
0.662
0.662
0.204874
0.452524
0.299963
0.189159
0.194759
0.662
0.316454
0.662
0.662
0.258861
0.603243
0.662
0.183047
0.662
0.662
0.406548
0.135293
0.662
0.295387
0.662
0.259851
0.662
0.662
0.325965
0.398881
0.247419
0.14819
0.662
0.662
0.662
0.662
0.662
0.661069
0.499181
0.224899
0.228402
0.662
0.00571666
0.116705
0.0218756
0.662
0.595269
0.662
0.662
0.311399
0.277214
0.192061
0.259159
0.0357286
0.390711
0.150264
0.465562
0.390098
0.662
0.662
0.662
0.208486
0.662
0.662
0.280437
0.19343
0.383745
0.429821
0.351064
0.103567
0.0363681
0.423662
0.662
0.297135
0.55575
0.662
0.662
0.0196177
0.662
0.0964245
0.363042
0.100755
0.463526
0.662
0.1594
0.662
0.461977
0.336424
0.662
0.370319
0.101363
0.0623289
0.231247
0.662
0.137673
0.369088
0.222078
0.481271
0.662
0.0427288
0.385735
0.226629
0.0969847
0.662
0.195908
0.662
0.662
0.284464
0.0665005
0.482252
0.662
0.630931
0.623818
0.467946
0.662
0.394136
0.662
0.0829237
0.0528348
0.38711
0.662
0.662
0.662
0.171171
0.351025
0.374921
0.187018
0.133786
0.378444
0.14509
0.147372
0.662
0.271066
0.168743
0.0986937
0.242883
0.662
0.662
0.2416
0.129195
0.662
0.010629
0.662
0.662
0.662
0.662
0.662
0.0138412
0.434195
0.340557
0.662
0.662
0.262433
0.149209
0.662
0.0336113
0.16581
0.00622093
0.0222057
0.297711
0.0535781
0.662
0.0447063
0.662
0.472637
0.222293
0.662
0.484301
0.335448
0.662
0.285953
0.662
0.662
0.48357
0.308188
0.201297
0.662
0.662
0.662
0.662
0.186129
0.662
0.430276
0.662
0.252745
0.127768
0.210227
0.662
0.298707
0.662
0.238189
0.444025
0.363913
0.204764
0.662
0.0882688
0.259402
0.662
0.36015
0.0666276
0.662
0.662
0.422336
0.662
0.39233
0.469699
0.45905
0.662
0.195849
0.447774
0.662
0.662
0.359581
0.662
0.194429
0.662
0.3512
0.662
0.662
0.129033
0.662
0.161362
0.662
0.121575
0.216129
0.662
0.294799
0.662
0.0716883
0.0584312
0.662
0.0732027
0.662
0.256187
0.435786
0.510687
0.233218
0.270047
0.554435
0.662
0.197687
0.383078
0.366571
0.115977
0.662
0.662
0.0364814
0.0255124
0.532512
0.167497
0.359411
0.422824
0.662
0.662
0.662
0.662
0.662
0.662
0.662
0.662
0.662
0.462613
0.662
0.3009
0.056207
0.651468
0.457423
0.428661
0.662
0.662
0.662
0.662
0.662
0.0501862
0.441061
0.662
0.662
0.203229
0.0842617
0.0993354
0.190568
0.662
0.470445
0.465089
0.2074
0.0638183
0.43831
0.186256
0.662
0.662
0.662
0.662
0.0441463
0.662
0.213403
0.235953
0.662
0.217671
0.0501724
0.662
0.317878
0.237191
0.662
0.311115
0.213399
0.578229
0.567186
0.269685
0.662
0.255064
0.662
0.289757
0.219722
0.0574037
0.662
0.301431
0.662
0.662
0.304911
0.360624
0.662
0.493644
0.662
0.662
0.662
0.662
0.0907867
0.571942
0.662
0.596261
0.266245
0.50219
0.274332
0.1898
0.462014
0.0721983
0.228393
0.124888
0.0689405
0.662
0.0232507
0.662
0.662
0.372872
0.662
0.472167
0.662
0.662
0.0442869
0.662
0.662
0.662
0.26938
0.662
0.0713788
0.284055
0.417002
0.389836
0.184999
0.646132
0.662
0.662
0.386077
0.490283
0.662
0.662
0.242169
0.275019
0.337634
0.662
0.205064
0.423494
0.611213
0.662
0.365221
0.662
0.254553
0.125663
0.662
0.662
0.662
0.662
0.662
0.662
0.557486
0.386628
0.0629056
0.219016
0.173092
0.190459
0.662
0.662
0.261287
0.343864
0.662
0.214787
0.385571
0.316861
0.197705
0.360346
0.662
0.276507
0.662
0.576566
0.452113
0.662
0.255494
0.662
0.113712
0.662
0.641096
0.253565
0.228812
0.173175
0.249941
0.13404
0.0974114
0.107507
0.662
0.513721
0.332726
0.467209
0.480842
0.435037
0.662
0.662
0.33914
0.128505
0.291401
0.614154
0.22805
0.662
0.662
0.209399
0.398739
0.178811
0.39412
0.662
0.662
0.386019
0.632691
0.192586
0.214694
0.154897
0.295479
0.647049
0.450888
0.380337
0.209696
0.0751961
0.141134
0.0698414
0.220286
0.0374768
0.662
0.419901
0.284199
0.662
0.333843
0.662
0.249992
0.0713717
0.332691
0.662
0.64822
0.367891
0.662
0.253753
0.530014
0.0599911
0.662
0.248889
0.241048
0.662
0.662
0.379594
0.662
0.469164
0.662
0.662
0.662
0.327306
0.0434767
0.473977
0.662
0.662
0.380518
0.319351
0.374355
0.662
0.218823
0.662
0.423777
0.144906
0.289279
0.662
0.662
0.30233
0.324333
0.662
0.0430412
0.132751
0.662
0.662
0.401468
0.243355
0.662
0.662
0.526548
0.662
0.462934
0.422729
0.166528
0.662
0.662
0.662
0.662
0.263991
0.19262
0.662
0.187784
0.662
0.662
0.276162
0.19537
0.00320865
0.662
0.662
0.129329
0.175278
0.662
0.36106
0.26452
0.43338
0.662
0.207177
0.662
0.375036
0.466342
0.662
0.662
0.268678
0.662
0.0781159
0.465174
0.662
0.53574
0.298539
0.395716
0.436871
0.662
0.0261677
0.662
0.662
0.252689
0.409014
0.232548
0.662
0.662
0.662
0.662
0.244693
0.24
0.402594
0.413627
0.662
0.662
0.662
0.30599
0.265336
0.662
0.091782
0.289604
0.374932
0.662
0.320215
0.128907
0.416294
0.662
0.191513
0.662
0.662
0.0661142
0.184974
0.352553
0.662
0.0599931
0.181573
0.662
0.230948
0.105273
0.423191
0.175339
0.225169
0.0298547
0.662
0.662
0.327511
0.662
0.305019
0.188338
0.662
0.662
0.32319
0.400713
0.662
0.662
0.662
0.314083
0.662
0.662
0.662
0.662
0.662
0.662
0.404235
0.371093
0.662
0.519279
0.662
0.270098
0.162089
0.641043
0.227623
0.364655
0.37265
0.662
0.501615
0.662
0.309738
0.662
0.172887
0.347863
0.662
0.662
0.439286
0.662
0.662
0.662
0.0982535
0.662
0.662
0.662
0.662
0.353761
0.324305
0.662
0.662
0.440193
0.265963
0.0628362
0.662
0.473809
0.233613
0.662
0.662
0.337735
0.662
0.662
0.662
0.662
0.594011
0.175187
0.0418114
0.662
0.635082
0.662
0.164257
0.332408
0.0759996
0.263866
0.107684
0.662
0.662
0.0782153
0.300239
0.127601
0.662
0.662
0.411294
0.380528
0.298025
0.500833
0.662
0.178318
0.323973
0.10614
0.139455
0.662
0.172776
0.0165186
0.462709
0.0673828
0.662
0.1717
0.662
0.30701
0.662
0.246986
0.314482
0.45384
0.662
0.462054
0.662
0.398909
0.662
0.662
0.346827
0.152302
0.662
0.247859
0.653669
0.275114
0.363801
0.255291
0.473047
0.328038
0.361904
0.662
0.209638
0.662
0.198616
0.211991
0.199125
0.280268
0.662
0.173556
0.201987
0.396812
0.0227574
0.189764
0.434959
0.0364519
0.456397
0.331082
0.662
0.317302
0.299843
0.662
0.317388
0.365693
0.463547
0.0700082
0.386946
0.662
0.21833
0.662
0.418544
0.152558
0.566508
0.268947
0.662
0.662
0.662
0.662
0.0944606
0.133269
0.208258
0.662
0.662
0.123316
0.226487
0.662
0.264422
0.55261
0.662
0.662
0.447292
0.201917
0.211914
0.662
0.662
0.112925
0.154425
0.0325646
0.662
0.147895
0.662
0.167677
0.194973
0.662
0.259298
0.662
0.662
0.662
0.662
0.662
0.0552611
0.563635
0.408178
0.139322
0.454638
0.402228
0.662
0.662
0.380394
0.363306
0.0705092
0.158305
0.377831
0.662
0.662
0.237695
0.662
0.361551
0.662
0.307976
0.662
0.284046
0.15919
0.662
0.662
0.662
0.272
0.662
0.662
0.0929324
0.662
0.100167
0.231078
0.48544
0.491537
0.0938938
0.0668484
0.662
0.431586
0.453156
0.662
0.13102
0.558714
0.210572
0.662
0.662
0.316164
0.662
0.204323
0.438293
0.105049
0.144945
0.662
0.322873
0.0761771
0.662
0.189627
0.662
0.662
0.662
0.588443
0.0920407
0.210707
0.18292
0.662
0.495452
0.434905
0.662
0.662
0.138764
0.662
0.662
0.662
0.00158604
0.41096
0.662
0.662
0.662
0.0366833
0.662
0.662
0.662
0.662
0.604379
0.662
0.662
0.415812
0.662
0.333102
0.662
0.149937
0.662
0.0997072
0.323821
0.662
0.203165
0.662
0.187223
0.466781
0.662
0.662
0.165771
0.662
0.662
0.1848
0.0527942
0.404073
0.442786
0.662
0.662
0.662
0.203592
0.544887
0.487454
0.0784011
0.662
0.138141
0.662
0.404277
0.662
0.306167
0.192416
0.246018
0.137064
0.662
0.252503
0.662
0.292331
0.662
0.662
0.662
0.122946
0.474949
0.208451
0.208201
0.242006
0.568232
0.417169
0.167382
0.206225
0.274992
0.108335
0.545669
0.662
0.560203
0.384398
0.450638
0.662
0.662
0.22465
0.320834
0.662
0.662
0.662
0.226646
0.662
0.477094
0.329405
0.338755
0.662
0.170111
0.316508
0.021433
0.256377
0.219977
0.0562932
0.588398
0.348782
0.662
0.662
0.000614967
0.297481
0.662
0.662
0.467685
0.227852
0.309263
0.439145
0.662
0.662
0.662
0.662
0.662
0.662
0.662
0.662
0.662
0.662
0.16413
0.662
0.154392
0.293207
0.662
0.472636
0.605012
0.662
0.662
0.233716
0.662
0.662
0.662
0.444265
0.0797366
0.500169
0.27327
0.231078
0.506424
0.662
0.504171
0.662
0.662
0.662
0.662
0.239551
0.425738
0.297983
0.662
0.403164
0.662
0.168119
0.0346177
0.662
0.349474
0.662
0.0066255
0.170617
0.662
0.662
0.662
0.401601
0.662
0.662
0.25184
0.261392
0.662
0.662
0.16785
0.129872
0.394396
0.440591
0.374078
0.450405
0.662
0.662
0.117168
0.445355
0.193371
0.474187
0.385729
0.662
0.662
0.45293
0.662
0.191516
0.27429
0.0173714
0.662
0.662
0.401483
0.0494607
0.180678
0.310028
0.20272
0.313742
0.662
0.662
0.473324
0.224778
0.662
0.0860589
0.662
0.0947036
0.662
0.662
0.198835
0.662
0.405442
0.662
0.662
0.662
0.258547
0.662
0.213071
0.303742
0.662
0.0644316
0.0907889
0.377209
0.200039
0.662
0.148396
0.159635
0.328715
0.662
0.150212
0.662
0.479652
0.662
0.662
0.0550282
0.49509
0.00190614
0.234128
0.476616
0.284914
0.662
0.14764
0.332477
0.114198
0.662
0.662
0.469751
0.0753932
0.423924
0.662
0.281442
0.426442
0.662
0.662
0.287285
0.662
0.312689
0.317012
0.14024
0.195582
0.658908
0.662
0.662
0.662
0.662
0.107996
0.374295
0.662
0.662
0.141892
0.278702
0.371805
0.662
0.10632
0.424197
0.662
0.177585
0.49117
0.662
0.662
0.662
0.269987
0.277758
0.222034
0.662
0.00515357
0.314439
0.662
0.180535
0.180447
0.366061
0.184694
0.662
0.363748
0.142136
0.401198
0.464991
0.662
0.662
0.662
0.662
0.398989
0.662
0.662
0.469817
0.368058
0.662
0.560547
0.174404
0.431341
0.662
0.620942
0.662
0.662
0.662
0.408959
0.662
0.211643
0.163867
0.216485
0.54342
0.662
0.662
0.542461
0.397636
0.213818
0.662
0.662
0.662
0.116957
0.483012
0.168806
0.662
0.449294
0.161408
0.662
0.662
0.0892894
0.375699
0.662
0.662
0.662
0.380557
0.28195
0.479048
0.366544
0.560805
0.208921
0.406309
0.0830034
0.662
0.662
0.662
0.662
0.662
0.662
0.662
0.0244324
0.662
0.259806
0.662
0.625371
0.0667106
0.387709
0.250827
0.633694
0.662
0.662
0.184643
0.227512
0.662
0.662
0.662
0.662
0.313126
0.223645
0.662
0.251341
0.0930344
0.662
0.328492
0.662
0.662
0.235034
0.189171
0.455506
0.183019
0.145847
0.449458
0.292062
0.438204
0.662
0.179758
0.0861149
0.432044
0.190785
0.662
0.261665
0.662
0.554216
0.421291
0.662
0.662
0.166965
0.35381
0.0502188
0.662
0.662
0.662
0.662
0.662
0.662
0.391253
0.202412
0.560229
0.662
0.662
0.662
0.488319
0.20783
0.106025
0.274931
0.662
0.662
0.662
0.433691
0.133286
0.188385
0.2959
0.171532
0.141523
0.257045
0.662
0.139834
0.193499
0.662
0.392202
0.296575
0.662
0.662
0.662
0.236372
0.210408
0.179967
0.538542
0.487843
0.376573
0.662
0.662
0.662
0.276925
0.662
0.0391268
0.633796
0.153252
0.18347
0.0876297
0.662
0.662
0.662
0.662
0.127297
0.297653
0.367832
0.224322
0.106099
0.352288
0.662
0.662
0.372866
0.662
0.250154
0.662
0.662
0.662
0.281168
0.662
0.662
0.320849
0.242809
0.662
0.0329162
0.262596
0.131074
0.121281
0.343863
0.662
0.0362875
0.0732895
0.519742
0.297849
0.633071
0.662
0.657867
0.442361
0.263816
0.033824
0.374883
0.662
0.188521
0.187073
0.0961027
0.662
0.662
0.339463
0.662
0.330635
0.662
0.159261
0.662
0.416328
0.662
0.198364
0.462053
0.175088
0.153952
0.456167
0.662
0.662
0.363047
0.662
0.0681172
0.662
0.662
0.662
0.518344
0.356667
0.662
0.225527
0.293735
0.662
0.633391
0.197289
0.237817
0.594986
0.168359
0.263463
0.016774
0.202065
0.662
0.662
0.147815
0.378596
0.662
0.662
0.210984
0.662
0.662
0.662
0.32457
0.341365
0.662
0.662
0.662
0.49347
0.550068
0.063144
0.662
0.612865
0.662
0.264404
0.662
0.111144
0.662
0.109811
0.00508462
0.662
0.662
0.310169
0.206251
0.662
0.185165
0.662
0.3734
0.0797606
0.662
0.474616
0.662
0.414549
0.135945
0.535359
0.662
0.662
0.262705
0.0295273
0.662
0.662
0.345878
0.215509
0.662
0.426155
0.662
0.0441183
0.189785
0.173906
0.257046
0.307445
0.662
0.662
0.662
0.0834501
0.231896
0.662
0.301559
0.328056
0.321048
0.499774
0.184332
0.662
0.662
0.654785
0.187885
0.0287627
0.117339
0.258896
0.108871
0.159933
0.259035
0.662
0.617164
0.208413
0.449088
0.147349
0.338993
0.611745
0.41794
0.662
0.458756
0.076467
0.662
0.662
0.607459
0.662
0.256072
0.662
0.662
0.38079
0.352841
0.662
0.413571
0.189925
0.0919974
0.322906
0.216088
0.174301
0.483645
0.47409
0.662
0.633716
0.61854
0.662
0.662
0.216768
0.427521
0.224989
0.662
0.158087
0.284226
0.662
0.662
0.662
0.232511
0.133009
0.0292267
0.214426
0.197498
0.662
0.185703
0.662
0.424393
0.662
0.244097
0.224141
0.235038
0.356529
0.145074
0.662
0.662
0.662
0.162206
0.36825
0.160269
0.662
0.204761
0.662
0.12282
0.450323
0.662
0.662
0.662
0.662
0.00736994
0.662
0.126257
0.430088
0.662
0.662
0.0837026
0.377641
0.196584
0.134933
0.190489
0.662
0.254864
0.409479
0.50762
0.662
0.151951
0.0873862
0.662
0.662
0.662
0.289391
0.542871
0.271114
0.027038
0.563647
0.662
0.662
0.101247
0.662
0.47611
0.662
0.174601
0.662
0.471424
0.662
0.114235
0.202066
0.326139
0.662
0.19081
0.662
0.037578
0.0753645
0.136952
0.221386
0.565303
0.662
0.35351
0.0671622
0.409663
0.662
0.662
0.0563468
0.286572
0.321394
0.317795
0.201852
0.152528
0.428299
0.511734
0.662
0.0677109
0.191054
0.662
0.216071
0.403467
0.662
0.35276
0.331038
0.662
0.555966
0.662
0.138517
0.196226
0.193942
0.257359
0.662
0.662
0.0267068
0.122066
0.662
0.32605
0.662
0.180075
0.499656
0.662
0.243002
0.243678
0.207621
0.662
0.0739888
0.263843
0.358451
0.662
0.379257
0.141798
0.662
0.662
0.247223
0.605378
0.267914
0.662
0.662
0.349763
0.662
0.662
0.269468
0.00685385
0.662
0.171611
0.662
0.662
0.662
0.260971
0.188127
0.0179
0.662
0.662
0.662
0.130859
0.662
0.662
0.0325464
0.344932
0.5944
0.662
0.662
0.630685
0.662
0.662
0.365798
0.00999246
0.39165
0.662
0.662
0.662
0.392936
0.255144
0.623997
0.63159
0.662
0.497418
0.286702
0.662
0.369339
0.218968
0.117575
0.346433
0.100719
0.195277
0.168771
0.662
0.00800631
0.662
0.190837
0.328924
0.201274
0.662
0.118998
0.139167
0.30588
0.53427
0.426222
0.42813
0.662
0.446962
0.662
0.41304
0.00292187
0.252539
0.104658
0.662
0.186372
0.662
0.0365551
0.0746666
0.662
0.662
0.219297
0.662
0.662
0.31951
0.129192
0.626083
0.662
0.285459
0.662
0.342599
0.447174
0.662
0.210992
0.662
0.182024
0.258244
0.42389
0.662
0.183239
0.662
0.0755348
0.277701
0.21167
0.402393
0.108906
0.662
0.303382
0.662
0.662
0.662
0.136758
0.262851
0.662
0.662
0.662
0.462546
0.206622
0.158839
0.662
0.461558
0.220714
0.500933
0.0151936
0.662
0.161121
0.662
0.662
0.662
0.662
0.15905
0.226844
0.662
0.662
0.093112
0.662
0.0975677
0.236581
0.0249546
0.127845
0.444595
0.662
0.662
0.662
0.662
0.338094
0.134426
0.126596
0.0177038
0.114432
0.413101
0.662
0.546894
0.309058
0.206252
0.662
0.662
0.510671
0.156703
0.319558
0.662
0.214037
0.662
0.348724
0.355567
0.662
0.598827
0.662
0.427841
0.589316
0.662
0.43561
0.662
0.37568
0.662
0.20246
0.0734443
0.662
0.425988
0.271284
0.306713
0.662
0.452546
0.662
0.662
0.662
0.507625
0.662
0.169993
0.662
0.662
0.662
0.124635
0.143197
0.662
0.662
0.140742
0.0324775
0.0725767
0.209612
0.294698
0.662
0.662
0.662
0.150866
0.273108
0.662
0.434867
0.662
0.662
0.267788
0.382393
0.662
0.662
0.662
0.29059
0.662
0.0225971
0.662
0.111708
0.301459
0.662
0.217954
0.662
0.662
0.447502
0.637133
0.0976465
0.662
0.329054
0.662
0.150447
0.245662
0.662
0.662
0.0574819
0.597785
0.435662
0.133103
0.662
0.662
0.662
0.3258
0.662
0.195524
0.228079
0.662
0.057392
0.662
0.662
0.246377
0.189506
0.084738
0.196336
0.662
0.0769984
0.0167623
0.662
0.662
0.46924
0.368701
0.382695
0.643377
0.662
0.223173
0.662
0.310632
0.470576
0.215123
0.662
0.662
0.207279
0.510064
0.662
0.662
0.263594
0.134756
0.265357
0.149109
0.328795
0.465507
0.420861
0.335969
0.662
0.123301
0.187974
0.642469
0.450083
0.662
0.662
0.662
0.0918612
0.227285
0.118197
0.662
0.662
0.188277
0.25778
0.185045
0.466209
0.17518
0.662
0.662
0.662
0.477403
0.307971
0.27196
0.241772
0.375679
0.178865
0.662
0.1558
0.205823
0.179593
0.158855
0.533363
0.662
0.662
0.662
0.662
0.0916806
0.222913
0.662
0.375047
0.240875
0.327955
0.662
0.662
0.231716
0.432681
0.662
0.205412
0.260471
0.662
0.662
0.662
0.458611
0.413225
0.662
0.194974
0.318893
0.15603
0.442838
0.0486052
