0.489818
0.17066
0.301591
0.662
0.199641
0.325696
0.662
0.41535
0.562193
0.338721
0.0501135
0.0518733
0.662
0.48254
0.147036
0.310721
0.662
0.471272
0.384103
0.201745
0.22255
0.662
0.0117392
0.493457
0.662
0.0106893
0.219913
0.662
0.0610866
0.354824
0.662
0.654513
0.662
0.662
0.662
0.5972
0.662
0.412859
0.210823
0.0631728
0.196511
0.662
0.662
0.110875
0.489632
0.140869
0.662
0.295114
0.518238
0.483205
0.511721
0.272382
0.147685
0.662
0.250489
0.273429
0.25081
0.458146
0.467059
0.662
0.662
0.192404
0.354129
0.662
0.105887
0.662
0.662
0.662
0.182998
0.241933
0.137188
0.662
0.218881
0.411597
0.662
0.662
0.662
0.155124
0.166417
0.602016
0.419436
0.662
0.305122
0.662
0.286346
0.40848
0.662
0.27235
0.270838
0.662
0.381383
0.284848
0.35032
0.188392
0.212856
0.662
0.463107
0.662
0.31049
0.123713
0.235387
0.169189
0.41287
0.207362
0.133792
0.321078
0.662
0.351326
0.185249
0.365479
0.172275
0.662
0.551384
0.183446
0.18995
0.278895
0.662
0.662
0.446534
0.40147
0.131432
0.326414
0.309108
0.360514
0.662
0.187667
0.662
0.420512
0.39577
0.15532
0.662
0.33168
0.186807
0.094197
0.662
0.127627
0.345138
0.347244
0.0574956
0.264391
0.662
0.0182605
0.620402
0.203516
0.270001
0.662
0.213283
0.084728
0.662
0.220962
0.662
0.216109
0.662
0.580951
0.0681062
0.662
0.0352402
0.256317
0.308126
0.662
0.0872368
0.320583
0.281685
0.0541932
0.622865
0.662
0.662
0.331854
0.661097
0.505487
0.100761
0.286765
0.382413
0.662
0.18754
0.662
0.662
0.410553
0.662
0.23087
0.42271
0.4618
0.121138
0.662
0.0947436
0.285497
0.662
0.144245
0.575452
0.26331
0.317677
0.324349
0.260536
0.0563656
0.662
0.239756
0.332202
0.133824
0.662
0.662
0.334515
0.662
0.662
0.662
0.260183
0.36873
0.662
0.662
0.662
0.227538
0.437869
0.102534
0.193659
0.471298
0.659684
0.0308496
0.12362
0.132857
0.436929
0.196524
0.566322
0.26072
0.317326
0.320719
0.374719
0.662
0.662
0.662
0.662
0.0892628
0.662
0.206643
0.662
0.662
0.0198723
0.662
0.11177
0.662
0.660789
0.662
0.662
0.0471137
0.20487
0.662
0.113645
0.450821
0.250178
0.424351
0.662
0.662
0.500172
0.662
0.539171
0.170071
0.662
0.0164926
0.424085
0.216463
0.662
0.662
0.19837
0.662
0.662
0.662
0.555253
0.39871
0.662
0.26527
0.662
0.662
0.536778
0.286139
0.104798
0.199604
0.662
0.399188
0.662
0.662
0.191696
0.337354
0.00212486
0.238795
0.662
0.649612
0.381729
0.662
0.506099
0.362486
0.111473
0.0715816
0.23605
0.457781
0.577314
0.0925207
0.023145
0.662
0.105012
0.601197
0.199592
0.153731
0.662
0.426128
0.216527
0.280076
0.662
0.662
0.662
0.357203
0.662
0.662
0.662
0.662
0.662
0.662
0.662
0.25385
0.662
0.430799
0.187229
0.205432
0.00829136
0.392017
0.662
0.662
0.45048
0.148611
0.288519
0.558774
0.17364
0.495515
0.206256
0.293622
0.363087
0.268111
0.178931
0.593482
0.662
0.227499
0.196253
0.662
0.210963
0.662
0.238961
0.464398
0.250671
0.371212
0.265868
0.455449
0.261488
0.562667
0.507935
0.662
0.662
0.662
0.0948141
0.662
0.321186
0.662
0.662
0.662
0.261571
0.321337
0.243823
0.205578
0.662
0.345855
0.620907
0.662
0.662
0.238724
0.306801
0.662
0.589312
0.330728
0.0245235
0.662
0.115381
0.662
0.662
0.662
0.160525
0.662
0.662
0.0597215
0.337688
0.0835462
0.129034
0.246546
0.198994
0.167595
0.662
0.662
0.47342
0.0153174
0.662
0.388739
0.16683
0.211488
0.662
0.662
0.662
0.0915284
0.393071
0.172775
0.0266991
0.662
0.662
0.162936
0.186219
0.225758
0.390723
0.662
0.347466
0.463719
0.268096
0.662
0.245054
0.18917
0.662
0.662
0.662
0.378248
0.418559
0.475914
0.393459
0.10963
0.186544
0.199796
0.163491
0.313529
0.662
0.662
0.314953
0.662
0.103676
0.662
0.249014
0.662
0.662
0.662
0.662
0.472276
0.662
0.662
0.131266
0.662
0.153212
0.662
0.0158122
0.320131
0.662
0.662
0.662
0.266792
0.291187
0.454371
0.662
0.662
0.208249
0.409524
0.460055
0.190857
0.29475
0.662
0.638834
0.406261
0.227434
0.49777
0.249834
0.662
0.139135
0.662
0.662
0.662
0.314839
0.662
0.662
0.00832973
0.0424534
0.662
0.163512
0.327759
0.23446
0.662
0.242584
0.349323
0.662
0.421985
0.252215
0.405871
0.172616
0.662
0.482662
0.0622976
0.662
0.662
0.662
0.137396
0.449162
0.233779
0.409217
0.219534
0.295594
0.662
0.363655
0.190402
0.662
0.662
0.662
0.238735
0.317568
0.111763
0.662
0.216513
0.259775
0.237665
0.0893484
0.122216
0.157621
0.662
0.393259
0.563054
0.662
0.262684
0.662
0.662
0.18718
0.0687947
0.662
0.662
0.0989955
0.42025
0.487186
0.662
0.26836
0.337611
0.457562
0.465005
0.662
0.662
0.463972
0.200509
0.384179
0.328976
0.662
0.494556
0.000967581
0.662
0.145873
0.662
0.662
0.186737
0.662
0.360269
0.515919
0.0721168
0.662
0.52271
0.627411
0.259317
0.662
0.288211
0.515228
0.662
0.0942853
0.662
0.0971188
0.0047064
0.415817
0.162604
0.391944
0.662
0.302061
0.662
0.122928
0.662
0.662
0.49241
0.264672
0.320125
0.210137
0.587879
0.662
0.414092
0.303237
0.646369
0.662
0.0369837
0.463727
0.192868
0.662
0.662
0.662
0.451113
0.662
0.662
0.24305
0.662
0.334063
0.107684
0.544154
0.662
0.662
0.662
0.662
0.662
0.215922
0.455687
0.0372965
0.297938
0.331947
0.662
0.662
0.584646
0.662
0.662
0.2077
0.662
0.563083
0.547896
0.662
0.222944
0.040547
0.367978
0.23674
0.395374
0.267294
0.245235
0.662
0.662
0.0914914
0.662
0.662
0.662
0.471085
0.0327188
0.354963
0.662
0.289742
0.662
0.33553
0.662
0.102052
0.0451335
0.604265
0.0067486
0.187701
0.662
0.662
0.459717
0.662
0.449461
0.225964
0.662
0.125511
0.582531
0.662
0.141082
0.114126
0.0298926
0.506288
0.662
0.222825
0.0644809
0.662
0.416843
0.0533478
0.0536587
0.0985881
0.316007
0.662
0.275887
0.60711
0.0903762
0.153481
0.662
0.0850882
0.244814
0.131608
0.385175
0.340711
0.152538
0.662
0.264299
0.197726
0.205474
0.454498
0.662
0.196445
0.149314
0.662
0.662
0.662
0.2591
0.40183
0.662
0.662
0.159869
0.00124357
0.662
0.327409
0.511994
0.209902
0.370884
0.662
0.320924
0.662
0.662
0.206033
0.662
0.662
0.662
0.662
0.271324
0.237023
0.662
0.501464
0.662
0.0649325
0.662
0.117878
0.284755
0.388091
0.662
0.662
0.276356
0.359976
0.311125
0.342452
0.662
0.109977
0.305879
0.0750626
0.662
0.194042
0.345088
0.102211
0.662
0.459593
0.651289
0.662
0.144158
0.662
0.662
0.151629
0.238482
0.154166
0.662
0.0592614
0.149529
0.0573925
0.505019
0.16441
0.662
0.233239
0.366543
0.29141
0.662
0.330772
0.662
0.274413
0.662
0.196905
0.222525
0.662
0.10085
0.167912
0.133386
0.662
0.397133
0.662
0.266543
0.337736
0.217984
0.662
0.0827755
0.221561
0.662
0.431627
0.117865
0.662
0.170877
0.0828403
0.662
0.662
0.662
0.2063
0.0211715
0.655913
0.288616
0.253298
0.662
0.662
0.662
0.404894
0.425893
0.578342
0.662
0.662
0.267837
0.076598
0.537767
0.662
0.3706
0.0629143
0.137368
0.158377
0.516874
0.245236
0.225392
0.0321749
0.396012
0.519755
0.662
0.225944
0.383
0.332528
0.0248843
0.536734
0.662
0.662
0.0715167
0.662
0.474736
0.662
0.662
0.662
0.240929
0.662
0.662
0.145687
0.662
0.662
0.460933
0.256169
0.226923
0.0289052
0.662
0.105163
0.662
0.246124
0.425244
0.0181624
0.662
0.187309
0.662
0.185215
0.473433
0.246792
0.248921
0.311146
0.662
0.0540996
0.456702
0.662
0.221391
0.233217
0.555275
0.360781
0.00841264
0.261889
0.28088
0.662
0.441631
0.662
0.0883064
0.425103
0.662
0.662
0.143619
0.410221
0.61525
0.405999
0.246313
0.662
0.00891494
0.662
0.120683
0.662
0.268541
0.37227
0.662
0.354864
0.156794
0.413508
0.0428879
0.196443
0.086033
0.118553
0.662
0.224113
0.662
0.375007
0.00528407
0.662
0.662
0.662
0.455386
0.345217
0.662
0.662
0.419513
0.662
0.42173
0.662
0.0399095
0.153741
0.0156323
0.18543
0.279523
0.185401
0.361759
0.662
0.662
0.344766
0.235342
0.274776
0.639356
0.538427
0.662
0.330882
0.187418
0.292024
0.367388
0.530332
0.662
0.662
0.232396
0.655247
0.131222
0.662
0.545967
0.0536884
0.662
0.17928
0.610907
0.37285
0.247901
0.210145
0.662
0.662
0.302722
0.662
0.662
0.20622
0.406455
0.445075
0.188059
0.662
0.662
0.662
0.535568
0.662
0.662
0.158186
0.178239
0.0573629
0.205168
0.662
0.0462988
0.662
0.662
0.662
0.662
0.281562
0.225139
0.304631
0.459975
0.106562
0.662
0.662
0.0741904
0.521243
0.662
0.333148
0.138642
0.31318
0.662
0.662
0.662
0.662
0.662
0.456807
0.194053
0.662
0.662
0.662
0.4759
0.250128
0.662
0.0844561
0.166111
0.662
0.385864
0.662
0.423137
0.662
0.662
0.422683
0.00907929
0.120607
0.217775
0.662
0.662
0.662
0.662
0.207046
0.529295
0.152722
0.0780059
0.127081
0.662
0.351905
0.300768
0.662
0.331442
0.2181
0.497056
0.662
0.498557
0.662
0.316864
0.662
0.245648
0.662
0.662
0.474695
0.565809
0.537728
0.342745
0.662
0.662
0.662
0.00629934
0.662
0.289931
0.662
0.468273
0.380894
0.383266
0.662
0.662
0.316165
0.662
0.208076
0.662
0.186969
0.015722
0.662
0.662
0.571806
0.662
0.662
0.0805177
0.662
0.201123
0.662
0.225332
0.276489
0.184215
0.662
0.608861
0.662
0.662
0.102922
0.13206
0.212119
0.662
0.224765
0.662
0.203707
0.662
0.662
0.662
0.662
0.270236
0.123825
0.208264
0.00292049
0.263854
0.488789
0.204109
0.207158
0.662
0.269866
0.149288
0.429239
0.289269
0.662
0.614654
0.261561
0.185958
0.662
0.105924
0.452598
0.127997
0.0174064
0.238716
0.662
0.662
0.662
0.204959
0.662
0.143371
0.662
0.662
0.610241
0.662
0.633391
0.573061
0.260158
0.246029
0.0257856
0.0764089
0.133745
0.251061
0.523654
0.00344136
0.135946
0.119087
0.489053
0.101871
0.0570772
0.389194
0.054166
0.264996
0.264419
0.258946
0.662
0.37874
0.184268
0.662
0.423509
0.662
0.0614619
0.457955
0.662
0.662
0.0785139
0.662
0.0813854
0.24297
0.354857
0.660804
0.662
0.157368
0.465549
0.0780112
0.662
0.201117
0.344792
0.197948
0.662
0.128354
0.662
0.662
0.441371
0.662
0.439625
0.0823738
0.211543
0.398871
0.662
0.196323
0.0304627
0.441838
0.437141
0.662
0.662
0.163452
0.662
0.181451
0.424194
0.366412
0.40942
0.280994
0.186938
0.047711
0.662
0.662
0.662
0.662
0.208926
0.662
0.33634
0.662
0.219609
0.662
0.218803
0.662
0.127437
0.258775
0.204186
0.0599233
0.310573
0.662
0.662
0.536801
0.285937
0.662
0.309249
0.662
0.335541
0.38961
0.662
0.662
0.662
0.662
0.0163531
0.467904
0.377348
0.0829477
0.662
0.386693
0.465319
0.662
0.128894
0.413089
0.187628
0.223722
0.64306
0.662
0.115282
0.302
0.662
0.662
0.662
0.662
0.261251
0.538595
0.662
0.434588
0.231813
0.189195
0.584206
0.662
0.662
0.578563
0.662
0.662
0.0543897
0.662
0.424192
0.383342
0.461095
0.286476
0.662
0.209359
0.36041
0.309309
0.0922383
0.662
0.269032
0.662
0.319666
0.354997
0.471373
0.317178
0.662
0.376144
