0.662
0.200374
0.662
0.28204
0.662
0.330464
0.603906
0.521879
0.299139
0.20389
0.662
0.423315
0.662
0.662
0.412377
0.662
0.234245
0.639741
0.40616
0.308234
0.211382
0.662
0.662
0.356317
0.0576132
0.32617
0.662
0.127678
0.404586
0.662
0.277014
0.605163
0.662
0.111918
0.662
0.117649
0.153357
0.1997
0.636391
0.662
0.259394
0.355189
0.26384
0.662
0.200413
0.174351
0.662
0.662
0.0676473
0.120342
0.322769
0.193846
0.0490026
0.365666
0.0840001
0.27105
0.662
0.662
0.201025
0.662
0.390488
0.0186662
0.662
0.662
0.662
0.662
0.662
0.371885
0.26157
0.0520683
0.383546
0.537903
0.324243
0.662
0.229081
0.202324
0.215133
0.020472
0.422867
0.217288
0.662
0.209776
0.470249
0.202335
0.662
0.662
0.277805
0.437853
0.372254
0.662
0.662
0.662
0.662
0.193424
0.292658
0.0171744
0.662
0.20836
0.223586
0.187419
0.297843
0.662
0.662
0.217485
0.0660672
0.186649
0.390714
0.37573
0.514866
0.10953
0.61365
0.159792
0.662
0.390586
0.662
0.0882851
0.662
0.662
0.662
0.662
0.220045
0.513753
0.662
0.169646
0.00198872
0.550089
0.424947
0.170635
0.231238
0.153881
0.662
0.662
0.334281
0.662
0.662
0.22436
0.468828
0.662
0.390933
0.592071
0.085626
0.0220155
0.0624944
0.313811
0.25156
0.662
0.662
0.662
0.113994
0.349685
0.276219
0.281028
0.524999
0.662
0.465958
0.225393
0.662
0.023057
0.293123
0.0524956
0.662
0.662
0.127385
0.184841
0.448096
0.662
0.662
0.662
0.0729758
0.165634
0.662
0.662
0.662
0.662
0.470707
0.263871
0.18007
0.610186
0.246745
0.383446
0.508951
0.169207
0.662
0.662
0.392224
0.185257
0.662
0.190639
0.0999017
0.662
0.35942
0.211263
0.662
0.645821
0.439859
0.229792
0.311671
0.40573
0.362575
0.587493
0.612127
0.35988
0.340954
0.221449
0.0181914
0.662
0.196105
0.357559
0.651393
0.130264
0.479168
0.491788
0.662
0.221287
0.662
0.662
0.0988667
0.116757
0.264152
0.206055
0.228569
0.662
0.238763
0.335137
0.146335
0.122511
0.0167996
0.419624
0.662
0.154384
0.662
0.456335
0.662
0.662
0.641549
0.662
0.593602
0.637499
0.662
0.0889755
0.662
0.447481
0.364572
0.253947
0.156949
0.402783
0.239745
0.652367
0.662
0.662
0.662
0.0783105
0.194592
0.662
0.568744
0.662
0.513811
0.0971707
0.438426
0.0504292
0.601509
0.119251
0.434515
0.50962
0.662
0.662
0.662
0.532528
0.662
0.257132
0.215405
0.453169
0.190512
0.34109
0.662
0.439081
0.387854
0.380568
0.291406
0.08612
0.662
0.662
0.662
0.0945772
0.192503
0.662
0.21599
0.283085
0.0871571
0.662
0.0725829
0.662
0.603818
0.662
0.185857
0.467963
0.408865
0.269858
0.662
0.662
0.662
0.662
0.355266
0.11324
0.32567
0.662
0.472041
0.205867
0.348339
0.553305
0.305979
0.198344
0.541624
0.0786486
0.442663
0.435285
0.0286096
0.435685
0.662
0.133576
0.662
0.662
0.540179
0.662
0.662
0.466513
0.309325
0.662
0.0566574
0.497649
0.0746633
0.662
0.651413
0.662
0.0024309
0.662
0.662
0.392277
0.326352
0.0497556
0.662
0.662
0.0381191
0.224918
0.421394
0.662
0.156279
0.181493
0.662
0.545414
0.616344
0.662
0.662
0.216859
0.194965
0.662
0.662
0.662
0.178093
0.49042
0.662
0.662
0.456964
0.438517
0.058665
0.662
0.662
0.448147
0.662
0.662
0.200603
0.242998
0.310276
0.293036
0.662
0.662
0.662
0.662
0.662
0.662
0.0352802
0.409957
0.662
0.113824
0.230434
0.549053
0.662
0.284074
0.662
0.165232
0.662
0.268724
0.662
0.662
0.662
0.662
0.249134
0.662
0.264505
0.662
0.224772
0.496837
0.543574
0.662
0.662
0.662
0.662
0.662
0.662
0.403274
0.529511
0.662
0.662
0.180203
0.337143
0.569727
0.155963
0.662
0.138781
0.313413
0.662
0.310344
0.440453
0.662
0.299297
0.0517413
0.149532
0.662
0.357931
0.414996
0.662
0.443404
0.0481615
0.16154
0.503075
0.619745
0.662
0.662
0.396468
0.225706
0.197474
0.0646791
0.275771
0.124318
0.465306
0.660933
0.662
0.369966
0.662
0.444412
0.662
0.662
0.131697
0.307478
0.662
0.662
0.603228
0.243516
0.662
0.234484
0.297243
0.662
0.17184
0.248499
0.662
0.0411576
0.315002
0.18165
0.662
0.662
0.0605863
0.144558
0.109549
0.555378
0.248189
0.175086
0.662
0.300464
0.662
0.662
0.198449
0.395581
0.662
0.659087
0.306098
0.662
0.203226
0.00631207
0.234215
0.662
0.294344
0.299964
0.0613971
0.244531
0.276817
0.143856
0.662
0.662
0.332024
0.14683
0.0938424
0.122688
0.409276
0.274385
0.662
0.662
0.655031
0.415045
0.662
0.341375
0.0386808
0.28382
0.662
0.273823
0.662
0.662
0.662
0.662
0.0265251
0.662
0.479043
0.197002
0.0705105
0.150401
0.239151
0.418712
0.662
0.662
0.662
0.662
0.393431
0.266724
0.11688
0.506143
0.419577
0.312246
0.378186
0.21423
0.071359
0.662
0.662
0.192028
0.281412
0.0248656
0.662
0.309387
0.662
0.184232
0.662
0.662
0.44586
0.0496004
0.0182716
0.662
0.114784
0.662
0.108415
0.0068996
0.662
0.662
0.385828
0.662
0.151673
0.029657
0.253844
0.314844
0.662
0.662
0.185814
0.662
0.662
0.662
0.662
0.380492
0.244004
0.17609
0.226402
0.643207
0.662
0.0595904
0.226561
0.220614
0.159049
0.662
0.643012
0.662
0.662
0.662
0.249478
0.21378
0.443904
0.0797824
0.293835
0.645019
0.119284
0.198176
0.291806
0.493031
0.662
0.662
0.344488
0.662
0.0896385
0.424528
0.0797853
0.255849
0.472433
0.506609
0.36346
0.0579796
0.50325
0.268254
0.662
0.585247
0.492145
0.0106455
0.662
0.662
0.662
0.142368
0.24262
0.274626
0.662
0.662
0.119099
0.381478
0.662
0.230425
0.526048
0.662
0.319965
0.662
0.662
0.075967
0.662
0.0840493
0.150133
0.201678
0.344909
0.14649
0.266276
0.586511
0.261732
0.662
0.193006
0.662
0.0687878
0.165119
0.662
0.629133
0.662
0.138228
0.184105
0.272148
0.165819
0.28203
0.662
0.408098
0.336193
0.662
0.271977
0.662
0.474593
0.346785
0.662
0.662
0.662
0.662
0.662
0.32898
0.187405
0.188421
0.662
0.662
0.662
0.662
0.662
0.413704
0.662
0.145157
0.662
0.541431
0.00241212
0.662
0.389581
0.341918
0.248895
0.352056
0.453606
0.254573
0.662
0.225448
0.662
0.315999
0.662
0.162484
0.367398
0.0528488
0.662
0.662
0.03358
0.386829
0.606709
0.308607
0.167699
0.662
0.34707
0.0915428
0.314839
0.662
0.082922
0.322297
0.527447
0.109967
0.662
0.662
0.364969
0.662
0.662
0.662
0.208232
0.035336
0.282458
0.662
0.171577
0.266239
0.662
0.662
0.266764
0.476434
0.203128
0.662
0.0425556
0.662
0.246672
0.207293
0.662
0.662
0.278918
0.385481
0.10329
0.290911
0.269803
0.662
0.662
0.662
0.180006
0.319728
0.210061
0.17697
0.153408
0.385446
0.290333
0.662
0.212457
0.432787
0.662
0.662
0.633391
0.428776
0.309433
0.575854
0.662
0.662
0.0507139
0.509205
0.197928
0.662
0.662
0.174431
0.364685
0.662
0.174184
0.662
0.662
0.662
0.596225
0.575773
0.662
0.346156
0.0667853
0.662
0.378801
0.104829
0.662
0.662
0.662
0.244477
0.662
0.662
0.102176
0.662
0.662
0.340857
0.633861
0.0982289
0.662
0.53987
0.662
0.662
0.662
0.11184
0.0871116
0.662
0.228484
0.310459
0.605453
0.661913
0.662
0.662
0.662
0.220182
0.0442007
0.662
0.629406
0.163263
0.662
0.141113
0.158328
0.367588
0.662
0.338711
0.110256
0.662
0.662
0.224153
0.347983
0.332498
0.662
0.494845
0.662
0.0122451
0.662
0.362658
0.378294
0.317203
0.0827602
0.003658
0.501721
0.189471
0.662
0.217709
0.33349
0.344433
0.662
0.182217
0.662
0.662
0.129129
0.63339
0.177117
0.0888448
0.21182
0.662
0.412059
0.628765
0.662
0.328944
0.662
0.255089
0.06905
0.469663
0.662
0.187409
0.106854
0.662
0.199479
0.662
0.34211
0.205388
0.040354
0.296196
0.638632
0.662
0.662
0.471165
0.662
0.0902971
0.20861
0.662
0.208562
0.662
0.662
0.252441
0.662
0.435433
0.608287
0.662
0.412563
0.662
0.662
0.0753118
0.439064
0.469646
0.662
0.0766063
0.662
0.217481
0.662
0.399334
0.662
0.579971
0.495795
0.162467
0.175509
0.499473
0.287891
0.662
0.210953
0.662
0.47838
0.662
0.351699
0.0217418
0.662
0.42708
0.662
0.342815
0.138739
0.228359
0.462842
0.662
0.0977016
0.0909481
0.662
0.164456
0.662
0.0515554
0.662
0.662
0.238986
0.247576
0.135454
0.338932
0.252218
0.187158
0.187818
0.534543
0.448481
0.203288
0.0336165
0.444501
0.662
0.271401
0.662
0.4392
0.476347
0.662
0.230324
0.128828
0.662
0.662
0.587114
0.197737
0.0332847
0.438071
0.116731
0.169893
0.204857
0.217366
0.662
0.662
0.305308
0.607435
0.548638
0.488005
0.175667
0.662
0.275483
0.662
0.650496
0.662
0.250442
0.289088
0.359714
0.0306353
0.20971
0.305018
0.662
0.662
