0.662
0.61324
0.330067
0.222015
0.408815
0.637559
0.631775
0.644624
0.125589
0.619745
0.306715
0.662
0.627352
0.102187
0.167569
0.662
0.0612675
0.381023
0.472735
0.483264
0.0896572
0.662
0.64005
0.393742
0.189621
0.106418
0.076848
0.554644
0.135122
0.662
0.187913
0.300839
0.368091
0.156739
0.20743
0.00203071
0.390647
0.404886
0.662
0.662
0.218771
0.206135
0.380653
0.662
0.360203
0.662
0.235621
0.0854407
0.224962
0.204611
0.259824
0.178419
0.447221
0.662
0.662
0.662
0.132207
0.113361
0.662
0.127087
0.325233
0.164883
0.517145
0.189639
0.0693103
0.229546
0.404792
0.488042
0.002684
0.463766
0.300538
0.269912
0.662
0.355261
0.662
0.274985
0.229218
0.202824
0.462915
0.218291
0.0711306
0.662
0.374863
3.95291e-05
0.662
0.662
0.433613
0.131772
0.662
0.311449
0.662
0.0803315
0.662
0.658914
0.662
0.373454
0.662
0.00597785
0.662
0.0369948
0.32857
0.630376
0.322807
0.662
0.259114
0.0715793
0.0656908
0.116248
0.423025
0.0564582
0.106061
0.0622164
0.121352
0.505283
0.328578
0.356951
0.483323
0.217233
0.662
0.662
0.129621
0.662
0.207558
0.0741383
