0.0493878
0.662
0.662
0.662
0.404392
0.418326
0.373818
0.662
0.662
0.052359
0.662
0.524628
0.120241
0.155359
0.501011
0.662
0.662
0.28139
0.245414
0.120712
0.662
0.0351158
0.241562
0.190566
0.293143
0.662
0.662
0.662
0.295814
0.662
0.05677
0.517614
0.113699
0.662
0.458811
0.344979
0.662
0.385689
0.4589
0.378224
0.662
0.22316
0.662
0.662
0.662
0.392288
0.662
0.094599
0.213533
0.662
0.315261
0.662
0.662
0.168554
0.170589
0.313912
0.375597
0.445723
0.217435
0.662
0.201824
0.367585
0.186011
0.662
0.662
0.227023
0.320627
0.444453
0.662
0.216779
0.662
0.188404
0.17176
0.033934
0.616988
0.467511
0.195707
0.170954
0.455726
0.0613574
0.488793
0.232613
0.0386802
0.0585178
0.662
0.662
0.662
0.19254
0.424392
0.334239
0.662
0.662
0.662
0.195721
0.662
0.184582
0.464788
0.662
0.662
0.525967
0.662
0.662
0.0682567
0.662
0.384769
0.662
0.292874
0.365359
0.651408
0.662
0.662
0.560558
0.0396954
0.608698
0.307051
0.161175
0.662
0.442921
0.285742
0.198372
0.215141
0.459471
0.662
0.255285
0.379603
0.662
0.447085
0.662
0.320886
0.525004
0.662
0.662
0.292713
0.631786
0.133903
0.412092
0.408728
0.548402
0.328648
0.00669419
0.342054
0.212188
0.495673
0.627985
0.662
0.662
0.144008
0.427482
0.662
0.115176
0.0445915
0.228666
0.189616
0.037966
0.176107
0.662
0.0462409
0.662
0.268932
0.253401
0.662
0.662
0.662
0.00648248
0.167429
0.443252
0.0893932
0.662
0.0938294
0.0940377
0.662
0.662
0.143593
0.374365
0.285933
0.295408
0.662
0.200559
0.308256
0.343742
0.648706
0.662
0.662
0.662
0.662
0.662
0.662
0.228985
0.418709
0.309127
0.662
0.164724
0.0932369
0.662
0.122793
0.662
0.662
0.120872
0.662
0.662
0.662
0.166329
0.304712
0.212047
0.0784672
0.662
0.406912
0.138897
0.223352
0.662
0.190724
0.0606492
0.662
0.0857251
0.0987619
0.662
0.305257
0.364457
0.504467
0.662
0.227618
0.418099
0.227048
0.346234
0.141735
0.37371
0.273624
0.182029
0.148929
0.662
0.662
0.662
0.245391
0.514456
0.662
0.276644
0.0553439
0.205908
0.41269
0.662
0.662
0.171705
0.0732872
0.0390424
0.297442
0.0318929
0.662
0.30219
0.159104
0.546786
0.662
0.222542
0.662
0.662
0.662
0.126272
0.662
0.662
0.662
0.662
0.502785
0.371099
0.39018
0.361627
0.177692
0.446427
0.0110112
0.107948
0.0445156
0.166969
0.662
0.232211
0.0332821
0.352886
0.662
0.0127045
0.358433
0.662
0.662
0.662
0.370008
0.448547
0.49474
0.165037
0.258468
0.662
0.662
0.2829
0.662
0.662
0.0271637
0.662
0.438051
0.662
0.45819
0.0183071
0.319165
0.318086
0.662
0.662
0.040256
0.662
0.1662
0.566288
0.200488
0.662
0.662
0.332938
0.476943
0.201066
0.267702
0.210482
0.662
0.662
0.439425
0.662
0.0838321
0.285689
0.338897
0.662
0.310661
0.185234
0.662
0.662
0.0888804
0.662
0.662
0.125956
0.501825
0.662
0.662
0.662
0.662
0.662
0.644422
0.208714
0.21633
0.472481
0.225335
0.633391
0.0724937
0.0787218
0.662
0.0200923
0.174165
0.662
0.572069
0.229906
0.448327
0.662
0.662
0.662
0.206544
0.228424
0.300143
0.581092
0.46457
0.662
0.306029
0.155672
0.662
0.662
0.662
0.211636
0.662
0.190943
0.123477
0.662
0.662
0.206485
0.662
0.472597
0.662
0.0693499
0.662
0.662
0.135855
0.662
0.662
0.30609
0.194703
0.662
0.206466
0.662
0.488612
0.662
0.246566
0.108523
0.261955
0.288479
0.442078
0.662
0.662
0.662
0.662
0.412427
0.662
0.662
0.316881
0.19436
0.455778
0.662
0.662
0.63143
0.278623
0.350064
0.662
0.662
0.662
0.662
0.124942
0.16081
0.400993
0.471432
0.0715311
0.210507
0.109621
0.525786
0.444975
0.455975
0.662
0.479966
0.662
0.615545
0.662
0.453446
0.662
0.201624
0.205587
0.253886
0.0931547
0.662
0.662
0.0880527
0.662
0.335855
0.445796
0.0998861
0.662
0.662
0.662
0.662
0.316486
0.627258
0.662
0.662
0.405764
0.19292
0.662
0.269717
0.455266
0.0578833
0.184691
0.662
0.662
0.662
0.551182
0.276503
0.385676
0.642369
0.662
0.411836
0.376638
0.662
0.197717
0.662
0.0153313
0.662
0.662
0.662
0.052469
0.409361
0.662
0.551787
0.12834
0.541063
0.325298
0.199591
0.227629
0.474755
0.662
0.662
0.175038
0.0248108
0.662
0.662
0.0703943
0.662
0.662
0.0115895
0.234838
0.122491
0.0832529
0.594027
0.654842
0.425127
0.0811656
0.233078
0.662
0.662
0.289124
0.209054
0.164643
0.246004
0.662
0.0290411
0.533971
0.662
0.00909204
0.662
0.246713
0.662
0.662
0.276533
0.2877
0.102309
0.417556
0.662
0.372273
0.662
0.662
0.195744
0.662
0.316845
0.662
0.170411
0.662
0.662
0.186486
0.662
0.662
0.662
0.527037
0.475769
0.662
0.243398
0.105909
0.662
0.662
0.212871
0.12501
0.662
0.662
0.0350156
0.344378
0.662
0.662
0.394656
0.662
0.114707
0.345348
0.662
0.662
0.662
0.0545298
0.337964
0.128063
0.00131204
0.63403
0.341995
0.192624
0.662
0.662
0.216214
0.662
0.465822
0.224764
0.249469
0.404079
0.353567
0.662
0.206427
0.269511
0.662
0.0461364
0.475508
0.22659
0.324651
0.662
0.134482
0.365437
0.485046
0.662
0.379049
0.662
0.662
0.449916
0.395132
0.662
0.249985
0.276879
0.662
0.109838
0.0307508
0.662
0.384025
0.271822
0.662
0.662
0.171486
0.274317
0.662
0.662
0.662
0.662
0.292286
0.445273
0.662
0.00672167
0.256439
0.662
0.157171
0.662
0.0936734
0.574197
0.400471
0.662
0.662
0.0496016
0.317578
0.261624
0.137691
0.403168
0.624883
0.206636
0.100993
0.302679
0.335096
0.418268
0.209664
0.662
0.662
0.662
0.662
0.252747
0.361596
0.662
0.456251
0.251282
0.426262
0.326344
0.662
0.235358
0.0430708
0.662
0.466104
0.0435612
0.662
0.602044
0.662
0.662
0.284172
0.662
0.547283
0.19361
0.524647
0.662
0.403797
0.619648
0.662
0.662
0.662
0.622859
0.662
0.168209
0.0314929
0.28176
0.662
0.619522
0.204292
0.396983
0.437915
0.271524
0.662
0.0854386
0.455807
0.409085
0.323127
0.662
0.662
0.548782
0.662
0.662
0.540968
0.429311
0.0345646
0.662
0.662
0.180801
0.20317
0.272306
0.246807
0.178747
0.291312
0.662
0.641203
0.207118
0.662
0.124555
0.125613
0.616453
0.662
0.662
0.605641
0.662
0.662
0.662
0.662
0.227836
0.0586499
0.409144
0.188391
0.153647
0.243755
0.116469
0.428374
0.510738
0.662
0.151342
0.231901
0.327559
0.404417
0.105723
0.423238
0.113945
0.302326
0.662
0.177547
0.110426
0.662
0.662
0.662
0.468226
0.662
0.355261
0.0362759
0.267049
0.662
0.492689
0.662
0.662
0.156132
0.662
0.470282
0.371802
0.662
0.449526
0.296069
0.462219
0.105229
0.316204
0.662
0.202313
0.164171
0.662
0.0166256
0.089873
0.647106
0.19095
0.501099
0.23526
0.662
0.662
0.402007
0.662
0.0171373
0.662
0.446914
0.662
0.0040621
0.662
0.0920084
0.662
0.271784
0.662
0.662
0.455217
0.335261
0.110673
0.264592
0.662
0.12456
0.463856
0.161602
0.541035
0.662
0.231082
0.662
0.485137
0.387483
0.662
0.638606
0.0463646
9.49877e-05
0.186967
0.399959
0.500994
0.129729
0.662
0.662
0.305265
0.662
0.662
0.169757
0.662
0.0153567
0.662
0.267716
0.189803
0.519261
0.662
0.662
0.662
0.0442855
0.662
0.0719934
0.662
0.441053
0.662
0.55874
0.426418
0.131206
0.662
0.198782
0.662
0.258172
0.0370335
0.287215
0.11478
0.422163
0.304543
0.1066
0.262756
0.219252
0.240878
0.662
0.662
0.662
0.662
0.172359
0.252742
0.383045
0.662
0.445218
0.381934
0.662
0.516491
0.662
0.301555
0.424188
0.29036
0.0368732
0.662
0.480758
0.507012
0.662
0.397303
0.560797
0.459221
0.168533
0.33724
0.161466
0.662
0.662
0.262252
0.0683662
0.662
0.366187
0.455405
0.662
0.565356
0.662
0.662
0.19279
0.336696
0.662
0.662
0.244949
0.662
0.375273
0.455553
0.662
0.662
0.198179
0.116108
0.182349
0.662
0.110367
0.250553
0.211806
0.0890695
0.662
0.058398
0.307048
0.596284
0.662
0.648528
0.662
0.369047
0.662
0.662
0.662
0.0542668
0.205433
0.662
0.155325
0.662
0.662
0.662
0.218045
0.662
0.662
0.183892
0.10342
0.046873
0.268451
0.0636462
0.571665
0.313346
0.0482915
0.662
0.662
0.00276288
0.328334
0.662
0.18958
0.662
0.662
0.214664
0.129914
0.495093
0.662
0.637008
0.626727
0.662
0.662
0.130304
0.662
0.493593
0.662
0.44712
0.436461
0.662
0.240627
0.470702
0.662
0.272938
0.662
0.577679
0.414768
0.662
0.293805
0.100588
0.369362
0.042944
0.254322
0.662
0.662
0.19871
0.662
0.662
0.662
0.393914
0.662
0.20101
0.662
0.227768
0.267898
0.662
0.249833
0.662
0.358859
0.662
0.662
0.508056
0.184452
0.662
0.0759248
0.662
0.662
0.180823
0.662
0.662
0.662
0.0832359
0.267779
0.662
0.445871
0.375761
0.599621
0.0872501
0.662
0.495848
0.277085
0.662
0.662
0.184959
0.37691
0.662
0.304257
0.662
0.662
0.176672
0.174986
0.447284
0.195463
0.166403
0.662
0.341589
0.105466
0.0804174
0.0987657
0.662
0.560637
0.662
0.400649
0.662
0.19854
0.662
0.662
0.362256
0.350912
0.455519
0.662
0.662
0.662
0.37539
0.0785649
0.662
0.223373
0.365605
0.662
0.196334
0.662
0.0663849
0.00913576
0.426241
0.510052
0.662
0.229658
0.576077
0.228944
0.45491
0.662
0.294701
0.662
0.208382
0.662
0.593527
0.646091
0.0248615
0.493896
0.198314
0.196888
0.662
0.409112
0.662
0.662
0.209218
0.235087
0.092652
0.0696513
0.662
0.662
0.662
0.0409754
0.0576348
0.662
0.662
0.505812
0.23699
0.0710497
0.662
0.662
0.662
0.662
0.662
0.189201
0.375675
0.662
0.326338
0.00272275
0.662
0.059332
0.662
0.183091
0.00211937
0.108656
0.391341
0.662
0.662
0.574739
0.0108127
0.319521
0.242461
0.0402026
0.662
0.169502
0.662
0.662
0.32192
0.662
0.107612
0.662
0.662
0.662
0.359947
0.49753
0.548857
0.468333
0.662
0.662
0.0196596
0.662
0.662
0.0667528
0.662
0.662
0.662
0.662
0.533427
0.662
0.114986
0.0605082
0.230239
0.662
0.325464
0.0202565
0.389521
0.196908
0.115207
0.662
0.287091
0.236369
0.181074
0.662
0.662
0.662
0.662
0.662
0.5797
0.662
0.0899575
0.216797
0.4741
0.396739
0.662
0.462598
0.180237
0.36283
0.662
0.109756
0.273147
0.662
0.662
0.181928
0.662
0.662
0.0502481
0.662
0.662
0.284118
0.221794
0.662
0.662
0.662
0.662
0.0160523
0.662
0.124753
0.346809
0.662
0.368915
0.429151
0.662
0.0328635
0.259184
0.320166
0.662
0.662
0.18323
0.383782
0.266607
0.336664
0.662
0.477511
0.125299
0.140606
0.339385
0.196504
0.221647
0.0558262
0.662
0.662
0.309481
0.662
0.662
0.662
0.662
0.662
0.0934307
0.426899
0.270217
0.662
0.662
0.195134
0.355948
0.662
0.662
0.662
0.189387
0.297849
0.662
0.445847
0.294216
0.257344
0.662
0.14514
0.433264
0.111162
0.35131
0.121408
0.222554
0.662
0.662
0.337063
0.226793
0.0185947
0.361518
0.20949
0.452875
0.213793
0.251074
0.255265
0.0631726
0.325986
0.662
0.296754
0.662
0.44597
0.662
0.136468
0.662
0.618684
0.304376
0.662
0.662
0.662
0.521396
0.161765
0.662
0.0216017
0.167699
0.119744
0.662
0.124338
0.0814387
0.149593
0.033627
0.662
0.314859
0.662
0.00767343
0.250905
0.662
0.662
0.662
0.662
0.268277
0.266486
0.366318
0.120487
0.169914
0.290819
0.223271
0.662
0.662
0.651845
0.00581923
0.662
0.575587
0.662
0.605567
0.477577
0.381519
0.232543
0.662
0.662
0.20801
0.0229962
0.165269
0.193413
0.296534
0.467086
0.351855
0.662
0.662
0.580921
0.662
0.26894
0.442146
0.284038
0.662
0.662
0.662
0.662
0.0474625
0.662
0.662
0.662
0.450921
0.267366
0.0225551
0.662
0.662
0.662
0.10505
0.223655
0.202617
0.434463
0.400609
0.187677
0.39518
0.421058
0.662
0.19408
0.00539307
0.662
0.662
0.186962
0.224941
0.662
0.198373
0.257497
0.662
0.220603
0.662
0.283909
0.310847
0.662
0.295072
0.276521
0.242222
0.452231
0.194019
0.662
0.335085
0.61058
0.0832805
0.662
0.662
0.262163
0.662
0.517534
0.0527721
0.0853586
0.63339
0.0571828
0.0926956
0.366179
0.662
0.662
0.246165
0.662
0.0758085
0.110009
0.528889
0.25202
0.316793
0.662
0.417803
0.451969
0.31103
0.281673
0.228523
0.236018
0.662
0.350603
0.302315
0.595277
0.662
0.38458
0.662
0.465493
0.662
0.489045
0.604498
0.240812
0.662
0.207955
0.420727
0.204353
0.10003
0.194284
0.662
0.404724
0.334635
0.402784
0.153318
0.189045
0.34964
0.11922
0.661885
0.188016
0.197102
0.459831
0.198997
0.662
0.0723172
0.662
0.662
0.094442
0.662
0.0355317
0.105937
0.248153
0.507826
0.324459
0.457918
0.662
0.218755
0.467312
0.662
0.662
0.150226
0.360009
0.286418
0.662
0.199657
0.00326093
0.157549
0.634405
0.662
0.446797
0.662
0.662
0.662
0.205063
0.141842
0.662
0.662
0.0254503
0.662
0.25517
0.245945
0.662
0.00241384
0.416867
0.180611
0.662
0.276045
0.370154
0.253477
0.361784
0.232273
0.662
0.362958
0.473884
0.257511
0.396693
0.144575
0.307754
0.124974
0.313105
0.662
0.662
0.190388
0.230008
0.320511
0.0386274
0.662
0.283753
0.292799
0.363496
0.345485
0.423339
0.636723
0.662
0.149289
0.191356
0.662
0.301735
0.662
0.420589
0.662
0.208655
0.653353
0.445947
0.472765
0.662
0.413655
0.514997
0.662
0.110092
0.662
0.179803
0.196798
0.662
0.0264037
0.15864
0.305055
0.662
0.0581384
0.662
0.373691
0.146151
0.317611
0.183006
0.502997
0.337186
0.36181
0.32645
0.102535
0.183872
0.251515
0.232895
0.0171841
0.662
0.662
0.662
0.662
0.586096
0.159137
0.219481
0.662
0.350771
0.366265
0.662
0.396157
0.156204
0.195217
0.662
0.662
0.662
0.254802
0.458735
0.662
0.335042
0.662
0.14836
0.34053
0.662
0.139089
0.169518
0.603636
0.325925
0.385486
0.0871781
0.662
0.056879
0.161485
0.00418949
0.662
0.0224565
0.662
0.662
0.662
0.000707568
0.109343
0.437322
0.225387
0.35604
0.662
0.116022
0.631457
0.613448
0.662
0.130478
0.662
0.235462
0.662
0.662
0.571494
0.428701
0.637367
0.662
0.662
0.307522
0.662
0.662
0.0109727
0.198593
0.662
0.064536
0.644115
0.0844596
0.128634
0.382838
0.206462
0.662
0.199375
0.240402
0.662
0.603845
0.325706
0.0346823
0.456752
0.662
0.662
0.285991
0.662
0.662
0.662
0.662
0.413425
0.492295
0.208846
0.477232
0.662
0.231589
0.662
0.592403
0.10341
0.176883
0.0697733
0.440421
0.051947
0.649962
0.266063
0.213256
0.400466
0.496514
0.227542
0.466664
0.171603
0.181403
0.271839
0.662
0.662
0.444025
0.0361552
0.254272
0.234816
0.132077
0.0494407
0.252897
0.459981
0.457299
0.416079
0.223075
0.340895
0.132373
0.662
0.0275527
0.406734
0.662
0.063386
0.474786
0.497553
0.128664
0.227244
0.662
0.399716
0.662
0.662
0.573457
0.0807065
0.662
0.612378
0.224598
0.1288
0.47277
0.0481204
0.662
0.0554306
0.270969
0.19132
0.13497
0.633694
0.270194
0.349298
0.662
0.662
0.143484
0.662
0.123688
0.227949
0.662
0.22749
0.662
0.406079
0.662
0.0128313
0.662
0.662
0.525984
0.407928
0.232668
0.27927
0.662
0.122822
0.662
0.313333
0.499773
0.350587
0.18677
0.251503
0.195772
0.470275
0.250572
0.662
0.203575
0.415092
0.573885
0.301695
0.662
0.643534
0.662
0.662
0.662
0.662
0.662
0.00407949
0.662
0.33662
0.1418
0.662
0.662
0.23128
0.662
0.207344
0.662
0.261779
0.64717
0.267795
0.662
0.00146922
0.0013456
0.157196
0.662
0.0458039
0.51125
0.662
0.260042
0.662
0.324825
0.252182
0.662
0.662
0.662
0.303631
0.662
0.662
0.662
0.662
0.108829
0.662
0.662
0.662
0.662
0.0640069
0.23481
0.123099
0.546225
0.662
0.501193
0.662
0.662
0.662
0.146638
0.369205
0.213786
0.662
0.377752
0.662
0.662
0.662
0.662
0.662
0.42322
0.662
0.662
0.662
0.213147
0.662
0.0566674
0.392194
0.662
0.662
0.231736
0.53178
0.61468
0.0404216
0.48259
0.465425
0.414077
0.0847448
0.662
0.366373
0.662
0.208182
0.0200844
0.290202
0.127343
0.0833291
0.34176
0.502565
0.662
0.0472217
0.360653
0.0877911
0.662
0.157998
0.11414
0.261367
0.662
0.330771
0.239121
0.108638
0.230973
0.662
0.262977
0.645205
0.247796
0.662
0.0386979
0.382239
0.437091
0.0293848
0.662
0.16685
0.161406
0.501609
0.267786
0.662
0.662
0.633693
0.220378
0.276861
0.391366
0.662
0.052938
0.535385
0.662
0.161496
0.662
0.339026
0.216084
0.662
0.662
0.662
0.404953
0.662
0.358165
0.662
0.662
0.662
0.662
0.569355
0.662
0.662
0.419477
0.662
0.662
0.662
0.518693
0.662
0.170596
0.264882
0.358546
0.34166
0.354152
0.235791
0.662
0.662
0.288654
0.0373216
0.662
0.229984
0.188559
0.662
0.565453
0.662
0.330023
0.17753
0.247785
0.662
0.215854
0.662
0.4118
0.426239
0.662
0.662
0.0690108
0.353627
0.662
0.262809
0.195219
0.314901
0.221302
0.662
0.200628
0.146578
0.344365
0.105639
0.150041
0.250258
0.30693
0.45144
0.421541
0.557915
0.662
0.418315
0.272486
0.662
0.421238
0.662
0.0822048
0.662
0.662
0.662
0.662
0.662
0.134932
0.18244
0.662
0.502387
0.00805602
0.265439
0.464054
0.424899
0.662
0.230277
0.298828
0.662
0.239789
0.662
0.662
0.460288
0.662
0.662
0.277973
0.22757
0.662
0.662
0.0813596
0.164337
0.228251
0.662
0.185029
0.401206
0.662
0.662
0.634769
0.226946
0.481697
0.0294402
0.366179
0.662
0.506199
0.15625
0.015294
0.128352
0.229406
0.415047
0.272394
0.0485708
0.175387
0.00832179
0.662
0.662
0.121756
0.643722
0.0475635
0.265021
0.250389
0.20699
0.359694
0.662
0.662
0.331108
0.264406
0.274958
0.662
0.34274
0.173345
0.345604
0.662
0.662
0.172208
0.255843
0.365841
0.531303
0.662
0.0334472
0.00103236
0.123233
0.144628
0.662
0.268708
0.449689
0.526816
0.0332428
0.420099
0.662
0.449071
0.162021
0.23845
0.662
0.152233
0.214501
0.0752438
0.141088
0.662
0.257549
0.662
0.164775
0.632912
0.156022
0.00450445
0.390202
0.0454051
0.662
0.662
0.254092
0.662
0.0242975
0.662
0.183967
0.0555459
0.662
0.662
0.39156
0.210646
0.204422
0.662
0.662
0.267145
0.109625
0.662
0.662
0.551724
0.208925
0.165606
0.369014
0.267527
0.428788
0.662
0.231032
0.231559
0.34939
0.0220016
0.365469
0.261759
0.521088
0.0939528
0.662
0.145497
0.299257
0.662
0.265209
0.548007
0.367442
0.14722
0.212211
0.263411
0.281857
0.375743
0.311546
0.462316
0.266551
0.191629
0.390521
0.431839
0.662
0.139192
0.662
0.00726437
0.211559
0.0290489
0.232481
0.662
0.662
0.289063
0.412661
0.148329
0.51318
0.662
0.662
0.662
0.612878
0.662
0.662
0.122469
0.320569
0.662
0.661268
0.662
0.662
0.281203
0.137817
0.437718
0.662
0.0250222
0.240679
0.434659
0.415125
0.662
0.451052
0.474612
0.662
0.184506
0.491224
0.419258
0.267784
0.662
0.662
0.580284
0.611684
0.662
0.222941
0.662
0.104316
0.144733
0.662
0.662
0.354003
0.251973
0.274266
0.662
0.662
0.351473
0.662
0.662
0.202193
0.662
0.210146
0.0990174
0.345061
0.662
0.196179
0.325028
0.662
0.0886391
0.662
0.534385
0.662
0.332699
0.662
0.170634
0.000711754
0.662
0.662
0.217239
0.662
0.0478631
0.662
0.662
0.475433
0.25228
0.200018
0.321723
0.112091
0.662
0.044799
0.268744
0.662
0.339983
0.662
0.0455181
0.598811
0.476256
0.662
0.219196
0.662
0.376793
0.449616
0.225752
0.662
0.560791
0.662
0.662
0.470682
0.523791
0.123125
0.146122
0.0704477
0.31384
0.100118
0.662
0.662
0.6028
0.662
0.662
0.238122
0.662
0.662
0.662
0.23423
0.662
0.0179934
0.662
0.662
0.662
0.131576
0.223441
0.125065
0.125491
0.220485
0.166989
0.273547
0.436915
0.662
0.431513
0.577158
0.643574
0.220471
0.0618548
0.662
0.0284947
0.0332607
0.662
0.662
0.662
0.662
0.35384
0.180593
0.143439
0.347972
0.662
0.0924629
0.536779
0.662
0.066808
0.662
0.662
0.662
0.108797
0.662
0.127616
0.662
0.372622
0.662
0.186384
0.127563
0.42368
0.662
0.477347
0.387269
0.170746
0.662
0.662
0.0296519
0.662
0.662
0.0473346
0.662
0.662
0.662
0.662
0.662
0.662
0.662
0.0114084
0.106159
0.446042
0.662
0.662
0.137436
0.662
0.561136
0.662
0.0813986
0.662
0.662
0.662
0.207067
0.0186111
0.662
0.306492
0.284377
0.21329
0.544886
0.269342
0.281312
0.662
0.532647
0.267887
0.662
0.349807
0.28146
0.662
0.47069
0.322811
0.348688
0.662
0.351535
0.444748
0.369056
0.490831
0.45338
0.0943384
0.628455
0.662
0.662
0.626036
0.662
0.0418288
0.662
0.662
0.662
0.200127
0.662
0.16105
0.27044
0.439938
0.662
0.662
0.481469
0.33635
0.662
0.166662
0.353737
0.363352
0.662
0.400942
0.629706
0.280335
0.446039
0.662
0.362864
0.662
0.191773
0.221363
0.662
0.565045
0.662
0.314247
0.434336
0.47462
0.662
0.205523
0.662
0.662
0.662
0.662
0.662
0.662
0.662
0.297843
0.404995
0.176603
0.662
0.266642
0.255575
0.662
0.369068
0.266467
0.662
0.261312
0.195605
0.662
0.662
0.662
0.662
0.198192
0.272736
0.185634
0.185283
0.658459
0.157462
0.1211
0.662
0.124807
0.365042
0.662
0.662
0.291433
0.662
0.662
0.0452398
0.107118
0.0288327
0.662
0.662
0.607781
0.310302
0.377746
0.662
0.662
0.00749222
0.351533
0.662
0.56394
0.107461
0.662
0.662
0.142901
0.0103153
0.662
0.259013
0.569405
0.662
0.395755
0.587411
0.222806
0.662
0.0701119
0.662
0.190731
0.662
0.0161379
0.306425
0.156327
0.662
0.201435
0.442845
0.639633
0.0933109
0.662
0.29801
0.662
0.207467
0.662
0.389283
0.148011
0.0538803
0.222082
0.662
0.145184
0.124713
0.378491
0.662
0.258284
0.185199
0.662
0.336676
0.316138
0.335925
0.098781
0.489864
0.368351
0.563553
0.475207
0.20196
0.185594
0.662
0.662
0.244238
0.159841
0.585271
0.662
0.662
0.283868
0.662
0.662
0.138597
0.123502
0.662
0.662
0.2549
0.199332
0.662
0.662
0.211047
0.172557
0.451941
0.662
0.662
0.662
0.22506
0.662
0.124197
0.662
0.662
0.662
0.191304
0.208536
0.662
0.351282
0.196894
0.143775
0.246027
0.662
0.105941
0.218378
0.662
0.156307
0.223865
0.519775
0.662
0.209337
0.662
0.604675
0.662
0.137381
0.219059
0.662
0.355445
0.24005
0.662
0.662
0.662
0.662
0.33971
0.662
0.325942
0.138784
0.662
0.662
0.308562
0.662
0.662
0.662
0.277204
0.618911
0.662
0.170579
0.374418
0.662
0.3769
0.35023
0.662
0.662
0.662
0.291645
0.025524
0.258448
0.662
0.662
0.662
0.147819
0.662
0.654672
0.0550501
0.662
0.293063
0.468475
0.403656
0.400141
0.662
0.400919
0.370512
0.662
0.206885
0.140372
0.546862
0.490984
0.0706189
0.30785
0.563622
0.210571
0.397107
0.425278
0.662
0.0500128
0.662
0.361604
0.32854
0.278838
0.662
0.342719
0.119569
0.0807556
0.662
0.327417
0.662
0.184882
0.218373
0.662
0.296503
0.359635
0.662
0.377604
0.427974
0.102957
0.662
0.662
0.268983
0.249157
0.662
0.662
0.0732585
0.662
0.662
0.662
0.0425811
0.175778
0.662
0.138336
0.413065
0.662
0.662
0.336788
0.662
0.662
0.138796
0.662
0.333254
0.114948
0.564438
0.662
0.134061
0.662
0.289718
0.279066
0.662
0.31381
0.208045
0.204573
0.662
0.246748
0.548825
0.191063
0.548535
0.662
0.662
0.0687883
0.278608
0.194403
0.662
0.548442
0.662
0.360906
0.313429
0.611702
0.120999
0.662
0.466611
0.0206653
0.662
0.249315
0.662
0.662
0.662
0.506407
0.40383
0.660248
0.170967
0.662
0.662
0.662
0.662
0.662
0.074912
0.445438
0.467772
0.342892
0.662
0.662
0.662
0.140358
0.662
0.330257
0.439313
0.662
0.468502
0.00856566
0.484583
0.662
0.360705
0.662
0.381155
0.21654
0.662
0.105656
0.305909
0.213499
0.463779
0.662
0.265668
0.241882
0.662
0.190302
0.337373
0.452597
0.194402
0.0745529
0.662
0.54573
0.280011
0.325325
0.662
0.133457
0.662
0.662
0.662
0.662
0.15164
0.457532
0.442789
0.11719
0.662
0.662
0.662
0.662
0.662
0.394702
0.662
0.00333177
0.56047
0.218762
0.662
0.0793185
0.426541
0.443688
0.313468
0.0486991
0.271564
0.662
0.662
0.280225
0.441164
0.352689
0.0702155
0.662
0.306597
0.662
0.314242
0.66
0.662
0.0765134
0.289857
0.662
0.662
0.216794
0.662
0.593465
0.346289
0.21895
0.381914
0.304256
0.288741
0.479471
0.662
0.176151
0.662
0.0313672
0.24472
0.321229
0.237214
0.331013
0.662
0.501719
0.662
0.00882654
0.349677
0.662
0.662
0.365236
0.0204852
0.662
0.387652
0.662
0.662
0.662
0.453965
0.477612
0.338406
0.336777
0.43466
0.0515286
0.662
0.164337
0.284773
0.466864
0.411122
0.662
0.110925
0.662
0.260453
0.662
0.408749
0.662
0.662
0.082214
0.368717
0.197909
0.240897
0.465409
0.202852
0.459958
0.662
0.443157
0.382354
0.662
0.548678
0.662
0.186942
0.169357
0.175687
0.212154
0.354286
0.0272698
0.662
0.297252
0.577247
0.350555
0.207804
0.662
0.23588
0.662
0.307158
0.662
0.156869
0.662
0.429658
0.662
0.662
0.662
0.662
0.139615
0.299942
0.334711
0.407883
0.428263
0.227249
0.662
0.325025
0.176575
0.662
0.0755333
0.662
0.662
0.662
0.662
0.662
0.662
0.632151
0.662
0.0764516
0.662
0.662
0.451226
0.382681
0.370775
0.662
0.0379264
0.662
0.0492879
0.645201
0.218095
0.662
0.662
0.662
0.662
0.113165
0.662
0.309101
0.261208
0.662
0.515239
0.662
0.210926
0.662
0.223525
0.251402
0.446555
0.662
0.662
0.662
0.629286
0.0447369
0.662
0.526685
0.662
0.00395354
0.190074
0.562102
0.662
0.376246
0.331733
0.662
0.032118
0.662
0.273017
0.22218
0.232987
0.197262
0.662
0.223402
0.250739
0.0700336
0.329676
0.205341
0.230114
0.125425
0.0172333
0.0675251
0.0396707
0.662
0.450124
0.11258
0.662
0.662
0.0227829
0.392141
0.662
0.662
0.662
0.662
0.0457469
0.432441
0.662
0.177144
0.662
0.653171
0.662
0.161448
0.153036
0.0742006
0.662
0.58545
0.662
0.123838
0.583114
0.662
0.662
0.102596
0.662
0.0519064
0.662
0.662
0.0910644
0.662
0.171171
0.249345
0.0350271
0.106497
0.11503
0.662
0.542467
0.0346813
0.423661
0.115792
0.662
0.662
0.302059
0.0776102
0.662
0.662
0.662
0.344547
0.269862
0.149496
0.662
0.605255
0.363679
0.226428
0.357867
0.105153
0.15408
0.662
0.223689
0.489855
0.364215
0.146003
0.662
0.477225
0.45405
0.662
0.364189
0.266886
0.662
0.262118
0.662
0.406067
0.00861423
0.377689
0.662
0.662
0.629044
0.155281
0.103328
0.662
0.662
0.662
0.298678
0.58601
0.0365513
0.662
0.435836
0.443037
0.501963
0.349109
0.662
0.662
0.182019
0.252818
0.109515
0.662
0.658123
0.662
0.0122844
0.634307
0.510232
0.3264
0.662
0.275261
0.662
0.151458
0.662
0.366435
0.408041
0.347257
0.662
0.15762
0.662
0.662
0.270073
0.42859
0.301137
0.662
0.440814
0.662
0.662
0.662
0.365461
0.24406
0.36275
0.138962
0.0194742
0.662
0.662
0.105372
0.192381
0.253821
0.60471
0.338124
0.147146
0.392917
0.662
0.246889
0.268842
0.662
0.662
0.464426
0.662
0.361691
0.441667
0.143646
0.012568
0.226659
0.188526
0.138994
0.100511
0.590475
0.662
0.300977
0.662
0.511181
0.282055
0.662
0.578674
0.662
0.176394
0.481999
0.249893
0.0930627
0.351075
0.265313
0.662
0.662
0.662
0.310331
0.435433
0.662
0.662
0.662
0.255735
0.366304
0.455628
0.436048
0.435062
0.662
0.662
0.126494
0.304561
0.359625
0.258848
0.227278
0.126312
0.19684
0.0466889
0.662
0.662
0.327338
0.662
0.662
0.255425
0.538821
0.662
0.442447
0.189523
0.244905
0.662
0.662
0.0977294
0.139267
0.17703
0.0569774
0.662
0.617885
0.217588
0.662
0.397252
0.197644
0.662
0.662
0.662
0.662
0.662
0.0329749
0.662
0.426427
0.662
0.280083
0.662
0.423687
0.662
0.662
0.239181
0.521352
0.139619
0.473536
0.662
0.0623883
0.188261
0.00992355
0.290762
0.482478
0.662
0.662
0.196518
0.339883
0.375255
0.479721
0.469337
0.662
0.662
0.662
0.513607
0.506823
0.662
0.256892
0.662
0.237311
0.662
0.159786
0.662
0.662
0.662
0.662
0.273252
0.221727
0.154327
0.662
0.662
0.662
0.662
0.593966
0.0854269
0.224873
0.123424
0.425167
0.428252
0.184463
0.261366
0.662
0.0944695
0.294753
0.54688
0.527656
0.662
0.477221
0.0231555
0.662
0.662
0.662
0.662
0.0116806
0.662
0.18605
0.662
0.662
0.239997
0.662
0.00409122
0.204882
0.418563
0.120717
0.662
0.423187
0.662
0.195173
0.405816
0.662
0.662
0.449536
0.446497
0.662
0.0660715
0.662
0.193942
0.534378
0.662
0.662
0.0596664
0.662
0.662
0.662
0.662
0.274637
0.0623725
0.662
0.633391
0.0662321
0.662
0.212302
0.511694
0.662
0.662
0.565705
0.609042
0.201166
0.1224
0.662
0.330775
0.662
0.662
0.662
0.276683
0.298534
0.662
0.417477
0.662
0.131582
0.29953
0.662
0.14162
0.662
0.253122
0.23949
0.2325
0.632124
0.662
0.102151
0.216453
0.483116
0.0720412
0.662
0.182228
0.395872
0.589124
0.662
0.160996
0.662
0.0672782
0.254688
0.483341
0.662
0.463123
0.0125156
0.323983
0.0851108
0.125016
0.209685
0.662
0.189964
0.348299
0.662
0.30721
0.662
0.662
0.339042
0.234228
0.586503
0.494093
0.434434
0.662
0.0797232
0.662
0.190583
0.4612
0.570597
0.346011
0.662
0.662
0.301609
0.34541
0.226746
0.368015
0.420946
0.412381
0.662
0.202153
0.0272756
0.662
0.662
0.189191
0.662
0.243677
0.505402
0.662
0.662
0.662
0.662
0.662
0.662
0.158807
0.442604
0.173571
0.23971
0.365782
0.662
0.291285
0.278886
0.229998
0.498289
0.125264
0.662
0.202319
0.135393
0.662
0.586305
0.662
0.110118
0.231995
0.159831
0.093757
0.218301
0.20867
0.662
0.662
0.463585
0.23926
0.662
0.446685
0.662
0.395542
0.117731
0.662
0.334193
0.662
0.662
0.413565
0.662
0.662
0.142035
0.0631964
0.392748
0.662
0.286249
0.271235
0.480656
0.662
0.0877076
0.120181
0.243473
0.662
0.662
0.646706
0.590847
0.662
0.522544
0.662
0.557895
0.465791
0.245926
0.662
0.0636006
0.662
0.364518
0.402179
0.593903
0.662
0.662
0.662
0.226549
0.233321
0.126686
0.476749
0.232209
0.662
0.462269
0.121438
0.13653
0.662
0.395757
0.463306
0.219329
0.0176545
0.662
0.45931
0.478451
0.102114
0.662
0.52464
0.662
0.393714
0.0390717
0.407
0.367502
0.175412
0.662
0.662
0.20413
0.662
0.65105
0.662
0.662
0.662
0.172444
0.400282
0.662
0.163766
0.217649
0.487573
0.662
0.662
0.22777
0.662
0.18925
0.185064
0.48993
0.129617
0.450801
0.261154
0.162928
0.662
0.662
0.662
0.36529
0.29987
0.182991
0.662
0.662
0.27194
0.662
0.662
0.662
0.662
0.662
0.512309
0.33206
0.242929
0.434989
0.404797
0.487057
0.662
0.662
0.458431
0.662
0.0151473
0.27696
0.151628
0.662
0.248765
0.662
0.494137
0.0322173
0.200412
0.277969
0.41348
0.227197
0.384284
0.662
0.446858
0.662
0.148993
0.582947
0.662
0.0648207
0.0175257
0.299078
0.24805
0.662
0.662
0.198353
0.572834
0.196366
0.199474
0.662
0.235588
0.662
0.202272
0.391889
0.662
0.0544156
0.662
0.29665
0.0634382
0.662
0.384194
0.251136
0.293607
0.454253
0.662
0.40419
0.277622
0.0127611
0.141076
0.221814
0.643731
0.662
0.102439
0.0757329
0.401273
0.41734
0.662
0.275516
0.662
0.219897
0.169383
0.662
0.394924
0.183062
0.438576
0.662
0.37992
0.443772
0.662
0.336634
0.55834
0.469211
0.299692
0.662
0.662
0.460843
0.662
0.662
0.222684
0.147281
0.00145009
0.262139
0.0609498
0.412286
0.198077
0.292069
0.662
0.0149662
0.662
0.579381
0.662
0.662
0.203354
0.662
0.112856
0.182577
0.0707954
0.328484
0.220925
0.662
0.662
0.662
0.662
0.481063
0.00373503
0.662
0.662
0.384235
0.0480235
0.662
0.662
0.596852
0.662
0.301296
0.535198
0.438049
0.662
0.662
0.337517
0.0984457
0.662
0.662
0.153094
0.157449
0.383692
0.333878
0.218758
0.662
0.134753
0.662
0.408775
0.662
0.447759
0.131877
0.410575
0.452363
0.662
0.662
0.301723
0.311375
0.662
0.662
0.0977303
0.0408785
0.158968
0.239587
0.662
0.662
0.305374
0.45545
0.245705
0.175473
0.399162
0.662
0.662
0.24339
0.193378
0.662
0.0662884
0.409625
0.0356008
0.662
0.661684
0.435633
0.662
0.0702518
0.662
0.502372
0.267456
0.662
0.662
0.222413
0.60505
0.662
0.105123
0.16197
0.662
0.662
0.662
0.53106
0.662
0.149513
0.505462
0.662
0.221387
0.383154
0.662
0.279266
0.662
0.427372
0.0867802
0.00370993
0.662
0.464813
0.273048
0.662
0.390835
0.221902
0.662
0.662
0.202932
0.463273
0.0737399
0.662
0.412479
0.50776
0.116281
0.0602468
0.0700738
0.287611
0.662
0.662
0.32117
0.130869
0.215983
0.662
0.279439
0.345365
0.159766
0.164624
0.180235
0.662
0.125707
0.219746
0.122858
0.318226
0.662
0.649583
0.285382
0.662
0.662
0.662
0.319345
0.636636
0.662
0.662
0.662
0.230543
0.320215
0.198646
0.396797
0.662
0.351779
0.590133
0.662
0.662
0.662
0.210937
0.447472
0.193922
0.23863
0.662
0.662
0.312318
0.257346
0.192173
0.662
0.662
0.249176
0.19476
0.0506809
0.576096
0.00385354
0.662
0.662
0.409672
0.324824
0.385135
0.22713
0.662
0.242075
0.662
0.138965
0.423325
0.662
0.662
0.0655216
0.116714
0.189256
0.329323
0.111865
0.662
0.383116
0.662
0.662
0.324152
0.0593534
0.662
0.137302
0.662
0.527777
0.662
0.662
0.196533
0.215196
0.0934006
0.662
0.0963989
0.662
0.471535
0.651059
0.320483
0.662
0.518044
0.497429
0.237284
0.662
0.662
0.662
0.662
0.374581
0.424029
0.198756
0.662
0.662
0.36855
0.662
0.329203
0.296074
0.298293
0.220773
0.662
0.662
0.662
0.659367
0.662
0.662
0.52589
0.127002
0.17788
0.662
0.234658
0.276249
0.391902
0.213337
0.456527
0.662
0.662
0.662
0.2359
0.662
0.0110581
0.474238
0.277084
0.226132
0.290449
0.662
0.553286
0.113139
0.662
0.1001
0.662
0.662
0.662
0.409618
0.0923834
0.00477889
0.445516
0.12486
0.32968
0.0850594
0.175147
0.662
0.24176
0.319859
0.662
0.217256
0.238283
0.500912
0.484656
0.198136
0.0466108
0.662
0.662
0.0438144
0.465306
0.0993697
0.0712262
0.308651
0.256709
0.662
0.559171
0.0702595
0.662
0.451417
0.0977107
0.0207075
0.662
0.226084
0.136063
0.662
0.475714
0.0757053
0.662
0.662
0.349031
0.662
0.0937806
0.203212
0.662
0.145629
0.427577
0.218414
0.586761
0.131821
0.662
0.662
0.662
0.0309031
0.325683
0.662
0.662
0.20785
0.458335
0.108872
0.662
0.608394
0.463246
0.0138736
0.0103074
0.165079
0.662
0.545845
0.460495
0.489041
0.459037
0.527073
0.638311
0.662
0.141927
0.468141
0.662
0.32041
0.122768
0.330853
0.0608443
0.327652
0.662
0.662
0.409488
0.371509
0.189265
0.489921
0.662
0.115688
0.238179
0.214065
0.662
0.662
0.186394
0.63339
0.351769
0.662
0.597671
0.274482
0.662
0.662
0.0411216
0.662
0.662
0.170067
0.179758
0.0429639
0.662
0.662
0.0734477
0.160846
0.662
0.662
0.662
0.199727
0.662
0.190449
0.662
0.40504
0.662
0.213315
0.563133
0.662
0.195264
0.105217
0.423512
0.461313
0.230867
0.662
0.662
0.48767
0.30017
0.125045
0.13783
0.14677
0.273535
0.608451
0.155589
0.302172
0.662
0.065834
0.595516
0.662
0.310865
0.0976212
0.288546
0.662
0.662
0.662
0.437967
0.547429
0.181504
0.318241
0.28978
0.662
0.662
0.417541
0.662
0.445981
0.217704
0.264354
0.284035
0.662
0.239351
0.444733
0.12117
0.662
0.162817
0.362618
0.570548
0.257368
0.662
0.18411
0.0383911
0.0873558
0.662
0.359215
0.662
0.662
0.0550987
0.0299884
0.662
0.187598
0.236597
0.471432
0.205665
0.662
0.431444
0.662
0.272198
0.458409
0.153283
0.662
0.453329
0.662
0.662
0.412666
0.290363
