0.662
0.476656
0.131432
0.311146
0.350726
0.154328
0.0721168
0.489053
0.662
0.0912411
0.210145
0.00841264
0.114638
0.662
0.185941
0.263854
0.193388
0.662
0.208076
0.662
0.0828403
0.314839
0.662
0.188392
0.662
0.188475
0.494556
0.662
0.306885
0.391764
0.32883
0.320873
0.662
0.541473
0.102806
0.457744
0.292167
0.662
0.186938
0.464683
0.216523
0.135962
0.335541
0.633694
0.662
0.463972
0.662
0.457562
0.662
0.168528
0.662
0.424871
0.35759
0.502404
0.599044
0.662
0.235703
0.662
0.240594
0.570022
0.304029
0.535568
0.662
0.662
0.240929
0.662
0.0827755
0.102534
0.609012
0.662
0.662
0.0733941
0.604265
0.662
0.662
0.254385
0.426909
0.607052
0.424332
0.579968
0.662
0.662
0.662
0.122597
0.208264
0.662
0.662
0.18754
0.196253
0.662
0.662
0.144245
0.283392
0.0352402
0.662
0.444786
0.127084
0.261712
0.662
0.293927
0.437869
0.27235
0.55693
0.25646
0.058832
0.24565
0.237083
0.176232
0.221561
0.217984
0.405999
0.288273
0.17928
0.662
0.163512
0.662
0.662
0.443501
0.477369
0.463727
0.31029
0.662
0.0914914
0.166111
0.344405
0.662
0.0342635
0.589312
0.230639
0.662
0.662
0.0150971
0.218497
0.236431
0.0536884
0.348389
0.352528
0.120672
0.297938
0.314953
0.151433
0.238724
0.662
0.562193
0.0835462
0.131667
0.662
0.662
0.248921
0.194058
0.4759
0.662
0.662
0.454498
0.211518
0.662
0.592434
0.0402765
0.359976
0.0334054
6.09203e-05
0.662
0.0715816
0.45956
0.662
0.662
0.0872368
0.662
0.573061
0.662
0.662
0.0251501
0.209902
0.401749
0.662
0.0372965
0.171506
0.662
0.662
0.662
0.170877
0.178903
0.662
0.0543897
0.214581
0.0266991
0.43242
0.279523
0.662
0.31318
0.662
0.2077
0.42173
0.427007
0.565809
0.216109
0.662
0.103034
0.228562
0.662
0.137368
0.460586
0.662
0.662
0.548609
0.118819
0.52271
0.662
0.662
0.0371882
0.201123
0.662
0.662
0.662
0.415817
0.662
0.410966
0.0563656
0.662
0.0585737
0.0805177
0.227499
0.0681062
0.212845
0.662
0.242584
0.662
0.515919
0.662
0.354857
0.183867
0.439625
0.196905
0.662
0.196112
0.662
0.662
0.526925
0.434588
0.662
0.662
0.239756
0.40848
0.449461
0.193659
0.0439587
0.284755
0.238735
0.184744
0.047711
0.662
0.493883
0.23605
0.0758283
0.662
0.160342
0.434451
0.317677
0.0631728
0.456807
0.482662
0.202423
0.317705
0.662
0.662
0.662
0.662
0.473433
0.662
0.0989955
0.18995
0.200509
0.384179
0.629763
0.662
0.122928
0.662
0.40183
0.268111
0.662
0.465943
0.191375
0.370398
0.662
0.662
0.0486159
0.662
0.662
0.377378
0.49241
0.184572
0.662
0.45858
0.65793
0.238716
0.235342
0.274776
0.205432
0.00629934
0.326414
0.662
0.267294
0.210963
0.218803
0.189195
0.31134
0.381574
0.124582
0.250178
0.662
0.620402
0.662
0.310268
0.662
0.0394539
0.220962
0.0320561
0.599577
0.196583
0.360269
0.662
0.193181
0.662
0.245236
0.133386
0.662
0.369142
0.662
0.662
0.172397
0.285869
0.00907929
0.049159
0.662
0.662
0.203707
0.571806
0.286765
0.662
0.662
0.260183
0.363136
0.165001
0.662
0.457041
0.476833
0.377348
0.662
0.225139
0.24305
0.392464
0.381729
0.662
0.662
0.555253
0.662
0.385632
0.197726
0.110235
0.344766
0.269866
0.191401
0.272112
0.0495416
0.662
0.152921
0.137396
0.0572234
0.153242
0.598121
0.0943785
0.362486
0.662
0.662
0.662
0.410156
0.662
0.423425
0.316931
0.662
0.435114
0.662
0.381383
0.662
0.054166
0.662
0.662
0.288211
0.662
0.000335744
0.662
0.608861
0.358716
0.233217
0.410221
0.662
0.107684
0.662
0.662
0.632521
0.337354
0.498557
0.236925
0.662
0.662
0.662
0.111816
0.150575
0.30589
0.215438
0.662
0.394552
0.651289
0.446534
0.455687
0.266258
0.662
0.0737303
0.206643
0.662
0.196323
0.422444
0.0725606
0.198994
0.662
0.662
0.563054
0.183222
0.248133
0.662
0.106041
0.459975
0.0344548
0.662
0.662
0.662
0.662
0.116901
0.146115
0.662
0.53639
0.127437
0.246124
0.662
0.492576
0.662
0.206376
0.200516
0.384103
0.662
0.432975
0.502074
0.197948
0.662
0.235387
0.662
0.662
0.662
0.237665
0.278346
0.461095
0.189019
0.345095
0.662
0.2181
0.2591
0.662
0.570774
0.662
0.266543
0.126882
0.662
0.419762
0.259317
0.181451
0.325776
0.00762954
0.662
0.316721
0.518238
0.212945
0.556178
0.395575
0.662
0.662
0.662
0.662
0.119087
0.662
0.256169
0.134444
0.207046
0.155124
0.451509
0.662
0.662
0.662
0.662
0.169189
0.383
0.256862
0.662
0.208806
0.22218
0.385951
0.662
0.662
0.662
0.662
0.347044
0.154166
0.536778
0.662
0.335198
0.295368
0.320924
0.4618
0.121138
0.0924674
0.265868
0.33634
0.330059
0.515228
0.251061
0.662
0.186807
0.435077
0.0715167
0.446434
0.151629
0.223722
0.662
0.286346
0.662
0.537767
0.455449
0.168732
0.187701
0.301561
0.662
0.217099
0.131222
0.566322
0.322372
0.196213
0.0985881
0.0068763
0.662
0.662
0.208926
0.662
0.662
0.289269
0.174828
0.207362
0.261251
0.271066
0.662
0.405871
0.172616
0.495515
0.201745
0.662
0.662
0.662
0.262684
0.194053
0.262196
0.381791
0.132857
0.430799
0.0850882
0.288519
0.617168
0.453758
0.384121
0.575452
0.662
0.0462988
0.662
0.662
0.0174064
0.381225
0.17965
0.246862
0.205578
0.563083
0.454009
0.620606
0.662
0.662
0.454371
0.662
0.304631
0.179196
0.662
0.662
0.184033
0.286139
0.662
0.26527
0.26331
0.545967
0.0768401
0.662
0.662
0.614446
0.274413
0.662
0.662
0.404894
0.662
0.338664
0.662
0.120683
0.662
0.662
0.662
0.0858587
0.662
0.662
0.465319
0.472276
0.36668
0.662
0.295998
0.186969
0.383551
0.464247
0.662
0.662
0.347937
0.496856
0.662
0.309108
0.337688
0.655247
0.167595
0.662
0.232396
0.662
0.187309
0.0915284
0.344842
0.662
0.582173
0.429516
0.0959343
0.419314
0.662
0.662
0.281562
0.662
0.215258
0.558774
0.662
0.233779
0.662
0.231946
0.662
0.354824
0.0592614
0.662
0.144836
0.662
0.212776
0.662
0.44652
0.662
0.119048
0.662
0.308656
0.368205
0.487186
0.662
0.662
0.662
0.0925207
0.662
0.190857
0.539171
0.662
0.264391
0.41535
0.277355
0.167961
0.662
0.179706
0.39002
0.118553
0.0153174
0.220355
0.354997
0.249014
0.147282
0.662
0.662
0.253773
0.326264
0.662
0.134453
0.331677
0.662
0.662
0.662
0.153212
0.413089
0.187628
0.662
0.301934
0.154828
0.206033
0.662
0.225944
0.202075
0.629763
0.472559
0.110395
0.662
0.134593
0.284848
0.527729
0.187667
0.662
0.0541932
0.662
0.149314
0.0848696
0.50598
0.662
0.662
0.662
0.196524
0.0542962
0.475914
0.662
0.662
0.662
0.222355
0.418045
0.662
0.0943307
0.662
0.425103
0.662
0.662
0.245235
0.355595
0.619418
0.662
0.423277
0.662
0.659684
0.662
0.662
0.662
0.536801
0.662
0.559961
0.388091
0.263419
0.662
0.662
0.662
0.662
0.662
0.584206
0.630436
0.0758552
0.0427033
0.135903
0.256317
0.36992
0.662
0.222825
0.459593
0.662
0.0248843
0.189959
0.662
0.0764089
0.0596052
0.662
0.473206
0.38817
0.154231
0.240756
0.662
0.472445
0.495323
0.217775
0.191575
0.0193729
0.662
0.662
0.111706
0.471938
0.194042
0.103151
0.260536
0.263495
0.330348
0.662
0.662
0.660789
0.220258
0.662
0.489818
0.0201877
0.662
0.0760927
0.501247
0.331854
0.662
0.662
0.662
0.662
0.662
0.662
0.163812
0.253298
0.138361
0.264935
0.662
0.662
0.238482
0.398871
0.12362
0.662
0.662
0.490929
0.449105
0.330882
0.316165
0.263071
0.34493
0.662
0.325696
0.662
0.662
0.662
0.662
0.662
0.224286
0.662
0.206688
0.388739
0.662
0.662
0.662
0.662
0.237023
0.662
0.418559
0.199592
0.208536
0.187418
0.18543
0.184108
0.662
0.286476
0.604395
0.472493
0.040547
0.0700644
0.447038
0.555275
0.360781
0.5972
0.662
0.662
0.37874
0.160586
0.318752
0.378734
0.530332
0.145873
0.538427
0.658457
0.324268
0.185519
0.662
0.393459
0.2063
0.662
0.662
0.662
0.662
0.148764
0.334063
0.00944919
0.662
0.215652
0.662
0.393259
0.662
0.302061
0.662
0.0694861
0.662
