0.402609
0.662
0.275783
0.042736
0.662
0.662
0.311449
0.300839
0.102893
0.0877389
0.417098
0.0656908
0.489031
0.627352
0.165507
0.662
0.442708
0.61324
0.301073
0.0984793
0.0693103
0.662
0.21703
0.52167
0.405194
0.662
0.662
0.662
0.662
0.356951
0.50189
0.184066
0.446807
0.188103
0.189605
0.662
0.658974
0.362329
0.630755
0.492858
0.304851
0.338062
0.390647
0.662
0.121352
0.076848
0.20239
0.382128
0.082322
0.379584
0.106061
0.138882
0.500447
0.637559
0.662
0.662
0.300632
0.662
0.631775
0.118935
0.13943
0.659506
0.0892868
0.068741
0.24615
0.235621
0.232921
0.662
0.662
0.127087
0.190033
0.25547
0.236049
0.662
0.435535
0.332718
0.192896
0.433613
0.250067
0.113361
0.364474
0.331214
0.299958
0.00597785
0.487487
0.32647
0.268217
0.593912
0.662
0.662
0.50257
0.186801
0.471928
0.317714
0.662
0.453308
0.00203071
0.662
0.662
0.237565
0.318507
0.135922
0.624491
0.662
0.662
0.36943
0.662
0.404792
0.417185
0.130818
0.662
0.662
0.662
0.485398
0.217115
0.590278
0.60838
0.0622164
0.173731
0.396054
0.44359
0.187631
0.662
3.95291e-05
0.449699
0.286893
0.0612675
0.662
0.269645
0.508381
0.170248
0.306715
0.658914
0.473451
0.178419
0.231277
0.354003
0.00621614
0.119264
0.0839958
0.636482
0.562276
0.0715793
0.662
0.517145
0.0687099
0.373985
0.662
0.400613
0.662
0.425416
0.662
0.0722593
0.662
0.0545121
0.462915
0.662
0.662
0.662
0.0101348
0.51525
0.662
0.367786
0.387116
0.480053
0.662
0.164883
0.0839245
0.259721
0.662
0.662
0.619745
0.0772076
0.662
0.397251
0.273581
0.140527
0.662
0.662
0.447221
0.117648
0.066572
0.644624
0.662
0.0334737
0.662
0.548404
0.325085
0.181313
0.256858
0.415104
0.662
0.662
0.302303
0.407596
0.205632
0.443799
0.23109
0.630376
0.662
0.387212
0.380304
0.662
0.231158
0.662
0.662
0.425956
0.405397
0.287126
0.662
0.197934
0.660619
0.164871
0.662
0.493969
0.219693
0.323068
0.662
0.662
0.157182
0.643729
0.662
0.662
0.184433
0.254541
0.601325
0.269285
0.320914
0.41724
0.473317
0.304221
0.662
0.187913
0.655766
0.64364
0.662
0.662
0.535981
0.662
0.214625
0.351194
0.00806404
0.610047
0.113267
0.662
0.0158977
0.483264
0.135122
0.0741383
0.426465
0.662
0.294819
0.352857
0.218291
0.455874
0.218483
0.0230541
0.32857
0.612112
0.195522
0.0951567
0.662
0.521053
0.167569
0.662
0.24497
0.662
0.662
0.662
0.408815
0.424768
0.662
0.541418
0.423025
0.662
0.662
0.236937
0.662
0.242486
0.0562709
0.662
0.581638
0.458409
0.662
0.662
0.535921
0.37017
