0.181493
0.169356
0.187158
0.277899
0.662
0.662
0.349685
0.0192516
0.662
0.27915
0.557084
0.415045
0.662
0.056153
0.47838
0.390586
0.284074
0.612127
0.0667853
0.662
0.404586
0.662
0.662
0.662
0.662
0.0536106
0.0827602
0.222444
0.255107
0.373448
0.662
0.00578299
0.328333
0.569727
0.662
0.232714
0.651393
0.662
0.460969
0.13504
0.476874
0.392755
0.275483
0.171325
0.662
0.390523
0.662
0.0373516
0.341711
0.181361
0.662
0.273823
0.662
0.28203
0.175086
0.138278
0.172596
0.444269
0.45897
0.284422
0.662
0.662
0.470707
0.551331
0.0145962
0.0579796
0.360834
0.071359
0.292658
0.267115
0.662
0.205867
0.0840001
0.543574
0.00477287
0.061094
0.25794
0.235776
0.281028
0.229792
0.230688
0.239051
0.662
0.0250157
0.27489
0.210953
0.214391
0.662
0.456335
0.202341
0.269858
0.662
0.264152
0.662
0.587493
0.0889407
0.662
0.662
0.659087
0.294949
0.662
0.18768
0.662
0.662
0.0307581
0.662
0.204283
0.160122
0.662
0.436398
0.276219
0.662
0.365126
0.41048
0.662
0.662
0.321263
0.214036
0.636649
0.413704
0.662
0.662
0.475236
0.343776
0.662
0.662
0.291806
0.662
0.662
0.533357
0.0808202
0.662
0.662
0.268254
0.419624
0.230405
0.662
0.662
0.662
0.525089
0.239745
0.327392
0.662
0.432242
0.0751667
0.152376
0.396468
0.444412
0.662
0.0335637
0.662
0.0401329
0.212594
0.443904
0.0534438
0.135657
0.307478
0.662
0.204857
0.409602
0.235296
0.035336
0.285535
0.470249
0.662
0.662
0.168045
0.662
0.268296
0.662
0.37573
0.293123
0.356317
0.662
0.662
0.662
0.483194
0.322769
0.111916
0.662
0.293454
0.11184
0.379946
0.662
0.282271
0.662
0.217485
0.537903
0.189471
0.662
0.174431
0.662
0.269803
0.662
0.662
0.586511
0.178093
0.127678
0.662
0.662
0.114679
0.662
0.662
0.116731
0.334281
0.441227
0.551429
0.662
0.176194
0.662
0.662
0.662
0.662
0.536195
0.0958474
0.662
0.662
0.662
0.662
0.0265251
0.476461
0.518433
0.453606
0.662
0.28164
0.075967
0.662
0.154076
0.223586
0.217288
0.109967
0.395305
0.364969
0.228719
0.263871
0.662
0.0248656
0.268724
0.187381
0.208232
0.434515
0.343096
0.0753118
0.216859
0.208562
0.469646
0.662
0.662
0.662
0.662
0.555054
0.385739
0.53987
0.330087
0.324127
0.0052899
0.0115517
0.241906
0.507943
0.0934703
0.662
0.324382
0.167699
0.662
0.662
0.584931
0.662
0.472041
0.20971
0.662
0.662
0.610212
0.312304
0.578468
0.0571898
0.662
0.471165
0.661913
0.662
0.662
0.662
0.662
0.198449
0.662
0.662
0.435557
0.662
0.541431
0.155963
0.26157
0.662
0.09519
0.0783105
0.122511
0.102176
0.662
0.32617
0.662
0.193846
0.255906
0.465958
0.185814
0.314839
0.344909
0.662
0.122688
0.217709
0.254497
0.248895
0.662
0.439081
0.662
0.662
0.662
0.215313
0.662
0.197928
0.662
0.662
0.285773
0.662
0.603667
0.378294
0.662
0.662
0.0964458
0.224979
0.662
0.662
0.662
0.222203
0.18007
0.474593
0.662
0.419997
0.662
0.662
0.219839
0.26963
0.662
0.563786
0.662
0.292791
0.28597
0.662
0.662
0.11688
0.183973
0.529511
0.662
0.662
0.662
0.0306353
0.494776
0.662
0.168186
0.662
0.585247
0.495228
0.503431
0.651413
0.174184
0.459439
0.221449
0.415565
0.662
0.439109
0.388671
0.662
0.662
0.662
0.107244
0.662
0.220944
0.662
0.0532605
0.0576132
0.662
0.206767
0.662
0.146335
0.292987
0.633861
0.662
0.197163
0.662
0.169893
0.662
0.0564865
0.117033
0.662
0.200603
0.376454
0.662
0.662
0.410203
0.662
0.32898
0.555378
0.462937
0.662
0.662
0.662
0.344433
0.662
0.662
0.317203
0.662
0.234756
0.197854
0.662
0.0454011
0.501824
0.249134
0.0571394
0.662
0.424891
0.662
0.662
0.308607
0.662
0.662
0.643012
0.0687878
0.662
0.00537111
0.276817
0.26912
0.640107
0.605163
0.662
0.662
0.106275
0.662
0.355266
0.662
0.253844
0.662
0.0177396
0.193484
0.405399
0.447481
0.348339
0.553305
0.662
0.244531
0.662
0.0981368
0.0729758
0.177401
0.662
0.129129
0.438071
0.662
0.0431007
0.635463
0.441976
0.662
0.662
0.202335
0.342321
0.10335
0.662
0.398404
0.211263
0.662
0.662
0.227325
0.227536
0.0924399
0.662
0.542529
0.0819227
0.162555
0.343428
0.662
0.662
0.0979503
0.423761
0.452895
0.662
0.662
0.0966091
0.163808
0.662
0.662
0.11324
0.148026
0.259488
0.662
0.0465829
0.662
0.308234
0.618751
0.662
0.357615
0.662
0.662
0.255849
0.662
0.662
0.662
0.662
0.138739
0.14649
0.285297
0.662
0.0871116
0.260373
0.217819
0.662
0.105416
0.662
0.0024309
0.662
0.662
0.662
0.388987
0.507626
0.215133
0.662
0.0981497
0.294608
0.0305507
0.639676
0.261732
0.662
0.662
0.22436
0.662
0.662
0.662
0.662
0.408098
0.440453
0.662
0.550089
0.454473
0.662
0.396729
0.662
0.662
0.144558
0.662
0.362095
0.662
0.662
0.662
0.336078
0.662
0.204503
0.662
0.0452231
0.330381
0.26739
0.369831
0.603818
0.105875
0.662
0.662
0.159792
0.22938
0.383546
0.44586
0.662
0.294684
0.662
0.662
0.662
0.274072
0.351699
0.662
0.226402
0.197452
0.168251
0.662
0.662
0.239151
0.165634
0.662
0.229303
0.662
0.472615
0.662
0.255591
0.199136
0.662
0.257132
0.233377
0.337798
0.399076
0.662
0.0185119
0.587114
0.085502
0.271977
0.662
0.662
0.158318
0.317061
0.425672
0.662
0.626863
0.662
0.0573717
0.645821
0.619473
0.321198
0.300237
0.356732
0.541624
0.631301
0.662
0.662
0.593602
0.250442
0.662
0.662
0.0669765
0.662
0.191602
0.41475
0.196798
0.643207
0.138781
0.135483
0.662
0.266276
0.662
0.05673
0.662
0.00138535
0.335137
0.0757827
0.127044
0.360551
0.594141
0.662
0.662
0.662
0.662
0.662
0.192993
0.44892
0.185107
0.614578
0.193424
0.662
0.38368
0.409276
0.662
0.153461
0.508951
0.165119
0.1997
0.575773
0.309387
0.277805
0.214817
0.652903
0.469663
0.662
0.662
0.505192
0.534463
0.662
0.662
0.416675
0.662
0.122189
0.662
0.662
0.230851
0.44314
0.662
0.662
0.662
0.242998
0.00744244
0.402632
0.17697
0.178538
0.124318
0.040354
0.27281
0.662
0.304848
0.662
0.113824
0.662
0.330464
0.430811
0.662
0.0646791
0.310284
0.662
0.362559
0.662
0.662
0.662
0.662
0.075051
0.662
0.46669
0.4392
0.662
0.283085
0.0871571
0.662
0.662
0.180006
0.186256
0.662
0.496837
0.367398
0.0938424
0.150401
0.266239
0.229674
0.479571
0.662
0.445438
0.662
0.662
0.120072
0.662
0.662
0.231928
0.0676473
0.662
0.662
0.058665
0.662
0.178226
0.0731138
0.180277
0.662
0.354869
0.248875
0.185857
0.476676
0.354983
0.307879
0.315515
0.029657
0.434787
0.662
0.0882851
0.353121
0.662
0.201678
0.427288
0.137328
0.228569
0.299297
0.662
0.276567
0.662
0.188421
0.662
0.058435
0.638632
0.662
0.395678
0.44079
0.662
0.47706
0.662
0.337042
0.364548
0.120342
0.34109
0.274872
0.163263
0.254274
0.662
0.578112
0.662
0.420298
0.662
0.229081
0.47296
0.277486
0.629887
0.435685
0.245011
0.0583253
0.662
0.662
0.662
0.662
0.26368
0.0779246
0.473247
0.253947
0.118121
0.171941
0.203288
0.662
0.662
0.479043
0.643024
0.224918
0.448096
0.208037
0.662
0.662
0.358611
0.662
0.057309
0.239128
0.521879
0.190743
0.662
0.12485
0.662
0.662
0.662
0.371318
0.493031
0.662
0.531052
0.119284
0.355746
0.662
0.359441
0.421785
0.137747
0.662
0.381478
0.111918
0.289088
0.385446
0.0666858
0.315002
0.438547
0.415537
0.662
0.662
0.354758
0.208677
0.0101003
0.21423
0.0915428
0.662
0.186649
0.662
0.577122
0.662
0.295618
0.662
0.104829
0.192894
0.191039
0.524999
0.662
0.662
0.662
0.170181
0.662
0.0624944
0.288565
0.662
0.491777
0.220496
0.662
0.662
0.662
0.142368
0.190978
0.0317678
0.20389
0.662
0.431082
0.662
0.662
0.662
0.0826818
0.0565854
0.390714
0.290911
0.662
0.10591
0.256458
0.383446
0.108415
0.341375
0.348821
0.00134066
0.662
0.0788525
0.346156
0.662
0.271401
0.294344
0.331253
0.44325
0.662
0.662
0.188316
0.29241
0.288416
0.428776
0.662
0.369966
0.179012
0.499001
0.0279703
0.201415
0.150133
0.662
0.186794
0.662
0.662
0.662
0.513753
0.662
0.206055
0.662
0.392224
0.0888448
0.491788
0.21182
0.662
0.519991
0.662
0.662
0.501133
0.174351
0.662
0.618766
0.228941
0.657037
0.205368
0.662
0.10953
0.184232
0.203128
0.318143
0.497649
0.174227
0.363507
0.0229731
0.290209
0.250097
0.662
0.662
0.662
0.662
0.628765
0.662
0.662
0.286415
0.0834558
0.209776
0.662
0.109549
0.662
0.226561
0.662
0.662
0.385828
0.472172
0.0495948
0.00631207
0.184105
0.326371
0.355646
0.229813
0.662
0.197002
0.662
0.226774
0.639741
0.662
0.0946181
0.662
0.662
0.662
0.42219
0.662
0.624734
0.662
0.438731
0.662
0.662
0.238763
0.156949
0.19144
0.662
0.514866
0.420461
0.662
0.117649
0.338932
0.0303018
0.162467
0.662
0.537828
0.662
0.662
0.168599
0.187409
0.662
0.662
0.662
0.403274
0.220182
0.336327
0.491585
0.662
0.549053
0.279312
0.428014
0.184841
0.137741
0.224384
0.0840493
0.629595
0.211095
0.494851
0.662
0.662
0.662
0.662
0.130424
0.281003
0.662
0.662
0.200374
0.191662
0.662
0.246011
0.385481
0.160588
0.439064
0.662
0.127935
0.629406
0.662
0.336577
0.52456
0.662
0.619745
0.185257
0.662
0.662
0.662
0.662
0.662
0.336193
0.395581
0.662
0.350279
0.116253
0.100775
0.333515
0.579568
0.352805
0.187419
0.313811
0.304753
0.662
0.662
0.662
0.230425
0.120416
0.0217418
0.21371
0.662
0.435285
0.662
0.499619
0.0982289
0.462842
0.053205
0.662
0.662
0.328511
0.346785
0.181537
0.662
0.194965
0.238493
0.424528
0.586181
0.662
0.505829
0.662
0.622085
0.662
0.344488
0.119029
0.192318
0.40573
0.378801
0.662
0.662
0.662
0.662
0.382857
0.0256452
0.309433
0.662
0.153881
0.03358
0.662
0.079338
0.238986
0.255089
0.372191
0.192028
0.662
0.223971
0.299389
0.424947
0.662
0.662
0.168939
0.662
0.662
0.559984
0.0507139
0.399166
0.662
0.603228
0.212356
0.662
0.322297
0.662
0.662
0.494547
0.088692
0.662
0.275771
0.662
0.192503
0.435804
0.456964
0.380568
0.468828
0.575854
0.347983
0.553383
0.378186
0.340165
0.662
0.364572
0.662
0.662
0.234484
0.390933
0.292028
0.225448
0.662
0.662
0.662
0.14827
0.337143
0.51046
0.439859
0.662
0.0224024
0.110235
0.662
0.0353122
0.3598
0.287483
0.357305
0.403368
0.082922
0.247576
0.625337
0.0939318
0.0122451
0.662
0.392277
0.49889
0.36346
0.023057
0.662
0.616888
0.662
0.34211
0.167148
0.131281
0.183413
0.0528488
0.277444
0.662
0.0797853
0.236652
0.662
0.208033
0.312564
0.465586
0.488005
0.0442007
0.287907
0.234215
0.662
0.662
0.662
0.662
0.49695
0.596225
0.269541
0.662
0.0886856
0.501721
0.328944
0.201025
0.662
0.401816
0.662
0.662
0.252799
0.293036
0.0971707
0.662
0.270324
0.662
0.0496004
0.0933636
0.662
0.228359
0.198344
0.662
0.662
0.0938685
0.444501
0.662
0.398337
0.0882513
0.660933
0.0182716
0.662
0.448481
0.662
0.413302
0.160338
0.165819
0.0798059
0.167691
0.662
0.662
0.0947931
0.23824
0.662
0.662
0.0251845
0.408876
0.662
0.662
0.662
0.662
0.662
0.452502
0.24262
0.469887
0.662
0.186093
0.0988667
0.662
0.135261
0.662
0.113994
0.199636
0.662
0.457522
0.0490026
