0.662
0.191055
0.314844
0.609443
0.662
0.115231
0.0562287
0.662
0.662
0.662
0.662
0.662
0.662
0.208956
0.16756
0.662
0.237846
0.42377
0.388865
0.0433646
0.118248
0.133576
0.464051
0.395835
0.662
0.662
0.662
0.662
0.662
0.662
0.662
0.662
0.662
0.662
0.0270539
0.162484
0.266375
0.662
0.662
0.662
0.662
0.201025
0.600707
0.308773
0.0532134
0.277407
0.203918
0.662
0.662
0.0425556
0.662
0.274626
0.0381686
0.662
0.662
0.662
0.346894
0.361226
0.232146
0.662
0.222178
0.0970984
0.0639585
0.192958
0.194509
0.20971
0.461837
0.551859
0.137714
0.213148
0.662
0.584448
0.662
0.233548
0.389036
0.662
0.662
0.618487
0.662
0.662
0.662
0.348406
0.22272
0.40597
0.40777
0.662
0.10329
0.301137
0.350093
0.312246
0.662
0.179472
0.277823
0.662
0.662
0.662
0.662
0.631398
0.203654
0.662
0.0880779
0.170877
0.662
0.662
0.662
0.35829
0.337464
0.430302
0.662
0.662
0.0186662
0.662
0.0360981
0.662
0.437687
0.656014
0.188421
0.662
0.150815
0.662
0.27281
0.568765
0.196941
0.662
0.617175
0.305018
0.208737
0.327883
0.528152
0.456789
0.662
0.0202641
0.662
0.196883
0.662
0.469661
0.394892
0.00604369
0.558049
0.422805
0.662
0.560983
0.356711
0.662
0.662
0.642382
0.520406
0.0284802
0.388642
0.662
0.436895
0.391689
0.126569
0.662
0.662
0.281845
0.190939
0.283388
0.348549
0.472105
0.107954
0.372254
0.662
0.662
0.606709
0.662
0.135261
0.0788348
0.662
0.0115534
0.662
0.469057
0.662
0.549314
0.244253
0.0131538
0.193412
0.662
0.364989
0.662
0.521879
0.292658
0.443677
0.465306
0.415705
0.482867
0.382925
0.662
0.245599
0.662
0.662
0.201119
0.662
0.210084
0.662
0.662
0.561228
0.224153
0.356692
0.274019
0.374029
0.237804
0.476607
0.662
0.319099
0.287891
0.662
0.644801
0.308422
0.662
0.422283
0.662
0.280716
0.288852
0.100589
0.662
0.662
0.662
0.141113
0.313651
0.662
0.36137
0.216669
0.0396389
0.250972
0.262847
0.662
0.0668908
0.240427
0.662
0.662
0.0873204
0.223624
0.421221
0.662
0.126628
0.662
0.354546
0.363807
0.662
0.662
0.662
0.662
0.652652
0.662
0.281594
0.56952
0.662
0.0660672
0.662
0.448334
0.662
0.662
0.662
0.26178
0.614647
0.0912001
0.662
0.0815309
0.662
0.0326116
0.00198872
0.421267
0.22436
0.281155
0.199695
0.266343
0.225706
0.197474
0.423818
0.234693
0.0713097
0.398822
0.310765
0.662
0.662
0.233886
0.376319
0.662
0.412563
0.661374
0.483206
0.19164
0.662
0.662
0.0119818
0.601509
0.410523
0.662
0.662
0.662
0.0820396
0.35185
0.177305
0.662
0.574546
0.662
0.464046
0.622736
0.662
0.662
0.628862
0.433516
0.556507
0.202038
0.662
0.0315034
0.123148
0.662
0.662
0.662
0.209776
0.0345267
0.662
0.662
0.662
0.653928
0.197002
0.252712
0.662
0.662
0.0742311
0.662
0.662
0.355169
0.0335055
0.558601
0.662
0.293835
0.147368
0.123067
0.189851
0.0591354
0.662
0.355189
0.662
0.535934
0.662
0.1432
0.545975
0.475439
0.279133
0.662
0.662
0.662
0.319965
0.662
0.324243
0.662
0.543806
0.545414
0.662
0.117031
0.137962
0.29474
0.662
0.662
0.121515
0.662
0.308353
0.662
0.245407
0.662
0.662
0.644135
0.273302
0.662
0.662
0.204671
0.662
0.662
0.662
0.438327
0.256595
0.580616
0.0939863
0.135816
0.072546
0.440343
0.662
0.662
0.243576
0.302037
0.662
0.413676
0.170148
0.662
0.662
0.269263
0.0725829
0.0924174
0.662
0.425545
0.297315
0.185023
0.57027
0.0324595
0.638944
0.169843
0.191152
0.0424604
0.662
0.231621
0.461789
0.497149
0.662
0.490173
0.366842
0.440688
0.662
0.662
0.662
0.565262
0.662
0.22562
0.194965
0.197813
0.542652
0.50325
0.662
0.662
0.662
0.641549
0.249236
0.0564865
0.0496624
0.662
0.440325
0.59456
0.445602
0.662
0.191309
0.662
0.303828
0.360103
0.662
0.0463897
0.662
0.364594
0.315483
0.662
0.587114
0.624007
0.60653
0.629133
0.662
0.662
0.0986885
0.137587
0.0508605
0.662
0.662
0.152184
0.662
0.311877
0.612813
0.159405
0.215528
0.585486
0.408232
0.662
