0.662
0.16303
0.469421
0.284309
0.125996
0.662
0.187236
0.0807588
0.662
0.152261
0.079839
0.662
0.215672
0.202332
0.295541
0.554219
0.662
0.206987
0.243647
0.120311
0.432369
0.171336
0.374793
0.367154
0.114462
0.318059
0.662
0.662
0.228259
0.662
0.188953
0.330634
0.662
0.470136
0.0248306
0.291377
0.662
0.662
0.662
0.662
0.36506
0.10309
0.0550248
0.188111
0.155981
0.662
0.28818
0.19295
0.662
0.662
0.662
0.662
0.662
0.102936
0.211597
0.662
0.0281771
0.662
0.287915
0.442858
0.662
0.134537
0.662
0.662
0.181796
0.662
0.187344
0.303569
0.302712
0.662
0.410751
0.662
0.539109
0.243442
0.662
0.662
0.662
0.494785
0.662
0.662
0.662
0.662
0.662
0.662
0.662
0.282608
0.514621
0.443261
0.247637
0.662
0.362689
0.0541658
0.163147
0.662
0.245011
0.662
0.344084
0.0774176
0.0742515
0.504787
0.662
0.662
0.382937
0.0221615
0.662
0.0948553
0.495503
0.213517
0.504848
0.359984
0.558704
0.662
0.662
0.391937
0.662
0.639132
0.0567663
0.662
0.457576
0.11894
0.298366
0.114905
0.0441271
0.397889
0.662
0.413026
0.195624
0.203474
0.159614
0.662
0.662
0.256286
0.215001
0.662
0.581046
0.159876
0.471365
0.259349
0.403301
0.203279
0.246417
0.336199
0.225817
0.662
0.662
0.662
0.196935
0.224694
0.662
0.104579
0.473481
0.0804356
0.315589
0.113823
0.662
0.112135
0.662
0.662
0.401209
0.662
0.382595
0.455588
0.662
0.0170469
0.662
0.662
0.615553
0.103598
0.662
0.662
0.662
0.193538
0.662
0.662
0.190972
0.2605
0.662
0.353698
0.545693
0.653992
0.662
0.000246681
0.219296
0.183384
0.536101
0.446459
0.662
0.662
0.274429
0.286902
0.662
0.662
0.662
0.182946
0.127325
0.201684
0.662
0.662
0.662
0.0939103
0.165121
0.33787
0.153039
0.0919774
0.662
0.283842
0.065544
0.662
0.662
0.662
0.662
0.662
0.268601
0.662
0.32398
0.0537233
0.419407
0.411583
0.662
0.448511
0.0797593
0.662
0.344854
0.191008
0.475596
0.352813
0.662
0.386453
0.0984752
0.244869
0.212632
0.0727954
0.180963
0.662
0.331383
0.662
0.662
0.112003
0.662
0.662
0.597038
0.662
0.130269
0.237083
0.205949
0.192174
0.112038
0.662
0.431928
0.167162
0.662
0.194094
0.271835
0.381799
0.252212
0.250062
0.274849
0.662
0.662
0.047776
0.0324575
0.480462
0.662
0.636111
0.662
0.662
0.584569
0.0721132
0.156957
0.00424774
0.399432
0.662
0.524168
0.157727
0.207111
0.662
0.280351
0.167397
0.662
0.39694
0.108023
0.191181
0.662
0.662
0.662
0.662
0.662
0.165304
0.662
0.662
0.662
0.245524
0.0343363
0.662
0.213043
0.405691
0.61261
0.0790081
0.662
0.209462
0.202317
0.500918
0.341064
0.40833
0.662
0.662
0.104324
0.662
0.601761
0.511348
0.662
0.662
0.28745
0.662
0.662
0.124137
0.571248
0.662
0.662
0.346891
0.388032
0.662
0.400814
0.0875379
0.662
0.662
0.662
0.164903
0.662
0.166914
0.662
0.430787
0.263211
0.417415
0.210687
0.045478
0.662
0.662
0.662
0.243593
0.662
0.0509443
0.377018
0.387834
0.662
0.662
0.248404
0.662
0.289383
0.662
0.246879
0.548533
0.516263
0.450541
0.168414
0.662
0.662
0.662
0.0657807
0.179146
0.662
0.662
0.662
0.662
0.197305
0.210843
0.495453
0.662
0.662
0.43491
0.230407
0.47132
0.059943
0.662
0.121625
0.0575423
0.303047
0.44563
0.280158
0.519717
0.662
0.281077
0.277818
0.662
0.392708
0.255762
0.168849
0.662
0.662
0.365767
0.662
0.240837
0.662
0.662
0.662
0.423585
0.0723402
0.215442
0.662
0.662
0.421605
0.662
0.182378
0.227927
0.662
0.0557234
0.335307
0.372699
0.662
0.361994
0.179721
0.662
0.265123
0.37633
0.204811
0.174595
0.436621
0.196166
0.184768
0.288287
0.662
0.662
0.310304
0.118856
0.440196
0.662
0.245266
0.167618
0.662
0.416734
0.662
0.662
0.332223
0.34818
0.467252
0.363058
0.309532
0.389114
0.662
0.358122
0.662
0.662
0.0805881
0.662
0.662
0.496902
0.662
0.662
0.662
0.26836
0.0744558
0.364893
0.662
0.662
0.662
0.662
0.379281
0.662
0.662
0.662
0.662
0.662
0.207085
0.222671
0.662
0.662
0.448941
0.662
0.192355
0.662
0.0161006
0.567606
0.25586
0.0999903
0.0120713
0.393618
0.00537188
0.318859
0.209822
0.662
0.435594
0.147665
0.449273
0.662
0.352747
0.362777
0.662
0.0994704
0.191783
0.207571
0.533421
0.662
0.662
0.662
0.662
0.222887
0.0915815
0.233749
0.662
0.662
0.130306
0.662
0.39879
0.662
0.662
0.212339
0.523408
0.662
0.402884
0.187093
0.127605
0.662
0.212161
0.662
0.662
0.662
0.454355
0.0291815
0.662
0.662
0.51995
0.317638
0.662
0.329876
0.662
0.246264
0.63339
0.0043301
0.662
0.111161
0.662
0.662
0.589883
0.172155
0.230675
0.662
0.350639
0.662
0.429641
0.0319123
0.662
0.662
0.451194
0.227509
0.662
0.5253
0.662
0.147926
0.465157
0.189381
0.662
0.662
0.646388
0.662
0.49969
0.223522
0.662
0.152392
0.199478
0.138935
0.662
0.153327
0.662
0.276033
0.310079
0.311408
0.662
0.409333
0.446645
0.234966
0.07769
0.285603
0.213769
0.662
0.356471
0.662
0.0442303
0.662
0.352023
0.181401
0.042223
0.254531
0.662
0.225392
0.662
0.185123
0.0971295
0.419052
0.662
0.328875
0.346514
0.662
0.161123
0.316423
0.412734
0.292484
0.662
0.0514803
0.220135
0.450834
0.502265
0.207423
0.156916
0.167408
0.577755
0.662
0.662
0.130309
0.662
0.275115
0.283404
0.100445
0.184666
0.413573
0.135349
0.318301
0.453511
0.329061
0.12084
0.662
0.0856442
0.111781
0.662
0.658734
0.14055
0.662
0.662
0.209728
0.662
0.662
0.662
0.477923
0.662
0.0818114
0.662
0.258404
0.142275
0.22432
0.662
0.604189
0.61995
0.662
0.662
0.199726
0.0767226
0.662
0.326917
0.662
0.109433
0.192657
0.0469936
0.36231
0.662
0.662
0.662
0.527288
0.662
0.258415
0.452017
0.0358841
0.392012
0.662
0.662
0.333117
0.266091
0.649546
0.445096
0.0667328
0.209841
0.305496
0.662
0.662
0.512389
0.380502
0.331916
0.472968
0.0138263
0.331669
0.599452
0.219039
0.662
0.611332
0.244631
0.01012
0.156299
0.412314
0.239687
0.0779338
0.662
0.258176
0.267522
0.320587
0.274352
0.316322
0.662
0.52761
0.129852
0.662
0.662
0.0778771
0.0395203
0.455313
0.662
0.409805
0.198879
0.138519
0.662
0.166446
0.263983
0.429975
0.32962
0.478431
0.147397
0.079563
0.290908
0.662
0.159582
0.301035
0.662
0.220772
0.453583
0.662
0.216994
0.662
0.147675
0.0534317
0.218031
0.23833
0.662
0.134005
0.210519
0.662
0.662
0.504525
0.570856
0.214669
0.329372
0.662
0.0463884
0.662
0.0964551
0.662
0.224768
0.0777282
0.662
0.662
0.00935597
0.263126
0.401073
0.332723
0.662
0.662
0.466962
0.414627
0.662
0.662
0.662
0.59077
0.168406
0.662
0.662
0.243749
0.662
0.662
0.472192
0.606077
0.662
0.383808
0.662
0.662
0.662
0.662
0.662
0.297737
0.464393
0.326071
0.441326
0.399958
0.662
0.202548
0.662
0.0117798
0.23642
0.662
0.205496
0.311264
0.31161
0.607507
0.469593
0.662
0.499927
0.662
0.0824067
0.662
0.464988
0.662
0.662
0.662
0.662
0.270826
0.270797
0.347223
0.557444
0.662
0.336937
0.662
0.488816
0.213962
0.412951
0.232116
0.662
0.486497
0.244822
0.662
0.30136
0.318685
0.292072
0.0268572
0.25942
0.139218
0.28772
0.662
0.193751
0.41625
0.240058
0.228337
0.662
0.312243
0.228699
0.662
0.662
0.368272
0.353488
0.662
0.269167
0.0350853
0.662
0.445481
0.284497
0.662
0.451344
0.458856
0.0303631
0.0827842
0.662
0.415217
0.423329
0.141552
0.662
0.222506
0.205893
0.662
0.334219
0.0350063
0.00450106
0.662
0.202772
0.143012
0.643672
0.426437
0.176021
0.0261885
0.222508
0.662
0.359094
0.662
0.662
0.352829
0.662
0.662
0.662
0.176153
0.34519
0.467767
0.41699
0.0120379
0.0190698
0.662
0.362742
0.243481
0.0310174
0.118906
0.4261
0.33145
0.662
0.320238
0.24669
0.272079
0.169093
0.13615
0.358028
0.271788
0.454934
0.260888
0.662
0.0249932
0.662
0.359083
0.17464
0.19933
0.662
0.662
0.662
0.662
0.662
0.130973
0.356464
0.662
0.138612
0.0759908
0.662
0.0132374
0.662
0.273563
0.662
0.662
0.567518
0.371508
0.262485
0.662
0.528847
0.662
0.485346
0.662
0.626057
0.204774
0.210176
0.333078
0.661142
0.453187
0.662
0.411567
0.662
0.0808582
0.19111
0.565705
0.065438
0.295073
0.662
0.662
0.20791
0.662
0.316085
0.0485589
0.266814
0.662
0.662
0.662
0.201139
0.662
0.199854
0.20946
0.318167
0.163273
0.662
0.101008
0.662
0.189517
0.662
0.330123
0.23054
0.449173
0.662
0.662
0.238113
0.273834
0.116619
0.196478
0.445403
0.662
0.0817517
0.5985
0.662
0.376628
0.662
0.188723
0.602015
0.330333
0.662
0.662
0.225654
0.558208
0.662
0.662
0.439572
0.662
0.435733
0.2198
0.131422
0.198615
0.662
0.383381
0.444981
0.146287
0.662
0.0685116
0.0838761
0.662
0.662
0.662
0.662
0.2138
0.0224829
0.662
0.662
0.170781
0.662
0.653103
0.662
0.662
0.323798
0.662
0.312746
0.28207
0.640603
0.42966
0.662
0.448547
0.444579
0.19016
0.662
0.558029
0.662
0.457586
0.662
0.500895
0.662
0.662
0.662
0.130971
0.662
0.29981
0.662
0.662
0.598
0.395436
0.662
0.662
0.112024
0.662
0.662
0.123696
0.662
0.568007
0.185528
0.102466
0.451612
0.662
0.662
0.402874
0.472348
0.0277782
0.288546
0.662
0.100479
0.193558
0.129675
0.662
0.662
0.0195976
0.215126
0.348793
0.602053
0.127483
0.173033
0.416587
0.662
0.372957
0.581199
0.224334
0.210869
0.166768
0.662
0.195654
0.662
0.0682761
0.662
0.524221
0.662
0.662
0.122348
0.499841
0.270129
0.662
0.662
0.136944
0.389354
0.662
0.662
0.285936
0.662
0.662
0.662
0.132842
0.64387
0.510997
0.158152
0.662
0.662
0.662
0.566391
0.232279
0.111829
0.662
0.339172
0.0174342
0.507912
0.317894
0.662
0.662
0.172338
0.662
0.29953
0.314497
0.233894
0.240994
0.328095
0.662
0.198601
0.662
0.150842
0.662
0.662
0.458809
0.662
0.662
0.29341
0.305113
0.34515
0.292091
0.0619665
0.131652
0.233525
0.662
0.0947695
0.662
0.327212
0.0664804
0.237421
0.578665
0.375665
0.219691
0.02983
0.662
0.662
0.192989
0.361757
0.0850617
0.434799
0.265575
0.034931
0.217547
0.662
0.0717794
0.662
0.428744
0.662
0.662
0.329752
0.25073
0.662
0.0559205
0.342475
0.662
0.257391
0.662
0.662
0.662
0.662
0.662
0.292221
0.662
0.662
0.033626
0.0142764
0.258562
0.662
0.328068
0.55317
0.662
0.662
0.662
0.151865
0.130378
0.4608
0.662
0.223434
0.32373
0.337942
0.662
0.366274
0.662
0.662
0.283708
0.662
0.573812
0.331524
0.158593
0.0243184
0.533874
0.662
0.662
0.0343652
0.0476106
0.662
0.561689
0.662
0.437866
0.272227
0.662
0.301912
0.32791
0.662
0.662
0.462514
0.155148
0.662
0.147357
0.443054
0.19496
0.662
0.0656264
0.662
0.662
0.367002
0.662
0.20266
0.0590365
0.340547
0.662
0.662
0.612076
0.662
0.662
0.662
0.292786
0.662
0.293107
0.0171821
0.0636349
0.662
0.662
0.313681
0.631898
0.293006
0.662
0.188714
0.225533
0.212551
0.31908
0.157022
0.392115
0.248008
0.31727
0.662
0.199558
0.507779
0.407487
0.662
0.434704
0.202955
0.419051
0.0210638
0.0966575
0.00667484
0.030453
0.175325
0.662
0.296488
0.65798
0.662
0.19451
0.662
0.662
0.662
0.662
0.662
0.662
0.227076
0.262173
0.465655
0.662
0.662
0.405424
0.662
0.0375638
0.662
0.428745
0.39563
0.662
0.662
0.197737
0.0493176
0.248479
0.254239
0.142957
0.662
0.276995
0.662
0.662
0.662
0.662
0.404383
0.662
0.432728
0.662
0.355791
0.344369
0.662
0.662
0.271305
0.0515247
0.16466
0.204452
0.37308
0.662
0.662
0.662
0.662
0.468105
0.662
0.662
0.490522
0.0279828
0.0753834
0.289837
0.662
0.662
0.662
0.662
0.522833
0.662
0.402713
0.39207
0.365632
0.65767
0.662
0.166333
0.285852
0.662
0.662
0.354829
0.28577
0.662
0.489401
0.662
0.662
0.549068
0.320327
0.662
0.0456501
0.662
0.203981
0.141129
0.662
0.606687
0.662
0.0187706
0.662
0.0592354
0.383776
0.284846
0.233303
0.662
0.662
0.662
0.656925
0.444371
0.0986105
0.662
0.662
0.662
0.457175
0.143118
0.662
0.662
0.0336006
0.662
0.210883
0.662
0.662
0.393831
0.662
0.173858
0.156282
0.454416
0.662
0.662
0.662
0.662
0.514691
0.662
0.316343
0.346261
0.193899
0.386639
0.662
0.202132
0.662
0.163255
0.662
0.662
0.182017
0.662
0.662
0.257533
0.589378
0.662
0.662
0.414098
0.662
0.147348
0.452877
0.23542
0.514736
0.268162
0.246802
0.662
0.662
0.662
0.216671
0.267002
0.400806
0.662
0.662
0.214898
0.221298
0.244847
0.438708
0.662
0.203906
0.470485
0.301322
0.591466
0.172845
0.384694
0.409376
0.236655
0.662
0.0837376
0.344947
0.177989
0.450362
0.647542
0.409259
0.560369
0.351146
0.126769
0.533525
0.213347
0.662
0.662
0.248205
0.273266
0.285676
0.662
0.662
0.0648422
0.662
0.0843819
0.662
0.29216
0.409554
0.662
0.115879
0.662
0.227982
0.662
0.427077
0.662
0.298715
0.662
0.115224
0.425082
0.266643
0.662
0.225099
0.662
0.380138
0.461805
0.288872
0.364105
0.137113
0.341908
0.248731
0.470996
0.251688
0.662
0.153769
0.468353
0.662
0.662
0.0489471
0.628064
0.431538
0.108766
0.053379
0.662
0.662
0.191682
0.200579
0.293795
0.662
0.129775
0.183394
0.00407037
0.16302
0.244325
0.311694
0.0843459
0.543472
0.662
0.578646
0.186596
0.662
0.662
0.212253
0.344837
0.048437
0.662
0.662
0.207438
0.349164
0.662
0.332516
0.662
0.662
0.208425
0.662
0.662
0.642468
0.433863
0.178263
0.40248
0.662
0.167046
0.662
0.100268
0.662
0.275952
0.17561
0.247073
0.251906
0.110056
0.309139
0.662
0.212652
0.185896
0.474505
0.173698
0.316013
0.189169
0.662
0.0708673
0.174343
0.662
0.662
0.662
0.662
0.309276
0.264841
0.340253
0.164989
0.443987
0.662
0.577004
0.662
0.30269
0.249373
0.164262
0.662
0.662
0.662
0.662
0.662
0.662
0.196295
0.253686
0.662
0.145872
0.131345
0.300741
0.438137
0.425141
0.662
0.434979
0.662
0.216965
0.04185
0.300266
0.662
0.123572
0.662
0.662
0.1217
0.25298
0.662
0.0180581
0.504652
0.662
0.163653
0.662
0.237964
0.662
0.129377
0.461956
0.147829
0.662
0.124618
0.662
0.662
0.662
0.12284
0.160498
0.173868
0.428276
0.115002
0.472571
0.459767
0.555324
0.312176
0.179066
0.662
0.423968
0.201687
0.24072
0.486621
0.662
0.229633
0.478397
0.662
0.662
0.0577506
0.662
0.52442
0.0824691
0.662
0.0739605
0.662
0.437615
0.0767341
0.662
0.222503
0.662
0.0361241
0.662
0.208163
0.446478
0.662
0.446397
0.662
0.183
0.662
0.516988
0.662
0.662
0.254765
0.352966
0.482016
0.033227
0.143571
0.36721
0.662
0.156044
0.29629
0.662
0.425764
0.297326
0.277125
0.205265
0.0727223
0.662
0.364694
0.385373
0.121805
0.442162
0.662
0.662
0.232075
0.662
0.662
0.662
0.516697
0.178789
0.357611
0.222063
0.282565
0.662
0.312127
0.329856
0.658556
0.416803
0.185944
0.662
0.603305
0.662
0.417411
0.418173
0.409186
0.126514
0.662
0.0111511
0.483613
0.662
0.662
0.662
0.349125
0.39227
0.182761
0.662
0.112747
0.114217
0.133279
0.365149
0.222731
0.412275
0.418326
0.250327
0.325837
0.316776
0.470708
0.268618
0.220344
0.0622279
0.276119
0.206252
0.662
0.662
0.120949
0.469667
0.020728
0.662
0.662
0.216637
0.0231232
0.530655
0.662
0.162656
0.0652154
0.460402
0.192266
0.14766
0.127315
0.662
0.662
0.210721
0.310137
0.662
0.662
0.662
0.662
0.0773215
0.349031
0.513327
0.662
0.379568
0.12935
0.224559
0.662
0.152219
0.44636
0.662
0.662
0.350357
0.0945117
0.406654
0.662
0.221579
0.0215778
0.461914
0.402209
0.309268
0.214233
0.662
0.662
0.662
0.662
0.662
0.662
0.168488
0.662
0.662
0.662
0.571181
0.662
0.195419
0.662
0.662
0.662
0.0216473
0.093098
0.662
0.540016
0.662
0.269988
0.33459
0.253299
0.662
0.662
0.662
0.586073
0.662
0.361127
0.108018
0.662
0.0191111
0.226749
0.157691
0.662
0.430371
0.45336
0.00916622
0.662
0.142523
0.662
0.247337
0.216209
0.662
0.216105
0.140079
0.307088
0.112369
0.449308
0.662
0.207822
0.662
0.275628
0.368817
0.662
0.662
0.662
0.319402
0.662
0.662
0.457511
0.662
0.662
0.662
0.170353
0.662
0.662
0.187928
0.662
0.302942
0.477672
0.000340998
0.399096
0.662
0.402253
0.662
0.29053
0.425118
0.224835
0.447483
0.662
0.662
0.368275
0.662
0.662
0.662
0.221351
0.205406
0.328664
0.662
0.662
0.245988
0.326918
0.267344
0.0163761
0.662
0.368251
0.662
0.314008
0.531853
0.145634
0.391631
0.662
0.0682483
0.662
0.268439
0.662
0.662
0.662
0.662
0.47243
0.662
0.662
0.0781741
0.14239
0.662
0.163893
0.24923
0.23256
0.049517
0.662
0.288861
0.662
0.662
0.662
0.630773
0.662
0.662
0.411685
0.471342
0.662
0.293061
0.662
0.345981
0.400316
0.196361
0.662
0.280786
0.223897
0.158471
0.392971
0.362695
0.465076
0.473929
0.13241
0.662
0.200498
0.644315
0.662
0.358277
0.662
0.460756
0.373339
0.628727
0.662
0.277392
0.0377561
0.190152
0.251944
0.662
0.662
0.662
0.440706
0.282427
0.337816
0.360647
0.662
0.471701
0.662
0.662
0.394088
0.662
0.178706
0.0368385
0.662
0.0361863
0.130092
0.219852
0.183475
0.662
0.244016
0.662
0.662
0.209827
0.471633
0.0630436
0.000661547
0.185238
0.662
0.662
0.657672
0.071321
0.662
0.214221
0.662
0.662
0.662
0.269315
0.662
0.584243
0.544117
0.662
0.662
0.662
0.446508
0.347729
0.0566459
0.0327234
0.662
0.307463
0.188232
0.24724
0.309848
0.292163
0.459082
0.316571
0.662
0.662
0.662
0.662
0.662
0.301478
0.00436235
0.662
0.322208
0.203284
0.662
0.180544
0.472864
0.0827687
0.662
0.437858
0.662
0.196534
0.576431
0.0562365
0.142039
0.662
0.15409
0.662
0.289499
0.662
0.114751
0.18589
0.662
0.140306
0.662
0.152146
0.662
0.662
0.662
0.176791
0.164402
0.662
0.662
0.544175
0.215437
0.662
0.0241488
0.251534
0.662
0.662
0.316162
0.662
0.354199
0.399646
0.607716
0.12673
0.339081
0.662
0.662
0.662
0.394789
0.210749
0.269201
0.168945
0.571787
0.662
0.0912208
0.198399
0.662
0.00351277
0.166918
0.662
0.436243
0.662
0.437217
0.430149
0.662
0.662
0.662
0.138099
0.376508
0.24781
0.662
0.662
0.662
0.662
0.0759098
0.662
0.423335
0.517678
0.662
0.662
0.662
0.0162007
0.261388
0.662
0.662
0.068806
0.119806
0.662
0.662
0.585575
0.168884
0.257234
0.145284
0.179192
0.662
0.463068
0.662
0.312892
0.662
0.255254
0.662
0.174849
0.662
0.223776
0.470589
0.439125
0.200673
0.662
0.662
0.356471
0.307167
0.164126
0.662
0.340922
0.470247
0.662
0.662
0.256963
0.256955
0.662
0.662
0.222543
0.33749
0.441876
0.662
0.662
0.430272
0.355112
0.380817
0.662
0.0104684
0.662
0.662
0.662
0.662
0.662
0.467348
0.000863852
0.216368
0.662
0.361584
0.662
0.129832
0.269259
0.508518
0.662
0.662
0.662
0.21936
0.662
0.477124
0.276366
0.0030008
0.662
0.091221
0.444959
0.488327
0.476025
0.39176
0.0845881
0.351513
0.166355
0.662
0.17063
0.662
0.662
0.00310174
0.0270078
0.238891
0.437133
0.277003
0.662
0.164363
0.612531
0.662
0.0229053
0.662
0.485149
0.455411
0.662
0.662
0.662
0.054377
0.159138
0.182032
0.662
0.440673
0.151367
0.662
0.174382
0.2072
0.29183
0.252253
0.662
0.662
0.0132396
0.662
0.662
0.570465
0.189484
0.662
0.104222
0.245155
0.662
0.401648
0.662
0.189304
0.317194
0.662
0.662
0.662
0.662
0.251741
0.135697
0.135402
0.662
0.103547
0.260685
0.460007
0.0799973
0.411782
0.374857
0.0485411
0.512501
0.572681
0.231322
0.662
0.423851
0.662
0.662
0.662
0.662
0.290206
0.364504
0.662
0.246599
0.662
0.47629
0.126672
0.662
0.448493
0.294732
0.294344
0.662
0.662
0.618598
0.662
0.662
0.662
0.259304
0.0524649
0.644899
0.662
0.662
0.310576
0.2619
0.662
0.0445865
0.409269
0.143716
0.662
0.146366
0.0991317
0.413699
0.662
0.596492
0.46738
0.201188
0.00299585
0.459244
0.232891
0.472387
0.51637
0.662
0.662
0.526658
0.430443
0.236572
0.230569
0.341664
0.32823
0.557201
0.125118
0.452166
0.662
0.440002
0.662
0.662
0.304079
0.261995
0.0185573
0.267297
0.662
0.183708
0.662
0.662
0.0976403
0.342921
0.662
0.662
0.662
0.662
0.336059
0.662
0.662
0.429253
0.662
0.662
0.501034
0.256825
0.443118
0.0728803
0.662
0.662
0.397926
0.662
0.315302
0.243221
0.156519
0.0801559
0.263466
0.554033
0.186424
0.662
0.662
0.270078
0.44312
0.204827
0.662
0.662
0.662
0.662
0.662
0.176243
0.114396
0.204106
0.217038
0.298154
0.662
0.662
0.662
0.662
0.0665867
0.401144
0.341532
0.318565
0.662
0.662
0.0391105
0.149532
0.662
0.662
0.662
0.409575
0.313305
0.662
0.662
0.0885317
0.61138
0.298384
0.0920821
0.256679
0.0524772
0.198594
0.662
0.234159
0.31971
0.0626055
0.322205
0.662
0.662
0.480804
0.662
0.662
0.276842
0.0432038
0.561639
0.168421
0.11921
0.426688
0.190856
0.259253
0.297304
0.512441
0.299372
0.662
0.0484355
0.662
0.662
0.533195
0.134604
0.20637
0.351731
0.136898
0.258131
0.662
0.296478
0.359537
0.195997
0.662
0.195838
0.662
0.188345
0.662
0.129588
0.57818
0.662
0.246184
0.662
0.662
0.662
0.269404
0.662
0.20316
0.402617
0.662
0.434915
0.326774
0.315883
0.662
0.470035
0.243286
0.228987
0.0452272
0.288107
0.0573964
0.251608
0.376318
0.662
0.662
0.400456
0.212613
0.264921
0.291868
0.31623
0.662
0.206207
0.662
0.0911112
0.662
0.602777
0.515534
0.662
0.42874
0.123635
0.454583
0.374532
0.131441
0.390141
0.19649
0.448063
0.662
0.225793
0.662
0.509254
0.662
0.150731
0.662
0.234807
0.233345
0.168058
0.206399
0.662
0.417887
0.662
0.209573
0.662
0.160359
0.662
0.468828
0.662
0.552235
0.662
0.662
0.662
0.0998704
0.662
0.545129
0.224302
0.662
0.662
0.662
0.204604
0.113558
0.0279483
0.216571
0.662
0.043687
0.662
0.0934783
0.662
0.662
0.128261
0.662
0.662
0.0750296
0.662
0.0669167
0.138338
0.382539
0.213972
0.301668
0.662
0.662
0.662
0.464071
0.662
0.662
0.292756
0.662
0.662
0.361949
0.662
0.662
0.431446
0.662
0.662
0.181039
0.662
0.0392192
0.424627
0.236029
0.323055
0.332156
0.103553
0.662
0.0387161
0.514432
0.662
0.375143
0.18007
0.662
0.386522
0.46825
0.263097
0.424993
0.0739118
0.290801
0.404069
0.232794
0.662
0.662
0.163127
0.228798
0.347382
0.662
0.251229
0.021789
0.650478
0.620198
0.192354
0.438715
0.662
0.223365
0.662
0.233296
0.439244
0.662
0.00362353
0.662
0.201831
0.662
0.0774988
0.446486
0.566476
0.437921
0.19232
0.662
0.662
0.662
0.662
0.662
0.662
0.113823
0.662
0.287738
0.385427
0.33755
0.662
0.662
0.577984
0.224432
0.403303
0.476142
0.0611946
0.662
0.252901
0.662
0.662
0.662
0.662
0.17465
0.60147
0.662
0.0300366
0.0216801
0.278467
0.497889
0.0597247
0.186864
0.662
0.199736
0.662
0.100796
0.396157
0.218659
0.334774
0.303481
0.292028
0.616267
0.0597859
0.662
0.386366
0.392391
0.662
0.662
0.175556
0.662
0.662
0.219645
0.619465
0.662
0.192528
0.397137
0.662
0.0580231
0.467652
0.645951
0.563458
0.279564
0.353746
0.662
0.56488
0.454649
0.43156
0.255154
0.395684
0.662
0.16183
0.662
0.662
0.412812
0.344571
0.278559
0.060142
0.65565
0.322245
0.470982
0.158894
0.218407
0.459846
0.662
0.450909
0.433264
0.338033
0.356537
0.441394
0.102665
0.658065
0.4217
0.337706
0.306544
0.347469
0.375988
0.179881
0.374474
0.418227
0.662
0.29815
0.11743
0.256425
0.381263
0.272892
0.662
0.348645
0.190316
0.662
0.662
0.395201
0.321562
0.662
0.351263
0.171533
0.202542
0.662
0.20539
0.371267
0.177778
0.662
0.363242
0.316041
0.20345
0.662
0.662
0.296093
0.662
0.328109
0.662
0.613189
0.360982
0.133304
0.232017
0.284732
0.662
0.662
0.630982
0.662
0.210588
0.662
0.352715
0.631602
0.662
0.20728
0.197232
0.662
0.180165
0.662
0.662
0.0209483
0.44372
0.662
0.662
0.478635
0.662
0.633694
0.510065
0.662
0.277996
0.33505
0.216658
0.662
0.662
0.662
0.281695
0.350035
0.425728
0.662
0.345532
0.320996
0.530296
0.662
0.139456
0.0856639
0.367513
0.344224
0.183853
0.0687524
0.662
0.662
0.662
0.662
0.179725
0.285849
0.662
0.229085
0.301572
0.46322
0.662
0.249266
0.294455
0.417075
0.233626
0.198185
0.553116
0.662
0.288881
0.0785223
0.170395
0.348258
0.297341
0.662
0.557127
0.390915
0.662
0.662
0.567962
0.662
0.338777
0.0304138
0.62764
0.196895
0.428338
0.427473
0.174372
0.63631
0.327178
0.662
0.00206605
0.662
0.145708
0.662
0.346178
0.662
0.122947
0.231624
0.662
0.662
0.000174695
0.0684601
0.394826
0.662
0.37558
0.662
0.339855
0.362973
0.662
0.233492
0.209277
0.28864
0.26872
0.0482735
0.662
0.261684
0.662
0.662
0.662
0.662
0.662
0.111652
0.662
0.467946
0.234561
0.662
0.279277
0.662
0.662
0.207314
0.268246
0.240606
0.269863
0.662
0.662
0.268733
0.578038
0.662
0.662
0.436609
0.320145
0.662
0.662
0.417677
0.662
0.383567
0.662
0.388948
0.662
0.242665
0.302178
0.662
0.317563
0.222892
0.140767
0.395101
0.0185727
0.270319
0.548423
0.662
0.372372
0.662
0.186916
0.0208418
0.197315
0.662
0.662
0.396971
0.478944
0.662
0.662
0.0344743
0.236076
0.46909
0.366779
0.662
0.298174
0.0778763
0.325407
0.460398
0.248527
0.662
0.662
0.662
0.662
0.662
0.662
0.271739
0.372137
0.414977
0.0416399
0.00935567
0.262114
0.227791
0.111073
0.356391
0.0944495
0.662
0.662
0.472393
0.0547742
0.304655
0.662
0.312706
0.662
0.540617
0.0339087
0.662
0.374137
0.662
0.662
0.408709
0.0694321
0.662
0.0371567
0.236027
0.379287
0.187442
0.662
0.662
0.662
0.357169
0.456013
0.662
0.0402192
0.638167
0.0976754
0.442537
0.588075
0.325298
0.191684
0.103295
0.662
0.347572
0.224618
0.207241
0.314782
0.207018
0.662
0.662
0.479851
0.662
0.113452
0.4093
0.208485
0.0253785
0.190825
0.44892
0.429689
0.662
0.560148
0.472759
0.662
0.541067
0.441808
0.450124
0.141536
0.103404
0.31994
0.5902
0.0943075
0.662
0.662
0.662
0.336905
0.424826
0.662
0.662
0.341356
0.0373892
0.485518
0.662
0.662
0.155588
0.662
0.541717
0.214759
0.424603
0.662
0.662
0.662
0.263782
0.0907971
0.0127104
0.251763
0.190724
0.123229
0.662
0.662
0.180153
0.662
0.662
0.388989
0.190912
0.29477
0.105485
0.662
0.662
0.662
0.165331
0.209668
0.662
0.662
0.0140328
0.0357906
0.000586531
0.581068
0.662
0.186889
0.18693
0.662
0.425027
0.371245
0.662
0.232856
0.0307783
0.197411
0.662
0.39132
0.662
0.299352
0.210255
0.206914
0.662
0.662
0.21619
0.574427
0.662
0.662
0.662
0.662
0.662
0.662
0.131474
0.662
0.292062
0.356684
0.662
0.45109
0.192576
0.662
0.662
0.165304
0.662
0.662
0.662
0.113089
0.178782
0.258164
0.205921
0.284932
0.662
0.191663
0.0265075
0.662
0.258807
0.662
0.662
0.476741
0.379577
0.662
0.208659
0.662
0.473466
0.22038
0.176947
0.662
0.662
0.662
0.662
0.662
0.662
0.662
0.304548
0.62897
0.167241
0.243744
0.0723667
0.312022
0.229841
0.243273
0.184692
0.425413
0.662
0.394318
0.00257632
0.313937
0.112279
0.2791
0.140849
0.221689
0.662
0.662
0.196818
0.451211
0.122067
0.662
0.335209
0.322995
0.25851
0.342736
0.517732
0.0285071
0.662
0.152463
0.0249171
0.662
0.462287
0.0794614
0.102625
0.22946
0.0285651
0.662
0.220092
0.33895
0.105772
0.248099
0.204332
0.662
0.463767
0.662
0.325849
0.662
0.451272
0.201728
0.253917
0.662
0.662
0.117518
0.278678
0.662
0.662
0.15301
0.195177
0.41528
0.438934
0.662
0.662
0.662
0.662
0.0326207
0.0750717
0.152565
0.14139
0.0115019
0.111438
0.566526
0.392126
0.662
0.662
0.181981
0.301425
0.662
0.539259
0.0572225
0.115608
0.189428
0.265901
0.662
0.5475
0.0542107
0.00753964
0.440539
0.0390548
0.104855
0.662
0.441403
0.505857
0.138325
0.662
0.476666
0.321364
0.662
0.662
0.614655
0.343502
0.221573
0.662
0.662
0.108331
0.254329
0.435141
0.662
0.477313
0.107982
0.325754
0.0441829
0.662
0.4937
0.385273
0.343051
0.662
0.662
0.269337
0.662
0.126403
0.383397
0.605084
0.438565
0.315171
0.1265
0.0913049
0.27379
0.441415
0.0560217
0.0445754
0.324699
0.0240731
0.662
0.570854
0.26135
0.395136
0.351707
0.166802
0.662
0.561759
0.341637
0.193594
0.662
0.0226166
0.0208501
0.550671
0.364714
0.449975
0.662
0.352515
0.242074
0.662
0.00533806
0.267339
0.37396
0.662
0.496801
0.0172344
0.362376
0.662
0.132627
0.236185
0.442156
0.456108
0.640226
0.662
0.662
0.066995
0.0882834
0.662
0.367172
0.33277
0.662
0.243093
0.244242
0.662
0.0709154
0.223342
0.238425
0.304195
0.662
0.662
0.662
0.469539
0.662
0.298195
0.341222
0.662
0.348854
0.662
0.599859
0.211632
0.662
0.662
0.662
0.474826
0.0776121
0.264474
0.126875
0.211333
0.220068
0.0709075
0.393054
0.662
0.400663
0.662
0.302602
0.201335
0.34334
0.662
0.168305
0.395248
0.662
0.264314
0.662
0.662
0.235546
0.662
0.662
0.662
0.451385
0.649967
0.329025
0.662
0.358056
0.0795065
0.662
0.662
0.662
0.662
0.51711
0.662
0.662
0.340856
0.662
0.662
0.662
0.662
0.476362
0.662
0.583193
0.662
0.203073
0.32398
0.0654569
0.484307
0.112088
0.186601
0.415457
0.130185
0.662
0.377692
0.662
0.662
0.331066
0.662
0.662
0.662
0.183931
0.0591109
0.662
0.662
0.110338
0.662
0.253449
0.202573
0.384164
0.140194
0.271341
0.204042
0.268272
0.333665
0.662
0.662
0.662
0.0601734
0.294032
0.216673
0.0148738
0.662
0.387793
0.662
0.259966
0.178204
0.662
0.662
0.662
0.0869773
0.60722
0.231847
0.662
0.477112
0.163582
0.27276
0.419538
0.300809
0.662
0.222721
0.662
0.662
0.662
0.662
0.397686
0.444023
0.172422
0.662
0.413003
0.662
0.662
0.129035
0.140423
0.213042
0.662
0.662
0.662
0.662
0.608478
0.662
0.662
0.662
0.662
0.15923
0.377907
0.662
0.201568
0.259679
0.0788462
0.662
0.231405
0.45188
0.269886
0.0677954
0.662
0.283351
0.662
0.340232
0.234941
0.115389
0.662
0.662
0.352667
0.36404
0.591672
0.25332
0.662
0.308318
0.662
0.173285
0.662
0.595558
0.662
0.141048
0.156647
0.139493
0.455104
0.662
0.15437
0.662
0.662
0.147235
0.662
0.45469
0.662
0.662
0.466768
0.224958
0.662
0.662
0.058597
0.662
0.235401
0.662
0.142531
0.662
0.249696
0.596281
0.662
0.662
0.662
0.2066
0.662
0.662
0.0634599
0.633576
0.662
0.183655
0.662
0.104964
0.151207
0.662
0.418067
0.406683
0.401332
0.198736
0.662
0.152825
0.161138
0.233359
0.662
0.662
0.662
0.279611
0.662
0.490236
0.412124
0.662
0.143964
0.662
0.135057
0.578757
0.662
0.236567
0.662
0.662
0.662
0.527793
0.263692
0.109317
0.662
0.327401
0.0142193
0.662
0.252796
0.224215
0.308172
0.662
0.662
0.486835
0.2064
0.662
0.338806
0.0116545
0.662
0.343869
0.662
0.662
0.662
0.237389
0.27041
0.0960563
0.662
0.662
0.25419
0.0472262
0.209181
0.204916
0.409085
0.184767
0.219007
0.0149766
0.293829
0.662
0.6117
0.226479
0.0697716
0.160384
0.485388
0.662
0.483225
0.662
0.41821
0.464687
0.662
0.315936
0.344937
0.658804
0.0873928
0.662
0.662
0.662
0.183276
0.312482
0.291198
0.662
0.0209646
0.108406
0.310558
0.662
0.662
0.662
0.370901
0.662
0.662
0.662
0.662
0.214806
0.324271
0.437108
0.164038
0.651695
0.118918
0.122291
0.045649
0.193718
0.662
0.278974
0.0237553
0.502381
0.662
0.074422
0.662
0.381715
0.17808
0.654815
0.254406
0.307869
0.292186
0.513631
0.223531
0.423418
0.662
0.104914
0.195993
0.0396113
0.420276
0.328452
0.662
0.471697
0.413441
0.662
0.662
0.18937
0.662
0.142712
0.54324
0.466863
0.233342
0.249318
0.34973
0.120347
0.202646
0.662
0.662
0.662
0.662
0.662
0.662
0.162349
0.410128
0.662
0.453751
0.662
0.662
0.428355
0.437075
0.662
0.662
0.0959086
0.274226
0.336596
0.530602
0.0545747
0.391965
0.0362696
0.662
0.410043
0.662
0.330993
0.662
0.662
0.086217
0.100875
0.662
0.357438
0.300481
0.0246057
0.139313
0.662
0.662
0.239893
0.313375
0.662
0.205123
0.388675
0.662
0.214125
0.38238
0.224581
0.441611
0.384393
0.394305
0.318568
0.0125378
0.519585
0.348608
0.402975
0.253872
0.411539
0.662
0.0188208
0.662
0.131117
0.338208
0.203018
0.662
0.662
0.662
0.385622
0.662
0.653762
0.106317
0.00882866
0.662
0.157559
0.662
0.662
0.662
0.222343
0.662
0.423219
0.346958
0.141124
0.662
0.141943
0.487177
0.354968
0.662
0.662
0.662
0.662
0.662
0.0656648
0.0334345
0.432414
0.386704
0.662
0.496867
0.102277
0.662
0.148185
0.662
0.662
0.611868
0.43299
0.236812
0.662
0.624215
0.662
0.148312
0.194548
0.115469
0.374639
0.662
0.438287
0.208905
0.175498
0.0980623
0.0787209
0.662
0.62556
0.425962
0.213699
0.0592547
0.27345
0.294345
0.662
0.662
0.427934
0.0493136
0.662
0.178919
0.110966
0.203578
0.662
0.475946
0.662
0.662
0.290201
0.206663
0.0610548
0.194991
0.662
0.662
0.444645
0.0716801
0.662
0.281581
0.430815
0.364038
0.161295
0.662
0.235531
0.407356
0.662
0.662
0.662
0.662
0.662
0.12083
0.301353
0.662
0.216629
0.129146
0.237261
0.662
0.0165727
0.662
0.405687
0.662
0.662
0.262058
0.548553
0.0750164
0.662
0.662
0.662
0.662
0.0876776
0.428673
0.662
0.127689
0.223408
0.662
0.232051
0.662
0.204631
0.320369
0.6105
0.607734
0.391059
0.0951976
0.220466
0.0468201
0.190664
0.662
0.530904
0.2839
0.331028
0.662
0.329556
0.662
0.662
0.254316
0.459469
0.447207
0.662
0.273218
0.662
0.662
0.206514
0.662
0.477173
0.211072
0.662
0.662
0.662
0.662
0.115514
0.397384
0.123326
0.155421
0.662
0.662
0.662
0.0204537
0.00888833
0.662
0.273923
0.662
0.292876
0.113898
0.662
0.501174
0.184331
0.662
0.00548452
0.18739
0.0419706
0.662
0.343533
0.662
0.662
0.266196
0.662
0.416736
0.662
0.410073
0.662
0.662
0.442936
0.106848
0.170251
0.0337527
0.662
0.662
0.662
0.114846
0.267075
0.605296
0.480503
0.662
0.662
0.662
0.113415
0.506543
0.662
0.267736
0.662
0.518007
0.127028
0.662
0.0776193
0.0217886
0.0258995
0.34963
0.106379
0.662
0.231061
0.662
0.662
0.161175
0.375819
0.191713
0.426524
0.662
0.662
0.540705
0.16913
0.662
0.168427
0.0331633
0.111331
0.662
0.429797
0.183067
0.169819
0.662
0.662
0.662
0.254864
0.0169082
0.662
0.662
0.28292
0.338519
0.0459333
0.240041
0.662
0.662
0.103277
0.0843541
0.286495
0.662
0.662
0.365389
0.638108
0.383452
0.662
0.170913
0.431388
0.662
0.469715
0.576642
0.662
0.470546
0.288846
0.116431
0.580171
0.163226
0.274194
0.423105
0.662
0.662
0.322696
0.662
0.520611
0.12449
0.195612
0.662
0.662
0.662
0.662
0.662
0.662
0.662
0.662
0.175797
0.583495
0.662
0.662
0.214765
0.440023
0.662
0.246359
0.662
0.662
0.478765
0.528825
0.470145
0.662
0.226315
0.662
0.340533
0.662
0.662
0.0471133
0.036563
0.513245
0.662
0.0492211
0.662
0.662
0.0165215
0.662
0.436673
0.346473
0.662
0.356728
0.34943
0.662
0.0939649
0.662
0.407061
0.662
0.662
0.565608
0.182988
0.234902
0.662
0.662
0.576996
0.018525
0.091851
0.499761
0.205012
0.633115
0.662
0.537601
0.662
0.662
0.0887264
0.662
0.459691
0.0720102
0.662
0.662
0.473409
0.662
0.162434
0.162995
0.187177
0.474355
0.335197
0.662
0.407077
0.441314
0.662
0.662
0.166534
0.662
0.662
0.662
0.662
0.662
0.662
0.662
0.662
0.107956
0.187262
0.662
0.441166
0.319817
0.662
0.505851
0.655614
0.0753763
0.662
0.468385
0.315487
0.477216
0.662
0.334708
0.386425
0.377052
0.213553
0.294643
0.27375
0.426943
0.662
0.29577
0.662
0.662
0.662
0.662
0.471134
0.275749
0.662
0.662
0.0135469
0.013211
0.133258
0.662
0.15898
0.248866
0.235665
0.323819
0.170789
0.438686
0.351073
0.528857
0.143896
0.662
0.436045
0.0108652
0.425419
0.662
0.338993
0.662
0.12319
0.662
0.662
0.662
0.662
0.662
0.285055
0.0467997
0.250345
0.662
0.400669
0.192882
0.381736
0.662
0.662
0.112425
0.662
0.615475
0.662
0.662
0.662
0.662
0.410001
0.662
0.147847
0.171441
0.452466
0.420322
0.136569
0.17884
0.202697
0.662
0.460829
0.453176
0.27404
0.662
0.662
0.662
0.592844
0.447251
0.260137
0.290355
0.304454
0.332747
0.662
0.662
0.132287
0.662
0.150884
0.662
0.586293
0.154222
0.29018
0.36312
0.662
0.321146
0.327499
0.262876
0.0832311
0.662
0.376127
0.662
0.662
0.662
0.0868235
0.662
0.238621
0.221834
0.0954969
0.20722
0.662
0.153561
0.662
0.662
0.289162
0.283565
0.662
0.0784485
0.662
0.539694
0.662
0.662
0.662
0.662
0.160913
0.662
0.662
0.662
0.198381
0.275255
0.662
0.101015
0.662
0.0669373
0.662
0.662
0.424944
0.325896
0.107395
0.405673
0.662
0.50957
0.173777
0.424383
0.662
0.662
0.662
0.662
0.282621
0.553346
0.151585
0.458317
0.313054
0.415555
0.662
0.662
0.378652
0.662
0.662
0.662
0.325284
0.11708
0.148466
0.150207
0.455104
0.133473
0.348266
0.215043
0.126243
0.363809
0.662
0.662
0.662
0.662
0.662
0.662
0.463577
0.522411
0.435964
0.662
0.424178
0.179402
0.0705486
0.388902
0.04203
0.662
0.0865618
0.662
0.537598
0.662
0.191387
0.662
0.662
0.654192
0.018309
0.662
0.341873
0.662
0.441264
0.662
0.250386
0.662
0.662
0.285886
0.460113
0.287476
0.662
0.662
0.0303278
0.546184
0.436993
0.59359
0.662
0.662
0.662
0.0543475
0.116448
0.662
0.662
0.662
0.306962
0.110542
0.662
0.402815
0.662
0.662
0.662
0.265226
0.336353
0.662
0.390114
0.662
0.162088
0.662
0.654737
0.662
0.0897627
0.0247237
0.026623
0.662
0.233926
0.0932209
0.11607
0.359713
0.250888
0.662
0.169695
0.662
0.193778
0.000746354
0.18527
0.133992
0.662
0.662
0.218105
0.662
0.447733
0.184863
0.662
0.0878859
0.34994
0.662
0.662
0.0960641
0.545466
0.168496
0.196838
0.0749526
0.662
0.317533
0.348826
0.662
0.662
0.662
0.662
0.141151
0.339713
0.662
0.318863
0.245846
0.164374
0.180449
0.305772
0.214036
0.219238
0.662
0.662
0.322264
0.339918
0.0748846
0.467635
0.662
0.196738
0.277054
0.0607266
0.662
0.497119
0.42454
0.21395
0.193986
0.0452309
0.122874
0.662
0.354649
0.662
0.122691
0.662
0.410082
0.662
0.0161631
0.464891
0.662
0.259544
0.0135599
0.456518
0.432379
0.391899
0.26052
0.371531
0.662
0.662
0.0618992
0.662
0.405122
0.0272498
0.397341
0.662
0.396102
0.127839
0.662
0.540505
0.662
0.608408
0.0197882
0.22888
0.662
0.662
0.269242
0.662
0.388436
0.234453
0.414956
0.662
0.662
0.662
0.662
0.415856
0.662
0.288563
0.056435
0.254431
0.662
0.329923
0.135882
0.168869
0.061361
0.662
0.662
0.072973
0.31927
0.662
0.258432
0.0694914
0.448731
0.629207
0.209992
0.187724
0.448463
0.662
0.105502
0.662
0.239823
0.662
0.370929
0.662
0.662
0.662
0.503023
0.662
0.141811
0.0526128
0.662
0.662
0.307845
0.662
0.662
0.662
0.662
0.374399
0.491383
0.321921
0.407451
0.328808
0.320092
0.662
0.648026
0.662
0.662
0.375337
0.463172
0.351212
0.117062
0.662
0.141254
0.249508
0.192068
0.188502
0.662
0.662
0.662
0.403357
0.231219
0.163133
0.662
0.662
0.0749447
0.132113
0.146064
0.428394
0.372471
0.0641651
0.381916
0.662
0.235409
0.662
0.312082
0.662
0.307005
0.662
0.126803
0.662
0.116411
0.099874
0.0904573
0.662
0.0957312
0.662
0.0701106
0.227553
0.0170505
0.401017
0.126579
0.303946
0.185523
0.662
0.662
0.114264
0.418734
0.662
0.662
0.619193
0.216473
0.662
0.178807
0.235511
0.662
0.630792
0.460926
0.662
0.662
0.662
0.188588
0.460061
0.418671
0.301642
0.662
0.173464
0.662
0.662
0.0500298
0.245081
0.662
0.183101
0.662
0.662
0.0450897
0.0169027
0.254446
0.662
0.350622
0.460344
0.413153
0.662
0.662
0.422917
0.389029
0.107363
0.662
0.152701
0.322582
0.662
0.562144
0.662
0.0901278
0.375124
0.163259
0.662
0.662
0.170356
0.384629
0.662
0.109679
0.347245
0.225104
0.292026
0.207882
0.662
0.662
0.15259
0.195017
0.0819707
0.662
0.052742
0.45991
0.334726
0.545979
0.373845
0.662
0.662
0.479597
0.662
0.393871
0.662
0.15981
0.662
0.357532
0.662
0.214951
0.284069
0.178649
0.0791888
0.338494
0.662
0.358773
0.0733657
0.457828
0.420264
0.662
0.662
0.662
0.329995
0.194913
0.662
0.495676
0.270819
0.662
0.215643
0.662
0.662
0.0565174
0.662
0.662
0.462461
0.4399
0.662
0.662
0.406436
0.456352
0.234376
0.0738313
0.350521
0.662
0.464207
0.163073
0.662
0.662
0.662
0.662
0.662
0.187915
0.291851
0.662
0.0143963
0.662
0.662
0.272159
0.662
0.0438919
0.27468
0.662
0.124483
0.471587
0.343502
0.26688
0.226377
0.0341248
0.662
0.286685
0.418669
0.34101
0.392079
0.662
0.662
0.349218
0.268615
0.32421
0.35117
0.662
0.311794
0.662
0.234053
0.662
0.662
0.662
0.154285
0.662
0.662
0.662
0.374029
0.012424
0.181539
0.662
0.367388
0.27172
0.361763
0.662
0.574724
0.662
0.662
0.662
0.518003
0.463319
0.662
0.662
0.311642
0.662
0.662
0.414865
0.662
0.562162
0.206735
0.662
0.662
0.662
0.0817922
0.662
0.400542
0.428497
0.662
0.359376
0.662
0.662
0.278312
0.278183
0.42016
0.662
0.412896
0.662
0.330833
0.192326
0.20759
0.270518
0.662
0.662
0.662
0.662
0.35243
0.662
0.662
0.662
0.340706
0.373912
0.662
0.401378
0.662
0.662
0.662
0.319126
0.280098
0.145284
0.662
0.237898
0.662
0.662
0.122883
0.662
0.154299
0.380799
0.294484
0.662
0.662
0.662
0.165924
0.662
0.387174
0.557064
0.296241
0.217109
0.411519
0.0575448
0.162501
0.662
0.662
0.436887
0.386527
0.0296913
0.662
0.336408
0.662
0.598354
0.220695
0.662
0.228921
0.461333
0.29403
0.328304
0.662
0.662
0.662
0.493635
0.0404327
0.662
0.662
0.662
0.18607
0.215843
0.199392
0.662
0.662
0.662
0.185789
0.372615
0.662
0.41716
0.193938
0.662
0.211457
0.662
0.286576
0.208448
0.662
0.0303472
0.424402
0.33064
0.409476
0.242548
0.662
0.293858
0.0828501
0.657238
0.122273
0.195588
0.662
0.662
0.37187
0.662
0.203906
0.0314238
0.662
0.38131
0.662
0.662
0.662
0.190788
0.662
0.228273
0.662
0.308982
0.0497865
0.214245
0.368799
0.274176
0.318655
0.225513
0.662
0.415675
0.192476
0.662
0.390492
0.662
0.662
0.662
0.28498
0.662
0.455529
0.662
0.297807
0.447622
0.0528548
0.0717504
0.0320947
0.137559
0.0404024
0.363026
0.285916
0.662
0.662
0.662
0.444711
0.306153
0.662
0.224815
0.662
0.575681
0.311384
0.206963
0.662
0.662
0.0410394
0.373006
0.662
0.662
0.662
0.662
0.226303
0.133133
0.0907579
0.0270009
0.662
0.191277
0.458113
0.278256
0.662
0.262446
0.391693
0.0487974
0.0720134
0.146043
0.101567
0.175505
0.248587
0.223575
0.201962
0.662
0.0556191
0.294367
0.56496
0.280427
0.381415
0.296396
0.20026
0.662
0.662
0.662
0.408646
0.632836
0.662
0.199031
0.206995
0.376822
0.662
0.00667127
0.157423
0.358293
0.662
0.662
0.149365
0.662
0.662
0.662
0.319799
0.469775
0.147546
0.398544
0.642245
0.194834
0.662
0.18937
0.31853
0.662
0.0777483
0.3182
0.525964
0.147295
0.662
0.662
0.279996
0.0665522
0.662
0.23697
0.662
0.662
0.293086
0.662
0.662
0.0527402
0.428682
0.160569
0.113761
0.369801
0.662
0.662
0.662
0.448727
0.662
0.662
0.662
0.662
0.662
0.636354
0.407373
0.209511
0.662
0.345407
0.662
0.23713
0.597016
0.662
0.394728
0.662
0.539192
0.577393
0.0625641
0.662
0.383991
0.662
0.662
0.662
0.188338
0.433851
0.226571
0.301602
0.662
0.662
0.396919
0.662
0.17443
0.662
0.662
0.662
0.0636371
0.45947
0.0733395
0.515738
0.276238
0.473705
0.343803
0.662
0.662
0.582641
0.443546
0.662
0.239642
0.662
0.00610271
0.662
0.0758985
0.187121
0.222049
0.1309
0.662
0.159445
0.662
0.662
0.662
0.604699
0.662
0.662
0.22149
0.391532
0.662
0.474845
0.662
0.347528
0.412989
0.00496174
0.662
0.336623
0.363979
0.662
0.0770501
0.342212
0.373312
0.186476
0.376556
0.456039
0.327066
0.662
0.143337
0.367888
0.662
0.374437
0.485068
0.400028
0.662
0.343161
0.662
0.147565
0.210531
0.249979
0.363358
0.0672368
0.197549
0.662
0.0608064
0.0280216
0.208803
0.109158
0.662
0.662
0.375445
0.453397
0.346423
0.662
0.00443439
0.0476987
0.203914
0.457517
0.517623
0.251321
0.662
0.662
0.300761
0.287484
0.1886
0.319544
0.548065
0.0698115
0.231719
0.662
0.662
0.0973115
0.180404
0.662
0.623303
0.194308
0.21187
0.156921
0.662
0.100709
0.380695
0.243345
0.170024
0.662
0.0146981
0.263991
0.662
0.00718141
0.662
0.662
0.662
0.0228287
0.599018
0.60381
0.662
0.120647
0.260491
0.662
0.232252
0.409798
0.369413
0.662
0.662
0.662
0.381154
0.567177
0.662
0.116961
0.224384
0.662
0.227897
0.575746
0.662
0.39381
0.429247
0.643883
0.662
0.301759
0.662
0.460632
0.662
0.302972
0.181981
0.501329
0.662
0.213804
0.464542
0.0862767
0.662
0.194143
0.662
0.413162
0.333426
0.199452
0.139174
0.36615
0.23259
0.128902
0.152951
0.383944
0.322439
0.266911
0.342789
0.130972
0.662
0.0342526
0.662
0.267437
0.662
0.2696
0.0550383
0.662
0.222325
0.204225
0.208422
0.662
0.538039
0.0859185
0.241958
0.0778752
0.662
0.0215444
0.662
0.335983
0.662
0.14518
0.662
0.263171
0.662
0.662
0.662
0.0680545
0.0269886
0.662
0.0869103
0.662
0.0100319
0.403021
0.0345298
0.312708
0.662
0.662
0.662
0.064077
0.662
0.662
0.662
0.313283
0.662
0.662
0.19383
0.292995
0.544853
0.240126
0.304946
0.344194
0.441328
0.662
0.662
0.355621
0.662
0.662
0.662
0.662
0.377943
0.0107733
0.662
0.606133
0.0554465
0.413738
0.19993
0.504667
0.314133
0.662
0.190416
0.662
0.662
0.477862
0.662
0.116739
0.434114
0.277753
0.662
0.250425
0.662
0.662
0.662
0.0416135
0.0516652
0.380834
0.0972025
0.662
0.300128
0.662
0.0776622
0.662
0.580135
0.165342
0.234873
0.662
0.354711
0.0230901
0.388703
0.187482
0.250523
0.338804
0.141618
0.176765
0.288025
0.473568
0.27406
0.372034
0.0700646
0.260451
0.662
0.332141
0.64566
0.625739
0.459031
0.621632
0.510953
0.42119
0.489495
0.0452275
0.662
0.14644
0.662
0.540724
0.356377
0.662
0.0412362
0.259756
0.662
0.353498
0.643173
0.301485
0.662
0.207911
0.377774
0.294862
0.662
0.267059
0.35384
0.243546
0.662
0.480217
0.037662
0.662
0.662
0.268753
0.662
0.474275
0.662
0.662
0.105101
0.351226
0.45928
0.662
0.662
0.662
0.662
0.662
0.00904899
0.471365
0.359864
0.52782
0.0325123
0.662
0.0263463
0.520715
0.435308
0.662
0.662
0.383958
0.662
0.336366
0.00890554
0.494433
0.0593127
0.662
0.427729
0.219888
0.0850517
0.156079
0.271358
0.662
0.0402657
0.0917112
0.662
0.365983
0.288743
0.366042
0.662
0.662
0.192444
0.375905
0.371461
0.662
0.662
0.162235
0.662
0.346548
0.389945
0.245294
0.185887
0.232803
0.662
0.662
0.480238
0.103916
0.332878
0.662
0.662
0.662
0.662
0.263274
0.143294
0.153594
0.0708186
0.531955
0.304948
0.662
0.196844
0.499475
0.662
0.408558
0.662
0.662
0.368945
0.662
0.54645
0.0398192
0.221601
0.662
0.153713
0.218613
0.0671718
0.066422
0.470983
0.662
0.662
0.525048
0.662
0.248755
0.662
0.297768
0.0736792
0.536255
0.219099
0.314411
0.15159
0.31785
0.350519
0.448636
0.662
0.520026
0.258846
0.399412
0.662
0.0785745
0.662
0.565827
0.662
0.386306
0.0774475
0.136652
0.662
0.41402
0.481283
0.660265
0.452848
0.662
0.662
0.522431
0.0813521
0.0965971
0.662
0.247428
0.332197
0.0909834
0.297559
0.662
0.228571
0.662
0.662
0.200382
0.662
0.662
0.662
0.662
0.116954
0.662
0.662
0.662
0.662
0.122565
0.348793
0.662
0.345316
0.662
0.662
0.662
0.662
0.662
0.239729
0.0957498
0.577397
0.210077
0.662
0.213045
0.662
0.211944
0.662
0.662
0.0266786
0.0888206
0.662
0.0677363
0.662
0.662
0.60078
0.662
0.0770107
0.407451
0.662
0.662
0.0509933
0.662
0.458215
0.662
0.447958
0.660099
0.212658
0.662
0.196578
0.0356353
0.139161
0.403943
0.14981
0.361529
0.205397
0.662
0.461546
0.662
0.399217
0.662
0.633124
0.662
0.662
0.154915
0.105636
0.189917
0.662
0.662
0.371528
0.662
0.662
0.662
0.662
0.662
0.184461
0.184751
0.324692
0.188127
0.662
0.457093
0.513956
0.280495
0.662
0.151338
0.445814
0.13399
0.662
0.500748
0.291815
0.662
0.0164084
0.471345
0.140959
0.318297
0.0228343
0.227377
0.662
0.330245
0.354684
0.24783
0.23703
0.368058
0.473001
0.662
0.662
0.192142
0.662
0.148532
0.199545
0.662
0.195015
0.422546
0.525952
0.662
0.662
0.171238
0.252851
0.28828
0.38344
0.662
0.250202
0.11526
0.313398
0.372897
0.632671
0.315906
0.407608
0.662
0.19561
0.0504674
0.294522
0.662
0.662
0.662
0.662
0.662
0.311414
0.0551024
0.248042
0.229678
0.662
0.0801788
0.662
0.359891
0.117596
0.662
0.205538
0.658415
0.662
0.475844
0.662
0.0594161
0.462991
0.325074
0.368659
0.405672
0.375099
0.662
0.662
0.662
0.662
0.0109856
0.0715842
0.291286
0.244872
0.662
0.662
0.201246
0.161961
0.62232
0.41305
0.372877
0.662
0.434229
0.410827
0.133418
0.558258
0.662
0.662
0.662
0.126428
0.662
0.662
0.662
0.208888
0.662
0.662
0.218408
0.378614
0.662
0.662
0.0597991
0.662
0.35196
0.0494591
0.430936
0.600578
0.662
0.662
0.10173
0.662
0.662
0.625838
0.349781
0.662
0.397336
0.662
0.662
0.184391
0.0891544
0.30727
0.662
0.182938
0.662
0.662
0.192735
0.656665
0.320547
0.377915
0.285516
0.662
0.387701
0.662
0.519596
0.662
0.182871
0.472735
0.0202571
0.662
0.207219
0.325368
0.306491
0.511944
0.41214
0.561869
0.433516
0.662
0.662
0.662
0.327325
0.606312
0.662
0.662
0.662
0.17074
0.0944263
0.244469
0.186959
0.662
0.532841
0.141156
0.662
0.0436897
0.662
0.161974
0.662
0.211937
0.444493
0.262653
0.308546
0.662
0.662
0.348368
0.662
0.435106
0.55803
0.274682
0.165132
0.330126
0.220136
0.471419
0.616227
0.338812
0.173882
0.662
0.12995
0.555854
0.326317
0.396469
0.0441003
0.0311579
0.286403
0.662
0.258444
0.546311
0.197922
0.662
0.356248
0.20546
0.298265
0.662
0.296572
0.662
0.662
0.282738
0.503204
0.662
0.207143
0.271383
0.00723468
0.662
0.0186432
0.116484
0.662
0.270171
0.23232
0.662
0.152145
0.443822
0.0151328
0.343911
0.198103
0.662
0.214319
0.260724
0.0290488
0.414713
0.662
0.238387
0.662
0.173573
0.662
0.662
0.662
0.247245
0.302535
0.662
0.424596
0.330222
0.662
0.395821
0.146209
0.662
0.562447
0.0210694
0.434224
0.150796
0.662
0.0711311
0.475856
0.662
0.401634
0.662
0.662
0.662
0.662
0.662
0.182356
0.121081
0.0328178
0.463412
0.162868
0.547375
0.662
0.0275546
0.268812
0.593991
0.341228
0.662
0.264219
0.0695202
0.221298
0.44749
0.238719
0.662
0.174633
0.662
0.00175713
0.662
0.253937
0.662
0.179396
0.103576
0.079408
0.662
0.315012
0.206801
0.452004
0.252316
0.244505
0.662
0.0586555
0.662
0.15853
0.211218
0.662
0.359177
0.276594
0.488886
0.382246
0.662
0.662
0.449909
0.0420078
0.662
0.662
0.223215
0.0758218
0.334847
0.00922792
0.312178
0.23328
0.394698
0.626487
0.662
0.662
0.662
0.662
0.662
0.662
0.662
0.376864
0.279545
0.0498557
0.469874
0.59024
0.176341
0.134576
0.197441
0.231503
0.364303
0.528649
0.020585
0.662
0.662
0.525636
0.366891
0.662
0.662
0.13979
0.0386765
0.380344
0.239727
0.662
0.662
0.662
0.662
0.291963
0.662
0.195401
0.0436415
0.380846
0.00618847
0.395624
0.288519
0.277592
0.662
0.662
0.662
0.0178534
0.662
0.268204
0.662
0.662
0.0443967
0.575353
0.662
0.474186
0.163005
0.662
0.162037
0.138141
0.436326
0.208528
0.520882
0.326219
0.618
0.253956
0.191349
0.662
0.662
0.156743
0.662
0.31774
0.198649
0.365125
0.379362
0.662
0.220643
0.282904
0.662
0.434905
0.0324511
0.662
0.278452
0.227773
0.387785
0.662
0.26021
0.295589
0.272815
0.662
0.662
0.462493
0.122684
0.662
0.662
0.662
0.446257
0.178171
0.346676
0.662
0.105674
0.408266
0.662
0.127243
0.662
0.531231
0.237218
0.0362001
0.662
0.590124
0.662
0.195515
0.222506
0.63167
0.600584
0.662
0.127776
0.662
0.662
0.147266
0.0138802
0.653876
0.662
0.218889
0.136743
0.321716
0.662
0.226349
0.168483
0.231984
0.284176
0.662
0.322631
0.254084
0.203942
0.662
0.201404
0.662
0.45245
0.662
0.662
0.662
0.186949
0.662
0.322137
0.652156
0.662
0.0229976
0.662
0.075776
0.485428
0.662
0.136207
0.662
0.662
0.258162
0.168524
0.662
0.198479
0.304141
0.474916
0.662
0.662
0.294245
0.176022
0.662
0.456379
0.264913
0.199501
0.468154
0.143407
0.448892
0.335086
0.321999
0.662
0.0749461
0.112214
0.662
0.662
0.193711
0.134293
0.0640079
0.662
0.662
0.662
0.0944288
0.662
0.567656
0.46863
0.107505
0.111125
0.4442
0.223134
0.531854
0.662
0.662
0.372583
0.284245
0.237225
0.0547902
0.284307
0.662
0.423892
0.651037
0.662
0.245548
0.662
0.0527123
0.15721
0.449085
0.662
0.357187
0.473557
0.120652
0.662
0.328616
0.312807
0.421738
0.555391
0.10051
0.662
0.149777
0.55461
0.662
0.462427
0.327668
0.654697
0.662
0.45999
0.117182
0.662
0.332875
0.402797
0.427607
0.662
0.662
0.662
0.338687
0.31057
0.662
0.314493
0.111648
0.114183
0.662
0.662
0.662
0.274651
0.223921
0.176247
0.235574
0.307662
0.662
0.662
0.301789
0.662
0.371878
0.205622
0.662
0.29062
0.110297
0.458987
0.662
0.662
0.1624
0.662
0.662
0.013506
0.662
0.662
0.662
0.662
0.662
0.441777
0.662
0.662
0.662
0.662
0.0458018
0.468291
0.165742
0.354165
0.363948
0.240887
0.316828
0.662
0.345556
0.0178746
0.0511227
0.216063
0.510216
0.309887
0.662
0.662
0.0042106
0.276644
0.574178
0.662
0.662
0.662
0.312326
0.609924
0.195338
0.370434
0.527876
0.12879
0.662
0.662
0.0670527
0.353449
0.662
0.514065
0.662
0.0811263
0.386993
0.314548
0.662
0.521214
0.662
0.662
0.195671
0.418161
0.435774
0.469131
0.0421807
0.662
0.662
0.662
0.662
0.662
0.0592751
0.662
0.289284
0.457115
0.662
0.662
0.193929
0.662
0.42768
0.662
0.662
0.662
0.557174
0.623715
0.0229661
0.166244
0.662
0.662
0.662
0.662
0.662
0.316006
0.662
0.558256
0.662
0.662
0.353156
0.457212
0.662
0.308126
0.277027
0.204106
0.662
0.415007
0.662
0.662
0.367655
0.157347
0.212777
0.431998
0.00821736
0.015339
0.455492
0.457608
0.247817
0.662
0.0266847
0.0824402
0.173183
0.662
0.662
0.662
0.287501
0.0135929
0.0140663
0.21875
0.187179
0.662
0.116735
0.413766
0.662
0.215121
0.321493
0.064301
0.256937
0.662
0.130446
0.45064
0.662
0.662
0.341665
0.426008
0.662
0.662
0.166129
0.662
0.662
0.219092
0.0543808
0.230015
0.662
0.662
0.144376
0.0706023
0.3916
0.662
0.426483
0.662
0.662
0.662
0.544393
0.662
0.19434
0.662
0.662
0.346965
0.662
0.230134
0.255645
0.662
0.662
0.662
0.662
0.445325
0.662
0.662
0.662
0.380209
0.662
0.375192
0.662
0.662
0.235986
0.410758
0.595857
0.587931
0.278168
0.662
0.47891
0.297299
0.0143335
0.123738
0.662
0.662
0.460137
0.341275
0.662
0.658904
0.19649
0.662
0.311172
0.314412
0.423153
0.662
0.213822
0.198611
0.662
0.662
0.662
0.455883
0.436482
0.0509818
0.282811
0.461347
0.662
0.132581
0.662
0.280952
0.347158
0.0734555
0.662
0.356033
0.662
0.103451
0.0734051
0.0556591
0.443024
0.293965
0.0941363
0.224395
0.662
0.662
0.149467
0.662
0.662
0.0404031
0.289636
0.207194
0.240904
0.161577
0.390678
0.110815
0.268201
0.273134
0.0655552
0.0789979
0.233042
0.165809
0.342251
0.294118
0.0497351
0.378825
0.217779
0.662
0.116892
0.662
0.662
0.662
0.662
0.662
0.33916
0.662
0.0441483
0.662
0.662
0.662
0.662
0.662
0.446758
0.662
0.0575604
0.443711
0.0199827
0.143079
0.662
0.662
0.662
0.203403
0.33672
0.662
0.318165
0.172284
0.145669
0.662
0.662
0.251864
0.488547
0.662
0.411672
0.543115
0.662
0.662
0.314514
0.477233
0.662
0.662
0.662
0.662
0.662
0.271833
0.357444
0.394062
0.127324
0.662
0.320668
0.662
0.391933
0.369368
0.662
0.212545
0.454759
0.564613
0.0313813
0.662
0.662
0.662
0.261979
0.662
0.295022
0.327524
0.662
0.388422
0.662
0.662
0.662
0.526867
0.349949
0.662
0.249616
0.370829
0.462021
0.662
0.519977
0.662
0.594455
0.662
0.329762
0.662
0.365722
0.195383
0.662
0.661388
0.662
0.20922
0.0655837
0.662
0.662
0.412683
0.446679
0.272481
0.266979
0.21583
0.108399
0.269087
0.287709
0.662
0.224479
0.662
0.662
0.449323
0.294612
0.296272
0.163198
0.662
0.033875
0.254559
0.637761
0.273386
0.176211
0.0902865
0.193793
0.177365
0.662
0.662
0.662
0.349121
0.662
0.662
0.453276
0.281315
0.0363252
0.245771
0.662
0.235213
0.061801
0.398516
0.456494
0.40697
0.298984
0.662
0.351137
0.191541
0.662
0.159937
0.0800588
0.662
0.146068
0.0936721
0.00266475
0.445198
0.201448
0.662
0.662
0.662
0.39581
0.154526
0.662
0.662
0.662
0.403783
0.662
0.472441
0.150037
0.662
0.662
0.662
0.25112
0.411824
0.00218811
0.567323
0.229741
0.195297
0.662
0.662
0.332546
0.0948767
0.662
0.324214
0.616908
0.662
0.188402
0.662
0.245593
0.0868867
0.233177
0.386803
0.662
0.188734
0.662
0.662
0.0877836
0.0733994
0.0878849
0.662
0.0681699
0.251337
0.662
0.662
0.0922844
0.458171
0.239197
0.41007
0.0725947
0.149781
0.123415
0.662
0.662
0.218852
0.0931964
0.382944
0.307218
0.201944
0.662
0.662
0.417625
0.385087
0.282207
0.223367
0.29469
0.22268
0.0523344
0.662
0.662
0.662
0.495146
0.451539
0.33834
0.273788
0.662
0.353517
0.247688
0.0307302
0.662
0.498713
0.662
0.195003
0.458038
0.317897
0.148103
0.662
0.255077
0.458062
0.301568
0.662
0.530292
0.662
0.662
0.662
0.267161
0.249363
0.246142
0.295329
0.21877
0.662
0.662
0.0714914
0.662
0.444619
0.26864
0.299706
0.232785
0.662
0.443282
0.662
0.212219
0.274697
0.189912
0.662
0.13261
0.308897
0.662
0.662
0.000266812
0.337973
0.662
0.033641
0.662
0.662
0.263288
0.0499952
0.201166
0.250508
0.17478
0.610161
0.294413
0.657577
0.438394
0.184152
0.662
0.285978
0.662
0.662
0.662
0.662
0.662
0.662
0.662
0.0282975
0.662
0.345965
0.0393784
0.662
0.662
0.662
0.452456
0.14696
0.393452
0.662
0.462999
0.00325689
0.404769
0.179926
0.662
0.162789
0.175514
0.283025
0.294079
0.116452
0.261611
0.662
0.505109
0.328321
0.662
0.662
0.662
0.662
0.284216
0.580723
0.662
0.46736
0.662
0.662
0.662
0.01265
0.523654
0.662
0.221753
0.593466
0.202746
0.259177
0.662
0.324665
0.0999303
0.662
0.379909
0.364472
0.662
0.662
0.662
0.25579
0.662
0.335103
0.276622
0.662
0.0843131
0.662
0.34917
0.265368
0.453884
0.391706
0.662
0.662
0.170828
0.43229
0.110593
0.662
0.0025636
0.469799
0.662
0.662
0.140974
0.26837
0.448461
0.281393
0.662
0.0740703
0.662
0.662
0.246403
0.342367
0.384984
0.662
0.369952
0.662
0.113424
0.662
0.662
0.121565
0.460726
0.386816
0.109858
0.561941
0.0718969
0.662
0.187094
0.662
0.361561
0.115672
0.662
0.207847
0.120126
0.662
0.662
0.662
0.205311
0.662
0.0205401
0.536838
0.662
0.228516
0.662
0.662
0.135785
0.662
0.662
0.171043
0.436719
0.493384
0.435606
0.662
0.486829
0.0239507
0.108149
0.662
0.371462
0.109393
0.20958
0.0362442
0.662
0.662
0.350489
0.38532
0.0354966
0.033424
0.408153
0.0640449
0.662
0.331614
0.342626
0.662
0.224986
0.156244
0.518905
0.17719
0.491293
0.662
0.662
0.267732
0.662
0.211464
0.475275
0.359626
0.260545
0.662
0.0990275
0.119382
0.662
0.33292
0.662
0.180677
0.0841385
0.662
0.662
0.662
0.193367
0.662
0.662
0.662
0.619525
0.0747224
0.212629
0.662
0.0937248
0.662
0.439838
0.203508
0.240847
0.662
0.177764
0.377145
0.662
0.658681
0.118323
0.662
0.662
0.209264
0.476686
0.00182633
0.15565
0.662
0.360603
0.662
0.662
0.503259
0.035444
0.662
0.0439349
0.26887
0.230451
0.662
0.190024
0.520814
0.662
0.662
0.662
0.662
0.662
0.486674
0.588594
0.474654
0.274005
0.0312418
0.662
0.611355
0.140127
0.565082
0.0268073
0.162147
0.334942
0.662
0.421003
0.0355235
0.224557
0.662
0.662
0.508157
0.662
0.662
0.202747
0.23424
0.284533
0.00684553
0.660447
0.662
0.662
0.662
0.662
0.34819
0.662
0.662
0.662
0.662
0.662
0.662
0.650346
0.293745
0.545413
0.308397
0.0708601
0.32522
0.282642
0.662
0.662
0.662
0.105459
0.496456
0.383999
0.0505403
0.662
0.229712
0.547237
0.647695
0.0988889
0.452806
0.662
0.662
0.258497
0.457908
0.662
0.268646
0.550459
0.301718
0.180065
0.429176
0.216284
0.211043
0.662
0.662
0.662
0.479824
0.557313
0.243565
0.0472328
0.662
0.662
0.237823
0.662
0.0948283
0.225442
0.662
0.465445
0.114071
0.490944
0.0204443
0.662
0.176416
0.602657
0.335246
0.662
0.612449
0.341277
0.300723
0.662
0.662
0.662
0.662
0.662
0.638415
0.00865105
0.662
0.584265
0.662
0.662
0.0644478
0.423372
0.365003
0.372439
0.439912
0.662
0.4736
0.343816
0.151586
0.662
0.393128
0.140197
0.368727
0.581645
0.397022
0.608304
0.275725
0.662
0.373335
0.453714
0.0493935
0.662
0.662
0.184145
0.452067
0.662
0.264448
0.662
0.662
0.299863
0.308167
0.662
0.46162
0.449634
0.29966
0.662
0.564569
0.359284
0.410104
0.662
0.500446
0.387153
0.0627411
0.154919
0.662
0.413798
0.662
0.428516
0.662
0.662
0.662
0.662
0.326575
0.11714
0.169755
0.662
0.25255
0.20562
0.27517
0.662
0.495976
0.192278
0.534457
0.662
0.662
0.662
0.218466
0.662
0.662
0.0407778
0.031555
0.60362
0.3038
0.0568417
0.662
0.0334117
0.161695
0.203179
0.134935
0.594229
0.19653
0.662
0.201299
0.662
0.662
0.662
0.662
0.662
0.0200184
0.216981
0.662
0.529248
0.247577
0.46606
0.401012
0.427288
0.662
0.401811
0.662
0.662
0.662
0.662
0.662
0.662
0.433481
0.350206
0.408038
0.662
0.122655
0.662
0.267902
0.162868
0.118392
0.662
0.443133
0.662
0.662
0.322613
0.662
0.117786
0.662
0.363324
0.662
0.311091
0.662
0.30003
0.243476
0.473806
0.448685
0.135716
0.662
0.414382
0.662
0.184893
0.662
0.473964
0.161506
0.143372
0.662
0.662
0.662
0.661733
0.332897
0.0517481
0.208626
0.662
0.267036
0.12268
0.357557
0.434507
0.0658181
0.662
0.662
0.417742
0.662
0.460811
0.351046
0.662
0.147805
0.662
0.194821
0.662
0.225526
0.309464
0.662
0.257725
0.332648
0.15563
0.0246133
0.61386
0.276166
0.662
0.662
0.662
0.547947
0.192064
0.662
0.662
0.572464
0.662
0.217412
0.219523
0.250202
0.215999
0.662
0.33641
0.662
0.4697
0.662
0.545151
0.182238
0.206082
0.126529
0.0817124
0.4205
0.200196
0.0882697
0.292883
0.272501
0.0751105
0.0119258
0.305868
0.662
0.662
0.503027
0.53347
0.662
0.225278
0.662
0.0434656
0.309917
0.241294
0.662
0.196468
0.220645
0.293459
0.662
0.662
0.662
0.653551
0.331187
0.0754735
0.388529
0.245645
0.662
0.662
0.662
0.662
0.662
0.103643
0.662
0.56663
0.662
0.662
0.131536
0.662
0.186856
0.662
0.263972
0.662
0.0419629
0.211074
0.662
0.217242
0.0467738
0.314261
0.662
0.662
0.0270834
0.202376
0.124014
0.246781
0.662
0.608158
0.0145542
0.278702
0.662
0.281822
0.662
0.662
0.662
0.235532
0.662
0.240519
0.336906
0.0852439
0.662
0.336043
0.102299
0.160904
0.288473
0.662
0.662
0.531619
0.425579
0.143507
0.0774369
0.311479
0.662
0.366578
0.662
0.662
0.662
0.285066
0.53432
0.662
0.213743
0.237187
0.662
0.662
0.415662
0.462188
0.0812389
0.662
0.227337
0.186178
0.0951591
0.343535
0.662
0.0467726
0.219027
0.467714
0.378007
0.1142
0.662
0.662
0.197738
0.662
0.166057
0.442213
0.466624
0.662
0.662
0.343114
0.139179
