0.662
0.450742
0.543965
0.645291
0.662
0.0211519
0.623858
0.334399
0.184217
0.328901
0.585747
0.590225
0.662
0.0654642
0.662
0.192708
0.662
0.662
0.401981
0.403485
0.544801
0.662
0.316306
0.662
0.350734
0.662
0.662
0.149093
0.378166
0.447728
0.379493
0.364916
0.112475
0.662
0.662
0.295479
0.662
0.662
0.140015
0.189896
0.116889
0.417556
0.396468
0.624298
0.175326
0.144341
0.476405
0.662
0.0548841
0.662
0.662
0.35731
0.662
0.227011
0.316779
0.662
0.218768
0.246027
0.662
0.662
0.662
0.662
0.662
0.662
0.662
0.067046
0.450384
0.183427
0.333338
0.662
0.117645
0.662
0.287357
0.662
0.662
0.662
0.662
0.347405
0.662
0.31037
0.334868
0.662
0.362925
0.142399
0.662
0.437847
0.137808
0.100415
0.662
0.340749
0.124518
0.467933
0.239779
0.14764
0.662
0.266557
0.662
0.328056
0.548498
0.00458053
0.365644
0.662
0.662
0.662
0.174607
0.338685
0.019396
0.662
0.662
0.063182
0.421396
0.662
0.662
0.662
0.662
0.234644
0.434811
0.0703191
0.551406
0.358996
0.465792
0.115039
0.269471
0.662
0.662
0.437245
0.442111
0.266793
0.133608
0.662
0.662
0.662
0.412724
0.0915446
0.662
0.256808
0.308667
0.133506
0.278959
0.359911
0.252341
0.265313
0.662
0.495912
0.523151
0.662
0.302938
0.426519
0.375699
0.119713
0.662
0.320407
0.541396
0.209399
0.662
0.662
0.168475
0.662
0.471234
0.662
0.228285
0.185045
0.662
0.662
0.205753
0.188161
0.219213
0.662
0.159695
0.427208
0.662
0.195461
0.347263
0.343234
0.252524
0.21654
0.334122
0.285039
0.47455
0.19203
0.662
0.1123
0.662
0.662
0.218307
0.529156
0.118888
0.421748
0.662
0.400901
0.105746
0.662
0.37472
0.662
0.202798
0.0374856
0.15663
0.399152
0.662
0.19316
0.587899
0.0777534
0.0367264
0.28682
0.286893
0.277611
0.0796369
0.277071
0.455844
0.0997072
0.662
0.321253
0.662
0.662
0.662
0.377348
0.662
0.201137
0.0514365
0.213152
0.133559
0.662
0.662
0.662
0.194703
0.662
0.662
0.662
0.662
0.662
0.014726
0.271524
0.662
0.662
0.44308
0.662
0.261624
0.245069
0.45454
0.285465
0.255502
0.0753543
0.0303023
0.662
0.662
0.329004
0.662
0.311
0.149572
0.662
0.195508
0.120357
0.662
0.602769
0.274372
0.175133
0.662
0.662
0.194471
0.406483
0.662
0.438649
0.137159
0.32194
0.534119
0.662
0.662
0.662
0.112496
0.662
0.430181
0.460748
0.386077
0.662
0.47214
0.20751
0.342941
0.662
0.662
0.139598
0.662
0.662
0.20211
0.1972
0.0723676
0.203428
0.662
0.218033
0.0400158
0.305724
0.0776407
0.328783
0.160269
0.357737
0.662
0.132075
0.243853
0.662
0.662
0.00431332
0.0648765
0.420946
0.662
0.662
0.291358
0.239586
0.662
0.0210521
0.662
0.146626
0.0258201
0.405149
0.662
0.192167
0.662
0.662
0.178753
0.228424
0.662
0.662
0.433647
0.377001
0.0138101
0.283132
0.662
0.442458
0.438775
0.590796
0.662
0.499858
0.662
0.254643
0.662
0.461968
0.322807
0.618773
0.3023
0.480862
0.662
0.621447
0.36836
0.0862172
0.662
0.662
0.0969049
0.662
0.233532
0.107605
0.190551
0.281067
0.662
0.0700927
0.662
0.662
0.662
0.387204
0.662
0.662
0.662
0.154193
0.531396
0.662
0.0323251
0.662
0.504001
0.346289
0.662
0.454577
0.662
0.124753
0.662
0.231559
0.662
0.0446231
0.662
0.662
0.662
0.662
0.662
0.177418
0.561104
0.662
0.662
0.285383
0.662
0.366187
0.260892
0.662
0.142804
0.309481
0.229005
0.662
0.432358
0.0487951
0.662
0.272604
0.662
0.16772
0.307671
0.135945
0.662
0.116469
0.207331
0.452029
0.662
0.180626
0.502412
0.311322
0.311587
0.662
0.389866
0.122947
0.0581636
0.662
0.366532
0.103316
0.638761
0.151093
0.452441
0.0582157
0.40909
0.315906
0.13102
0.558714
0.202412
0.133424
0.662
0.644442
0.662
0.0656504
0.0805068
0.214758
0.216878
0.482729
0.0671454
0.223051
0.662
0.0463118
0.167141
0.457585
0.425447
0.235235
0.662
0.291588
0.223435
0.662
0.662
0.196527
0.263375
0.662
0.194918
0.219575
0.197705
0.249321
0.136794
0.662
0.20796
0.0576348
0.27285
0.662
0.662
0.662
0.0873772
0.662
0.125059
0.242306
0.662
0.279283
0.662
0.0942014
0.242052
0.495821
0.662
0.475207
0.662
0.128505
0.280231
0.662
0.4978
0.198885
0.662
0.401158
0.198566
0.386918
0.317823
0.662
0.0831929
0.139192
0.662
0.662
0.521352
0.128241
0.662
0.113216
0.0798658
0.662
0.662
0.196716
0.662
0.316602
0.662
0.651099
0.513875
0.131207
0.12021
0.662
0.204582
0.662
0.662
0.208433
0.213733
0.158364
0.662
0.297032
0.662
0.517201
0.662
0.528953
0.150219
0.26168
0.267383
0.662
0.342269
0.662
0.0297349
0.662
0.548951
0.167713
0.515544
0.662
0.35535
0.662
0.662
0.208484
0.380646
0.150807
0.591003
0.021624
0.145277
0.128744
0.196888
0.082994
0.199302
0.400748
0.662
0.662
0.511225
0.662
0.208258
0.662
0.283004
0.168448
0.306234
0.662
0.251131
0.138962
0.469654
0.662
0.662
0.220467
0.662
0.662
0.0874101
0.124692
0.662
0.176279
0.278786
0.662
0.662
0.662
0.662
0.418545
0.631007
0.236329
0.662
0.662
0.662
0.662
0.305628
0.245045
0.219942
0.0635781
0.662
0.662
0.489186
0.539388
0.142251
0.260042
0.448226
0.381775
0.662
0.662
0.363215
0.473591
0.662
0.203359
0.662
0.329754
0.662
0.662
0.313802
0.662
0.206634
0.662
0.662
0.662
0.662
0.120167
0.394955
0.130304
0.662
0.29267
0.0374236
0.662
0.135231
0.662
0.0216387
0.303644
0.662
0.662
0.374708
0.662
0.229574
0.011573
0.189122
0.662
0.662
0.662
0.45371
0.470321
0.0808942
0.186942
0.518584
0.662
0.160856
0.662
0.372284
0.145014
0.662
0.662
0.186687
0.163982
0.319408
0.532632
0.384436
0.662
0.375078
0.0306348
0.662
0.662
0.177246
0.0470712
0.622547
0.662
0.662
0.327554
0.381127
0.662
0.184942
0.662
0.232701
0.513502
0.033275
0.13886
0.662
0.121066
0.152213
0.284575
0.356838
0.662
0.662
0.662
0.662
0.662
0.662
0.170442
0.662
0.662
0.662
0.662
0.311883
0.383484
0.119136
0.213365
0.662
0.662
0.662
0.662
0.343543
0.506039
0.662
0.179451
0.394776
0.662
0.662
0.18118
0.127742
0.236833
0.229918
0.662
0.662
0.662
0.662
0.662
0.662
0.204445
0.662
0.257992
0.377841
0.314879
0.259937
0.662
0.37117
0.42791
0.265668
0.318964
0.487277
0.620221
0.151794
0.662
0.296773
0.662
0.662
0.28811
0.662
0.32371
0.662
0.268801
0.662
0.454558
0.662
0.0748004
0.289544
0.471041
0.662
0.322989
0.662
0.662
0.662
0.522511
0.662
0.192274
0.227643
0.452016
0.249334
0.0170413
0.228662
0.662
0.164025
0.227161
0.662
0.244178
0.404983
0.662
0.318365
0.206413
0.662
0.274266
0.119181
0.662
0.662
0.662
0.286369
0.662
0.198351
0.225346
0.661885
0.0924192
0.245503
0.382353
0.321469
0.462075
0.207076
0.662
0.662
0.124623
0.0647902
0.662
0.662
0.529726
0.18608
0.16043
0.147146
0.206753
0.238189
0.662
0.662
0.662
0.662
0.42852
0.517165
0.662
0.423687
0.0678016
0.662
0.25393
0.610649
0.662
0.189948
0.119986
0.328365
0.662
0.260074
0.44551
0.390264
0.662
0.218963
0.320498
0.293753
0.149593
0.31989
0.197009
0.00830105
0.280382
0.0736477
0.144527
0.662
0.662
0.662
0.662
0.662
0.662
0.47446
0.662
0.269947
0.20373
0.466418
0.662
0.662
0.120309
0.474591
0.0145933
0.662
0.287279
0.431003
0.396488
0.332735
0.280639
0.662
0.00913741
0.284282
0.24784
0.325845
0.296219
0.662
0.662
0.239758
0.530096
0.223252
0.194886
0.662
0.209807
0.507145
0.662
0.662
0.468009
0.450036
0.662
0.526343
0.662
0.454786
0.662
0.662
0.149285
0.0157523
0.128203
0.662
0.662
0.166995
0.662
0.251174
0.449755
0.132299
0.129135
0.187434
0.662
0.474196
0.662
0.50464
0.235416
0.662
0.184422
0.0532885
0.662
0.213266
0.662
0.21072
0.662
0.349539
0.662
0.20953
0.162208
0.555085
0.199591
0.462591
0.662
0.0447063
0.662
0.420653
0.368031
0.294639
0.662
0.552877
0.429116
0.662
0.662
0.662
0.662
0.617852
0.662
0.372886
0.0199219
0.145121
0.185495
0.167575
0.385914
0.662
0.662
0.28154
0.662
0.203528
0.662
0.246274
0.662
0.406514
0.662
0.280714
0.662
0.662
0.662
0.12287
0.314944
0.662
0.419395
0.428138
0.662
0.21674
0.350858
0.167429
0.486472
0.662
0.662
0.493895
0.662
0.202215
0.459
0.662
0.662
0.662
0.629083
0.662
0.189912
0.356222
0.662
0.662
0.383563
0.265547
0.0535781
0.662
0.469443
0.165922
0.284264
0.167935
0.222684
0.662
0.345289
0.329284
0.662
0.648706
0.229878
0.243618
0.372355
0.00934856
0.207244
0.444906
0.177794
0.0618931
0.143412
0.0994302
0.193046
0.662
0.302207
0.6486
0.393622
0.418807
0.186832
0.543883
0.317418
0.410441
0.422788
0.259697
0.614536
0.389006
0.171668
0.662
0.662
0.328616
0.662
0.312873
0.465121
0.345882
0.18162
0.58209
0.662
0.662
0.0233819
0.44863
0.662
0.27645
0.395
0.174529
0.662
0.61168
0.662
0.0391268
0.339034
0.369161
0.55357
0.662
0.269503
0.477544
0.662
0.212906
0.662
0.368626
0.662
0.662
0.21587
0.464717
0.511248
0.190101
0.474964
0.0591836
0.662
0.662
0.662
0.662
0.662
0.423179
0.662
0.662
0.476142
0.662
0.662
0.0625764
0.662
0.0786218
0.662
0.299863
0.395595
0.662
0.235164
0.662
0.662
0.433951
0.662
0.662
0.335434
0.428673
0.24
0.574147
0.280177
0.479965
0.479434
0.429505
0.662
0.662
0.276133
0.662
0.662
0.30588
0.427144
0.153351
0.0125954
0.305877
0.0480235
0.662
0.143527
0.662
0.662
0.485453
0.292295
0.0341575
0.292058
0.662
0.310127
0.20572
0.662
0.226841
0.662
0.196806
0.662
0.283724
0.274523
0.493673
0.662
0.149356
0.662
0.211141
0.37775
0.131108
0.0267167
0.662
0.0800033
0.662
0.305604
0.662
0.552864
0.124609
0.205454
0.662
0.662
0.196774
0.36676
0.491224
0.662
0.182782
0.662
0.375321
0.662
0.662
0.185165
0.426418
0.104483
0.662
0.662
0.433076
0.36439
0.662
0.157426
0.662
0.662
0.389789
0.243684
0.149723
0.596392
0.662
0.194284
0.451614
0.104342
0.313114
0.251871
0.427521
0.0596664
0.108872
0.662
0.662
0.00763869
0.662
0.662
0.130237
0.20915
0.144551
0.0171995
0.662
0.337008
0.662
0.304428
0.662
0.662
0.284466
0.310731
0.662
0.18356
0.662
0.144575
0.662
0.18887
0.000818588
0.0138412
0.662
0.144504
0.662
0.662
0.424067
0.662
0.0940415
0.662
0.662
0.0313476
0.662
0.112061
0.605706
0.162442
0.662
0.662
0.662
0.346852
0.0478631
0.662
0.662
0.662
0.072656
0.662
0.662
0.0147481
0.55221
0.662
0.166933
0.662
0.457841
0.0440721
0.144785
0.484639
0.621859
0.662
0.313992
0.397383
0.393168
0.662
0.662
0.635602
0.330368
0.154458
0.153318
0.662
0.234115
0.12486
0.662
0.618515
0.662
0.662
0.662
0.662
0.460414
0.341169
0.662
0.198794
0.52989
0.38291
0.17817
0.0328552
0.0125394
0.0805373
0.460972
0.176464
0.662
0.0267185
0.662
0.147746
0.33459
0.662
0.580831
0.662
0.398421
0.662
0.662
0.241695
0.662
0.0964995
0.662
0.0116527
0.584956
0.662
0.0937118
0.151328
0.3016
0.662
0.662
0.384035
0.141119
0.412381
0.00276712
0.662
0.121236
0.662
0.662
0.159951
0.203854
0.0287627
0.662
0.662
0.0777666
0.128365
0.188644
0.662
0.00550048
0.123745
0.158636
0.662
0.241526
0.430116
0.0558003
0.189313
0.461179
0.44497
0.0901374
0.337678
0.662
0.205409
0.439463
0.171825
0.458538
0.163495
0.662
0.183758
0.00865975
0.464763
0.662
0.122263
0.662
0.312639
0.662
0.353548
0.373174
0.253477
0.265915
0.662
0.662
0.662
0.662
0.391095
0.0620067
0.322811
0.102
0.662
0.387453
0.662
0.325259
0.662
0.662
0.632693
0.662
0.662
0.335883
0.662
0.0678482
0.662
0.547521
0.662
0.270834
0.207056
0.157232
0.662
0.366404
0.578774
0.662
0.662
0.662
0.33874
0.0558558
0.361417
0.662
0.662
0.662
0.347774
0.193493
0.253753
0.365614
0.662
0.346813
0.159773
0.662
0.338703
0.0123422
0.0219605
0.510938
0.318609
0.662
0.0470593
0.662
0.662
0.469199
0.289124
0.662
0.662
0.470589
0.296791
0.468329
0.317369
0.324189
0.404333
0.662
0.179263
0.662
0.442086
0.191473
0.115137
0.662
0.305867
0.662
0.662
0.589035
0.507454
0.472586
0.0170918
0.602591
0.0225533
0.0352122
0.173009
0.662
0.662
0.395236
0.208302
0.278728
0.362262
0.0257853
0.605227
0.14193
0.662
0.148337
0.662
0.269763
0.473638
0.662
0.40858
0.211133
0.0388829
0.662
0.130344
0.662
0.662
0.195372
0.307547
0.662
0.662
0.662
0.0295648
0.158186
0.422383
0.662
0.662
0.555718
0.662
0.662
0.474048
0.662
0.662
0.447065
0.662
0.662
0.662
0.662
0.117169
0.000985547
0.59025
0.152654
0.322893
0.662
0.25284
0.662
0.296998
0.662
0.364736
0.662
0.662
0.662
0.662
0.662
0.662
0.160541
0.662
0.662
0.662
0.1532
0.662
0.135128
0.662
0.257203
0.662
0.0914367
0.312063
0.138337
0.108335
0.0492879
0.224572
0.268991
0.662
0.662
0.311533
0.18695
0.205734
0.662
0.610966
0.102034
0.323563
0.662
0.662
0.662
0.558605
0.662
0.238306
0.0740674
0.393839
0.239997
0.662
0.400595
0.662
0.662
0.263652
0.286431
0.00221645
0.0783908
0.0707034
0.296754
0.253709
0.662
0.392186
0.662
0.662
0.147285
0.47671
0.245976
0.519782
0.0254385
0.18062
0.206156
0.393985
0.0986746
0.440551
0.0176049
0.662
0.220995
0.157577
0.662
0.230242
0.662
0.288579
0.3142
0.662
0.662
0.662
0.662
0.340074
0.428438
0.0167897
0.559413
0.306471
0.555242
0.374249
0.662
0.416898
0.379853
0.662
0.0555921
0.0685831
0.586096
0.281675
0.662
0.662
0.423743
0.0468246
0.252482
0.376969
0.250163
0.662
0.574972
0.633694
0.662
0.662
0.662
0.21298
0.107461
0.192945
0.331352
0.303781
0.656026
0.283325
0.471626
0.662
0.662
0.146095
0.309661
0.662
0.136913
0.654755
0.662
0.662
0.189837
0.370305
0.0452454
0.662
0.330454
0.0528408
0.00300031
0.662
0.22345
0.235036
0.662
0.133647
0.662
0.645721
0.376218
0.662
0.662
0.309798
0.599603
0.320886
0.185234
0.662
0.225931
0.400021
0.238666
0.0634382
0.662
0.476719
0.312552
0.329649
0.405139
0.662
0.173726
0.401458
0.0592394
0.662
0.662
0.662
0.31033
0.662
0.662
0.662
0.251492
0.662
0.0886256
0.662
0.662
0.36853
0.662
0.662
0.294753
0.367525
0.662
0.0446751
0.659026
0.348782
0.201845
0.0756431
0.236411
0.319434
0.662
0.324089
0.0723646
0.662
0.662
0.633082
0.330619
0.662
0.662
0.185198
0.295727
0.148765
0.262093
0.442179
0.662
0.662
0.195508
0.101904
0.111369
0.662
0.662
0.217991
0.484318
0.0704416
0.397993
0.191908
0.180096
0.320849
0.662
0.0116179
0.662
0.0613574
0.374111
0.466799
0.662
0.662
0.409552
0.26683
0.662
0.321347
0.189422
0.107007
0.662
0.104108
0.207965
0.150964
0.462065
0.242553
0.662
0.255018
0.164031
0.0846266
0.384991
0.137064
0.662
0.662
0.662
0.662
0.545641
0.325173
0.251047
0.662
0.11128
0.0863696
0.662
0.662
0.662
0.662
0.277204
0.271679
0.662
0.662
0.662
0.199639
0.151892
0.151322
0.662
0.104114
0.415118
0.108794
0.37544
0.662
0.359362
0.555041
0.142596
0.461364
0.503594
0.184239
0.662
0.591927
0.0790774
0.385058
0.662
0.442103
0.662
0.477612
0.189785
0.438481
0.250798
0.662
0.127687
0.103108
0.253966
0.546065
0.0475161
0.222856
0.111512
0.353567
0.0176065
0.662
0.662
0.662
0.0228397
0.662
0.662
0.662
0.182305
0.0665389
0.0687666
0.662
0.151451
0.0778294
0.546632
0.662
0.177265
0.187647
0.662
0.209465
0.072528
0.662
0.204296
0.662
0.656418
0.0446111
0.236378
0.662
0.662
0.662
0.0632358
0.05585
0.288569
0.215494
0.662
0.0782392
0.279709
0.608555
0.133914
0.123099
0.0923829
0.662
0.0976212
0.214448
0.410657
0.103358
0.476989
0.446838
0.20317
0.18925
0.28041
0.402476
0.0608532
0.662
0.629224
0.39083
0.662
0.662
0.461463
0.304647
0.650402
0.662
0.0348794
0.662
0.662
0.0867818
0.49682
0.662
0.404982
0.0142401
0.316403
0.662
0.394874
0.129326
0.638606
0.383149
0.662
0.369798
0.142749
0.258604
0.662
0.662
0.392836
0.662
0.364438
0.395177
0.662
0.44285
0.541521
0.495541
0.387335
0.287911
0.170539
0.259851
0.662
0.662
0.587177
0.428299
0.662
0.29748
0.662
0.218777
0.352777
0.242816
0.662
0.168946
0.087947
0.223079
0.468502
0.662
0.430985
0.662
0.662
0.555977
0.194591
0.662
0.662
0.275307
0.662
0.662
0.662
0.662
0.204033
0.662
0.367981
0.326642
0.662
0.191272
0.0808152
0.375312
0.113461
0.350555
0.662
0.336036
0.662
0.242106
0.206993
0.662
0.422163
0.423836
0.296303
0.272609
0.0860503
0.342309
0.662
0.595476
0.662
0.589124
0.193604
0.662
0.662
0.0814833
0.662
0.662
0.0316078
0.0656901
0.11083
0.662
0.363301
0.662
0.284078
0.119335
0.143705
0.612536
0.662
0.447263
0.662
0.662
0.241023
0.250602
0.321723
0.662
0.218908
0.214302
0.662
0.225192
0.662
0.223959
0.662
0.464154
0.0323737
0.662
0.416976
0.0534959
0.662
0.239599
0.662
0.265127
0.662
0.662
0.116808
0.662
0.150165
0.573723
0.662
0.254317
0.2656
0.249005
0.662
0.191312
0.662
0.315283
0.207833
0.261405
0.142985
0.530162
0.094442
0.320869
0.315722
0.351972
0.219055
0.662
0.662
0.43336
0.662
0.662
0.0859246
0.26325
0.314914
0.353017
0.662
0.012445
0.452486
0.152201
0.662
0.662
0.0272453
0.662
0.379639
0.662
0.309025
0.407707
0.662
0.192669
0.0309015
0.186473
0.116281
0.662
0.231687
0.326204
0.521491
0.662
0.662
0.662
0.417585
0.372696
0.514827
0.662
0.662
0.235464
0.00785011
0.423436
0.662
0.333414
0.0345646
0.662
0.606151
0.662
0.662
0.123729
0.300515
0.291846
0.662
0.313993
0.662
0.461826
0.516838
0.662
0.130598
0.35637
0.00515357
0.201848
0.17458
0.292085
0.662
0.123861
0.662
0.662
0.662
0.662
0.662
0.29484
0.344254
0.183586
0.502297
0.506291
0.662
0.455206
0.205401
0.560723
0.294357
0.345562
0.662
0.22002
0.611082
0.177625
0.662
0.0383043
0.662
0.662
0.512479
0.662
0.662
0.0458062
0.662
0.643888
0.662
0.44775
0.662
0.662
0.277461
0.243114
0.415386
0.214518
0.413618
0.662
0.473994
0.214664
0.662
0.48442
0.164844
0.172616
0.392847
0.117976
0.0665246
0.662
0.403581
0.0477296
0.170729
0.428095
0.662
0.662
0.383216
0.470703
0.662
0.662
0.291697
0.662
0.572466
0.662
0.662
0.661114
0.662
0.387518
0.290264
0.662
0.32849
0.633694
0.662
0.662
0.330736
0.662
0.369399
0.662
0.662
0.30798
0.0460678
0.23423
0.317352
0.145407
0.662
0.662
0.174834
0.263706
0.662
0.19857
0.662
0.662
0.662
0.47857
0.288976
0.662
0.309631
0.617867
0.662
0.662
0.00859084
0.662
0.154928
0.255265
0.662
0.258244
0.183035
0.421858
0.477532
0.270075
0.434059
0.332888
0.527808
0.430659
0.180107
0.436991
0.215123
0.662
0.236124
0.662
0.375679
0.413176
0.571503
0.662
0.662
0.662
0.497182
0.589863
0.333393
0.662
0.110641
0.211475
0.29514
0.305029
0.44983
0.469249
0.133047
0.112091
0.32605
0.441061
0.662
0.662
0.0411205
0.139023
0.224141
0.43838
0.662
0.324078
0.662
0.662
0.662
0.654889
0.369226
0.224681
0.662
0.662
0.00112386
0.662
0.207937
0.526663
0.608997
0.662
0.662
0.662
0.605793
0.662
0.662
0.662
0.241882
0.208334
0.234371
0.419675
0.0386481
0.106204
0.0602635
0.187604
0.225283
0.287611
0.662
0.463486
0.0223093
0.148861
0.18201
0.662
0.197651
0.633716
0.662
0.0607507
0.0287947
0.662
0.316171
0.327603
0.662
0.469049
0.427554
0.29498
0.452491
0.301667
0.323385
0.0266548
0.662
0.191874
0.241512
0.125031
0.493496
0.241058
0.662
0.662
0.662
0.182803
0.30201
0.216662
0.0595315
0.376192
0.662
0.662
0.318205
0.442966
0.352094
0.662
0.662
0.257372
0.20686
0.350878
0.469164
0.662
0.662
0.421595
0.662
0.156267
0.662
0.289718
0.662
0.34734
0.662
0.662
0.393554
0.662
0.291218
0.662
0.662
0.472911
0.299244
0.662
0.151283
0.662
0.211411
0.41948
0.223424
0.662
0.0744516
0.373302
0.446919
0.662
0.137298
0.21611
0.662
0.0318017
0.662
0.532965
0.509635
0.16856
0.662
0.662
0.42168
0.226297
0.164028
0.224661
0.239906
0.236147
0.662
0.0106477
0.258957
0.347782
0.662
0.662
0.234122
0.328759
0.662
0.368041
0.313948
0.471722
0.440427
0.458937
0.468697
0.255977
0.564678
0.3106
0.276168
0.278174
0.409296
0.29155
0.662
0.662
0.349853
0.662
0.662
0.343493
0.188645
0.662
0.371035
0.169992
0.022097
0.662
0.500155
0.662
0.662
0.467734
0.321256
0.191117
0.466038
0.232972
0.21329
0.662
0.405828
0.662
0.326479
0.292106
0.662
0.311351
0.353261
0.662
0.662
0.324201
0.181828
0.0114084
0.572638
0.662
0.662
0.0881912
0.202272
0.202083
0.662
0.662
0.249664
0.100625
0.0915173
0.184889
0.219513
0.476244
0.662
0.662
0.662
0.253445
0.301819
0.662
0.662
0.111657
0.662
0.141761
0.662
0.662
0.0325729
0.662
0.662
0.662
0.35715
0.662
0.185968
0.202979
0.298335
0.662
0.570888
0.512536
0.270029
0.662
0.132006
0.0837734
0.662
0.175188
0.662
0.0302097
0.639306
0.0205706
0.123168
0.662
0.662
0.662
0.662
0.213353
0.662
0.0647913
0.0162196
0.070371
0.023916
0.493518
0.328103
0.261957
0.461558
0.511596
0.662
0.140886
0.662
0.395103
0.110666
0.322135
0.0434544
0.326386
0.662
0.662
0.253317
0.220069
0.662
0.310251
0.0332428
0.381394
0.381284
0.662
0.662
0.381968
0.662
0.662
0.662
0.197087
0.194633
0.662
0.216234
0.20798
0.0770079
0.662
0.662
0.662
0.24149
0.242929
0.516488
0.662
0.0468014
0.282374
0.370047
0.662
0.614413
0.662
0.430276
0.462139
0.345801
0.641096
0.47306
0.423855
0.107056
0.629264
0.662
0.662
0.662
0.662
0.662
0.214039
0.39727
0.263678
0.367085
0.368058
0.406115
0.662
0.124086
0.662
0.662
0.26938
0.0507931
0.260476
0.662
0.0232507
0.662
0.381359
0.446028
0.662
0.0397362
0.235307
0.329572
0.189506
0.593154
0.532512
0.662
0.662
0.0141386
0.00725891
0.662
0.193922
0.662
0.233297
0.662
0.433151
0.458304
0.376139
0.462546
0.662
0.662
0.230895
0.662
0.662
0.185878
0.196832
0.209255
0.209202
0.662
0.240309
0.0852909
0.484478
0.662
0.662
0.662
0.00269667
0.300739
0.289857
0.662
0.092925
0.207344
0.662
0.547918
0.286756
0.662
0.662
0.38959
0.662
0.0854877
0.662
0.560249
0.548697
0.662
0.662
0.0618552
0.662
0.639804
0.36944
0.662
0.201281
0.654785
0.480407
0.662
0.662
0.207445
0.136305
0.118998
0.18104
0.149546
0.0693499
0.560697
0.662
0.0827298
0.662
0.466556
0.497766
0.386628
0.662
0.630801
0.25013
0.662
0.284038
0.662
0.391552
0.557158
0.335715
0.658772
0.428168
0.662
0.0613871
0.246101
0.662
0.401749
0.577848
0.0502709
0.38165
0.662
0.317882
0.144802
0.215798
0.273112
0.662
0.220194
0.400471
0.662
0.377024
0.662
0.252184
0.662
0.577666
0.493502
0.405276
0.230686
0.662
0.13659
0.662
0.326553
0.132655
0.497185
0.662
0.357115
0.221363
0.662
0.662
0.662
0.164722
0.00977496
0.210378
0.652323
0.633505
0.244487
0.469699
0.20295
0.662
0.662
0.254441
0.657376
0.00777663
0.485534
0.168473
0.655072
0.287513
0.158739
0.0693163
0.207469
0.331583
0.0466889
0.662
0.662
0.00765335
0.524918
0.459847
0.662
0.662
0.147385
0.39105
0.420408
0.662
0.348203
0.0341824
0.228891
0.446797
0.187947
0.662
0.1848
0.306658
0.186334
0.447441
0.662
0.662
0.163334
0.662
0.143593
0.662
0.0163011
0.199997
0.662
0.662
0.352411
0.662
0.662
0.662
0.292429
0.45046
0.222082
0.339861
0.662
0.386186
0.176883
0.113661
0.662
0.295163
0.449434
0.662
0.662
0.662
0.222973
0.364715
0.301557
0.524649
0.191884
0.166915
0.662
0.662
0.313525
0.310081
0.662
0.662
0.662
0.34696
0.216405
0.303221
0.266892
0.487788
0.662
0.0916467
0.334721
0.662
0.321571
0.393648
0.659208
0.00381434
0.339563
0.329498
0.0843217
0.491778
0.459109
0.633391
0.118601
0.48487
0.0939049
0.445485
0.662
0.662
0.662
0.0581108
0.662
0.394261
0.473204
0.662
0.662
0.0697733
0.412722
0.268996
0.471047
0.215475
0.190355
0.509396
0.136948
0.43813
0.315462
0.264992
0.352288
0.439357
0.370296
0.662
0.662
0.176558
0.662
0.406967
0.543605
0.463718
0.335252
0.16565
0.662
0.133286
0.383509
0.466537
0.662
0.437388
0.0753939
0.279066
0.558011
0.662
0.112397
0.252452
0.182639
0.662
0.662
0.0199001
0.662
0.662
0.0103482
0.0185049
0.662
0.662
0.662
0.279548
0.0911077
0.415125
0.244593
0.177758
0.309175
0.534695
0.662
0.442068
0.258847
0.259169
0.59366
0.184463
0.662
0.662
0.662
0.0677109
0.560641
0.662
0.662
0.662
0.662
0.481396
0.340599
0.121016
0.158986
0.295354
0.662
0.662
0.448568
0.662
0.539568
0.662
0.662
0.662
0.226132
0.373875
0.286792
0.184462
0.402056
0.528839
0.301314
0.297037
0.662
0.0362356
0.180696
0.662
0.662
0.662
0.0178707
0.662
0.132357
0.662
0.376803
0.641416
0.662
0.00445846
0.429406
0.0409381
0.662
0.380018
0.662
0.662
0.144825
0.662
0.395235
0.0429423
0.376105
0.662
0.397583
0.662
0.316927
0.209218
0.662
0.261779
0.662
0.662
0.266788
0.662
0.662
0.278884
0.394792
0.662
0.662
0.270968
0.662
0.330889
0.192749
0.662
0.662
0.282702
0.474366
0.662
0.335938
0.662
0.662
0.662
0.115333
0.633694
0.662
0.662
0.662
0.662
0.662
0.662
0.662
0.662
0.196908
0.297303
0.304765
0.662
0.249176
0.282061
0.615088
0.662
0.662
0.29036
0.109209
0.466548
0.00534587
0.364962
0.662
0.461119
0.435272
0.204246
0.662
0.662
0.021664
0.237651
0.122504
0.474477
0.225717
0.452178
0.348823
0.376525
0.39373
0.662
0.662
0.165937
0.306669
0.509016
0.662
0.662
0.310527
0.450743
0.662
0.320442
0.424379
0.17713
0.251369
0.0146747
0.174423
0.107684
0.662
0.288024
0.190208
0.533439
0.372925
0.291398
0.593741
0.662
0.662
0.662
0.326168
0.662
0.662
0.17393
0.448327
0.0204134
0.662
0.662
0.313044
0.662
0.326139
0.662
0.662
0.662
0.422593
0.474369
0.345809
0.0918214
0.0438391
0.21913
0.312352
0.266267
0.662
0.662
0.389963
0.00424113
0.36624
0.0171566
0.662
0.133114
0.310847
0.662
0.662
0.130712
0.662
0.662
0.662
0.239456
0.332872
0.662
0.662
0.458197
0.640922
0.349677
0.103801
0.297159
0.256377
0.427979
0.662
0.198578
0.197482
0.662
0.241969
0.422774
0.662
0.0408891
0.662
0.248648
0.662
0.662
0.662
0.412371
0.662
0.0608004
0.121408
0.339703
0.388837
0.189661
0.213202
0.662
0.263136
0.662
0.662
0.662
0.662
0.297811
0.512112
0.230082
0.167414
0.111455
0.662
0.662
0.662
0.479602
0.662
0.572882
0.662
0.662
0.662
0.164275
0.273759
0.662
0.662
0.13294
0.662
0.446614
0.662
0.643654
0.662
0.279248
0.662
0.662
0.173504
0.662
0.500147
0.206225
0.380863
0.662
0.1349
0.662
0.342281
0.635832
0.662
0.662
0.300143
0.662
0.222413
0.24706
0.662
0.662
0.0910942
0.545191
0.662
0.242406
0.460002
0.412301
0.100027
0.289697
0.425266
0.224829
0.010925
0.662
0.662
0.662
0.191701
0.662
0.662
0.427555
0.514257
0.100825
0.0171383
0.662
0.137405
0.662
0.662
0.662
0.570906
0.192385
0.662
0.662
0.662
0.662
0.0523088
0.662
0.22325
0.662
0.52906
0.662
0.541035
0.0343506
0.662
0.662
0.203885
0.662
0.247205
0.415047
0.475261
0.662
0.295998
0.662
0.662
0.445947
0.408465
0.662
0.215083
0.662
0.171603
0.662
0.43109
0.662
0.662
0.217931
0.187635
0.662
0.662
0.00453022
0.662
0.662
0.662
0.662
0.662
0.149961
0.0694866
0.662
0.662
0.241411
0.466088
0.593703
0.325345
0.405862
0.507814
0.0485652
0.662
0.381414
0.125382
0.662
0.20833
0.550322
0.662
0.00782577
0.662
0.662
0.662
0.662
0.662
0.662
0.662
0.662
0.662
0.662
0.175076
0.074937
0.212893
0.662
0.400649
0.205818
0.606507
0.662
0.662
0.504281
0.526874
0.467432
0.424899
0.560834
0.662
0.570548
0.382145
0.136958
0.662
0.221363
0.368305
0.662
0.662
0.450303
0.418309
0.356945
0.662
0.268372
0.26556
0.184031
0.117327
0.566175
0.104062
0.662
0.211158
0.662
0.200465
0.406223
0.655099
0.662
0.625225
0.426719
0.662
0.356509
0.2471
0.277627
0.662
0.109196
0.0342117
0.382356
0.662
0.474851
0.662
0.662
0.229373
0.0434075
0.662
0.336915
0.134482
0.662
0.427213
0.417432
0.0992106
0.662
0.122582
0.227744
0.408138
0.0417467
0.39899
0.400261
0.662
0.523127
0.662
0.662
0.662
0.662
0.662
0.662
0.662
0.164111
0.252897
0.662
0.372321
0.662
0.085193
0.3574
0.223784
0.353161
0.123223
0.662
0.662
0.625713
0.662
0.662
0.0643966
0.662
0.0366833
0.662
0.338459
0.227911
0.225245
0.662
0.102578
0.285387
0.248221
0.652178
0.104463
0.611893
0.0545803
0.292795
0.662
0.391933
0.163444
0.662
0.239587
0.0175001
0.281522
0.0996117
0.309913
0.0998099
0.373863
0.134361
0.476625
0.662
0.16994
0.155095
0.324406
0.456754
0.153663
0.081109
0.662
0.435708
0.195849
0.184962
0.662
0.662
0.458493
0.662
0.662
0.0493564
0.662
0.324324
0.547523
0.662
0.194759
0.38521
0.662
0.160091
0.662
0.0253786
0.662
0.662
0.0237558
0.304975
0.0967206
0.662
0.29085
0.37509
0.0509489
0.20429
0.662
0.391398
0.662
0.0666276
0.450718
0.662
0.662
0.351827
0.662
0.662
0.191518
0.662
0.269284
0.0105919
0.358392
0.662
0.662
0.198998
0.662
0.662
0.642296
0.551659
0.662
0.662
0.662
0.181968
0.193323
0.0192887
0.281736
0.133847
0.412611
0.267049
0.398356
0.662
0.413441
0.0592496
0.662
0.233663
0.17284
0.662
0.662
0.536081
0.108029
0.301487
0.0273282
0.322844
0.293938
0.662
0.280403
0.22465
0.13452
0.349171
0.400466
0.662
0.571849
0.206976
0.0443465
0.0682567
0.662
0.662
0.359267
0.0940663
0.127768
0.426899
0.662
0.278924
0.0502225
0.272839
0.662
0.444003
0.477096
0.662
0.582548
0.202985
0.662
0.662
0.198822
0.662
0.662
0.0225648
0.124717
0.430257
0.662
0.24436
0.265487
0.474788
0.662
0.189088
0.196533
0.662
0.375315
0.00190614
0.436492
0.105067
0.43297
0.28842
0.662
0.662
0.662
0.662
0.662
0.460648
0.662
0.662
0.662
0.662
0.662
0.314759
0.268624
0.532977
0.662
0.662
0.258446
0.263799
0.597735
0.0370335
0.436551
0.662
0.0696254
0.65616
0.0773572
0.662
0.662
0.219874
0.483202
0.397343
0.0395927
0.662
0.662
0.398028
0.170083
0.0569319
0.343643
0.662
0.662
0.662
0.610949
0.595986
0.461652
0.662
0.118076
0.662
0.381252
0.221552
0.430673
0.662
0.343893
0.502416
0.662
0.349792
0.199666
0.0960772
0.40039
0.349899
0.662
0.662
0.0416942
0.442252
0.488647
0.662
0.662
0.0880995
0.202475
0.163828
0.307671
0.234354
0.662
0.180885
0.662
0.221726
0.30146
0.113687
0.286337
0.44675
0.345348
0.662
0.248889
0.228275
0.662
0.470916
0.662
0.20831
0.662
0.195486
0.195547
0.662
0.662
0.355665
0.359329
0.662
0.209183
0.511181
0.151951
0.058648
0.382749
0.337944
0.0177666
0.281164
0.345798
0.662
0.304253
0.662
0.662
0.0199318
0.486178
0.461907
0.0638183
0.0292707
0.662
0.31569
0.222712
0.13309
0.203887
0.52554
0.304712
0.301507
0.255218
0.662
0.662
0.35348
0.0943942
0.405136
0.186207
0.201647
0.662
0.476165
0.416639
0.662
0.662
0.0244554
0.298073
0.252984
0.662
0.662
0.392875
0.453209
0.0396204
0.497553
0.662
0.22777
0.662
0.662
0.136561
0.190997
0.662
0.662
0.376025
0.227099
0.0257737
0.603483
0.662
0.262522
0.304789
0.662
0.662
0.087952
0.212428
0.303899
0.0251759
0.662
0.430088
0.662
0.389014
0.194036
0.361133
0.0731595
0.190156
0.526816
0.662
0.662
0.472492
0.399725
0.21167
0.360499
0.662
0.365774
0.431282
0.409628
0.252587
0.0625164
0.460346
0.461452
0.111205
0.0741601
0.662
0.126518
0.310819
0.0414819
0.135007
0.315346
0.137657
0.662
0.504392
0.57066
0.662
0.662
0.412537
0.662
0.662
0.53526
0.662
0.241676
0.14175
0.256021
0.662
0.0451679
0.662
0.0864759
0.662
0.662
0.224389
0.662
0.143624
0.464417
0.0702595
0.662
0.129003
0.662
0.662
0.0338661
0.282089
0.662
0.662
0.203972
0.465453
0.662
0.662
0.345942
0.354498
0.662
0.246727
0.178505
0.662
0.131877
0.185939
0.357133
0.140414
0.662
0.662
0.662
0.662
0.662
0.107713
0.662
0.181827
0.340911
0.31016
0.662
0.313238
0.662
0.662
0.590466
0.33383
0.193366
0.662
0.484033
0.204256
0.2592
0.662
0.662
0.372672
0.313361
0.662
0.195278
0.2203
0.275139
0.102532
0.173684
0.0181037
0.332727
0.441784
0.662
0.662
0.370467
0.662
0.662
0.220485
0.662
0.662
0.423916
0.206891
0.495385
0.662
0.662
0.662
0.271511
0.662
0.352621
0.662
0.662
0.662
0.270756
0.0504709
0.253898
0.177166
0.185498
0.476382
0.112566
0.137104
0.285969
0.233213
0.27693
0.331129
0.100474
0.662
0.406314
0.662
0.662
0.662
0.0113918
0.0795206
0.466263
0.662
0.662
0.662
0.147421
0.170523
0.192133
0.452725
0.662
0.350808
0.163008
0.650467
0.662
0.451344
0.373435
0.662
0.370532
0.662
0.516627
0.662
0.188414
0.418315
0.342534
0.396342
0.0776047
0.564576
0.188117
0.0695241
0.353324
0.161095
0.662
0.662
0.662
0.143622
0.662
0.662
0.662
0.452061
0.230907
0.662
0.662
0.223952
0.662
0.662
0.270043
0.662
0.662
0.63143
0.132536
0.310438
0.662
0.38264
0.49055
0.106751
0.662
0.662
0.365636
0.30849
0.305988
0.653173
0.233078
0.404073
0.100624
0.662
0.662
0.317718
0.0675844
0.0229188
0.301458
0.0171609
0.556314
0.214317
0.391096
0.662
0.0599089
0.447801
0.31
0.0461364
0.662
0.352994
0.446924
0.662
0.662
0.180593
0.178976
0.662
0.149642
0.342627
0.662
0.477071
0.599139
0.662
0.127615
0.152945
0.662
0.00969241
0.10197
0.00505094
0.662
0.377755
0.130652
0.0947165
0.440264
0.141611
0.215727
0.379945
0.662
0.142806
0.113937
0.14846
0.656372
0.0439516
0.662
0.484247
0.498607
0.50941
0.662
0.662
0.219016
0.662
0.58435
0.284387
0.311401
0.236197
0.423746
0.662
0.202932
0.463273
0.332672
0.662
0.662
0.0759517
0.220178
0.22748
0.417808
0.662
0.274725
0.438598
0.304429
0.662
0.219033
0.662
0.249941
0.277368
0.240513
0.142404
0.479902
0.328648
0.662
0.138925
0.662
0.121131
0.662
0.22738
0.286305
0.662
0.662
0.207022
0.354425
0.322906
0.662
0.56435
0.662
0.662
0.466579
0.662
0.477096
0.662
0.175721
0.188916
0.618868
0.662
0.320711
0.229058
0.191846
0.662
0.662
0.105941
0.106758
0.662
0.662
0.662
0.325876
0.22433
0.662
0.376366
0.662
0.227156
0.662
0.662
0.347561
0.662
0.510639
0.206563
0.401044
0.662
0.0485729
0.184162
0.662
0.461271
0.662
0.662
0.662
0.549853
0.255686
0.192857
0.662
0.662
0.146081
0.049941
0.662
0.203537
0.170861
0.662
0.211175
0.208547
0.662
0.662
0.406548
0.10329
0.301137
0.337476
0.662
0.29043
0.392328
0.638189
0.253977
0.445516
0.662
0.538991
0.182735
0.662
0.211328
0.662
0.446327
0.662
0.662
0.662
0.613133
0.252211
0.662
0.0892302
0.045509
0.662
0.662
0.662
0.662
0.662
0.662
0.662
0.662
0.662
0.09007
0.662
0.213793
0.227422
0.662
0.232797
0.0357881
0.662
0.662
0.12283
0.353297
0.662
0.662
0.451433
0.193339
0.156841
0.186288
0.662
0.662
0.477084
0.191022
0.662
0.470762
0.200053
0.662
0.333525
0.394194
0.662
0.662
0.186661
0.659078
0.413104
0.313338
0.134373
0.633694
0.662
0.408643
0.646292
0.295751
0.662
0.662
0.662
0.201086
0.662
0.662
0.662
0.0200906
0.662
0.662
0.114801
0.391185
0.424882
0.321723
0.662
0.662
0.0274269
0.662
0.440223
0.662
0.143678
0.662
0.177196
0.137023
0.662
0.662
0.237435
0.233426
0.321902
0.136517
0.196432
0.174554
0.224085
0.662
0.662
0.16633
0.347795
0.406933
0.662
0.350669
0.193549
0.560796
0.213457
0.662
0.214247
0.252179
0.662
0.662
0.178101
0.135907
0.277188
0.252548
0.662
0.662
0.266863
0.214158
0.662
0.195589
0.0635459
0.046326
0.662
0.202587
0.662
0.488086
0.470737
0.662
0.662
0.153604
0.662
0.662
0.662
0.662
0.662
0.662
0.662
0.662
0.662
0.662
0.190459
0.662
0.662
0.104592
0.662
0.439901
0.0479556
0.125956
0.662
0.662
0.662
0.620489
0.391907
0.662
0.662
0.251122
0.00304851
0.246436
0.255677
0.662
0.446605
0.187258
0.662
0.1788
0.662
0.358968
0.0735327
0.647026
0.142349
0.662
0.662
0.662
0.662
0.173117
0.351767
0.662
0.198392
0.662
0.506276
0.662
0.662
0.662
0.526067
0.381883
0.662
0.234261
0.235809
0.662
0.662
0.191238
0.662
0.539098
0.662
0.197864
0.0395718
0.454981
0.03643
0.150218
0.405792
0.662
0.662
0.662
0.662
0.131747
0.211508
0.2117
0.662
0.644612
0.662
0.662
0.317388
0.600961
0.239766
0.332803
0.371196
0.497373
0.264882
0.239285
0.25141
0.424215
0.589058
0.456926
0.662
0.0861964
0.662
0.190716
0.130657
0.662
0.24726
0.433717
0.662
0.310353
0.211097
0.213356
0.0184011
0.304421
0.256709
0.356726
0.662
0.423309
0.0979602
0.430206
0.662
0.466887
0.134261
0.231724
0.0194469
0.152219
0.0511034
0.409467
0.662
0.256983
0.34416
0.662
0.662
0.0262616
0.0281783
0.662
0.662
0.662
0.662
0.442613
0.536681
0.301834
0.18659
0.622839
0.662
0.195416
0.662
0.662
0.166462
0.662
0.662
0.0791644
0.238552
0.328824
0.29834
0.450086
0.15449
0.662
0.0669621
0.662
0.260854
0.453691
0.448574
0.662
0.100277
0.446125
0.389787
0.662
0.144446
0.662
0.662
0.662
0.488509
0.448082
0.113025
0.662
0.265815
0.662
0.620734
0.272736
0.193983
0.371956
0.0269762
0.219778
0.000707568
0.331262
0.662
0.662
0.129475
0.3203
0.453269
0.662
0.388268
0.662
0.662
0.662
0.662
0.266703
0.266381
0.38948
0.200879
0.22815
0.662
0.0138736
0.662
0.0888252
0.662
0.500772
0.662
0.466723
0.662
0.478451
0.662
0.545141
0.509566
0.475535
0.251654
0.290202
0.662
0.662
0.102644
0.216625
0.662
0.304233
0.662
0.0148779
0.662
0.0269952
0.389882
0.662
0.0425375
0.258208
0.662
0.662
0.422578
0.167656
0.221023
0.345401
0.662
0.662
0.0862725
0.662
0.128618
0.0517863
0.662
0.662
0.234005
0.662
0.662
0.662
0.662
0.0590342
0.662
0.44913
0.387655
0.647087
0.450574
0.662
0.662
0.662
0.662
0.180739
0.662
0.372436
0.662
0.259431
0.258042
0.662
0.662
0.0735044
0.00956438
0.146153
0.0698892
0.662
0.47411
0.662
0.408446
0.646446
0.662
0.154507
0.662
0.116436
0.662
0.113139
0.271338
0.412669
0.112993
0.378069
0.292465
0.0633702
0.368941
0.409672
0.662
0.662
0.0845145
0.213107
0.662
0.476749
0.195955
0.348581
0.191151
0.280086
0.137693
0.662
0.662
0.662
0.662
0.28274
0.364429
0.0876534
0.662
0.18191
0.214037
0.0322173
0.16748
0.662
0.662
0.0947036
0.662
0.170818
0.662
0.382686
0.662
0.662
0.658963
0.479771
0.432201
0.662
0.629465
0.359019
0.662
0.662
0.399401
0.662
0.334549
0.433553
0.662
0.545669
0.341249
0.14118
0.49485
0.259475
0.662
0.662
0.662
0.662
0.258177
0.662
0.662
0.368374
0.662
0.361081
0.457874
0.16413
0.287085
0.115991
0.421159
0.662
0.35858
0.0272698
0.627079
0.0855641
0.662
0.406913
0.44833
0.662
0.525003
0.525132
0.662
0.117292
0.634675
0.662
0.279503
0.662
0.662
0.662
0.662
0.239011
0.662
0.662
0.562399
0.662
0.0702155
0.662
0.375115
0.540932
0.662
0.662
0.662
0.204267
0.0253985
0.662
0.662
0.662
0.144439
0.662
0.662
0.407272
0.310632
0.662
0.0413168
0.233955
0.662
0.14693
0.20867
0.662
0.662
0.416717
0.00432209
0.0784905
0.662
0.662
0.138796
0.0099602
0.123227
0.662
0.14492
0.662
0.662
0.607257
0.436636
0.0973574
0.412124
0.662
0.662
0.221424
0.0619451
0.662
0.662
0.662
0.604379
0.254543
0.662
0.662
0.44915
0.662
0.662
0.662
0.662
0.662
0.172557
0.570846
0.218454
0.662
0.443473
0.172353
0.159206
0.662
0.185813
0.014225
0.662
0.662
0.662
0.662
0.662
0.662
0.662
0.662
0.0667866
0.662
0.662
0.524006
0.662
0.392298
0.662
0.662
0.427149
0.229113
0.662
0.225686
0.082013
0.0540192
0.662
0.349051
0.662
0.203354
0.618755
0.662
0.190822
0.403548
0.149665
0.0460445
0.428578
0.662
0.174618
0.201528
0.662
0.388603
0.32779
0.662
0.271839
0.662
0.501233
0.662
0.176713
0.195765
0.168743
0.662
0.178591
0.601693
0.662
0.236523
0.442123
0.465624
0.422007
0.389645
0.662
0.106954
0.247336
0.304986
0.662
0.320035
0.446984
0.662
0.134923
0.662
0.662
0.0661641
0.238555
0.0836364
0.415032
0.138462
0.0355317
0.217704
0.210498
0.662
0.662
0.267898
0.13528
0.311837
0.662
0.662
0.662
0.22082
0.197796
0.0573276
0.662
0.230403
0.662
0.200414
0.662
0.0519846
0.199238
0.662
0.00853501
0.195344
0.662
0.374862
0.421107
0.662
0.273036
0.662
0.179036
0.323604
0.209609
0.662
0.520717
0.408235
0.338131
0.662
0.662
0.0225551
0.662
0.195995
0.411753
0.23926
0.662
0.662
0.183446
0.113145
0.662
0.460035
0.0445464
0.166313
0.662
0.662
0.465064
0.662
0.00457742
0.276906
0.662
0.662
0.151221
0.662
0.199374
0.312986
0.662
0.662
0.256485
0.440225
0.106255
0.662
0.0042784
0.662
0.589316
0.662
0.0317224
0.425069
0.226769
0.200137
0.662
0.311516
0.211536
0.498045
0.662
0.662
0.255025
0.662
0.129081
0.0827976
0.466407
0.662
0.662
0.299308
0.662
0.662
0.662
0.662
0.218657
0.461554
0.662
0.426705
0.147656
0.662
0.662
0.662
0.128422
0.662
0.662
0.662
0.310743
0.662
0.662
0.662
0.662
0.662
0.662
0.662
0.662
0.0184693
0.103856
0.510228
0.662
0.376374
0.00734277
0.662
0.479956
0.237033
0.361268
0.337216
0.662
0.662
0.192586
0.662
0.662
0.620907
0.662
0.662
0.0519658
0.183062
0.544781
0.662
0.662
0.274951
0.249285
0.662
0.662
0.487875
0.662
0.117732
0.662
0.662
0.431273
0.662
0.233456
0.453394
0.203575
0.250381
0.662
0.0502481
0.33067
0.103103
0.08133
0.177092
0.662
0.30836
0.297653
0.253334
0.60396
0.263991
0.662
0.0013456
0.662
0.662
0.369576
0.660738
0.662
0.662
0.568581
0.662
0.247601
0.662
0.636161
0.662
0.428238
0.0254979
0.662
0.353737
0.0986937
0.413473
0.66
0.246274
0.187742
0.662
0.662
0.46292
0.161516
0.334601
0.475495
0.391497
0.587645
0.662
0.384264
0.662
0.337927
0.662
0.171053
0.662
0.662
0.195254
0.296669
0.473891
0.662
0.367359
0.0461399
0.662
0.362048
0.32073
0.175585
0.38043
0.27584
0.662
0.662
0.06437
0.662
0.307958
0.228487
0.39351
0.662
0.662
0.120215
0.467824
0.662
0.337429
0.662
0.00532972
0.213258
0.662
0.662
0.383148
0.615481
0.662
0.319198
0.662
0.00749222
0.209077
0.511919
0.662
0.662
0.0812822
0.539929
0.662
0.160428
0.662
0.662
0.535277
0.0886195
0.181989
0.662
0.20256
0.162206
0.282076
0.471902
0.662
0.216243
0.211761
0.194008
0.662
0.220533
0.662
0.662
0.123862
0.0240372
0.123039
0.662
0.171856
0.662
0.662
0.662
0.0580411
0.662
0.203086
0.662
0.368759
0.401432
0.0359765
0.325994
0.662
0.662
0.662
0.395458
0.662
0.349807
0.662
0.662
0.466209
0.382537
0.136727
0.317102
0.405472
0.662
0.368994
0.239799
0.42389
0.389048
0.662
0.166476
0.573777
0.0991595
0.466652
0.662
0.662
0.443127
0.2349
0.464247
0.327135
0.435951
0.209815
0.377172
0.278873
0.36247
0.662
0.220304
0.662
0.25268
0.287144
0.472608
0.662
0.63674
0.662
0.3304
0.662
0.662
0.0717158
0.662
0.361625
0.386336
0.286425
0.662
0.241408
0.192814
0.400175
0.662
0.662
0.202374
0.662
0.131399
0.662
0.353109
0.662
0.189159
0.662
0.398407
0.662
0.296097
0.662
0.281879
0.420727
0.662
0.598921
0.662
0.151255
0.32886
0.353581
0.424232
0.195908
0.100378
0.662
0.28953
0.243779
0.662
0.662
0.662
0.567719
0.215974
0.662
0.662
0.350519
0.2285
0.662
0.451288
0.0816281
0.14904
0.362145
0.0545609
0.303803
0.662
0.455254
0.237143
0.662
0.662
0.319349
0.662
0.662
0.270331
0.662
0.240601
0.053823
0.662
0.520253
0.118468
0.30328
0.303481
0.360624
0.0301414
0.662
0.388041
0.322176
0.068798
0.415877
0.49823
0.230892
0.150115
0.662
0.222406
0.661336
0.196455
0.448259
0.662
0.662
0.268936
0.662
0.29286
0.662
0.524957
0.47011
0.662
0.144372
0.15197
0.00662948
0.278734
0.426166
0.662
0.0995053
0.325472
0.645763
0.0225971
0.367249
0.662
0.160412
0.366333
0.662
0.662
0.574303
0.662
0.647063
0.662
0.662
0.662
0.662
0.662
0.453737
0.662
0.235645
0.384404
0.662
0.662
0.0085926
0.132079
0.662
0.0932369
0.662
0.662
0.292314
0.662
0.126866
0.662
0.156789
0.483384
0.662
0.552848
0.662
0.31211
0.662
0.189246
0.45282
0.252586
0.662
0.662
0.239469
0.439305
0.0937687
0.662
0.423756
0.251388
0.386788
0.278691
0.435771
0.198712
0.0586553
0.144113
0.662
0.466086
0.19331
0.172039
0.662
0.662
0.0863514
0.396643
0.152838
0.662
0.350091
0.662
0.662
0.662
0.339463
0.662
0.105357
0.329537
0.20731
0.268207
0.662
0.662
0.662
0.189803
0.133457
0.087214
0.0765134
0.662
0.662
0.297711
0.0444885
0.11632
0.662
0.662
0.257863
0.662
0.368368
0.662
0.43223
0.0971514
0.62572
0.126721
0.168457
0.662
0.662
0.662
0.587519
0.367832
0.242703
0.477189
0.41901
0.662
0.662
0.662
0.565629
0.662
0.662
0.491496
0.141822
0.0470356
0.662
0.0428282
0.662
0.217439
0.662
0.395388
0.189434
0.440279
0.662
0.662
0.662
0.614549
0.19436
0.390098
0.178689
0.355868
0.573457
0.662
0.662
0.288709
0.662
0.165233
0.123837
0.445926
0.353221
0.123603
0.251945
0.662
0.662
0.662
0.662
0.662
0.390606
0.662
0.662
0.662
0.662
0.592403
0.662
0.378521
0.122822
0.0335579
0.637279
0.662
0.662
0.23441
0.662
0.139341
0.662
0.662
0.114302
0.27597
0.450912
0.0748553
0.482252
0.158841
0.662
0.213444
0.298888
0.476188
0.662
0.445355
0.203165
0.229796
0.489156
0.662
0.460621
0.446042
0.662
0.662
0.662
0.0424845
0.662
0.662
0.209852
0.339515
0.416794
0.662
0.662
0.662
0.662
0.270483
0.389336
0.0570552
0.437286
0.662
0.59731
0.483374
0.0725485
0.26062
0.228788
0.155203
0.183712
0.0576459
0.347524
0.04068
0.662
0.320646
0.355948
0.292623
0.49582
0.121722
0.662
0.428109
0.610971
0.162461
0.120667
0.461934
0.287317
0.142725
0.573773
0.253989
0.662
0.662
0.662
0.194599
0.475399
0.0501724
0.325431
0.203093
0.662
0.662
0.234178
0.431337
0.248355
0.576163
0.662
0.650189
0.0677035
0.662
0.662
0.498942
0.0490448
0.201131
0.662
0.456084
0.662
0.0145095
0.21222
0.364943
0.662
0.0546816
0.662
0.662
0.662
0.0938384
0.662
0.235528
0.630206
0.662
0.3765
0.356353
0.0873862
0.0950556
0.662
0.332231
0.301719
0.187174
0.184917
0.662
0.662
0.163409
0.662
0.132204
0.56822
0.662
0.662
0.662
0.36338
0.479147
0.63182
0.662
0.662
0.662
0.0742007
0.45254
0.472273
0.337313
0.058032
0.314044
0.308899
0.662
0.662
0.0261485
0.141154
0.405365
0.662
0.356116
0.0586345
0.662
0.011579
0.354999
0.127615
0.216838
0.148559
0.192061
0.154491
0.377582
0.662
0.527547
0.662
0.251503
0.00971484
0.201942
0.658626
0.245323
0.0692769
0.0255124
0.662
0.646386
0.348677
0.232481
0.662
0.662
0.269233
0.245033
0.662
0.49204
0.662
0.115951
0.263551
0.32307
0.300032
0.662
0.662
0.240883
0.337735
0.662
0.662
0.243558
0.662
0.259922
0.103162
0.662
0.396031
0.143982
0.662
0.662
0.475695
0.24204
0.337453
0.395745
0.662
0.662
0.261312
0.406298
0.351464
0.662
0.662
0.662
0.223271
0.662
0.662
0.662
0.29296
0.305395
0.396679
0.662
0.0767992
0.324512
0.2881
0.662
0.662
0.662
0.662
0.662
0.316126
0.662
0.199657
0.387565
0.471037
0.312454
0.662
0.662
0.335809
0.186111
0.662
0.662
0.425309
0.662
0.662
0.662
0.662
0.172868
0.662
0.189747
0.542199
0.662
0.481642
0.275663
0.421516
0.662
0.370881
0.313702
0.243191
0.164848
0.662
0.662
0.662
0.454999
0.333519
0.662
0.16918
0.662
0.441339
0.22656
0.0955552
0.40189
0.231716
0.397909
0.584018
0.662
0.662
0.656064
0.662
0.662
0.662
0.662
0.264592
0.27119
0.00830117
0.662
0.10683
0.383308
0.662
0.0380027
0.662
0.316712
0.359747
0.662
0.476212
0.662
0.662
0.471561
0.24828
0.662
0.662
0.662
0.358506
0.662
0.662
0.0241264
0.0588371
0.662
0.662
0.662
0.112925
0.662
0.185068
0.662
0.0836144
0.662
0.432127
0.662
0.662
0.0745529
0.209613
0.15485
0.662
0.662
0.0398148
0.662
0.662
0.133151
0.228147
0.662
0.52593
0.285189
0.662
0.662
0.135144
0.662
0.662
0.662
0.31433
0.240374
0.460706
0.37724
0.662
0.421565
0.214011
0.662
0.0701119
0.158234
0.662
0.207313
0.662
0.662
0.662
0.662
0.662
0.662
0.351712
0.295911
0.501608
0.454566
0.121697
0.626303
0.324152
0.132694
0.0906716
0.446826
0.0858977
0.355883
0.206751
0.662
0.662
0.662
0.412048
0.102957
0.263318
0.662
0.662
0.115559
0.0212558
0.191525
0.183693
0.662
0.364872
0.662
0.662
0.364589
0.396009
0.211422
0.234704
0.589854
0.662
0.662
0.281429
0.35035
0.471936
0.160293
0.462222
0.306496
0.662
0.283481
0.662
0.135304
0.559544
0.115866
0.176672
0.662
0.432873
0.662
0.0962206
0.355141
0.662
0.589275
0.475482
0.662
0.207839
0.400522
0.662
0.646132
0.619824
0.662
0.531261
0.198699
0.13503
0.118674
0.071852
0.184768
0.0716526
0.662
0.662
0.662
0.325307
0.662
0.581636
0.44434
0.0696891
0.662
0.128086
0.662
0.453399
0.662
0.662
0.124047
0.302207
0.662
0.0568871
0.0544058
0.662
0.156374
0.625034
0.662
0.662
0.132789
0.662
0.312608
0.0568133
0.662
0.468776
0.662
0.391543
0.625146
0.477198
0.366914
0.662
0.312748
0.435975
0.662
0.446406
0.647918
0.231015
0.223231
0.113631
0.662
0.220714
0.662
0.662
0.662
0.0547856
0.662
0.662
0.422654
0.662
0.0189266
0.384054
0.172295
0.200662
0.190523
0.256662
0.662
0.662
0.281596
0.662
0.662
0.336579
0.330387
0.662
0.259406
0.662
0.106803
0.148016
0.662
0.443826
0.662
0.43059
0.203372
0.23001
0.662
0.0245658
0.662
0.133019
0.147396
0.47383
0.0434326
0.662
0.0525983
0.324906
0.32883
0.662
0.161466
0.662
0.0907061
0.0788538
0.0575846
0.607199
0.662
0.438052
0.215586
0.662
0.662
0.662
0.191638
0.662
0.586652
0.193263
0.662
0.662
0.119643
0.662
0.290397
0.294549
0.362497
0.253565
0.662
0.232353
0.410688
0.662
0.662
0.445818
0.452723
0.17482
0.126923
0.620706
0.267982
0.662
0.196881
0.214583
0.169657
0.119584
0.662
0.662
0.121662
0.662
0.142952
0.0365551
0.662
0.370157
0.203429
0.280433
0.107341
0.0840569
0.662
0.662
0.151518
0.0476159
0.129393
0.399274
0.205412
0.662
0.105699
0.662
0.173166
0.662
0.425557
0.662
0.172442
0.346074
0.662
0.662
0.662
0.662
0.604483
0.662
0.662
0.0989936
0.114944
0.662
0.417869
0.662
0.240686
0.00893991
0.355218
0.0297383
0.662
0.211238
0.197867
0.662
0.662
0.573834
0.172029
0.662
0.616952
0.232032
0.662
0.11503
0.231084
0.662
0.369446
0.176638
0.344888
0.0875332
0.662
0.324746
0.379198
0.3361
0.662
0.416074
0.336298
0.0639426
0.428098
0.662
0.662
0.662
0.662
0.612878
0.662
0.662
0.662
0.662
0.193604
0.291551
0.158564
0.0640979
0.662
0.516502
0.0114253
0.0736177
0.662
0.153655
0.656729
0.662
0.0735923
0.413218
0.662
0.662
0.259864
0.25044
0.270309
0.446406
0.662
0.662
0.662
0.662
0.357981
0.292587
0.662
0.182083
0.209875
0.662
0.118398
0.377089
0.514385
0.420642
0.213791
0.662
0.583991
0.523468
0.662
0.644949
0.267191
0.662
0.588548
0.435961
0.662
0.184514
0.662
0.662
0.1147
0.170856
0.662
0.489416
0.662
0.479189
0.489016
0.231672
0.319092
0.260536
0.0906148
0.662
0.441739
0.662
0.320425
0.662
0.186305
0.0142801
0.447859
0.111291
0.449517
0.662
0.382273
0.215983
0.662
0.662
0.104433
0.662
0.662
0.662
0.279413
0.662
0.386675
0.662
0.662
0.223222
0.246492
0.446227
0.662
0.209589
0.305494
0.646666
0.662
0.186392
0.662
0.424922
0.662
0.662
0.341603
0.662
0.192141
0.662
0.662
0.107879
0.662
0.235803
0.662
0.0406169
0.662
0.263415
0.142278
0.356662
0.662
0.51569
0.276277
0.662
0.0441183
0.15365
0.44954
0.550906
0.352085
0.662
0.632191
0.271003
0.318241
0.63339
0.335017
0.224643
0.588526
0.662
0.662
0.391504
0.469325
0.662
0.662
0.662
0.41228
0.366447
0.458724
0.0794562
0.322428
0.122793
0.662
0.662
0.521293
0.00486287
0.662
0.662
0.662
0.232623
0.0627875
0.662
0.662
0.344227
0.662
0.40712
0.662
0.438169
0.148134
0.263196
0.0436415
0.0838758
0.466851
0.426842
0.254261
0.662
0.662
0.662
0.0270755
0.615769
0.662
0.662
0.295821
0.0156758
0.397525
0.662
0.506614
0.458987
0.662
0.662
0.464906
0.662
0.662
0.432591
0.561353
0.0688508
0.102775
0.0480624
0.153031
0.662
0.662
0.662
0.64442
0.662
0.208781
0.662
0.662
0.443904
0.188274
0.662
0.662
0.662
0.248462
0.191667
0.616441
0.662
0.300977
0.662
0.255015
0.556974
0.102801
0.662
0.548587
0.458585
0.29715
0.662
0.426467
0.662
0.131513
0.662
0.662
0.662
0.662
0.662
0.662
0.160334
0.662
0.0298156
0.213739
0.662
0.662
0.476735
0.265438
0.290244
0.662
0.203121
0.662
0.662
0.0191218
0.30021
0.324651
0.662
0.662
0.157213
0.354076
0.662
0.235798
0.278314
0.0898804
0.662
0.246754
0.278051
0.662
0.662
0.337634
0.105293
0.157489
0.603539
0.013283
0.105077
0.286298
0.452749
0.526697
0.38801
0.0800744
0.662
0.244567
0.204463
0.662
0.161848
0.436677
0.662
0.144356
0.535089
0.543752
0.662
0.0168232
0.402208
0.19254
0.0615273
0.662
0.662
0.662
0.662
0.312293
0.107367
0.388577
0.415069
0.662
0.594027
0.191066
0.662
0.142076
0.662
0.552844
0.135293
0.237032
0.33206
0.00246682
0.155374
0.627073
0.0629848
0.29433
0.662
0.572712
0.269137
0.662
0.252094
0.662
0.216345
0.662
0.262887
0.258845
0.0222365
0.210202
0.50667
0.0213409
0.662
0.209633
0.177999
0.270969
0.287527
0.181515
0.256419
0.390623
0.245464
0.662
0.111519
0.318098
0.175835
0.662
0.116134
0.263679
0.1872
0.084986
0.27134
0.445792
0.662
0.662
0.662
0.154029
0.627151
0.474616
0.433607
0.662
0.11723
0.662
0.102322
0.400486
0.662
0.662
0.519772
0.0726581
0.662
0.374993
0.662
0.295204
0.177551
0.662
0.177972
0.325886
0.662
0.662
0.381212
0.662
0.662
0.535037
0.662
0.149825
0.662
0.186642
0.662
0.662
0.662
0.464069
0.662
0.662
0.662
0.0952499
0.662
0.221814
0.274181
0.0450772
0.662
0.338941
0.662
0.325454
0.0879341
0.662
0.662
0.473723
0.619801
0.653364
0.380996
0.152313
0.119388
0.662
0.227623
0.662
0.140081
0.415898
0.662
0.662
0.662
0.662
0.55954
0.0694482
0.662
0.257278
0.289244
0.56694
0.533322
0.279739
0.656595
0.662
0.237889
0.662
0.662
0.45078
0.662
0.0926206
0.383513
0.030023
0.662
0.422979
0.260303
0.114125
0.174851
0.277177
0.140488
0.662
0.144778
0.377903
0.451738
0.662
0.366784
0.439078
0.662
0.662
0.662
0.103655
0.248116
0.0146345
0.662
0.662
0.0520869
0.662
0.662
0.662
0.662
0.662
0.649799
0.220925
0.662
0.662
0.662
0.43177
0.324459
0.662
0.2487
0.662
0.17698
0.297648
0.662
0.662
0.243181
0.662
0.208739
0.662
0.662
0.358118
0.460685
0.662
0.205428
0.514382
0.662
0.247028
0.662
0.277805
0.303628
0.657489
0.662
0.272104
0.10353
0.492541
0.662
0.662
0.227278
0.16835
0.325198
0.0528258
0.662
0.0784673
0.219977
0.48389
0.403427
0.238023
0.336503
0.192779
0.0920084
0.557529
0.367778
0.662
0.117948
0.348207
0.24041
0.662
0.317795
0.662
0.662
0.0188774
0.225484
0.662
0.259968
0.662
0.662
0.103041
0.662
0.662
0.662
0.662
0.447999
0.662
0.292142
0.329054
0.662
0.145763
0.662
0.662
0.109568
0.662
0.662
0.245086
0.234281
0.662
0.394136
0.0965457
0.0870336
0.221921
0.248016
0.0656396
0.0372044
0.034943
0.19777
0.401908
0.469826
0.662
0.662
0.662
0.450382
0.18303
0.662
0.662
0.059487
0.223978
0.330332
0.662
0.297972
0.534489
0.463836
0.662
0.392991
0.0465366
0.308681
0.393434
0.220929
0.662
0.662
0.662
0.374484
0.100577
0.662
0.368195
0.624883
0.0778092
0.662
0.32544
0.662
0.662
0.662
0.225752
0.635523
0.662
0.662
0.152407
0.662
0.292216
0.180248
0.470593
0.358006
0.662
0.227422
0.0789
0.662
0.662
0.272394
0.42581
0.662
0.662
0.0154549
0.662
0.0387624
0.15385
0.662
0.164177
0.662
0.416264
0.226753
0.557654
0.662
0.187031
0.188648
0.134932
0.198969
0.662
0.349415
0.159031
0.16361
0.466963
0.311259
0.176746
0.662
0.239449
0.662
0.397252
0.0731561
0.662
0.26951
0.662
0.658527
0.662
0.418862
0.662
0.662
0.641043
0.605858
0.0295702
0.355959
0.662
0.50776
0.375987
0.0292576
0.396964
0.206475
0.540336
0.662
0.662
0.0014073
0.070096
0.662
0.42703
0.314855
0.662
0.662
0.662
0.377233
0.231684
0.662
0.662
0.42024
0.662
0.662
0.235271
0.606172
0.662
0.456507
0.231896
0.382094
0.387046
0.662
0.0993713
0.0593177
0.523916
0.483218
0.336362
0.268497
0.264963
0.662
0.336274
0.662
0.662
0.154314
0.662
0.662
0.662
0.258741
0.0350977
0.453048
0.448685
0.12197
0.104907
0.112578
0.662
0.662
0.662
0.0556133
0.29595
0.196901
0.199027
0.432022
0.255192
0.662
0.662
0.00844982
0.391303
0.206866
0.662
0.524816
0.0909876
0.460366
0.388792
0.0555841
0.504804
0.248527
0.662
0.662
0.149666
0.662
0.00272275
0.221761
0.662
0.333111
0.662
0.266
0.662
0.18671
0.388838
0.22471
0.474596
0.662
0.326535
0.09835
0.65963
0.662
0.41159
0.159137
0.0696408
0.662
0.662
0.662
0.510292
0.662
0.350227
0.169334
0.105576
0.0499149
0.470042
0.499443
0.662
0.314392
0.199039
0.662
0.662
0.466002
0.345789
0.0592457
0.367793
0.135161
0.613538
0.143646
0.220671
0.410805
0.284763
0.0362017
0.662
0.422749
0.174573
0.662
0.0731371
0.212513
0.173666
0.662
0.662
0.456407
0.209259
0.662
0.00950527
0.251688
0.662
0.275647
0.0183183
0.662
0.662
0.539081
0.662
0.662
0.662
0.662
0.315645
0.662
0.662
0.662
0.181924
0.337619
0.12501
0.662
0.662
0.662
0.286163
0.662
0.277524
0.503213
0.00840478
0.149562
0.401129
0.186738
0.429941
0.350301
0.265226
0.662
0.662
0.40178
0.578131
0.662
0.662
0.183822
0.0710014
0.140391
0.371552
0.662
0.662
0.662
0.197687
0.364652
0.662
0.662
0.416256
