0.297142
0.225699
0.662
0.433277
0.480375
0.226842
0.288052
0.417298
0.199892
0.662
0.440244
0.466917
0.0291697
0.615443
0.476939
0.437028
0.662
0.662
0.662
0.287864
0.544487
0.0315385
0.662
0.545087
0.288321
0.658509
0.622298
0.662
0.662
0.483263
0.229626
0.662
0.662
0.662
0.158811
0.00919246
0.662
0.103385
0.161064
0.426955
0.619736
0.538542
0.662
0.662
0.163511
0.662
0.00591125
0.662
0.137431
0.571272
0.481591
0.662
0.475287
0.317266
0.0979406
0.116342
0.662
0.662
0.079483
0.464201
0.662
0.094428
0.156678
0.121646
0.662
0.392597
0.203349
0.359903
0.427305
0.662
0.662
0.532987
0.111519
0.659035
0.30643
0.662
0.28481
0.0970284
0.575174
0.00598968
0.332337
0.662
0.662
0.312824
0.662
0.662
0.289311
0.306251
0.662
0.662
0.662
0.459685
0.584378
0.381365
0.0877326
0.662
0.467144
0.0118924
0.328828
0.662
0.227044
0.156214
0.537615
0.0215927
0.541428
0.662
0.644572
0.503207
0.456884
0.662
0.662
0.0690561
0.662
0.0959911
0.662
0.0211765
0.662
0.0179447
0.329774
0.543223
0.0345437
0.64927
0.472388
0.662
0.245498
0.130158
0.662
0.659257
0.590226
0.283314
0.224419
0.194368
0.662
0.26047
0.662
0.467457
0.40184
0.168113
0.592409
0.635769
0.136948
0.105682
0.662
0.220725
0.662
0.25276
0.138192
0.125434
0.662
0.292286
0.108324
0.0115879
0.662
0.662
0.0852807
0.309611
0.662
0.0655621
0.662
0.662
0.106887
0.120539
0.450846
0.0909546
0.662
0.662
0.136723
0.662
0.0387194
0.174466
0.662
0.365608
0.254244
0.626266
0.662
0.472972
0.303672
0.662
0.336317
0.662
0.660638
0.163793
0.634896
0.62226
0.134888
0.662
0.662
0.256775
0.662
0.239847
0.22156
0.158829
0.662
0.18687
0.114605
0.299822
0.217315
0.259719
0.222861
0.662
0.0622261
0.662
0.662
0.662
0.160907
0.662
0.0547779
0.217273
0.00931868
0.621822
0.369294
0.448045
0.4667
0.309561
0.0587618
0.662
0.63845
0.414082
0.31211
0.658804
0.662
0.0754062
0.464393
0.662
0.368675
0.662
0.159297
0.413728
0.234322
0.662
0.662
0.621507
0.548337
0.113723
0.578211
0.0363834
0.278145
0.247589
0.38787
0.662
0.034768
0.0641075
0.221019
0.662
0.337068
0.259169
0.198201
0.662
0.233691
0.662
0.662
0.662
0.597664
0.0488277
0.662
0.367126
0.662
0.604317
0.662
0.662
0.528304
0.238495
0.662
0.397414
0.487891
0.436026
0.662
0.547469
0.395952
0.647385
0.37276
0.259649
0.662
0.142104
0.216903
0.662
0.252704
0.627694
0.483634
0.120039
0.00825485
0.0336128
0.341606
0.347222
0.179531
0.320899
0.0290882
0.357881
0.636766
0.0725722
0.235747
0.662
0.212602
0.190881
0.442517
0.0521953
0.662
0.212616
0.343323
0.072644
0.356872
0.364439
0.272709
0.662
0.662
0.544706
0.112655
0.662
0.40775
0.396304
0.247083
0.156516
0.642378
0.160564
0.223705
0.126054
0.261859
0.662
0.2264
0.0852506
0.250357
0.141381
0.216076
0.0751518
0.662
0.159731
0.197231
0.0825016
0.0146225
0.662
0.175181
0.662
0.429677
0.662
0.451183
0.662
0.631066
0.152422
0.662
0.589624
0.638205
0.0539662
0.315089
0.63911
0.482373
0.662
0.0569303
0.292199
0.622115
0.283412
0.158638
0.240981
0.403789
0.61937
0.158205
0.129479
0.174659
0.0892248
0.245894
0.662
0.204964
0.0599853
0.0595818
0.164774
0.202183
0.0348165
0.0181166
0.141182
0.195495
0.105584
0.662
0.243778
0.662
0.662
0.355709
0.13164
0.452947
0.662
0.63339
0.0356944
0.0247478
0.662
0.241123
0.0896996
0.0677113
0.528853
0.345029
0.378565
0.590426
0.662
0.570655
0.0624697
0.662
0.283072
0.380086
0.403321
0.236235
0.662
0.497747
0.266596
0.662
0.206713
0.471402
0.316504
0.227731
0.199198
0.509827
0.317146
0.308423
0.662
0.662
0.42937
0.378917
0.116568
0.662
0.3025
0.662
0.401689
0.451752
0.662
0.662
0.110896
0.662
