0.662
0.149532
0.662
0.188421
0.662
0.196883
0.00964761
0.662
0.423818
0.662
0.662
0.0508605
0.662
0.607435
0.16154
0.356692
0.459815
0.189851
0.662
0.662
0.159405
0.565262
0.662
0.372254
0.359448
0.558601
0.662
0.662
0.339343
0.606709
0.662
0.0325684
0.413676
0.430302
0.374029
0.209776
0.662
0.662
0.662
0.225706
0.197474
0.252712
0.662
0.662
0.253092
0.18546
0.216669
0.662
0.662
0.662
0.36347
0.662
0.523229
0.568744
0.162484
0.425545
0.111918
0.497149
0.306953
0.662
0.446233
0.438993
0.662
0.422283
0.137648
0.527447
0.662
0.662
0.0848431
0.662
0.662
0.0390467
0.662
0.662
0.192958
0.614647
0.203654
0.662
0.0186662
0.662
0.445347
0.662
0.662
0.184841
0.196941
0.662
0.213148
0.235045
0.542652
0.0660672
0.197002
0.170877
0.382925
0.662
0.231571
0.00604369
0.223624
0.118242
0.662
0.638944
0.114844
0.105685
0.662
0.432787
0.27281
0.337464
0.185421
0.662
0.00484129
0.662
0.662
0.662
0.662
0.364594
0.310765
0.662
0.631398
0.662
0.476607
0.662
0.628862
0.115231
0.108341
0.215133
0.662
0.440325
0.291633
0.662
0.103504
0.662
0.624007
0.389507
0.356711
0.662
0.488973
0.245599
0.148026
0.662
0.662
0.376227
0.662
0.312246
0.662
0.22562
0.453606
0.662
0.0436662
0.662
0.437687
0.277014
0.662
0.662
0.662
0.268254
0.437365
0.308422
0.662
0.0131538
0.212067
0.662
0.279411
0.662
0.644135
0.118114
0.305018
0.662
0.193412
0.0433646
0.440688
0.151268
0.662
0.662
0.601509
0.662
0.185639
0.662
0.421221
0.0535105
0.662
0.662
0.0815309
0.464046
0.662
0.293835
0.662
0.662
0.662
0.185257
0.662
0.391689
0.662
0.551859
0.662
0.662
0.295622
0.662
0.0315034
0.662
0.662
0.0184563
0.558049
0.662
0.600894
0.322077
0.662
0.319965
0.662
0.169843
0.662
0.165634
0.662
0.662
0.297315
0.346894
0.662
0.464051
0.118248
0.0424604
0.662
0.662
0.662
0.662
0.26178
0.311877
0.662
0.201025
0.210061
0.376319
0.644801
0.121515
0.217709
0.622736
0.277823
0.662
0.280716
0.662
0.319099
0.662
0.60653
0.237804
0.150815
0.662
0.433516
0.350093
0.662
0.0668908
0.662
0.234693
0.662
0.535934
0.662
0.662
0.405399
0.662
0.231621
0.609443
0.662
0.366842
0.0115534
0.662
0.133576
0.228941
0.662
0.662
0.203918
0.561228
0.475439
0.279133
0.157507
0.662
0.543806
0.313651
0.497615
0.662
0.256595
0.398618
0.662
0.662
0.641549
0.302807
0.216489
0.662
0.466513
0.662
0.662
0.461789
0.230688
0.086722
0.117031
0.466937
0.0425556
0.662
0.141113
0.335137
0.628765
0.662
0.459659
0.618766
0.490173
0.662
0.0641653
0.656014
0.0562287
0.662
0.0694223
0.0528311
0.568765
0.637499
0.662
0.662
0.445602
0.40777
0.662
0.163609
0.662
0.662
0.338787
0.191309
0.662
0.216859
0.556507
0.0564865
0.662
0.152184
0.662
0.662
0.0713097
0.398822
0.235556
0.662
0.255849
0.137714
0.545975
0.360103
0.437853
0.662
0.560983
0.314844
0.662
0.302037
0.662
0.0639585
0.220189
0.36137
0.618487
0.629133
0.662
0.662
0.662
0.662
0.662
0.662
0.549314
0.338111
0.662
0.465306
0.0924174
0.0716039
0.662
0.303879
0.0986885
0.413901
0.287891
0.57027
0.233886
0.440343
0.662
0.308773
0.154262
0.662
0.445774
0.412563
0.224153
0.190939
0.662
0.0332847
0.50325
0.389242
0.304565
0.244253
0.662
0.469661
0.574546
0.472105
0.020472
0.461689
0.0284802
0.662
0.291406
0.662
0.662
0.0532134
0.662
0.197737
0.194965
0.662
0.662
0.587114
0.356769
0.662
0.0202641
0.662
0.12363
0.389833
0.662
0.642382
0.448334
0.662
0.662
0.224918
0.436895
0.315483
0.243576
0.662
0.10329
0.662
0.662
0.662
0.274019
0.100589
0.191269
0.0820396
0.24262
0.274626
0.662
0.662
0.184284
0.126628
0.652652
0.662
0.389036
0.555679
0.422805
0.312879
0.662
0.06905
0.137587
0.662
0.237846
0.0895397
0.107267
0.662
0.308353
0.662
0.662
0.662
0.35185
0.658634
0.361226
0.283388
0.662
0.662
0.662
0.415045
0.662
0.662
0.662
0.433205
0.171577
0.273302
0.662
0.399334
0.662
0.232146
0.364989
0.471709
0.456789
0.662
0.135816
0.662
0.191055
0.266375
0.107954
0.662
0.134957
0.662
0.0902971
0.521879
0.662
0.0873204
0.545414
0.662
0.653928
0.292658
0.399916
0.662
0.662
0.662
0.37573
0.662
0.662
0.20971
0.513811
0.662
0.233548
0.040354
0.0840493
0.324243
0.537537
0.154384
0.662
0.662
0.662
0.0323948
0.354546
0.662
0.662
0.662
0.363807
0.662
0.662
0.22436
0.269295
0.662
0.344213
0.204671
0.662
0.662
0.434012
0.137962
0.662
0.388642
0.617175
0.662
0.0939863
0.08612
