0.268624
0.225074
0.662
0.528234
0.585518
0.662
0.0171856
0.576854
0.449563
0.662
0.662
0.0498885
0.498652
0.278064
0.474294
0.455874
0.20784
0.662
0.154512
0.321629
0.207602
0.0720184
0.662
0.662
0.407558
0.644624
0.327943
0.258444
0.662
0.227948
0.662
0.583818
0.451677
0.662
0.204839
0.635064
0.405962
0.662
0.662
0.304029
0.301073
0.662
0.110104
0.651976
0.662
0.320291
0.190206
0.398275
0.613488
0.662
0.0611827
0.589705
0.477172
0.42122
0.19539
0.610435
0.544114
0.569046
0.454841
0.592327
0.662
0.143416
0.662
0.662
0.0867231
0.256198
0.662
0.106803
0.300743
0.662
0.0132427
0.259121
0.37309
0.192475
0.0438677
0.457132
0.267189
0.541316
0.652212
0.382093
0.662
0.0656908
0.407051
0.260214
0.662
0.662
0.662
0.426465
0.662
0.662
0.400673
0.220321
0.529056
0.662
0.631775
0.371135
0.138233
0.662
0.662
0.0913757
0.624288
0.662
0.0400652
0.662
0.072116
0.662
0.662
0.370492
0.51525
0.402639
0.31068
0.26222
0.282634
0.662
0.416533
0.0766064
0.240579
0.201983
0.388383
0.20152
0.0839482
0.304013
0.650584
0.275599
0.369734
0.662
0.662
0.33653
0.606361
0.662
0.154958
0.32923
0.088162
0.420821
0.196769
0.381267
0.123487
0.662
0.188227
0.527584
0.662
0.662
0.453733
0.662
0.300867
0.431035
0.214186
0.136436
0.0579228
0.662
0.662
0.41248
0.209255
0.662
0.662
0.662
0.493565
0.662
0.545915
0.662
0.474431
0.0977561
0.177398
0.373806
0.278878
0.641438
0.198087
0.662
0.662
0.662
0.199175
0.347063
0.265138
0.295588
0.212894
0.662
0.102288
0.0946367
0.631184
0.662
0.212008
0.662
0.261702
0.468086
0.173731
0.520962
0.662
0.281334
0.662
0.662
0.62661
0.662
0.0706039
0.0609281
0.444936
0.356385
0.200454
0.320384
0.135602
0.621506
0.24486
0.662
0.647717
0.20677
0.562473
0.662
0.303289
0.427861
0.382799
0.206748
0.070811
0.279277
0.402196
0.662
0.662
0.662
0.285841
0.435142
0.0522381
0.662
0.290316
0.511285
0.497444
0.109417
0.187703
0.445577
0.118508
0.615932
0.15935
0.404269
0.472009
0.662
0.444
0.662
0.247991
0.0693103
0.662
0.662
0.662
0.645545
0.452291
0.662
0.655587
0.209663
0.23109
0.0425003
0.662
0.662
0.146668
0.267016
0.662
0.111301
0.544847
0.36982
0.490133
0.303145
0.4942
0.242004
0.662
0.418039
0.662
0.167124
0.662
0.662
0.662
0.37606
0.0850337
0.64451
0.49184
0.662
0.072257
0.164883
0.300744
0.406474
0.00286882
0.662
0.076848
0.186022
0.653006
0.662
0.188103
0.629969
0.662
0.385284
0.277913
0.513935
0.187527
0.37929
0.152871
0.580123
0.662
0.374313
0.407184
0.662
0.231703
0.0406997
0.472908
0.662
0.448692
0.395215
0.656978
0.361354
0.288567
0.446147
0.283018
0.1296
0.0592951
0.662
0.662
0.662
0.133246
0.207071
0.647562
0.0131459
0.0479595
0.553884
0.119275
0.503884
0.193127
0.182047
0.662
0.662
0.0772076
0.662
0.662
0.662
0.300839
0.390817
0.662
0.621144
0.637805
0.21187
0.478682
0.0106245
0.185731
0.0618771
0.53462
0.191535
0.63508
0.0193145
0.231142
0.662
0.393615
0.662
0.662
0.662
0.485903
0.525574
0.397552
0.337705
0.0438936
0.662
0.479505
0.471806
0.352522
0.662
0.170246
0.662
0.178019
0.662
0.465873
0.662
0.662
0.178328
0.632275
0.418348
0.301031
0.290223
0.311984
0.435209
0.405785
0.662
0.194393
0.662
0.227891
0.391053
0.197689
0.604235
0.662
0.148234
0.645715
0.212976
0.662
0.285766
0.221185
0.662
0.30968
0.308693
0.531332
0.662
0.441564
0.0978309
0.662
0.10004
0.662
0.662
0.0601824
0.41013
0.662
0.610148
0.662
0.238028
0.280715
0.0499484
0.28927
0.2021
0.499601
0.211933
0.404792
0.152403
0.662
0.232918
0.506496
0.662
0.0496452
0.662
0.43772
0.0165298
0.662
0.457466
0.662
0.662
0.63789
0.496042
0.662
0.662
0.410417
0.662
0.267298
0.410283
0.155475
0.450923
0.662
0.146807
0.434989
0.662
0.287919
0.19745
0.662
0.137619
0.262443
0.437031
0.662
0.662
0.499302
0.662
0.122583
0.0276159
0.293007
0.314908
0.662
0.250873
0.249643
0.343779
0.662
0.662
0.179164
0.662
0.203095
0.515755
0.662
0.457863
0.647224
0.662
0.107702
0.662
0.662
0.245628
0.662
0.662
0.662
0.662
0.662
0.181259
0.662
0.662
0.560866
0.254771
0.542009
0.246285
0.629011
0.612234
0.244828
0.0880924
0.662
0.198057
0.0785809
0.388253
0.275426
0.651141
0.450943
0.662
0.228617
0.341697
0.662
0.557058
0.360809
0.308573
0.662
0.0243851
0.662
0.191775
0.556835
0.662
0.37645
0.276628
0.662
0.662
0.156508
0.348996
0.660235
0.388276
0.126073
0.662
0.194468
0.422113
0.662
0.662
0.662
0.494314
0.662
0.662
0.630745
0.660619
0.662
0.297776
0.320318
0.591959
0.43145
0.237565
0.662
0.121166
0.202159
0.157393
0.33425
0.661134
0.662
0.0536411
0.582935
0.0616677
0.216044
0.659251
0.0393831
0.344275
0.020662
0.628671
0.662
0.662
0.565294
0.662
0.0947897
0.4687
0.193527
0.662
0.662
0.662
0.135523
0.272718
0.648565
0.217485
0.662
0.662
0.662
0.401319
0.662
0.336757
0.388195
0.662
0.231297
0.442432
0.662
0.662
0.501412
0.590632
0.24863
0.662
0.607177
0.330113
0.188735
0.662
0.450634
0.447331
0.224348
0.355694
0.662
0.662
0.187459
0.658993
0.662
0.0687719
0.662
0.662
0.364537
0.662
0.15052
0.662
0.117229
0.662
0.662
0.1508
0.662
0.282224
0.220862
0.124558
0.662
0.657469
0.428908
0.661634
0.281254
0.224748
0.329725
0.465012
0.662
0.483921
0.662
0.270774
0.442127
0.0557914
0.662
0.158137
0.662
0.0489259
0.0694849
0.473961
0.314759
0.662
0.662
0.141896
0.212995
0.0320749
0.110075
0.279573
0.38902
0.662
0.238312
0.212605
0.233102
0.319389
0.327032
0.482714
0.662
0.477478
0.526596
0.662
0.662
0.522798
0.662
0.0897986
0.285661
0.14191
0.662
0.662
0.659708
0.662
0.307542
0.662
0.151502
0.662
0.0271124
0.662
0.662
0.662
0.273617
0.662
0.662
0.278945
0.431209
0.424434
0.0191451
0.206236
0.272917
0.455725
0.662
0.662
0.662
0.662
0.0630309
0.118817
0.301165
0.662
0.535921
0.64364
0.560081
0.428515
0.477398
0.190809
0.662
0.113267
0.211461
0.662
0.574764
0.579364
0.480679
0.334015
0.567466
0.662
0.234735
0.662
0.662
0.164168
0.662
0.662
0.662
0.186777
0.37052
0.317441
0.2886
0.108845
0.648711
0.348072
0.662
0.556076
0.662
0.193931
0.662
0.635622
0.158184
0.0622164
0.246503
0.420404
0.344646
0.42339
0.351934
0.662
0.33618
0.374787
0.662
0.444842
0.0261334
0.189476
0.237512
0.0204488
0.466863
0.662
0.662
0.647701
0.662
0.265801
0.662
0.527965
0.134746
0.662
0.629763
0.00886858
0.0740028
0.662
0.627352
0.224704
0.573626
0.662
0.662
0.200684
0.0230227
0.316653
9.37682e-05
0.234384
0.639855
0.484844
0.0434945
0.478332
0.0226466
0.632005
0.662
0.0987197
0.186208
0.421044
0.236446
0.0192998
0.662
0.545321
0.0741383
0.662
0.655766
0.604144
0.228753
0.548533
0.546971
0.662
0.192336
0.195748
0.23008
0.295267
0.438644
0.662
0.483264
0.189888
0.194741
0.311449
0.662
0.205632
0.0667787
0.0468998
0.662
0.32767
0.662
0.0487087
0.662
0.22561
0.661892
0.543265
0.268217
0.225448
0.473317
0.662
0.138312
0.662
0.2474
0.662
0.187422
0.0145402
0.614576
0.398126
0.0533325
0.121118
0.662
0.183326
0.193849
0.310836
0.263236
0.0414239
0.0419066
0.662
0.662
0.623389
0.56292
0.556768
0.5701
0.662
0.662
0.189594
0.662
0.662
0.662
0.662
0.113079
0.217522
0.224762
0.386266
0.662
0.662
0.662
0.662
0.21096
0.659915
0.662
0.383234
0.662
0.124216
0.662
0.488315
0.380149
0.00184662
0.304701
0.662
0.0591735
0.190331
0.434036
0.404027
0.460327
0.662
0.662
0.662
0.179971
0.0388649
0.662
0.0883429
0.385679
0.362088
0.662
0.341292
0.662
0.662
0.448249
0.14965
0.662
0.218336
0.662
0.0587617
0.555005
0.197307
0.662
0.662
0.371291
0.44599
0.662
0.480099
0.101005
0.340011
0.24615
0.662
0.430373
0.640501
0.170683
0.474634
0.373842
0.167788
0.662
0.459765
0.662
0.292074
0.662
0.0764696
0.579739
0.662
0.662
0.255145
0.662
0.0692194
0.120015
0.106241
0.0244539
0.480053
0.662
0.179347
0.662
0.662
0.175344
0.662
0.662
0.662
0.662
0.662
0.506331
0.0748073
0.175254
0.363043
0.662
0.662
0.131172
0.190707
0.662
0.240809
0.662
0.216538
0.662
0.662
0.433934
0.219165
0.662
0.129097
0.662
0.662
0.504276
0.348031
0.258997
0.456438
0.264069
0.662
0.192888
0.298442
0.662
0.662
0.662
0.595113
0.644606
0.388665
0.399236
0.242826
0.308837
0.662
0.662
0.418919
0.126218
0.662
0.54431
0.412991
0.662
0.148296
0.246679
0.34677
0.258128
0.191141
0.232944
0.320654
0.140756
0.162399
0.508381
0.423578
0.358605
0.597629
0.662
0.662
0.0182708
0.551311
0.462339
0.198502
0.0703086
0.662
0.662
0.662
0.16373
0.662
0.482419
0.662
0.662
0.662
0.159701
0.490251
0.432936
0.662
0.662
0.647195
0.20683
0.662
0.424683
0.288751
0.480151
0.662
0.510896
0.186697
0.662
0.456662
0.662
0.662
0.662
0.361012
0.179043
0.662
0.320769
0.261588
0.0986815
0.620712
0.662
0.405446
0.662
0.662
0.662
0.163134
0.242148
0.190179
0.662
0.662
0.662
0.237302
0.662
0.662
0.662
0.407473
0.370557
0.502295
0.662
0.662
0.0446473
0.442157
0.640855
0.662
0.662
0.436003
0.0633602
0.19549
0.481744
0.405397
0.191979
0.52167
0.228641
0.168346
0.442825
0.0127021
0.456714
0.597997
0.662
0.662
0.106446
0.662
0.210989
0.600126
0.0282955
0.330186
0.408595
0.331542
0.649023
0.475837
0.21801
0.247731
0.362723
0.238116
0.662
0.286698
0.287744
0.54704
0.649289
0.520585
0.131589
0.306806
0.423489
0.100246
0.662
0.662
0.662
0.662
0.662
0.598544
0.662
0.662
0.662
0.188557
0.662
0.102346
0.662
0.523743
0.662
0.426099
0.662
0.454746
0.0325724
0.348983
0.0871151
0.172211
0.662
0.0891995
0.662
0.662
0.234462
0.512356
0.251412
0.39565
0.662
0.450746
0.13352
0.662
0.662
0.662
0.200444
0.45094
0.275167
0.414305
0.0720368
0.249113
0.183998
0.031673
0.662
0.364997
0.222198
0.662
0.662
0.205853
0.662
0.365092
0.306638
0.178828
0.0986641
0.396191
0.662
0.14264
0.365086
0.662
0.567315
0.184623
0.255399
0.662
0.161209
0.201652
0.457984
0.662
0.662
0.662
0.606063
0.102943
0.157176
0.662
0.202621
0.657805
0.113039
0.662
0.521669
0.192227
0.119477
0.662
0.583697
0.344455
0.41724
0.372869
0.662
0.348677
0.662
0.662
0.662
0.662
0.0717216
0.662
0.222097
0.197221
0.0325801
0.625701
0.662
0.615514
0.662
0.662
0.662
0.469777
0.662
0.662
0.568792
0.662
0.324858
0.264669
0.228403
0.187829
0.115664
0.658974
0.662
0.352423
0.185867
0.662
0.0133773
0.195226
0.109531
0.316042
0.397834
0.49567
0.44026
0.164141
0.662
0.657705
0.189526
0.193755
0.125259
0.149271
0.662
0.268857
0.18641
0.662
0.662
0.662
0.662
0.662
0.110455
0.110211
0.662
0.440536
0.662
0.662
0.629612
0.662
0.548603
0.662
0.202045
0.235539
0.203734
0.662
0.387212
0.397066
0.382793
9.36399e-05
0.503827
0.545555
0.662
0.662
0.535981
0.352475
0.662
0.662
0.662
0.448068
0.662
0.377303
0.00560857
0.187274
0.186105
0.190866
0.41575
0.662
0.35449
0.662
0.00573573
0.228462
0.301073
0.662
0.337665
0.662
0.331409
0.647792
0.399045
0.160858
0.464811
0.662
0.662
0.662
0.367047
0.210561
0.221507
0.135905
0.588063
0.662
0.662
0.182786
0.386503
0.662
0.353755
0.274774
0.662
0.0883189
0.448193
0.147857
0.0776052
0.287126
0.662
0.556132
0.0200245
0.350032
0.657195
0.246212
0.662
0.518782
0.662
0.662
0.280143
0.662
0.534406
0.361549
0.351305
0.656522
0.533409
0.0186358
0.26293
0.164517
0.172932
0.047344
0.212165
0.401856
0.662
0.662
0.0371083
0.559633
0.412944
0.185935
0.590012
0.559318
0.327383
0.570197
0.0491629
0.537526
0.49521
0.662
0.423112
0.156918
0.662
0.204329
0.662
0.0838205
0.152908
0.662
0.637454
0.50189
0.418579
0.12578
0.662
0.231558
0.662
0.334346
0.110089
0.332714
0.662
0.271228
0.592154
0.662
0.662
0.198154
0.258581
0.213542
0.363561
0.662
0.109251
0.577999
0.422013
0.145815
0.0101056
0.220555
0.293759
0.662
0.453343
0.474537
0.252646
0.000664317
0.0347375
0.662
0.108518
0.17347
0.627964
0.0362234
0.176511
0.180233
0.23431
0.662
0.195757
0.212416
0.198445
0.18064
0.290942
0.476562
0.662
0.00891463
0.08278
0.538427
0.662
0.152325
0.201187
0.662
0.662
0.633882
0.287262
0.662
0.060343
0.662
0.662
0.198711
0.662
0.400629
0.65697
0.0441606
0.476135
0.444577
0.662
0.662
0.662
0.457425
0.662
0.662
0.20311
0.0630844
0.280593
0.276962
0.662
0.224906
0.204417
0.662
0.662
0.542637
0.00844774
0.62356
0.662
0.391042
0.662
0.09782
0.662
0.212301
0.662
0.477438
0.476851
0.351294
0.662
0.662
0.371179
0.517908
0.514534
0.428935
0.662
0.407835
0.203346
0.631602
0.662
0.439946
0.0106735
0.16293
0.612055
0.249531
0.662
0.34265
0.662
0.662
0.0832798
0.662
0.662
0.445582
0.662
0.450505
0.0413338
0.320467
0.373985
0.166074
0.186225
0.351414
0.662
0.662
0.662
0.662
0.662
0.297472
0.662
0.662
0.415695
0.58407
0.136224
0.662
0.444812
0.259633
0.467285
0.402861
0.526642
0.313791
0.662
0.662
0.662
0.662
0.400024
0.662
0.0140115
0.358925
0.545629
0.662
0.46298
0.497095
0.264267
0.090236
0.442152
0.273369
0.5683
0.284331
0.455466
0.662
0.473451
0.366553
0.662
0.662
0.383397
0.259326
0.662
0.662
0.197072
0.662
0.488625
0.662
0.340429
0.417484
0.662
0.428539
0.130135
0.197628
0.46569
0.65697
0.662
0.662
0.329133
0.662
0.662
0.534641
0.553494
0.654987
0.128658
0.0472603
0.200772
0.490281
0.662
0.662
0.178067
0.299997
0.538318
0.662
0.306099
0.517607
0.210382
0.147032
0.662
0.451433
0.662
0.581638
0.662
0.112978
0.323528
0.662
0.469829
0.190055
0.662
0.208676
0.144326
0.662
0.662
0.477134
0.662
0.662
0.535391
0.385156
0.445253
0.0613592
0.453271
0.662
0.662
0.662
0.662
0.411607
0.662
0.291119
0.0185223
0.593586
0.662
0.430353
0.653274
0.662
0.107732
0.187814
0.173141
0.662
0.662
0.662
0.662
0.653411
0.267472
0.662
0.662
0.124466
0.662
0.33618
0.662
0.418006
0.662
0.662
0.662
0.615992
0.662
0.620719
0.556497
0.254992
0.662
0.662
0.0347488
0.662
0.662
0.455043
0.662
0.662
0.345078
0.546264
0.662
0.597348
0.662
0.662
0.662
0.662
0.598061
0.0546427
0.0878783
0.369298
0.262642
0.662
0.128081
0.662
0.559544
0.234633
0.00806404
0.226969
0.457129
0.662
0.544464
0.203101
0.145014
0.402927
0.311028
0.053861
0.228052
0.472521
0.58527
0.392976
0.0901174
0.662
0.363716
0.662
0.662
0.662
0.402662
0.2004
0.662
0.662
0.349546
0.662
0.277506
0.169451
0.662
0.0228008
0.618139
0.0902688
0.662
0.662
0.662
0.559339
0.662
0.609269
0.662
0.662
0.638818
0.0514015
0.4179
0.435354
0.662
0.662
0.662
0.291582
0.662
0.323152
0.2104
0.662
0.662
0.662
0.662
0.262526
0.395883
0.480189
0.156989
0.569955
0.414048
0.662
0.372306
0.399096
0.662
0.662
0.391796
0.636521
0.149714
0.305005
0.173827
0.31143
0.189802
0.353061
0.662
0.662
0.361691
0.179828
0.544407
0.662
0.265741
0.158443
0.265483
0.0964286
0.662
0.56498
0.130113
0.383811
0.662
0.199871
0.662
0.662
0.440055
0.219176
0.0978357
0.0121438
0.655512
0.662
0.662
0.662
0.092498
0.538161
0.662
0.225043
0.498982
0.662
0.162242
0.197015
0.469453
0.501995
0.261943
0.046234
0.113908
0.545135
0.662
0.134246
0.142834
0.611476
0.662
0.662
0.123188
0.662
0.662
0.0446028
0.662
0.662
0.242949
0.662
0.662
0.0198489
0.481882
0.662
0.437853
0.662
0.514253
0.662
0.272246
0.18065
0.495191
0.662
0.270921
0.662
0.456381
0.336578
0.662
0.530452
0.662
0.662
0.662
0.226723
0.191946
0.609298
0.30676
0.662
0.42651
0.474817
0.325207
0.0219498
0.310578
0.662
0.662
0.662
0.463352
0.662
0.465179
0.307425
0.316149
0.427636
0.193097
0.577519
0.429833
0.204747
0.543823
0.249153
0.662
0.662
0.662
0.314377
0.662
0.662
0.352965
0.662
0.662
0.0146871
0.421426
0.662
0.120555
0.662
0.274695
0.0962042
0.498771
0.662
0.0304628
0.274467
0.125526
0.4886
0.0279852
0.662
0.662
0.134717
0.555208
0.662
0.529849
0.572693
0.662
0.662
0.662
0.662
0.0548331
0.662
0.517145
0.61324
0.662
0.662
0.0362088
0.205901
0.638954
0.119517
0.662
0.452029
0.195821
0.10587
0.662
0.303011
0.331997
0.662
0.662
0.662
0.662
0.18379
0.201987
0.662
0.457408
0.396401
0.662
0.662
0.612394
0.560627
0.0711306
0.128819
0.662
0.662
0.382778
0.662
0.310561
0.653605
0.185584
0.143594
0.202701
0.662
0.489036
0.662
0.608216
0.662
0.662
0.156831
0.662
0.373555
0.149836
0.0397092
0.24094
0.662
0.302042
0.662
0.662
0.63339
0.259184
0.426611
0.512434
0.662
0.662
0.662
0.662
0.662
0.662
0.217653
0.662
0.172092
0.173254
0.362038
0.37438
0.650392
0.4765
0.179005
0.662
0.618724
0.0296381
0.662
0.662
0.0297117
0.235621
0.662
0.00719848
0.655079
0.662
0.047788
0.237023
0.662
0.42175
0.261865
0.662
0.0734828
0.414342
0.662
0.407605
0.564345
0.131906
0.662
0.426511
0.230969
0.662
0.662
0.215664
0.227191
0.662
0.423359
0.165875
0.662
0.589792
0.582692
0.596985
0.15598
0.662
0.234677
0.662
0.112355
0.662
0.662
0.406011
0.314353
0.234536
0.662
0.138807
0.225455
0.662
0.113361
0.345219
0.567302
0.400641
0.662
0.340858
0.326529
0.662
0.627081
0.662
0.200643
0.662
0.662
0.662
0.528667
0.378331
0.387116
0.515861
0.26027
0.105919
0.0832156
0.188698
0.662
0.662
0.662
0.662
0.0773521
0.286784
0.557412
0.080288
0.662
0.228221
0.662
0.149288
0.662
0.662
0.00360765
0.662
0.525458
0.0878796
0.0852132
0.25178
0.127297
0.227146
0.442623
0.57163
0.637504
0.587423
0.208174
0.662
0.662
0.662
0.325882
0.579721
0.609848
0.312598
0.243792
0.662
0.342223
0.662
0.662
0.453308
0.620006
0.136284
0.231172
0.578795
0.415468
0.313376
0.221589
0.662
0.642789
0.662
0.272985
0.662
0.384196
0.176751
0.188075
0.662
0.415692
0.662
0.662
0.0877389
0.191941
0.662
0.662
0.399206
0.595781
0.662
0.662
0.143438
0.662
0.0524927
0.288113
0.203453
0.391585
0.662
0.402268
0.226329
0.662
0.303059
0.352452
0.207111
0.334934
0.662
0.629862
0.107184
0.30893
0.141904
0.662
0.662
0.662
0.662
0.405631
0.51761
0.50257
0.646366
0.341548
0.620757
0.188578
0.188527
0.212977
0.206854
0.662
0.206983
0.662
0.662
0.35377
0.662
0.662
0.662
0.53079
0.286222
0.662
0.28494
0.105763
0.112995
0.0714309
0.259043
0.0821006
0.218154
0.489055
0.548016
0.384574
0.352825
0.662
0.300698
0.0635834
0.614154
0.662
0.662
0.662
0.662
0.378698
0.662
0.200324
0.608678
0.251816
0.37614
0.662
0.310137
0.662
0.590577
0.330922
0.282376
0.0880024
0.662
0.662
0.309012
0.662
0.571663
0.662
0.329516
0.662
0.0994441
0.274141
0.122386
0.0451761
0.260492
0.0265388
0.0899237
0.662
0.0907706
0.662
0.635457
0.662
0.662
0.250067
0.600055
0.530121
0.662
0.662
0.662
0.475583
0.662
0.662
0.662
0.189808
0.319907
0.355598
0.662
0.610012
0.334526
0.188843
0.166287
0.163423
0.662
0.0708249
0.662
0.492858
0.439677
0.662
0.379235
0.519874
0.454742
0.478875
0.181533
0.287098
0.648704
0.662
0.422656
0.662
0.265184
0.603001
0.0951567
0.662
0.439647
0.662
0.662
0.106097
0.537609
0.662
0.662
0.469987
0.287641
0.10695
0.662
0.287781
0.580053
0.662
0.662
0.0400923
0.383505
0.202503
0.277589
0.645719
0.255899
0.64318
0.40362
0.662
0.182682
0.631453
0.662
0.662
0.603462
0.662
0.662
0.378819
0.213844
0.241835
0.662
0.0503444
0.0135029
0.0622212
0.138574
0.350016
0.577454
0.657979
0.201282
0.426112
0.394266
0.662
0.0177012
0.662
0.567267
0.579425
0.662
0.478691
0.399478
0.0500195
0.638267
0.18337
0.3088
0.662
0.172573
0.373199
0.574843
0.388708
0.497704
0.429749
0.224727
0.662
0.132273
0.197891
0.662
0.662
0.662
0.662
0.0450282
0.662
0.662
0.34557
0.233202
0.127142
0.541418
0.361839
0.662
0.368788
0.380968
0.180295
0.0462257
0.662
0.662
0.516787
0.662
0.00203071
0.47751
0.396969
0.499104
0.162125
0.00311553
0.662
0.606937
0.662
0.126723
0.424315
0.279444
0.46175
0.320574
0.553257
0.417185
0.141723
0.375826
0.134294
0.662
0.662
0.662
0.662
0.3968
0.433784
0.503798
0.662
0.659506
0.194093
0.480941
0.318564
0.113391
0.662
0.526442
0.283417
0.662
0.155305
0.188136
0.633694
0.628184
0.605808
0.00909349
0.340631
0.197934
0.0783208
0.662
0.119483
0.65506
0.495869
0.662
0.211597
0.662
0.662
0.0560619
0.662
0.0130568
0.608631
0.662
0.603346
0.0238165
0.372581
0.21733
0.129387
0.662
0.0514533
0.568516
0.662
0.252799
0.282032
0.365762
0.662
0.187032
0.0727776
0.169587
0.629078
0.662
0.662
0.625315
0.143709
0.662
0.333144
0.662
0.375972
0.270258
0.126431
0.427669
0.662
0.662
0.662
0.637559
0.117336
0.662
0.662
0.35334
0.604455
0.662
0.33345
0.338402
0.626805
0.382838
0.193339
0.334034
0.471073
0.391408
0.478657
0.662
0.41937
0.0555087
0.621269
0.198496
0.267212
0.0609275
0.202721
0.384497
0.294763
0.277898
0.662
0.662
0.405317
0.471259
0.0360167
0.662
0.63112
0.662
0.46544
0.415617
0.402518
0.363983
0.369037
0.626011
0.282282
0.662
0.18803
0.576851
0.662
0.662
0.400808
0.0812722
0.0427218
0.491167
0.662
0.100972
0.114709
0.18547
0.171016
0.087915
0.661319
0.662
0.661592
0.16485
0.367019
0.291047
0.280895
0.111133
0.309473
0.199927
0.662
0.662
0.662
0.250831
0.172032
0.662
0.662
0.662
0.410652
0.125839
0.662
0.662
0.662
0.29152
0.514533
0.171117
0.426014
0.662
0.648764
0.220093
0.662
0.337221
0.39467
0.340087
0.555091
0.662
0.260666
0.662
0.424768
0.0604593
0.446856
0.100668
0.364655
0.662
0.451363
0.0957513
0.662
0.60838
0.221988
0.662
0.106061
0.482041
0.662
0.457383
0.255338
0.262336
0.24093
0.199883
0.662
0.137452
0.368992
0.427343
0.662
0.662
0.483278
0.0893897
0.560532
0.662
0.354276
0.410518
0.662
0.318312
0.644909
0.0753821
0.162921
0.140527
0.32938
0.513878
0.176981
0.662
0.537514
0.244293
0.16745
0.405255
0.169049
0.662
0.662
0.660357
0.620885
0.0618212
0.204213
0.21292
0.406124
0.386183
0.366501
0.662
0.322864
0.662
0.0795886
0.286981
0.662
0.0453802
0.538446
0.662
0.185908
0.662
0.152794
0.229377
0.186429
0.111817
0.30456
0.662
0.42924
0.662
0.324083
0.436955
0.308553
0.250187
0.205582
0.299196
0.049245
0.662
0.662
0.662
0.662
0.251921
0.319523
0.649072
0.662
0.662
0.662
0.421113
0.377737
0.397251
0.662
0.662
0.662
0.231158
0.378028
0.38199
0.662
0.0417661
0.252838
0.331434
0.626786
0.0932803
0.494561
0.662
0.662
0.284822
0.101542
0.662
0.460883
0.662
0.662
0.629763
0.580162
0.362898
0.4775
0.662
0.389287
0.32093
0.486359
0.400613
0.433079
0.662
0.436047
0.00780502
0.225836
0.00621614
0.179499
0.416428
0.662
0.662
0.118654
0.159471
0.151199
0.446255
0.662
0.4146
