0.358253
0.273567
0.487595
0.0989638
0.662
0.662
0.0179338
0.577447
0.0725725
0.567885
0.662
0.234785
0.202431
0.662
0.382967
0.1379
0.625202
0.217011
0.662
0.662
0.662
0.546097
0.55568
0.662
0.251468
0.576974
0.234364
0.662
0.662
0.662
0.625599
0.662
0.354587
0.662
0.010199
0.217282
0.270887
0.057905
0.234322
0.439757
0.286149
0.471786
0.662
0.43928
0.216331
0.662
0.198812
0.662
0.168164
0.662
0.570789
0.498123
0.152538
0.662
0.662
0.565563
0.0608422
0.156732
0.662
0.44588
0.33232
0.662
0.662
0.662
0.633961
0.467689
0.0297816
0.662
0.0433899
0.320944
0.662
0.465783
0.306974
0.344771
0.401573
0.431135
0.229296
0.557844
0.359799
0.336362
0.662
0.212264
0.62196
0.46799
0.481983
0.549907
0.0421186
0.619139
0.582098
0.440133
0.00211478
0.0468943
0.662
0.02686
0.662
0.662
0.413374
0.662
0.605964
0.0724532
0.594878
0.662
0.347144
0.189177
0.150196
0.662
0.105754
0.662
0.662
0.64858
0.662
0.662
0.103191
0.229549
0.662
0.53788
0.662
0.662
0.60764
0.519901
0.144447
0.35792
0.177915
0.662
0.662
0.662
0.398025
0.148805
0.662
0.662
0.662
0.662
0.662
0.0966168
0.0875345
0.426706
0.662
0.662
0.662
0.324213
0.246176
0.662
0.0349682
0.0579289
0.662
0.662
0.263911
0.220458
0.662
0.662
0.461681
0.209674
0.662
0.662
0.445535
0.214456
0.000802082
0.167495
0.662
0.662
0.662
0.662
0.662
0.662
0.383987
0.094067
0.662
0.190881
0.307185
0.509827
0.226486
0.132885
0.271803
0.163511
0.418428
0.0645583
0.662
0.662
0.662
0.18882
0.190611
0.662
0.662
0.33095
0.0540712
0.198416
0.188527
0.046664
0.472014
0.662
0.662
0.662
0.662
0.0279126
0.346976
0.586451
0.662
0.662
0.662
0.662
0.417511
0.662
0.00757593
0.520903
0.662
0.315991
0.188776
0.466131
0.367903
0.49996
0.294431
0.181495
0.662
0.372814
0.0896996
0.420333
0.185646
0.0480259
0.181396
0.428967
0.662
0.466928
0.662
0.0752678
0.662
0.662
0.662
0.242058
0.165025
0.0984273
0.423851
0.626266
0.233852
0.0844218
0.185495
0.662
0.308289
0.662
0.590291
0.185245
0.412568
0.394217
0.285426
0.0942574
0.662
0.560004
0.662
0.662
0.22699
0.662
0.407178
0.244623
0.100617
0.533742
0.278783
0.624007
0.459143
0.662
0.579691
0.191797
0.386164
0.192943
0.662
0.588095
0.247076
0.285511
0.538894
0.473666
0.662
0.113059
0.662
0.374312
0.174998
0.662
0.00461783
0.55848
0.662
0.332919
0.243224
0.280141
0.662
0.269861
0.511008
0.301479
0.486429
0.662
0.188114
0.662
0.267805
0.593649
0.322565
0.662
0.0623823
0.662
0.288851
0.662
0.221339
0.0999459
0.0255269
0.448045
0.662
0.662
0.219505
0.0954911
0.662
0.436136
0.386242
0.261482
0.578211
0.222414
0.180869
0.348867
0.289652
0.588938
0.213533
0.662
0.662
0.102429
0.294641
0.662
0.662
0.559822
0.0997055
0.662
0.662
0.264879
0.608593
0.183667
0.230433
0.0125977
0.644268
0.256105
0.662
0.536532
0.356808
0.662
0.662
0.662
0.662
0.237401
0.385237
0.662
0.169922
0.662
0.662
0.235565
0.122106
0.662
0.27213
0.0925181
0.187986
0.662
0.290596
0.662
0.306459
0.526635
0.561518
0.638763
0.205844
0.0293181
0.118432
0.0699449
0.662
0.454344
0.150994
0.212052
0.406358
0.179926
0.113733
0.662
0.435821
0.662
0.640011
0.662
0.131222
0.017284
0.662
0.400311
0.662
0.662
0.0688591
0.662
0.0799684
0.662
0.651021
0.662
0.0120787
0.662
0.662
0.0579389
0.662
0.563781
0.662
0.0508765
0.120638
0.343281
0.642289
0.273564
0.662
0.272709
0.662
0.228245
0.422504
0.662
0.0555573
0.662
0.338706
0.343799
0.0446669
0.662
0.662
0.12048
0.349286
0.29764
0.372399
0.388739
0.558698
0.455628
0.120245
0.0281145
0.105743
0.662
0.601153
0.662
0.222861
0.662
0.649578
0.662
0.63339
0.662
0.143089
0.258554
0.432819
0.662
0.210371
0.554215
0.662
0.0150368
0.184661
0.332963
0.662
0.662
0.530691
0.131046
0.135493
0.462208
0.161801
0.662
0.01094
0.553752
0.662
0.662
0.652498
0.357891
0.450495
0.509597
0.662
0.662
0.184965
0.0403507
0.662
0.226208
0.662
0.613142
0.13233
0.271348
0.543574
0.240051
0.307115
0.0378179
0.607656
0.304245
0.507833
0.158811
0.662
0.139132
0.662
0.410489
0.662
0.662
0.662
0.449728
0.213034
0.661129
0.445504
0.662
0.167638
0.487202
0.662
0.662
0.220426
0.662
0.180259
0.662
0.662
0.122314
0.223402
0.137016
0.274124
0.463372
0.620815
0.467977
0.662
0.202969
0.260538
0.662
0.214144
0.182123
0.0319099
0.658247
0.239264
0.662
0.336566
0.395464
0.407456
0.2485
0.662
0.662
0.41857
0.662
0.0622261
0.654113
0.662
0.454116
0.616523
0.20715
0.0476365
0.17639
0.662
0.440426
0.582835
0.249014
0.114637
0.662
0.0511727
0.662
0.510271
0.662
0.36152
0.288454
0.363603
0.557084
0.112116
0.662
0.11443
0.071639
0.662
0.553956
0.662
0.100028
0.464827
0.150943
0.662
0.379885
0.505411
0.662
0.453988
0.662
0.469475
0.371537
0.662
0.662
0.637622
0.400555
0.325392
0.202394
0.662
0.57865
0.662
0.136046
0.662
0.0309849
0.278825
0.662
0.280102
0.5745
0.0417875
0.560302
0.39691
0.176443
0.191945
0.0756772
0.0654411
0.662
0.131047
0.662
0.194573
0.111592
0.662
0.0249303
0.662
0.662
0.662
0.215717
0.196853
0.395746
0.662
0.460248
0.0811599
0.173229
0.411048
0.662
0.662
0.439133
0.200831
0.0474466
0.508258
0.662
0.662
0.641215
0.662
0.662
0.662
0.384403
0.662
0.662
0.662
0.257014
0.138907
0.662
0.662
0.634896
0.174856
0.0766371
0.213041
0.113419
0.662
0.228951
0.150165
0.339188
0.589284
0.600775
0.26256
0.662
0.430641
0.025699
0.662
0.261803
0.27595
0.44657
0.662
0.128511
0.662
0.662
0.662
0.552026
0.0391527
0.662
0.094428
0.379579
0.662
0.133204
0.662
0.662
0.0342844
0.126449
0.662
0.577428
0.662
0.391263
0.190335
0.279507
0.502114
0.662
0.662
0.25936
0.662
0.0899967
0.405984
0.662
0.137149
0.662
0.614133
0.662
0.623949
0.662
0.662
0.231354
0.662
0.662
0.181751
0.5802
0.431822
0.662
0.644572
0.662
0.314601
0.217635
0.445259
0.323986
0.386991
0.252381
0.662
0.662
0.662
0.428496
0.662
0.299293
0.493558
0.170142
0.301994
0.00656986
0.662
0.662
0.662
0.365418
0.0432729
0.39246
0.118214
0.257398
0.404049
0.542404
0.289311
0.657933
0.662
0.516338
0.662
0.405203
0.662
0.141378
0.589323
0.0790105
0.217608
0.662
0.187371
0.662
0.204758
0.662
0.333349
0.662
0.662
0.399837
0.595002
0.256562
0.503393
0.662
0.662
0.662
0.474168
0.12445
0.662
0.662
0.556268
0.0559102
0.164202
0.198479
0.27965
0.662
0.581196
0.662
0.072346
0.662
0.329213
0.662
0.15345
0.399549
0.662
0.491407
0.662
0.662
0.470232
0.189645
0.208145
0.662
0.662
0.182712
0.662
0.662
0.314442
0.257734
0.662
0.44778
0.292596
0.423848
0.500843
0.102398
0.322882
0.662
0.662
0.662
0.328941
0.0387696
0.39354
0.662
0.0842545
0.662
0.607263
0.0984893
0.240556
0.384312
0.662
0.162716
0.662
0.315387
0.462208
0.662
0.662
0.662
0.273915
0.499405
0.314735
0.374798
0.0989261
0.205298
0.120067
0.662
0.252421
0.533461
0.254431
0.313535
0.662
0.450498
0.28355
0.662
0.336333
0.593338
0.266754
0.662
0.000188628
0.378303
0.479093
0.333498
0.603818
0.0580935
0.195957
0.662
0.132895
0.237172
0.662
0.662
0.134142
0.355112
0.662
0.662
0.662
0.327021
0.662
0.164997
0.204544
0.586457
0.620894
0.0868224
0.233767
0.120457
0.526095
0.662
0.662
0.436904
0.567254
0.150442
0.413101
0.486767
0.188525
0.338474
0.069445
0.662
0.662
0.515085
0.662
0.379319
0.0288786
0.206489
0.298919
0.161807
0.194952
0.39958
0.116093
0.0585148
0.189474
0.424976
0.284958
0.148461
0.662
0.662
0.662
0.0300829
0.662
0.256656
0.218114
0.662
0.293125
0.180258
0.623394
0.662
0.577699
0.662
0.290385
0.662
0.282964
0.124202
0.662
0.484307
0.604781
0.186681
0.414196
0.214463
0.0960999
0.604835
0.662
0.662
0.193112
0.443923
0.288911
0.472813
0.229423
0.272482
0.662
0.250072
0.132372
0.662
0.662
0.43373
0.263545
0.139768
0.662
0.662
0.662
0.174694
0.662
0.0298076
0.308341
0.230161
0.646049
0.385607
0.37948
0.521801
0.216902
0.438214
0.223726
0.662
0.662
0.467683
0.662
0.0921393
0.464217
0.6554
0.420332
0.662
0.0690561
0.662
0.320067
0.357294
0.0979406
0.155718
0.360863
0.238112
0.540755
0.337869
0.323654
0.328244
0.662
0.600366
0.200697
0.467026
0.662
0.218115
0.662
0.220446
0.638238
0.0710454
0.0569382
0.662
0.662
0.662
0.0356944
0.662
0.662
0.468859
0.364229
0.662
0.311101
0.451907
0.639015
0.241715
0.232458
0.278168
0.662
0.662
0.536823
0.472022
0.662
0.485298
0.645833
0.459015
0.367938
0.662
0.662
0.0378167
0.655148
0.148133
0.170178
0.662
0.662
0.601993
0.662
0.0149013
0.345029
0.662
0.103904
0.662
0.18391
0.397624
0.662
0.662
0.0808127
0.0705433
0.270128
0.269822
0.662
0.0170215
0.512707
0.662
0.00686039
0.193202
0.434863
0.063351
0.205023
0.662
0.466275
0.538015
0.63339
0.662
0.662
0.022911
0.621184
0.0233757
0.51151
0.662
0.662
0.154367
0.58352
0.433976
0.377933
0.466361
0.175522
0.0951026
0.662
0.662
0.662
0.662
0.4351
0.363989
0.324327
0.0264088
0.0208682
0.662
0.399067
0.662
0.662
0.662
0.662
0.662
0.173526
0.621316
0.527457
0.662
0.228405
0.662
0.348358
0.662
0.662
0.232579
0.167414
0.0915966
0.550528
0.340382
0.662
0.365126
0.0191298
0.0975165
0.662
0.315675
0.662
0.626868
0.508468
0.290897
0.620149
0.662
0.662
0.0862461
0.529158
0.662
0.181553
0.662
0.52488
0.0522176
0.000329304
0.662
0.153494
0.615443
0.207171
0.418061
0.229626
0.662
0.223596
0.602693
0.0514001
0.662
0.305547
0.273804
0.454585
0.426706
0.65471
0.662
0.0602661
0.662
0.379699
0.662
0.662
0.242376
0.334526
0.662
0.324095
0.407655
0.409099
0.395606
0.113207
0.662
0.628973
0.662
0.662
0.662
0.481297
0.554499
0.214756
0.193347
0.0186387
0.641956
0.146824
0.662
0.662
0.1865
0.192137
0.269852
0.191212
0.662
0.351006
0.662
0.483412
0.0164977
0.061471
0.176232
0.662
0.137171
0.304577
0.662
0.248634
0.248881
0.662
0.613881
0.0874356
0.662
0.662
0.616911
0.133483
0.662
0.662
0.539871
0.662
0.215431
0.263958
0.662
0.454986
0.444669
0.117827
0.662
0.662
0.184109
0.662
0.125434
0.281291
0.606723
0.149819
0.64968
0.237781
0.20891
0.0402593
0.354042
0.0664602
0.00171099
0.627288
0.662
0.662
0.662
0.322611
0.354238
0.200177
0.662
0.437028
0.662
0.160564
0.662
0.662
0.32061
0.0791357
0.539898
0.662
0.662
0.433539
0.662
0.272831
0.457214
0.572197
0.489236
0.317201
0.343127
0.0667682
0.399497
0.455749
0.393242
0.479778
0.662
0.285459
0.410657
0.662
0.136751
0.205542
0.0842858
0.207568
0.236633
0.662
0.489167
0.567014
0.127136
0.00443104
0.662
0.487843
0.404961
0.196463
0.662
0.604751
0.662
0.168855
0.397069
0.0613432
0.0878924
0.57503
0.282075
0.662
0.0364035
0.175808
0.614487
0.420297
0.244913
0.126825
0.621625
0.638844
0.180473
0.215107
0.358445
0.662
0.662
0.662
0.371589
0.271656
0.662
0.662
0.628537
0.662
0.662
0.662
0.236453
0.512236
0.662
0.662
0.347141
0.138574
0.0772112
0.662
0.662
0.425995
0.150998
0.186495
0.662
0.164224
0.662
0.662
0.662
0.36116
0.662
0.184637
0.662
0.331034
0.487681
0.662
0.0351813
0.662
0.397857
0.141915
0.0222992
0.446661
0.398043
0.662
0.410774
0.662
0.241502
0.205433
0.662
0.62345
0.501434
0.162294
0.129817
0.617868
0.662
0.662
0.662
0.0724644
0.0363749
0.165412
0.216819
0.662
0.662
0.141868
0.662
0.662
0.244253
0.662
0.206063
0.662
0.597664
0.168522
0.256329
0.662
0.258322
0.662
0.662
0.0442129
0.635769
0.471466
0.662
0.201887
0.647979
0.0775023
0.662
0.662
0.476585
0.662
0.413396
0.474288
0.662
0.265627
0.0530257
0.458302
0.662
0.427447
0.203349
0.159654
0.475655
0.662
0.394658
0.662
0.474574
0.662
0.662
0.662
0.662
0.662
0.285329
0.336947
0.636199
0.662
0.662
0.662
0.580687
0.662
0.662
0.640557
0.146993
0.389636
0.622896
0.508336
0.662
0.662
0.351818
0.662
0.351686
0.607966
0.582247
0.662
0.110886
0.486987
0.218614
0.410309
0.257375
0.405839
0.641929
0.175342
0.662
0.662
0.662
0.158102
0.24765
0.170405
0.662
0.206549
0.0491758
0.216759
0.662
0.662
0.662
0.228885
0.382083
0.0156123
0.662
0.334167
0.60322
0.370887
0.623682
0.345564
0.56145
0.662
0.494573
0.119286
0.0432332
0.662
0.592642
0.291155
0.482876
0.662
0.616758
0.654512
0.368224
0.662
0.187042
0.537472
0.579374
0.662
0.164782
0.116395
0.17592
0.662
0.236023
0.662
0.639063
0.662
0.389204
0.662
0.634639
0.011802
0.121132
0.460292
0.495793
0.340983
0.662
0.47373
0.662
0.194368
0.0289441
0.662
0.28316
0.278312
0.662
0.23568
0.662
0.161734
0.630954
0.304449
0.0643382
0.662
0.662
0.662
0.0796325
0.662
0.201378
0.662
0.662
0.149809
0.0943949
0.0270788
0.530839
0.406475
0.214552
0.270367
0.344295
0.334341
0.432673
0.662
0.314702
0.0513787
0.263487
0.662
0.258822
0.662
0.236421
0.10491
0.154187
0.251641
0.164444
0.0110903
0.32813
0.662
0.0816758
0.205242
0.454037
0.59696
0.662
0.386995
0.189426
0.0877834
0.662
0.426443
0.662
0.195181
0.217947
0.377715
0.150998
0.0514948
0.177906
0.274988
0.662
0.0892248
0.245894
0.389601
0.662
0.662
0.662
0.171771
0.0812594
0.662
0.662
0.662
0.428412
0.371928
0.662
0.662
0.662
0.662
0.0235914
0.385994
0.634542
0.662
0.362025
0.458528
0.405843
0.422424
0.00404451
0.662
0.585895
0.438773
0.662
0.361552
0.40939
0.61956
0.662
0.662
0.662
0.662
0.662
0.600411
0.662
0.217565
0.0895577
0.197056
0.0547492
0.662
0.0930656
0.429262
0.0257979
0.245498
0.19142
0.662
0.0316892
0.103385
0.384834
0.662
0.662
0.134888
0.247052
0.662
0.662
0.662
0.0629312
0.662
0.565709
0.341554
0.662
0.662
0.662
0.662
0.662
0.280471
0.490809
0.662
0.440839
0.662
0.662
0.159157
0.340682
0.297035
0.567772
0.216076
0.363603
0.321329
0.0369341
0.662
0.632019
0.167099
0.327398
0.566573
0.397525
0.356128
0.575854
0.480655
0.608316
0.1185
0.0588715
0.662
0.146638
0.0290721
0.662
0.466384
0.662
0.662
0.207671
0.662
0.00613189
0.662
0.662
0.0775523
0.189987
0.662
0.382557
0.662
0.662
0.375067
0.393691
0.451213
0.155062
0.258279
0.572596
0.338808
0.402202
0.210163
0.06252
0.297841
0.235533
0.662
0.662
0.659393
0.252024
0.662
0.238679
0.662
0.265163
0.179837
0.138049
0.662
0.542511
0.169653
0.662
0.662
0.390336
0.302071
0.367724
0.547469
0.460355
0.662
0.662
0.367241
0.28395
0.662
0.662
0.662
0.662
0.598403
0.662
0.515871
0.192065
0.662
0.23696
0.0626845
0.662
0.432748
0.27598
0.662
0.662
0.499269
0.662
0.649422
0.651904
0.662
0.112655
0.332098
0.0556788
0.117631
0.391592
0.428263
0.662
0.662
0.577021
0.662
0.613395
0.265644
0.662
0.389284
0.313053
0.131205
0.283239
0.524092
0.662
0.662
0.297132
0.415432
0.175053
0.360887
0.0725434
0.0143405
0.488388
0.326999
0.180042
0.662
0.662
0.662
0.247028
0.562904
0.662
0.662
0.213409
0.176951
0.357107
0.551038
0.662
0.58251
0.422472
0.642454
0.252967
0.544562
0.412764
0.419832
0.480153
0.110566
0.135794
0.108329
0.378549
0.226208
0.269166
0.281972
0.477029
0.662
0.0569303
0.0114148
0.613202
0.14491
0.527459
0.394309
0.374299
0.268324
0.414821
0.662
0.662
0.616661
0.164477
0.662
0.319025
0.398822
0.253068
0.543782
0.662
0.391195
0.194997
0.214431
0.662
0.117894
0.606242
0.225025
0.662
0.165309
0.370929
0.120672
0.381182
0.662
0.401129
0.121583
0.208281
0.662
0.303681
0.662
0.662
0.154795
0.48061
0.662
0.191555
0.662
0.662
0.662
0.206081
0.110672
0.662
0.662
0.662
0.265972
0.662
0.221333
0.076237
0.662
0.108334
0.662
0.325152
0.556879
0.662
0.119229
0.143554
0.662
0.662
0.662
0.386139
0.261431
0.218491
0.439898
0.0587618
0.332862
0.662
0.451183
0.64925
0.250517
0.662
0.634242
0.26
0.177051
0.469993
0.540865
0.056954
0.200663
0.61937
0.662
0.210188
0.249315
0.109293
0.0703641
0.0142478
0.0663201
0.662
0.662
0.591933
0.662
0.0190329
0.645858
0.288262
0.0640711
0.0704196
0.662
0.436764
0.662
0.16401
0.627622
0.578415
0.252822
0.650406
0.662
0.395693
0.662
0.118882
0.295917
0.484543
0.221436
0.662
0.662
0.392597
0.662
0.629105
0.266044
0.15183
0.662
0.525335
0.662
0.09257
0.662
0.656853
0.570513
0.662
0.442125
0.427828
0.0258055
0.662
0.141182
0.218654
0.358828
0.662
0.1556
0.662
0.662
0.323285
0.0468007
0.276535
0.662
0.179531
0.467369
0.662
0.396738
0.0412543
0.372
0.662
0.662
0.324437
0.618844
0.366608
0.462539
0.371915
0.58027
0.0751498
0.181779
0.205932
0.662
0.40282
0.348323
0.662
0.659489
0.662
0.491843
0.175181
0.0503928
0.662
0.084389
0.662
0.446576
0.208442
0.517779
0.662
0.191351
0.135157
0.0151216
0.662
0.304717
0.186378
0.662
0.0920713
0.199516
0.179943
0.662
0.662
0.662
0.662
0.439047
0.662
0.340493
0.662
0.662
0.662
0.156886
0.334751
0.00642473
0.662
0.0463622
0.324009
0.662
0.662
0.151504
0.0957301
0.662
0.662
0.334294
0.662
0.662
0.41356
0.662
0.662
0.662
0.457397
0.662
0.51489
0.596339
0.662
0.00964761
0.589772
0.662
0.662
0.368242
0.662
0.195735
0.662
0.662
0.219578
0.662
0.303444
0.192804
0.432764
0.662
0.00143751
0.497504
0.185023
0.184497
0.654617
0.410931
0.271368
0.662
0.448085
0.620333
0.65331
0.0155212
0.489853
0.274354
0.133316
0.258862
0.164977
0.450299
0.61155
0.662
0.662
0.010363
0.662
0.662
0.662
0.555877
0.167236
0.662
0.331711
0.662
0.662
0.662
0.105502
0.0898114
0.227044
0.662
0.519976
0.662
0.454274
0.662
0.662
0.662
0.662
0.662
0.662
0.662
0.239654
0.190514
0.312
0.163906
0.421499
0.155946
0.153895
0.662
0.271872
0.662
0.280348
0.257004
0.576344
0.662
0.356252
0.662
0.662
0.0449081
0.662
0.582389
0.662
0.662
0.662
0.470662
0.308423
0.0514252
0.322157
0.0608597
0.384378
0.13857
0.236814
0.0913728
0.333074
0.496393
0.202633
0.217945
0.16699
0.0496861
0.352919
0.589624
0.245561
0.662
0.617783
0.022071
0.662
0.377943
0.15568
0.146772
0.384274
0.38969
0.662
0.452453
0.662
0.183219
0.460235
0.608595
0.135707
0.662
0.535098
0.549825
0.474464
0.633391
0.315749
0.662
0.0846964
0.00534558
0.662
0.0148952
0.662
0.662
0.662
0.662
0.297799
0.662
0.662
0.435807
0.662
0.20775
0.233044
0.21948
0.662
0.662
0.662
0.662
0.38684
0.214911
0.287153
0.48912
0.19977
0.0123012
0.24686
0.662
0.450747
0.0582335
0.109315
0.0648447
0.559978
0.662
0.326394
0.662
0.129248
0.385705
0.164879
0.105285
0.169912
0.662
0.662
0.662
0.177765
0.662
0.0839464
0.662
0.182264
0.24032
0.662
0.165952
0.459685
0.662
0.076249
0.145296
0.592362
0.656303
0.0124069
0.352187
0.0908892
0.404662
0.662
0.662
0.662
0.662
0.662
0.473095
0.513214
0.0545619
0.013975
0.237633
0.249805
0.326421
0.662
0.437938
0.504734
0.277058
0.464761
0.374213
0.353324
0.192895
0.612159
0.662
0.151819
0.662
0.301669
0.22993
0.662
0.662
0.662
0.553639
0.0666007
0.645162
0.519652
0.295131
0.0369076
0.261884
0.662
0.155776
0.662
0.270124
0.503589
0.472972
0.188689
0.121173
0.339157
0.662
0.662
0.497096
0.662
0.315471
0.049358
0.662
0.662
0.662
0.0228166
0.662
0.27841
3.33705e-05
0.321551
0.662
0.189235
0.627591
0.0580684
0.662
0.662
0.551285
0.662
0.255257
0.662
0.130879
0.243734
0.342692
0.662
0.0788334
0.662
0.247615
0.662
0.662
0.662
0.281095
0.0052284
0.382296
0.529858
0.322407
0.662
0.360103
0.259803
0.0521953
0.451124
0.576938
0.662
0.662
0.418865
0.662
0.662
0.662
0.610703
0.430896
0.183016
0.662
0.662
0.662
0.662
0.662
0.319482
0.450929
0.14197
0.00980432
0.545172
0.662
0.129232
0.445577
0.662
0.21812
0.636392
0.662
0.662
0.0759024
0.440469
0.662
0.248929
0.581913
0.431038
0.0505807
0.345043
0.662
0.662
0.23269
0.662
0.210428
0.662
0.220476
0.662
0.112818
0.472447
0.310654
0.170343
0.208717
0.662
0.54706
0.403554
0.427581
0.662
0.0693722
0.662
0.662
0.662
0.662
0.183249
0.186941
0.0463828
0.662
0.20873
0.662
0.662
0.662
0.306548
0.662
0.54906
0.662
0.519098
0.662
0.482104
0.304515
0.173402
0.354181
0.662
0.0772221
0.662
0.29503
0.211405
0.662
0.662
0.598053
0.233006
0.662
0.425723
0.0907453
0.662
0.288018
0.200632
0.662
0.662
0.238231
0.662
0.079483
0.197377
0.662
0.639168
0.00998767
0.286311
0.25429
0.625469
0.457848
0.12102
0.662
0.136788
0.37297
0.662
0.662
0.184003
0.0288352
0.187271
0.662
0.442517
0.662
0.172309
0.256029
0.662
0.662
0.251979
0.467144
0.586049
0.662
0.397501
0.460327
0.454697
0.662
0.659857
0.662
0.244188
0.662
0.464882
0.15957
0.147757
0.335719
0.0558435
0.0794981
0.662
0.662
0.322176
0.199892
0.406236
0.525196
0.149315
0.251545
0.164795
0.389649
0.398498
0.299225
0.504691
0.662
0.196985
0.662
0.646624
0.560595
0.130967
0.662
0.272961
0.329154
0.249993
0.612228
0.662
0.662
0.483547
0.662
0.662
0.348282
0.195557
0.182967
0.0536948
0.249735
0.662
0.225837
0.662
0.231087
0.662
0.662
0.555487
0.662
0.662
0.499377
0.662
0.434471
0.355655
0.562503
0.362929
0.662
0.147562
0.218133
0.329933
0.285481
0.374293
0.181417
0.538328
0.384794
0.22669
0.636697
0.0176276
0.219284
0.34729
0.410408
0.662
0.179948
0.261817
0.0159199
0.662
0.662
0.662
0.355281
0.662
0.409765
0.662
0.662
0.662
0.662
0.460954
0.662
0.63845
0.662
0.364901
0.23521
0.481314
0.15372
0.427331
0.345114
0.452928
0.662
0.662
0.332727
0.662
0.457181
0.19744
0.0010576
0.381889
0.262102
0.315966
0.578415
0.662
0.109087
0.402145
0.132234
0.289775
0.34307
0.275537
0.356052
0.611378
0.292698
0.367917
0.222756
0.662
0.00434159
0.662
0.662
0.0727656
0.662
0.662
0.153902
0.145432
0.356787
0.210302
0.613442
0.361313
0.269422
0.271392
0.527087
0.284245
0.198201
0.441191
0.105462
0.195748
0.136535
0.662
0.140944
0.230328
0.277087
0.32087
0.471723
0.417892
0.662
0.540273
0.248369
0.47144
0.449397
0.20015
0.198005
0.662
0.226236
0.662
0.0590518
0.178724
0.662
0.662
0.0574259
0.382243
0.116041
0.662
0.0800485
0.662
0.662
0.292384
0.1084
0.609575
0.647577
0.273355
0.380332
0.0683534
0.118762
0.662
0.073817
0.292653
0.662
0.435554
0.397707
0.662
0.324725
0.662
0.662
0.662
0.587378
0.423375
0.311042
0.169564
0.662
0.662
0.662
0.242977
0.662
0.191055
0.662
0.662
0.198827
0.0599879
0.572717
0.532652
0.662
0.396111
0.283661
0.662
0.0371939
0.291288
0.662
0.662
0.416625
0.373541
0.377299
0.662
0.662
0.00306722
0.662
0.349144
0.21943
0.662
0.108324
0.381365
0.125819
0.163374
0.662
0.436723
0.662
0.662
0.0799512
0.15671
0.662
0.266339
0.312088
0.215576
0.662
0.0216919
0.152263
0.263686
0.64485
0.275357
0.0969078
0.662
0.662
0.583635
0.368689
0.192612
0.55176
0.662
0.662
0.662
0.251924
0.217571
0.105381
0.624705
0.344303
0.140102
0.411049
0.0887726
0.341285
0.662
0.662
0.662
0.662
0.367223
0.662
0.662
0.336437
0.271922
0.662
0.662
0.662
0.192518
0.346401
0.0389184
0.238463
0.322832
0.0174351
0.662
0.662
0.0615006
0.63911
0.225427
0.662
0.382493
0.143819
0.116309
0.0815739
0.662
0.357962
0.662
0.662
0.338687
0.285608
0.149759
0.662
0.662
0.662
0.584552
0.102832
0.654736
0.662
0.662
0.107881
0.148973
0.0411067
0.421502
0.0880877
0.662
0.478889
0.263593
0.49558
0.621507
0.662
0.452543
0.662
0.339877
0.441289
0.433996
0.662
0.0809773
0.662
0.0637353
0.662
0.456596
0.425309
0.11161
0.662
0.454509
0.297362
0.662
0.658717
0.23168
0.536482
0.46816
0.117516
0.178403
0.662
0.0315385
0.662
0.194786
0.19654
0.0789072
0.441968
0.412806
0.662
0.662
0.256179
0.324364
0.360124
0.662
0.210199
0.662
0.662
0.272497
0.0281829
0.662
0.158815
0.662
0.662
0.182316
0.258661
0.234591
0.591238
0.26063
0.422523
0.00455189
0.179501
0.662
0.05082
0.662
0.662
0.211156
0.662
0.456833
0.26047
0.342448
0.662
0.483263
0.376025
0.662
0.202183
0.662
0.662
0.662
0.216138
0.662
0.328453
0.588453
0.0521766
0.135243
0.662
0.160651
0.38505
0.580214
0.369294
0.322783
0.662
0.662
0.662
0.0319734
0.20956
0.477348
0.428442
0.62134
0.203187
0.662
0.662
0.662
0.178796
0.354014
0.354967
0.346355
0.584203
0.275328
0.000966665
0.363094
0.428105
0.362344
0.662
0.134745
0.58072
0.327726
0.273383
0.662
0.0984112
0.449416
0.267407
0.210423
0.310418
0.662
0.662
0.352965
0.140794
0.662
0.662
0.0284099
0.323877
0.662
0.662
0.195495
0.000912518
0.662
0.65671
0.662
0.416234
0.662
0.63339
0.235678
0.662
0.662
0.662
0.367863
0.662
0.662
0.662
0.662
0.132615
0.129479
0.662
0.103289
0.653561
0.365569
0.219097
0.662
0.662
0.662
0.662
0.166008
0.151837
0.11441
0.662
0.112203
0.254593
0.0817072
0.548847
0.594881
0.235013
0.0250796
0.0482222
0.555185
0.0918343
0.662
0.265947
0.636766
0.662
0.0515085
0.0539662
0.147524
0.445027
0.0364946
0.566509
0.662
0.0842312
0.662
0.662
0.321641
0.662
0.286887
0.642184
0.662
0.0814992
0.662
0.455042
0.662
0.662
0.226089
0.405443
0.380432
0.301567
0.662
0.651953
0.326162
0.201947
0.545536
0.171218
0.264212
0.47237
0.662
0.599658
0.0930346
0.229614
0.274521
0.662
0.662
0.173472
0.662
0.634459
0.626364
0.662
0.266917
0.662
0.662
0.662
0.662
0.207576
0.662
0.0619735
0.299822
0.184123
0.0192483
0.337665
0.0292997
0.662
0.298856
0.662
0.0189415
0.662
0.0930649
0.662
0.662
0.0191247
0.662
0.662
0.305449
0.156678
0.202563
0.63364
0.282902
0.40016
0.578092
0.662
0.311539
0.0146354
0.662
0.400971
0.424032
0.662
0.662
0.662
0.146608
0.662
0.20291
0.105787
0.477406
0.450577
0.662
0.0937834
0.169874
0.125821
0.662
0.662
0.662
0.297432
0.662
0.3025
0.410832
0.662
0.0217318
0.215378
0.284492
0.258259
0.656748
0.662
0.447092
0.662
0.662
0.0413389
0.662
0.662
0.662
0.080969
0.0237068
0.290989
0.662
0.516186
0.662
0.325644
0.662
0.538893
0.662
0.210819
0.662
0.662
0.574271
0.0537547
0.607244
0.662
0.356045
0.0804484
0.662
0.265859
0.0541523
0.662
0.232293
0.290818
0.163688
0.34871
0.125853
0.235045
0.662
0.662
0.662
0.662
0.18293
0.480267
0.659922
0.0927838
0.625556
0.0969914
0.0610069
0.0687594
0.38818
0.662
0.597716
0.242304
0.195454
0.0458707
0.662
0.239411
0.375048
0.619736
0.250693
0.662
0.662
0.0162985
0.426137
0.662
0.170827
0.341638
0.260496
0.662
0.662
0.0437207
0.0128719
0.662
0.0040169
0.662
0.662
0.202844
0.662
0.477269
0.130928
0.662
0.40048
0.429205
0.662
0.0670938
0.343102
0.662
0.625717
0.662
0.610164
0.563471
0.662
0.662
0.662
0.590278
0.0717513
0.196966
0.662
0.662
0.662
0.436516
0.0500993
0.491086
0.446314
0.662
0.313571
0.591189
0.228135
0.0311239
0.62488
0.662
0.391431
0.662
0.052778
0.321163
0.232688
0.361226
0.0426949
0.662
0.662
0.662
0.662
0.472002
0.380896
0.588832
0.404456
0.405352
0.353953
0.501262
0.0214439
0.0489642
0.662
0.662
0.579594
0.662
0.0511918
0.518252
0.17708
0.217203
0.662
0.196408
0.629806
0.165399
0.0852364
0.493969
0.357424
0.662
0.662
0.211083
0.0796621
0.0285613
0.662
0.662
0.662
0.629424
0.403028
0.249489
0.346351
0.467004
0.596206
0.290073
0.662
0.363531
0.662
0.10735
0.437738
0.662
0.395453
0.654596
0.22165
0.662
0.380258
0.662
0.397099
0.486263
0.227131
0.662
0.158829
0.509315
0.662
0.0617118
0.0589977
0.522257
0.662
0.463796
0.173976
0.662
0.182107
0.216357
0.662
0.330989
0.662
0.662
0.400674
0.662
0.606277
0.15697
0.662
0.662
0.303535
0.11186
0.662
0.0980855
0.662
0.662
0.119403
0.655293
0.662
0.0437187
0.662
0.274016
0.219731
0.397355
0.0249418
0.23321
0.630505
0.662
0.662
0.311664
0.662
0.454933
0.170915
0.162489
0.662
0.40223
0.0623657
0.662
0.662
0.355604
0.113365
0.183464
0.662
0.497215
0.177386
0.199217
0.186903
0.593475
0.236218
0.161515
0.212449
0.13817
0.0441723
0.343418
0.133623
0.662
0.0323526
0.304941
0.662
0.662
0.454376
0.662
0.303776
0.357017
0.662
0.662
0.349898
0.662
0.466661
0.35255
0.662
0.219654
0.662
0.662
0.662
0.662
0.662
0.662
0.572866
0.413329
0.401689
0.662
0.285258
0.380406
0.261136
0.117178
0.662
0.662
0.662
0.662
0.102829
0.646669
0.335995
0.3054
0.0391225
0.4753
0.0647603
0.345731
0.662
0.662
0.165029
0.0748578
0.352401
0.0257054
0.481357
0.662
0.642175
0.502341
0.522189
0.662
0.662
0.456751
0.346493
0.108303
0.662
0.662
0.304651
0.662
0.662
0.274159
0.633569
0.501017
0.296118
0.317923
0.662
0.649791
0.57703
0.519347
0.391917
0.248739
0.328065
0.662
0.662
0.0883526
0.0115174
0.200968
0.662
0.249438
0.425311
0.362007
0.662
0.383629
0.0401897
0.0907967
0.244564
0.263299
0.0410134
0.479182
0.662
0.0416192
0.355789
0.00812994
0.460842
0.352724
0.277409
0.165161
0.323939
0.24386
0.11223
0.211801
0.353606
0.662
0.659941
0.662
0.662
0.662
0.162287
0.662
0.592522
0.0217106
0.158336
0.0395243
0.658947
0.204686
0.319252
0.295814
0.174724
0.161714
0.355668
0.662
0.662
0.129008
0.662
0.662
0.662
0.573953
0.446525
0.662
0.572434
0.571831
0.160745
0.662
0.272709
0.662
0.207823
0.455621
0.563335
0.442875
0.227764
0.220706
0.662
0.460439
0.662
0.44112
0.0589928
0.432172
0.662
0.259171
0.662
0.585982
0.662
0.17437
0.21138
0.325409
0.662
0.425155
0.662
0.662
0.39229
0.469012
0.18454
0.346069
0.662
0.406558
0.00149299
0.212516
0.420304
0.0680664
0.109557
0.662
0.662
0.369195
0.15335
0.00773406
0.662
0.447952
0.662
0.133519
0.116814
0.478329
0.661531
0.662
0.121737
0.662
0.662
0.662
0.509237
0.211677
0.627722
0.394548
0.356579
0.432895
0.662
0.460208
0.662
0.0900905
0.662
0.662
0.399512
0.662
0.662
0.662
0.640525
0.342868
0.662
0.181662
0.45575
0.662
0.130133
0.619774
0.106096
0.606297
0.662
0.662
0.133354
0.191848
0.662
0.662
0.662
0.275241
0.146979
0.662
0.614038
0.662
0.195841
0.662
0.662
0.162216
0.168246
0.662
0.0251457
0.321576
0.258255
0.0547768
0.166064
0.518068
0.662
0.662
0.598579
0.662
0.662
0.662
0.377628
0.662
0.286744
0.662
0.340518
0.170188
0.0739623
0.26564
0.662
0.165773
0.0900275
0.644159
0.51691
0.601871
0.662
0.0157691
0.583254
0.257024
0.442045
0.555737
0.662
0.0338243
0.649281
0.536318
0.662
0.192532
0.662
0.0546276
0.439929
0.446578
0.662
0.662
0.620692
0.662
0.0786319
0.589068
0.321209
0.239717
0.662
0.43354
0.280688
0.662
0.129217
0.662
0.241811
0.656671
0.175235
0.217406
0.443923
0.581157
0.552641
0.662
0.662
0.245525
0.34215
0.662
0.262537
0.240292
0.323028
0.653031
0.63021
0.630744
0.181334
0.453716
0.18687
0.192621
0.351927
0.652688
0.10913
0.58443
0.189374
0.265072
0.662
0.374375
0.662
0.386763
0.00764665
0.597712
0.149436
0.252598
0.393539
0.0824506
0.269138
0.370783
0.428449
0.110177
0.662
0.662
0.0480461
0.662
0.399333
0.662
0.272331
0.662
0.171797
0.662
0.322041
0.182847
0.662
0.110481
0.662
0.662
0.662
0.662
0.662
0.229424
0.0647508
0.662
0.38182
0.662
0.0591921
0.108512
0.568818
0.360502
0.576041
0.30166
0.662
0.326532
0.662
0.659644
0.662
0.662
0.164057
0.179265
0.614499
0.0611324
0.210608
0.662
0.662
0.13649
0.11774
0.612981
0.420617
0.642952
0.294791
0.662
0.342299
0.253434
0.474138
0.577169
0.0174604
0.662
0.467447
0.662
0.662
0.55364
0.0523072
0.315544
0.662
0.662
0.662
0.0811455
0.196516
0.570709
0.185395
0.144573
0.662
0.491142
0.662
0.15595
0.662
0.16205
0.662
0.0582359
0.394568
0.466537
0.382291
0.634113
0.513019
0.465507
0.374594
0.662
0.216073
0.662
0.442181
0.662
0.506307
0.292605
0.310809
0.528566
0.261583
0.121921
0.593941
0.25668
0.503378
0.348842
0.0726885
0.107528
0.411286
0.662
0.240705
0.662
0.151905
0.662
0.662
0.183333
0.397245
0.635123
0.40656
0.071422
0.365302
0.662
0.620729
0.662
0.662
0.662
0.662
0.448356
0.278301
0.579001
0.662
0.121546
0.662
0.662
0.662
0.509032
0.584719
0.662
0.662
0.642754
0.105257
0.56768
0.421882
0.118555
0.196591
0.662
0.662
0.662
0.662
0.134327
0.330698
0.662
0.662
0.600707
0.662
0.662
0.194524
0.406336
0.487096
0.662
0.662
0.330192
0.56561
0.662
0.234153
0.362666
0.437693
0.322839
0.662
0.27436
0.112255
0.662
0.0943489
0.280488
0.662
0.413318
0.239851
0.662
0.295096
0.662
0.179191
0.0423197
0.208458
0.255345
0.0544926
0.662
0.14893
0.263853
0.630963
0.662
0.615384
0.196157
0.627265
0.184179
0.138281
0.662
0.562959
0.35441
0.662
0.662
0.193805
0.662
0.662
0.331163
0.662
0.136936
0.450127
0.193382
0.62548
0.419188
0.656181
0.662
0.455602
0.368921
0.662
0.35454
0.418455
0.544487
0.342134
0.0521385
0.443734
0.280814
0.395837
0.237557
0.15572
0.432753
0.662
0.459826
0.150866
0.36429
0.662
0.137037
0.464623
0.365705
0.284625
0.662
0.169582
0.475309
0.325742
0.152618
0.292386
0.662
0.520566
0.200673
0.314162
0.0308744
0.662
0.511833
0.373611
0.119347
0.0236544
0.662
0.0256123
0.235731
0.662
0.354968
0.662
0.2715
0.203448
0.230478
0.662
0.283937
0.593298
0.662
0.662
0.163947
0.651419
0.662
0.416563
0.261884
0.0650437
0.579744
0.512647
0.111079
0.662
0.54818
0.00901621
0.0483061
0.662
0.577458
0.0317541
0.662
0.662
0.662
0.511365
0.100269
0.662
0.662
0.662
0.537615
0.244339
0.120649
0.289272
0.319285
0.159386
0.662
0.480375
0.662
0.596019
0.239335
0.304059
0.396524
0.11472
0.493115
0.190548
0.429672
0.573839
0.022625
0.31456
0.0376819
0.507405
0.438254
0.347427
0.111123
0.658843
0.326836
0.662
0.662
0.43846
0.275867
0.622294
0.269976
0.662
0.265922
0.28481
0.243776
0.544757
0.662
0.0487451
0.662
0.617499
0.630414
0.215046
0.555762
0.662
0.662
0.575418
0.00397338
0.662
0.462415
0.662
0.127503
0.276147
0.334842
0.662
0.382806
0.662
0.186151
0.662
0.662
0.575925
0.169703
0.392273
0.662
0.599976
0.247083
0.662
0.475287
0.10605
0.382775
0.141079
0.504633
0.0877052
0.37961
0.559373
0.662
0.399578
0.00729607
0.662
0.0173444
0.662
0.235065
0.662
0.662
0.662
0.662
0.662
0.406279
0.662
0.0909981
0.408719
0.132439
0.410369
0.662
0.611511
0.662
0.662
0.443716
0.393199
0.404119
0.227922
0.60949
0.22407
0.401208
0.662
0.471435
0.106729
0.450499
0.353061
0.662
0.251082
0.662
0.303079
0.662
0.271476
0.308956
0.243861
0.585213
0.152031
0.467054
0.0604687
0.662
0.289594
0.662
0.325487
0.662
0.662
0.296952
0.137431
0.199297
0.341464
0.113756
0.662
0.662
0.501539
0.662
0.1587
0.662
0.124296
0.0979253
0.43888
0.142817
0.243091
0.662
0.239365
0.0482333
0.22934
0.491355
0.476369
0.0858244
0.100261
0.486064
0.662
0.0214059
0.340014
0.662
0.427337
0.215925
0.443751
0.559479
0.653425
0.431347
0.0536879
0.468097
0.633932
0.562497
0.198102
0.662
0.0215927
0.576503
0.192776
0.233529
0.662
0.15287
0.627823
0.662
0.371727
0.12577
0.662
0.662
0.513358
0.662
0.662
0.568649
0.075741
0.402075
0.464217
0.662
0.548223
0.662
0.651474
0.136735
0.407372
0.534543
0.54913
0.439929
0.662
0.11357
0.0822362
0.0257619
0.502278
0.41831
0.662
0.450266
0.478247
0.251765
0.158406
0.0687655
0.662
0.233196
0.632614
0.662
0.662
0.28326
0.407252
0.662
0.389884
0.662
0.340786
0.0131362
0.662
0.645243
0.662
0.112695
0.662
0.662
0.21304
0.435032
0.179187
0.185645
0.238141
0.386644
0.662
0.662
0.389811
0.165047
0.658013
0.185419
0.305363
0.41535
0.172791
0.662
0.225567
0.180444
0.124555
0.330094
0.364053
0.276564
0.662
0.0751518
0.662
0.662
0.662
0.662
0.662
0.049708
0.662
0.598699
0.662
0.662
0.102622
0.662
0.662
0.662
0.662
0.302024
0.380288
0.422364
0.0214709
0.453011
0.192824
0.441074
0.662
0.513722
0.628705
0.662
0.662
0.662
0.645309
0.662
0.291999
0.188285
0.662
0.662
0.194282
0.210399
0.587158
0.662
0.662
0.662
0.212074
0.236806
0.308343
0.324902
0.662
0.518519
0.188557
0.463691
0.227672
0.389104
0.618738
0.571705
0.401637
0.341233
0.662
0.662
0.548088
0.651192
0.662
0.0275587
0.662
0.147823
0.440962
0.662
0.662
0.469324
0.43404
0.267437
0.662
0.358984
0.662
0.662
0.662
0.476282
0.0529563
0.132729
0.610961
0.662
0.124672
0.171363
0.186524
0.662
0.618198
0.476653
0.481142
0.500144
0.146876
0.350446
0.404379
0.662
0.358067
0.298446
0.337179
0.226842
0.0981492
0.354375
0.662
0.662
0.567122
0.662
0.662
0.459672
0.662
0.182473
0.399255
0.229956
0.458769
0.464854
0.662
0.571272
0.192406
0.173642
0.662
0.600449
0.662
0.662
0.448143
0.662
0.410703
0.296817
0.662
0.406428
0.662
0.662
0.628774
0.381012
0.662
0.460144
0.364439
0.210731
0.196212
0.662
0.435664
0.662
0.662
0.142331
0.614215
0.662
0.662
0.662
0.318192
0.475423
0.301616
0.0756142
0.219542
0.662
0.0626412
0.662
0.662
0.0870703
0.288052
0.561978
0.316312
0.662
0.662
0.471588
0.568014
0.407084
0.485396
0.150185
0.662
0.0252099
0.662
0.662
0.0397616
0.602535
0.275611
0.176922
0.449884
0.662
0.195112
0.662
0.433306
0.302281
0.527669
0.328837
0.662
0.610086
0.332337
0.323647
0.662
0.265264
0.116907
0.517786
0.623714
0.0112908
0.175016
0.662
0.454434
0.0465692
0.662
0.662
0.600405
0.326828
0.662
0.217469
0.662
0.0011423
0.356138
0.243871
0.293915
0.662
0.183959
0.351879
0.662
0.438537
0.205152
0.307503
0.662
0.376939
0.662
0.435527
0.662
0.287781
0.261689
0.30853
0.0360741
0.471402
0.242234
0.662
0.179254
0.662
0.662
0.116002
0.221319
0.147535
0.0590492
0.0845892
0.502998
0.459524
0.295298
0.662
0.0290377
0.545472
0.662
0.0884305
0.662
0.0480974
0.361631
0.50655
0.301264
0.460582
0.245666
0.662
0.563544
0.238495
0.662
0.662
0.662
0.662
0.662
0.440634
0.154575
0.106736
0.110861
0.662
0.415862
0.486675
0.46508
0.210623
0.161076
0.1083
0.392866
0.0209827
0.338135
0.246553
0.637975
0.176363
0.162189
0.0437665
0.468447
0.398493
0.415666
0.306245
0.187431
0.662
0.511176
0.601508
0.228064
0.334894
0.354356
0.662
0.662
0.390215
0.662
0.266756
0.662
0.187902
0.049705
0.331088
0.173275
0.204006
0.501283
0.662
0.662
0.662
0.662
0.662
0.617909
0.330621
0.662
0.662
0.662
0.651049
0.603906
0.365943
0.208031
0.00966729
0.412374
0.246197
0.662
0.631066
0.662
0.662
0.220485
0.348698
0.662
0.23467
0.0114311
0.208137
0.368537
0.600177
0.352759
0.662
0.463298
0.307759
0.662
0.00543074
0.315388
0.627694
0.461988
0.0380572
0.0120273
0.348422
0.209622
0.662
0.662
0.191275
0.595893
0.662
0.662
0.662
0.0635774
0.662
0.551747
0.305305
0.109532
0.662
0.605145
0.662
0.221265
0.622204
0.321694
0.295681
0.662
0.00192828
0.662
0.662
0.310401
0.662
0.276364
0.653552
0.614912
0.0836444
0.662
0.662
0.37516
0.224939
0.0121779
0.662
0.62226
0.314417
0.662
0.662
0.662
0.0435775
0.651991
0.100318
0.374109
0.662
0.0560943
0.606606
0.662
0.457124
0.0177286
0.258394
0.0963091
0.365474
0.160868
0.0788686
0.631193
0.662
0.662
0.662
0.662
0.192091
0.192079
0.610486
0.504657
0.244975
0.662
0.604287
0.158297
0.662
0.662
0.0721045
0.442048
0.589026
0.662
0.329774
0.025652
0.662
0.662
0.662
0.200531
0.238469
0.29578
0.359537
0.144138
0.461056
0.55659
0.662
0.662
0.662
0.567128
0.0214024
0.142104
0.662
0.036953
0.0188136
0.390214
0.458484
0.410232
0.662
0.662
0.662
0.452155
0.320451
0.0798129
0.662
0.239594
0.620895
0.662
0.662
0.319684
0.572895
0.228935
0.393182
0.662
0.0342879
0.307092
0.430643
0.658493
0.662
0.662
0.662
0.183536
0.0980763
0.199725
0.466557
0.662
0.0644528
0.662
0.217156
0.662
0.662
0.662
0.231825
0.258161
0.662
0.206592
0.662
0.662
0.273429
0.658019
0.0575986
0.232692
0.662
0.0846933
0.662
0.402776
0.272326
0.0354737
0.662
0.662
0.662
0.0633903
0.38787
0.0338902
0.44038
0.662
0.627805
0.503977
0.662
0.623243
0.662
0.519485
0.662
0.662
0.594229
0.0244613
0.373031
0.279309
0.194576
0.187712
0.576279
0.578338
0.330494
0.662
0.411048
0.627099
0.653448
0.662
0.181282
0.662
0.212836
0.662
0.662
0.0696798
0.212602
0.169745
0.473224
0.00732865
0.662
0.662
0.656734
0.426709
0.524262
0.662
0.600591
0.263046
0.227661
0.138733
0.662
0.480071
0.174634
0.00629492
0.159817
0.604787
0.662
0.0042248
0.218498
0.662
0.246733
0.270747
0.399669
0.13164
0.184267
0.421484
0.491087
0.662
0.662
0.321189
0.658804
0.662
0.317922
0.187465
0.352727
0.149303
0.662
0.216034
0.662
0.56384
0.228289
0.662
0.662
0.201122
0.377715
0.662
0.504806
0.453019
0.662
0.327573
0.103611
0.647114
0.662
0.662
0.361886
0.195372
0.408754
0.662
0.570832
0.551331
0.204499
0.140391
0.662
0.247217
0.662
0.662
0.662
0.618678
0.340029
0.0803605
0.662
0.185652
0.662
0.662
0.662
0.267908
0.395786
0.662
0.592409
0.230399
0.662
0.0200438
0.654328
0.318251
0.308889
0.662
0.0912663
0.178596
0.20264
0.19957
0.284792
0.0952826
0.208863
0.440022
0.330745
0.0639028
0.185392
0.414166
0.381732
0.640109
0.662
0.620599
0.344812
0.360692
0.210281
0.235817
0.662
0.629563
0.221094
0.662
0.179023
0.335986
0.184327
0.662
0.368559
0.358408
0.341968
0.155928
0.280537
0.0979408
0.662
0.175194
0.548451
0.662
0.662
0.1562
0.662
0.375218
0.465851
0.403174
0.662
0.0955493
0.331372
0.131259
0.662
0.259073
0.283217
0.108041
0.662
0.187018
0.662
0.55274
0.662
0.540001
0.662
0.278805
0.662
0.168734
0.662
0.662
0.662
0.610421
0.662
0.0825016
0.180132
0.204143
0.513434
0.662
0.662
0.0539828
0.495065
0.580003
0.662
0.662
0.662
0.0229737
0.662
0.405275
0.662
0.413728
0.0335678
0.662
0.179452
0.00274261
0.662
0.584933
0.191722
0.516998
0.130855
0.558904
0.662
0.628158
0.662
0.205403
0.0364608
0.496495
0.662
0.272572
0.398177
0.662
0.215946
0.662
0.28744
0.201259
0.533371
0.203992
0.0227104
0.199861
0.633694
0.662
0.662
0.662
0.662
0.662
0.662
0.0776658
0.421265
0.506398
0.662
0.136531
0.218029
0.606843
0.448258
0.662
0.662
0.468115
0.662
0.128789
0.000770372
0.662
0.277174
0.227966
0.137188
0.447958
0.0606311
0.662
0.0276446
0.662
0.312977
0.587304
0.046477
0.00361941
0.662
0.411319
0.115128
0.365245
0.100675
0.597118
0.662
0.0699611
0.40184
0.329202
0.0820492
0.662
0.638205
0.625815
0.662
0.239414
0.56966
0.647849
0.662
0.662
0.129541
0.662
0.325439
0.662
0.253107
0.662
0.320481
0.662
0.33982
0.662
0.48073
0.224975
0.351991
0.19025
0.0977363
0.356274
0.278145
0.662
0.344128
0.343847
0.265359
0.224419
0.662
0.0930368
0.662
0.662
0.470298
0.662
0.237977
0.146807
0.662
0.305434
0.662
0.662
0.662
0.437853
0.601583
0.0818969
0.133277
0.226732
0.662
0.662
0.147666
0.0469823
0.454866
0.114788
0.316982
0.662
0.413543
0.291492
0.0777943
0.37816
0.197575
0.662
0.662
0.288088
0.465434
0.431755
0.0466979
0.404033
0.610198
0.371324
0.229569
0.662
0.184778
0.466885
0.662
0.112056
0.378917
0.401545
0.662
0.662
0.435986
0.519218
0.662
0.15938
