0.662
0.133072
0.110757
0.582823
0.0816758
0.299822
0.662
0.137431
0.662
0.483766
0.25276
0.662
0.662
0.0363834
0.254205
0.3025
0.226842
0.581777
0.0402597
0.0387194
0.662
0.437028
0.662
0.360631
0.662
0.0723394
0.0146225
0.0959911
0.662
0.662
0.622115
0.597664
0.184528
0.662
0.199892
0.644572
0.388159
0.660638
0.63845
0.256975
0.411928
0.662
0.303672
0.662
0.658804
0.464201
0.342768
0.443091
0.115791
0.413366
0.26433
0.62226
0.418194
0.234937
0.435933
0.578211
0.662
0.0500611
0.662
0.396304
0.305853
0.222457
0.662
0.241946
0.0951038
0.259169
0.172646
0.662
0.662
0.472972
0.662
0.662
0.509827
0.2264
0.271034
0.662
0.190881
0.211644
0.380029
0.662
0.181126
0.662
0.662
0.498428
0.575174
0.112655
0.0336128
0.35653
0.63911
0.409161
