0.0100798
0.386563
0.122822
0.662
0.457447
0.662
0.662
0.662
0.494167
0.662
0.187277
0.662
0.0293018
0.249018
0.156702
0.662
0.276814
0.662
0.292612
0.662
0.245218
0.476719
0.662
0.3304
0.436011
0.36855
0.662
0.429803
0.234005
0.420309
0.662
0.19259
0.132373
0.270029
0.246556
0.39951
0.189803
0.662
0.662
0.662
0.662
0.321835
0.400901
0.662
0.425266
0.286418
0.662
0.662
0.349807
0.251515
0.0656901
0.662
0.662
0.662
0.0837314
0.662
0.256935
0.662
0.662
0.271733
0.662
0.662
0.662
0.662
0.0846266
0.0254385
0.662
0.161325
0.662
0.662
0.35637
0.662
0.379049
0.390952
0.662
0.662
0.0881369
0.662
0.662
0.297037
0.25162
0.377755
0.435836
0.0446848
0.450801
0.445796
0.662
0.0153567
0.375593
0.181925
0.468502
0.662
0.351203
0.357115
0.221363
0.327417
0.0680585
0.536292
0.662
0.662
0.586305
0.662
0.662
0.662
0.462316
0.662
0.0207209
0.662
0.30785
0.337373
0.475482
0.662
0.647106
0.662
0.177547
0.317578
0.382039
0.0245658
0.320462
0.0390717
0.662
0.200137
0.662
0.176394
0.359911
0.625271
0.408041
0.662
0.245196
0.242089
0.662
0.662
0.662
0.406432
0.662
0.662
0.257605
0.375078
0.662
0.662
0.662
0.297711
0.480803
0.258448
0.334239
0.0372754
0.0783908
0.662
0.662
0.662
0.662
0.18411
0.067698
0.149988
0.369634
0.662
0.0246236
0.527037
0.622755
0.662
0.662
0.271524
0.32371
0.197262
0.212092
0.195788
0.342309
0.22749
0.112496
0.662
0.662
0.475171
0.463123
0.662
0.00767343
0.662
0.662
0.662
0.187635
0.57066
0.27781
0.269233
0.378491
0.305918
0.103874
0.239354
0.662
0.337063
0.0710552
0.0526068
0.508241
0.662
0.662
0.662
0.662
0.362317
0.131488
0.172444
0.662
0.662
0.662
0.42696
0.206866
0.267779
0.662
0.662
0.662
0.242306
0.662
0.0852027
0.0884679
0.192381
0.412124
0.0376816
0.319859
0.269862
0.125551
0.0404216
0.48259
0.662
0.0961879
0.63339
0.662
0.00971484
0.0322741
0.569399
0.662
0.254092
0.662
0.00379844
0.375312
0.662
0.662
0.662
0.00955485
0.662
0.229113
0.154369
0.54828
0.662
0.662
0.662
0.0258906
0.0863514
0.662
0.662
0.232987
0.421516
0.271136
0.332463
0.267716
0.662
0.479966
0.38458
0.662
0.251282
0.662
0.662
0.446614
0.662
0.228723
0.662
0.480758
0.147656
0.333565
0.166313
0.662
0.662
0.121441
0.662
0.662
0.370607
0.662
0.662
0.0126702
0.240896
0.662
0.464494
0.662
0.12713
0.662
0.282272
0.662
0.450673
0.396183
0.102957
0.113224
0.278838
0.416077
0.379523
0.0550987
0.661077
0.304619
0.11503
0.662
0.662
0.662
0.662
0.167423
0.350249
0.471432
0.367525
0.662
0.662
0.548007
0.119569
0.662
0.613133
0.391933
0.232353
0.662
0.0450772
0.138738
0.662
0.662
0.662
0.106751
0.145117
0.662
0.662
0.662
0.662
0.662
0.366404
0.477991
0.662
0.012445
0.0990174
0.662
0.186009
0.344491
0.0720209
0.662
0.310997
0.662
0.662
0.464426
0.443127
0.662
0.199657
0.211001
0.292216
0.662
0.176672
0.443157
0.232215
0.662
0.37992
0.144356
0.16043
0.147146
0.206753
0.353567
0.293063
0.23261
0.332377
0.277973
0.662
0.662
0.344365
0.105639
0.30328
0.218373
0.662
0.46489
0.432591
0.23296
0.328342
0.662
0.162208
0.662
0.662
0.662
0.324152
0.0845213
0.437973
0.633832
0.662
0.662
0.186298
0.199027
0.523127
0.662
0.235645
0.662
0.190997
0.662
0.662
0.662
0.662
0.00310721
0.362864
0.37539
0.551858
0.436482
0.362581
0.662
0.555216
0.662
0.594933
0.662
0.662
0.045291
0.00711826
0.481063
0.662
0.662
0.662
0.164307
0.318702
0.317102
0.501011
0.662
0.662
0.199886
0.662
0.140817
0.114643
0.662
0.662
0.00365679
0.36702
0.0932369
0.662
0.662
0.662
0.34982
0.662
0.662
0.066808
0.662
0.154214
0.662
0.446858
0.662
0.288284
0.185634
0.662
0.163334
0.160428
0.352085
0.662
0.662
0.276644
0.662
0.194284
0.662
0.662
0.662
0.527073
0.662
0.662
0.15717
0.418582
0.662
0.274637
0.662
0.370881
0.662
0.206485
0.662
0.353737
0.51792
0.238537
0.123818
0.385769
0.17788
0.662
0.23423
0.662
0.223508
0.569355
0.0605082
0.471078
0.472164
0.397135
0.293607
0.0469832
0.516491
0.217931
0.336676
0.253479
0.662
0.662
0.104114
0.555242
0.033504
0.0342173
0.0105007
0.164083
0.662
0.064536
0.662
0.195219
0.430209
0.662
0.141842
0.475119
0.403475
0.662
0.662
0.662
0.406223
0.662
0.184062
0.642296
0.188111
0.662
0.187281
0.62727
0.328334
0.000544522
0.345401
0.272394
0.309417
0.159605
0.275979
0.278838
0.662
0.164275
0.13042
0.28139
0.214518
0.662
0.662
0.254128
0.662
0.662
0.122469
0.132299
0.662
0.295499
0.320483
0.304647
0.243966
0.35212
0.0889628
0.281067
0.400942
0.409625
0.246882
0.662
0.301719
0.662
0.227911
0.0578833
0.334984
0.184691
0.479139
0.662
0.166403
0.139414
0.394688
0.662
0.371196
0.235798
0.0222151
0.142052
0.175412
0.662
0.258847
0.273476
0.0937118
0.167553
0.253989
0.637754
0.662
0.0443465
0.241969
0.662
0.31253
0.183746
0.413439
0.662
0.393038
0.420878
0.590475
0.198388
0.218378
0.662
0.662
0.307929
0.199411
0.662
0.662
0.662
0.662
0.315318
0.662
0.357445
0.662
0.192708
0.349677
0.0363959
0.662
0.285495
0.313429
0.662
0.662
0.318609
0.662
0.304765
0.285039
0.418709
0.662
0.284637
0.662
0.662
0.490044
0.00249739
0.220483
0.123099
0.423756
0.501193
0.0800033
0.3361
0.342627
0.602044
0.143593
0.475508
0.662
0.662
0.662
0.446919
0.599621
0.123838
0.662
0.180696
0.662
0.202932
0.463273
0.0737399
0.0673148
0.584634
0.662
9.49877e-05
0.0135851
0.609312
0.662
0.662
0.662
0.215983
0.280335
0.618684
0.440098
0.54786
0.466664
0.313473
0.21329
0.284084
0.662
0.159205
0.293804
0.662
0.521352
0.662
0.0662321
0.528981
0.0288327
0.662
0.662
0.662
0.662
0.662
0.345348
0.662
0.451433
0.242703
0.104316
0.662
0.0387624
0.286629
0.662
0.662
0.306837
0.482784
0.0299091
0.358546
0.662
0.0735044
0.36676
0.662
0.325259
0.186642
0.437809
0.193604
0.291551
0.250273
0.487106
0.662
0.43838
0.662
0.125613
0.573652
0.246027
0.662
0.662
0.267527
0.662
0.451135
0.365635
0.264406
0.23845
0.662
0.26168
0.141704
0.203629
0.662
0.662
0.662
0.662
0.662
0.662
0.0957961
0.222542
0.0999943
0.662
0.662
0.6028
0.662
0.662
0.659962
0.662
0.187305
0.662
0.393914
0.560942
0.125491
0.472481
0.196533
0.662
0.253529
0.12834
0.255234
0.662
0.28842
0.662
0.662
0.662
0.176575
0.662
0.53936
0.662
0.662
0.445981
0.662
0.528244
0.391366
0.0837075
0.392576
0.446042
0.662
0.662
0.498607
0.662
0.067046
0.662
0.229005
0.662
0.280748
0.403708
0.20142
0.503416
0.662
0.205063
0.662
0.662
0.199474
0.662
0.194725
0.324824
0.0864541
0.197644
0.662
0.0813986
0.00669419
0.662
0.232273
0.22237
0.662
0.263036
0.662
0.662
0.295588
0.273979
0.662
0.662
0.014609
0.662
0.365826
0.662
0.662
0.408973
0.662
0.209202
0.662
0.190208
0.298186
0.12117
0.662
0.662
0.393691
0.662
0.662
0.0942014
0.221814
0.548402
0.328648
0.422807
0.662
0.12283
0.662
0.220378
0.1102
0.322198
0.0612536
0.662
0.144701
0.662
0.253898
0.385135
0.253169
0.345562
0.412924
0.662
0.0865361
0.662
0.662
0.185234
0.662
0.662
0.425127
0.662
0.619648
0.154611
0.162021
0.662
0.476625
0.0492879
0.662
0.0952499
0.662
0.587619
0.212566
0.14162
0.201657
0.269717
0.626303
0.662
0.662
0.662
0.662
0.662
0.662
0.470589
0.34166
0.517114
0.426159
0.159831
0.186942
0.0492279
0.254802
0.227161
0.446039
0.282926
0.662
0.447085
0.662
0.277693
0.123982
0.662
0.662
0.391543
0.462269
0.662
0.662
0.662
0.175706
0.410526
0.217934
0.442146
0.536835
0.198077
0.292069
0.309849
0.420099
0.200892
0.413065
0.662
0.662
0.662
0.662
0.662
0.555041
0.662
0.662
0.662
0.0145811
0.49682
0.662
0.116271
0.0555459
0.3005
0.155126
0.400649
0.18303
0.0125954
0.662
0.144785
0.662
0.662
0.624883
0.0778092
0.662
0.558399
0.662
0.662
0.228424
0.662
0.00853379
0.0325465
0.201487
0.662
0.441215
0.37982
0.178689
0.379616
0.662
0.450742
0.201054
0.497553
0.0715559
0.284172
0.662
0.662
0.476212
0.210132
0.662
0.00938738
0.496814
0.0885237
0.0657634
0.432609
0.110666
0.413031
0.0924859
0.662
0.225931
0.235087
0.239121
0.0165584
0.662
0.662
0.508451
0.477189
0.425557
0.662
0.116271
0.662
0.343652
0.488057
0.078691
0.662
0.662
0.27927
0.162301
0.292623
0.662
0.000707568
0.662
0.118304
0.662
0.662
0.519775
0.427974
0.20867
0.662
0.662
0.662
0.14453
0.19095
0.256347
0.291314
0.662
0.662
0.0170918
0.662
0.115176
0.185562
0.115068
0.375761
0.231901
0.174496
0.662
0.662
0.662
0.662
0.139551
0.142877
0.662
0.283481
0.662
0.231724
0.662
0.662
0.662
0.318241
0.28978
0.352411
0.391224
0.662
0.196832
0.662
0.405644
0.662
0.662
0.138796
0.477232
0.662
0.205271
0.126866
0.662
0.42949
0.662
0.0825737
0.662
0.181103
0.249345
0.662
0.662
0.63339
0.654672
0.437322
0.172868
0.662
0.0872071
0.338579
0.312085
0.22713
0.463416
0.662
0.486299
0.0873862
0.662
0.662
0.662
0.253477
0.387827
0.435975
0.662
0.447472
0.299789
0.662
0.662
0.662
0.662
0.301137
0.662
0.257372
0.20686
0.281312
0.0867066
0.0166209
0.0251387
0.662
0.00872646
0.662
0.184217
0.378521
0.359947
0.589058
0.23971
0.365782
0.189524
0.662
0.662
0.121408
0.222554
0.176915
0.662
0.47011
0.313338
0.662
0.278694
0.126494
0.662
0.662
0.478975
0.0784673
0.247537
0.662
0.662
0.0958713
0.662
0.166408
0.662
0.411406
0.506823
0.662
0.120357
0.662
0.0179934
0.19361
0.662
0.662
0.432373
0.5797
0.662
0.129617
0.662
0.137817
0.662
0.145497
0.662
0.4118
0.662
0.276333
0.381775
0.441164
0.662
0.662
0.317823
0.662
0.0817641
0.662
0.662
0.314879
0.0627875
0.662
0.662
0.118628
0.280495
0.491215
0.662
0.594027
0.362929
0.450303
0.221724
0.357737
0.358172
0.623603
0.662
0.406067
0.596223
0.662
0.225484
0.313323
0.340917
0.233831
0.662
0.307279
0.662
0.662
0.133972
0.392194
0.417869
0.573329
0.662
0.128877
0.194215
0.199238
0.168243
0.662
0.662
0.307123
0.662
0.382434
0.662
0.197949
0.662
0.312961
0.50607
0.662
0.278453
0.214247
0.662
0.662
0.534385
0.409085
0.260313
0.179803
0.662
0.51809
0.662
0.146137
0.32194
0.662
0.662
0.662
0.662
0.662
0.15454
0.171171
0.384264
0.120301
0.320877
0.662
0.662
0.0865602
0.201131
0.0877911
0.271037
0.662
0.39746
0.662
0.216965
0.288452
0.662
0.0228922
0.195707
0.662
0.108029
0.36181
0.662
0.288261
0.662
0.30798
0.01484
0.325706
0.409144
0.662
0.331974
0.133047
0.248642
0.0386274
0.662
0.598921
0.662
0.662
0.431997
0.339022
0.662
0.662
0.416638
0.270864
0.172557
0.239799
0.27285
0.662
0.23949
0.662
0.662
0.238162
0.524127
0.194229
0.662
0.662
0.502526
0.088535
0.235271
0.662
0.577247
0.662
0.631786
0.160373
0.322176
0.655072
0.662
0.0970712
0.662
0.273759
0.350771
0.416172
0.483437
0.662
0.39018
0.207344
0.317352
0.200261
0.462219
0.187443
0.662
0.0634382
0.662
0.662
0.131976
0.084986
0.166915
0.513302
0.400522
0.271525
0.446829
0.662
0.662
0.220485
0.662
0.662
0.662
0.662
0.662
0.662
0.662
0.198578
0.197482
0.222082
0.264882
0.210834
0.50776
0.662
0.662
0.34274
0.356561
0.126622
0.395982
0.19142
0.662
0.160223
0.423206
0.662
0.0693765
0.662
0.277177
0.187371
0.220603
0.662
0.662
0.200257
0.522795
0.662
0.176476
0.662
0.662
0.241526
0.179506
0.662
0.400609
0.662
0.225686
0.393254
0.0472217
0.439132
0.662
0.662
0.609913
0.662
0.662
0.299257
0.140414
0.124974
0.662
0.662
0.149593
0.662
0.00300031
0.184346
0.277419
0.200953
0.36803
0.221934
0.193413
0.662
0.662
0.662
0.204256
0.13309
0.294216
0.0613574
0.0233819
0.507012
0.0278034
0.62779
0.260965
0.449189
0.662
0.662
0.478451
0.270073
0.42859
0.465178
0.346852
0.662
0.199286
0.648659
0.412666
0.255356
0.207467
0.662
0.38801
0.109718
0.412734
0.262887
0.258845
0.637279
0.662
0.662
0.662
0.662
0.186207
0.662
0.143775
0.662
0.662
0.148878
0.662
0.117964
0.662
0.662
0.402179
0.662
0.662
0.428018
0.0867802
0.426418
0.662
0.457874
0.155954
0.662
0.026502
0.392328
0.662
0.160412
0.156879
0.662
0.0083146
0.0669825
0.605858
0.138975
0.299942
0.334711
0.106159
0.662
0.622839
0.00690865
0.133114
0.111865
0.662
0.131923
0.662
0.230653
0.295627
0.662
0.662
0.0788152
0.356985
0.342941
0.662
0.662
0.431472
0.280083
0.662
0.236369
0.245648
0.662
0.373875
0.285424
0.662
0.148551
0.662
0.662
0.662
0.0128384
0.662
0.516488
0.662
0.288546
0.152454
0.000688362
0.629286
0.662
0.379771
0.338131
0.639925
0.118167
0.662
0.0444885
0.482721
0.662
0.206634
0.340386
0.142952
0.662
0.662
0.278959
0.307051
0.0704477
0.31384
0.654842
0.240374
0.662
0.484591
0.662
0.037041
0.662
0.171848
0.662
0.662
0.242514
0.259013
0.185737
0.435989
0.662
0.508056
0.160153
0.662
0.662
0.109621
0.662
0.662
0.00251756
0.531343
0.662
0.23926
0.157489
0.662
0.572714
0.662
0.251131
0.461381
0.2347
0.21298
0.479902
0.327338
0.662
0.647918
0.0744654
0.171006
0.377798
0.325198
0.662
0.110774
0.662
0.662
0.662
0.662
0.435633
0.100825
0.583991
0.377604
0.14187
0.208382
0.662
0.268801
0.38043
0.662
0.662
0.0222613
0.662
0.013283
0.662
0.662
0.147396
0.231589
0.462822
0.662
0.0110112
0.559544
0.468141
0.183062
0.544781
0.502372
0.662
0.0199219
0.662
0.231221
0.662
0.389996
0.00389895
0.662
0.662
0.444295
0.662
0.585496
0.662
0.580284
0.206462
0.662
0.629044
0.02078
0.245604
0.662
0.662
0.0552778
0.25284
0.662
0.294969
0.605567
0.662
0.662
0.402575
0.308019
0.662
0.662
0.194886
0.662
0.662
0.662
0.662
0.0778144
0.662
0.316779
0.219897
0.662
0.0838321
0.265668
0.0718943
0.662
0.296754
0.582947
0.662
0.146638
0.291697
0.662
0.296567
0.662
0.662
0.376117
0.662
0.662
0.595277
0.662
0.235389
0.192565
0.459056
0.662
0.025901
0.444453
0.662
0.225607
0.211823
0.662
0.662
0.165037
0.581962
0.0445915
0.333878
0.662
0.0106477
0.456527
0.18062
0.662
0.158968
0.547922
0.437245
0.456107
0.407504
0.205688
0.662
0.662
0.163468
0.662
0.124692
0.662
0.021042
0.216662
0.0188636
0.662
0.269237
0.241562
0.662
0.662
0.177296
0.543605
0.662
0.484853
0.662
0.662
0.443683
0.203575
0.239009
0.123903
0.305349
0.662
0.0412071
0.662
0.325986
0.662
0.483384
0.662
0.662
0.184463
0.662
0.0474909
0.662
0.586096
0.249903
0.662
0.162094
0.662
0.55412
0.188348
0.180593
0.417556
0.571449
0.113139
0.662
0.662
0.662
0.0808942
0.141489
0.662
0.662
0.176408
0.169338
0.419838
0.170589
0.662
0.342219
0.596384
0.36511
0.662
0.0748004
0.181928
0.0581108
0.015294
0.388045
0.184672
0.662
0.0688556
0.63339
0.0395329
0.571503
0.662
0.2877
0.383509
0.662
0.662
0.0435395
0.662
0.300813
0.143646
0.662
0.476256
0.184452
0.662
0.203814
0.662
0.269471
0.39899
0.409258
0.662
0.662
0.435291
0.662
0.15842
0.511181
0.543835
0.662
0.662
0.662
0.563645
0.662
0.662
0.336777
0.430427
0.354659
0.237444
0.326342
0.662
0.16419
0.262263
0.408581
0.524957
0.0934006
0.662
0.195721
0.662
0.20422
0.209815
0.284387
0.307427
0.662
0.511935
0.662
0.662
0.662
0.662
0.320569
0.605255
0.136794
0.3984
0.442604
0.0698386
0.662
0.662
0.427577
0.662
0.450086
0.203024
0.662
0.662
0.383342
0.15435
0.662
0.18608
0.662
0.662
0.516838
0.662
0.129656
0.528889
0.662
0.20207
0.662
0.243398
0.425341
0.577848
0.0909876
0.178591
0.133457
0.662
0.0732463
0.662
0.249835
0.662
0.138932
0.125059
0.275917
0.105544
0.0824342
0.662
0.662
0.157519
0.156204
0.662
0.662
0.439425
0.434659
0.662
0.395667
0.662
0.662
0.662
0.0214934
0.521491
0.662
0.662
0.160091
0.0130006
0.0326087
0.23301
0.151534
0.410791
0.567445
0.662
0.662
0.217256
0.338406
0.385486
0.432358
0.662
0.662
0.381155
0.382838
0.425167
0.12486
0.32968
0.649583
0.662
0.09301
0.662
0.662
0.0301145
0.662
0.662
0.662
0.190372
0.130344
0.0586499
0.153663
0.39351
0.662
0.172262
0.662
0.129729
0.195344
0.0571985
0.20317
0.31103
0.662
0.628607
0.102578
0.114539
0.662
0.662
0.385368
0.662
0.00138578
0.106698
0.258734
0.180614
0.662
0.189122
0.10407
0.414372
0.461271
0.471944
0.0436102
0.244147
0.403437
0.662
0.662
0.239863
0.524647
0.195264
0.0269956
0.662
0.288976
0.385898
0.260042
0.662
0.0478936
0.423512
0.461313
0.238122
0.662
0.409255
0.0872914
0.662
0.662
0.5003
0.662
0.472273
0.210646
0.230114
0.662
0.345841
0.229516
0.662
0.662
0.505839
0.40383
0.662
0.662
0.487622
0.662
0.662
0.662
0.364518
0.256304
0.35348
0.662
0.662
0.187598
0.319092
0.32826
0.092925
0.437091
0.262522
0.0396707
0.662
0.453269
0.00336952
0.27044
0.43075
0.662
0.662
0.662
0.0549274
0.662
0.219033
0.662
0.662
0.385075
0.662
0.662
0.226165
0.662
0.449616
0.662
0.345365
0.662
0.520831
0.662
0.410575
0.662
0.189201
0.105153
0.284038
0.662
0.385255
0.225641
0.18956
0.285689
0.338897
0.498203
0.339026
0.662
0.662
0.340749
0.626821
0.229183
0.662
0.103848
0.547283
0.662
0.360795
0.662
0.419576
0.662
0.662
0.144628
0.48521
0.662
0.323281
0.143484
0.0447383
0.662
0.662
0.144439
0.441036
0.662
0.662
0.633694
0.662
0.40721
0.662
0.411305
0.632406
0.177692
0.463457
0.382749
0.662
0.570548
0.662
0.662
0.0432135
0.0844596
0.662
0.662
0.366318
0.145629
0.6486
0.393622
0.0480235
0.0314591
0.363352
0.662
0.276249
0.182884
0.47921
0.662
0.544653
0.662
0.662
0.662
0.662
0.494137
0.641333
0.662
0.491818
0.662
0.662
0.336433
0.461119
0.662
0.401455
0.662
0.138988
0.654757
0.297774
0.195698
0.586503
0.184942
0.662
0.662
0.171603
0.238364
0.351855
0.0774432
0.662
0.192669
0.186486
0.662
0.345329
0.338402
0.565356
0.662
0.361122
0.662
0.662
0.662
0.662
0.555977
0.297878
0.379502
0.662
0.662
0.335042
0.265242
0.662
0.662
0.205734
0.522782
0.662
0.26894
0.662
0.380849
0.0660715
0.530096
0.450405
0.429695
0.662
0.166478
0.156841
0.0510747
0.662
0.662
0.662
0.346472
0.662
0.0717158
0.604675
0.380174
0.336788
0.120837
0.558256
0.192586
0.662
0.202594
0.662
0.662
0.45282
0.202313
0.662
0.354152
0.235791
0.374255
0.161617
0.094442
0.0228185
0.416873
0.662
0.0527711
0.270129
0.0151613
0.585235
0.201059
0.346809
0.0286318
0.662
0.196888
0.662
0.662
0.185495
0.631457
0.302297
0.447759
0.662
0.0696254
0.662
0.662
0.231667
0.222413
0.246492
0.446227
0.188949
0.117169
0.127076
0.262756
0.423661
0.662
0.423812
0.0777305
0.662
0.662
0.158364
0.324099
0.662
0.154252
0.470361
0.662
0.0125576
0.662
0.389971
0.662
0.19871
0.662
0.662
0.309101
0.514917
0.507826
0.481469
0.33635
0.378208
0.393714
0.291732
0.211475
0.204033
0.662
0.0176119
0.662
0.592403
0.174695
0.662
0.280293
0.0544875
0.662
0.662
0.662
0.662
0.193922
0.195461
0.662
0.662
0.289965
0.0374603
0.22642
0.320786
0.662
0.659271
0.633694
0.662
0.662
0.662
0.662
0.662
0.662
0.560558
0.311259
0.255686
0.251614
0.662
0.484588
0.594255
0.489855
0.420589
0.662
0.312454
0.508904
0.0490448
0.662
0.364916
0.276511
0.204008
0.662
0.31127
0.662
0.425447
0.546225
0.477221
0.662
0.494093
0.452441
0.419201
0.243512
0.662
0.632912
0.662
0.662
0.425479
0.19436
0.662
0.662
0.262118
0.662
0.662
0.467543
0.24204
0.464188
0.662
0.359329
0.438608
0.209875
0.0508411
0.405123
0.662
0.090156
0.120999
0.662
0.662
0.348677
0.36584
0.662
0.0562107
0.0153724
0.662
0.662
0.149513
0.662
0.0225523
0.662
0.469211
0.398538
0.662
0.274602
0.255654
0.350091
0.497373
0.662
0.662
0.297719
0.495771
0.662
0.0212408
0.289968
0.662
0.662
0.662
0.564678
0.00508462
0.196908
0.346234
0.662
0.00648248
0.383465
0.191629
0.479471
0.110009
0.104515
0.164269
0.118093
0.662
0.513143
0.662
0.213499
0.463779
0.340551
0.589662
0.536681
0.268451
0.164028
0.422471
0.287051
0.603483
0.662
0.300273
0.292587
0.315283
0.207833
0.212159
0.124623
0.280906
0.0310864
0.0183183
0.403797
0.109343
0.2117
0.545548
0.453569
0.144401
0.662
0.662
0.229796
0.662
0.241882
0.0982696
0.662
0.446914
0.662
0.194403
0.214664
0.662
0.584018
0.662
0.204296
0.110781
0.25228
0.272945
0.159951
0.662
0.360903
0.0502481
0.662
0.0157107
0.394955
0.662
0.397909
0.662
0.662
0.548498
0.0312765
0.303631
0.274202
0.662
0.662
0.662
0.662
0.662
0.324459
0.00747543
0.418832
0.662
0.112833
0.476472
0.662
0.508938
0.120717
0.662
0.662
0.662
0.337522
0.425564
0.194471
0.662
0.662
0.0346813
0.478658
0.403954
0.662
0.662
0.0633285
0.662
0.0762413
0.434259
0.493896
0.12758
0.662
0.662
0.662
0.150383
0.58601
0.209218
0.662
0.443309
0.460115
0.034864
0.462591
0.0247247
0.662
0.662
0.662
0.302271
0.662
0.662
0.662
0.0509042
0.302679
0.662
0.662
0.662
0.153318
0.662
0.662
0.662
0.662
0.198314
0.662
0.0241951
0.384235
0.338062
0.383045
0.0619126
0.662
0.595986
0.662
0.662
0.561353
0.511987
0.205908
0.0589246
0.262977
0.445947
0.662
0.477347
0.662
0.662
0.0127611
0.662
0.291433
0.305724
0.662
0.0977107
0.662
0.400466
0.121526
0.0413168
0.126312
0.637008
0.662
0.102151
0.662
0.662
0.229074
0.00672167
0.662
0.662
0.662
0.135806
0.22325
0.384521
0.662
0.662
0.662
0.662
0.574586
0.0305475
0.171705
0.368268
0.662
0.662
0.0969731
0.662
0.131372
0.662
0.662
0.662
0.271822
0.662
0.201528
0.131877
0.662
0.451355
0.229998
0.134932
0.18244
0.662
0.662
0.1224
0.0307508
0.195744
0.382354
0.662
0.304986
0.278608
0.529726
0.216272
0.0770079
0.123084
0.145704
0.468622
0.648239
0.232931
0.437698
0.426899
0.662
0.662
0.434463
0.186124
0.0840569
0.662
0.662
0.662
0.649962
0.662
0.662
0.250622
0.662
0.30201
0.643574
0.220471
0.455596
0.140391
0.471494
0.414526
0.376226
0.246847
0.153094
0.225038
0.412381
0.372053
0.662
0.369446
0.458645
0.662
0.278886
0.638606
0.171388
0.662
0.261779
0.662
0.458166
0.662
0.266929
0.251084
0.662
0.234236
0.0442107
0.23699
0.642369
0.110673
0.662
0.662
0.662
0.130293
0.662
0.662
0.110771
0.662
0.215854
0.662
0.662
0.0737068
0.662
0.639804
0.662
0.662
0.0220016
0.317672
0.420946
0.662
0.397167
0.0623725
0.570523
0.260303
0.630663
0.662
0.662
0.662
0.267776
0.662
0.662
0.662
0.639306
0.224735
0.442845
0.131762
0.325092
0.185871
0.346011
0.200267
0.216339
0.269539
0.158062
0.47541
0.371229
0.243677
0.458585
0.662
0.47173
0.0801984
0.376793
0.243755
0.116469
0.428374
0.40189
0.216794
0.437047
0.335017
0.541483
0.662
0.473884
0.662
0.265074
0.35507
0.0432462
0.662
0.662
0.662
0.154322
0.187647
0.662
0.662
0.3118
0.252182
0.208536
0.25412
0.228985
0.662
0.43825
0.166102
0.662
0.311533
0.662
0.662
0.0386308
0.142874
0.300977
0.406914
0.39727
0.662
0.662
0.662
0.476989
0.230239
0.196527
0.115633
0.662
0.246807
0.254688
0.662
0.662
0.252897
0.662
0.409693
0.270043
0.435709
0.662
0.662
0.662
0.428238
0.0935555
0.123227
0.662
0.339703
0.449689
0.306628
0.662
0.172295
0.662
0.662
0.662
0.587411
0.271733
0.377582
0.220194
0.400471
0.329876
0.662
0.568581
0.662
0.211158
0.251768
0.0440032
0.390692
0.37031
0.662
0.074079
0.662
0.324834
0.206478
0.662
0.392135
0.195765
0.320627
0.633694
0.662
0.268409
0.662
0.662
0.662
0.662
0.170692
0.662
0.532095
0.662
0.245633
0.662
0.662
0.230895
0.0229962
0.662
0.637044
0.662
0.662
0.242461
0.662
0.290202
0.0103074
0.662
0.035688
0.526663
0.662
0.629264
0.469654
0.662
0.433662
0.662
0.369047
0.500912
0.632571
0.662
0.662
0.466256
0.662
0.335041
0.458127
0.662
0.662
0.0910351
0.662
0.662
0.176196
0.662
0.535198
0.372392
0.185302
0.0203387
0.430918
0.224785
0.459135
0.662
0.662
0.662
0.662
0.257511
0.402903
0.662
0.662
0.175568
0.471758
0.0298918
0.114986
0.212429
0.662
0.662
0.014726
0.0993697
0.245464
0.609652
0.662
0.662
0.361213
0.662
0.188526
0.662
0.169657
0.0886391
0.484442
0.662
0.0380027
0.662
0.0383911
0.227244
0.574197
0.217262
0.662
0.662
0.662
0.271839
0.662
0.291162
0.180786
0.662
0.662
0.0861679
0.662
0.662
0.112566
0.502387
0.2285
0.218456
0.662
0.662
0.662
0.231823
0.662
0.149285
0.662
0.662
0.662
0.662
0.214811
0.662
0.662
0.662
0.077876
0.00145009
0.257497
0.541035
0.320886
0.323124
0.049941
0.662
0.662
0.662
0.41005
0.662
0.263375
0.0370335
0.662
0.490794
0.0959904
0.121838
0.662
0.389048
0.662
0.643411
0.662
0.662
0.662
0.223366
0.187742
0.662
0.662
0.662
0.0270142
0.662
0.19854
0.489942
0.662
0.0499709
0.662
0.251136
0.662
0.638311
0.283823
0.662
0.213107
0.618911
0.662
0.662
0.390048
0.662
0.662
0.242038
0.322811
0.578873
0.213791
0.662
0.662
0.662
0.662
0.222359
0.1001
0.662
0.124753
0.662
0.662
0.662
0.291487
0.183326
0.217704
0.476142
0.662
0.141927
0.213337
0.662
0.218414
0.586761
0.21239
0.313992
0.662
0.426747
0.229906
0.662
0.662
0.174357
0.178595
0.127563
0.662
0.395544
0.662
0.662
0.458332
0.454253
0.662
0.115207
0.546277
0.202215
0.523069
0.181385
0.662
0.37243
0.303655
0.626727
0.37371
0.408324
0.662
0.345165
0.0446779
0.662
0.203941
0.662
0.0241892
0.0231658
0.276331
0.0191218
0.662
0.396983
0.551759
0.306639
0.662
0.141761
0.662
0.0963113
0.21633
0.141993
0.382239
0.662
0.0913704
0.206039
0.662
0.033934
0.320442
0.639633
0.662
0.202223
0.662
0.662
0.400486
0.250967
0.126332
0.641887
0.662
0.662
0.265439
0.662
0.662
0.523776
0.662
0.292713
0.662
0.185154
0.230843
0.196518
0.662
0.0545803
0.267366
0.302074
0.662
0.351712
0.184713
0.662
0.318964
0.135144
0.236671
0.372886
0.491224
0.662
0.662
0.183105
0.662
0.662
0.662
0.662
0.662
0.20101
0.11922
0.268241
0.154684
0.0157492
0.0230902
0.469179
0.662
0.662
0.662
0.46292
0.202319
0.662
0.444003
0.662
0.175147
0.167713
0.662
0.147285
0.662
0.662
0.456084
0.524628
0.662
0.406324
0.0110581
0.662
0.138462
0.662
0.662
0.63674
0.365998
0.662
0.468891
0.389787
0.201942
0.439647
0.25393
0.326324
0.662
0.134899
0.662
0.253298
0.662
0.37544
0.662
0.413441
0.391386
0.203354
0.662
0.662
0.325053
0.258284
0.662
0.662
0.662
0.0151473
0.662
0.662
0.531303
0.358451
0.662
0.289718
0.513875
0.131207
0.662
0.662
0.662
0.662
0.420837
0.662
0.404987
0.662
0.46804
0.0156758
0.0398207
0.662
0.662
0.662
0.492295
0.406912
0.0493878
0.662
0.662
0.662
0.662
0.662
0.662
0.0170413
0.288654
0.662
0.662
0.29082
0.17028
0.359106
0.442841
0.0696408
0.206475
0.662
0.662
0.368041
0.123125
0.17096
0.299928
0.662
0.662
0.285693
0.662
0.28041
0.107879
0.662
0.662
0.351779
0.513888
0.662
0.396488
0.143439
0.347972
0.662
0.219778
0.227249
0.100259
0.105638
0.442661
0.662
0.662
0.500128
0.371156
0.355768
0.662
0.495848
0.662
0.662
0.339812
0.181924
0.135935
0.662
0.662
0.662
0.228639
0.662
0.662
0.128352
0.489041
0.662
0.154029
0.627151
0.539081
0.662
0.445516
0.662
0.271609
0.43466
0.662
0.662
0.662
0.220581
0.662
0.662
0.324488
0.294272
0.103103
0.662
0.662
0.662
0.244224
0.376366
0.298276
0.662
0.662
0.374626
0.208302
0.278728
0.662
0.44893
0.144575
0.466112
0.281857
0.662
0.662
0.360705
0.662
0.662
0.296867
0.662
0.662
0.662
0.662
0.133842
0.649799
0.565453
0.662
0.198782
0.456248
0.273439
0.0177289
0.455553
0.662
0.662
0.135393
0.662
0.662
0.270075
0.505402
0.348542
0.489864
0.662
0.662
0.412777
0.165756
0.662
0.662
0.446797
0.662
0.00868092
0.662
0.388932
0.662
0.115407
0.662
0.440814
0.228083
0.662
0.244308
0.662
0.190822
0.0269341
0.662
0.195794
0.139619
0.126686
0.562102
0.146503
0.189332
0.0976212
0.0544594
0.10003
0.249893
0.175778
0.645879
0.0930001
0.662
0.170579
0.662
0.311587
0.662
0.0694482
0.306658
0.518044
0.236422
0.662
0.662
0.000338528
0.280382
0.261273
0.100759
0.186063
0.218923
0.577158
0.0171841
0.0593688
0.662
0.340765
0.662
0.237988
0.182029
0.157309
0.183758
0.279626
0.453048
0.662
0.154606
0.662
0.422356
0.662
0.451355
0.22316
0.662
0.0345941
0.295565
0.262252
0.35604
0.662
0.662
0.662
0.177293
0.374989
0.662
0.425016
0.662
0.166078
0.422163
0.275309
0.279266
0.662
0.222406
0.474983
0.662
0.662
0.0837373
0.212428
0.448327
0.349578
0.662
0.662
0.424029
0.662
0.134923
0.154442
0.662
0.202193
0.00549552
0.541438
0.244989
0.662
0.662
0.662
0.662
0.662
0.183892
0.366304
0.436686
0.662
0.12282
0.661684
0.662
0.662
0.399377
0.662
0.334062
0.662
0.113228
0.662
0.605986
0.196726
0.283868
0.350024
0.203501
0.154444
0.662
0.347732
0.00695987
0.662
0.662
0.662
0.130304
0.662
0.184462
0.425968
0.662
0.0227829
0.662
0.662
0.650467
0.234261
0.662
0.662
0.662
0.662
0.227099
0.662
0.627079
0.295727
0.662
0.0817323
0.0359765
0.0700738
0.092652
0.541063
0.662
0.325472
0.272938
0.662
0.662
0.473464
0.342719
0.662
0.327432
0.662
0.662
0.248462
0.662
0.0302973
0.662
0.662
0.394901
0.662
0.278623
0.239997
0.340586
0.53106
0.0199005
0.662
0.662
0.662
0.480656
0.662
0.16105
0.662
0.416976
0.245323
0.175523
0.662
0.662
0.662
0.662
0.414205
0.44712
0.123837
0.662
0.219677
0.33899
0.251369
0.184463
0.662
0.662
0.411836
0.662
0.662
0.662
0.662
0.662
0.662
0.32041
0.662
0.662
0.0461399
0.362048
0.421541
0.662
0.203212
0.359267
0.662
0.0581481
0.415517
0.396263
0.662
0.662
0.406734
0.614549
0.662
0.579381
0.216293
0.507108
0.226922
0.662
0.225104
0.39568
0.387652
0.662
0.287091
0.662
0.662
0.662
0.0153793
0.312557
0.662
0.662
0.662
0.0784672
0.360653
0.360906
0.662
0.662
0.0613871
0.404953
0.349056
0.287279
0.662
0.382684
0.184348
0.425094
0.131582
0.215076
0.197009
0.662
0.662
0.662
0.662
0.662
0.662
0.25966
0.120618
0.662
0.394585
0.255473
0.662
0.662
0.662
0.662
0.212154
0.0417184
0.131108
0.195509
0.662
0.662
0.662
0.662
0.662
0.662
0.662
0.662
0.330496
0.158666
0.662
0.194703
0.336634
0.662
0.0906716
0.439938
0.449071
0.231559
0.561919
0.662
0.390606
0.662
0.662
0.662
0.662
0.461934
0.250013
0.042944
0.190355
0.0665377
0.499773
0.233078
0.458537
0.453427
0.0843409
0.400282
0.662
0.662
0.662
0.113071
0.457
0.45484
0.0917928
0.460892
0.254441
0.662
0.662
0.164379
0.483218
0.355959
0.532
0.277969
0.311757
0.118998
0.107475
0.662
0.328736
0.325925
0.662
0.0200906
0.104678
0.662
0.662
0.216759
0.0938294
0.521293
0.317053
0.628411
0.6432
0.329125
0.451052
0.127687
0.662
0.438576
0.025653
0.209633
0.662
0.662
0.0199662
0.20383
0.662
0.00894979
0.0707954
0.662
0.388344
0.662
0.526234
0.469349
0.662
0.662
0.152407
0.335925
0.188391
0.345485
0.26951
0.174696
0.644115
0.662
0.563622
0.662
0.662
0.200628
0.662
0.230277
0.662
0.174877
0.281673
0.450743
0.662
0.662
0.305867
0.56435
0.662
0.288701
0.662
0.219874
0.662
0.15276
0.021988
0.393419
0.139192
0.339861
0.662
0.662
0.0272756
0.0793832
0.662
0.662
0.662
0.0599939
0.298293
0.463856
0.000746836
0.289857
0.662
0.392631
0.161448
0.22639
0.371389
0.134913
0.070033
0.631105
0.662
0.29595
0.662
0.527777
0.435433
0.361981
0.342977
0.662
0.662
0.662
0.492905
0.662
0.662
0.208334
0.0142579
0.662
0.40089
0.662
0.662
0.477352
0.227422
0.1788
0.662
0.662
0.662
0.662
0.662
0.442103
0.250857
0.662
0.112091
0.23111
0.384284
0.094599
0.662
0.662
0.391552
0.336817
0.199591
0.662
0.662
0.662
0.52589
0.343643
0.450588
0.662
0.15408
0.310865
0.662
0.409599
0.513607
0.365913
0.662
0.317241
0.249569
0.662
0.477225
0.100277
0.0624292
0.401273
0.662
0.662
0.0256322
0.636114
0.502997
0.662
0.4472
0.451113
0.662
0.406907
0.204257
0.0498152
0.662
0.662
0.662
0.166046
0.211761
0.60366
0.662
0.662
0.214712
0.0402026
0.0253712
0.662
0.142278
0.285982
0.662
0.434018
0.0292288
0.337909
0.662
0.145763
0.500994
0.144689
0.0490657
0.548442
0.662
0.426427
0.243473
0.195681
0.0804699
0.662
0.310888
0.662
0.192945
0.612878
0.419395
0.427074
0.472765
0.174607
0.662
0.267982
0.321426
0.662
0.526816
0.456796
0.121756
0.514456
0.222853
0.0212404
0.662
0.662
0.217108
0.662
0.662
0.662
0.342897
0.662
0.164047
0.367575
0.170328
0.662
0.662
0.230003
0.246274
0.302434
0.20436
0.656595
0.662
0.511225
0.109209
0.662
0.342097
0.662
0.476749
0.380692
0.356379
0.617885
0.330095
0.289767
0.662
0.274181
0.662
0.136468
0.662
0.430741
0.0554306
0.305988
0.0694136
0.662
0.251675
0.503473
0.13294
0.00165764
0.218597
0.525745
0.290819
0.662
0.662
0.229658
0.662
0.662
0.192624
0.456621
0.404005
0.11414
0.361051
0.389384
0.297843
0.196484
0.662
0.267795
0.662
0.662
0.551182
0.662
0.295821
0.250739
0.418807
0.216779
0.183957
0.662
0.662
0.576163
0.662
0.27912
0.662
0.362087
0.662
0.404333
0.450124
0.138021
0.662
0.404902
0.662
0.15398
0.169357
0.662
0.662
0.318226
0.207056
0.662
0.256418
0.166476
0.14722
0.662
0.662
0.584982
0.319454
0.415125
0.662
0.0092157
0.274282
0.662
0.457539
0.662
0.274372
0.206976
0.0719682
0.662
0.281397
0.662
0.0875663
0.305285
0.369319
0.232036
0.415047
0.662
0.360809
0.662
0.662
0.662
0.477324
0.351482
0.388967
0.662
0.662
0.397069
0.227023
0.284417
0.305663
0.19254
0.134829
0.156934
0.422454
0.662
0.226212
0.24784
0.416074
0.20878
0.145808
0.0976879
0.662
0.60471
0.295814
0.195993
0.264992
0.662
0.662
0.662
0.662
0.662
0.427017
0.662
0.12456
0.662
0.465791
0.311328
0.12912
0.21651
0.662
0.662
0.662
0.0776102
0.662
0.304428
0.662
0.662
0.0984457
0.283194
0.195084
0.166548
0.0874842
0.644422
0.277204
0.0683662
0.419265
0.233456
0.155095
0.189434
0.531063
0.662
0.184917
0.662
0.662
0.187645
0.102114
0.119867
0.213147
0.662
0.662
0.662
0.662
0.287215
0.334635
0.160846
0.662
0.662
0.662
0.662
0.355948
0.272736
0.407
0.662
0.273125
0.0448097
0.560736
0.662
0.164655
0.469821
0.662
0.433151
0.349171
0.593149
0.300143
0.662
0.662
0.270016
0.661268
0.207469
0.381948
0.115351
0.274453
0.203316
0.448693
0.159104
0.662
0.320823
0.455422
0.662
0.466548
0.283865
0.489966
0.260821
0.376334
0.204422
0.379741
0.224598
0.662
0.228487
0.662
0.387705
0.466953
0.112966
0.0392483
0.251503
0.33465
0.521472
0.220925
0.32645
0.662
0.662
0.662
0.662
0.446555
0.284038
0.422749
0.00188865
0.200559
0.308256
0.619801
0.198822
0.180823
0.210822
0.26127
0.656064
0.507454
0.352291
0.494791
0.662
0.366187
0.309481
0.306451
0.34462
0.314944
0.350587
0.354498
0.308225
0.633694
0.662
0.00646007
0.662
0.281052
0.122858
0.662
0.0671454
0.662
0.00675787
0.158911
0.0436415
0.662
0.662
0.662
0.662
0.132075
0.662
0.181802
0.334549
0.256709
0.652432
0.662
0.662
0.662
0.0847938
0.232668
0.662
0.224066
0.662
0.662
0.662
0.662
0.662
0.259184
0.662
0.506407
0.593465
0.346289
0.359362
0.226659
0.0100493
0.662
0.662
0.662
0.662
0.390474
0.662
0.662
0.662
0.441667
0.0422896
0.265952
0.662
0.662
0.001158
0.612536
0.662
0.662
0.3769
0.662
0.662
0.12211
0.660503
0.351464
0.13519
0.413618
0.662
0.662
0.65616
0.177275
0.531261
0.662
0.141822
0.662
0.662
0.662
0.662
0.662
0.580831
0.366435
0.124197
0.662
0.424882
0.330387
0.0108127
0.261735
0.225453
0.443242
0.163585
0.255265
0.0579373
0.413425
0.662
0.335809
0.199997
0.224643
0.365588
0.0922961
0.19279
0.662
0.0611204
0.380591
0.0920718
0.445273
0.662
0.0650887
0.026819
0.184239
0.662
0.103714
0.309131
0.1418
0.662
0.238807
0.662
0.0677035
0.424899
0.152219
0.294137
0.662
0.128664
0.279066
0.662
0.662
0.641203
0.12889
0.662
0.145277
0.595516
0.0610914
0.662
0.662
0.662
0.662
0.662
0.662
0.184952
0.662
0.148993
0.276045
1.76864e-05
0.57641
0.133559
0.334902
0.185687
0.662
0.0109973
0.662
0.152554
0.662
0.466093
0.662
0.227278
0.242929
0.453329
0.662
0.239409
0.320869
0.315722
0.40419
0.662
0.662
0.485486
0.294753
0.54688
0.662
0.662
0.596432
0.470737
0.662
0.662
0.662
0.257344
0.511454
0.418315
0.203366
0.517534
0.0506292
0.218762
0.51569
0.662
0.662
0.662
0.662
0.662
0.12818
0.196901
0.33426
0.662
0.662
0.416964
0.274725
0.216878
0.662
0.370512
0.662
0.314247
0.00977496
0.0809691
0.168533
0.662
0.20636
0.662
0.662
0.539126
0.26217
0.662
0.590609
0.392917
0.363215
0.012568
0.170411
0.405868
0.133903
0.662
0.423687
0.457451
0.221561
0.452363
0.662
0.662
0.662
0.662
0.0196957
0.093336
0.265209
0.397104
0.00853907
0.662
0.662
0.232481
0.662
0.662
0.662
0.662
0.604498
0.662
0.662
0.662
0.346228
0.157084
0.201624
0.196334
0.662
0.337517
0.662
0.662
0.350912
0.0405451
0.662
0.33206
0.662
0.450387
0.662
0.289124
0.190731
0.26131
0.662
0.662
0.662
0.662
0.0821395
0.0813596
0.649699
0.195217
0.662
0.189387
0.0713304
0.662
0.637367
0.662
0.09336
0.662
0.00913576
0.0100206
0.23314
0.255735
0.516627
0.0355317
0.662
0.63143
0.662
0.188161
0.515682
0.662
0.662
0.362958
0.167935
0.26646
0.283878
0.0440298
0.286547
0.335514
0.662
0.662
0.313468
0.584289
0.464855
0.288741
0.134482
0.662
0.435433
0.0316118
0.296534
0.662
0.662
0.0910942
0.275172
0.350405
0.662
0.23588
0.662
0.662
0.129377
0.149496
0.662
0.662
0.662
0.628847
0.662
0.662
0.362073
0.316927
0.662
0.662
0.662
0.662
0.662
0.0192887
0.148338
0.332417
0.158112
0.103655
0.662
0.662
0.662
0.662
0.662
0.17753
0.406514
0.467772
0.261662
0.239587
0.310331
0.18925
0.662
0.662
0.29155
0.662
0.662
0.0801603
0.047431
0.662
0.0906148
0.662
0.66
0.662
0.113216
0.0599089
0.417763
0.662
0.662
0.245414
0.662
0.0558262
0.662
0.444025
0.351075
0.33037
0.662
0.662
0.662
0.422169
0.573457
0.236378
0.006957
0.225919
0.662
0.433252
0.165526
0.377746
0.3647
0.662
0.181989
0.662
0.175559
0.434434
0.662
0.180603
0.209399
0.100993
0.452597
0.662
0.0853104
0.302326
0.0547856
0.662
0.499858
0.662
0.662
0.662
0.207445
0.136305
0.261624
0.245705
0.662
0.0290411
0.198712
0.51665
0.219064
0.23421
0.000111218
0.300649
0.163413
0.119713
0.662
0.662
0.21654
0.662
0.453815
0.198373
0.0629823
0.662
0.662
0.572069
0.662
0.662
0.475694
0.662
0.662
0.662
0.159245
0.662
0.16044
0.189871
0.21674
0.265016
0.305094
0.662
0.03061
0.662
0.662
0.662
0.662
0.106025
0.444733
0.662
0.558605
0.662
0.662
0.389005
0.662
0.662
0.182543
0.026164
0.662
0.662
0.344547
0.662
0.442447
0.273143
0.0818034
0.659367
0.0726386
0.468333
0.662
0.0324182
0.662
0.635044
0.276503
0.265487
0.173881
0.475714
0.662
0.557895
0.662
0.313105
0.463246
0.293876
0.662
0.468329
0.444687
0.181074
0.199039
0.138675
0.662
0.239503
0.662
0.548535
0.662
0.343326
0.185234
0.662
0.662
0.238283
0.662
0.662
0.348203
0.288968
0.190943
0.400581
0.376139
0.322956
0.662
0.472001
0.0727302
0.662
0.153011
0.210438
0.593527
0.662
0.187428
0.58209
0.662
0.516434
0.58459
0.0122844
0.634307
0.3264
0.662
0.662
0.125264
0.301667
0.662
0.662
0.296069
0.662
0.652323
0.662
0.0602635
0.114707
0.183427
0.662
0.662
0.0907256
0.285991
0.662
0.662
0.662
0.662
0.662
0.48767
0.0753373
0.662
0.235358
0.223045
0.258454
0.662
0.312585
0.662
0.275261
0.662
0.214887
0.120872
0.662
0.662
0.662
0.662
0.0231555
0.474612
0.206907
0.168425
0.376192
0.320215
0.362262
0.290467
0.662
0.662
0.662
0.0632358
0.28176
0.143237
0.252818
0.109515
0.400748
0.662
0.421238
0.148974
0.267898
0.476735
0.196794
0.662
0.361627
0.0171971
0.662
0.662
0.206305
0.0234582
0.200127
0.279439
0.662
0.282119
0.0890695
0.0509489
0.568206
0.108316
0.31
0.662
0.662
0.202272
0.188353
0.397252
0.527808
0.0219171
0.662
0.323785
0.662
0.620221
0.662
0.658523
0.662
0.095002
0.662
0.0888014
0.404724
0.185376
0.662
0.453442
0.229704
0.465718
0.251973
0.470539
0.662
0.213295
0.282088
0.144826
0.577679
0.662
0.384994
0.307671
0.247623
0.477612
0.000141316
0.370154
0.205388
0.22777
0.272306
0.662
0.662
0.0535222
0.662
0.455217
0.662
0.0778977
0.542199
0.0216017
0.167699
0.160646
0.0592394
0.532632
0.125235
0.0868275
0.155281
0.573926
0.152201
0.662
0.662
0.662
0.413985
0.43072
0.662
0.662
0.375743
0.409741
0.662
0.301695
0.662
0.415898
0.662
0.244683
0.662
0.372557
0.334868
0.42714
0.384769
0.662
0.190388
0.662
0.662
0.417471
0.662
0.662
0.662
0.167414
0.365974
0.167463
0.108638
0.152895
0.471535
0.0813377
0.662
0.0109596
0.381216
0.662
0.150978
0.106497
0.662
0.662
0.174537
0.662
0.662
0.112475
0.198646
0.261312
0.0485269
0.662
0.662
0.0732658
0.662
0.662
0.321723
0.662
0.1974
0.464947
0.662
0.454981
0.523993
0.662
0.611543
0.247183
0.362692
0.0608928
0.167505
0.45144
0.131107
0.0204852
0.662
0.662
0.633082
0.662
0.662
0.662
0.626036
0.280086
0.576096
0.350624
0.304712
0.662
0.662
0.662
0.662
0.652106
0.237033
0.0910794
0.662
0.662
0.662
0.208523
0.216345
0.161602
0.313948
0.371165
0.662
0.369014
0.662
0.587519
0.481697
0.324089
0.32272
0.662
0.662
0.662
0.661885
0.662
0.470682
0.662
0.461142
0.146122
0.662
0.662
0.662
0.0926712
0.662
0.00208354
0.662
0.272722
0.391398
0.185939
0.510639
0.266607
0.304858
0.19203
0.330023
0.0786696
0.662
0.662
0.662
0.218746
0.662
0.153283
0.304499
0.397107
0.662
0.320116
0.157202
0.662
0.258148
0.438049
0.442462
0.498942
0.662
0.328593
0.190302
0.0907809
0.548782
0.322571
0.331108
0.662
0.662
0.306408
0.0162342
0.437652
0.293805
0.336664
0.634465
0.452486
0.469071
0.29665
0.298828
0.662
0.11128
0.662
0.0884904
0.00370993
0.0898804
0.651469
0.2487
0.662
0.662
0.662
0.0511889
0.662
0.136315
0.3765
0.235156
0.234658
0.662
0.151458
0.115785
0.18805
0.662
0.662
0.0248615
0.488612
0.44833
0.662
0.164775
0.440427
0.322271
0.230973
0.252475
0.662
0.336696
0.662
0.662
0.254003
0.662
0.15164
0.356796
0.662
0.662
0.646292
0.662
0.267784
0.560227
0.229406
0.662
0.662
0.662
0.662
0.266486
0.0903685
0.59097
0.662
0.662
0.662
0.662
0.027515
0.662
0.194889
0.662
0.00139778
0.662
0.0539571
0.452243
0.589124
0.662
0.662
0.342269
0.207589
0.424231
0.270723
0.137023
0.662
0.266542
0.662
0.0486991
0.662
0.662
0.426842
0.458409
0.197705
0.662
0.662
0.305374
0.662
0.116436
0.662
0.1371
0.130869
0.475207
0.411573
0.662
0.253401
0.662
0.465786
0.283461
0.335715
0.223249
0.662
0.0648765
0.31381
0.0475557
0.219746
0.662
0.42353
0.42734
0.354286
0.0272698
0.445485
0.662
0.263551
0.372635
0.662
0.662
0.662
0.52464
0.662
0.304421
0.662
0.662
0.0852131
0.662
0.472597
0.12501
0.285189
0.662
0.662
0.121708
0.662
0.00717513
0.204555
0.30836
0.297653
0.538821
0.440551
0.662
0.165922
0.560514
0.648706
0.662
0.662
0.180171
0.00127452
0.196798
0.662
0.662
0.662
0.333636
0.220995
0.0152458
0.246165
0.368031
0.119199
0.243181
0.536137
0.168475
0.552136
0.203279
0.662
0.662
0.662
0.268768
0.143651
0.371225
0.0740674
0.662
0.662
0.198593
0.454808
0.164337
0.187677
0.147819
0.662
0.270969
0.434625
0.229289
0.580786
0.518693
0.662
0.662
0.662
0.0205204
0.143027
0.0429423
0.22454
0.224341
0.138962
0.190734
0.662
0.662
0.493496
0.392288
0.662
0.412722
0.287611
0.368351
0.463306
0.495093
0.662
0.0419919
0.662
0.662
0.662
0.326989
0.223271
0.662
0.662
0.258439
0.662
0.662
0.314392
0.573723
0.662
0.549602
0.108797
0.446427
0.409361
0.662
0.214065
0.310764
0.0010808
0.186296
0.662
0.662
0.662
0.121066
0.267702
0.474196
0.662
0.51412
0.484115
0.138597
0.662
0.662
0.359694
0.662
0.347263
0.0510291
0.662
0.662
0.349906
0.457683
0.0281783
0.305481
0.161649
0.662
0.662
0.483748
0.056726
0.0924629
0.662
0.236277
0.662
0.268207
0.662
0.267429
0.662
0.662
0.387766
0.662
0.238228
0.111291
0.662
0.621859
0.662
0.662
0.331129
0.541821
0.453209
0.165801
0.47483
0.662
0.0920084
0.220773
0.181504
0.0929238
0.403594
0.0438252
0.350858
0.662
0.331583
0.662
0.196347
0.662
0.662
0.662
0.389645
0.204353
0.415069
0.435062
0.662
0.662
0.629763
0.662
0.662
0.40909
0.284374
0.0715311
0.662
0.0789
0.156022
0.361913
0.402476
0.662
0.662
0.376025
0.662
0.14836
