0.662
0.303702
0.210145
0.501464
0.0174064
0.521243
0.662
0.354129
0.662
0.297872
0.0248843
0.536734
0.414795
0.662
0.662
0.493457
0.086033
0.337611
0.131266
0.662
0.0120107
0.662
0.662
0.662
0.472276
0.241933
0.662
0.662
0.430799
0.345138
0.37874
0.317292
0.269866
0.234597
0.589312
0.662
0.108717
0.662
0.662
0.0922383
0.120683
0.662
0.662
0.0858318
0.358002
0.662
0.0687947
0.662
0.662
0.620907
0.519755
0.302
0.4759
0.662
0.0518733
0.662
0.662
0.217567
0.436929
0.16441
0.465549
0.662
0.397133
0.217304
0.662
0.00629934
0.662
0.662
0.0883064
0.117878
0.0925207
0.186219
0.383266
0.662
0.662
0.216109
0.662
0.649612
0.662
0.662
0.241795
0.307911
0.662
0.209329
0.413089
0.187628
0.183446
0.593482
0.662
0.163423
0.288616
0.193659
0.662
0.662
0.0570772
0.286765
0.662
0.140869
0.662
0.187309
0.662
0.185215
0.538427
0.134453
0.455687
0.208076
0.662
0.662
0.662
0.662
0.471373
0.419762
0.259317
0.238724
0.662
0.157621
0.662
0.662
0.00685411
0.518238
0.456702
0.662
0.409371
0.328976
0.385864
0.238735
0.351326
0.377452
0.662
0.662
0.662
0.662
0.185249
0.365479
0.178931
0.40848
0.192404
0.662
0.226923
0.662
0.123825
0.662
0.260183
0.354997
0.662
0.662
0.662
0.311196
0.213679
0.182998
0.662
0.332202
0.132857
0.0715816
0.250178
0.662
0.44652
0.662
0.0892628
0.662
0.420512
0.264287
0.439212
0.267294
0.449461
0.662
0.186938
0.662
0.662
0.26527
0.662
0.662
0.662
0.40942
0.662
0.662
0.463719
0.662
0.662
0.317568
0.143371
0.320131
0.662
0.662
0.662
0.145873
0.662
0.321554
0.318211
0.261889
0.662
0.245054
0.28088
0.48254
0.0903762
0.424192
0.662
0.662
0.662
0.526369
0.102534
0.194053
0.33634
0.153731
0.219609
0.0193729
0.437869
0.330728
0.662
0.347466
0.131432
0.223722
0.662
0.506099
0.662
0.18917
0.258341
0.348052
0.220962
0.662
0.662
0.662
0.149529
0.662
0.662
0.39871
0.604265
0.662
0.662
0.305879
0.662
0.298199
0.662
0.662
0.317326
0.662
0.410498
0.238795
0.530332
0.446534
0.662
0.324255
0.188196
0.548439
0.125511
0.662
0.0573629
0.488789
0.610907
0.662
0.0768037
0.52456
0.662
0.133792
0.105924
0.321078
0.662
0.194042
0.186969
0.184514
0.622865
0.662
0.246029
0.0222277
0.662
0.662
0.354963
0.662
0.662
0.662
0.24305
0.662
0.331423
0.662
0.63339
0.662
0.425103
0.268541
0.217775
0.213454
0.311128
0.662
0.188392
0.662
0.662
0.128894
0.662
0.662
0.454498
0.662
0.662
0.0780112
0.638834
0.458146
0.662
0.218803
0.662
0.020239
0.587879
0.662
0.529295
0.0764089
0.421985
0.144245
0.327255
0.359976
0.17928
0.104798
0.266543
0.384103
0.29141
0.0304627
0.049454
0.662
0.662
0.399188
0.390286
0.385632
0.487186
0.662
0.205578
0.0429269
0.00528407
0.662
0.250746
0.286476
0.662
0.191696
0.337354
0.199796
0.183957
0.199641
0.422683
0.537728
0.662
0.662
0.662
0.662
0.22255
0.204224
0.662
0.662
0.555253
0.662
0.562667
0.140442
0.172275
0.662
0.127551
0.023145
0.12744
0.662
0.662
0.42048
0.662
0.454189
0.415817
0.262684
0.0366709
0.662
0.315515
0.662
0.0241767
0.154166
0.474736
0.662
0.273347
0.662
0.662
0.313769
0.662
0.662
0.4618
0.121138
0.662
0.421031
0.662
0.52271
0.285937
0.217024
0.662
0.662
0.00292049
0.662
0.190402
0.662
0.662
0.528295
0.398892
0.646369
0.662
0.178239
0.662
0.662
0.566769
0.662
0.0541807
0.331854
0.662
0.662
0.662
0.662
0.662
0.205474
0.181451
0.662
0.302061
0.662
0.01797
0.662
0.388739
0.662
0.225944
0.662
0.325696
0.662
0.662
0.409524
0.153212
0.662
0.662
0.526534
0.662
0.322899
0.662
0.391067
0.344792
0.472559
0.662
0.240929
0.351905
0.662
0.662
0.166111
0.662
0.662
0.662
0.611106
0.293892
0.186737
0.307641
0.662
0.47342
0.0153174
0.662
0.660789
0.356701
0.0893484
0.662
0.36041
0.410553
0.460933
0.300541
0.662
0.662
0.662
0.227538
0.245236
0.184215
0.406261
0.18543
0.127627
0.42025
0.292587
0.434588
0.383342
0.37285
0.0850882
0.662
0.662
0.662
0.18995
0.289269
0.25378
0.662
0.166977
0.299343
0.235387
0.463727
0.196323
0.261571
0.232396
0.662
0.662
0.276489
0.662
0.0541932
0.662
0.662
0.45048
0.662
0.073485
0.662
0.489037
0.562193
0.662
0.074016
0.662
0.337688
0.662
0.662
0.204959
0.256275
0.12362
0.00180096
0.662
0.580951
0.31992
0.662
0.197149
0.268092
0.662
0.279523
0.553006
0.536778
0.662
0.563083
0.662
0.5972
0.474695
0.662
0.270001
0.211543
0.614654
0.303237
0.167595
0.662
0.206101
0.0462988
0.253298
0.662
0.267837
0.478531
0.0402765
0.225355
0.274413
0.149314
0.662
0.662
0.662
0.538595
0.662
0.293622
0.450821
0.655247
0.411597
0.0610866
0.363655
0.662
0.238716
0.316165
0.375007
0.102733
0.662
0.342233
0.606018
0.087126
0.206376
0.133386
0.547896
0.662
0.662
0.263854
0.662
0.38146
0.662
0.166417
0.286346
0.1366
0.471298
0.659684
0.158186
0.366543
0.250489
0.662
0.662
0.0681062
0.425893
0.386366
0.620402
0.0117392
0.425244
0.662
0.662
0.113645
0.662
0.651289
0.054166
0.196905
0.523654
0.164869
0.10085
0.377348
0.33553
0.304631
0.084728
0.239756
0.662
0.252215
0.662
0.341539
0.207362
0.662
0.233239
0.269032
0.264299
0.662
0.230008
0.582531
0.22847
0.316721
0.655913
0.482662
0.212945
0.4185
0.301591
0.163976
0.340711
0.284413
0.662
0.662
0.662
0.662
0.309309
0.38961
0.662
0.662
0.662
0.662
0.662
0.152722
0.662
0.225139
0.662
0.289931
0.100761
0.662
0.332528
0.662
0.662
0.662
0.0914914
0.662
0.164162
0.238482
0.662
0.18754
0.460055
0.368332
0.0316433
0.0349268
0.662
0.209827
0.197726
0.393071
0.662
0.451113
0.662
0.662
0.2591
0.326414
0.662
0.225392
0.157535
0.555275
0.360781
0.208264
0.662
0.639356
0.441386
0.0563656
0.662
0.662
0.207557
0.41535
0.662
0.395374
0.29475
0.662
0.196524
0.202377
0.662
0.625319
0.314953
0.662
0.662
0.198643
0.189195
0.662
0.237665
0.386693
0.127997
0.571461
0.244814
0.423137
0.199592
0.256302
0.662
0.662
0.463107
0.187701
0.372311
0.320924
0.401671
0.0219448
0.662
0.49777
0.662
0.662
0.102052
0.662
0.187229
0.2077
0.383
0.0369837
0.662
0.602016
0.662
0.333518
0.37048
0.289742
0.662
0.511721
0.662
0.662
0.662
0.196253
0.0205682
0.357203
0.662
0.661097
0.00841264
0.660804
0.180368
0.337736
0.341417
0.235175
0.464398
0.393459
0.662
0.662
0.662
0.655978
0.445075
0.00411583
0.407532
0.662
0.662
0.36873
0.662
0.662
0.662
0.662
0.0588164
0.662
0.662
0.423509
0.222825
0.245235
0.662
0.508627
0.662
0.662
0.662
0.662
0.120607
0.515066
0.265868
0.662
0.107684
0.662
0.210963
0.662
0.662
0.563054
0.662
0.584646
0.662
0.203707
0.662
0.367388
0.156794
0.309108
0.601197
0.662
0.530432
0.662
0.662
0.662
0.280426
0.222525
0.235125
0.306801
0.662
0.115381
0.040547
0.273063
0.662
0.370884
0.662
0.308126
0.448223
0.280994
0.662
0.39577
0.0971188
0.662
0.26072
0.662
0.249014
0.222944
0.284848
0.0451335
0.157368
0.662
0.552706
0.204109
0.261251
0.662
0.654513
0.40183
0.662
0.662
0.163458
0.267438
0.246124
0.0597215
0.287429
0.465005
0.151629
0.333148
0.662
0.306358
0.662
0.578563
0.227434
0.344766
0.17559
0.341337
0.662
0.321337
0.206963
0.489053
0.101871
0.215922
0.266792
0.662
0.584206
0.0307607
0.662
0.214105
0.406455
0.256317
0.662
0.201123
0.662
0.569481
0.367978
0.200509
0.384179
0.662
0.363087
0.138642
0.247901
0.334515
0.662
0.0352402
0.551384
0.518634
0.0828403
0.0631728
0.186544
0.662
0.662
0.116877
0.662
0.18588
0.429239
0.640483
0.662
0.129034
0.449162
0.175467
0.622212
0.374719
0.495515
0.371212
0.272382
0.212856
0.0298926
0.662
0.662
0.662
0.201513
0.507935
0.662
0.352314
0.366412
0.224113
0.662
0.662
0.144158
0.662
0.662
0.149288
0.389194
0.463972
0.0573925
0.662
0.60711
0.409217
0.0198723
0.123713
0.662
0.103676
0.662
0.361759
0.412859
0.00336497
0.297938
0.170071
0.662
0.160525
0.0785139
0.662
0.0915284
0.184268
0.0600995
0.662
0.201117
0.2181
0.662
0.662
0.662
0.0266991
0.210137
0.229272
0.662
0.25081
0.128354
0.310721
0.662
0.378248
0.295594
0.662
0.662
0.467059
0.158377
0.410465
0.133824
0.248921
0.662
0.662
0.203479
0.424194
0.0985881
0.647835
0.19837
0.662
0.424085
0.662
0.537767
0.565809
0.358879
0.662
0.662
0.109309
0.121061
0.662
0.260536
0.330772
0.376476
0.662
0.23446
0.451661
0.662
0.209902
0.662
0.662
0.190857
0.662
0.250128
0.432482
0.197948
0.285497
0.111763
0.107009
0.558774
0.662
0.206033
0.288519
0.157523
0.457562
0.238961
0.347244
0.0574956
0.258946
0.206256
0.662
0.284755
0.0567278
0.398871
0.268111
0.243518
0.362486
0.662
0.276356
0.662
0.414092
0.441631
0.177657
0.662
0.525973
0.662
0.246546
0.00344136
0.662
0.320125
0.188059
0.405871
0.172616
0.441838
0.206643
0.662
0.662
0.662
0.662
0.662
0.662
0.662
0.319666
0.259775
0.426128
0.662
0.147036
0.0592614
0.260133
0.662
0.131191
0.0424534
0.662
0.575452
0.404894
0.459975
0.431343
0.0372965
0.42173
0.210823
0.662
0.0306943
0.662
0.317677
0.662
0.199604
0.27235
0.662
0.205432
0.249834
0.662
0.662
0.0872368
0.662
0.662
0.662
0.662
0.662
0.0047064
0.190718
0.515228
0.662
0.455386
0.49241
0.260158
0.235342
0.250671
0.662
0.498557
0.115515
0.334063
0.0546639
0.167912
0.662
0.291187
0.662
0.662
0.047711
0.662
0.662
0.393259
0.316007
0.0067486
0.662
0.0183242
0.23605
0.662
0.117248
0.143619
0.153741
0.421675
0.662
0.662
0.288211
0.454371
0.354857
0.16683
0.392017
0.418559
0.0928235
0.662
0.281562
0.212119
0.118553
0.662
0.0750626
0.268096
0.127437
0.431627
0.278895
0.662
0.662
0.37227
0.2706
0.494556
0.270236
0.16965
0.465319
0.413508
0.147838
0.227499
0.419436
0.0679704
0.662
0.0741904
0.152538
0.477495
0.0780059
0.164457
0.662
0.662
0.662
0.31049
0.208926
0.662
0.662
0.662
0.245802
0.00907929
0.662
0.662
0.459593
0.00388911
0.662
0.662
0.147685
0.207129
0.209359
0.26331
0.662
0.662
0.662
0.662
0.211488
0.0599233
0.345855
0.186914
0.662
0.515919
0.662
0.0813854
0.662
0.662
0.468712
0.662
0.662
0.280076
0.473433
0.391944
0.0922891
0.013449
0.0805177
0.314839
0.0536587
0.662
0.264419
0.662
0.25385
0.010718
0.163512
0.354824
0.662
0.471272
0.662
0.662
0.428877
0.18718
0.610241
0.662
0.242584
0.566322
0.158163
0.662
0.261561
0.185958
0.523907
0.221561
0.193212
0.662
0.461095
0.505487
0.0308496
0.662
0.662
0.342452
0.416843
0.39336
0.662
0.573061
0.184097
0.35032
0.539171
0.162936
0.0649325
0.662
0.0200166
0.662
0.105887
0.662
0.216513
0.33081
0.662
0.320719
0.446286
0.131222
0.662
0.3706
0.536801
0.662
0.335288
0.662
0.0827755
0.662
0.662
0.309249
0.118484
0.662
0.662
0.15532
0.558431
0.321186
0.578342
0.205149
0.662
0.662
0.662
0.503709
0.169189
0.41287
0.414753
0.662
0.662
0.662
0.662
0.0543897
0.662
0.662
0.662
0.122928
0.593245
0.145687
0.151421
0.662
0.455449
0.223568
0.201745
0.290979
0.330882
0.231813
0.585866
0.662
0.662
0.0989955
0.662
0.200649
0.351022
0.662
0.459717
0.187667
0.662
0.137396
0.662
0.662
0.489818
0.662
0.662
0.233779
0.662
0.662
0.0730336
0.662
0.360269
0.662
0.662
0.207046
