0.0715793
0.662
0.631775
0.662
0.662
0.00203071
0.178419
0.106418
0.483264
0.662
0.218291
0.235621
0.662
0.644624
0.662
3.95291e-05
0.662
0.341172
0.206135
0.00334353
0.132207
0.463766
0.662
0.483323
0.0656908
0.662
0.153455
0.0622164
0.658914
0.662
0.662
0.167569
0.325233
0.123234
0.404792
0.311449
0.231841
0.61324
0.300538
0.356951
0.121352
0.132181
0.257126
0.222015
0.627352
0.637559
0.662
0.360203
0.423257
0.408815
0.127087
0.169966
0.662
0.447221
0.0369948
0.20743
0.0612675
0.662
0.619745
0.00597785
0.328578
0.1162
0.472735
0.662
0.207558
0.129621
0.374863
0.135122
0.373454
0.517145
0.0693103
0.662
0.505283
0.368091
0.462915
0.106061
0.300839
0.662
0.414455
0.0911326
0.0711306
0.662
0.189639
0.215929
0.662
0.662
0.113361
0.423025
0.0796449
0.376259
0.64005
0.0676144
0.172046
0.380311
0.40911
0.445008
0.229218
0.433613
0.662
0.306715
0.076848
0.662
