0.662
0.662
0.219577
0.0119813
0.0836436
0.623394
0.662
0.334756
0.662
0.460327
0.375595
0.135222
0.430682
0.123992
0.201947
0.627712
0.0907967
0.662
0.503977
0.0578971
0.487843
0.454933
0.614499
0.222922
0.236569
0.607887
0.274958
0.662
0.662
0.28481
0.38787
0.411049
0.195495
0.649874
0.593649
0.165412
0.135243
0.662
0.616864
0.662
0.244655
0.599112
0.238469
0.662
0.58544
0.35454
0.662
0.196212
0.662
0.501687
0.662
0.442125
0.0945853
0.369759
0.487891
0.662
0.282497
0.138908
0.445414
0.0661268
0.662
0.112255
0.662
0.456065
0.158432
0.121484
0.392273
0.178479
0.423422
0.639168
0.00998767
0.404119
0.223655
0.454501
0.662
0.263299
0.198201
0.4351
0.00734715
0.622294
0.662
0.404961
0.0488277
0.662
0.662
0.453263
0.250072
0.326989
0.64485
0.431038
0.489892
0.583254
0.656734
0.139247
0.110861
0.63911
0.365474
0.662
0.344654
0.59894
0.662
0.375401
0.0277905
0.197624
0.662
0.190881
0.417298
0.437936
0.260448
0.662
0.00397338
0.213752
0.662
0.109964
0.646554
0.662
0.602535
0.629806
0.304717
0.662
0.614361
0.173297
0.662
0.116907
0.308423
0.0546276
0.611635
0.464393
0.662
0.0120943
0.662
0.662
0.610486
0.118098
0.662
0.662
0.0648447
0.662
0.40184
0.233063
0.385627
0.662
0.00795298
0.546193
0.438325
0.615443
0.575662
0.409099
0.662
0.662
0.10491
0.662
0.662
0.662
0.0509149
0.442517
0.334704
0.187986
0.137431
0.662
0.102707
0.418668
0.24125
0.662
0.662
0.451138
0.662
0.662
0.331551
0.662
0.662
0.662
0.0280815
0.662
0.0659096
0.115984
0.662
0.567014
0.527457
0.662
0.367938
0.0943949
0.267331
0.662
0.662
0.495419
0.303446
0.622896
0.662
0.590401
0.224419
0.119347
0.0369076
0.649422
0.0521953
0.329774
0.00642473
0.657377
0.26412
0.606606
0.632019
0.175369
0.640109
0.662
0.0449081
0.517813
0.158811
0.0107378
0.142817
0.219731
0.0118924
0.662
0.189036
0.160745
0.0880877
0.504305
0.544886
0.203747
0.662
0.233119
0.651192
0.128866
0.662
0.0267661
0.662
0.611155
0.662
0.187018
0.203589
0.130472
0.662
0.662
0.627459
0.232735
0.273915
0.662
0.014128
0.662
0.629424
0.644572
0.502174
0.662
0.443923
0.662
0.662
0.459826
0.662
0.302284
0.662
0.662
0.139739
0.423644
0.509863
0.613142
0.301779
0.259169
0.662
0.662
0.144709
0.63845
0.364229
0.236799
0.231882
0.184267
0.662
0.429117
0.662
0.662
0.0319099
0.662
0.472953
0.662
0.662
0.116041
0.662
0.662
0.297118
0.662
0.662
0.662
0.441294
0.23888
0.0789107
0.291999
0.334341
0.662
0.212836
0.428461
0.247083
0.407372
0.397414
0.335371
0.102429
0.662
0.0489074
0.0831647
0.203582
0.662
0.420145
0.662
0.292386
0.315089
0.477917
0.220485
0.0904217
0.662
0.662
0.125853
0.662
0.263328
0.0431624
0.478247
0.126239
0.446576
0.0490953
0.588938
0.19058
0.47654
0.659489
0.662
0.662
0.427305
0.463381
0.384834
0.0380572
0.641956
0.662
0.0856135
0.662
0.662
0.556813
0.662
0.332212
0.471402
0.610703
0.188557
0.200485
0.537615
0.624581
0.308341
0.241277
0.516998
0.223705
0.203349
0.192827
0.364439
0.375048
0.509827
0.354967
0.289272
0.172993
0.662
0.353215
0.26946
0.199892
0.21812
0.662
0.0731547
0.662
0.094428
0.281095
0.662
0.0215927
0.135794
0.534072
0.1738
0.662
0.179837
0.34042
0.662
0.659941
0.181553
0.662
0.341324
0.662
0.0688591
0.369294
0.207823
0.468097
0.234818
0.21737
0.0042275
0.251924
0.662
0.662
0.220627
0.344954
0.571272
0.0364608
0.486817
0.190683
0.20629
0.379341
0.164057
0.0356944
0.467149
0.449059
0.662
0.260031
0.459685
0.418862
0.32684
0.385996
0.662
0.662
0.662
0.187875
0.64925
0.377715
0.532951
0.638521
0.662
0.107911
0.662
0.321639
0.504633
0.210428
0.662
0.0530464
0.301669
0.221471
0.147854
0.6554
0.346754
0.448356
0.391431
0.662
0.662
0.496393
0.0798129
0.466917
0.662
0.158815
0.443455
0.197806
0.136564
0.638205
0.132234
0.655148
0.49872
0.249993
0.662
0.662
0.312977
0.662
0.337802
0.406358
0.193017
0.639063
0.220947
0.662
0.662
0.340014
0.662
0.221265
0.0938279
0.307631
0.0641075
0.467651
0.227044
0.659644
0.662
0.356252
0.185495
0.662
0.662
0.233656
0.0172717
0.101854
0.269861
0.646669
0.155025
0.656181
0.290385
0.585895
0.28728
0.325742
0.211801
0.210164
0.55723
0.261884
0.662
0.662
0.662
0.0743727
0.662
0.210399
0.395952
0.120204
0.3025
0.477269
0.458769
0.662
0.285114
0.662
0.184644
0.133823
0.493635
0.411048
0.230478
0.662
0.281972
0.662
0.0613432
0.662
0.306378
0.472972
0.381365
0.194037
0.662
0.565709
0.200099
0.370783
0.210281
0.662
0.662
0.267322
0.445385
0.426137
0.34573
0.0875345
0.56918
0.0292997
0.654116
0.289311
0.662
0.509139
0.590426
0.662
0.23804
0.0547779
0.433074
0.114605
0.662
0.470985
0.293265
0.00294604
0.127038
0.662
0.38735
0.397069
0.662
0.173546
0.247028
0.165161
0.662
0.36581
0.662
0.140391
0.662
0.271613
0.600899
0.662
0.141381
0.662
0.164664
0.662
0.662
0.662
0.112056
0.191275
0.464201
0.662
0.37822
0.149809
0.662
0.38477
0.24162
0.422523
0.662
0.212602
0.662
0.112655
0.27593
0.528304
0.638886
0.662
0.662
0.662
0.258236
0.662
0.662
0.0349682
0.0579289
0.252598
0.161897
0.174764
0.437327
0.0556788
0.432059
0.357834
0.467689
0.284625
0.662
0.480482
0.451922
0.351927
0.631066
0.212074
0.662
0.210241
0.583635
0.413374
0.662
0.455621
0.662
0.105584
0.238869
0.662
0.662
0.662
0.662
0.020101
0.204108
0.542404
0.662
0.662
0.467026
0.431046
0.459394
0.662
0.227764
0.148497
0.662
0.322041
0.345029
0.368355
0.497603
0.378917
0.662
0.335986
0.365608
0.470662
0.338687
0.243677
0.00682708
0.662
0.430053
0.370887
0.592362
0.656303
0.662
0.328837
0.202183
0.662
0.662
0.662
0.662
0.662
0.375307
0.22238
0.520121
0.662
0.662
0.119403
0.662
0.662
0.619139
0.448093
0.662
0.117802
0.456884
0.641929
0.662
0.119408
0.0523813
0.00656552
0.0804359
0.0498971
0.662
0.662
0.662
0.363404
0.163906
0.662
0.597664
0.0696743
0.371393
0.266339
0.662
0.20849
0.662
0.18964
0.439929
0.662
0.32813
0.492598
0.641864
0.22756
0.126151
0.662
0.633665
0.662
0.114815
0.159081
0.662
0.192036
0.205403
0.425374
0.332337
0.569409
0.662
0.0510526
0.662
0.577169
0.607656
0.518634
0.216034
0.0574458
0.647849
0.193805
0.662
0.368242
0.662
0.167871
0.662
0.108334
0.19098
0.090439
0.662
0.206514
0.662
0.302327
0.412484
0.0561193
0.41012
0.119078
0.662
0.43833
0.240705
0.216076
0.321576
0.662
0.322176
0.662
0.0892248
0.245894
0.662
0.662
0.156678
0.430643
0.0397045
0.37316
0.662
0.662
0.662
0.652498
0.216759
0.662
0.33667
0.258576
0.0433899
0.556268
0.513019
0.136534
0.119063
0.18904
0.0825016
0.288188
0.662
0.486429
0.519218
0.129725
0.640011
0.662
0.164224
0.283314
0.207411
0.284286
0.289635
0.501129
0.225025
0.0110903
0.649437
0.315966
0.662
0.347427
0.662
0.51081
0.0416192
0.212768
0.662
0.482104
0.110896
0.662
0.216331
0.223381
0.497504
0.662
0.315991
0.192222
0.615951
0.413728
0.298097
0.662
0.0739623
0.212852
0.474878
0.662
0.0835882
0.312651
0.662
0.662
0.662
0.662
0.150998
0.151504
0.662
0.108324
0.294604
0.662
0.0980855
0.0341239
0.477633
0.206673
0.662
0.386106
0.233737
0.662
0.121546
0.100617
0.245498
0.662
0.133496
0.184497
0.428084
0.544487
0.662
0.401689
0.451661
0.662
0.662
0.352636
0.600411
0.0748578
0.662
0.229511
0.13522
0.418436
0.306974
0.210302
0.626266
0.58716
0.328252
0.662
0.237172
0.636766
0.150163
0.662
0.189645
0.662
0.345937
0.283661
0.252024
0.394217
0.662
0.662
0.28744
0.662
0.662
0.0875235
0.61937
0.662
0.0587618
0.662
0.592642
0.662
0.270128
0.662
0.343269
0.662
0.662
0.525576
0.481591
0.650406
0.190616
0.600449
0.217406
0.619736
0.111592
0.039721
0.111519
0.662
0.33232
0.662
0.0622261
0.149303
0.175522
0.662
0.662
0.662
0.662
0.18891
0.642378
0.198329
0.662
0.662
0.474495
0.662
0.296513
0.421484
0.259309
0.288262
0.129318
0.0664602
0.662
0.662
0.467144
0.597118
0.553639
0.662
0.662
0.662
0.662
0.194368
0.22535
0.204419
0.662
0.662
0.103385
0.662
0.0921393
0.662
0.233006
0.348502
0.280892
0.197978
0.662
0.149819
0.658804
0.0176276
0.219284
0.662
0.543633
0.662
0.00901621
0.084389
0.195748
0.0514252
0.35117
0.662
0.238495
0.0725722
0.325412
0.620333
0.662
0.187517
0.11049
0.0569303
0.0930649
0.230433
0.483263
0.140129
0.325439
0.593338
0.662
0.0971627
0.280129
0.225699
0.111291
0.125434
0.352965
0.126842
0.378853
0.327021
0.357399
0.547469
0.431347
0.662
0.662
0.321958
0.662
0.343158
0.130967
0.245325
0.617868
0.662
0.625469
0.191722
0.502416
0.0959911
0.662
0.662
0.662
0.662
0.193437
0.134179
0.269166
0.00757593
0.662
0.662
0.158407
0.662
0.339531
0.167914
0.0474504
0.0331383
0.662
0.159297
0.174466
0.00391795
0.307337
0.347222
0.539898
0.466557
0.662
0.662
0.031204
0.424287
0.319025
0.65947
0.401208
0.263686
0.373541
0.662
0.096926
0.454585
0.000610678
0.662
0.507405
0.258322
0.227824
0.662
0.169912
0.164444
0.0191298
0.173281
0.662
0.061823
0.168734
0.233765
0.265234
0.0456918
0.662
0.389104
0.662
0.356579
0.662
0.662
0.662
0.137829
0.345017
0.480375
0.662
0.428263
0.418428
0.20291
0.662
0.0463622
0.662
0.40634
0.662
0.222861
0.499259
0.0911618
0.44588
0.662
0.662
0.582111
0.341734
0.536532
0.147666
0.662
0.604098
0.662
0.131047
0.445577
0.249367
0.621076
0.662
0.662
0.662
0.501621
0.519347
0.201259
0.194997
0.662
0.662
0.47088
0.141389
0.331711
0.126538
0.662
0.248699
0.651991
0.191212
0.662
0.158829
0.633932
0.272331
0.382042
0.662
0.255941
0.323939
0.662
0.662
0.662
0.662
0.662
0.662
0.662
0.182473
0.632121
0.662
0.450929
0.662
0.662
0.179531
0.467369
0.283287
0.15702
0.23521
0.662
0.662
0.662
0.137171
0.647246
0.662
0.411181
0.649578
0.662
0.662
0.142104
0.662
0.306548
0.323849
0.487936
0.311539
0.162294
0.440839
0.187807
0.15595
0.0162757
0.0647508
0.662
0.250337
0.662
0.604317
0.424375
0.662
0.313021
0.604751
0.662
0.196529
0.584933
0.451907
0.130133
0.662
0.451183
0.37961
0.000912518
0.662
0.653981
0.380332
0.513214
0.0342844
0.482373
0.186495
0.202963
0.261803
0.662
0.662
0.627591
0.399717
0.134888
0.344249
0.662
0.662
0.511833
0.234322
0.662
0.146807
0.662
0.377933
0.452087
0.662
0.662
0.538328
0.662
0.62226
0.662
0.440507
0.231533
0.662
0.479087
0.420528
0.244623
0.535631
0.662
0.165952
0.437028
0.112818
0.662
0.199404
0.118432
0.575418
0.420427
0.662
0.0909546
0.14282
0.367126
0.589624
0.662
0.662
0.662
0.396564
0.662
0.0869277
0.13164
0.662
0.662
0.453562
0.662
0.37948
0.16157
0.662
0.0821902
0.662
0.662
0.662
0.299822
0.662
0.422505
0.26391
0.363531
0.210188
0.662
0.170417
0.662
0.662
0.349898
0.0870703
0.288052
0.662
0.158336
0.662
0.662
0.186524
0.662
0.4667
0.662
0.49996
0.168522
0.213533
0.662
0.119179
0.527087
0.23129
0.662
0.0839464
0.0315385
0.662
0.0921613
0.504734
0.662
0.662
0.662
0.162779
0.662
0.272709
0.662
0.662
0.146638
0.44112
0.415862
0.0426862
0.442598
0.662
0.163511
0.0915966
0.302631
0.620729
0.662
0.662
0.339485
0.251678
0.3054
0.662
0.662
0.15383
0.390296
0.434728
0.413543
0.662
0.662
0.662
0.195957
0.662
0.662
0.662
0.440366
0.627694
0.662
0.662
0.173976
0.438515
0.622501
0.102996
0.55176
0.212993
0.662
0.450731
0.125819
0.18687
0.550701
0.297362
0.430767
0.662
0.662
0.662
0.662
0.584378
0.642754
0.0300829
0.216789
0.0408779
0.56384
0.146883
0.662
0.397525
0.414082
0.517021
0.662
0.287013
0.245363
0.662
0.46473
0.227672
0.226842
0.662
0.662
0.283412
0.483634
0.610164
0.662
0.475287
0.662
0.662
0.179817
0.4199
0.0191247
0.662
0.320483
0.260736
0.00875659
0.659035
0.25513
0.218357
0.412206
0.248871
0.29764
0.108329
0.295298
0.662
0.662
0.0052284
0.387922
0.260712
0.109557
0.503393
0.662
0.0896996
0.635769
0.662
0.175181
0.662
0.654596
0.125159
0.205298
0.395837
0.0655621
0.662
0.620815
0.373138
0.662
0.662
0.662
0.192079
0.3015
0.267437
0.632203
0.164202
0.421787
0.192382
0.470092
0.23114
0.605868
0.111773
0.662
0.662
0.226399
0.145296
0.169582
0.662
0.141182
0.662
0.662
0.662
0.493115
0.662
0.662
0.0617118
0.589323
0.24686
0.662
0.662
0.519098
0.662
0.437662
0.122388
0.240045
0.211922
0.662
0.662
0.0394016
0.662
0.662
0.219578
0.662
0.582835
0.448045
0.662
0.644852
0.662
0.0291697
0.662
0.662
0.407252
0.662
0.543223
0.662
0.529074
0.473645
0.638763
0.662
0.259719
0.0645583
0.499405
0.662
0.2752
0.662
0.662
0.0925181
0.231825
0.423911
0.662
0.662
0.0788334
0.662
0.156435
0.225622
0.23269
0.319687
0.328474
0.410975
0.450747
0.662
0.0539662
0.662
0.338706
0.662
0.22165
0.662
0.434611
0.0778153
0.662
0.599847
0.079483
0.662
0.662
0.42937
0.581196
0.315819
0.662
0.056987
0.343102
0.486767
0.662
0.407178
0.361282
0.0348165
0.229626
0.662
0.202314
0.477406
0.395606
0.662
0.0680664
0.634896
0.662
0.19744
0.662
0.167705
0.662
0.141882
0.662
0.027916
0.548451
0.22699
0.612813
0.465851
0.256374
0.441292
0.0904581
0.662
0.316049
0.295917
0.295131
0.249151
0.662
0.182795
0.371615
0.662
0.347237
0.662
0.393539
0.399324
0.397586
0.102832
0.662
0.662
0.321833
0.31456
0.422251
0.164188
0.662
0.292698
0.325644
0.331192
0.578211
0.662
0.308343
0.133281
0.592409
0.27432
0.589026
0.572434
0.536823
0.328591
0.553269
0.662
0.466748
0.621507
0.46508
0.478915
0.178403
0.322407
0.633694
0.26047
0.342448
0.662
0.197248
0.62837
0.392597
0.374312
0.407915
0.662
0.0648841
0.385725
0.194903
0.221817
0.662
0.662
0.158994
0.403321
0.356872
0.662
0.0213249
0.305551
0.347852
0.292355
0.662
0.0302161
0.662
0.0125977
0.20856
0.417518
0.401545
0.662
0.376233
0.662
0.282245
