0.357033
0.613488
0.10587
0.320574
0.231703
0.662
0.187282
0.662
0.0405957
0.424768
0.331997
0.237565
0.483264
0.662
0.397066
0.662
0.167688
0.457582
0.292919
0.662
0.223123
0.662
0.358605
0.403026
0.662
0.662
0.662
0.0446028
0.277913
0.350187
0.121118
0.159471
0.662
0.662
0.318584
0.567315
0.450101
0.193127
0.650392
0.0525105
0.662
0.483921
0.662
0.662
0.33618
0.643582
0.424315
0.662
0.444634
0.24615
0.139877
0.313376
0.662
0.282346
0.662
0.315967
0.405397
0.362329
0.370492
0.166715
0.264669
0.662
0.00806404
0.662
0.16693
0.0957513
0.326866
0.356642
0.482714
0.636521
0.131906
0.662
0.662
0.662
0.662
0.662
0.190707
0.357217
0.237512
0.389417
0.662
0.633882
0.662
0.15052
0.540495
0.172032
0.197934
0.14264
0.517908
0.478691
0.270656
0.662
0.282032
0.0127021
0.169541
0.00738221
0.477172
0.392518
0.662
0.662
0.0524927
0.52167
0.637504
0.400613
0.662
0.576854
0.662
0.417185
0.404792
0.112355
0.435908
0.268217
0.21801
0.662
0.44026
0.391013
0.662
0.212995
0.353981
0.662
0.662
0.00780502
0.662
0.662
0.662
0.662
0.662
0.0734154
0.644624
0.662
0.124558
0.0850128
0.453308
0.662
0.179499
0.631602
0.0171856
0.662
0.489429
0.662
0.434402
0.280351
0.345078
0.662
0.630755
0.235539
0.662
0.0717216
0.662
0.157891
0.0682246
0.271228
0.233724
0.662
0.209313
0.652702
0.118654
0.662
0.00102566
0.662
0.0511693
0.545629
0.13352
0.662
0.375808
0.662
0.63789
0.277794
0.431391
0.662
0.237687
0.519988
0.0877389
0.231297
0.173827
0.658993
0.39213
0.387116
0.662
0.662
0.266335
0.662
0.662
0.447221
0.188843
0.503297
0.0451761
0.540389
0.211933
0.273831
0.444688
0.112538
0.113391
0.225455
0.526743
0.648711
0.662
0.662
0.440123
0.0656908
0.662
0.13937
0.00203071
0.179089
0.362898
0.541726
0.378698
0.662
0.658974
0.242004
0.200444
0.662
0.23431
0.185731
0.373985
0.662
0.41724
0.327193
0.610265
0.149823
0.624491
0.241738
0.0487351
0.263728
0.224748
0.102142
0.441832
0.253919
0.179347
0.582825
0.555091
0.662
0.662
0.662
0.172932
0.226162
0.541418
0.361839
0.0187527
0.662
0.662
0.331409
0.662
0.314377
0.119477
0.662
0.235621
0.529056
0.283941
0.275599
0.499104
0.662
0.45302
0.662
0.662
0.00891463
0.662
0.662
0.662
0.422113
0.179658
0.409951
0.259281
0.0883429
0.662
0.300839
0.372869
0.603346
0.535921
0.372932
0.173731
0.51525
0.530121
0.662
0.651141
0.662
0.134717
0.662
0.662
0.610148
0.295588
0.490281
0.198399
0.136224
0.559544
0.137677
0.353854
0.259326
0.330922
0.625315
0.4765
0.350016
0.480151
0.662
0.0815004
0.0708249
0.662
0.43341
0.662
0.476851
0.357872
0.433934
0.362241
0.662
0.56292
0.556768
0.157959
0.08278
0.662
0.662
0.394398
0.662
0.232783
0.662
0.627352
0.662
0.662
0.0228008
0.378411
0.0533325
0.356385
0.662
0.662
0.364474
0.185903
0.429833
0.0783541
0.264069
0.544606
0.287919
0.662
0.191775
0.301524
0.28578
0.662
0.473451
0.662
0.662
0.429749
0.517139
0.0419066
0.406917
0.662
0.288567
0.662
0.662
0.662
0.106446
0.450852
0.531332
0.212977
0.38763
0.662
0.00719848
0.155146
0.662
0.579175
0.444
0.28915
0.662
0.655512
0.662
0.502295
0.648704
0.315668
0.331214
0.0622164
0.662
0.226649
0.229377
0.361012
0.454187
0.380968
0.146431
0.662
0.047187
0.662
0.662
0.282135
0.208676
0.224273
0.662
0.662
0.662
0.101104
0.0265388
0.662
0.662
0.662
0.320654
0.471112
0.662
0.662
0.24863
0.404027
0.192888
0.226723
0.076848
0.173618
0.662
0.662
0.488737
0.480053
0.0772076
0.662
0.270774
0.662
0.303145
0.662
0.110455
0.110211
0.253329
0.662
0.662
0.662
0.188103
0.479698
0.342078
0.140756
0.261415
0.662
0.0291924
0.461438
0.599696
0.314759
0.191644
0.102055
0.662
0.0198489
0.180233
0.518712
0.338424
0.614576
0.662
0.305548
0.179043
0.633391
0.426099
0.662
0.662
0.662
0.662
0.662
0.660619
0.385284
0.286236
0.392976
0.662
0.319467
0.294756
0.282282
0.588063
0.394382
0.383505
0.305067
0.0468685
0.662
0.662
0.662
0.662
0.342553
0.156831
0.662
0.662
0.040285
0.662
0.662
0.444577
0.662
0.331837
0.445621
0.418747
0.630745
0.662
0.286981
0.117336
0.242949
0.27207
0.284331
0.662
0.241475
0.662
0.662
0.118508
0.409152
0.000865398
0.662
0.386183
0.662
0.390737
0.183973
0.152871
0.337705
0.662
0.662
0.410463
0.582692
0.662
0.0871151
0.662
0.662
0.662
0.662
0.605808
0.0617182
0.662
0.662
0.662
0.660235
0.159947
0.611535
0.410942
0.662
0.00971443
0.297472
0.224988
0.235678
0.41634
0.662
0.427798
0.646422
0.102893
0.60838
0.662
0.391053
0.555208
0.662
0.320384
0.173958
0.187851
0.112995
0.662
0.428025
0.228965
0.662
0.325327
0.662
0.662
0.113361
0.340631
0.662
0.232918
0.138359
0.179738
0.662
0.662
0.327943
0.660357
0.653411
0.662
0.481682
0.662
0.647224
0.662
0.311984
0.662
0.546699
0.199593
0.434134
0.50257
0.233779
0.662
0.0235073
0.268857
0.662
0.2562
0.469456
0.623848
0.662
0.0886194
0.347358
0.662
0.495909
0.662
0.637559
0.662
0.167788
0.227876
0.401319
0.00560857
0.205853
0.361691
0.350032
0.415104
0.662
0.632005
0.194093
0.662
0.0893897
0.662
0.662
0.448658
0.211026
0.30145
0.0609275
0.298442
0.228462
0.631775
0.246697
0.471928
0.569224
0.326529
0.662
0.548404
0.404035
0.32767
0.570197
0.333552
0.0295993
0.227868
0.662
0.399257
0.301165
0.662
0.662
0.662
0.204839
0.15984
0.0165298
0.0962133
0.218483
0.138931
0.422354
0.126073
0.114709
0.417098
0.460923
0.662
0.16485
0.243503
0.100246
0.662
0.662
0.383234
0.662
0.662
0.662
0.456191
0.662
0.517145
0.311449
0.662
0.0219498
0.39565
0.560627
0.118935
0.365428
0.418919
0.101416
0.662
0.662
0.072257
0.380149
0.662
0.662
0.385679
0.375826
0.264455
0.0740028
0.553884
0.395459
0.583818
0.570736
0.275426
0.403763
0.399707
0.191141
0.662
0.205227
0.247991
0.0693103
0.662
0.297776
0.211597
0.0785809
0.262526
0.325296
0.382793
0.662
0.662
0.662
0.206062
0.337665
0.113267
0.187829
0.662
0.596314
0.662
0.62356
0.0748073
0.242751
0.372548
0.442623
0.662
0.662
0.4687
0.631453
0.662
0.318501
0.662
0.495486
0.0864884
0.662
0.275393
0.592154
0.468227
0.488625
0.110525
0.645715
0.212976
0.193545
0.164883
0.662
0.306638
0.577999
0.0601824
0.340858
0.662
0.129097
0.444936
0.662
0.19745
0.393615
0.662
0.662
0.649289
0.348072
0.287262
0.145014
0.106061
0.662
0.662
0.662
0.618139
0.515755
0.597348
0.662
0.508381
0.229218
0.473317
0.352857
0.662
0.112978
0.662
0.130612
0.0308915
0.189199
0.662
0.662
0.176511
0.662
0.662
0.245904
0.256198
0.149271
0.185867
0.341292
0.662
0.227191
0.180528
0.283071
0.417873
0.535981
0.0106735
0.224509
0.138312
0.662
0.0347375
0.231364
0.421233
0.662
0.662
0.662
0.360079
0.662
0.345219
0.662
0.662
0.348677
0.645244
0.110104
0.290223
0.662
0.129282
0.123188
0.58407
0.475873
0.504276
0.152908
0.65506
0.649072
0.229985
0.354276
0.30139
0.317267
0.460729
0.407184
0.373842
0.662
0.214186
0.136436
0.0111512
0.662
0.495869
0.202997
0.629612
0.399236
0.229458
0.45634
0.662
0.219089
0.186022
0.586918
0.662
0.187459
0.662
0.581638
0.662
0.177363
0.461703
0.662
0.363664
0.576008
0.000539402
0.370013
0.228961
0.662
0.662
0.649023
0.629078
0.439782
0.662
0.61324
0.22069
0.173395
0.154931
0.662
0.446737
0.662
0.662
0.662
0.447407
0.459765
0.324541
0.362031
0.45094
0.0193133
0.468633
0.117246
0.352423
0.0427218
0.397251
0.662
0.327716
0.405255
0.662
0.373218
0.355182
0.38902
0.662
0.601091
0.279985
0.662
0.662
0.371295
0.220229
0.662
0.20541
0.0832798
0.401552
0.401232
0.662
0.662
0.662
0.662
0.662
0.662
0.323528
0.232626
0.376776
0.236446
0.432936
0.433613
0.212416
0.662
0.662
0.309803
0.192195
0.662
0.661319
0.662
0.492858
0.0362716
0.194997
0.243792
0.596985
0.662
0.228617
0.653274
0.662
0.287126
0.229661
0.662
0.210667
0.176568
0.0573092
0.662
0.286598
0.662
0.23109
0.662
0.662
0.314448
0.620757
0.662
0.179164
0.438942
0.284822
0.0498885
0.662
0.370133
0.233102
0.33425
0.662
0.41937
0.173698
0.0695436
0.252838
0.165984
0.418006
0.522798
0.662
0.352475
0.180978
0.351294
0.385634
0.031673
0.662
0.0191451
0.457132
0.327383
0.662
0.379235
0.662
0.662
0.111212
0.580123
0.662
0.611799
0.348656
0.662
0.662
0.662
0.662
0.143438
0.0101348
0.246679
0.658914
0.662
0.662
0.662
0.662
0.18064
0.087915
0.662
0.662
0.662
0.485903
0.321629
0.0766064
0.2886
0.0734828
0.157998
0.134885
0.54431
0.662
0.64451
0.10004
0.662
0.662
0.660131
0.0839888
0.218612
0.0479595
0.130945
0.455825
0.186801
0.0635834
0.662
0.208963
0.451482
0.559633
0.662
0.662
0.472114
0.624288
0.58527
0.662
0.662
0.471806
0.231158
0.378028
0.138807
0.421113
0.662
0.662
0.258461
0.662
0.217485
0.190809
0.582935
0.662
0.207071
0.30217
0.659506
0.662
0.662
0.205838
0.0238872
0.156508
0.251921
0.482419
0.148234
0.586741
0.662
0.662
0.560866
0.169587
0.0397092
0.15935
0.404269
0.288632
0.662
0.662
0.662
0.662
0.662
0.146668
0.137957
0.327507
0.463352
0.231142
0.662
0.340011
0.648764
0.00971125
0.371179
0.662
0.256864
0.662
0.662
0.662
0.61824
0.0500195
0.336578
0.433784
0.662
0.662
0.27585
0.662
0.116759
0.662
0.132318
0.477438
0.270258
0.30893
0.662
0.493969
0.0145402
0.519874
0.499536
0.601325
0.662
0.662
0.662
0.250067
0.662
0.662
0.654987
0.655766
0.0978479
0.662
0.382093
0.0604593
0.662
0.212507
0.384574
0.495331
0.246132
0.0816201
0.662
0.662
0.662
0.662
0.662
0.609848
0.662
0.662
0.662
0.626786
0.629011
0.342692
0.637454
0.50189
0.560532
0.445023
0.399478
0.313686
0.353755
0.334034
0.662
0.462915
0.662
0.190294
0.442157
0.640855
0.373721
0.414428
0.662
0.352825
0.662
0.146073
0.662
0.0560619
0.662
0.325207
0.443236
0.187274
0.0406997
0.662
0.304701
0.19539
0.612055
0.662
0.172211
0.224055
0.653329
0.662
0.0880024
0.14965
0.662
0.252799
0.662
0.662
0.157176
0.662
0.662
0.248602
0.662
0.226329
0.662
0.328419
0.391758
0.662
0.234391
0.662
0.286222
0.662
0.662
0.120555
0.215991
0.300698
0.662
0.0468306
0.32093
0.334015
0.188075
0.100668
0.228334
0.662
0.662
0.269324
0.269213
0.604144
0.662
0.203749
0.285854
0.662
0.53079
0.385564
0.280023
0.548603
0.205632
0.238501
0.163423
0.662
0.662
0.64364
0.662
0.286784
0.662
0.140527
0.236694
0.172092
0.662
0.117633
0.118356
0.662
0.254479
0.387212
0.514533
0.085625
0.662
0.512434
0.455874
0.662
0.0216625
0.662
0.113908
0.122583
0.662
0.484844
0.662
0.662
0.278257
0.662
0.662
0.608913
0.662
0.662
0.662
0.662
0.662
0.0194061
0.0962179
0.15598
0.177608
0.35705
0.662
0.63616
0.662
0.501787
0.662
0.115229
0.662
0.662
0.240579
0.209663
0.621269
0.427669
0.405785
0.662
0.661592
0.124835
0.537609
