0.662
0.662
0.622736
0.662
0.137714
0.662
0.363045
0.149532
0.312246
0.662
0.662
0.0497498
0.0202641
0.662
0.662
0.0332847
0.662
0.0840493
0.662
0.662
0.152184
0.154384
0.662
0.662
0.653928
0.199542
0.662
0.662
0.662
0.50325
0.233548
0.445347
0.191055
0.662
0.662
0.520406
0.0713097
0.398822
0.662
0.662
0.476607
0.0902971
0.0186662
0.662
0.624007
0.0284802
0.337464
0.432787
0.0562287
0.35185
0.327883
0.662
0.662
0.0564865
0.490173
0.413676
0.10329
0.354546
0.614647
0.662
0.662
0.644801
0.662
0.00604369
0.662
0.363649
0.422316
0.170877
0.662
0.558049
0.20971
0.662
0.185814
0.662
0.181474
0.662
0.662
0.662
0.662
0.472105
0.574546
0.662
0.319099
0.466545
0.662
0.662
0.662
0.217709
0.662
0.362095
0.662
0.422805
0.662
0.662
0.662
0.356711
0.543806
0.376319
0.06905
0.338111
0.539811
0.662
0.103824
0.162484
0.57027
0.314844
0.662
0.302807
0.213148
0.279411
0.310765
0.662
0.268254
0.388642
0.60653
0.291633
0.315483
0.412563
0.662
0.662
0.662
0.356692
0.40777
0.662
0.115333
0.040354
0.662
0.287891
0.266343
0.0115534
0.0535105
0.0581138
0.273302
0.292658
0.154262
0.461837
0.662
0.0912001
0.662
0.495123
0.662
0.372254
0.126628
0.658634
0.644135
0.662
0.662
0.464046
0.662
0.364594
0.662
0.37573
0.0424604
0.560983
0.150815
0.609443
0.181195
0.408232
0.137962
0.117031
0.662
0.641549
0.447794
0.430302
0.319965
0.662
0.302037
0.204671
0.662
0.601509
0.662
0.662
0.662
0.662
0.662
0.629133
0.662
0.662
0.662
0.535934
0.662
0.662
0.422283
0.662
0.203654
0.662
0.662
0.317051
0.606399
0.197737
0.662
0.662
0.662
0.118242
0.618487
0.305018
0.662
0.662
0.662
0.662
0.322077
0.210061
0.662
0.662
0.266375
0.382925
0.662
0.662
0.163609
0.662
0.662
0.184841
0.662
0.262175
0.399334
0.0272831
0.374029
0.662
0.662
0.421221
0.558601
0.297315
0.662
0.440688
0.662
0.440325
0.201025
0.497149
0.638944
0.662
0.0986885
0.194509
0.313651
0.283388
0.00964761
0.475439
0.279133
0.662
0.232146
0.189851
0.662
0.184284
0.196883
0.662
0.256595
0.36137
0.662
0.513811
0.36347
0.22562
0.661374
0.240427
0.662
0.308773
0.662
0.662
0.662
0.662
0.100589
0.0591354
0.448334
0.231621
0.0508605
0.662
0.456789
0.0873204
0.662
0.565262
0.364989
0.662
0.255849
0.380372
0.436895
0.159405
0.224153
0.662
0.140565
0.662
0.26178
0.111918
0.410523
0.662
0.0924174
0.662
0.148026
0.27281
0.107954
0.631398
0.542652
0.194965
0.662
0.197002
0.111685
0.220189
0.228941
0.662
0.637499
0.662
0.600894
0.0433646
0.245599
0.662
0.662
0.662
0.234195
0.355189
0.0709499
0.293835
0.580616
0.389507
0.460513
0.366842
0.360103
0.243576
0.466513
0.190939
0.662
0.662
0.662
0.528152
0.662
0.521879
0.433516
0.662
0.0815309
0.425545
0.0396389
0.29474
0.244253
0.0725829
0.612813
0.139424
0.237846
0.662
0.662
0.662
0.223624
0.237804
0.311877
0.662
0.662
0.662
0.146275
0.662
0.662
0.308353
0.350093
0.662
0.568765
0.0532134
0.557414
0.662
0.662
0.652652
0.22272
0.0668908
0.437853
0.662
0.662
0.22436
0.0976715
0.662
0.662
0.141113
0.137587
0.16154
0.662
0.642382
0.662
0.193412
0.0660672
0.226602
0.662
0.662
0.234693
0.0557999
0.465306
0.662
0.262847
0.396692
0.361226
0.585486
0.280716
0.662
0.541296
0.628862
0.662
0.423818
0.662
0.133576
0.252043
0.633391
0.469661
0.121515
0.118248
0.169843
0.662
0.656014
0.551859
0.389036
0.561228
0.662
0.171577
0.196941
0.662
0.662
0.662
0.662
0.662
0.249236
0.662
0.346894
0.628765
0.662
0.662
0.445602
0.191309
0.662
0.607435
0.662
0.662
0.662
0.662
0.216669
0.662
0.480699
0.0820396
0.0119818
0.020472
0.662
0.308422
0.662
0.228183
0.662
0.0939863
0.662
0.203918
0.115231
0.662
0.0425556
0.617175
0.0639585
0.415045
0.0963965
0.662
0.662
0.662
0.363807
0.662
0.545975
0.18546
0.225602
0.662
0.252712
0.0131538
0.662
0.556507
0.0315034
0.549314
0.209776
0.464051
0.391689
0.545414
0.24262
0.274626
0.135816
0.233886
0.274019
0.662
0.662
0.662
0.662
0.192958
0.461789
0.437687
0.662
0.225706
0.197474
0.537537
0.11649
0.606709
0.436306
0.440343
0.277823
0.587114
0.662
0.188421
0.662
0.324243
