0.662
0.543223
0.509827
0.174659
0.662
0.662
0.659257
0.662
0.662
0.662
0.0547779
0.662
0.365608
0.0407706
0.363255
0.0628092
0.662
0.62226
0.647385
0.662
0.662
0.0959911
0.575174
0.111519
0.0146225
0.589624
0.217315
0.0877326
0.662
0.164472
0.283412
0.247589
0.662
0.312651
0.581777
0.662
0.396304
0.480375
0.662
0.662
0.662
0.662
0.0278343
0.25276
0.2264
0.487891
0.662
0.544487
0.662
0.437028
0.112655
0.317266
0.537615
0.126054
0.662
0.117337
0.263702
0.63845
0.202333
0.662
0.125503
0.662
0.660638
0.211749
0.329821
0.0825016
0.158638
0.190881
0.578211
0.61937
0.662
0.204259
0.37276
0.662
0.0299686
0.662
0.662
0.150252
0.662
0.26433
0.199052
0.662
0.662
0.547469
0.201806
0.429677
0.662
0.662
0.644572
0.464201
0.392597
0.0725722
0.286181
0.0181166
0.633391
0.662
0.336317
0.155176
0.662
0.00591125
0.351909
0.0387194
0.0970284
0.472972
0.662
0.662
0.137431
0.226842
0.235747
0.662
0.0909546
0.659035
0.202852
0.299822
0.241946
0.662
0.106797
0.619736
0.141182
0.105584
0.288052
0.662
0.181153
0.116568
0.116342
0.221019
0.662
0.181126
0.069913
0.0912512
0.662
0.448045
0.44185
0.352217
0.662
0.662
0.662
0.192142
0.662
0.0315385
0.443186
0.273676
0.094428
0.0951038
0.662
0.662
0.259649
0.0651423
0.3025
0.487494
0.303672
0.0546435
0.662
0.199892
0.125434
0.451752
0.471402
0.316504
0.0291697
0.219595
0.285438
0.40184
0.212602
0.662
0.285961
0.259169
0.662
0.072644
0.409619
0.517839
0.498428
0.456884
0.662
0.662
0.662
0.662
0.0363834
0.636766
0.229626
0.173501
0.202183
0.138722
0.662
0.483634
0.0336128
0.326493
0.4667
0.63911
0.0979406
0.662
0.662
0.597664
0.0641075
0.662
0.533808
0.662
0.223705
0.532987
0.662
0.417298
0.662
0.662
0.287065
0.159297
0.40775
0.662
0.0398142
0.662
0.314428
0.0852807
0.662
0.528304
0.662
0.133072
0.345029
0.658804
0.662
0.309611
0.13574
0.589406
0.662
0.129479
0.627694
0.201872
0.621822
0.361437
0.397414
0.00143751
0.198201
0.176061
0.216076
0.662
0.662
0.216903
0.367126
0.658934
0.224209
0.152422
0.103385
0.622115
0.662
0.662
0.662
