0.662
0.662
0.662
0.0176545
0.662
0.662
0.428701
0.201528
0.429658
0.662
0.52464
0.485137
0.216453
0.335855
0.662
0.577848
0.662
0.662
0.0504138
0.438576
0.19408
0.213519
0.662
0.337922
0.277204
0.115676
0.662
0.0492879
0.481469
0.33635
0.572714
0.0480235
0.284159
0.662
0.528981
0.662
0.338062
0.662
0.0164888
0.109625
0.662
0.662
0.662
0.508056
0.662
0.662
0.27698
0.352886
0.102986
0.0569939
0.357331
0.27044
0.0058806
0.662
0.662
0.662
0.662
0.412134
0.176603
0.662
0.662
0.147819
0.662
0.662
0.308225
0.662
0.189045
0.227524
0.662
0.463856
0.166662
0.662
0.138962
0.174165
0.191473
0.662
0.609042
0.28146
0.111865
0.662
0.258845
0.213786
0.056879
0.0923834
0.662
0.316793
0.662
0.662
0.476472
0.662
0.662
0.320569
0.25162
0.662
0.646706
0.290467
0.662
0.0939528
0.0579373
0.413425
0.0636462
0.207893
0.361691
0.662
0.361518
0.662
0.360653
0.297037
0.0608097
0.662
0.374418
0.474983
0.662
0.264592
0.662
0.548535
0.662
0.662
0.662
0.662
0.190943
0.268932
0.214664
0.662
0.0973429
0.359362
0.662
0.335042
0.642369
0.662
0.518044
0.367371
0.476906
0.204422
0.379741
0.360009
0.155614
0.6432
0.0602635
0.586503
0.221084
0.662
0.197705
0.662
0.662
0.106025
0.444733
0.120301
0.136468
0.662
0.662
0.245464
0.128352
0.242703
0.0613499
0.662
0.662
0.662
0.246202
0.163874
0.662
0.541821
0.662
0.662
0.662
0.662
0.00749222
0.422163
0.0701119
0.662
0.144701
0.662
0.140304
0.289857
0.662
0.409144
0.45282
0.269862
0.547283
0.662
0.199474
0.271839
0.190731
0.427482
0.662
0.662
0.192769
0.662
0.459958
0.497879
0.325028
0.662
0.662
0.175412
0.662
0.385486
0.662
0.37992
0.662
0.129617
0.46457
0.188186
0.248757
0.204214
0.102151
0.197262
0.290449
0.139615
0.299942
0.334711
0.0864541
0.0852027
0.237214
0.662
0.201624
0.41517
0.0976879
0.273144
0.632151
0.0784672
0.294701
0.662
0.662
0.425278
0.662
0.20196
0.157777
0.00407949
0.120213
0.464188
0.662
0.176674
0.121066
0.273048
0.662
0.307929
0.662
0.662
0.0735326
0.662
0.120717
0.625271
0.662
0.662
0.272938
0.468502
0.662
0.662
0.149366
0.40092
0.185634
0.662
0.662
0.451969
0.049941
0.345348
0.662
0.45405
0.662
0.611702
0.557915
0.516491
0.474238
0.569399
0.439313
0.00506456
0.0445915
0.425266
0.145763
0.662
0.204248
0.0477173
0.415047
0.662
0.662
0.662
0.15994
0.160832
0.278691
0.662
0.11128
0.378224
0.662
0.21895
0.381914
0.255654
0.0195268
0.110009
0.00584319
0.400486
0.287091
0.662
0.0862094
0.662
0.182941
0.263375
0.308562
0.662
0.662
0.662
0.152288
0.481347
0.662
0.0700336
0.284637
0.42714
0.0302973
0.662
0.662
0.200261
0.116639
0.345329
0.410526
0.0350977
0.662
0.662
0.662
0.662
0.133609
0.184346
0.551182
0.22218
0.662
0.662
0.014383
0.662
0.515239
0.188016
0.0527721
0.344378
0.662
0.114707
0.662
0.0383911
0.00336952
0.662
0.662
0.662
0.0294402
0.619648
0.633694
0.320215
0.416976
0.195681
0.16419
0.484853
0.662
0.576096
0.107093
0.384025
0.662
0.662
0.377752
0.662
0.00767343
0.662
0.124555
0.355959
0.662
0.25632
0.662
0.662
0.192945
0.357445
0.193922
0.324152
0.245222
0.662
0.166403
0.662
0.662
0.0248108
0.662
0.662
0.662
0.662
0.0693499
0.662
0.185234
0.662
0.53178
0.662
0.0671495
0.662
0.268801
0.662
0.662
0.662
0.662
0.662
0.197717
0.0506292
0.218378
0.662
0.23481
0.363352
0.662
0.234838
0.548402
0.328648
0.662
0.662
0.473884
0.0148992
0.0229962
0.170589
0.292286
0.445273
0.528889
0.264882
0.22713
0.0412071
0.227897
0.368117
0.376637
0.496165
0.662
0.435062
0.662
0.662
0.662
0.00648248
0.190583
0.190997
0.662
0.662
0.662
0.294213
0.219593
0.662
0.342054
0.462316
0.662
0.659367
0.306492
0.662
0.323361
0.322198
0.662
0.662
0.662
0.28139
0.365359
0.450588
0.279459
0.662
0.662
0.391697
0.123502
0.662
0.19361
0.38685
0.536157
0.662
0.662
0.195707
0.159104
0.384963
0.113139
0.662
0.249893
0.662
0.662
0.419838
0.662
0.385676
0.662
0.354003
0.152233
0.662
0.662
0.0299091
0.662
0.562939
0.662
0.546225
0.347943
0.0502481
0.187677
0.649962
0.00146922
0.31103
0.352411
0.662
0.662
0.4741
0.662
0.29036
0.0623725
0.329676
0.119569
0.249564
0.035688
0.662
0.2285
0.662
0.409361
0.288976
0.662
0.281312
0.278838
0.488057
0.130478
0.34078
0.17753
0.156204
0.477221
0.662
0.587411
0.131576
0.265074
0.662
0.164047
0.662
0.662
0.359153
0.289679
0.232481
0.662
0.662
0.662
0.662
0.36275
0.662
0.662
0.451052
0.0681788
0.662
0.662
0.128664
0.255735
0.0313672
0.36702
0.278623
0.311158
0.662
0.227249
0.319859
0.0832529
0.662
0.662
0.662
0.662
0.00539307
0.271525
0.102596
0.306029
0.662
0.662
0.662
0.662
0.662
0.662
0.662
0.37676
0.662
0.370154
0.412661
0.169518
0.662
0.662
0.155304
0.0204852
0.662
0.662
0.662
0.145629
0.193259
0.662
0.662
0.662
0.314859
0.268966
0.662
0.662
0.00103236
0.662
0.662
0.187277
0.169914
0.51412
0.506823
0.289767
0.662
0.29665
0.662
0.180603
0.219064
0.481063
0.465425
0.424029
0.350587
0.281052
0.464813
0.662
0.278453
0.662
0.662
0.446555
0.175778
0.455118
0.251768
0.527073
0.349298
0.285039
0.662
0.662
0.0932369
0.662
0.155281
0.662
0.535345
0.19254
0.0054291
0.258468
0.662
0.53106
0.123099
0.662
0.170158
0.662
0.190302
0.620221
0.185495
0.281673
0.260042
0.523127
0.662
0.0539571
0.23845
0.662
0.336788
0.120837
0.63339
0.0724937
0.662
0.472597
0.232209
0.662
0.662
0.662
0.121438
0.164337
0.662
0.0192887
0.18323
0.298276
0.0246236
0.527037
0.0851108
0.521088
0.662
0.215141
0.662
0.662
0.470589
0.662
0.464494
0.662
0.63339
0.445947
0.251503
0.33465
0.286629
0.295499
0.320483
0.28176
0.662
0.207627
0.268172
0.366404
0.27194
0.662
0.662
0.0976212
0.662
0.662
0.426541
0.0179934
0.22659
0.250553
0.288741
0.413065
0.0608443
0.662
0.402179
0.455778
0.21329
0.662
0.216166
0.274266
0.662
0.285382
0.662
0.12117
0.662
0.662
0.44833
0.662
0.409445
0.216084
0.662
0.253401
0.662
0.299692
0.163302
0.205523
0.662
0.153011
0.662
0.433264
0.300588
0.662
0.498289
0.385769
0.46292
0.156789
0.182978
0.362073
0.00274819
0.662
0.662
0.662
0.662
0.662
0.303631
0.36371
0.662
0.662
0.662
0.0610914
0.277177
0.240624
0.662
0.418807
0.662
0.453446
0.415898
0.643731
0.100624
0.662
0.0984457
0.662
0.0554306
0.220935
0.442845
0.662
0.23971
0.365782
0.662
0.146638
0.662
0.286408
0.309255
0.662
0.455975
0.145089
0.662
0.17671
0.662
0.662
0.0275527
0.662
0.662
0.110844
0.250622
0.228424
0.322571
0.662
0.239789
0.426427
0.662
0.389283
0.662
0.662
0.196518
0.662
0.662
0.651059
0.445723
0.662
0.577679
0.662
0.376334
0.662
0.223035
0.453048
0.582947
0.662
0.662
0.44712
0.279266
0.420946
0.349906
0.662
0.122858
0.662
0.39727
0.338406
0.181504
0.662
0.662
0.27785
0.169357
0.662
0.45931
0.643534
0.662
0.662
0.0850887
0.383211
0.198122
0.155311
0.207589
0.662
0.662
0.00936566
0.662
0.662
0.662
0.662
0.662
0.434989
0.210146
0.189265
0.0680381
0.303009
0.417954
0.662
0.272736
0.662
0.662
0.204882
0.526816
0.470682
0.189535
0.662
0.0386274
0.304561
0.078833
0.361666
0.471149
0.662
0.289718
0.422642
0.203354
0.662
0.662
0.475433
0.2877
0.662
0.23926
0.293805
0.33963
0.00534587
0.576077
0.395542
0.662
0.194467
0.441237
0.323567
0.259184
0.662
0.12533
0.497553
0.662
0.096071
0.00278691
0.0486991
0.662
0.662
0.662
0.662
0.149496
0.662
0.662
0.0919143
0.334868
0.510052
0.354286
0.0272698
0.662
0.309481
0.174696
0.19759
0.662
0.305055
0.662
0.150978
0.662
0.219057
0.20867
0.662
0.662
0.20686
0.662
0.662
0.263644
0.662
0.103874
0.333254
0.490044
0.392194
0.0525983
0.400609
0.662
0.392917
0.0540085
0.129135
0.662
0.0821395
0.436915
0.662
0.188348
0.180593
0.662
0.662
0.662
0.34462
0.662
0.662
0.639633
0.0631726
0.382239
0.662
0.662
0.662
0.102957
0.52589
0.218762
0.134013
0.662
0.162817
0.222542
0.325259
0.662
0.403797
0.313429
0.662
0.252897
0.308926
0.402007
0.662
0.138597
0.0840569
0.662
0.198077
0.292069
0.309849
0.187908
0.158112
0.446797
0.496514
0.0913704
0.662
0.167306
0.662
0.662
0.662
0.275979
0.381398
0.264354
0.125491
0.662
0.155095
0.245909
0.662
0.229088
0.63339
0.272198
0.253815
0.61468
0.0404216
0.48259
0.662
0.662
0.662
0.18925
0.662
0.202932
0.463273
0.0737399
0.662
0.662
0.662
0.63339
0.191063
0.662
0.247785
0.300977
0.218373
0.662
0.662
0.264043
0.662
0.60505
0.153318
0.662
0.409488
0.662
0.29987
0.662
0.258454
0.662
0.0652375
0.662
0.662
0.382354
0.0481204
0.369205
0.500912
0.662
0.662
0.201131
0.662
0.195744
0.6028
0.0496586
0.209337
0.662
0.222413
0.0867802
0.242461
0.662
0.662
0.274637
0.34274
0.662
0.596284
0.662
0.278886
0.466301
0.190397
0.662
0.23423
0.662
0.0115895
0.505839
0.662
0.662
0.176275
0.662
0.662
0.662
0.358172
0.623603
0.662
0.33426
0.0758085
0.386477
0.181802
0.522544
0.185633
0.662
0.662
0.510074
0.397104
0.662
0.193649
0.662
0.284391
0.662
0.662
0.14722
0.212211
0.477511
0.144785
0.281857
0.662
0.662
0.184917
0.202313
0.230239
0.22777
0.169757
0.662
0.212249
0.662
0.246027
0.0975026
0.223402
0.129105
0.662
0.233971
0.216759
0.476749
0.662
0.136693
0.295727
0.662
0.662
0.458127
0.662
0.662
0.108029
0.313105
0.37539
0.125045
0.662
0.0581481
0.265209
0.343779
0.662
0.321731
0.420878
0.662
0.449526
0.197102
0.276249
0.415875
0.662
0.309929
0.662
0.662
0.18608
0.662
0.19436
0.206039
0.662
0.662
0.662
0.662
0.115207
0.40419
0.662
0.236369
0.662
0.662
0.43466
0.0877911
0.449071
0.132299
0.141842
0.584634
0.267779
0.143593
0.463306
0.662
0.662
0.148011
0.26646
0.14265
0.463246
0.293876
0.662
0.662
0.183232
0.484093
0.225641
0.285689
0.338897
0.406907
0.223525
0.131813
0.261779
0.662
0.446914
0.662
0.0484105
0.662
0.0511833
0.662
0.127563
0.110367
0.662
0.662
0.195084
0.0877076
0.183105
0.662
0.111821
0.662
0.662
0.306658
0.662
0.507826
0.164643
0.301555
0.159951
0.200303
0.219033
0.521352
0.662
0.662
0.662
0.192966
0.662
0.662
0.195264
0.105217
0.495673
0.662
0.205063
0.125613
0.616453
0.662
0.35023
0.468333
0.197949
0.400748
0.662
0.177144
0.108797
0.190388
0.536292
0.662
0.662
0.193266
0.388045
0.239121
0.332326
0.174877
0.0792144
0.662
0.645205
0.662
0.0105212
0.285742
0.662
0.381948
0.131877
0.662
0.428412
0.209054
0.662
0.350771
0.662
0.548007
0.662
0.662
0.204353
0.662
0.1224
0.662
0.298828
0.662
0.158968
0.199332
0.0764516
0.662
0.304619
0.662
0.662
0.585496
0.662
0.311881
0.63143
0.0938294
0.355948
0.1193
0.397138
0.316486
0.151458
0.662
0.662
0.662
0.484656
0.662
0.37371
0.301137
0.0108127
0.662
0.138784
0.662
0.662
0.662
0.662
0.384769
0.662
0.328736
0.287611
0.312168
0.662
0.662
0.0998703
0.200559
0.308256
0.662
0.0937806
0.244067
0.662
0.378043
0.372399
0.400282
0.203212
0.662
0.404333
0.501719
0.300411
0.662
0.205458
0.127687
0.159831
0.577158
0.529726
0.662
0.254802
0.614438
0.142179
0.633694
0.472765
0.662
0.662
0.423339
0.445516
0.0216017
0.167699
0.406912
0.532632
0.535385
0.662
0.423206
0.662
0.19854
0.662
0.270309
0.662
0.331013
0.662
0.662
0.662
0.51318
0.662
0.399834
0.304712
0.662
0.424999
0.662
0.637754
0.268634
0.662
0.24204
0.662
0.662
0.662
0.662
0.143775
0.662
0.662
0.135997
0.662
0.189803
0.223045
0.662
0.662
0.220603
0.662
0.662
0.00807775
0.662
0.147396
0.39018
0.662
0.139089
0.549602
0.462269
0.120872
0.321723
0.206225
0.505402
0.172037
0.0369731
0.662
0.103103
0.411122
0.267049
0.662
0.200488
0.239409
0.662
0.377689
0.466112
0.662
0.501963
0.0314929
0.407
0.662
0.662
0.662
0.240339
0.20317
0.662
0.662
0.662
0.246165
0.222806
0.154866
0.0373343
0.0272756
0.12912
0.161602
0.426262
0.662
0.267898
0.662
0.477232
0.229998
0.618911
0.126866
0.662
0.0084335
0.662
0.662
0.265668
0.417803
0.292713
0.346234
0.662
0.325472
0.313873
0.662
0.0263555
0.662
0.375273
0.662
0.662
0.296069
0.259238
0.275172
0.372622
0.662
0.662
0.0268451
0.662
0.494137
0.540274
0.0398207
0.662
0.662
0.662
0.662
0.224764
0.662
0.534385
0.135144
0.305724
0.662
0.0605082
0.662
0.149513
0.662
0.0762413
0.0472217
0.662
0.662
0.37031
0.662
0.209664
0.264406
0.365469
0.220378
0.662
0.191304
0.662
0.125819
0.662
0.468329
0.370512
0.371802
0.662
0.662
0.335925
0.231995
0.662
0.524647
0.662
0.262809
0.452597
0.360906
0.662
0.644422
0.662
0.149275
0.662
0.662
0.210917
0.662
0.662
0.230954
0.662
0.24406
0.0824342
0.662
0.662
0.0558262
0.195696
0.123125
0.0563201
0.220698
0.375761
0.662
0.0227829
0.0258039
0.484591
0.662
0.436011
0.0893932
0.0251387
0.662
0.662
0.662
0.216779
0.183957
0.239997
0.396157
0.383045
0.213337
0.662
0.662
0.427074
0.662
0.422356
0.478451
0.662
0.0264618
0.0888014
0.404724
0.662
0.662
0.662
0.662
0.662
0.12486
0.32968
0.142052
0.662
0.662
0.662
0.662
0.662
0.209399
0.634405
0.322266
0.418099
0.227048
0.524628
0.120241
0.124753
0.662
0.356985
0.662
0.662
0.421541
0.659962
0.479471
0.662
0.662
0.662
0.662
0.662
0.403656
0.143439
0.347972
0.662
0.489855
0.662
0.662
0.662
0.662
0.349031
0.160646
0.0592394
0.662
0.109515
0.290819
0.662
0.180545
0.115792
0.662
0.662
0.312267
0.662
0.268744
0.23949
0.662
0.389996
0.392748
0.0613871
0.662
0.662
0.500478
0.35604
0.412666
0.255356
0.470522
0.307522
0.662
0.283481
0.558399
0.366435
0.662
0.662
0.440098
0.134482
0.0770079
0.662
0.662
0.346809
0.662
9.49877e-05
0.062978
0.662
0.425094
0.125299
0.662
0.34176
0.234658
0.417556
0.662
0.220773
0.60471
0.16105
0.662
0.662
0.662
0.662
0.662
0.306004
0.445796
0.358546
0.156123
0.139619
0.662
0.188404
0.662
0.559544
0.0752621
0.327338
0.238283
0.662
0.662
0.648706
0.662
0.297843
0.278959
0.124197
0.662
0.662
0.662
0.197089
0.325683
0.662
0.662
0.662
0.202153
0.662
0.169657
0.155325
0.662
0.629044
0.365913
0.423117
0.301735
0.498942
0.446134
0.21989
0.569355
0.662
0.284038
0.662
0.261366
0.662
0.637008
0.647106
0.341589
0.662
0.218095
0.0854269
0.224873
0.662
0.477347
0.377755
0.662
0.662
0.351855
0.317611
0.366318
0.662
0.662
0.662
0.662
0.121408
0.222554
0.662
0.234228
0.399162
0.347732
0.100993
0.196527
0.662
0.662
0.662
0.662
0.227278
0.316845
0.0166161
0.123424
0.662
0.56394
0.193413
0.125264
0.662
0.486299
0.662
0.0853586
0.662
0.662
0.349136
0.269717
0.662
0.662
0.0287947
0.662
0.418709
0.662
0.394609
0.513607
0.0448097
0.428252
0.662
0.498035
0.662
0.662
0.662
0.204296
0.147281
0.429803
0.662
0.662
0.253821
0.199238
0.570548
0.662
0.662
0.453876
0.302297
0.0550987
0.662
0.276503
0.662
0.662
0.662
0.193023
0.458645
0.662
0.182543
0.662
0.662
0.662
0.231559
0.561919
0.662
0.353567
0.450801
0.440814
0.162418
0.662
0.18605
0.662
0.12456
0.662
0.662
0.662
0.565705
0.0789574
0.662
0.102535
0.183872
0.251515
0.442146
0.220027
0.662
0.662
0.662
0.171603
0.662
0.662
0.304765
0.261312
0.225335
0.217056
0.662
0.0783908
0.231724
0.662
0.203814
0.662
0.662
0.465401
0.662
0.662
0.196894
0.397167
0.662
0.343652
0.277973
0.662
0.662
0.469654
0.643722
0.186486
0.662
0.662
0.662
0.662
0.662
0.662
0.662
0.331108
0.662
0.409258
0.257511
0.439647
0.182577
0.329203
0.223689
0.14162
0.662
0.32041
0.122768
0.662
0.320442
0.247796
0.608394
0.662
0.662
0.662
0.418563
0.662
0.424231
0.662
0.662
0.466273
0.00882654
0.349677
0.29155
0.193901
0.154029
0.627151
0.662
0.216837
0.470737
0.0332607
0.662
0.662
0.203629
0.138994
0.0613574
0.184296
0.164203
0.0519064
0.268768
0.247943
0.325986
0.336433
0.385075
0.131582
0.662
0.249469
0.217588
0.53674
0.662
0.384194
0.109343
0.446039
0.232987
0.00310721
0.294216
0.297
0.662
0.662
0.662
0.288479
0.662
0.245414
0.189387
0.662
0.662
0.662
0.33971
0.22316
0.662
0.219746
0.0973214
0.662
0.351779
0.662
0.662
0.662
0.380692
0.662
0.0675251
0.662
0.198593
0.377052
0.662
0.662
0.662
0.161325
0.662
0.0311832
0.280225
0.441164
0.113945
0.662
0.662
0.522795
0.662
0.133972
0.662
0.406734
0.662
0.255396
0.662
0.662
0.0219171
0.4118
0.120712
0.00111601
0.662
0.43816
0.662
0.662
0.0183183
0.293607
0.413565
0.662
0.104316
0.662
0.662
0.273147
0.662
0.570597
0.662
0.0457469
0.139192
0.662
0.13294
0.479966
0.11922
0.325053
0.207344
0.662
0.171171
0.384264
0.00956438
0.662
0.140636
0.208971
0.182029
0.148929
0.323983
0.299257
0.445847
0.662
0.475508
0.381934
0.662
0.113165
0.662
0.662
0.175847
0.0603709
0.147146
0.206753
0.662
0.484128
0.662
0.662
0.662
0.207182
0.662
0.662
0.662
0.45545
0.662
0.196888
0.662
0.331691
0.366187
0.189256
0.662
0.172913
0.662
0.11478
0.662
0.236691
0.2325
0.662
0.200628
0.662
0.366304
0.455628
0.464426
0.096668
0.662
0.564438
0.433615
0.394955
0.0578833
0.216234
0.194703
0.662
0.0545298
0.379771
0.662
0.296074
0.393714
0.291732
0.397069
0.662
0.662
0.662
0.662
0.560797
0.019741
0.159225
0.243677
0.662
0.592403
0.123688
0.662
0.376192
0.431997
0.170579
0.30198
0.176895
0.235389
0.0979406
0.315318
0.63339
0.662
0.204292
0.167972
0.612878
0.186942
0.246807
0.662
0.122922
0.662
0.662
0.662
0.0288735
0.10342
0.203575
0.0566674
0.0677035
0.499063
0.230277
0.204555
0.662
0.11719
0.662
0.662
0.0178153
0.450743
0.454253
0.280083
0.459981
0.181928
0.662
0.662
0.662
0.662
0.594027
0.408041
0.186714
0.444748
0.662
0.306408
0.144401
0.0682567
0.662
0.662
0.11414
0.0468261
0.209218
0.0584698
0.10003
0.605567
0.662
0.662
0.662
0.419395
0.662
0.476719
0.218045
0.11503
0.450387
0.662
0.0322173
0.319345
0.649699
0.435633
0.16998
0.267527
0.593465
0.527777
0.20091
0.654672
0.248765
0.4036
0.370775
0.282934
0.249157
0.0832359
0.605641
0.261624
0.662
0.662
0.662
0.257549
0.662
0.326324
0.325925
0.662
0.243181
0.262118
0.662
0.662
0.14836
0.0111429
0.426899
0.602044
0.662
0.0122544
0.618684
0.227629
0.0710497
0.662
0.662
0.662
0.662
0.369047
0.0565953
0.153283
0.162851
0.266607
0.187598
0.324824
0.662
0.317578
0.305481
0.524957
0.0934006
0.418315
0.203366
0.662
0.662
0.245218
0.662
0.238122
0.170856
0.302315
0.264705
0.472481
0.0175367
0.662
0.193915
0.135393
0.662
0.535198
0.197644
0.662
0.274181
0.662
0.662
0.662
0.0690108
0.662
0.205908
0.662
0.336634
0.662
0.566288
0.0836364
0.458537
0.111602
0.205564
0.662
0.662
0.662
0.244949
0.100572
0.425341
0.13783
0.662
0.129348
0.662
0.662
0.662
0.662
0.48767
0.515569
0.662
0.221363
0.662
0.338786
0.662
0.662
0.662
0.302326
0.188526
0.206866
0.334923
0.133457
0.662
0.662
0.662
0.206296
0.142035
0.481697
0.662
0.0611204
0.662
0.262252
0.629286
0.662
0.177547
0.662
0.124974
0.384235
0.212302
0.0135399
0.662
0.662
0.575587
0.0307508
0.188477
0.0634382
0.0829955
0.662
0.662
0.556986
0.493593
0.662
0.662
0.662
0.662
0.662
0.662
0.423661
0.662
0.366825
0.336676
0.0838321
0.169502
0.259013
0.174834
0.440421
0.338124
0.322811
0.662
0.662
0.638311
0.172557
0.36181
0.235087
0.662
0.094599
0.219329
0.662
0.662
0.662
0.662
0.662
0.255575
0.361913
0.252747
0.662
0.662
0.662
0.662
0.206485
0.400649
0.341995
0.000746836
0.662
0.336474
0.662
0.662
0.662
0.662
0.196798
0.419258
0.170967
0.662
0.170067
0.662
0.36283
0.662
0.662
0.387107
0.565453
0.3984
0.0732585
0.0746959
0.662
0.0989286
0.345604
0.151386
0.00805602
0.265439
0.00550048
0.396739
0.124692
0.484583
0.662
0.662
0.208714
0.662
0.475714
0.245705
0.249315
0.662
0.115176
0.31
0.662
0.105229
0.584982
0.468141
0.450124
0.642296
0.135442
0.654842
0.440551
0.0370335
0.662
0.269029
0.182083
0.390202
0.437245
0.662
0.662
0.32194
0.27927
0.662
0.241882
0.204269
0.662
0.015294
0.17176
0.369014
0.662
0.662
0.270073
0.42859
0.233078
0.393914
0.662
0.385135
0.662
0.662
0.662
0.431444
0.409317
0.205587
0.138975
0.431378
0.662
0.293804
0.342719
0.267716
0.218597
0.446614
0.172359
0.0392259
0.662
0.439425
0.662
0.375743
0.409741
0.662
0.586305
0.662
0.658459
0.404417
0.662
0.367575
0.662
0.32854
0.662
0.662
0.324459
0.662
0.357867
0.189616
0.230352
0.502387
0.662
0.662
0.662
0.466994
0.533971
0.434434
0.459135
0.328342
0.636226
0.109621
0.289965
0.662
0.662
0.662
0.133842
0.445981
0.455726
0.662
0.662
0.108523
0.427607
0.662
0.314247
0.0886391
0.221814
0.662
0.662
0.662
0.662
0.662
0.452243
0.662
0.548825
0.332699
0.632912
0.221387
0.662
0.662
0.662
0.319521
0.160412
0.662
0.662
0.662
0.129729
0.662
0.662
0.447472
0.0906716
0.227542
0.662
0.662
0.662
0.662
0.662
0.662
0.662
0.424726
0.312454
0.274372
0.662
0.662
0.376366
0.210507
0.310331
0.193604
0.583114
0.324825
0.0443465
0.25412
0.662
0.662
0.514456
0.445907
0.662
0.359694
0.662
0.267702
0.0189705
0.1418
0.445438
0.170692
0.662
0.395757
0.295814
0.662
0.0871781
0.593149
0.123838
0.404953
0.304543
0.1066
0.183892
0.662
0.662
0.603483
0.465822
0.400942
0.286756
0.662
0.483648
0.177293
0.662
0.211523
0.474612
0.662
0.662
0.662
0.184691
0.271037
0.662
0.662
0.662
0.662
0.20101
0.245391
0.141927
0.161448
0.58601
0.365605
0.51809
0.229906
0.619375
0.042944
0.662
0.662
0.216794
0.662
0.151628
0.662
0.662
0.395755
0.100825
0.355061
0.662
0.0757329
0.133903
0.356796
0.0298918
0.662
0.662
0.662
0.217262
0.662
0.496814
0.213132
0.267982
0.662
0.00726437
0.662
0.233721
0.662
0.371389
0.203941
0.662
0.633694
0.662
0.50619
0.0696513
0.288654
0.574197
0.616988
0.174607
0.306597
0.339883
0.290202
0.40721
0.662
0.229361
0.292874
0.662
0.424899
0.662
0.176708
0.0652435
0.33206
0.662
0.518693
0.662
0.662
0.662
0.175038
0.184959
0.175661
0.662
0.0493878
0.662
0.662
0.555216
0.0814387
0.662
0.170634
0.400466
0.237234
0.463123
0.0847448
0.55874
0.426418
0.408728
0.202272
0.451135
0.662
0.662
0.425167
0.662
0.662
0.0571828
0.662
0.662
0.108588
0.0854505
0.662
0.662
0.662
0.662
0.415125
0.662
0.662
0.662
0.662
0.662
0.111121
0.662
0.662
0.495848
0.34299
0.662
0.0757053
0.0952499
0.662
0.662
0.214501
0.34964
0.66
0.662
0.662
0.480758
0.371099
0.662
0.237284
0.662
0.662
0.00793275
0.265021
0.447759
0.662
0.243473
0.160155
0.662
0.409618
0.662
0.662
0.451355
0.320462
0.0390717
0.662
0.0778704
0.662
0.201845
0.662
0.5797
0.662
0.24805
0.662
0.437718
0.213147
0.649583
0.340551
0.662
0.0301145
0.662
0.0106477
0.662
0.138965
0.15755
0.662
0.44597
0.662
0.123431
0.0470356
0.391366
0.471758
0.662
0.662
0.662
0.307051
0.662
0.641203
0.662
0.143863
0.191629
0.652432
0.662
0.636636
0.662
0.491224
0.653353
0.525786
0.401273
0.662
0.662
0.0998861
0.662
0.662
0.662
0.580921
0.206907
0.0130661
0.662
0.275672
0.206194
0.137817
0.0755333
0.662
0.662
0.662
0.444453
0.346567
0.662
0.148347
0.3647
0.0760829
0.420099
0.0977303
0.446919
0.662
0.242929
0.662
0.662
0.406067
0.596223
0.111417
0.255265
0.214218
0.329041
0.506407
0.373818
0.280335
0.185029
0.293714
0.662
0.593527
0.662
0.108829
0.0432462
0.662
0.662
0.662
0.458409
0.662
0.662
0.662
0.394702
0.0533649
0.00365679
0.30721
0.662
0.662
0.0396707
0.662
0.662
0.662
0.408775
0.443688
0.662
0.267456
0.239587
0.192708
0.391224
0.413821
0.622859
0.662
0.168233
0.662
0.369446
0.662
0.113071
0.662
0.0654977
0.409085
0.662
0.662
0.40383
0.662
0.213315
0.662
0.206694
0.662
0.0618548
0.662
0.662
0.0257853
0.206466
0.662
0.662
0.105909
0.662
0.447085
0.662
0.662
0.397252
0.349807
0.662
0.389521
0.196908
0.469211
0.435836
0.662
0.662
0.379049
0.662
0.410791
0.368041
0.489864
0.21239
0.155351
0.284172
0.662
0.662
0.436461
0.662
0.662
0.188559
0.411622
0.662
0.278838
0.431839
0.253824
0.0309008
0.192355
0.662
0.206427
0.0122844
0.634307
0.510232
0.3264
0.196179
0.662
0.218414
0.586761
0.392288
0.662
0.0920084
0.227949
0.371165
0.662
0.662
0.662
0.662
0.662
0.353737
0.662
0.235358
0.580831
0.662
0.662
0.327417
0.662
0.662
0.396983
0.662
0.662
0.662
0.662
0.662
0.662
0.164275
0.420309
0.662
0.590133
0.662
0.245033
0.196813
0.662
0.54298
0.662
0.365461
0.662
0.662
0.661684
0.124086
0.421372
0.328334
0.662
0.123531
0.0220016
0.662
0.662
0.662
0.662
0.662
0.364297
0.589662
0.662
0.189201
0.455553
0.662
0.662
0.572246
0.177692
0.159176
0.662
0.481999
0.662
0.064536
0.662
0.490831
0.662
0.0911487
0.662
0.348299
0.662
0.662
0.653171
0.662
0.138684
0.0606492
0.662
0.662
0.153038
0.346345
0.546862
0.662
0.131923
0.490984
0.662
0.475207
0.194403
0.0421064
0.146976
0.471535
0.0813377
0.1001
0.662
0.271524
0.0213941
0.662
0.443242
0.0402026
0.189122
0.662
0.511181
0.320886
0.631105
0.278608
0.662
0.662
0.176575
0.0163104
0.23301
0.662
0.662
0.662
0.0460491
0.662
0.662
0.330023
0.662
0.453269
0.662
0.661077
0.43075
0.662
0.6055
0.662
0.662
0.362864
0.250739
0.662
0.0546142
0.662
0.662
0.175473
0.148993
0.662
0.443423
0.250389
0.258204
0.22749
0.241562
0.662
0.542467
0.266486
0.21633
0.254092
0.662
0.145277
0.595516
0.418832
0.427577
0.137892
0.310847
0.662
0.306441
0.377746
0.541063
0.662
0.662
0.0449846
0.662
0.151342
0.089836
0.482339
0.109046
0.207467
0.662
0.361784
0.231021
0.0264037
0.662
0.114539
0.593903
0.662
0.662
0.662
0.250785
0.184626
0.186967
0.098781
0.0602468
0.451021
0.662
0.272394
0.309417
0.662
0.25966
0.256709
0.50776
0.502997
0.414768
0.662
0.206179
0.662
0.269471
0.548442
0.226946
0.662
0.20436
0.662
0.407928
0.419555
0.563553
0.0556859
0.538821
0.229406
0.662
0.171705
0.662
0.315722
0.390521
0.219897
0.662
0.662
0.331733
0.662
0.662
0.0171841
0.451433
0.178747
0.662
0.0650887
0.506812
0.662
0.50607
0.198388
0.161496
0.334239
0.662
0.441667
0.662
0.0151473
0.662
0.480656
0.662
0.442661
0.302679
0.662
0.662
0.662
0.423512
0.461313
0.662
0.595277
0.662
0.267366
0.180219
0.662
0.229658
0.662
0.168533
0.188391
0.662
0.662
0.0813986
0.146122
0.662
0.310686
0.63339
0.0844596
0.139325
0.336696
0.662
0.120618
0.208263
0.662
0.166509
0.662
0.501099
0.662
0.457874
0.31566
0.546786
0.457918
0.662
0.662
0.229253
0.217256
0.662
0.662
0.0657894
0.439938
0.662
0.662
0.604675
0.662
0.00950527
0.0027207
0.519261
0.662
0.413655
0.378491
0.0458785
0.037966
0.662
0.0297349
0.0857251
0.152219
0.165079
0.104869
0.311351
0.251136
0.353627
0.250539
0.279439
0.277419
0.563622
0.662
0.661268
0.191114
0.444295
0.293063
0.662
0.277084
0.246004
0.0753373
0.662
0.662
0.662
0.0935555
0.143484
0.662
0.662
0.304986
0.108638
0.200892
0.0926956
0.0466108
0.196901
0.355768
0.304499
0.397107
0.012568
0.144575
0.662
0.291433
0.0153567
0.279626
0.573885
0.469821
0.130304
0.368351
0.164171
0.662
0.119713
0.662
0.195219
0.633694
0.329876
0.334635
0.402784
0.277969
0.662
0.198314
0.311757
0.32645
0.301296
0.662
0.409625
0.246882
0.662
0.662
0.122822
0.324099
0.267795
0.312485
0.425127
0.157196
0.365236
0.662
0.230114
0.311692
0.199411
0.662
0.462219
0.662
0.114986
0.207595
0.23421
0.0151613
0.222941
0.186764
0.439132
0.662
0.662
0.126312
0.172444
0.033858
0.662
0.493896
0.0545803
0.662
0.662
0.135855
0.344547
0.369056
0.381526
0.662
0.312318
0.662
0.662
0.662
0.270364
0.662
0.560558
0.025612
0.662
0.621859
0.199657
0.209815
0.662
0.662
0.294137
0.662
0.662
0.465306
0.662
0.268983
0.476943
0.0807556
0.662
0.434659
0.0506891
0.662
0.662
0.0288327
0.184882
0.0231555
0.504467
0.662
0.0126784
0.662
0.198782
0.229333
0.154327
0.093336
0.403168
0.662
0.446858
0.662
0.662
0.26119
0.662
0.662
0.154322
0.230973
0.283753
0.662
0.662
0.351533
0.211047
0.662
0.325092
0.376025
0.219481
0.662
0.425564
0.202193
0.662
0.208382
0.103884
0.662
0.119147
0.291645
0.298293
0.662
0.443157
0.296503
0.376793
0.360705
0.19095
0.580284
0.651469
0.232668
0.18303
0.202222
0.134932
0.18244
0.662
0.662
0.280547
0.361627
0.0290411
0.662
0.662
0.662
0.662
0.662
0.548782
0.287215
0.122469
0.662
0.662
0.0458039
0.190748
0.662
0.551787
0.0923032
0.662
0.662
0.0402293
0.662
0.217704
0.368807
0.662
0.132373
0.0103074
0.183816
0.251282
0.662
0.349056
0.34982
0.165037
0.344365
0.105639
0.0695119
0.662
0.128877
0.662
0.662
0.662
0.662
0.662
0.0673148
0.158807
0.275516
0.307754
0.0723564
0.289124
0.0524636
0.166476
0.662
0.397303
0.296754
0.24005
0.662
0.255425
0.311375
0.662
0.662
0.143835
0.288701
0.662
0.662
0.216839
0.662
0.257344
0.0833291
0.249345
0.662
0.277182
0.449437
0.201059
0.662
0.427974
0.662
0.662
0.18529
0.662
0.382838
0.337186
0.212154
0.257346
0.0200923
0.662
0.066808
0.166989
0.0586499
0.662
0.662
0.260313
0.179803
0.231901
0.327559
0.662
0.596384
0.662
0.662
0.468475
0.662
0.144736
0.662
0.662
0.0555459
0.103328
0.453725
0.333878
0.662
0.367868
0.662
0.133114
0.662
0.237451
0.0623649
0.662
0.577247
0.644115
0.388932
0.662
0.662
0.00373503
0.662
0.589124
0.0822048
0.0431592
0.662
0.242306
0.662
0.325706
0.416867
0.210322
0.245926
0.412653
0.258847
0.662
0.418268
0.662
0.662
0.110925
0.342219
0.193848
0.662
0.284035
0.451634
0.662
0.190212
0.195134
0.276879
0.316177
0.163654
0.117731
0.662
0.662
0.662
0.215854
0.662
0.662
0.318241
0.28978
0.0744654
0.662
0.264992
0.662
0.662
0.662
0.3769
0.0890695
0.499858
0.662
0.363679
0.662
0.39951
0.421238
0.662
0.0241951
0.662
0.142278
0.23739
0.0135851
0.460197
0.662
0.216214
0.231589
0.662
0.603845
0.500994
0.662
0.067046
0.198179
0.662
0.249569
0.662
0.662
0.662
0.291312
0.0362113
0.662
0.325198
0.662
0.487436
0.573457
0.162344
0.662
0.000707568
0.444025
0.662
0.662
0.662
0.662
0.0832805
0.107612
0.662
0.662
0.309101
0.662
0.0804603
0.662
0.26894
0.0455472
0.662
0.0660715
0.212428
0.631457
0.0715311
0.337522
0.519775
0.662
0.662
0.381155
0.23699
0.186207
0.241969
0.0496016
0.418582
0.223271
0.662
0.130293
0.662
0.477612
0.105372
0.192381
0.438049
0.224871
0.229113
0.0234582
0.662
0.200127
0.313468
0.662
0.489041
0.501011
0.662
0.662
0.252182
0.662
0.232273
0.662
0.0533887
0.662
0.447284
0.0296519
0.285991
0.662
0.242089
0.662
0.662
0.411836
0.376638
0.465791
0.47277
0.279066
0.662
0.466664
0.36803
0.170411
0.419389
0.662
0.222082
0.662
0.145184
0.213887
0.662
0.449616
0.144439
0.456752
0.662
0.291697
0.662
0.662
0.144733
0.167505
0.662
0.662
0.662
0.662
0.662
0.503473
0.215279
0.662
0.349392
0.12834
0.662
0.662
0.662
0.662
0.362958
0.169338
0.094442
0.179758
0.662
0.42322
0.662
0.103451
0.662
0.563645
0.276644
0.195217
0.662
0.662
0.662
0.266551
0.662
0.662
0.227805
0.586096
0.455217
0.662
0.237033
0.359106
0.412381
0.276861
0.662
0.0867004
0.176672
0.183062
0.662
0.662
0.531303
0.227244
0.271822
0.662
0.637367
0.662
0.662
0.144008
0.662
0.662
0.00913576
0.112475
0.198646
0.662
0.217547
0.557895
0.191773
0.440755
0.662
0.0888804
0.662
0.18411
0.254322
0.662
0.130774
0.662
0.131545
0.662
0.662
0.0632358
0.356097
0.613133
0.467772
0.0445156
0.214065
0.662
0.662
0.155589
0.402476
0.144628
0.226922
0.662
0.662
0.662
0.228985
0.626036
0.105153
0.214887
0.662
0.502372
0.662
0.662
0.662
0.13497
0.352689
0.662
0.251973
0.452363
0.346011
0.662
0.378521
0.0904363
0.0801984
0.300143
0.662
0.662
0.1662
0.662
0.0134845
0.662
0.0370782
0.0170918
0.662
0.313338
0.662
0.662
0.662
0.069271
0.662
0.206976
0.435433
0.304421
0.662
0.304647
0.662
0.00395354
0.0560937
0.662
0.14677
0.662
0.446427
0.255686
0.185418
0.369363
0.662
0.276045
0.276409
0.662
0.00992355
0.565356
0.662
0.662
0.662
0.252475
0.662
0.162021
0.205433
0.0346813
0.241408
0.257497
0.662
0.164775
0.359625
0.662
0.495093
0.662
0.662
0.662
0.662
0.22217
0.662
0.662
0.662
0.662
0.375674
0.662
0.364215
0.206885
0.662
0.662
0.30785
0.0249148
0.23863
0.156869
0.390952
0.662
0.604498
0.17788
0.442789
0.0283065
0.354152
0.235791
0.445871
0.662
0.662
0.662
0.453329
0.662
0.662
0.423687
0.110673
0.662
0.662
0.662
0.00669419
0.479385
0.662
0.266542
0.662
0.662
0.662
0.662
0.662
0.662
0.662
0.662
0.202215
0.220485
0.157421
0.182228
0.0105007
0.24176
0.226746
0.662
0.00460919
0.272306
0.662
0.662
0.662
0.662
0.662
0.471998
0.135529
0.261208
0.190208
0.662
0.0662321
0.662
0.662
0.14991
0.253477
0.126494
0.336777
0.547429
0.643574
0.220471
0.0123828
0.499773
0.427372
0.138796
0.258448
0.438231
0.476256
0.662
0.662
0.337517
0.186642
0.662
0.662
0.476625
0.662
0.662
0.201435
0.662
0.662
0.199591
0.361241
0.475482
0.345365
0.605255
0.284596
0.662
0.662
0.471432
0.161386
0.573926
0.652323
0.228251
0.0544875
0.338402
0.662
0.0440763
0.0725485
0.662
0.662
0.0355317
0.145497
0.24224
0.662
0.318226
0.19259
0.662
0.662
0.179024
0.572069
0.182034
0.270969
0.662
0.0745529
0.662
0.662
0.53936
0.662
0.248153
0.300739
0.196477
0.336664
0.662
0.112138
0.0511889
0.662
0.396263
0.367502
0.143646
0.662
0.351075
0.33037
0.0977107
0.662
0.662
0.033934
0.662
0.662
0.662
0.260669
0.38458
0.662
0.662
0.662
0.662
0.662
0.662
0.662
0.651845
0.258284
0.662
0.417869
0.573329
0.436482
0.608698
0.662
0.257368
0.662
0.442447
0.662
0.566106
0.662
0.662
0.286575
0.065834
0.662
0.566241
0.106159
0.662
0.312049
0.662
0.507012
0.0335737
0.662
0.662
0.337063
0.0185947
0.223373
0.195721
0.0813596
0.0160715
0.326064
0.662
0.662
0.662
0.037041
0.291162
0.133574
0.662
0.662
0.23588
0.194284
0.346289
0.19279
0.180823
0.261759
0.177296
0.662
0.202131
0.25228
0.517534
0.627079
0.661885
0.662
0.316138
0.449689
0.662
0.116281
0.662
0.273535
0.468226
0.662
0.510738
0.662
0.0854386
0.370008
0.0881369
0.252818
0.463585
0.189329
0.662
0.638606
0.197445
0.437091
0.15408
0.662
0.662
0.0683945
0.426239
0.662
0.130869
0.662
0.149988
0.330853
0.115734
0.0167568
0.124807
0.294753
0.54688
0.211375
0.662
0.284729
0.662
0.662
0.590179
0.39556
0.271564
0.426734
0.0931899
0.106497
0.400471
0.662
0.662
0.0683662
0.662
0.375312
0.624883
0.0581108
0.113228
0.662
0.662
0.662
0.477225
0.662
0.45144
0.215437
0.321229
0.662
0.210937
0.149593
0.662
0.399059
0.0704477
0.31384
0.215983
0.0648207
0.662
0.662
0.107231
0.662
0.470282
0.662
0.662
0.224598
0.617885
0.662
0.498203
0.339026
0.662
0.51665
0.0700738
0.40189
0.662
0.662
0.662
0.662
0.0510291
0.662
0.662
0.456251
0.22791
0.154684
0.662
0.662
0.662
0.093562
0.0741363
0.463416
0.662
0.458431
0.435884
0.662
0.0332821
0.662
0.49583
0.392894
0.453442
0.457299
0.0248615
0.213499
0.463779
0.254003
0.662
0.446042
0.662
0.248849
0.662
0.662
0.181684
0.494093
0.662
0.267784
0.59094
0.368015
0.160846
0.662
0.416873
0.0417184
0.662
0.662
0.505812
0.214671
0.176451
0.662
0.612536
0.19871
0.662
0.662
0.368372
0.645201
0.305374
0.488612
0.15164
0.258041
0.268451
0.590475
0.306425
0.0416956
0.662
0.202319
0.662
0.456527
0.219196
0.377604
0.626727
0.662
0.662
0.662
0.662
0.186512
0.662
0.662
0.662
0.340895
0.662
0.662
0.662
0.0506809
0.662
0.579381
0.284799
0.262977
0.014726
0.662
0.0924629
0.662
0.662
0.337373
0.662
0.662
0.156022
0.250905
0.208302
0.278728
0.257781
0.662
0.662
0.492295
0.208846
0.283868
0.511694
0.285532
0.310865
0.0627875
0.164721
0.607781
0.662
0.662
0.184463
0.662
0.373691
0.662
0.662
0.442604
0.662
0.206462
0.662
0.546362
0.12501
0.521293
0.317053
0.662
0.0700501
0.505253
0.662
0.662
0.627258
0.662
0.662
0.297252
0.185562
0.571494
0.208925
0.646292
0.256892
0.662
0.532095
0.662
0.662
0.662
0.274547
0.662
0.662
0.384255
0.100277
0.485046
0.124294
0.662
0.0863514
0.662
0.31381
0.662
0.410575
0.246274
0.220925
0.662
0.26516
0.325019
0.00672167
0.662
0.662
0.00606213
0.562102
0.192624
0.541035
0.286418
0.409599
0.0814833
0.110092
0.662
0.34166
0.448327
0.191448
0.175703
0.662
0.662
0.220995
0.662
0.662
0.662
0.589058
0.184461
0.487573
0.384284
0.662
0.662
0.662
0.17268
0.662
0.662
0.112091
0.662
0.662
0.47462
0.662
0.662
0.230867
0.140817
0.0707954
0.662
0.651408
0.662
0.662
0.493496
0.140372
0.317378
0.0462409
0.240331
0.631786
0.350912
0.662
0.662
0.153094
0.154275
0.296534
0.662
0.301695
0.662
0.243755
0.116469
0.428374
0.254688
0.662
0.662
0.0993697
0.662
0.662
0.3518
0.662
0.662
0.662
0.662
0.501193
0.662
0.127736
0.320511
0.662
0.662
0.420589
0.662
0.364518
0.186296
0.206974
0.387652
0.29801
0.0977294
0.156058
0.243398
0.126686
0.662
0.662
0.662
0.662
0.662
0.662
0.662
0.662
0.0759248
0.366252
0.455519
0.62029
0.662
0.662
0.433662
0.456796
0.121756
0.662
0.141489
0.662
0.246713
0.662
0.0166256
0.662
0.662
0.0110581
0.465718
0.113224
0.514917
0.42696
0.662
0.662
0.248462
0.228723
0.0990174
0.662
0.662
0.0153313
0.662
0.662
0.0599089
0.434463
0.0431777
0.468792
0.0907809
0.662
0.662
0.662
0.662
0.437322
0.0550501
0.132077
0.375969
0.226659
0.208536
0.662
0.210646
0.253479
0.662
0.662
0.662
0.662
0.176394
0.662
0.662
0.662
0.599621
0.662
0.662
0.21654
0.662
0.662
