0.662
0.10806
0.315252
0.120202
0.227121
0.441099
0.248753
0.662
0.236252
0.230761
0.331614
0.110857
0.389768
0.662
0.662
0.450077
0.607356
0.38467
0.243565
0.662
0.662
0.277987
0.581232
0.653269
0.143571
0.662
0.662
0.662
0.202373
0.662
0.662
0.12294
0.0341359
0.448624
0.559133
0.253874
0.662
0.662
0.114183
0.0698631
0.0995072
0.0616532
0.527202
0.662
0.539259
0.26989
0.162312
0.190788
0.418216
0.662
0.58779
0.467116
0.662
0.0529544
0.205131
0.341801
0.38772
0.662
0.662
0.197469
0.662
0.0271361
0.138422
0.0452272
0.234966
0.371502
0.153039
0.213627
0.662
0.662
0.662
0.662
0.662
0.188371
0.130845
0.662
0.0526615
0.662
0.367713
0.662
0.502866
0.662
0.662
0.0278077
0.561639
0.356565
0.338487
0.662
0.662
0.662
0.266256
0.334435
0.444314
0.284122
0.662
0.662
0.662
0.452717
0.474845
0.466938
0.377586
0.159961
0.00935567
0.662
0.0108171
0.268812
0.662
0.662
0.400806
0.536155
0.40252
0.512433
0.0976403
0.662
0.662
0.397159
0.490053
0.202387
0.554321
0.413407
0.292708
0.217242
0.662
0.662
0.662
0.515793
0.597191
0.347642
0.662
0.356517
0.662
0.233089
0.439244
0.655511
0.662
0.389752
0.20546
0.662
0.662
0.662
0.201861
0.0493935
0.450909
0.197277
0.286278
0.229633
0.102625
0.22946
0.347587
0.153636
0.425118
0.461374
0.146105
0.137833
0.191863
0.374532
0.131441
0.249788
0.129836
0.196478
0.0994196
0.662
0.42341
0.0285651
0.248411
0.195112
0.430917
0.274156
0.662
0.24656
0.662
0.41699
0.170057
0.450782
0.662
0.414865
0.0961353
0.662
0.0363552
0.662
0.662
0.33963
0.193692
0.662
0.374081
0.662
0.416185
0.662
0.332723
0.446397
0.662
0.341402
0.662
0.302712
0.417528
0.662
0.662
0.279298
0.197111
0.662
0.182052
0.662
0.662
0.662
0.662
0.662
0.662
0.0299625
0.165304
0.510545
0.358752
0.290355
0.192216
0.00665343
0.142648
0.399096
0.116961
0.552482
0.662
0.0856442
0.139174
0.190281
0.662
0.662
0.662
0.153385
0.596815
0.662
0.275403
0.662
0.447287
0.662
0.198728
0.206914
0.662
0.298766
0.273984
0.335262
0.278702
0.00849308
0.265575
0.662
0.662
0.567806
0.662
0.177549
0.203216
0.2428
0.662
0.191687
0.0773585
0.197951
0.00388878
0.448232
0.662
0.662
0.662
0.115224
0.662
0.662
0.260881
0.662
0.662
0.634657
0.261995
0.256803
0.476666
0.662
0.126549
0.662
0.662
0.374815
0.563471
0.504652
0.379319
0.662
0.0967526
0.386702
0.229363
0.662
0.662
0.107395
0.662
0.282688
0.662
0.349104
0.33333
0.201166
0.662
0.632671
0.662
0.0302474
0.339399
0.365048
0.662
0.662
0.583919
0.662
0.249747
0.662
0.662
0.662
0.200791
0.302784
0.633464
0.303667
0.662
0.0525646
0.662
0.662
0.264286
0.0187921
0.0433431
0.345316
0.662
0.342473
0.0376305
0.644899
0.662
0.404654
0.662
0.240077
0.343085
0.662
0.662
0.662
0.389676
0.662
0.662
0.410157
0.338508
0.662
0.662
0.662
0.173777
0.662
0.640992
0.374421
0.662
0.444212
0.662
0.662
0.662
0.662
0.662
0.230877
0.662
0.121592
0.662
0.662
0.662
0.300654
0.662
0.662
0.441195
0.662
0.448929
0.645217
0.662
0.662
0.662
0.662
0.451871
0.500748
0.662
0.63167
0.600584
0.453751
0.599711
0.412812
0.198736
0.198845
0.662
0.119677
0.260681
0.662
0.179
0.0885733
0.662
0.555324
0.528284
0.352229
0.662
0.335844
0.662
0.255762
0.662
0.662
0.118232
0.0987383
0.662
0.40449
0.295342
0.440429
0.508864
0.439346
0.21395
0.202037
0.410731
0.662
0.035444
0.662
0.470399
0.366486
0.445307
0.662
0.662
0.355264
0.0243791
0.209277
0.662
0.662
0.304328
0.662
0.113247
0.240914
0.194216
0.227076
0.662
0.238387
0.662
0.332065
0.122627
0.454354
0.0376428
0.662
0.662
0.662
0.662
0.662
0.189917
0.662
0.662
0.662
0.20378
0.356211
0.222234
0.662
0.131693
0.662
0.0954442
0.405908
0.662
0.0793537
0.243194
0.662
0.249171
0.446314
0.662
0.42825
0.15373
0.539694
0.110966
0.0248306
0.25115
0.662
0.466299
0.662
0.25199
0.184256
0.0475967
0.574036
0.662
0.00350863
0.662
0.00325689
0.370921
0.662
0.662
0.12541
0.662
0.662
0.65798
0.0123668
0.177875
0.320672
0.662
0.0158427
0.662
0.662
0.0809782
0.380592
0.346382
0.301499
0.658804
0.495003
0.662
0.205068
0.662
0.105008
0.449977
0.190825
0.662
0.662
0.0625845
0.57967
0.568828
0.589229
0.171306
0.330166
0.662
0.195676
0.662
0.258274
0.504577
0.300266
0.647695
0.662
0.662
0.341356
0.662
0.662
0.26836
0.662
0.662
0.662
0.360282
0.662
0.283294
0.479423
0.33753
0.245988
0.302232
0.214245
0.41435
0.662
0.662
0.441166
0.662
0.271739
0.0245981
0.221056
0.580817
0.583816
0.662
0.36506
0.33702
0.118546
0.422195
0.662
0.662
0.256286
0.662
0.662
0.116616
0.331227
0.662
0.289758
0.662
0.115134
0.483319
0.368731
0.314157
0.662
0.269204
0.289875
0.662
0.662
0.411105
0.335209
0.662
0.579674
0.23054
0.662
0.400035
0.368503
0.306312
0.102265
0.0350063
0.230845
0.165043
0.662
0.662
0.662
0.386803
0.654721
0.608107
0.381515
0.662
0.609108
0.335726
0.662
0.522149
0.104188
0.662
0.430177
0.455422
0.662
0.662
0.477339
0.662
0.0624567
0.662
0.662
0.0169707
0.446758
0.662
0.0841439
0.40833
0.662
0.662
0.253449
0.191541
0.282468
0.662
0.196935
0.35317
0.467041
0.548726
0.0326463
0.662
0.27487
0.50277
0.478316
0.662
0.662
0.119349
0.384516
0.174078
0.274458
0.662
0.158607
0.662
0.500446
0.230569
0.303613
0.643872
0.117518
0.287484
0.572173
0.41402
0.662
0.662
0.330009
0.0809336
0.662
0.244242
0.0672472
0.336338
0.662
0.261232
0.428647
0.662
0.662
0.408709
0.662
0.662
0.190736
0.662
0.662
0.662
0.238425
0.120182
0.662
0.662
0.662
0.0667182
0.662
0.224366
0.662
0.222049
0.343432
0.662
0.181039
0.662
0.633045
0.0434665
0.0732877
0.424596
0.181788
0.662
0.505582
0.662
0.662
0.662
0.662
0.45669
0.0187706
0.662
0.176341
0.203508
0.662
0.358056
0.356377
0.662
0.662
0.278619
0.662
0.367154
0.662
0.353018
0.662
0.662
0.20539
0.662
0.662
0.126672
0.563565
0.234486
0.130338
0.366523
0.187858
0.00995907
0.0866104
0.662
0.00573205
0.426032
0.662
0.546157
0.386471
0.025667
0.258847
0.662
0.662
0.184581
0.48659
0.566476
0.662
0.662
0.662
0.662
0.255242
0.115476
0.662
0.369876
0.662
0.334353
0.190856
0.519673
0.183018
0.662
0.151101
0.492756
0.104122
0.507845
0.662
0.237601
0.604941
0.404028
0.662
0.662
0.119113
0.204774
0.168339
0.309139
0.662
0.59058
0.172097
0.0713497
0.118654
0.662
0.662
0.662
0.163401
0.662
0.0821111
0.22439
0.397965
0.373012
0.662
0.662
0.662
0.194927
0.662
0.118858
0.268413
0.662
0.662
0.662
0.091577
0.662
0.234734
0.662
0.482423
0.167303
0.418271
0.106887
0.662
0.2038
0.141981
0.662
0.368176
0.662
0.662
0.286708
0.04185
0.662
0.662
0.571787
0.662
0.234453
0.291868
0.662
0.662
0.269657
0.563574
0.662
0.662
0.662
0.0376216
0.429143
0.299398
0.29403
0.328304
0.662
0.122213
0.662
0.217612
0.456905
0.0376442
0.355195
0.211642
0.662
0.662
0.662
0.662
0.314879
0.662
0.140733
0.662
0.151911
0.447137
0.662
0.00753964
0.441728
0.416702
0.478563
0.400382
0.0721337
0.495115
0.662
0.20958
0.0980623
0.428532
0.662
0.662
0.361816
0.553847
0.473195
0.662
0.500119
0.662
0.111022
0.662
0.617852
0.377925
0.454467
0.662
0.662
0.662
0.662
0.662
0.624215
0.662
0.467852
0.246879
0.662
0.452877
0.662
0.164447
0.165483
0.25746
0.20947
0.341277
0.219039
0.662
0.662
0.0861246
0.662
0.209832
0.0583558
0.101015
0.453341
0.662
0.232099
0.662
0.00408216
0.565682
0.290201
0.206663
0.372363
0.662
0.23259
0.662
0.662
0.157626
0.358456
0.203851
0.662
0.662
0.261792
0.298042
0.662
0.662
0.662
0.662
0.662
0.173692
0.662
0.662
0.662
0.34368
0.363979
0.662
0.662
0.00466173
0.467001
0.00775951
0.662
0.324271
0.357012
0.662
0.446459
0.662
0.0307132
0.181309
0.662
0.222792
0.410082
0.269354
0.662
0.0864032
0.662
0.196289
0.662
0.412962
0.662
0.27843
0.662
0.265087
0.662
0.662
0.308805
0.042223
0.0493176
0.00371038
0.635509
0.347146
0.662
0.662
0.130185
0.662
0.332028
0.662
0.662
0.654697
0.211427
0.243199
0.217689
0.662
0.562447
0.0332116
0.47132
0.33915
0.662
0.662
0.662
0.42699
0.662
0.558694
0.226811
0.146235
0.410104
0.662
0.434694
0.662
0.662
0.662
0.662
0.252851
0.569112
0.065769
0.0151328
0.322205
0.662
0.662
0.372897
0.662
0.382741
0.662
0.662
0.227954
0.662
0.662
0.516318
0.172085
0.560243
0.0123671
0.662
0.235986
0.29111
0.536765
0.662
0.467444
0.41926
0.662
0.381567
0.662
0.578665
0.662
0.476289
0.259966
0.490337
0.367716
0.140194
0.11817
0.19993
0.0240187
0.424343
0.662
0.382523
0.170356
0.461261
0.662
0.363324
0.662
0.662
0.662
0.662
0.662
0.236508
0.662
0.662
0.225513
0.103982
0.662
0.337973
0.618
0.662
0.662
0.662
0.212827
0.476308
0.426228
0.662
0.402624
0.662
0.662
0.263211
0.662
0.269831
0.662
0.350469
0.638167
0.220734
0.160383
0.237888
0.662
0.382525
0.414289
0.403138
0.662
0.39466
0.28292
0.209042
0.0121349
0.162868
0.519048
0.128604
0.205012
0.173111
0.292028
0.274872
0.662
0.450239
0.316289
0.662
0.662
0.2696
0.662
0.155423
0.662
0.662
0.662
0.662
0.452067
0.317206
0.662
0.662
0.662
0.282844
0.0537233
0.662
0.662
0.630982
0.0410908
0.662
0.103916
0.332878
0.662
0.143993
0.662
0.433647
0.662
0.511195
0.332496
0.367037
0.1927
0.479034
0.276187
0.662
0.20767
0.662
0.662
0.249348
0.418557
0.46322
0.662
0.662
0.662
0.662
0.125204
0.104606
0.280757
0.662
0.662
0.662
0.581199
0.0429876
0.425172
0.662
0.412029
0.416951
0.329406
0.44319
0.384416
0.662
0.662
0.662
0.274256
0.156283
0.662
0.232136
0.662
0.192095
0.195765
0.287719
0.071321
0.0305792
0.662
0.442196
0.44721
0.662
0.143997
0.662
0.0904345
0.560532
0.0760961
0.662
0.662
0.662
0.662
0.378168
0.251102
0.203082
0.422705
0.662
0.662
0.0695386
0.0583086
0.0983783
0.342736
0.662
0.131474
0.662
0.662
0.662
0.191579
0.120607
0.662
0.662
0.0318898
0.238784
0.427241
0.117583
0.467635
0.662
0.662
0.33641
0.662
0.460113
0.662
0.662
0.530268
0.495328
0.371906
0.526804
0.662
0.662
0.0376611
0.22082
0.110524
0.068308
0.662
0.242326
0.662
0.539938
0.184127
0.458149
0.0813521
0.273788
0.662
0.662
0.100445
0.0264824
0.662
0.189215
0.662
0.489784
0.283993
0.662
0.662
0.0456501
0.662
0.231362
0.662
0.662
0.31958
0.662
0.248339
0.662
0.00359406
0.229068
0.207661
0.662
0.662
0.662
0.662
0.662
0.474949
0.322696
0.235546
0.662
0.662
0.662
0.208217
0.272201
0.662
0.172501
0.402328
0.662
0.662
0.607734
0.467582
0.371951
0.0795065
0.0780898
0.662
0.662
0.662
0.194565
0.158288
0.102208
0.662
0.662
0.0560969
0.662
0.662
0.662
0.662
0.662
0.310865
0.201194
0.662
0.662
0.522191
0.0880787
0.662
0.0656979
0.662
0.295708
0.662
0.375988
0.366632
0.120551
0.477124
0.662
0.245347
0.662
0.416988
0.662
0.662
0.662
0.30095
0.14434
0.502565
0.294106
0.386245
0.281498
0.662
0.28228
0.662
0.327406
0.662
0.163582
0.154293
0.489005
0.630598
0.662
0.662
0.0121442
0.662
0.662
0.202782
0.286541
0.662
0.662
0.208261
0.0776193
0.428765
0.355317
0.168496
0.596153
0.103031
0.00478167
0.360423
0.108399
0.156676
0.0610005
0.662
0.662
0.583709
0.662
0.000768711
0.435599
0.0838774
0.165342
0.662
0.322962
0.347382
0.202017
0.662
0.181981
0.206775
0.119806
0.206778
0.366362
0.662
0.285948
0.100796
0.662
0.662
0.662
0.301261
0.208968
0.662
0.662
0.351513
0.166355
0.385122
0.55945
0.0981223
0.662
0.349678
0.196924
0.616772
0.428745
0.239091
0.106341
0.662
0.229968
0.662
0.179673
0.662
0.662
0.4903
0.222193
0.226546
0.662
0.662
0.02983
0.662
0.662
0.662
0.304987
0.662
0.089621
0.662
0.662
0.217109
0.662
0.662
0.662
0.347223
0.189731
0.347245
0.400354
0.373175
0.662
0.325231
0.662
0.129035
0.140423
0.662
0.383528
0.402617
0.50833
0.0110664
0.202654
0.662
0.455543
0.123277
0.534418
0.627916
0.277976
0.662
0.257646
0.662
0.21837
0.662
0.662
0.521811
0.274226
0.662
0.662
0.20169
0.336905
0.662
0.409569
0.662
0.0246057
0.662
0.276842
0.0485408
0.213743
0.0215944
0.351046
0.378797
0.662
0.662
0.225812
0.377453
0.429641
0.230515
0.200062
0.662
0.662
0.183101
0.662
0.662
0.152405
0.662
0.662
0.182852
0.662
0.662
0.328068
0.325633
0.25255
0.193346
0.274956
0.662
0.164126
0.365709
0.327845
0.24934
0.662
0.379281
0.662
0.662
0.662
0.460632
0.320668
0.436243
0.662
0.247782
0.181249
0.40234
0.559261
0.105772
0.662
0.662
0.347572
0.662
0.662
0.595558
0.662
0.184717
0.662
0.521388
0.270349
0.662
0.365983
0.335692
0.662
0.492988
0.435308
0.459452
0.662
0.110542
0.0567447
0.662
0.662
0.662
0.527503
0.140825
0.118907
0.235228
0.427359
0.662
0.241439
0.662
0.189304
0.662
0.662
0.662
0.293006
0.662
0.342153
0.662
0.0233353
0.139823
0.278036
0.0215778
0.461914
0.140386
0.18823
0.662
0.343477
0.0492707
0.186864
0.662
0.662
0.269541
0.662
0.662
0.129146
0.662
0.231219
0.46752
0.346581
0.662
0.49436
0.662
0.662
0.662
0.0729016
0.0238893
0.122632
0.662
0.287023
0.526008
0.507622
0.662
0.662
0.206194
0.662
0.662
0.662
0.662
0.662
0.37396
0.662
0.662
0.332352
0.340922
0.323308
0.16304
0.28707
0.221574
0.0361241
0.660916
0.0774988
0.352918
0.254926
0.662
0.662
0.187957
0.662
0.662
0.186437
0.36723
0.662
0.24541
0.344811
0.662
0.0667562
0.0310348
0.0996171
0.464731
0.662
0.452898
0.662
0.476439
0.136199
0.662
0.162486
0.177004
0.662
0.414305
0.253937
0.254834
0.662
0.662
0.662
0.662
0.662
0.662
0.342292
0.662
0.43156
0.547482
0.229502
0.209672
0.654137
0.531955
0.662
0.510083
0.126184
0.33672
0.273304
0.662
0.659792
0.473706
0.361705
0.597953
0.125641
0.0639056
0.151785
0.662
0.662
0.662
0.662
0.662
0.225654
0.662
0.662
0.662
0.471784
0.662
0.662
0.467726
0.544117
0.662
0.0682761
0.515701
0.613716
0.533179
0.662
0.662
0.662
0.662
0.365638
0.17464
0.498766
0.216368
0.262032
0.662
0.130488
0.662
0.662
0.662
0.345259
0.662
0.27468
0.242853
0.198611
0.662
0.662
0.662
0.662
0.662
0.248411
0.662
0.662
0.0140663
0.0855523
0.662
0.662
0.662
0.52847
0.662
0.662
0.394943
0.0251496
0.146749
0.167585
0.11743
0.0721132
0.662
0.160932
0.662
0.276033
0.0662089
0.353958
0.407451
0.114846
0.662
0.662
0.24147
0.662
0.394576
0.662
0.47276
0.439122
0.335246
0.35398
0.662
0.0165215
0.345359
0.186258
0.662
0.420618
0.435581
0.504825
0.662
0.662
0.662
0.662
0.0960641
0.662
0.532669
0.31604
0.662
0.662
0.662
0.330398
0.316013
0.512389
0.442152
0.356309
0.662
0.658755
0.365031
0.415662
0.398534
0.662
0.25725
0.21637
0.280347
0.0250949
0.571523
0.228337
0.209355
0.11218
0.34593
0.662
0.410841
0.323412
0.400168
0.109138
0.014872
0.425962
0.213699
0.662
0.127337
0.461348
0.108963
0.157924
0.17372
0.252092
0.408463
0.662
0.662
0.364715
0.662
0.589378
0.21619
0.438137
0.274443
0.662
0.0298381
0.25426
0.204827
0.371508
0.434825
0.138262
0.134576
0.662
0.352242
0.374502
0.662
0.166608
0.662
0.445053
0.123696
0.662
0.581313
0.431998
0.662
0.308901
0.662
0.0391562
0.662
0.353488
0.481204
0.471489
0.525719
0.121024
0.0770107
0.662
0.653103
0.0387161
0.220344
0.32558
0.220759
0.628417
0.487177
0.662
0.295668
0.197799
0.662
0.271936
0.0426485
0.265862
0.570067
0.662
0.578058
0.223408
0.159241
0.0619289
0.222139
0.25058
0.304946
0.662
0.0494591
0.662
0.662
0.0744558
0.0980762
0.130973
0.662
0.388466
0.473446
0.294346
0.354814
0.405683
0.662
0.57395
0.341873
0.1521
0.199195
0.662
0.345958
0.172871
0.662
0.662
0.662
0.107491
0.250062
0.662
0.400118
0.143716
0.470679
0.316648
0.375203
0.662
0.662
0.662
0.188361
0.48791
0.184767
0.167663
0.339453
0.00424774
0.000359778
0.395197
0.269632
0.176153
0.662
0.662
0.278648
0.662
0.346564
0.468735
0.424221
0.662
0.131782
0.662
0.413441
0.159614
0.225817
0.229731
0.662
0.662
0.201306
0.00554949
0.0506337
0.662
0.662
0.385636
0.662
0.365125
0.320323
0.662
0.453498
0.585541
0.662
0.662
0.225875
0.195591
0.236558
0.662
0.140866
0.662
0.178564
0.0162242
0.662
0.662
0.226519
0.662
0.662
0.118856
0.662
0.662
0.17732
0.0513477
0.662
0.0700689
0.662
0.188345
0.662
0.12083
0.662
0.0207504
0.325978
0.210124
0.662
0.0220048
0.270474
0.40182
0.242448
0.662
0.662
0.0434707
0.354715
0.240846
0.171604
0.662
0.662
0.248966
0.511742
0.662
0.213854
0.462375
0.22822
0.662
0.662
0.0191111
0.191222
0.11732
0.662
0.0566564
0.0592547
0.12729
0.644003
0.20217
0.563794
0.0340052
0.0648115
0.538563
0.662
0.662
0.662
0.185999
0.662
0.35741
0.197315
0.662
0.628419
0.0025636
0.259747
0.508134
0.662
0.388109
0.263166
0.662
0.662
0.231822
0.366274
0.662
0.662
0.662
0.444023
0.353098
0.206252
0.0320266
0.514873
0.662
0.223565
0.662
0.162174
0.662
0.210711
0.662
0.63339
0.0542325
0.216968
0.218852
0.662
0.315049
0.623715
0.384754
0.662
0.662
0.662
0.214125
0.419037
0.169456
0.0593887
0.662
0.662
0.662
0.662
0.662
0.662
0.243266
2.22735e-06
0.25591
0.124934
0.0275869
0.662
0.346548
0.296172
0.641251
0.537661
0.662
0.0550383
0.234813
0.378652
0.619482
0.389076
0.00536452
0.448685
0.135716
0.662
0.613857
0.0184739
0.506021
0.584037
0.1932
0.145604
0.662
0.662
0.662
0.542292
0.662
0.15409
0.662
0.0837035
0.662
0.429476
0.662
0.662
0.0321466
0.662
0.107031
0.121739
0.662
0.662
0.662
0.662
0.662
0.348266
0.528047
0.662
0.233833
0.662
0.350034
0.662
0.110975
0.273541
0.33271
0.412922
0.662
0.110237
0.662
0.662
0.662
0.633256
0.233566
0.638189
0.0852403
0.662
0.662
0.122231
0.194664
0.216335
0.662
0.165502
0.0485589
0.662
0.662
0.662
0.312127
0.633694
0.362973
0.287402
0.0456205
0.334446
0.167162
0.172505
0.146209
0.615475
0.662
0.295876
0.662
0.662
0.314731
0.499841
0.246142
0.169537
0.662
0.503725
0.662
0.370098
0.662
0.343502
0.662
0.662
0.101634
0.114482
0.184626
0.541232
0.21723
0.442548
0.141536
0.186596
0.662
0.662
0.662
0.662
0.346473
0.662
0.362773
0.662
0.0957312
0.662
0.662
0.352743
0.130866
0.251146
0.662
0.662
0.662
0.175505
0.448673
0.0270834
0.427772
0.218309
0.433321
0.312243
0.662
0.0250233
0.662
0.423892
0.662
0.34391
0.1265
0.275255
0.662
0.122505
0.212161
0.662
0.662
0.402333
0.146899
0.234165
0.662
0.288412
0.662
0.662
0.615634
0.405339
0.139242
0.561683
0.662
0.478635
0.302972
0.662
0.662
0.662
0.332269
0.328875
0.662
0.485554
0.462327
0.149473
0.0174863
0.662
0.0601996
0.662
0.58431
0.297288
0.662
0.662
0.352515
0.662
0.288287
0.351637
0.662
0.662
0.662
0.143973
0.00273624
0.572377
0.662
0.0491399
0.43196
0.39292
0.233451
0.531844
0.113898
0.174404
0.662
0.292062
0.662
0.175514
0.19057
0.131159
0.494375
0.0467375
0.215453
0.662
0.662
0.662
0.497822
0.0738313
0.662
0.402209
0.309268
0.378392
0.662
0.11894
0.662
0.298366
0.662
0.320844
0.449044
0.426919
0.396435
0.662
0.662
0.201121
0.225694
0.662
0.662
0.662
0.554009
0.297894
0.201855
0.401079
0.662
0.662
0.662
0.662
0.662
0.662
0.0670136
0.172592
0.662
0.662
0.344273
0.176947
0.347528
0.363809
0.662
0.662
0.297807
0.371656
0.427607
0.465139
0.0120646
0.31733
0.662
0.528886
0.397866
0.184666
0.47156
0.662
0.662
0.14239
0.361949
0.129783
0.662
0.662
0.177631
0.470682
0.662
0.662
0.662
0.662
0.662
0.052814
0.295262
0.662
0.662
0.662
0.393434
0.179066
0.662
0.24184
0.62232
0.662
0.436673
0.662
0.662
0.597787
0.138311
0.0338818
0.274651
0.662
0.0657647
0.439158
0.273529
0.374793
0.429347
0.458052
0.662
0.218105
0.148017
0.662
0.328321
0.230841
0.402993
0.662
0.157559
0.342999
0.118188
0.655493
0.102936
0.13967
0.662
0.662
0.0274218
0.181335
0.289165
0.421711
0.143782
0.300728
0.309591
0.662
0.662
0.662
0.154873
0.319674
0.662
0.662
0.316694
0.662
0.0867167
0.192444
0.662
0.170024
0.308165
0.662
0.0547742
0.304655
0.424667
0.275749
0.662
0.100006
0.19383
0.662
0.459961
0.242983
0.226111
0.662
0.662
0.358792
0.460344
0.199885
0.0158828
0.475051
0.312178
0.252683
0.349904
0.0358708
0.662
0.282186
0.227418
0.3182
0.287205
0.662
0.620275
0.4549
0.662
0.0734555
0.473887
0.662
0.662
0.662
0.17542
0.0241488
0.662
0.33208
0.449514
0.457491
0.206915
0.522078
0.662
0.662
0.662
0.260862
0.662
0.231593
0.370011
0.49022
0.662
0.662
0.447677
0.662
0.150297
0.119055
0.662
0.0459863
0.0625641
0.431165
0.662
0.499151
0.662
0.552498
0.662
0.662
0.662
0.00237219
0.662
0.662
0.662
0.638541
0.456379
0.662
0.0107733
0.662
0.145284
0.662
0.662
0.662
0.662
0.662
0.28577
0.662
0.662
0.662
0.165516
0.127085
0.205923
0.662
0.196468
0.0824542
0.279921
0.233296
0.345642
0.662
0.537601
0.452527
0.259578
0.392708
0.662
0.275571
0.662
0.662
0.0541419
0.662
0.0885048
0.662
0.457164
0.0993351
0.3975
0.398117
0.662
0.662
0.157687
0.227428
0.111125
0.204857
0.662
0.218682
0.316085
0.388494
0.31619
0.202697
0.186889
0.34122
0.662
0.662
0.394414
0.662
0.0966125
0.024326
0.662
0.20803
0.197441
0.662
0.262748
0.454762
0.662
0.662
0.426437
0.632836
0.0658384
0.46998
0.662
0.262173
0.313109
0.261347
0.190116
0.662
0.662
0.184145
0.336828
0.662
0.429067
0.435621
0.0804407
0.662
0.16053
0.452015
0.121585
0.382937
0.284497
0.467911
0.662
0.662
0.33706
0.662
0.507203
0.662
0.023029
0.662
0.662
0.662
0.197397
0.335165
0.230407
0.608555
0.662
0.662
0.141156
0.141251
0.662
0.375652
0.662
0.00636532
0.470145
0.120582
0.296478
0.50591
0.177098
0.640271
0.0974035
0.320353
0.366861
0.662
0.196651
0.662
0.662
0.662
0.198185
0.662
0.0397501
0.249077
0.417772
0.662
0.662
0.662
0.0206599
0.229024
0.205548
0.662
0.113928
0.207219
0.100638
0.662
0.343514
0.662
0.163147
0.662
0.0619113
0.110167
0.162961
0.662
0.419335
0.397309
0.236478
0.172641
0.224206
0.662
0.103566
0.662
0.662
0.170661
0.662
0.240811
0.0608742
0.662
0.628064
0.662
0.207489
0.662
0.296056
0.662
0.165821
0.662
0.202332
0.662
0.662
0.662
0.246057
0.662
0.662
0.662
0.662
0.662
0.209779
0.662
0.662
0.280282
0.038231
0.216284
0.662
0.162349
0.662
0.233044
0.662
0.225255
0.312233
0.662
0.662
0.662
0.662
0.0309807
0.662
0.378327
0.430651
0.662
0.662
0.276848
0.373788
0.561158
0.662
0.266519
0.465957
0.150192
0.194178
0.662
0.662
0.662
0.662
0.116458
0.417617
0.662
0.662
0.366243
0.395089
0.0258995
0.121809
0.125748
0.662
0.0634323
0.662
0.208687
0.322137
0.652156
0.187442
0.307454
0.335365
0.301387
0.390816
0.662
0.662
0.662
0.662
0.00443439
0.455406
0.662
0.662
0.353792
0.61995
0.355497
0.175697
0.64011
0.386327
0.662
0.122391
0.662
0.662
0.024898
0.662
0.246246
0.0999903
0.159154
0.141254
0.662
0.662
0.0170426
0.662
0.147665
0.386326
0.344303
0.237889
0.0694372
0.284941
0.662
0.662
0.662
0.0855782
0.662
0.662
0.662
0.13151
0.662
0.116739
0.41034
0.662
0.0179293
0.338478
0.201647
0.662
0.662
0.662
0.540793
0.154715
0.13006
0.662
0.523543
0.662
0.662
0.62897
0.338308
0.380869
0.662
0.147097
0.662
0.125844
0.662
0.662
0.570232
0.662
0.662
0.147565
0.151104
0.662
0.177071
0.662
0.426429
0.662
0.103576
0.662
0.404699
0.662
0.662
0.327397
0.375403
0.462427
0.104324
0.186708
0.662
0.358782
0.662
0.516263
0.0766254
0.385475
0.214759
0.662
0.662
0.109994
0.642491
0.540239
0.662
0.176472
0.371461
0.662
0.662
0.343107
0.662
0.662
0.261134
0.562162
0.110494
0.351651
0.250605
0.394665
0.662
0.0352693
0.131536
0.169132
0.199478
0.267045
0.265826
0.430975
0.214018
0.391373
0.197844
0.2838
0.662
0.231069
0.473343
0.147865
0.662
0.245645
0.662
0.311903
0.662
0.662
0.662
0.336408
0.662
0.662
0.265137
0.513327
0.186272
0.494339
0.382378
0.662
0.662
0.662
0.329225
0.280952
0.0343363
0.662
0.181202
0.658055
0.662
0.351212
0.196644
0.662
0.662
0.662
0.662
0.253466
0.662
0.496797
0.328934
0.117757
0.662
0.218532
0.489561
0.662
0.562144
0.662
0.286588
0.662
0.662
0.633694
0.662
0.161551
0.20862
0.662
0.172422
0.170789
0.662
0.20978
0.662
0.662
0.193558
0.350206
0.662
0.169755
0.181352
0.437025
0.662
0.662
0.662
0.0361863
0.299706
0.662
0.184964
0.187665
0.285675
0.662
0.662
0.662
0.662
0.457212
0.662
0.501072
0.411823
0.550671
0.325182
0.380026
0.196844
0.662
0.451912
0.483724
0.662
0.132842
0.662
0.143964
0.123382
0.2066
0.0457224
0.662
0.150661
0.307216
0.662
0.662
0.191967
0.415217
0.662
0.662
0.350521
0.662
0.627524
0.221579
0.662
0.144366
0.199558
0.507779
0.384277
0.397889
0.662
0.202376
0.662
0.662
0.22158
0.30291
0.0060805
0.281749
0.444859
0.662
0.0784485
0.249613
0.277956
0.479808
0.662
0.0543285
0.527288
0.201766
0.662
0.379249
0.37336
0.112214
0.662
0.662
0.0197219
0.255241
0.0781741
0.30026
0.662
0.662
0.58845
0.210687
0.662
0.236029
0.233631
0.662
0.662
0.662
0.662
0.662
0.15898
0.662
0.662
0.662
0.662
0.23846
0.662
0.0741072
0.662
0.183202
0.662
0.662
0.464254
0.662
0.662
0.0695764
0.00735213
0.162398
0.20821
0.440083
0.570465
0.662
0.242183
0.441264
0.120647
0.0915815
0.515968
0.15851
0.318887
0.132113
0.662
0.0680289
0.425413
0.662
0.662
0.464784
0.33667
0.311312
0.182114
0.103727
0.138451
0.662
0.662
0.242954
0.545871
0.0595381
0.662
0.155849
0.662
0.0788462
0.159138
0.182032
0.243761
0.0779285
0.662
0.170059
0.360994
0.215442
0.470247
0.662
0.662
0.301568
0.15835
0.662
0.149813
0.388422
0.351468
0.662
0.342228
0.40693
0.662
0.359023
0.662
0.662
0.125877
0.0543278
0.245011
0.258932
0.356049
0.118918
0.131829
0.612076
0.183067
0.650315
0.427288
0.177365
0.372823
0.266966
0.477233
0.294344
0.382114
0.358927
0.662
0.217355
0.386522
0.662
0.0682683
0.662
0.662
0.279904
0.662
0.238308
0.570313
0.257552
0.662
0.662
0.360974
0.34421
0.557064
0.201114
0.188632
0.662
0.139218
0.662
0.662
0.662
0.476566
0.32962
0.662
0.662
0.544175
0.611868
0.43299
0.662
0.244326
0.0983501
0.0330762
0.662
0.662
0.413798
0.662
0.662
0.662
0.662
0.524854
0.114264
0.414242
0.492796
0.486143
0.451087
0.662
0.259859
0.477147
0.147815
0.662
0.161128
0.662
0.662
0.313207
0.662
0.30592
0.624893
0.275343
0.448896
0.066422
0.662
0.480217
0.459049
0.280651
0.100239
0.179172
0.561171
0.662
0.662
0.662
0.662
0.662
0.662
0.427886
0.662
0.387208
0.115672
0.662
0.241345
0.195987
0.340646
0.0682483
0.211632
0.448217
0.41776
0.662
0.302918
0.353821
0.662
0.456851
0.466139
0.662
0.662
0.610426
0.336765
0.662
0.18556
0.662
0.662
0.140708
0.662
0.395219
0.662
0.258905
0.662
0.662
0.662
0.662
0.662
0.127717
0.188127
0.478277
0.150594
0.23213
0.146919
0.356728
0.206572
0.662
0.662
0.263375
0.631151
0.196582
0.662
0.662
0.0282975
0.662
0.662
0.662
0.662
0.218695
0.662
0.122348
0.0986105
0.219667
0.662
0.662
0.662
0.662
0.662
0.662
0.18937
0.21603
0.0434656
0.365138
0.0944288
0.662
0.282373
0.217824
0.662
0.388674
0.0471816
0.662
0.279362
0.221493
0.422107
0.19205
0.00642926
0.0991317
0.0844817
0.199162
0.540016
0.476661
0.347701
0.204916
0.424445
0.179168
0.210536
0.506921
0.247375
0.224384
0.662
0.0182417
0.662
0.543859
0.416803
0.662
0.475946
0.662
0.0396065
0.244837
0.415749
0.662
0.662
0.4736
0.662
0.540505
0.441298
0.149467
0.27372
0.0119258
0.0172797
0.662
0.662
0.112786
0.0127454
0.46609
0.313785
0.223098
0.215037
0.346213
0.143848
0.4595
0.662
0.662
0.4598
0.633694
0.201728
0.662
0.169476
0.398785
0.0695573
0.305293
0.260724
0.662
0.646335
0.469345
0.662
0.0706147
0.152443
0.662
0.576171
0.218669
0.393002
0.662
0.263991
0.117467
0.0378198
0.662
0.25112
0.0715596
0.3738
0.166837
0.662
0.662
0.208235
0.662
0.436724
0.203637
0.25864
0.662
0.662
0.310358
0.19573
0.105961
0.19485
0.662
0.662
0.0282293
0.662
0.038928
0.215437
0.391556
0.662
0.213811
0.203962
0.662
0.662
0.246008
0.662
0.662
0.304548
0.192208
0.662
0.662
0.386733
0.662
0.404069
0.662
0.662
0.299973
0.0872234
0.662
0.662
0.636172
0.382868
0.662
0.113823
0.662
0.0031946
0.192659
0.662
0.362991
0.662
0.662
0.280427
0.425414
0.662
0.195588
0.662
0.282904
0.281079
0.438684
0.322208
0.641459
0.109473
0.299356
0.459364
0.662
0.653136
0.662
0.409575
0.360923
0.248558
0.203887
0.278256
0.174382
0.375462
0.355091
0.3587
0.236812
0.181571
0.447958
0.471419
0.0281771
0.230838
0.576614
0.297004
0.662
0.0422587
0.662
0.155148
0.212108
0.605848
0.662
0.662
0.662
0.435139
0.662
0.00133303
0.253686
0.0917112
0.662
0.662
0.468272
0.269337
0.281258
0.662
0.126225
0.043687
0.662
0.216735
0.626654
0.168034
0.662
0.662
0.441694
0.333999
0.662
0.202008
0.662
0.293858
0.662
0.662
0.331944
0.11679
0.33992
0.662
0.662
0.197922
0.293745
0.662
0.662
0.662
0.662
0.275065
0.120543
0.477923
0.239085
0.662
0.662
0.662
0.662
0.189517
0.3513
0.138325
0.662
0.662
0.653992
0.140641
0.382382
0.662
0.662
0.501329
0.282207
0.495424
0.65601
0.662
0.662
0.662
0.458171
0.344984
0.184891
0.662
0.286259
0.443617
0.0717504
0.18655
0.662
0.115524
0.112627
0.0185573
0.439568
0.662
0.215643
0.284732
0.238987
0.534457
0.410434
0.104323
0.662
0.0832602
0.237686
0.00691755
0.209031
0.519838
0.212699
0.662
0.662
0.377037
0.662
0.662
0.662
0.28627
0.484856
0.000724697
0.274807
0.662
0.069971
0.438862
0.662
0.662
0.662
0.337467
0.553346
0.192991
0.0140328
0.0511722
0.459491
0.065544
0.252524
0.113558
0.651144
0.178458
0.022791
0.280351
0.641922
0.370261
0.662
0.247073
0.662
0.178893
0.662
0.403359
0.110841
0.377052
0.0271303
0.662
0.662
0.662
0.0868503
0.472571
0.662
0.662
0.453906
0.662
0.662
0.662
0.207911
0.662
0.662
0.38697
0.414232
0.174633
0.662
0.0221847
0.662
0.312482
0.0525292
0.15301
0.388339
0.662
0.254841
0.195954
0.186168
0.171662
0.551112
0.662
0.662
0.662
0.022668
0.352538
0.129852
0.662
0.251703
0.577517
0.662
0.662
0.662
0.662
0.111584
0.662
0.662
0.662
0.462962
0.662
0.662
0.662
0.662
0.662
0.0882747
0.143201
0.452964
0.662
0.662
0.194841
0.513005
0.0989375
0.278943
0.642177
0.358434
0.662
0.662
0.267856
0.427222
0.400489
0.286301
0.194386
0.662
0.662
0.104556
0.183012
0.662
0.215685
0.198147
0.44785
0.42815
0.662
0.662
0.662
0.662
0.212202
0.662
0.662
0.662
0.662
0.189545
0.296093
0.323057
0.662
0.662
0.115182
0.0974123
0.662
0.662
0.662
0.266677
0.662
0.662
0.21993
0.465984
0.243442
0.396542
0.470684
0.662
0.309851
0.290968
0.214011
0.206735
0.24708
0.662
0.416734
0.268733
0.662
0.228166
0.662
0.662
0.326647
0.662
0.354829
0.436175
0.662
0.427473
0.336856
0.662
0.662
0.0207282
0.662
0.537378
0.662
0.662
0.662
0.00865105
0.558704
0.2455
0.534836
0.245155
0.0277593
0.205445
0.517732
0.130973
0.662
0.292025
0.142984
0.662
0.662
0.375554
0.662
0.641119
0.662
0.456852
0.232891
0.148185
0.662
0.261243
0.662
0.00084939
0.51775
0.662
0.356676
0.662
0.510997
0.0820865
0.299394
0.662
0.292316
0.180677
0.100103
0.557517
0.00790054
0.551593
0.524347
0.662
0.662
0.0732627
0.186178
0.421793
0.371555
0.662
0.662
0.256937
0.175604
0.662
0.212539
0.492862
0.554219
0.662
0.574174
0.220226
0.662
0.368236
0.430638
0.662
0.662
0.662
0.662
0.662
0.194216
0.431687
0.662
0.662
0.662
0.424582
0.662
0.295022
0.00831927
0.662
0.20607
0.536838
0.21488
0.172721
0.662
0.662
0.44733
0.231124
0.187482
0.30092
0.282963
0.662
0.662
0.204539
0.662
0.448637
0.534408
0.662
0.662
0.189136
0.107128
0.662
0.662
0.662
0.15382
0.196384
0.282378
0.657287
0.662
0.19422
0.407943
0.157539
0.662
0.431026
0.422715
0.406152
0.31084
0.662
0.662
0.662
0.259349
0.525964
0.662
0.662
0.662
0.367714
0.662
0.342726
0.42119
0.0768842
0.0577816
0.190137
0.312842
0.449138
0.662
0.321921
0.662
0.662
0.0761869
0.662
0.294079
0.211545
0.662
0.252727
0.194388
0.662
0.662
0.105686
0.662
0.662
0.198062
0.208528
0.237536
0.07283
0.443593
0.662
0.250386
0.486789
0.662
0.463748
0.662
0.421512
0.000323864
0.662
0.662
0.662
0.530427
0.43719
0.662
0.662
0.322439
0.275305
0.662
0.662
0.559922
0.281054
0.440407
0.662
0.0043097
0.0212186
0.565854
0.662
0.662
0.662
0.263356
0.432485
0.49969
0.186336
0.662
0.594229
0.0936169
0.662
0.0829729
0.662
0.662
0.662
0.581518
0.437921
0.662
0.17443
0.662
0.662
0.151338
0.0881807
0.265452
0.315063
0.53092
0.0738128
0.629748
0.183417
0.662
0.0500468
0.662
0.193899
0.662
0.560955
0.662
0.0671475
0.662
0.000410811
0.154173
0.28679
0.250723
0.662
0.662
0.662
0.135402
0.183931
0.662
0.112135
0.357444
0.486039
0.662
0.662
0.353972
0.131422
0.215978
0.662
0.245846
0.662
0.423131
0.640128
0.120464
0.329219
0.0537491
0.18412
0.513631
0.115775
0.662
0.349507
0.4779
0.252316
0.100633
0.125996
0.515534
0.487005
0.662
0.104875
0.186327
0.662
0.184707
0.662
0.212411
0.662
0.226956
0.662
0.662
0.662
0.0670989
0.662
0.254643
0.343051
0.662
0.662
0.199736
0.0246133
0.61386
0.205068
0.662
0.662
0.0491177
0.662
0.214765
0.386993
0.0663036
0.646448
0.0223147
0.01107
0.662
0.125457
0.27217
0.174712
0.0905855
0.293537
0.153843
0.552235
0.662
0.662
0.662
0.662
0.326658
0.662
0.662
0.465436
0.467312
0.0240353
0.662
0.630277
0.350078
0.120652
0.0869551
0.662
0.662
0.278562
0.308844
0.662
0.203849
0.413813
0.330086
0.472441
0.662
0.307561
0.662
0.219619
0.662
0.450859
0.283385
0.588029
0.315389
0.0734927
0.662
0.240326
0.504023
0.198615
0.503998
0.662
0.445325
0.0818782
0.662
0.662
0.662
0.662
0.102665
0.0600486
0.623062
0.168058
0.434915
0.662
0.662
0.662
0.250082
0.261083
0.662
0.662
0.662
0.250948
0.662
0.0269246
0.304079
0.090457
0.662
0.0681282
0.222385
0.324966
0.0587246
0.469634
0.217528
0.380753
0.476761
0.20063
0.269945
0.38702
0.662
0.407968
0.662
0.656665
0.318167
0.662
0.074392
0.662
0.662
0.662
0.662
0.0776121
0.662
0.120855
0.182322
0.662
0.42098
0.662
0.662
0.257535
0.391813
0.129833
0.47333
0.662
0.632849
0.662
0.0422067
0.246417
0.273674
0.355638
0.135099
0.662
0.662
0.454373
0.372617
0.34818
0.0539238
0.662
0.208965
0.42686
0.096352
0.452141
0.662
0.662
0.0517237
0.657577
0.200534
0.650478
0.00436235
0.662
0.248156
0.0528049
0.503609
0.000976959
0.192064
0.592494
0.223522
0.440436
0.391532
0.662
0.312807
0.427729
0.561233
0.275932
0.662
0.161506
0.662
0.242032
0.662
0.230832
0.151586
0.662
0.485415
0.662
0.662
0.662
0.570856
0.662
0.662
0.662
0.662
0.0602128
0.318323
0.662
0.662
0.662
0.662
0.662
0.220237
0.662
0.403783
0.209671
0.662
0.662
0.0666558
0.662
0.618598
0.662
0.662
0.194836
0.180875
0.120039
0.314277
0.662
0.0767341
0.662
0.320047
0.304281
0.662
0.662
0.662
0.662
0.336353
0.662
0.386306
0.662
0.662
0.053416
0.0468296
0.44892
0.662
0.29855
0.464696
0.347729
0.211408
0.462734
0.662
0.033907
0.0482735
0.662
0.132884
0.662
0.557174
0.346106
0.41279
0.215126
0.662
0.393217
0.662
0.234053
0.662
0.177764
0.441886
0.662
0.662
0.338519
0.662
0.295545
0.662
0.257891
0.662
0.662
0.435699
0.456518
0.240153
0.662
0.662
0.109255
0.662
0.338001
0.327781
0.662
0.10245
0.444371
0.662
0.606915
0.662
0.461436
0.662
0.0932209
0.189703
0.662
0.662
0.662
0.211548
0.0487408
0.184869
0.426008
0.662
0.00159473
0.662
0.662
0.0936013
0.549894
0.065438
0.164751
0.38321
0.662
0.0459731
0.0137644
0.109538
0.662
0.662
0.662
0.662
0.0528454
0.33344
0.145245
0.428953
0.662
0.662
0.206548
0.409523
0.310137
0.662
0.126694
0.569411
0.662
0.211494
0.231414
0.0442546
0.414956
0.281208
0.662
0.336366
0.407338
0.557337
0.299262
0.662
0.662
0.662
0.270619
0.470025
0.487172
0.348826
0.662
0.548535
0.662
0.176727
0.662
0.662
0.146791
0.151046
0.194188
0.227698
0.527916
0.114396
0.610006
0.34819
0.43743
0.168884
0.171043
0.467979
0.662
0.662
0.566391
0.662
0.0799401
0.662
0.432461
0.662
0.662
0.533977
0.369239
0.662
0.242074
0.662
0.420097
0.662
0.30875
0.446951
0.662
0.188953
0.259971
0.662
0.662
0.199452
0.662
0.662
0.461199
0.662
0.188981
0.123562
0.395196
0.662
0.138163
0.662
0.24651
0.538952
0.662
0.20026
0.359891
0.662
0.135053
0.644953
0.662
0.578268
0.167735
0.0283638
0.040412
0.422546
0.662
0.662
0.346411
0.113823
0.662
0.305905
0.662
0.261621
0.150842
0.481306
0.396919
0.257059
0.206963
0.454088
0.341974
0.220297
0.662
0.155868
0.414977
0.263775
0.148181
0.297737
0.430084
0.54021
0.662
0.00318142
0.473485
0.662
0.0190698
0.393355
0.308167
0.662
0.662
0.662
0.662
0.181796
0.282792
0.387785
0.662
0.34512
0.185533
0.0326785
0.662
0.662
0.662
0.632101
0.0982465
0.197692
0.207822
0.09429
0.662
0.190152
0.0940493
0.662
0.377393
0.405361
0.662
0.245568
0.113579
0.662
0.156078
0.198493
0.0263019
0.0492211
0.662
0.662
0.325837
0.243118
0.217544
0.549381
0.662
0.358704
0.662
0.399703
0.662
0.653762
0.662
0.662
0.0397469
0.0706419
0.103547
0.22324
0.662
0.662
0.423851
0.662
0.662
0.662
0.186864
0.662
0.662
0.662
0.195515
0.662
0.662
0.662
0.263277
0.662
0.217926
0.293107
0.662
0.163226
0.274194
0.545238
0.152825
0.581836
0.662
0.376141
0.312868
0.283062
0.648634
0.570598
0.325027
0.506543
0.436808
0.0400236
0.662
0.283746
0.211246
0.0175506
0.278536
0.233525
0.164262
0.476142
0.333117
0.662
0.452478
0.662
0.0916567
0.662
0.662
0.194292
0.266979
0.25697
0.284023
0.380846
0.662
0.662
0.322466
0.377393
0.662
0.202747
0.225104
0.646819
0.662
0.499475
0.610719
0.08105
0.591831
0.662
0.662
0.289823
0.211812
0.266814
0.662
0.327513
0.662
0.662
0.27547
0.662
0.644406
0.662
0.662
0.662
0.662
0.662
0.213257
0.662
0.207889
0.662
0.0785487
0.0920821
0.662
0.662
0.662
0.319799
0.0867295
0.444819
0.389546
0.662
0.391964
0.177719
0.582004
0.662
0.662
0.0989149
0.662
0.662
0.197034
0.662
0.290206
0.414329
0.662
0.662
0.286702
0.00486203
0.662
0.662
0.542951
0.662
0.662
0.596489
0.12138
0.455313
0.662
0.662
0.622874
0.183708
0.0643315
0.336728
0.23319
0.553697
0.269167
0.502243
0.140287
0.662
0.382719
0.662
0.401634
0.662
0.0575527
0.618362
0.662
0.662
0.205491
0.662
0.561709
0.469539
0.662
0.662
0.160982
0.320585
0.662
0.662
0.196075
0.521199
0.285916
0.11889
0.0182184
0.662
0.217101
0.662
0.139447
0.662
0.396971
0.662
0.19008
0.223628
0.662
0.361612
0.53436
0.628445
0.145708
0.662
0.551467
0.293225
0.662
0.662
0.257048
0.662
0.4582
0.214923
0.662
0.662
0.662
0.145805
0.463038
0.662
0.285573
0.662
0.289383
0.316315
0.375819
0.662
0.662
0.0783408
0.216671
0.166218
0.25662
0.438941
0.386704
0.213517
0.662
0.218208
0.454488
0.452456
0.0334235
0.155421
0.214319
0.333149
0.13532
0.662
0.662
0.662
0.662
0.474826
0.0241887
0.145205
0.662
0.5102
0.662
0.662
0.31037
0.188723
0.662
0.145284
0.662
0.662
0.186542
0.423285
0.662
0.662
0.181093
0.296723
0.187724
0.662
0.181489
0.420686
0.218587
0.662
0.112279
0.662
0.470676
0.487001
0.442958
0.662
0.401972
0.454416
0.662
0.198374
0.432728
0.662
0.169698
0.185853
0.112154
0.662
0.662
0.662
0.491082
0.662
0.567451
0.456013
0.662
0.502504
0.662
0.662
0.662
0.662
0.0464504
0.130634
0.203914
0.282853
0.662
0.251321
0.662
0.272437
0.131128
0.662
0.224815
0.311699
0.479597
0.169977
0.453832
0.662
0.466312
0.462808
0.228083
0.662
0.200579
0.40386
0.233384
0.662
0.0259901
0.393558
0.662
0.662
0.662
0.193478
0.168421
0.662
0.662
0.662
0.191129
0.320547
0.113916
0.621632
0.193561
0.206209
0.662
0.662
0.662
0.180216
0.271835
0.540088
0.662
0.662
0.224397
0.405201
0.662
0.662
0.260726
0.662
0.662
0.269835
0.662
0.662
0.234841
0.662
0.35071
0.291928
0.369117
0.518136
0.0515247
0.0253284
0.286131
0.662
0.448727
0.329697
0.662
0.662
0.0293937
0.662
0.662
0.432679
0.375099
0.662
0.123704
0.552845
0.115964
0.630792
0.204092
0.305559
0.40248
0.298945
0.461869
0.470546
0.653335
0.662
0.112088
0.425192
0.662
0.662
0.417438
0.286657
0.243608
0.268389
0.0741693
0.662
0.0525162
0.662
0.405673
0.350208
0.662
0.0815766
0.662
0.662
0.558807
0.662
0.164038
0.662
0.662
0.0708673
0.662
0.440718
0.152565
0.123507
0.662
0.662
0.662
0.45275
0.446474
0.662
0.662
0.286903
0.662
0.662
0.662
0.26688
0.144146
0.0720636
0.662
0.662
0.662
0.316109
0.662
0.339774
0.662
0.199762
0.662
0.175776
0.228139
0.662
0.453507
0.662
0.450529
0.232279
0.111829
0.662
0.662
0.149634
0.220986
0.36615
0.662
0.662
0.225049
0.116781
0.662
0.169863
0.662
0.285956
0.423219
0.309803
0.360722
0.662
0.261611
0.368555
0.29188
0.544251
0.0913049
0.662
0.584938
0.279277
0.415758
0.662
0.662
0.662
0.662
0.212459
0.585733
0.103451
0.43302
0.662
0.661142
0.662
0.224189
0.475256
0.105459
0.330628
0.318165
0.662
0.448151
0.662
0.0742515
0.46863
0.662
0.182938
0.336906
0.662
0.465667
0.236284
0.333903
0.342494
0.303569
0.440609
0.434469
0.662
0.384909
0.221087
0.346215
0.662
0.639006
0.662
0.300198
0.662
0.662
0.269547
0.662
0.64784
0.27474
0.0907885
0.662
0.409554
0.295071
0.190413
0.278996
0.662
0.662
0.427077
0.12284
0.662
0.662
0.662
0.342613
0.027274
0.662
0.662
0.325814
0.30411
0.627932
0.662
0.662
0.334722
0.662
0.295589
0.358293
0.662
0.642734
0.558029
0.662
0.511348
0.273736
0.662
0.121763
0.662
0.277317
0.0270078
0.409554
0.113415
0.320165
0.662
0.596281
0.662
0.352023
0.451018
0.662
0.479824
0.498713
0.120579
0.276055
0.0666799
0.0502695
0.109553
0.192266
0.662
0.0269886
0.182665
0.578248
0.447536
0.662
0.17808
0.662
0.478843
0.662
0.662
0.166476
0.314105
0.662
0.196317
0.242805
0.00953307
0.478768
0.176922
0.336937
0.260888
0.662
0.662
0.662
0.662
0.662
0.662
0.575026
0.662
0.355772
0.662
0.155981
0.31853
0.132896
0.0827842
0.60529
0.140306
0.662
0.662
0.302892
0.0253575
0.448573
0.2223
0.662
0.568941
0.399658
0.662
0.191783
0.315904
0.108331
0.662
0.662
0.211997
0.405446
0.41214
0.561869
0.364309
0.662
0.662
0.662
0.20791
0.662
0.00548452
0.396156
0.662
0.297304
0.662
0.662
0.662
0.333932
0.483683
0.0208501
0.221993
0.662
0.147357
0.481283
0.159086
0.662
0.0592532
0.662
0.449411
0.565827
0.662
0.386592
0.0948283
0.48056
0.367061
0.662
0.662
0.160359
0.550013
0.510636
0.320145
0.592844
0.447251
0.662
0.577397
0.210077
0.662
0.178696
0.602527
0.0829873
0.428026
0.336287
0.662
0.638791
0.662
0.662
0.213333
0.361481
0.06565
0.465445
0.114071
0.662
0.177093
0.662
0.176416
0.243224
0.662
0.662
0.662
0.662
0.471633
0.662
0.468118
0.662
0.196295
0.115146
0.210176
0.662
0.0873366
0.26326
0.662
0.662
0.386953
0.56933
0.462212
0.662
0.401885
0.488886
0.382246
0.662
0.662
0.214806
0.0654473
0.662
0.662
0.662
0.606457
0.238891
0.662
0.321105
0.662
0.158197
0.662
0.190912
0.333698
0.662
0.371039
0.662
0.278168
0.491293
0.447419
0.662
0.662
0.407553
0.290393
0.662
0.662
0.237609
0.436993
0.662
0.662
0.0378656
0.662
0.157468
0.468353
0.53206
0.662
0.662
0.631726
0.287226
0.662
0.433825
0.352452
0.613601
0.43481
0.370552
0.662
0.386219
0.222936
0.410266
0.33279
0.577393
0.186149
0.436045
0.103954
0.662
0.100875
0.326267
0.662
0.662
0.368577
0.418387
0.662
0.468202
0.662
0.662
0.262431
0.662
0.136876
0.431848
0.662
0.182448
0.662
0.410924
0.0905029
0.310078
0.662
0.401648
0.662
0.662
0.358205
0.662
0.323798
0.00652381
0.662
0.234629
0.280009
0.662
0.230876
0.0167026
0.662
0.443822
0.226315
0.662
0.209668
0.662
0.662
0.662
0.537598
0.144636
0.253098
0.337706
0.0887824
0.662
0.0386462
0.662
0.389237
0.662
0.662
0.117012
0.384988
0.36405
0.0165193
0.157519
0.662
0.280054
0.562499
0.662
0.662
0.662
0.162597
0.633391
0.120311
0.12319
0.0867756
0.151301
0.131789
0.662
0.662
0.0245714
0.469392
0.662
0.115275
0.0243578
0.226162
0.0650229
0.662
0.662
0.662
0.200467
0.192384
0.366731
0.662
0.0339087
0.152261
0.271305
0.29367
0.662
0.0260022
0.33352
0.302844
0.203459
0.0556183
0.662
0.662
0.662
0.267036
0.12268
0.145534
0.139248
0.662
0.662
0.0689269
0.662
0.484544
0.28452
0.342443
0.270692
0.506225
0.179164
0.109232
0.660447
0.401938
0.306562
0.662
0.222502
0.208902
0.222503
0.314406
0.170781
0.187344
0.662
0.454088
0.662
0.141581
0.499445
0.662
0.461805
0.0882834
0.329025
0.662
0.662
0.201299
0.445223
0.662
0.459082
0.10309
0.545129
0.662
0.662
0.16302
0.662
0.224559
0.531619
0.393772
0.290023
0.662
0.662
0.662
0.222892
0.662
0.662
0.662
0.24927
0.38192
0.662
0.217038
0.185936
0.382514
0.289466
0.0944495
0.662
0.420665
0.342367
0.232855
0.035258
0.0434732
0.383958
0.662
0.381515
0.662
0.223727
0.249861
0.662
0.328236
0.289572
0.411824
0.00218811
0.662
0.453875
0.256331
0.662
0.662
0.662
0.662
0.542413
0.662
0.662
0.457115
0.448636
0.662
0.662
0.395552
0.662
0.662
0.662
0.287566
0.662
0.46906
0.662
0.184785
0.268079
0.662
0.420264
0.17672
0.662
0.439701
0.662
0.662
0.376318
0.322388
0.662
0.132109
0.185136
0.662
0.662
0.478679
0.151104
0.323145
0.662
0.347035
0.319502
0.246177
0.534198
0.114905
0.0441271
0.303357
0.370906
0.447875
0.223897
0.319491
0.436209
0.662
0.633694
0.515945
0.344269
0.290698
0.662
0.331667
0.0941973
0.662
0.476308
0.662
0.662
0.411051
0.403249
0.662
0.649546
0.662
0.662
0.0278901
0.437319
0.662
0.281393
0.149979
0.272069
0.662
0.662
0.32067
0.123665
0.336075
0.662
0.392391
0.0946911
0.302185
0.517981
0.59152
0.216629
0.302756
0.662
0.662
0.093098
0.662
0.662
0.576585
0.581046
0.662
0.662
0.662
0.662
0.276629
0.0742078
0.228987
0.393886
0.503259
0.662
0.662
0.245382
0.106165
0.662
0.662
0.104075
0.222325
0.0925333
0.402884
0.662
0.425699
0.662
0.199285
0.442915
0.165809
0.662
0.319347
0.662
0.662
0.662
0.433497
0.662
0.140016
0.662
0.417811
0.121815
0.200835
0.465231
0.421665
0.460847
0.184429
0.662
0.662
0.180896
0.291242
0.190416
0.527068
0.662
0.0960563
0.0187127
0.269677
0.401811
0.0877043
0.250714
0.662
0.25851
0.662
0.288519
0.277592
0.662
0.301759
0.662
0.457138
0.443
0.233738
0.662
0.662
0.662
0.538029
0.391922
0.662
0.662
0.566526
0.0362202
0.662
0.0815258
0.443018
0.662
0.662
0.213719
0.126579
0.387303
0.662
0.220919
0.406479
0.662
0.421003
0.33276
0.033286
0.662
0.662
0.662
0.527876
0.193711
0.134293
0.29216
0.396469
0.662
0.662
0.121625
0.662
0.662
0.0503177
0.662
0.662
0.662
0.339179
0.0135469
0.368659
0.468601
0.188666
0.324109
0.662
0.662
0.662
0.554792
0.662
0.335103
0.59868
0.113988
0.30003
0.662
0.574378
0.400755
0.416745
0.0610712
0.138099
0.662
0.275422
0.662
0.149757
0.514286
0.116989
0.278878
0.0849407
0.110297
0.213728
0.662
0.246562
0.662
0.146068
0.662
0.662
0.662
0.662
0.0772171
0.662
0.662
0.26135
0.312204
0.249508
0.298384
0.442273
0.662
0.662
0.530296
0.317878
0.662
0.662
0.662
0.662
0.662
0.662
0.217485
0.101218
0.662
0.577869
0.662
0.305772
0.117511
0.2314
0.196594
0.285978
0.662
0.662
0.138519
0.364504
0.0957102
0.121081
0.541717
0.213911
0.487159
0.662
0.400614
0.662
0.0391105
0.662
0.423329
0.220514
0.19635
0.182471
0.261393
0.662
0.662
0.39815
0.132549
0.54723
0.606312
0.621989
0.0117289
0.0651362
0.447536
0.432751
0.321408
0.243271
0.162574
0.662
0.148657
0.662
0.662
0.303642
0.481056
0.662
0.662
0.442907
0.184801
0.196838
0.394654
0.662
0.394637
0.159309
0.294484
0.1022
0.324843
0.598176
0.662
0.163937
0.662
0.0907971
0.662
0.662
0.0636077
0.417819
0.17074
0.0944263
0.662
0.662
0.662
0.662
0.372179
0.662
0.311091
0.411124
0.208293
0.10767
0.411168
0.316909
0.038445
0.517254
0.354007
0.662
0.487907
0.232051
0.627715
0.662
0.309175
0.56921
0.351834
0.662
0.126403
0.662
0.662
0.178755
0.662
0.16956
0.471719
0.227712
0.141821
0.242118
0.662
0.662
0.304454
0.206919
0.662
0.662
0.268272
0.583768
0.574178
0.0634128
0.231579
0.0692016
0.559939
0.662
0.0135929
0.662
0.0968837
0.364855
0.186395
0.662
0.40459
0.162141
0.0959086
0.192107
0.662
0.662
0.662
0.371154
0.45928
0.072973
0.435648
0.662
0.213633
0.662
0.662
0.284296
0.662
0.37352
0.241445
0.151173
0.610842
0.228876
0.441611
0.0164084
0.202705
0.214221
0.371245
0.190249
0.188194
0.662
0.662
0.264913
0.662
0.662
0.463206
0.662
0.662
0.218295
0.033641
0.337489
0.436609
0.615969
0.244475
0.662
0.315935
0.142516
0.553842
0.662
0.449909
0.182592
0.241876
0.662
0.662
0.662
0.662
0.122691
0.249983
0.249187
0.662
0.201335
0.662
0.235523
0.27818
0.662
0.662
0.662
0.49403
0.183108
0.224694
0.662
0.192278
0.451413
0.232252
0.435183
0.0924776
0.291259
0.662
0.398397
0.00567435
0.22706
0.432702
0.662
0.236655
0.0792605
0.105447
0.389602
0.238254
0.662
0.576996
0.223472
0.274754
0.32757
0.312847
0.662
0.402713
0.0696603
0.446679
0.272481
0.2031
0.208659
0.662
0.33252
0.662
0.146019
0.662
0.212658
0.662
0.662
0.662
0.662
0.208302
0.137686
0.662
0.662
0.00428305
0.544719
0.167772
0.662
0.0936206
0.235011
0.351892
0.662
0.230544
0.291851
0.158827
0.169695
0.098061
0.662
0.662
0.662
0.5985
0.571248
0.122281
0.546389
0.130972
0.662
0.662
0.421596
0.662
0.662
0.105674
0.264448
0.418768
0.662
0.662
0.187774
0.662
0.338468
0.662
0.662
0.6001
0.198649
0.17351
0.130306
0.340626
0.662
0.0233411
0.330023
0.662
0.662
0.0621434
0.662
0.612712
0.247337
0.41325
0.1673
0.662
0.558256
0.44254
0.662
0.0887264
0.189643
0.662
0.662
0.449738
0.0384855
0.419115
0.213533
0.519452
0.520088
0.347327
0.313681
0.165232
0.462493
0.662
0.452698
0.1243
0.223134
0.662
0.662
0.662
0.233687
0.0511227
0.621574
0.662
0.662
0.662
0.662
0.370605
0.12879
0.103992
0.630052
0.33755
0.662
0.662
0.36312
0.662
0.232803
0.0777282
0.000934547
0.662
0.20053
0.194408
0.662
