0.662
0.662
0.0591354
0.662
0.308353
0.231621
0.662
0.662
0.18546
0.662
0.662
0.662
0.346894
0.662
0.337464
0.662
0.545414
0.662
0.00964761
0.662
0.137962
0.662
0.662
0.662
0.466513
0.662
0.662
0.366842
0.662
0.139424
0.557414
0.628862
0.662
0.662
0.0562287
0.662
0.22436
0.210061
0.293835
0.662
0.184284
0.662
0.662
0.220189
0.24262
0.274626
0.335137
0.662
0.437853
0.652652
0.561228
0.313651
0.662
0.37573
0.376319
0.662
0.355147
0.662
0.662
0.314844
0.662
0.117031
0.440688
0.662
0.304565
0.461789
0.194965
0.520406
0.0912001
0.662
0.662
0.662
0.662
0.438993
0.617175
0.35185
0.662
0.0425556
0.662
0.191309
0.0115534
0.217709
0.226602
0.456789
0.137587
0.662
0.662
0.26178
0.0924174
0.203833
0.0186662
0.662
0.662
0.22562
0.662
0.662
0.274019
0.425545
0.637499
0.662
0.356711
0.0873204
0.662
0.178011
0.252712
0.662
0.662
0.662
0.389507
0.662
0.0694223
0.162484
0.662
0.415045
0.406235
0.601509
0.0508605
0.311877
0.436306
0.662
0.662
0.154262
0.662
0.234693
0.0131538
0.662
0.140565
0.662
0.197737
0.662
0.319099
0.432787
0.480699
0.662
0.364594
0.662
0.622736
0.262175
0.662
0.574546
0.662
0.662
0.563983
0.662
0.203654
0.662
0.170877
0.606709
0.662
0.0535105
0.08612
0.322077
0.662
0.135816
0.662
0.662
0.181195
0.662
0.662
0.618487
0.662
0.040354
0.614647
0.223624
0.389833
0.662
0.0660672
0.495123
0.662
0.662
0.662
0.436895
0.292658
0.662
0.193412
0.549314
0.662
0.159405
0.528152
0.50325
0.437687
0.233886
0.0902971
0.20971
0.233548
0.662
0.662
0.662
0.662
0.662
0.662
0.662
0.448334
0.662
0.662
0.662
0.662
0.111918
0.662
0.0709499
0.255849
0.662
0.445602
0.662
0.36347
0.302807
0.662
0.662
0.228941
0.197002
0.40777
0.280716
0.631398
0.0639585
0.310765
0.609443
0.662
0.256595
0.464046
0.644135
0.163609
0.662
0.410523
0.237804
0.662
0.354546
0.662
0.556507
0.600894
0.020472
0.36137
0.644801
0.662
0.152184
0.283388
0.308773
0.348408
0.587114
0.266343
0.430302
0.412563
0.662
0.0424604
0.662
0.662
0.0963965
0.149532
0.27281
0.180352
0.656014
0.491103
0.364989
0.662
0.196883
0.662
0.662
0.558601
0.422805
0.0284802
0.662
0.372254
0.317051
0.618766
0.662
0.380485
0.472105
0.662
0.244253
0.662
0.662
0.252043
0.476607
0.662
0.118248
0.0668908
0.440343
0.662
0.0564865
0.662
0.115231
0.568765
0.109696
0.292772
0.17468
0.662
0.662
0.497615
0.154384
0.19531
0.0939863
0.391689
0.662
0.662
0.662
0.662
0.662
0.641549
0.662
0.580616
0.212067
0.662
0.662
0.141113
0.423818
0.662
0.560983
0.389036
0.302037
0.662
0.465306
0.188421
0.662
0.662
0.662
0.225706
0.197474
0.360103
0.662
0.190939
0.268254
0.662
0.327883
0.203918
0.535934
0.662
0.213148
0.224153
0.185814
0.662
0.0396389
0.245599
0.382925
0.107954
0.201025
0.150815
0.0815309
0.662
0.638944
0.216669
0.219322
0.29474
0.662
0.475439
0.279133
0.0713097
0.398822
0.121515
0.662
0.421221
0.445347
0.642382
0.662
0.0581138
0.662
0.148026
0.60653
0.185257
0.551859
0.662
0.662
0.662
0.137714
0.662
0.629133
0.662
0.350093
0.276175
0.543806
0.662
0.490173
0.374029
0.662
0.662
0.662
0.305018
0.662
0.0840493
0.662
0.662
0.338111
0.266375
0.662
0.662
0.606399
0.319965
0.399334
0.277823
0.662
0.232146
0.10329
0.662
0.16154
0.463082
0.388642
0.184841
0.662
0.279411
0.662
0.433516
0.324243
0.0986885
0.662
0.461837
0.133576
0.662
0.662
0.0532134
0.165634
0.612813
0.662
0.662
0.351153
0.11649
0.0820396
0.287891
0.497149
0.191055
0.662
0.171577
0.0735802
0.189851
0.662
0.662
0.440325
0.662
0.262847
0.662
0.126628
0.662
0.209776
0.607435
0.542652
0.0315034
0.100589
0.0332847
0.662
0.662
0.662
0.169843
0.662
0.0433646
0.464051
0.230688
0.146275
0.0725829
0.662
0.662
0.662
0.467864
0.361226
0.661374
0.624007
0.662
0.359448
0.662
0.57027
0.237846
0.653928
0.291633
0.662
0.243576
0.469661
0.422283
0.521879
0.662
0.297315
0.662
0.356692
0.513811
0.06905
0.413676
0.658634
0.192958
0.662
0.408232
0.565262
0.363807
0.558049
0.662
0.196941
0.628765
0.273302
0.308422
0.118242
0.662
0.662
0.662
0.00604369
0.545975
0.662
0.662
0.537537
0.204671
0.662
0.0202641
0.312246
