0.471928
0.124558
0.145954
0.304221
0.0772076
0.662
0.387212
0.0654994
0.662
0.250912
0.567315
0.45634
0.662
0.333728
0.662
0.173731
0.331999
0.581638
0.354063
0.00621614
0.620234
0.662
0.401574
0.362329
0.612055
0.662
0.0517868
0.390647
0.429749
0.391013
0.279236
0.588063
0.0479595
0.237565
0.662
0.431387
0.630376
0.4765
0.662
0.336578
0.0951567
0.658993
0.301086
0.455874
0.210527
0.323528
0.662
0.354276
0.662
0.319704
0.282032
0.181313
0.45302
0.662
0.482714
0.0557818
0.508381
0.212787
0.662
0.331214
0.645715
0.135922
0.58527
0.662
0.397251
0.529056
0.662
0.00203071
0.624491
0.662
0.24615
0.660357
0.525755
0.140527
0.356951
0.662
0.662
0.101416
0.662
0.662
0.610047
0.662
0.0500617
0.0877389
0.134673
0.537609
0.0612675
0.179499
0.662
0.662
0.405194
0.231703
0.662
0.200599
0.662
0.662
0.662
0.662
0.662
0.214775
0.360809
0.619745
0.662
0.224055
0.180607
0.0308915
0.217522
0.278381
0.490281
0.662
0.662
0.662
0.658974
0.299958
0.304851
0.662
0.662
0.230975
0.39577
0.262849
0.231297
0.662
0.662
0.305548
0.352475
0.512676
0.421604
0.44359
0.662
0.633705
0.178419
0.662
0.252788
0.480053
0.662
0.489031
0.118935
0.659506
0.662
0.662
0.193849
0.153012
0.576008
0.25547
0.502295
0.164883
0.630755
0.662
0.483264
0.219557
0.435535
0.662
0.453308
0.662
0.066572
0.310564
0.254541
0.182535
0.409951
0.308094
0.593912
0.604248
0.207818
0.662
0.243503
0.662
0.444936
0.379584
0.662
0.64364
0.123091
0.242949
0.662
0.0871151
0.137957
0.233102
0.197934
0.662
0.443236
0.113361
0.290223
0.662
0.658914
0.535921
0.473451
0.219693
0.417098
0.662
0.256858
0.135122
0.367786
0.0901081
0.474328
0.138359
0.405397
0.214625
0.113267
0.300632
0.61324
0.222445
0.662
0.610081
0.432511
0.0839958
0.662
0.327193
0.536357
0.0187956
0.662
0.180584
0.415104
0.237512
0.493969
0.286918
0.306715
0.375826
0.662
0.627352
0.170248
0.662
0.662
0.373985
0.662
0.231158
0.322412
0.473317
0.157182
0.662
0.629706
0.450101
0.432216
0.662
0.142057
0.637559
0.662
0.195236
0.50257
0.447221
0.662
0.662
0.0622164
0.662
0.662
0.576854
0.662
0.662
0.494806
0.300839
0.662
0.23109
0.662
0.499104
0.189249
0.195522
0.662
0.118932
0.417185
0.275393
0.662
0.387116
0.662
0.51525
0.369829
0.102893
0.662
0.175574
0.146073
0.662
0.662
0.660619
0.662
0.30893
0.0292805
0.662
0.60838
0.209663
0.651141
0.241594
0.662
0.106061
0.0832798
0.207071
0.478691
0.172798
0.110455
0.662
0.662
0.462915
0.509129
0.449899
0.207455
0.371179
0.306442
0.201028
0.662
0.662
0.134717
0.52167
0.0230541
0.250067
0.655766
0.443799
3.95291e-05
0.2101
0.662
0.662
0.00597785
0.36943
0.507648
0.662
0.14292
0.601325
0.662
0.259721
0.662
0.364474
0.378053
0.492858
0.205632
0.167569
0.662
0.662
0.662
0.662
0.662
0.616517
0.662
0.662
0.662
0.205582
0.37017
0.302303
0.662
0.400613
0.00806404
0.631453
0.0265388
0.218483
0.213542
0.0434945
0.0656908
0.50189
0.662
0.432936
0.456191
0.0882487
0.00971443
0.662
0.662
0.182223
0.0607059
0.535981
0.283643
0.087915
0.662
0.662
0.46632
0.382012
0.404792
0.662
0.141936
0.662
0.204249
0.662
0.352423
0.286236
0.662
0.662
0.235621
0.662
0.265452
0.068741
0.2886
0.323068
0.433613
0.112023
0.644624
0.076848
0.268217
0.662
0.464687
0.286893
0.301073
0.0101348
0.662
0.352857
0.519874
0.173707
0.662
0.548404
0.228617
0.513147
0.311449
0.298007
0.660235
0.423025
0.271228
0.130876
0.0214778
0.662
0.186801
0.30678
0.0216625
0.367861
0.0167441
0.662
0.662
0.340011
0.229377
0.555091
0.0511693
0.662
0.100668
0.662
0.662
0.643729
0.662
0.662
0.109078
0.662
0.287126
0.33425
0.610148
0.662
0.653329
0.286598
0.662
0.608913
0.433784
0.662
0.0693103
0.662
0.424768
0.21801
0.41724
0.662
0.0127021
0.188103
0.117574
0.517145
0.541418
0.468633
0.352825
0.393936
0.631775
0.631682
