0.199892
0.443091
0.241946
0.144098
0.0959911
0.662
0.662
0.662
0.172646
0.662
0.271034
0.360631
0.388159
0.456859
0.658804
0.226842
0.137431
0.662
0.112655
0.303672
0.662
0.0402597
0.581777
0.254205
0.181126
0.133072
0.25276
0.63845
0.353201
0.435933
0.0951038
0.0363834
0.660638
0.662
0.234937
0.472972
0.575174
0.299822
0.662
0.483766
0.418194
0.662
0.63911
0.662
0.662
0.0387194
0.662
0.644572
0.110757
0.0500611
0.662
0.662
0.437028
0.222457
0.3025
0.2264
0.380029
0.662
0.662
0.662
0.662
0.342768
0.26433
0.354805
0.62226
0.464201
0.498428
0.190881
0.0336128
0.662
0.662
0.0816758
0.662
0.285282
0.211644
0.578211
0.662
0.396304
0.411928
0.662
0.509827
0.582823
0.0146225
0.662
0.413366
0.259169
