0.516399
0.123388
0.135602
0.457425
0.474817
0.348031
0.0611827
0.662
0.185584
0.0106735
0.662
0.393615
0.662
0.0974027
0.580053
0.662
0.662
0.662
0.0939605
0.287919
0.662
0.287872
0.283643
0.535921
0.306099
0.662
0.363561
0.513935
0.662
0.352965
0.329216
0.0425003
0.237565
0.0609281
0.282634
0.662
0.500862
0.164141
0.251921
0.662
0.196694
0.386503
0.469829
0.0844882
0.662
0.173731
0.662
0.662
0.662
0.614576
0.662
0.0880024
0.662
0.662
0.145815
0.482041
0.149271
0.172868
0.172092
0.644624
0.421113
0.377737
0.662
0.140461
0.105919
0.109251
0.662
0.200324
0.662
0.662
0.191979
0.388253
0.478682
0.628671
0.350032
0.662
0.254771
0.662
0.662
0.595113
0.452291
0.113079
0.557412
0.460894
0.200643
0.122583
0.662
0.212301
0.329516
0.355598
0.662
0.662
0.498301
0.662
0.0978309
0.0138378
0.106044
0.457129
0.203346
0.435812
0.304013
0.662
0.0957513
0.662
0.466863
0.0434945
0.478332
0.455043
0.662
0.200772
0.662
0.499725
0.318564
0.662
0.662
0.420821
0.26293
0.585518
0.161209
0.639855
0.0229526
0.234462
0.33425
0.224727
0.278554
0.636521
0.662
0.353755
0.662
0.655587
0.662
0.477398
0.527965
0.648704
0.324083
0.186022
0.0711306
0.364997
0.321629
0.290942
0.2369
0.592154
0.0397092
0.662
0.326053
0.41575
0.0740028
0.606063
0.662
0.662
0.662
0.662
0.662
0.662
0.662
0.1296
0.377303
0.263236
0.185908
0.662
0.662
0.662
0.662
0.135523
0.618139
0.650584
0.609443
0.193527
0.662
0.662
0.127297
0.314908
0.662
0.0632562
0.548016
0.429833
0.495456
0.222198
0.627081
0.662
0.212977
0.605808
0.0622212
0.644606
0.662
0.662
0.662
0.187422
0.250831
0.662
0.124558
0.542009
0.119517
0.662
0.0219498
0.198154
0.258581
0.629862
0.662
0.37276
0.270774
0.662
0.146886
0.397251
0.662
0.309012
0.662
0.145467
0.317339
0.662
0.299997
0.662
0.133246
0.445253
0.662
0.0192998
0.633882
0.368992
0.662
0.341697
0.662
0.203201
0.662
0.662
0.517145
0.0821006
0.53462
0.662
0.405631
0.249153
0.637559
0.583818
0.405397
0.662
0.167124
0.0200245
0.176223
0.386961
0.143438
0.0450282
0.418579
0.52167
0.228641
0.662
0.246503
0.662
0.16293
0.612055
0.662
0.18579
0.0499484
0.662
0.506331
0.662
0.340858
0.662
0.662
0.265741
0.190179
0.662
0.0825086
0.394568
0.662
0.0358812
0.662
0.662
0.541418
0.361839
0.491167
0.337665
0.662
0.31783
0.291119
0.234677
0.662
0.662
0.662
0.388665
0.374313
0.662
0.259633
0.662
0.662
0.579739
0.0759971
0.662
0.662
0.581638
0.662
0.188136
0.214061
0.662
0.222097
0.662
0.646366
0.662
0.457466
0.198087
0.662
0.543265
0.417185
0.474537
0.129097
0.297776
0.662
0.0146871
0.661319
0.147704
0.556076
0.198445
0.18379
0.380968
0.662
0.662
0.418039
0.296854
0.316653
0.662
0.327383
0.250873
0.249643
0.662
0.432124
0.306638
0.376594
0.662
0.534406
0.662
0.176751
0.173254
0.0262407
0.662
0.662
0.207111
0.391796
0.662
0.107184
0.662
0.0732688
0.517908
0.662
0.545915
0.228462
0.362723
0.320291
0.528234
0.197307
0.186429
0.662
0.279362
0.087915
0.647224
0.662
0.41013
0.662
0.662
0.473451
0.184623
0.662
0.662
0.63508
0.214186
0.136436
0.662
0.662
0.102346
0.662
0.652409
0.114375
0.635064
0.32622
0.569046
0.662
0.186225
0.501829
0.659506
0.662
0.576851
0.662
0.662
0.662
0.187829
0.286784
0.175254
0.34677
0.65697
0.548603
0.662
0.644909
0.200454
0.126073
0.307425
0.186697
0.255399
0.23235
0.662
0.0379349
0.662
0.172032
0.603041
0.450943
0.124466
0.111283
0.662
0.662
0.662
0.212894
0.298413
0.267625
0.405255
0.307542
0.662
0.495869
0.481744
0.176511
0.300839
0.342888
0.28494
0.163423
0.662
0.662
0.562473
0.454746
0.388098
0.265138
0.662
0.0832156
0.662
0.122027
0.662
0.662
0.42924
0.662
0.340631
0.662
0.106097
0.662
0.0587617
0.0703086
0.662
0.662
0.186777
0.56292
0.556768
0.212165
0.107702
0.662
0.662
0.070665
0.24093
0.423652
0.662
0.290316
0.662
0.408595
0.662
0.31837
0.0706039
0.432936
0.140527
0.191775
0.662
0.415537
0.662
0.662
0.259121
0.397834
0.49567
0.178067
0.511194
0.662
0.662
0.632908
0.662
0.503884
0.281254
0.370423
0.325207
0.120555
0.193849
0.614154
0.662
0.662
0.35449
0.595314
0.113908
0.0491629
0.489036
0.193127
0.270921
0.0759847
0.662
0.499717
0.154958
0.28602
0.151502
0.662
0.415692
0.662
0.662
0.158965
0.662
0.60838
0.662
0.662
0.326529
0.650392
0.4179
0.662
0.234735
0.662
0.207756
0.218336
0.662
0.141896
0.175555
0.631602
0.662
0.662
0.0193145
0.502295
0.662
0.259043
0.662
0.375972
0.23479
0.21096
0.0441606
0.662
0.563334
0.645719
0.662
0.345078
0.184827
0.235621
0.174341
0.662
0.286222
0.662
0.434385
0.221507
0.662
0.662
0.662
0.662
0.00203071
0.662
0.662
0.514533
0.378698
0.662
0.662
0.334034
0.662
0.5701
0.141381
0.0748073
0.0121438
0.420404
0.662
0.362088
0.138807
0.662
0.662
0.192475
0.662
0.647195
0.391408
0.662
0.209255
0.18337
0.662
0.598061
0.0546427
0.169587
0.662
0.364537
0.0145489
0.662
0.662
0.205853
0.662
0.217178
0.113267
0.662
0.521669
0.179005
0.111133
0.662
0.662
0.465179
0.404027
0.469777
0.662
0.231558
0.560532
0.662
0.662
0.156918
0.278945
0.431209
0.662
0.662
0.629969
0.662
0.277104
0.659708
0.28351
0.352825
0.662
0.365762
0.366501
0.662
0.662
0.418006
0.451677
0.100668
0.364655
0.56498
0.130113
0.662
0.518782
0.662
0.107732
0.662
0.662
0.3088
0.662
0.662
0.0282955
0.0932803
0.159471
0.408486
0.417594
0.0276159
0.662
0.490133
0.0371083
0.475102
0.335229
0.662
0.662
0.495191
0.662
0.662
0.662
0.197891
0.34669
0.662
0.662
0.662
0.211461
0.147857
0.399236
0.656978
0.271228
0.662
0.360809
0.334015
0.567466
0.106446
0.2104
0.311449
0.662
0.0986641
0.580123
0.194839
0.662
0.424768
0.414342
0.445577
0.0517825
0.400673
0.501995
0.662
0.0764696
0.567359
0.283417
0.145014
0.662
0.195757
0.662
0.612234
0.244828
0.218154
0.662
0.21733
0.19345
0.277589
0.370557
0.662
0.662
0.662
0.556497
0.246361
0.00184662
0.662
0.406011
0.662
0.344455
0.662
0.391042
0.535391
0.203734
0.63789
0.234536
0.060343
0.660619
0.662
0.439647
0.662
0.662
0.149288
0.246679
0.583697
0.126431
0.279277
0.428935
0.626854
0.662
0.414305
0.662
0.442152
0.265483
0.5683
0.526642
0.662
0.407605
0.662
0.363648
0.327032
0.662
0.203453
0.30676
0.185836
0.0951567
0.448193
0.662
0.280895
0.662
0.401856
0.662
0.424315
0.449366
0.392419
0.662
0.371179
0.662
0.662
0.662
0.379235
0.662
0.0400652
0.0392358
0.588063
0.188103
0.471259
0.662
0.0460488
0.0388649
0.662
0.242822
0.662
0.662
0.182682
0.662
0.662
0.395215
0.662
0.662
0.149836
0.662
0.662
0.662
0.494314
0.288113
0.338831
0.437031
0.662
0.232813
0.337221
0.0487087
0.662
0.662
0.538023
0.662
0.475606
0.480189
0.662
0.543823
0.662
0.662
0.217485
0.662
0.388276
0.662
0.426099
0.662
0.662
0.0228008
0.662
0.311984
0.435209
0.225455
0.662
0.432279
0.662
0.0655264
0.662
0.131172
0.190707
0.662
0.662
0.16373
0.662
0.300867
0.0616677
0.216044
0.659251
0.385679
0.375826
0.662
0.469453
0.0145402
0.662
0.314377
0.279444
0.319866
0.249531
0.662
0.662
0.4687
0.662
0.662
0.661592
0.430731
0.185867
0.437853
0.200684
0.477172
0.164168
0.662
0.343779
0.0893897
0.329725
0.662
0.662
0.0430604
0.498652
0.662
0.274806
0.402861
0.662
0.317441
0.662
0.662
0.0524927
0.662
0.407184
0.662
0.662
0.662
0.544114
0.662
0.0707158
0.242949
0.108945
0.609269
0.498771
0.662
0.662
0.310423
0.273617
0.662
0.451363
0.422013
0.661634
0.412944
0.556835
0.386183
0.372306
0.478875
0.301165
0.577999
0.662
0.352475
0.662
0.188075
0.382793
0.662
0.4765
0.662
0.113361
0.662
0.626786
0.187518
0.371291
0.662
0.188527
0.662
0.662
0.449055
0.24615
0.590632
0.662
0.662
0.342423
0.047788
0.438644
0.662
0.405317
0.662
0.511285
0.662
0.600126
0.0265388
0.657979
0.0279852
0.662
0.631775
0.577454
0.662
0.662
0.662
0.0850337
0.64451
0.185829
0.402662
0.662
0.158184
0.662
0.192124
0.662
0.420918
0.662
0.662
0.498982
0.0922168
0.659339
0.201028
0.23109
0.662
0.0393831
0.41937
0.27331
0.331409
0.662
0.0899237
0.662
0.662
0.304701
0.662
0.662
0.496042
0.662
0.662
0.446856
0.175344
0.00159447
0.662
0.446117
0.555367
0.0438677
0.549009
0.206229
0.537526
0.0994441
0.662
0.662
0.204747
0.367047
0.662
0.448249
0.384497
0.434989
0.378331
0.480099
0.662
0.137452
0.662
0.200208
0.662
0.272985
0.662
0.662
0.255145
0.662
0.0692194
0.323152
0.567315
0.190055
0.18803
0.18064
0.662
0.2021
0.519874
0.427421
0.662
0.16745
0.252764
0.662
0.191941
0.662
0.162921
0.662
0.662
0.662
0.300743
0.651141
0.648565
0.42175
0.261865
0.482714
0.196769
0.20311
0.0630844
0.662
0.415695
0.662
0.662
0.662
0.662
0.0720368
0.631184
0.0630309
0.206748
0.662
0.39565
0.662
0.20683
0.662
0.662
0.451433
0.662
0.0268252
0.659915
0.499302
0.310137
0.662
0.32767
0.421426
0.235539
0.396191
0.662
0.17347
0.662
0.345698
0.0667787
0.261943
0.046234
0.662
0.662
0.473317
0.637454
0.50189
0.201282
0.662
0.662
0.662
0.202621
0.662
0.662
0.483921
0.662
0.198496
0.474294
0.205802
0.662
0.341292
0.0438936
0.508381
0.188735
0.662
0.560866
0.662
0.662
0.121166
0.662
0.641438
0.270258
0.0720184
0.00607688
0.662
0.662
0.662
0.410283
0.092498
0.177398
0.658993
0.662
0.427636
0.102943
0.534641
0.287637
0.662
0.517703
0.559633
0.612394
0.30893
0.109243
0.662
0.18212
0.156831
0.183998
0.503827
0.278878
0.662
0.388195
0.125209
0.0446473
0.662
0.205901
0.215664
0.224963
0.662
0.662
0.662
0.0838205
0.456714
0.647562
0.00806404
0.611476
0.662
0.569955
0.632346
0.0871151
0.662
0.0795886
0.123188
0.662
0.385284
0.259995
0.448068
0.662
0.662
0.662
0.662
0.300552
0.662
0.106061
0.520962
0.287641
0.268217
0.0557914
0.662
0.220321
0.0335646
0.373806
0.662
0.128892
0.283018
0.0751209
0.452665
0.662
0.662
0.427239
0.662
0.606361
0.427669
0.662
0.662
0.662
0.446147
0.662
0.662
0.177608
0.41248
0.253515
0.204417
0.19539
0.645715
0.212976
0.662
0.00886858
0.265184
0.662
0.0891995
0.662
0.310669
0.662
0.662
0.157176
0.191946
0.662
0.430373
0.579721
0.233102
0.130135
0.293007
0.322864
0.460327
0.300744
0.238116
0.0931332
0.662
0.10627
0.662
0.58407
0.40362
0.396923
0.662
0.256198
0.112355
0.662
0.662
0.553494
0.493565
0.180295
0.287126
0.410417
0.662
0.0446028
0.662
0.662
0.388383
0.662
0.662
0.568516
0.273032
0.662
0.405785
0.434797
0.316042
0.662
0.662
0.391053
0.072257
0.12335
0.662
0.32093
0.662
0.309643
0.662
0.662
0.267212
0.323467
0.0514015
0.15598
0.499601
0.31143
0.662
0.123487
0.194468
0.422113
0.167788
0.208587
0.515488
0.151199
0.459765
0.457383
0.320654
0.631453
0.662
0.638267
0.662
0.330922
0.603808
0.662
0.662
0.555208
0.378819
0.608678
0.188557
0.163134
0.441564
0.662
0.544407
0.662
0.292074
0.662
0.383811
0.629011
0.662
0.662
0.117229
0.662
0.261702
0.349489
0.637504
0.662
0.014234
0.426511
0.629612
0.198711
0.662
0.400613
0.662
0.662
0.662
0.352423
0.418334
0.662
0.24486
0.429749
0.186208
0.164883
0.507064
0.662
0.662
0.212995
0.120373
0.24863
0.662
0.433784
0.172211
0.405962
0.662
0.570197
0.00560857
0.211597
0.226723
0.662
0.662
0.647701
0.0773521
0.170382
0.236446
0.444812
0.423489
0.290223
0.251893
0.662
0.345219
0.351294
0.662
0.291582
0.421044
0.662
0.00286882
0.662
0.10004
0.398275
0.613488
0.191835
0.149346
0.662
0.590577
0.148296
0.37929
0.152871
0.301073
0.204839
0.662
0.662
9.37682e-05
0.662
0.323528
0.197015
0.662
0.194093
0.538427
0.662
0.152325
0.465012
0.33335
0.478691
0.662
0.0362088
0.655079
0.0988742
0.638954
0.662
0.593586
0.662
0.662
0.124768
0.610148
0.386266
0.662
0.662
0.113391
0.295588
0.662
0.493028
0.334934
0.662
0.164284
0.237138
0.472009
0.662
0.23431
0.280715
0.268857
0.225448
0.204213
0.362038
0.37438
0.0560619
0.620712
0.310561
0.46569
0.308573
0.662
0.662
0.228229
0.291047
0.0132427
0.406124
0.570096
0.195788
0.662
0.320318
0.662
0.284822
0.662
0.662
0.224348
0.419355
0.433934
0.219165
0.204329
0.135905
0.454742
0.206236
0.430353
0.285841
0.662
0.361691
0.469987
0.662
0.090236
0.348983
0.308553
0.250187
0.26222
0.526442
0.662
0.662
0.482419
0.662
0.662
0.320769
0.662
0.0243851
0.662
0.662
0.662
0.641856
0.412991
0.25178
0.662
0.0182708
0.0177012
0.333144
0.210382
0.35377
0.282032
0.194393
0.187459
0.334346
0.471073
0.309473
0.598121
0.512356
0.610435
0.662
0.529056
0.155475
0.662
0.308144
0.0727776
0.227948
0.662
0.454841
0.29152
0.427343
0.118508
0.136224
0.138233
0.336757
0.0261334
0.229354
0.662
0.157393
0.237023
0.267189
0.303145
0.298442
0.662
0.630745
0.662
0.662
0.178328
0.662
0.230969
0.310578
0.031673
0.466209
0.662
0.662
0.662
0.126218
0.662
0.199883
0.662
0.662
0.662
0.137078
0.468287
0.0766064
0.662
0.662
0.662
0.242004
0.400629
0.662
0.363976
0.662
0.246212
0.33618
0.374787
0.662
0.401319
0.212605
0.20784
0.373985
0.662
0.662
0.662
0.662
0.662
0.0708249
0.340011
0.399478
0.131906
0.146668
0.190249
0.0947897
0.662
0.662
0.662
0.662
0.228753
0.304029
0.221988
0.33653
0.116173
0.662
0.14191
0.173827
0.602719
0.662
0.63339
0.662
0.229377
0.662
0.199871
0.662
0.188227
0.662
0.072116
0.38426
0.373691
0.463536
0.265801
0.662
0.662
0.0878796
0.299196
0.178828
0.162125
0.00311553
0.475837
0.260214
0.308837
0.567267
0.435142
0.280143
0.662
0.220555
0.662
0.662
0.467285
0.0946367
0.331997
0.0635834
0.604144
0.205738
0.662
0.0812722
0.187274
0.020662
0.278064
0.456662
0.331542
0.237512
0.0204488
0.662
0.155305
0.455725
0.551311
0.0962042
0.262526
0.088162
0.152403
0.330186
0.662
0.662
0.618724
0.662
0.662
0.424434
0.0191451
0.294763
0.449263
0.0599459
0.442432
0.662
0.662
0.662
0.662
0.538161
0.662
0.662
0.08278
0.506496
0.662
0.0964286
0.269323
0.662
0.100972
0.662
0.111301
0.231142
0.476135
0.662
0.610012
0.334526
0.662
0.560627
0.274467
0.383397
0.519845
0.434036
0.197072
0.402548
0.662
0.662
0.662
0.662
0.662
0.125259
0.653006
0.662
0.166074
0.275599
0.463352
0.105763
0.405446
0.662
0.661134
0.408151
0.662
0.483278
0.364947
0.662
0.662
0.049245
0.623389
0.576854
0.449563
0.655766
0.662
0.662
0.237302
0.251412
0.537609
0.455874
0.0106245
0.402639
0.51761
0.662
0.357044
0.437577
0.662
0.348072
0.202503
0.662
0.118654
0.286981
0.231572
0.217522
0.647717
0.129387
0.662
0.662
0.0198489
0.662
0.602617
0.140756
0.662
0.287781
0.136284
0.231172
0.662
0.662
0.192821
0.662
0.662
0.662
0.117876
0.662
0.160184
0.115028
0.18065
0.472908
0.662
0.397552
0.662
0.662
0.247991
0.0693103
0.662
0.662
0.264669
0.188843
0.662
0.238028
0.662
0.309925
0.662
0.212416
0.662
0.0417661
0.252838
0.396969
0.662
0.576415
0.590984
0.385156
0.606937
0.662
0.126723
0.662
0.240035
0.402196
0.246285
0.526596
0.662
0.213542
0.455466
0.662
0.662
0.276628
0.297472
0.191535
0.662
0.662
0.362541
0.348996
0.660235
0.245628
0.34557
0.261181
0.387116
0.662
0.00719848
0.460883
0.31068
0.662
0.662
0.427861
0.662
0.2004
0.112978
0.662
0.327943
0.186337
0.662
0.412184
0.662
0.579364
0.627352
0.662
0.559544
0.234633
0.329755
0.00909349
0.662
0.268624
0.0609533
0.629078
0.181533
0.423578
0.454337
0.662
0.662
0.137619
0.456184
0.191141
0.662
0.134746
0.662
0.655512
0.662
0.662
0.111817
0.662
0.305005
0.662
0.662
0.319907
0.0489259
0.159148
0.662
0.100608
0.662
0.371135
0.662
0.213844
0.115664
0.179347
0.510648
0.0325801
0.621506
0.662
0.0908018
0.284331
0.143416
0.42122
0.478657
0.0186358
0.662
0.662
0.204731
0.662
0.590766
0.662
0.662
0.46544
0.662
0.662
0.0522381
0.609848
0.662
0.662
0.106241
0.406474
0.572693
0.662
0.516787
0.445582
0.662
0.577519
0.662
0.662
0.662
0.258128
0.582935
0.662
0.662
0.662
0.399045
0.160858
0.140888
0.55179
0.00891463
0.112995
0.444577
0.662
0.426112
0.400808
0.15935
0.404269
0.342223
0.516686
0.596985
0.662
0.568792
0.662
0.44026
0.108845
0.192888
0.662
0.662
0.418919
0.566744
0.435354
0.662
0.662
0.0403544
0.609298
0.607177
0.0609275
0.662
0.662
0.143978
0.488315
0.604235
0.381163
0.197628
0.662
0.224704
0.209663
0.231297
0.370492
0.662
0.662
0.662
0.444936
0.227191
0.264069
0.662
0.642789
0.395219
0.474074
0.277913
0.448566
0.442623
0.57163
0.199175
0.632182
0.337705
0.662
0.241133
0.662
0.154512
0.662
0.0226034
0.0372243
0.662
0.662
0.228052
0.363716
0.436047
0.00780502
0.225836
0.442127
0.662
0.662
0.313376
0.47751
0.662
0.440536
0.662
0.480679
0.277275
0.411607
0.535554
0.330831
0.662
0.598544
0.662
0.457408
0.436003
0.64364
0.560081
0.662
0.453733
0.662
0.662
0.492858
0.208676
0.301031
0.662
0.499104
0.2886
0.662
0.662
0.232918
0.632005
0.662
0.662
0.330703
0.149714
0.351305
0.185731
0.50257
0.391585
0.620757
0.662
0.187703
0.53079
0.658974
0.0613592
0.466253
0.662
0.662
0.662
0.662
0.402268
0.182786
0.49521
0.662
0.626011
0.282282
0.638818
0.0140115
0.352522
0.0877389
0.662
0.239419
0.314353
0.46175
0.662
0.662
0.0852132
0.00844774
0.662
0.179164
0.662
0.577035
0.559318
0.522798
0.486359
0.189476
0.662
0.662
0.353061
0.653274
0.662
0.190809
0.209771
0.439946
0.361012
0.662
0.356385
0.203101
0.310836
0.525574
0.189808
0.497704
0.662
0.662
0.662
0.662
0.662
0.43597
0.520585
0.63339
0.654703
0.657805
0.662
0.0413338
0.497444
0.0592951
0.0202852
0.660357
0.662
0.333347
0.662
0.662
0.538446
0.662
0.127142
0.59282
0.429889
0.514534
0.176981
0.662
0.662
0.41724
0.662
0.662
0.662
0.125526
0.4886
0.0171856
0.211933
0.484844
0.0987197
0.653605
0.389287
0.382093
0.423112
0.662
0.662
0.273369
0.662
0.662
0.0870163
0.0465245
0.127792
0.556132
0.662
0.408589
0.603346
0.662
0.382799
0.649289
0.662
0.179499
0.193339
0.662
0.662
0.662
0.00665832
0.234384
0.662
0.662
0.166287
0.185935
0.662
0.0323738
0.662
0.340087
0.10936
0.298757
0.662
0.628184
0.662
0.662
0.323827
0.475583
0.662
0.662
0.226329
0.61324
0.662
0.62661
0.662
0.662
0.589705
0.545629
0.488625
0.654987
0.272246
0.472521
0.58527
0.232944
0.662
0.231703
0.255338
0.262336
0.274141
0.0503444
0.662
0.662
0.662
0.117336
0.457863
0.662
0.250067
0.0897986
0.285661
0.30624
0.287098
0.361549
0.146536
0.475961
0.26826
0.662
0.303011
0.662
0.14965
0.662
0.662
0.662
0.662
0.662
0.662
0.0548331
0.425224
0.503798
0.662
0.544847
0.24094
0.662
0.363043
0.450746
0.20152
0.199674
0.453308
0.407558
0.662
0.662
0.662
0.190331
0.0618771
0.110455
0.110211
0.373555
0.170246
0.0907706
0.397066
0.410652
0.21801
0.282224
0.227891
0.197934
0.0238165
0.662
0.546971
0.662
0.662
0.640501
0.141904
0.288751
0.480151
0.16485
0.615992
0.187527
0.417484
0.538318
0.662
0.662
0.0479595
0.662
0.489055
0.512434
0.0500195
0.354276
0.202159
0.252799
0.662
0.662
0.303289
0.662
0.128819
0.00360765
0.597997
0.615514
0.447331
0.662
0.662
0.452029
0.662
0.508983
0.442157
0.640855
0.131701
0.662
0.444
0.351934
0.662
0.0579228
0.662
0.279573
0.38902
0.221429
0.320574
0.662
0.372869
0.210561
0.662
0.0244095
0.457984
0.426465
0.281334
0.651976
0.662
0.624288
0.662
0.635457
0.134717
0.358605
0.597629
0.477438
0.0604593
0.264267
0.662
0.273683
0.293759
0.662
0.0406997
0.662
0.462339
0.662
0.37645
0.625701
0.105827
0.662
0.662
0.224748
0.32938
0.0832798
0.247731
0.37606
0.436955
0.190206
0.373842
0.662
0.662
0.143594
0.428515
0.0717216
0.662
0.662
0.485903
0.0244539
0.000664317
0.121118
0.220906
0.662
0.662
0.570263
0.277506
0.100246
0.662
0.422656
0.384574
0.477134
0.662
0.662
0.545555
0.662
0.324858
0.662
0.662
0.415617
0.395883
0.363983
0.369037
0.156989
9.36399e-05
0.662
0.245839
0.227146
0.162242
0.14264
0.662
0.662
0.178019
0.226969
0.0414239
0.303059
0.205632
0.662
0.662
0.336578
0.571663
0.662
0.662
0.262642
0.531332
0.0419066
0.662
0.593382
0.608631
0.189802
0.657469
0.662
0.662
0.649072
0.662
0.662
0.231158
0.378028
0.244293
0.0400923
0.383505
0.400024
0.662
0.662
0.108068
0.418964
0.295267
0.165875
0.2474
0.662
0.171117
0.272718
0.220862
0.188698
0.456438
0.483264
0.662
0.662
0.0591735
0.0360167
0.662
0.33345
0.338402
0.587423
0.515861
0.662
0.661231
0.662
0.662
0.662
0.662
0.662
0.662
0.0514564
0.0185223
0.662
0.0230227
0.318312
0.348295
0.662
0.657705
0.662
0.287262
0.313791
0.124216
0.662
0.212008
0.662
0.13352
0.0601824
0.173562
0.0472603
0.662
0.579425
0.662
0.00573573
0.662
0.662
0.662
0.28927
0.3968
0.0883189
0.662
0.394774
0.348677
0.662
0.662
0.387212
0.626805
0.198057
0.122386
0.407229
0.106803
0.357841
0.32923
0.369734
0.662
0.0391241
0.445048
0.662
0.604455
0.600055
0.510896
0.648764
0.220093
0.662
0.662
0.565294
0.662
0.62356
0.585735
0.662
0.260666
0.219176
0.662
0.320384
0.662
0.161427
0.662
0.053861
0.147032
0.132273
0.444842
0.662
0.277998
0.192227
0.201652
0.21187
0.4146
0.433079
0.0977561
0.288567
0.0405978
0.662
0.554736
0.555091
0.195748
0.0978357
0.456711
0.517607
0.243792
0.662
0.468086
0.662
0.216538
0.275426
0.418348
0.142834
0.662
0.286698
0.124083
0.259326
0.662
0.662
0.120015
0.0470437
0.221589
0.0127021
0.662
0.301398
0.152908
0.240579
0.621144
0.207071
0.662
0.662
0.46298
0.662
0.351414
0.662
0.0427218
0.662
0.399096
0.202721
0.662
0.177773
0.0783208
0.662
0.240809
0.553884
0.119275
0.156436
0.618057
0.652212
0.319523
0.662
0.596144
0.291443
0.0101056
0.662
0.603462
0.662
0.428908
0.662
0.490281
0.662
0.662
0.662
0.156508
0.662
0.649175
0.217653
0.662
0.44599
0.662
0.070811
0.344646
0.0913757
0.662
0.373199
0.620719
0.428047
0.514253
0.424683
0.662
0.31679
0.662
0.311028
0.662
0.661892
0.33618
0.662
0.308693
0.362898
0.662
0.251816
0.37614
0.662
0.662
0.662
0.331434
0.54704
0.662
0.476562
0.64318
0.662
0.662
0.662
0.0656908
0.0902688
0.114709
0.504276
0.471811
0.37052
0.649023
0.567302
0.548533
0.662
0.442825
0.193755
0.347063
0.450505
0.330113
0.258444
0.662
0.382778
0.312598
0.426611
0.458655
0.474508
0.366553
0.495292
0.171016
0.118817
0.0741383
0.662
0.306717
0.143709
0.139437
0.101005
0.662
0.662
0.200444
0.45094
0.275167
0.0901174
0.00621614
0.0836748
0.192336
0.0772076
0.280593
0.662
0.159701
0.490251
0.662
0.228221
0.205582
0.647792
0.404792
0.662
0.662
0.35334
0.108518
0.168346
0.65506
0.662
0.26027
0.431035
0.101542
0.662
0.471806
0.662
0.662
0.400641
0.0347375
0.190866
0.372329
0.306806
0.65697
0.38199
0.662
0.325882
0.15052
0.662
0.662
0.241172
0.564345
0.0883429
0.662
0.0555087
0.656522
0.533409
0.51525
0.662
0.172932
0.234301
0.662
0.662
0.525392
0.182047
0.267472
0.352452
0.662
0.220987
0.228617
0.662
0.179043
0.662
0.662
0.1236
0.10695
0.0708086
0.662
0.662
0.0451761
0.662
0.662
0.446255
0.119483
0.375959
0.0514533
0.657195
0.662
0.662
0.62152
0.0498885
0.195821
0.453343
0.662
0.258997
0.635622
0.365086
0.662
0.662
0.590012
0.662
0.530121
0.574843
0.0165298
0.0362234
0.49184
0.112977
0.225043
0.662
0.480053
0.662
0.09782
0.662
0.210989
0.195226
0.662
0.662
0.40507
0.319389
0.216119
0.134246
0.662
0.359749
0.0135029
0.474431
0.361354
0.193931
0.515755
0.625315
0.0618212
0.662
0.662
0.54431
0.26429
0.537514
0.490171
0.662
0.10587
0.341548
0.557058
0.535981
0.662
0.0940074
0.189888
0.194741
0.662
0.662
0.662
0.662
0.662
0.314759
0.662
0.148234
0.274695
0.523743
0.602511
0.513878
0.0574122
0.662
0.662
0.19745
0.589792
0.582692
0.662
0.546264
0.662
0.662
0.597348
0.662
0.179828
0.621269
0.632275
0.662
0.620006
0.125839
0.662
0.662
0.603001
0.350016
0.477478
0.662
0.662
0.662
0.637805
0.662
0.279979
0.633694
0.367019
0.662
0.553257
0.110104
0.0785809
0.662
0.662
0.415468
0.407835
0.542637
0.110089
0.372824
0.662
0.662
0.138312
0.662
0.528667
0.545135
0.195698
0.662
0.0462257
0.662
0.662
0.662
0.0347488
0.662
0.276962
0.662
0.19549
0.149048
0.265479
