0.137431
0.156441
0.46832
0.662
0.0146225
0.589624
0.241946
0.662
0.662
0.472972
0.662
0.395975
0.0336128
0.184528
0.0979406
0.2264
0.235747
0.662
0.578211
0.662
0.13574
0.581777
0.662
0.662
0.464201
0.345029
0.411928
0.380029
0.662
0.26433
0.3025
0.25276
0.0402597
0.226842
0.259169
0.165643
0.181126
0.62226
0.110781
0.662
0.662
0.662
0.443091
0.193585
0.658804
0.360631
0.575174
0.0959911
0.644572
0.662
0.0387194
0.498428
0.597664
0.662
0.039242
0.237088
0.662
0.396304
0.0363834
0.509827
0.409161
0.662
0.480375
0.662
0.454547
0.662
0.662
0.662
0.234656
0.367126
0.0951038
0.549759
0.0825016
0.234831
0.363028
0.133072
0.660638
0.286181
0.0293043
0.303672
0.63845
0.662
0.272836
0.437028
0.662
0.299822
0.397535
0.112655
0.159211
0.413366
0.662
0.662
0.662
0.662
0.662
0.483766
0.662
0.133303
0.63911
0.662
0.190881
0.212602
0.24828
0.662
0.622115
0.662
0.662
0.234937
0.142691
0.222457
0.610779
0.199892
0.254205
0.544487
0.0816758
0.662
0.202333
