0.0877389
0.662
0.106061
0.662
0.0308915
0.301073
0.352825
0.193849
0.483264
0.0500617
0.620234
0.610081
0.509129
0.662
0.50189
0.138359
0.415104
0.662
0.36943
0.0479595
0.662
0.662
0.299958
0.662
0.390647
0.662
0.662
0.404792
0.331214
0.662
0.512676
0.662
0.627352
0.619745
0.24615
0.662
0.205582
0.662
0.502295
0.166338
0.616517
0.2886
0.662
0.525755
0.662
0.44359
0.662
0.453308
0.352857
0.379584
0.662
0.473317
0.662
0.662
0.352423
0.513147
0.443799
0.662
0.110455
0.610047
0.630755
0.100668
0.00597785
0.662
0.375826
0.373985
0.271228
0.662
0.265452
0.283643
0.233102
0.308094
0.142057
0.576854
0.629763
0.182223
0.576008
0.662
0.178419
0.0167441
0.643729
0.207455
0.608913
0.0216625
0.662
0.662
0.25547
0.46632
0.58527
0.0832798
0.417098
0.213542
0.662
0.535981
0.286918
0.268217
0.229088
0.662
0.662
0.235621
0.662
0.508381
0.134673
0.478691
0.397251
0.14292
0.662
0.662
0.369829
0.279236
0.662
0.378053
0.391013
0.135122
0.173731
0.662
0.662
0.00203071
0.367786
0.400613
0.662
0.432936
0.237512
0.181313
0.189249
0.278381
0.259721
0.340011
0.331999
0.423025
0.662
0.304851
0.474328
0.455874
0.662
0.195236
0.0839958
0.537609
0.662
0.662
0.286893
0.0656908
0.662
0.517145
0.612055
0.651141
0.224055
0.180607
0.662
0.076848
0.662
0.0882487
0.662
0.601325
0.662
0.662
0.225288
0.0557818
0.443236
0.145662
0.52167
0.282032
0.207818
0.137957
0.662
0.429749
0.492858
0.00621614
0.471928
0.172108
0.118935
0.141936
0.662
0.662
0.629706
0.41724
0.662
0.0901081
0.658993
0.662
0.480053
0.662
0.61324
0.662
0.655766
0.662
0.662
0.588063
0.0517868
0.662
0.424768
0.066572
0.662
0.319704
0.290223
0.662
0.535921
0.567315
0.435535
0.298007
0.25953
0.408815
0.336578
0.662
0.140527
0.519874
0.662
0.662
0.662
0.662
0.180584
0.382012
0.644624
0.662
0.0612675
0.433613
0.662
0.662
0.167569
0.0951567
0.327193
0.662
0.387116
0.195522
0.433784
0.300632
0.201028
0.662
0.631453
0.662
0.287126
0.662
0.464687
0.662
0.252788
0.354063
0.0511693
0.117574
0.645715
0.662
0.360809
0.490281
0.417185
0.447221
0.482714
0.367861
0.45302
0.662
0.653329
0.462915
0.405194
0.186801
0.0434945
0.660357
0.207071
0.301086
0.0230541
0.229377
0.33425
0.64364
0.409951
0.507648
0.662
0.170248
0.662
0.302303
0.662
0.662
0.133278
0.662
0.113361
0.124558
0.214625
0.659506
0.444936
0.087915
0.662
0.00806404
0.662
0.134717
0.662
0.662
0.660619
0.604248
0.658974
0.393936
0.218483
0.212787
0.256858
0.362329
0.275393
0.662
0.204249
0.662
0.214775
0.662
0.662
0.662
0.310564
0.662
0.581638
0.00971443
0.662
0.431387
0.405397
0.662
0.135922
0.0214778
0.662
0.624491
0.493969
0.662
0.662
0.536357
0.432511
0.662
0.179499
0.109078
0.2101
0.662
0.541418
0.243503
0.662
0.60838
0.241594
0.197934
0.254541
0.662
0.220361
0.219693
0.662
0.0265388
0.306715
0.0622164
0.637559
0.230866
0.630376
0.662
0.662
0.387212
0.354276
0.102893
0.662
0.662
0.662
0.0101348
0.262849
0.231158
0.529056
0.449899
0.356951
0.130876
0.39577
0.662
0.250067
0.662
0.450101
0.188103
0.658914
0.311449
0.662
0.290941
0.662
0.237565
0.610148
0.468633
0.278068
0.456191
0.662
0.432216
0.123091
0.364474
0.068741
0.548404
0.157182
0.37017
0.499104
0.662
0.173707
0.21801
0.0127021
0.662
0.662
0.662
0.0693103
0.662
0.421604
0.113267
0.305548
0.590278
0.662
0.662
0.662
0.0871151
0.0187956
0.231297
0.50257
0.209663
0.242949
0.323068
0.662
0.219557
0.371179
0.555091
0.631775
0.662
0.205632
0.228617
0.593912
0.112023
0.286236
0.662
0.662
0.489031
0.473451
0.153012
0.662
0.4765
0.662
0.401574
0.217522
0.662
0.101416
0.182535
0.23109
0.51525
0.164883
0.300839
0.0772076
3.95291e-05
0.304221
0.662
0.0292805
0.662
0.056957
0.322412
0.633705
0.391585
0.146073
