0.162484
0.337464
0.662
0.203918
0.203654
0.606709
0.466513
0.662
0.422805
0.0581138
0.628765
0.662
0.346894
0.528152
0.662
0.662
0.662
0.653928
0.217709
0.0115534
0.563983
0.662
0.624007
0.26178
0.662
0.181195
0.662
0.0815309
0.204671
0.436895
0.662
0.262847
0.662
0.121515
0.293835
0.10329
0.273302
0.159405
0.226602
0.662
0.464046
0.662
0.662
0.662
0.662
0.662
0.233548
0.662
0.319099
0.60653
0.233886
0.440343
0.662
0.662
0.461837
0.0725829
0.662
0.040354
0.140565
0.433516
0.662
0.283388
0.549314
0.192958
0.662
0.220189
0.112248
0.662
0.662
0.662
0.139424
0.662
0.662
0.662
0.662
0.266343
0.0564865
0.17468
0.662
0.152184
0.118242
0.245599
0.00964761
0.662
0.662
0.560983
0.629133
0.662
0.520406
0.662
0.662
0.389507
0.662
0.662
0.170877
0.662
0.662
0.464051
0.662
0.36347
0.364594
0.363807
0.662
0.118248
0.561228
0.542652
0.388642
0.662
0.662
0.188421
0.319965
0.662
0.662
0.662
0.662
0.662
0.311877
0.35185
0.382925
0.146275
0.415045
0.376319
0.197002
0.565262
0.133576
0.100589
0.638944
0.0713097
0.398822
0.237846
0.662
0.185257
0.662
0.0668908
0.367561
0.360103
0.412563
0.29474
0.662
0.0433646
0.557414
0.662
0.662
0.662
0.111918
0.308422
0.117031
0.662
0.11649
0.662
0.662
0.171577
0.308773
0.662
0.0070894
0.0202641
0.317051
0.601509
0.662
0.219322
0.0902971
0.662
0.656014
0.430302
0.642382
0.662
0.020472
0.432787
0.662
0.662
0.20971
0.322077
0.148026
0.662
0.203833
0.350093
0.231621
0.662
0.662
0.662
0.662
0.661374
0.662
0.107954
0.476607
0.324243
0.658634
0.0284802
0.00604369
0.641549
0.662
0.24262
0.274626
0.662
0.308353
0.399334
0.210061
0.445602
0.0396389
0.662
0.154384
0.609443
0.535934
0.662
0.244612
0.497149
0.633391
0.255849
0.662
0.137962
0.558049
0.115231
0.644801
0.521879
0.662
0.224153
0.574546
0.495123
0.662
0.440325
0.662
0.662
0.662
0.0840493
0.0131538
0.662
0.327883
0.0660672
0.662
0.355147
0.469661
0.163609
0.662
0.232146
0.480699
0.0820396
0.662
0.662
0.662
0.662
0.126628
0.0639585
0.662
0.313651
0.16154
0.556507
0.662
0.618487
0.305018
0.437687
0.662
0.196883
0.354546
0.607435
0.490173
0.36137
0.440688
0.0508605
0.662
0.213148
0.0557999
0.280716
0.662
0.312246
0.361226
0.191309
0.662
0.662
0.662
0.662
0.662
0.27281
0.189851
0.662
0.356692
0.22272
0.197737
0.252043
0.662
0.252712
0.662
0.662
0.600894
0.448334
0.662
0.302037
0.662
0.662
0.662
0.662
0.662
0.0532134
0.374029
0.612813
0.201025
0.335137
0.22436
0.234693
0.662
0.662
0.662
0.287891
0.137587
0.372254
0.461789
0.662
0.396692
0.291633
0.364989
0.662
0.662
0.237804
0.244253
0.662
0.662
0.662
0.348216
0.0912001
0.580616
0.662
0.475439
0.279133
0.141113
0.543806
0.137714
0.408232
0.292658
0.154262
0.662
0.191055
0.662
0.662
0.662
0.274019
0.0562287
0.662
0.662
0.662
0.315483
0.662
0.662
0.193412
0.662
0.196941
0.662
0.662
0.279411
0.617175
0.662
0.662
0.662
0.587114
0.662
0.391689
0.545414
0.0424604
0.662
0.662
0.314844
0.662
0.652652
0.456789
0.0591354
0.662
0.184841
0.662
0.662
0.662
0.662
0.662
0.425545
0.366842
0.338111
0.662
0.662
0.662
0.0601051
0.37573
0.465306
0.268254
0.662
0.216669
0.662
0.0986885
0.0332847
0.662
0.662
0.0535105
0.662
0.225706
0.197474
0.135816
0.351153
0.662
0.513811
0.644135
0.606399
0.297315
0.355189
0.568765
0.662
0.662
0.662
0.662
0.662
0.212067
0.472105
0.410523
0.662
0.0315034
0.662
0.662
0.50325
0.0924174
0.06905
0.165634
0.662
0.662
0.0709499
0.628862
0.169843
0.413676
0.662
0.209776
0.389036
0.150815
0.0186662
0.551859
0.662
0.662
0.389833
0.662
0.194965
0.356711
0.436306
0.256595
0.18546
0.277823
0.223624
0.662
0.421221
0.622736
0.662
0.302807
0.266375
0.243576
0.662
0.614647
0.57027
0.0425556
0.22562
0.08612
0.0873204
0.662
0.662
0.453919
0.225918
0.310765
0.662
0.662
0.363045
0.662
0.190939
0.662
0.662
0.445347
0.662
0.662
0.437853
0.662
0.545975
0.637499
0.558601
0.537537
0.631398
0.40777
0.662
0.0939863
0.662
0.228941
0.262175
0.662
0.184284
0.662
0.662
0.0963965
0.149532
0.423818
0.422283
