0.368355
0.147666
0.338687
0.0909546
0.614321
0.220947
0.523496
0.662
0.174466
0.602031
0.0659096
0.283287
0.203589
0.134888
0.662
0.0779402
0.597664
0.0688591
0.444592
0.467026
0.620333
0.640109
0.662
0.642754
0.575418
0.420944
0.413374
0.119347
0.406485
0.662
0.662
0.650406
0.328837
0.662
0.340235
0.217406
0.662
0.42937
0.662
0.544886
0.247083
0.0780546
0.662
0.662
0.0725722
0.422523
0.0804359
0.662
0.662
0.662
0.428263
0.195957
0.0875235
0.213081
0.132234
0.589624
0.649422
0.428084
0.167914
0.24162
0.662
0.258236
0.255953
0.638521
0.539898
0.544487
0.662
0.635769
0.662
0.662
0.325412
0.0680664
0.306974
0.662
0.333761
0.125434
0.0356944
0.662
0.10491
0.345029
0.105584
0.65947
0.619577
0.459685
0.22405
0.662
0.327595
0.482473
0.273915
0.662
0.196787
0.619736
0.662
0.467689
0.655148
0.303446
0.471643
0.572434
0.140391
0.662
0.184497
0.627694
0.213113
0.419362
0.41012
0.616864
0.662
0.111519
0.662
0.658804
0.292355
0.210428
0.662
0.133281
0.662
0.0349682
0.0579289
0.0945853
0.369759
0.311908
0.22699
0.612813
0.118432
0.497504
0.206514
0.146638
0.662
0.192036
0.662
0.620815
0.662
0.277214
0.0510526
0.309753
0.158336
0.332337
0.625469
0.212768
0.0348165
0.203924
0.0458083
0.119408
0.423911
0.662
0.0490953
0.35117
0.466917
0.662
0.407252
0.631066
0.543223
0.662
0.513214
0.662
0.187807
0.662
0.502174
0.662
0.662
0.261803
0.369294
0.371393
0.185495
0.662
0.262135
0.662
0.499989
0.662
0.627591
0.582835
0.420145
0.0364608
0.486817
0.108329
0.304035
0.328252
0.662
0.233006
0.662
0.662
0.662
0.202183
0.211801
0.210164
0.272709
0.662
0.245498
0.370887
0.662
0.662
0.662
0.364439
0.662
0.368242
0.456884
0.662
0.509827
0.0486702
0.662
0.662
0.662
0.428487
0.504734
0.662
0.334756
0.662
0.283314
0.662
0.131189
0.654596
0.298097
0.175369
0.472953
0.375307
0.0433899
0.450747
0.265445
0.662
0.210399
0.269455
0.36581
0.396564
0.662
0.662
0.210281
0.0556788
0.124954
0.0425279
0.662
0.662
0.592362
0.526711
0.230478
0.288262
0.662
0.638763
0.418428
0.642378
0.182795
0.123992
0.662
0.454585
0.480482
0.662
0.165952
0.19744
0.458769
0.0291697
0.263299
0.487936
0.574191
0.656181
0.357834
0.189645
0.662
0.662
0.662
0.0356126
0.111773
0.662
0.63845
0.644572
0.662
0.329909
0.662
0.662
0.662
0.662
0.335986
0.662
0.662
0.662
0.662
0.233765
0.366636
0.00757593
0.662
0.662
0.129725
0.458687
0.581196
0.40634
0.151504
0.662
0.662
0.187111
0.662
0.662
0.27316
0.190881
0.227764
0.662
0.662
0.527457
0.445414
0.662
0.297362
0.662
0.26391
0.662
0.220485
0.662
0.111592
0.263686
0.28481
0.640011
0.662
0.199404
0.316049
0.662
0.662
0.0463622
0.175181
0.662
0.517813
0.406358
0.376728
0.385321
0.414082
0.107769
0.267331
0.662
0.662
0.659035
0.163906
0.26946
0.321576
0.471402
0.456065
0.662
0.662
0.662
0.137431
0.604317
0.377715
0.412484
0.212836
0.325439
0.289311
0.311539
0.162294
0.158829
0.178403
0.662
0.425374
0.662
0.417298
0.21812
0.0188136
0.116194
0.662
0.662
0.303218
0.464201
0.493115
0.159299
0.421787
0.419061
0.583254
0.0655621
0.662
0.216076
0.15383
0.182473
0.0743727
0.64485
0.454853
0.662
0.388908
0.662
0.662
0.271613
0.167871
0.644852
0.662
0.216106
0.37948
0.130004
0.133823
0.194037
0.634896
0.662
0.446576
0.662
0.578211
0.0661268
0.159297
0.662
0.662
0.0327764
0.231825
0.197797
0.0943949
0.213533
0.662
0.662
0.231019
0.662
0.662
0.401265
0.662
0.243677
0.662
0.662
0.474677
0.158811
0.3025
0.649437
0.662
0.662
0.0369076
0.61937
0.352721
0.375401
0.662
0.179837
0.662
0.100617
0.662
0.662
0.662
0.589323
0.334341
0.308343
0.662
0.161897
0.455621
0.489188
0.662
0.355709
0.662
0.352636
0.096926
0.0191247
0.662
0.63911
0.662
0.662
0.465851
0.662
0.164202
0.662
0.0980855
0.641929
0.225699
0.111291
0.222861
0.331551
0.662
0.193437
0.0622261
0.656734
0.196529
0.662
0.234818
0.659644
0.186882
0.489892
0.662
0.327021
0.357399
0.584933
0.459394
0.375048
0.662
0.266339
0.197231
0.600411
0.18687
0.24686
0.487891
0.343102
0.662
0.079483
0.662
0.366991
0.662
0.662
0.662
0.272331
0.662
0.385996
0.354967
0.662
0.130472
0.662
0.651192
0.662
0.323939
0.662
0.646554
0.62226
0.662
0.662
0.0120943
0.662
0.00294604
0.528304
0.404961
0.0488277
0.0555451
0.662
0.547469
0.662
0.227592
0.590426
0.24507
0.381889
0.19294
0.662
0.0569303
0.234322
0.40775
0.0110903
0.662
0.467144
0.662
0.662
0.662
0.143376
0.662
0.662
0.027916
0.548451
0.269166
0.55976
0.122388
0.257675
0.130133
0.169582
0.584378
0.610486
0.238495
0.662
0.195495
0.470985
0.662
0.396688
0.662
0.662
0.662
0.121546
0.187517
0.662
0.207823
0.613142
0.622896
0.516998
0.662
0.662
0.114605
0.662
0.306548
0.0521953
0.662
0.662
0.662
0.156289
0.112056
0.662
0.662
0.662
0.238469
0.319025
0.191722
0.662
0.662
0.116041
0.662
0.0336128
0.51081
0.607656
0.233119
0.123533
0.662
0.662
0.426624
0.203582
0.662
0.356872
0.115984
0.662
0.501254
0.442517
0.629806
0.031204
0.307631
0.565709
0.191275
0.662
0.662
0.0315385
0.662
0.662
0.193805
0.567014
0.23628
0.662
0.659489
0.662
0.299638
0.662
0.241641
0.142168
0.138192
0.158432
0.0191298
0.44785
0.662
0.662
0.373836
0.0042275
0.519347
0.464393
0.087912
0.517021
0.652498
0.146807
0.600899
0.223705
0.662
0.249151
0.365608
0.565148
0.322041
0.050323
0.662
0.219577
0.345937
0.488317
0.19058
0.624317
0.662
0.662
0.627459
0.203349
0.662
0.343158
0.133496
0.662
0.662
0.114815
0.299822
0.662
0.662
0.378917
0.662
0.125655
0.662
0.14282
0.504633
0.200485
0.537615
0.238869
0.662
0.00875659
0.15702
0.23521
0.662
0.186495
0.662
0.20577
0.662
0.173426
0.249065
0.662
0.662
0.662
0.592386
0.295917
0.662
0.380332
0.662
0.662
0.662
0.662
0.395533
0.198201
0.662
0.212465
0.128783
0.431038
0.662
0.662
0.64925
0.662
0.0921393
0.662
0.662
0.46508
0.662
0.662
0.367465
0.662
0.662
0.145823
0.0798129
0.662
0.135701
0.0546276
0.192079
0.121425
0.204108
0.542404
0.321639
0.662
0.341734
0.205403
0.662
0.662
0.158815
0.125159
0.662
0.662
0.662
0.487843
0.662
0.492598
0.395952
0.112655
0.14821
0.31456
0.394217
0.442598
0.662
0.397069
0.662
0.662
0.0832982
0.315089
0.244623
0.404119
0.662
0.094428
0.321833
0.00734715
0.662
0.225025
0.325742
0.662
0.26341
0.662
0.0380572
0.0452487
0.306378
0.164057
0.604751
0.366783
0.0839464
0.226842
0.0432332
0.282497
0.636766
0.662
0.382042
0.0578971
0.662
0.0408779
0.287013
0.222922
0.662
0.308423
0.502416
0.392597
0.233656
0.662
0.638205
0.451183
0.439224
0.0648447
0.448093
0.389104
0.351927
0.662
0.662
0.662
0.0561193
0.395837
0.662
0.662
0.638886
0.0869277
0.295298
0.0523813
0.0331294
0.465345
0.662
0.662
0.477917
0.128866
0.172818
0.255941
0.181553
0.177499
0.199836
0.155171
0.302631
0.662
0.662
0.662
0.227044
0.0119813
0.662
0.131047
0.134724
0.263328
0.662
0.256374
0.441292
0.0539662
0.187168
0.283412
0.453562
0.554119
0.163511
0.226399
0.349769
0.662
0.0547779
0.475287
0.662
0.338706
0.662
0.662
0.13522
0.662
0.0880877
0.483263
0.320486
0.112241
0.356579
0.662
0.0810446
0.380787
0.386078
0.0319099
0.662
0.615951
0.413728
0.543892
0.280313
0.321216
0.482373
0.606606
0.150163
0.0456918
0.269861
0.662
0.37822
0.311547
0.397525
0.639168
0.125853
0.384834
0.623394
0.0959911
0.662
0.236421
0.507405
0.194997
0.401208
0.0870703
0.288052
0.216034
0.662
0.662
0.420528
0.438325
0.662
0.662
0.662
0.137171
0.553639
0.662
0.410523
0.662
0.622501
0.662
0.662
0.413543
0.602535
0.291999
0.248543
0.00642473
0.102429
0.227672
0.641864
0.536532
0.220627
0.662
0.274958
0.247028
0.374312
0.289272
0.465092
0.483634
0.149613
0.141182
0.56918
0.295131
0.662
0.662
0.448356
0.146883
0.445257
0.363404
0.412206
0.222318
0.0461909
0.156678
0.304717
0.662
0.662
0.210302
0.553269
0.103385
0.426137
0.662
0.662
0.11049
0.239323
0.662
0.611155
0.597118
0.219731
0.0118924
0.110896
0.462447
0.662
0.662
0.259169
0.662
0.662
0.503393
0.662
0.662
0.377933
0.662
0.135243
0.519633
0.662
0.0645583
0.0979912
0.662
0.662
0.662
0.662
0.356252
0.662
0.159081
0.632019
0.21018
0.198329
0.24125
0.26047
0.342448
0.662
0.23228
0.662
0.481239
0.229626
0.02744
0.303876
0.125819
0.347222
0.401689
0.186194
0.0641075
0.187986
0.662
0.621507
0.477406
0.29764
0.662
0.194368
0.662
0.175172
0.386269
0.0577179
0.662
0.478247
0.238253
0.0215927
0.18964
0.662
0.619139
0.662
0.142104
0.662
0.662
0.109731
0.646669
0.662
0.0587618
0.00795298
0.662
0.0892248
0.245894
0.196212
0.227696
0.662
0.662
0.234874
0.0052284
0.213407
0.662
0.662
0.662
0.0771671
0.167878
0.355822
0.189036
0.380162
0.102832
0.662
0.135132
0.662
0.221817
0.662
0.437028
0.165412
0.224419
0.662
0.641956
0.320845
0.38357
0.216903
0.537016
0.662
0.347852
0.455675
0.4667
0.134179
0.662
0.348502
0.26412
0.662
0.592409
0.126538
0.1738
0.250072
0.460327
0.452087
0.195748
0.433074
0.392273
0.662
0.662
0.20291
0.197806
0.662
0.276519
0.662
0.662
0.662
0.144635
0.443455
0.296733
0.649874
0.0825016
0.331711
0.191212
0.535631
0.271686
0.205298
0.0426862
0.662
0.662
0.662
0.0696743
0.662
0.450731
0.633665
0.168734
0.415862
0.290385
0.202963
0.411181
0.0904217
0.417518
0.662
0.632121
0.347427
0.662
0.00901621
0.662
0.363531
0.18891
0.662
0.124855
0.662
0.249367
0.481591
0.662
0.662
0.662
0.0239933
0.337802
0.662
0.622294
0.620729
0.482104
0.662
0.281095
0.662
0.000912518
0.662
0.44112
0.629763
0.651991
0.270128
0.662
0.662
0.662
0.459826
0.662
0.662
0.593137
0.149809
0.556268
0.19084
0.662
0.662
0.38787
0.245863
0.139739
0.499405
0.662
0.662
0.245363
0.485675
0.626266
0.662
0.662
0.624581
0.592642
0.448045
0.470097
0.451922
0.145296
0.582989
0.496253
0.516379
0.039721
0.614499
0.265315
0.45719
0.267437
0.632203
0.339485
0.662
0.230433
0.662
0.0176276
0.335365
0.0647508
0.662
0.647246
0.134697
0.662
0.662
0.201259
0.403321
0.0292997
0.131006
0.571272
0.662
0.164224
0.184644
0.427305
0.662
0.595953
0.367126
0.223655
0.662
0.662
0.240705
0.662
0.212602
0.657377
0.0302161
0.662
0.662
0.575174
0.109621
0.662
0.142076
0.662
0.329774
0.590401
0.0592609
0.662
0.424873
0.662
0.40184
0.511754
0.519098
0.249993
0.344249
0.0125977
0.627712
0.259719
0.662
0.633932
0.502746
0.662
0.662
0.193179
0.0921613
0.312977
0.331192
0.201947
0.519976
0.662
0.118098
0.662
0.662
0.231882
0.429473
0.192222
0.317718
0.179531
0.467369
0.662
0.610703
0.472972
0.480375
0.158994
0.00397338
0.662
0.662
0.662
0.141381
0.662
0.615443
0.662
0.658509
0.237172
0.662
0.28744
0.0449081
0.0785807
0.260712
0.662
0.440839
0.108324
0.164444
0.34042
0.577169
0.112818
0.199892
0.662
0.486767
0.141477
0.184267
0.346974
0.305922
0.662
0.501129
0.49996
0.662
0.421484
0.259309
0.662
0.662
0.386106
0.450929
0.629706
0.292386
0.423422
0.575662
0.0896996
0.478915
0.381365
0.429117
0.0947163
0.186524
0.13164
0.629424
0.155025
0.662
0.662
0.0788334
0.397414
0.569409
0.23129
0.301669
0.662
0.662
0.322407
0.372266
0.411048
