0.0562709
0.619745
0.423025
0.170248
0.00597785
0.0951567
0.113402
0.662
0.662
0.135122
0.167569
0.0693103
0.229546
0.304851
0.164883
0.662
0.0622164
0.391758
0.0741383
0.418068
0.0230541
0.408815
0.306715
0.218771
0.0206119
0.662
0.654271
0.433613
0.662
0.189639
0.483264
0.662
0.50189
0.627352
0.296161
0.113361
0.300538
0.0656908
0.0969734
0.662
0.317798
0.662
0.282072
0.662
0.662
0.0369948
0.535981
0.132207
0.187913
0.259721
0.662
0.102893
0.404886
0.433024
0.127087
0.662
0.0711306
0.643729
0.300839
0.218291
0.64364
0.136519
0.662
0.644624
0.0110654
0.24615
0.189621
0.662
0.404792
0.435535
0.181313
0.246446
0.256858
0.381023
0.662
0.212178
0.61324
0.356951
0.662
0.397251
0.662
0.41724
0.354003
0.00203071
0.186801
0.662
0.002684
0.164871
0.076848
0.120248
0.662
0.178419
0.662
3.95291e-05
0.116248
0.0564582
0.106061
0.217233
0.380653
0.662
0.322807
0.32857
0.517145
0.311449
0.662
0.463766
0.20743
0.374863
0.662
0.360203
0.209543
0.0715793
0.202824
0.0796449
0.64005
0.277397
0.362871
0.662
0.0612675
0.658914
0.110414
0.129621
0.662
0.662
0.235621
0.204611
0.473317
0.462915
0.121352
0.662
0.534414
0.125464
0.483323
0.274985
0.131772
0.662
0.630376
0.554644
0.662
0.636482
0.541418
0.631775
0.637559
0.390647
0.447221
