0.662
0.636766
0.142894
0.662
0.263328
0.187986
0.322041
0.0556788
0.662
0.592409
0.519976
0.588938
0.437842
0.662
0.480482
0.459685
0.474878
0.146883
0.662
0.418428
0.642378
0.65947
0.47088
0.662
0.662
0.547469
0.513019
0.165952
0.247028
0.0125977
0.662
0.662
0.225699
0.111291
0.347427
0.395533
0.662
0.662
0.0277905
0.662
0.662
0.662
0.351927
0.146638
0.662
0.114815
0.620729
0.188314
0.196529
0.451922
0.662
0.284625
0.487891
0.325439
0.662
0.110896
0.0523813
0.662
0.0331294
0.163906
0.662
0.207823
0.306819
0.662
0.399717
0.0645583
0.499989
0.622294
0.0369076
0.112655
0.306974
0.133823
0.6554
0.381365
0.662
0.662
0.397525
0.192079
0.662
0.338706
0.662
0.0449081
0.662
0.662
0.367465
0.259719
0.233006
0.662
0.368242
0.335371
0.657377
0.662
0.662
0.238869
0.662
0.662
0.662
0.662
0.203582
0.662
0.662
0.155025
0.135521
0.0342844
0.483263
0.477406
0.141381
0.287013
0.662
0.236421
0.486767
0.00642473
0.662
0.662
0.662
0.0688591
0.0780546
0.468097
0.0892248
0.245894
0.290385
0.194037
0.504734
0.662
0.662
0.187517
0.63845
0.662
0.466748
0.662
0.258236
0.662
0.233656
0.269861
0.165412
0.662
0.662
0.0959911
0.487936
0.217511
0.662
0.197797
0.662
0.662
0.662
0.150998
0.662
0.662
0.179531
0.467369
0.662
0.662
0.493115
0.328474
0.662
0.347222
0.202963
0.544487
0.396688
0.224419
0.662
0.431347
0.213752
0.206785
0.430767
0.316049
0.227672
0.662
0.662
0.604317
0.375307
0.662
0.662
0.627459
0.27553
0.142817
0.37961
0.325412
0.662
0.249065
0.662
0.662
0.662
0.169875
0.111773
0.662
0.26946
0.662
0.662
0.263299
0.662
0.662
0.662
0.179817
0.662
0.186882
0.210281
0.23269
0.269455
0.597664
0.575662
0.662
0.519098
0.435767
0.178403
0.215731
0.345029
0.168734
0.662
0.243677
0.175181
0.267331
0.662
0.118432
0.255941
0.339028
0.167871
0.662
0.220947
0.231825
0.662
0.122388
0.499405
0.662
0.641956
0.662
0.119403
0.662
0.662
0.227044
0.662
0.519218
0.334341
0.662
0.583025
0.614499
0.183871
0.401265
0.0841669
0.662
0.221817
0.382042
0.193179
0.223655
0.226399
0.575418
0.662
0.497504
0.295917
0.255953
0.63339
0.165161
0.627712
0.0738843
0.0748578
0.662
0.62226
0.257675
0.238495
0.662
0.199892
0.151504
0.250072
0.108329
0.404961
0.0488277
0.482104
0.275254
0.662
0.662
0.282497
0.626266
0.0896996
0.184267
0.662
0.307631
0.158989
0.635769
0.662
0.662
0.389104
0.584933
0.0870703
0.288052
0.662
0.592362
0.656303
0.186665
0.662
0.502174
0.45719
0.662
0.662
0.662
0.190683
0.244623
0.375048
0.662
0.662
0.443923
0.155171
0.662
0.655148
0.15595
0.662
0.374312
0.662
0.662
0.384834
0.0315385
0.662
0.449059
0.26391
0.662
0.00901621
0.662
0.662
0.379078
0.662
0.168522
0.662
0.662
0.662
0.096926
0.213081
0.282245
0.134179
0.427305
0.340014
0.649578
0.662
0.349898
0.662
0.544886
0.480375
0.395606
0.662
0.330954
0.039721
0.164057
0.662
0.662
0.662
0.662
0.325742
0.14282
0.130004
0.662
0.304717
0.238469
0.256374
0.441292
0.662
0.191212
0.417518
0.0664602
0.662
0.100593
0.0309349
0.600899
0.423644
0.662
0.13164
0.34042
0.662
0.583254
0.0617118
0.638521
0.173976
0.620815
0.662
0.188557
0.203589
0.337776
0.659035
0.24125
0.662
0.0458083
0.241277
0.662
0.431038
0.450929
0.489188
0.662
0.662
0.0547779
0.662
0.662
0.0490953
0.201947
0.662
0.613142
0.556268
0.649874
0.581196
0.662
0.245833
0.0798129
0.662
0.662
0.218357
0.38787
0.233765
0.627591
0.662
0.094428
0.649422
0.662
0.26047
0.342448
0.55176
0.662
0.662
0.662
0.662
0.440839
0.222922
0.662
0.0480461
0.0390497
0.3054
0.189645
0.662
0.373541
0.23129
0.198201
0.501687
0.302631
0.0120943
0.173546
0.659941
0.274958
0.606606
0.40634
0.187018
0.204108
0.542404
0.149809
0.386106
0.662
0.173281
0.213533
0.249151
0.570427
0.315089
0.464201
0.662
0.638763
0.629806
0.423991
0.662
0.292386
0.662
0.662
0.590426
0.662
0.621076
0.37822
0.308341
0.420528
0.662
0.662
0.662
0.46508
0.392597
0.331711
0.662
0.371393
0.303446
0.662
0.662
0.142168
0.654596
0.662
0.662
0.181553
0.137171
0.159297
0.621507
0.662
0.662
0.158815
0.158811
0.0107378
0.212768
0.368355
0.662
0.102832
0.118098
0.662
0.147854
0.662
0.18891
0.0348165
0.662
0.662
0.312125
0.492598
0.346754
0.662
0.412484
0.488317
0.662
0.079483
0.0416192
0.428084
0.662
0.662
0.167914
0.0110903
0.167705
0.662
0.0162757
0.182795
0.662
0.315991
0.306548
0.193437
0.147666
0.328837
0.0788334
0.662
0.139739
0.292355
0.111592
0.477917
0.662
0.172818
0.662
0.662
0.00397338
0.662
0.230433
0.381889
0.662
0.321833
0.662
0.649437
0.347852
0.503977
0.472953
0.311539
0.662
0.662
0.662
0.662
0.329909
0.662
0.662
0.15781
0.129725
0.536761
0.343881
0.0176276
0.035961
0.174466
0.611155
0.15383
0.474495
0.211801
0.210164
0.158829
0.616864
0.422592
0.205403
0.0213249
0.22699
0.612813
0.245498
0.120218
0.403321
0.662
0.662
0.662
0.644852
0.108324
0.29764
0.301669
0.430836
0.662
0.0904217
0.590401
0.18687
0.252024
0.662
0.216903
0.565709
0.539898
0.302284
0.205298
0.662
0.662
0.323939
0.662
0.662
0.179837
0.0661268
0.662
0.297362
0.111519
0.662
0.141182
0.414082
0.662
0.662
0.422523
0.662
0.662
0.662
0.404119
0.51081
0.662
0.112818
0.658509
0.114605
0.662
0.272709
0.111079
0.662
0.662
0.610486
0.273915
0.21737
0.662
0.662
0.380162
0.658804
0.662
0.125791
0.406358
0.225025
0.365608
0.327595
0.210428
0.219577
0.662
0.662
0.212602
0.407178
0.189036
0.662
0.656181
0.375595
0.0521953
0.625469
0.501129
0.0426862
0.662
0.662
0.346974
0.0696743
0.662
0.662
0.0574458
0.369064
0.158994
0.233119
0.499259
0.216789
0.28481
0.662
0.108334
0.662
0.516998
0.662
0.126538
0.662
0.270128
0.418114
0.135243
0.216034
0.662
0.0659096
0.128866
0.289311
0.0215927
0.283412
0.0300343
0.0042275
0.592642
0.467026
0.0979912
0.569409
0.397069
0.227764
0.662
0.641864
0.662
0.099041
0.34015
0.234322
0.61937
0.240705
0.662
0.1738
0.662
0.213113
0.477633
0.421484
0.259309
0.364929
0.426137
0.662
0.662
0.662
0.626777
0.223705
0.156289
0.112056
0.196212
0.423422
0.212074
0.604751
0.150163
0.309753
0.662
0.195495
0.00757593
0.0648447
0.191275
0.638205
0.662
0.394294
0.13522
0.64485
0.24686
0.662
0.219731
0.0118924
0.662
0.662
0.662
0.463381
0.306378
0.426624
0.662
0.240709
0.662
0.423911
0.200485
0.537615
0.662
0.662
0.456884
0.0578971
0.41012
0.662
0.327021
0.357399
0.23804
0.119347
0.164444
0.352636
0.662
0.662
0.308423
0.454585
0.182473
0.130133
0.63911
0.662
0.395952
0.125159
0.356579
0.237172
0.363531
0.144635
0.192036
0.662
0.217406
0.610703
0.323849
0.517813
0.600411
0.662
0.394217
0.0380572
0.662
0.185495
0.486429
0.315576
0.662
0.620333
0.451907
0.203349
0.230478
0.640109
0.198329
0.0725722
0.662
0.662
0.201259
0.289974
0.662
0.629424
0.602535
0.322407
0.662
0.652498
0.217821
0.0731547
0.444986
0.622896
0.662
0.662
0.651991
0.527457
0.261884
0.662
0.0587618
0.10491
0.662
0.234818
0.662
0.458769
0.662
0.662
0.662
0.662
0.125853
0.656734
0.130472
0.139247
0.662
0.619139
0.662
0.140391
0.642754
0.662
0.131047
0.662
0.662
0.261803
0.662
0.121546
0.397414
0.475287
0.662
0.662
0.202314
0.662
0.662
0.662
0.0463622
0.624581
0.662
0.19058
0.509827
0.35117
0.456065
0.662
0.186495
0.298097
0.407915
0.662
0.662
0.662
0.448045
0.0292997
0.212465
0.0875235
0.662
0.639168
0.662
0.363404
0.195957
0.662
0.0349682
0.0579289
0.338687
0.615443
0.662
0.02744
0.440366
0.662
0.662
0.662
0.429117
0.483634
0.662
0.372016
0.662
0.163511
0.272331
0.425374
0.662
0.600449
0.662
0.662
0.662
0.662
0.367126
0.653981
0.0527321
0.623394
0.517021
0.662
0.411048
0.245863
0.46473
0.0569303
0.452453
0.662
0.647246
0.0943949
0.662
0.662
0.321639
0.662
0.487843
0.662
0.662
0.513214
0.49996
0.364439
0.662
0.0394016
0.662
0.567014
0.659644
0.662
0.662
0.00875659
0.288262
0.356252
0.478915
0.662
0.299822
0.119408
0.0510526
0.0641075
0.662
0.662
0.662
0.156678
0.151602
0.0743727
0.662
0.421787
0.659489
0.4667
0.622501
0.109557
0.662
0.0452487
0.535631
0.526659
0.662
0.662
0.662
0.137431
0.0364608
0.486817
0.442598
0.334669
0.662
0.229626
0.429473
0.577169
0.356872
0.470985
0.662
0.662
0.662
0.644572
0.662
0.662
0.0191247
0.662
0.662
0.572434
0.662
0.627694
0.245363
0.485675
0.662
0.159081
0.651192
0.56918
0.662
0.650406
0.662
0.662
0.662
0.662
0.000912518
0.646669
0.536532
0.0647508
0.634896
0.406485
0.662
0.125819
0.146807
0.227696
0.0300829
0.662
0.24162
0.662
0.0945853
0.369759
0.662
0.631066
0.194368
0.662
0.130967
0.265315
0.0356944
0.467689
0.194997
0.23888
0.662
0.466917
0.134888
0.465345
0.430397
0.331192
0.213407
0.662
0.266339
0.662
0.0680664
0.233737
0.662
0.662
0.377715
0.19744
0.0433899
0.315819
0.0907967
0.395837
0.37948
0.504633
0.662
0.328252
0.662
0.443455
0.0921613
0.662
0.343102
0.633665
0.401208
0.291999
0.640011
0.662
0.413543
0.662
0.0880877
0.662
0.458687
0.392273
0.391431
0.0319099
0.116041
0.662
0.0336128
0.662
0.662
0.662
0.457887
0.267437
0.632203
0.27316
0.662
0.210302
0.662
0.465851
0.662
0.18964
0.464393
0.617868
0.662
0.269147
0.440507
0.662
0.263686
0.450731
0.186524
0.269166
0.4351
0.662
0.662
0.624317
0.31456
0.453562
0.662
0.632019
0.278579
0.354967
0.133496
0.662
0.149303
0.607656
0.497603
0.614321
0.413374
0.192222
0.249993
0.260712
0.102707
0.582835
0.592386
0.662
0.557286
0.597118
0.164224
0.199404
0.184497
0.662
0.377933
0.472972
0.662
0.341734
0.467144
0.489892
0.614361
0.0613432
0.615951
0.413728
0.0804359
0.482373
0.289635
0.662
0.0474504
0.438325
0.190881
0.105584
0.226842
0.662
0.334756
0.0119813
0.662
0.589624
0.550701
0.662
0.49872
0.662
0.633932
0.446936
0.380202
0.197806
0.662
0.424873
0.15702
0.23521
0.135132
0.22535
0.481591
0.212836
0.662
0.124855
0.496393
0.320486
0.662
0.0191298
0.145296
0.662
0.662
0.0456918
0.0539662
0.380332
0.43833
0.158432
0.662
0.419061
0.175369
0.662
0.662
0.401689
0.0856135
0.348502
0.36581
0.3025
0.448093
0.662
0.337802
0.183207
0.332337
0.231882
0.126842
0.662
0.450747
0.503393
0.646554
0.170417
0.662
0.143376
0.00294604
0.420145
0.149613
0.662
0.283287
0.28744
0.662
0.20291
0.452087
0.158336
0.124954
0.553639
0.662
0.0408779
0.241945
0.446576
0.22165
0.321576
0.315966
0.662
0.584378
0.662
0.090439
0.220485
0.00734715
0.40184
0.344954
0.662
0.662
0.451138
0.142104
0.662
0.169582
0.662
0.543223
0.662
0.119179
0.662
0.662
0.401545
0.164202
0.471402
0.641929
0.662
0.0655621
0.662
0.662
0.42937
0.662
0.400363
0.331551
0.271686
0.662
0.210399
0.662
0.662
0.161897
0.662
0.662
0.662
0.335986
0.44112
0.241611
0.662
0.0561193
0.369294
0.519347
0.375401
0.295298
0.0891346
0.162294
0.662
0.662
0.031204
0.417298
0.662
0.0980855
0.411181
0.662
0.662
0.216331
0.407372
0.0869277
0.308343
0.087912
0.11049
0.281095
0.0267661
0.344249
0.216076
0.312977
0.341324
0.430053
0.319025
0.0825016
0.0739623
0.445414
0.103385
0.0577179
0.662
0.271613
0.0267033
0.0839464
0.502416
0.289272
0.412206
0.662
0.662
0.0921393
0.382009
0.216759
0.662
0.385996
0.662
0.311547
0.220627
0.553269
0.454933
0.662
0.112255
0.132234
0.662
0.295131
0.191722
0.0052284
0.662
0.370887
0.583635
0.432059
0.662
0.662
0.0875345
0.662
0.662
0.662
0.0302161
0.662
0.195748
0.202183
0.638886
0.102429
0.115984
0.662
0.459826
0.511833
0.662
0.352721
0.197624
0.123992
0.343158
0.571272
0.528304
0.100617
0.00795298
0.662
0.345937
0.187807
0.582111
0.407252
0.396564
0.0622261
0.64925
0.249367
0.459394
0.662
0.32684
0.662
0.448356
0.662
0.662
0.662
0.229511
0.410523
0.662
0.0291697
0.507405
0.662
0.428263
0.339485
0.32813
0.662
0.027916
0.548451
0.662
0.56384
0.125434
0.283314
0.26412
0.21812
0.460327
0.662
0.437028
0.433074
0.434611
0.455621
0.589323
0.193805
0.0546276
0.422251
0.539513
0.184644
0.662
0.332937
0.662
0.442517
0.662
0.0909546
0.259169
0.662
0.662
0.27432
0.662
0.133281
0.107911
0.619736
0.222861
0.532951
0.632121
0.662
0.329774
0.247083
0.451183
0.00656552
0.378917
0.662
0.478247
0.206514
0.13101
0.662
0.307337
0.578211
0.357834
0.415862
0.662
