0.295075
0.662
0.662
0.339715
0.662
0.191039
0.662
0.662
0.662
0.376129
0.662
0.662
0.662
0.662
0.0113672
0.662
0.636271
0.293123
0.365126
0.662
0.234245
0.18609
0.662
0.662
0.177129
0.294608
0.0120155
0.662
0.662
0.333293
0.662
0.662
0.662
0.662
0.432242
0.662
0.185226
0.184232
0.662
0.086638
0.461801
0.354075
0.142484
0.662
0.378186
0.0382128
0.364572
0.438731
0.662
0.662
0.0753118
0.165119
0.603703
0.228719
0.662
0.662
0.662
0.422058
0.398404
0.214259
0.290432
0.572905
0.19144
0.662
0.460375
0.662
0.421785
0.376151
0.388435
0.120342
0.231076
0.310409
0.662
0.662
0.0938424
0.662
0.17376
0.355401
0.662
0.269964
0.217819
0.121968
0.43991
0.636649
0.15757
0.662
0.662
0.525089
0.239745
0.100118
0.633971
0.662
0.434787
0.412247
0.662
0.0966091
0.662
0.411715
0.315092
0.304848
0.0940911
0.662
0.575994
0.662
0.662
0.662
0.137741
0.662
0.00385305
0.541624
0.662
0.662
0.349685
0.662
0.339008
0.662
0.410057
0.277538
0.662
0.0687878
0.0694183
0.27003
0.662
0.198902
0.194805
0.470707
0.476676
0.277777
0.662
0.322198
0.662
0.208232
0.493031
0.45897
0.662
0.287685
0.430811
0.662
0.219264
0.662
0.351112
0.662
0.344488
0.662
0.662
0.662
0.662
0.423321
0.187289
0.435557
0.185548
0.180418
0.662
0.287907
0.379539
0.662
0.192028
0.662
0.195171
0.300685
0.244994
0.053303
0.175524
0.346282
0.032106
0.662
0.190357
0.569727
0.662
0.662
0.662
0.356149
0.662
0.534463
0.662
0.662
0.361477
0.268724
0.353704
0.0912204
0.481369
0.437652
0.383137
0.662
0.662
0.289341
0.662
0.288416
0.144558
0.511369
0.632447
0.0052899
0.247449
0.435285
0.260238
0.662
0.372191
0.662
0.662
0.520368
0.21166
0.662
0.662
0.0771491
0.662
0.195487
0.507943
0.662
0.662
0.202913
0.25794
0.662
0.662
0.388412
0.662
0.29241
0.282559
0.0782768
0.320257
0.662
0.404434
0.078618
0.424947
0.326017
0.183413
0.116237
0.662
0.325914
0.499001
0.146335
0.662
0.314839
0.300532
0.662
0.662
0.411769
0.298015
0.370194
0.244531
0.21371
0.515812
0.337143
0.301356
0.206703
0.662
0.211095
0.662
0.12198
0.662
0.387197
0.662
0.662
0.517084
0.559182
0.423655
0.0495948
0.53987
0.483372
0.430874
0.662
0.662
0.662
0.10088
0.662
0.662
0.261405
0.438764
0.662
0.662
0.662
0.560409
0.281178
0.0217562
0.251404
0.662
0.662
0.2143
0.167665
0.474593
0.357615
0.0950814
0.190746
0.662
0.662
0.662
0.176194
0.584017
0.583811
0.662
0.46891
0.278301
0.401773
0.169893
0.224384
0.604917
0.662
0.363507
0.662
0.0583253
0.401008
0.662
0.079338
0.215465
0.618189
0.308607
0.662
0.163263
0.662
0.256937
0.539536
0.462937
0.404586
0.662
0.662
0.238986
0.355746
0.637951
0.662
0.49925
0.28871
0.269858
0.23041
0.441976
0.245011
0.447481
0.20833
0.662
0.662
0.454683
0.662
0.189076
0.662
0.172838
0.662
0.662
0.662
0.662
0.0559749
0.385765
0.428776
0.662
0.662
0.662
0.444269
0.662
0.662
0.11184
0.662
0.383859
0.43908
0.605163
0.360551
0.153881
0.662
0.662
0.635463
0.423002
0.463632
0.221449
0.42751
0.322883
0.259073
0.662
0.214599
0.662
0.662
0.403212
0.197452
0.075967
0.00132477
0.662
0.662
0.226609
0.662
0.247973
0.306504
0.178093
0.662
0.662
0.291573
0.222301
0.662
0.204503
0.26094
0.191602
0.417786
0.0947931
0.662
0.229303
0.460585
0.300827
0.662
0.353003
0.662
0.160488
0.662
0.662
0.124318
0.536195
0.182893
0.087382
0.662
0.662
0.222203
0.662
0.304753
0.388857
0.309387
0.347744
0.662
0.662
0.416675
0.662
0.0565854
0.382524
0.662
0.281852
0.542529
0.662
0.145829
0.662
0.662
0.0589965
0.226561
0.0556604
0.127678
0.531052
0.311973
0.330993
0.535788
0.214656
0.638536
0.662
0.625337
0.662
0.643024
0.129701
0.662
0.120511
0.211263
0.383213
0.333719
0.662
0.364366
0.42219
0.662
0.662
0.662
0.662
0.0357814
0.107244
0.21933
0.239151
0.029657
0.662
0.0663264
0.662
0.519542
0.662
0.662
0.302047
0.662
0.662
0.0217418
0.662
0.488005
0.274458
0.306265
0.662
0.662
0.309376
0.116731
0.480019
0.43995
0.390523
0.229081
0.0268744
0.662
0.162436
0.453433
0.186649
0.14827
0.104829
0.662
0.662
0.662
0.181493
0.496646
0.662
0.662
0.662
0.109457
0.662
0.246044
0.662
0.662
0.662
0.4707
0.662
0.662
0.279312
0.662
0.138278
0.287483
0.47296
0.121806
0.662
0.594093
0.364969
0.0738395
0.343428
0.208562
0.662
0.128375
0.662
0.136488
0.0544705
0.662
0.662
0.464375
0.179818
0.0306353
0.662
0.662
0.452502
0.471229
0.208677
0.439859
0.137328
0.634234
0.662
0.662
0.662
0.662
0.240904
0.662
0.508951
0.213185
0.662
0.662
0.198344
0.153994
0.469646
0.312564
0.662
0.302265
0.662
0.365214
0.208717
0.639741
0.496492
0.662
0.481854
0.228359
0.168045
0.365389
0.378294
0.0938685
0.48643
0.662
0.452363
0.352805
0.33583
0.662
0.662
0.166803
0.662
0.261732
0.662
0.662
0.662
0.633861
0.271286
0.662
0.274807
0.0425718
0.662
0.662
0.662
0.125808
0.662
0.618751
0.494108
0.662
0.662
0.662
0.662
0.442043
0.258086
0.662
0.162335
0.0248656
0.557084
0.662
0.662
0.662
0.172596
0.662
0.381684
0.662
0.381515
0.662
0.662
0.662
0.195909
0.457437
0.662
0.471165
0.662
0.662
0.256996
0.00134066
0.0436161
0.153837
0.662
0.263233
0.662
0.662
0.257014
0.171941
0.272341
0.662
0.573141
0.662
0.341047
0.585603
0.662
0.357305
0.662
0.646376
0.479662
0.416423
0.111916
0.645821
0.0910805
0.520888
0.662
0.421564
0.514728
0.20493
0.0961998
0.514866
0.0624944
0.0755557
0.462918
0.662
0.662
0.260373
0.244069
0.142368
0.277805
0.441227
0.0167848
0.590794
0.0225955
0.180104
0.662
0.23824
0.662
0.662
0.416716
0.347983
0.250442
0.662
0.494505
0.662
0.619473
0.192503
0.662
0.248895
0.518433
0.662
0.00837449
0.38368
0.022054
0.496621
0.185826
0.631599
0.662
0.342321
0.563786
0.369831
0.203077
0.662
0.207268
0.341327
0.662
0.662
0.249134
0.131205
0.232738
0.202967
0.227184
0.239477
0.662
0.662
0.40573
0.662
0.309079
0.473101
0.662
0.123736
0.350091
0.662
0.662
0.240116
0.341375
0.0386808
0.0187756
0.662
0.38963
0.662
0.392898
0.351699
0.201678
0.587493
0.662
0.662
0.569274
0.286415
0.0834558
0.662
0.034829
0.235301
0.662
0.662
0.662
0.662
0.65714
0.662
0.662
0.662
0.662
0.0394329
0.662
0.662
0.662
0.170722
0.0888448
0.428014
0.662
0.228904
0.182688
0.443904
0.249581
0.0971707
0.662
0.662
0.58909
0.662
0.662
0.427288
0.287281
0.662
0.288309
0.364286
0.662
0.476926
0.356317
0.167778
0.662
0.385828
0.57627
0.662
0.196131
0.0512772
0.662
0.149758
0.662
0.549053
0.317061
0.662
0.662
0.662
0.662
0.662
0.153889
0.662
0.662
0.662
0.662
0.203128
0.662
0.662
0.662
0.0776055
0.247576
0.27489
0.196671
0.468181
0.662
0.228857
0.307478
0.190074
0.374737
0.662
0.180006
0.60956
0.662
0.662
0.292987
0.662
0.506768
0.662
0.130827
0.373451
0.662
0.333515
0.662
0.662
0.244004
0.494855
0.385446
0.0666858
0.469887
0.662
0.662
0.662
0.174184
0.354624
0.352027
0.662
0.662
0.338932
0.202335
0.585247
0.220944
0.662
0.662
0.662
0.662
0.501721
0.662
0.662
0.662
0.662
0.104203
0.168599
0.662
0.160588
0.662
0.248042
0.662
0.662
0.0188747
0.662
0.226402
0.369882
0.662
0.662
0.572937
0.435685
0.639676
0.326062
0.120416
0.033714
0.662
0.659087
0.52991
0.359441
0.197854
0.662
0.651413
0.218625
0.662
0.277899
0.32124
0.662
0.529551
0.419997
0.662
0.05673
0.314056
0.336193
0.207527
0.26157
0.422102
0.537903
0.451765
0.202333
0.662
0.662
0.0182716
0.0871116
0.662
0.662
0.151276
0.662
0.498568
0.250432
0.271977
0.558235
0.662
0.465253
0.247657
0.0875417
0.578112
0.662
0.213276
0.0317678
0.1997
0.638632
0.662
0.281445
0.157565
0.0245614
0.226929
0.494547
0.662
0.0374563
0.662
0.429418
0.662
0.113824
0.347871
0.117292
0.39684
0.00251786
0.662
0.304206
0.0431007
0.553383
0.185107
0.662
0.586181
0.097285
0.662
0.0208888
0.199636
0.662
0.0571394
0.662
0.266942
0.662
0.194859
0.64846
0.444508
0.662
0.584931
0.608961
0.0437272
0.662
0.33901
0.318143
0.204044
0.450847
0.199827
0.662
0.47302
0.589919
0.310743
0.385739
0.196798
0.184105
0.662
0.662
0.662
0.430999
0.161433
0.612127
0.662
0.662
0.19918
0.662
0.662
0.119029
0.418486
0.459032
0.662
0.285931
0.0471418
0.662
0.662
0.662
0.175086
0.662
0.662
0.0788525
0.609245
0.100789
0.103586
0.230429
0.328781
0.174351
0.0983523
0.662
0.0411331
0.214036
0.165472
0.377008
0.362579
0.246011
0.164456
0.402728
0.234484
0.662
0.546572
0.662
0.662
0.662
0.10605
0.523227
0.662
0.662
0.194071
0.662
0.460969
0.662
0.0956105
0.662
0.662
0.629887
0.662
0.662
0.252608
0.616888
0.0783105
0.112367
0.662
0.225448
0.453699
0.0794125
0.662
0.182417
0.662
0.662
0.32434
0.662
0.662
0.326776
0.140297
0.662
0.284422
0.662
0.241906
0.320074
0.662
0.0499769
0.239623
0.445438
0.662
0.662
0.283912
0.662
0.277444
0.662
0.398728
0.267774
0.217485
0.662
0.476812
0.0303018
0.0966483
0.276816
0.662
0.257132
0.662
0.236285
0.662
0.662
0.0964458
0.254573
0.0373516
0.633715
0.117182
0.143193
0.662
0.193484
0.662
0.291963
0.0797853
0.662
0.237251
0.662
0.662
0.211382
0.269803
0.662
0.214391
0.662
0.348074
0.342476
0.459439
0.114679
0.662
0.662
0.204283
0.266239
0.662
0.103396
0.32327
0.457586
0.199854
0.41475
0.175783
0.256186
0.662
0.138
0.166121
0.293036
0.192422
0.226562
0.497294
0.349274
0.44325
0.236421
0.09772
0.662
0.662
0.662
0.177363
0.383195
0.662
0.662
0.662
0.255107
0.559505
0.662
0.662
0.397491
0.181765
0.396468
0.125547
0.662
0.226469
0.662
0.448481
0.189566
0.662
0.662
0.662
0.662
0.585775
0.662
0.662
0.662
0.354605
0.035336
0.662
0.360536
0.662
0.475236
0.436481
0.228709
0.0650495
0.47908
0.662
0.163805
0.662
0.185857
0.194982
0.652903
0.662
0.220364
0.662
0.0536106
0.662
0.662
0.410203
0.10591
0.150401
0.390303
0.662
0.492246
0.384132
0.442339
0.662
0.0501162
0.0253084
0.193992
0.187409
0.420298
0.550251
0.310284
0.142838
0.662
0.509712
0.445924
0.662
0.576695
0.266276
0.210861
0.45222
0.195613
0.253124
0.662
0.326371
0.497649
0.0729758
0.662
0.657037
0.662
0.662
0.219839
0.662
0.662
0.662
0.0114081
0.662
0.353482
0.452895
0.662
0.257562
0.307525
0.662
0.662
0.633572
0.662
0.662
0.0827602
0.662
0.471413
0.662
0.439081
0.662
0.496837
0.662
0.285535
0.0451215
0.139407
0.662
0.662
0.0185119
0.183201
0.0259627
0.519991
0.14884
0.662
0.298772
0.11708
0.233377
0.0218735
0.0324622
0.294949
0.662
0.177302
0.37307
0.662
0.442335
0.209225
0.662
0.208482
0.174349
0.459746
0.215605
0.238663
0.181537
0.371318
0.187419
0.0882513
0.662
0.662
0.430858
0.662
0.662
0.662
0.662
0.479043
0.108415
0.639881
0.382094
0.419624
0.230405
0.376552
0.662
0.662
0.10335
0.662
0.224979
0.328335
0.409723
0.662
0.403368
0.662
0.160338
0.0235049
0.0808202
0.662
0.177167
0.187044
0.662
0.662
0.190978
0.187158
0.291768
0.122688
0.662
0.0764009
0.460143
0.662
0.662
0.343004
0.425314
0.425707
0.531038
0.662
0.216308
0.09519
0.362956
0.0934161
0.662
0.662
0.662
0.662
0.324031
0.361122
0.200603
0.294344
0.299964
0.103546
0.159792
0.459633
0.465367
0.662
0.119446
0.245468
0.218747
0.662
0.159573
0.255591
0.401623
0.662
0.473116
0.662
0.311422
0.200374
0.579568
0.322769
0.271424
0.20389
0.662
0.553091
0.662
0.070612
0.149405
0.662
0.170469
0.662
0.662
0.662
0.662
0.0563582
0.662
0.439064
0.458009
0.505192
0.228209
0.459104
0.369966
0.405196
0.302811
0.206767
0.130973
0.299297
0.152239
0.0819227
0.137125
0.662
0.300443
0.223586
0.662
0.662
0.438687
0.662
0.624734
0.662
0.662
0.0566106
0.204857
0.439109
0.662
0.662
0.192894
0.354983
0.662
0.475444
0.378214
0.662
0.0490026
0.662
0.449171
0.473542
0.355607
0.662
0.662
0.436511
0.662
0.662
0.555146
0.662
0.472615
0.662
0.514411
0.196914
0.662
0.662
0.420685
0.515017
0.662
0.169356
0.662
0.154027
0.47706
0.254851
0.21423
0.203288
0.471187
0.15581
0.168186
0.315515
0.622085
0.633218
0.352225
0.0797824
0.121003
0.662
0.593602
0.541431
0.103051
0.662
0.276139
0.662
0.465087
0.662
0.475392
0.662
0.377509
0.208634
0.662
0.0442007
0.350098
0.662
0.662
0.424521
0.321262
0.472172
0.662
0.042948
0.662
0.662
0.171721
0.0264579
0.312993
0.190306
0.662
0.239124
0.662
0.327392
0.662
0.642441
0.215774
0.662
0.521879
0.662
0.280914
0.319427
0.484597
0.372202
0.304611
0.662
0.310639
0.662
0.272214
0.662
0.662
0.377493
0.193424
0.12037
0.388671
0.44892
0.0145962
0.662
0.205257
0.117649
0.662
0.222863
0.00578299
0.231725
0.491585
0.400549
0.121619
0.662
0.203495
0.662
0.662
0.294905
0.276817
0.662
0.130253
0.220951
0.380462
0.58942
0.662
0.266594
0.662
0.463809
0.299389
0.662
0.325481
0.662
0.11608
0.662
0.662
0.662
0.662
0.0888809
0.438507
0.0667853
0.339752
0.11218
0.167699
0.241405
0.662
0.662
0.662
0.662
0.551429
0.662
0.01171
0.610212
0.312304
0.0231008
0.340384
0.0691981
0.662
0.662
0.586511
0.192855
0.662
0.662
0.151618
0.662
0.557652
0.210953
0.662
0.0981368
0.206055
0.356094
0.469663
0.662
0.123885
0.053205
0.610216
0.662
0.662
0.662
0.662
0.252799
0.206842
0.662
0.201415
0.0661273
0.662
0.662
0.330648
0.662
0.662
0.382193
0.15789
0.662
0.155285
0.0559384
0.662
0.499619
0.662
0.030347
0.286352
0.277993
0.264152
0.662
0.662
0.662
0.662
0.644076
0.18846
0.317203
0.0238173
0.166608
0.208037
0.662
0.330199
0.435804
0.662
0.662
0.662
0.418873
0.662
0.348339
0.553305
0.239051
0.662
0.505829
0.662
0.662
0.248872
0.398337
0.413302
0.662
0.336577
0.470736
0.662
0.0122451
0.0238921
0.662
0.118121
0.28203
0.582199
0.100807
0.662
0.349983
0.662
0.662
0.322297
0.158318
0.662
0.131281
0.135483
0.295618
0.399166
0.662
0.162796
0.662
0.346533
0.662
0.662
0.662
0.504019
0.197002
0.302787
0.662
0.321208
0.662
0.262497
0.662
0.236961
0.420461
0.20036
0.453404
0.302512
0.662
0.662
0.662
0.462842
0.662
0.662
0.165819
0.300237
0.656773
0.248875
0.223971
0.498483
0.0938581
0.328944
0.217288
0.129129
0.252254
0.468828
0.662
0.0573717
0.180277
0.662
0.662
0.662
0.225581
0.185814
0.662
0.229813
0.662
0.13383
0.26963
0.631301
0.662
0.640107
0.662
0.0143269
0.662
0.408098
0.0335637
0.662
0.662
0.662
0.662
0.325982
0.662
