0.225392
0.294711
0.662
0.0942853
0.662
0.279523
0.264419
0.662
0.662
0.107684
0.431627
0.258946
0.662
0.226923
0.662
0.662
0.662
0.347244
0.0574956
0.194053
0.223568
0.186737
0.0298926
0.662
0.662
0.471272
0.489037
0.662
0.163219
0.662
0.566769
0.362486
0.662
0.662
0.662
0.259775
0.584646
0.662
0.258341
0.106562
0.208926
0.662
0.384103
0.662
0.169189
0.41287
0.333148
0.371212
0.498557
0.662
0.0372965
0.337736
0.662
0.242584
0.662
0.023145
0.662
0.206376
0.662
0.227812
0.662
0.416506
0.662
0.321337
0.4759
0.548439
0.53329
0.662
0.662
0.562193
0.494556
0.327409
0.473433
0.371924
0.166111
0.487186
0.662
0.205432
0.122216
0.593482
0.35032
0.662
0.662
0.662
0.662
0.2591
0.386366
0.219609
0.662
0.662
0.662
0.199592
0.446534
0.0785139
0.575452
0.662
0.515919
0.0451335
0.389194
0.235342
0.207362
0.342233
0.60711
0.662
0.662
0.239756
0.526369
0.256317
0.507935
0.316007
0.354129
0.197003
0.662
0.662
0.662
0.344766
0.144158
0.368332
0.451113
0.446286
0.37874
0.662
0.662
0.434588
0.276356
0.662
0.158163
0.201745
0.317677
0.449162
0.432482
0.662
0.221561
0.321554
0.209359
0.232396
0.662
0.536778
0.17928
0.108717
0.160525
0.450821
0.42048
0.133386
0.37285
0.424085
0.332528
0.662
0.234597
0.351905
0.660804
0.348052
0.589312
0.29141
0.414092
0.149314
0.622865
0.662
0.205474
0.290979
0.330882
0.662
0.246546
0.410553
0.204109
0.662
0.662
0.395374
0.618454
0.156794
0.463107
0.240929
0.662
0.138642
0.482662
0.662
0.0914914
0.662
0.41535
0.00292049
0.205149
0.347466
0.224113
0.324255
0.455449
0.416843
0.52271
0.307641
0.662
0.18718
0.0599233
0.054166
0.662
0.662
0.274816
0.662
0.105887
0.222944
0.662
0.285937
0.662
0.662
0.563083
0.662
0.238795
0.278895
0.261561
0.185958
0.102534
0.662
0.662
0.662
0.662
0.638834
0.662
0.662
0.127437
0.662
0.109309
0.0925207
0.662
0.662
0.184268
0.505916
0.604265
0.104732
0.255963
0.374719
0.519755
0.662
0.412798
0.455386
0.662
0.273347
0.174984
0.25081
0.662
0.0200166
0.662
0.087126
0.662
0.225139
0.406261
0.662
0.662
0.378248
0.422683
0.316721
0.189195
0.662
0.421985
0.264299
0.662
0.143371
0.662
0.0597215
0.16683
0.471298
0.659684
0.662
0.662
0.0679704
0.15532
0.241795
0.199641
0.084728
0.662
0.662
0.662
0.662
0.358002
0.129034
0.662
0.662
0.0600995
0.662
0.662
0.013449
0.0198723
0.321186
0.662
0.662
0.0241767
0.113645
0.273063
0.424194
0.662
0.662
0.662
0.580951
0.662
0.00344136
0.662
0.662
0.662
0.235125
0.662
0.662
0.233239
0.153731
0.0883064
0.147685
0.212119
0.625319
0.16441
0.0828403
0.662
0.662
0.662
0.662
0.319666
0.107009
0.102052
0.19837
0.662
0.662
0.302
0.351326
0.536801
0.268541
0.202377
0.158377
0.186219
0.662
0.662
0.493457
0.334515
0.388739
0.40848
0.151635
0.375007
0.662
0.463972
0.647835
0.506099
0.0117392
0.280076
0.16965
0.662
0.503709
0.0850882
0.288211
0.662
0.455687
0.0214287
0.211488
0.662
0.187229
0.662
0.115381
0.662
0.662
0.437141
0.662
0.188059
0.662
0.662
0.662
0.336383
0.293892
0.264287
0.210963
0.578563
0.471373
0.662
0.344792
0.662
0.555275
0.360781
0.662
0.0592614
0.308126
0.284755
0.662
0.662
0.222825
0.320125
0.662
0.10085
0.662
0.662
0.18995
0.315515
0.39871
0.419618
0.123825
0.424192
0.662
0.178931
0.662
0.287429
0.327255
0.454189
0.602016
0.42025
0.662
0.383342
0.314953
0.582531
0.515066
0.370884
0.662
0.662
0.1366
0.374026
0.211543
0.205578
0.662
0.0835462
0.662
0.24305
0.0985881
0.0780112
0.489818
0.245802
0.662
0.187667
0.662
0.662
0.518634
0.103676
0.523654
0.565809
0.472559
0.662
0.245235
0.662
0.199796
0.250746
0.662
0.297938
0.28088
0.137396
0.662
0.320924
0.662
0.662
0.151421
0.569481
0.563054
0.137368
0.662
0.42173
0.0248843
0.536734
0.206033
0.125511
0.193659
0.662
0.361759
0.210823
0.377348
0.421031
0.662
0.662
0.0174064
0.662
0.0676876
0.23674
0.459975
0.0352402
0.558774
0.309108
0.357203
0.29874
0.662
0.276489
0.184514
0.662
0.203707
0.662
0.341337
0.589918
0.320719
0.468712
0.40942
0.662
0.128354
0.662
0.151629
0.662
0.203516
0.662
0.662
0.662
0.662
0.300541
0.459593
0.200509
0.384179
0.573061
0.587879
0.662
0.439625
0.0701623
0.511589
0.511721
0.120781
0.249834
0.662
0.662
0.0543897
0.184215
0.186807
0.190718
0.020239
0.197149
0.0681062
0.186938
0.188392
0.662
0.354997
0.662
0.178239
0.662
0.662
0.330728
0.0750626
0.530332
0.474736
0.345138
0.0536587
0.2181
0.662
0.662
0.419513
0.200649
0.662
0.662
0.414795
0.253298
0.662
0.0266991
0.204959
0.0306943
0.246029
0.662
0.662
0.662
0.261571
0.217024
0.662
0.237665
0.211053
0.342452
0.655247
0.167912
0.441631
0.305879
0.210145
0.18588
0.662
0.00180096
0.662
0.662
0.238735
0.288519
0.157523
0.489053
0.101871
0.419762
0.259317
0.475914
0.662
0.662
0.207046
0.309309
0.272382
0.662
0.304631
0.430799
0.539171
0.289742
0.662
0.186969
0.415817
0.662
0.398892
0.662
0.4185
0.393459
0.324349
0.662
0.366412
0.152538
0.17364
0.0768037
0.662
0.578342
0.199604
0.153741
0.620907
0.284413
0.662
0.662
0.662
0.662
0.25385
0.662
0.655978
0.445075
0.00411583
0.133792
0.474695
0.423509
0.662
0.662
0.140869
0.163512
0.662
0.0588164
0.646369
0.167595
0.241933
0.263854
0.662
0.454498
0.274413
0.662
0.317326
0.660789
0.662
0.662
0.193212
0.27235
0.127627
0.0893484
0.662
0.620402
0.467059
0.662
0.651289
0.313769
0.0715816
0.662
0.244814
0.220962
0.3706
0.260183
0.662
0.170071
0.662
0.284161
0.132857
0.317568
0.164457
0.501464
0.662
0.399188
0.212945
0.662
0.662
0.662
0.237023
0.409217
0.358879
0.662
0.128894
0.286765
0.235387
0.443374
0.363087
0.406865
0.351022
0.206643
0.662
0.227538
0.0892628
0.662
0.245054
0.662
0.325696
0.145058
0.662
0.196253
0.552706
0.33634
0.0156323
0.662
0.662
0.391944
0.190857
0.456702
0.040547
0.131191
0.0424534
0.662
0.26072
0.461095
0.662
0.425893
0.662
0.0915284
0.465005
0.123224
0.222525
0.662
0.316165
0.662
0.521243
0.662
0.363655
0.259909
0.318211
0.662
0.431343
0.197365
0.0163531
0.662
0.662
0.230008
0.271324
0.662
0.419436
0.40183
0.662
0.291187
0.288616
0.047711
0.537767
0.159869
0.662
0.662
0.662
0.383266
0.662
0.662
0.662
0.551384
0.662
0.197726
0.157368
0.127997
0.662
0.662
0.662
0.18543
0.662
0.183957
0.337688
0.172275
0.0813854
0.662
0.662
0.22255
0.204224
0.131222
0.662
0.662
0.116877
0.145873
0.662
0.149529
0.37227
0.662
0.266792
0.436929
0.662
0.662
0.662
0.238724
0.292587
0.662
0.601197
0.662
0.0872368
0.662
0.219032
0.662
0.250489
0.49777
0.662
0.662
0.662
0.314839
0.00629934
0.102922
0.297872
0.537728
0.662
0.397133
0.410221
0.367388
0.354963
0.367978
0.0614619
0.390723
0.225355
0.429239
0.441838
0.158186
0.393071
0.269032
0.437869
0.662
0.301591
0.566322
0.266543
0.208264
0.515228
0.00388911
0.478531
0.105924
0.460055
0.268096
0.523907
0.555253
0.354824
0.354857
0.662
0.38961
0.0067486
0.488789
0.131432
0.662
0.267639
0.0741904
0.36041
0.662
0.662
0.662
0.391067
0.662
0.0805177
0.120607
0.449461
0.662
0.583211
0.12362
0.662
0.662
0.267837
0.662
0.662
0.662
0.216513
0.662
0.366543
0.284848
0.662
0.662
0.584206
0.0307607
0.163976
0.212856
0.662
0.662
0.229272
0.385864
0.662
0.285497
0.662
0.662
0.223722
0.423137
0.376476
0.104798
0.662
0.662
0.0308496
0.662
0.662
0.662
0.662
0.144245
0.662
0.662
0.26331
0.181451
0.610241
0.238482
0.289931
0.0922383
0.337611
0.662
0.280994
0.662
0.662
0.662
0.33553
0.662
0.326159
0.662
0.662
0.45048
0.425103
0.420512
0.0570772
0.2077
0.409524
0.36873
0.458146
0.662
0.166417
0.662
0.63339
0.322899
0.610907
0.662
0.662
0.208076
0.662
0.457562
0.662
0.201117
0.662
0.662
0.227499
0.662
0.662
0.136502
0.186544
0.163458
0.49241
0.286346
0.662
0.328976
0.662
0.331854
0.191696
0.337354
0.300768
0.182998
0.662
0.662
0.00841264
0.269866
0.662
0.662
0.662
0.330772
0.203479
0.662
0.127551
0.247901
0.340711
0.662
0.187701
0.22847
0.662
0.268111
0.649612
0.662
0.662
0.383
0.662
0.662
0.256302
0.117248
0.662
0.662
0.662
0.662
0.614654
0.218803
0.47402
0.662
0.662
0.662
0.662
0.655913
0.662
0.227434
0.547896
0.100761
0.192404
0.238961
0.662
0.662
0.662
0.134453
0.456202
0.0349268
0.238716
0.23446
0.281562
0.662
0.345855
0.662
0.508627
0.662
0.662
0.216109
0.662
0.320131
0.662
0.206101
0.217775
0.662
0.662
0.224765
0.356701
0.334063
0.325041
0.662
0.5972
0.0721168
0.0573925
0.662
0.149288
0.123713
0.662
0.0541932
0.143619
0.562667
0.495515
0.662
0.260158
0.662
0.206256
0.662
0.662
0.185215
0.310721
0.465319
0.528295
0.662
0.662
0.248921
0.662
0.0402765
0.166977
0.111763
0.662
0.662
0.0928235
0.662
0.024497
0.31049
0.289269
0.18917
0.00829136
0.662
0.196905
0.505487
0.270001
0.662
0.154166
0.662
0.250128
0.152722
0.120683
0.00528407
0.662
0.405871
0.172616
0.662
0.393259
0.662
0.0649325
0.398871
0.0903762
0.194042
0.662
0.246124
0.261889
0.425244
0.662
0.412859
0.326414
0.147036
0.0971188
0.262684
0.662
0.662
0.295594
0.662
0.662
0.662
0.26527
0.662
0.418559
0.201123
0.465549
0.0563656
0.231813
0.662
0.538427
0.662
0.662
0.662
0.249014
0.662
0.662
0.472276
0.662
0.270236
0.662
0.661097
0.0573629
0.133824
0.073485
0.302061
0.651043
0.265868
0.518238
0.0687947
0.662
0.103266
0.662
0.122928
0.086033
0.459717
0.662
0.0950404
0.662
0.662
0.662
0.332202
0.662
0.207129
0.246313
0.662
0.662
0.0764089
0.359976
0.662
0.209992
0.662
0.662
0.413089
0.187628
0.662
0.0257856
0.662
0.196524
0.662
0.662
0.131266
0.662
0.118484
0.245236
0.662
0.426128
0.662
0.217567
0.662
0.662
0.210137
0.662
0.153212
0.23605
0.29475
0.0369837
0.187309
0.662
0.662
0.662
0.662
0.662
0.662
0.662
0.0989955
0.463719
0.267294
0.662
0.39577
0.662
0.464398
0.227162
0.662
0.233779
0.662
0.662
0.640483
0.662
0.157621
0.662
0.654513
0.33081
0.115515
0.293622
0.390286
0.385632
0.662
0.662
0.428877
0.215922
0.0827755
0.662
0.18754
0.460933
0.413508
0.147838
0.662
0.306801
0.411597
0.662
0.558431
0.286476
0.250671
0.145687
0.662
0.662
0.454371
0.386693
0.662
0.406455
0.197948
0.662
0.0631728
0.662
0.463727
0.049454
0.47342
0.0153174
0.662
0.190402
0.662
0.662
0.662
0.662
0.183446
0.00685411
0.4618
0.121138
0.662
0.250178
0.662
0.662
0.260536
0.188926
0.662
0.0518733
0.662
0.485563
0.225944
0.333518
0.44652
0.662
0.662
0.662
0.321078
0.0780059
0.662
0.662
0.48254
0.0047064
0.662
0.118553
0.662
0.0508471
0.662
0.392017
0.662
0.0462988
0.662
0.105012
0.662
0.0304627
0.662
0.662
0.209902
0.662
0.196323
0.662
0.538595
0.443426
0.662
0.662
0.185249
0.365479
0.360269
0.662
0.662
0.117878
0.662
0.639356
0.662
0.662
0.662
0.00907929
0.20622
0.662
0.261251
0.662
0.164869
0.662
0.303237
0.662
0.0610866
0.309249
0.662
0.529295
0.252215
0.45657
0.162936
0.451661
0.167902
0.303702
0.267438
0.404894
