0.198201
0.291999
0.212768
0.662
0.425374
0.569409
0.417298
0.336317
0.189645
0.662
0.662
0.225699
0.104859
0.662
0.662
0.662
0.662
0.662
0.662
0.316049
0.56918
0.40775
0.381365
0.0725722
0.270128
0.23402
0.158815
0.156678
0.662
0.421352
0.662
0.156281
0.151537
0.332337
0.403321
0.662
0.662
0.662
0.328837
0.243677
0.26412
0.0188136
0.662
0.575662
0.0133727
0.0191298
0.247589
0.277504
0.203924
0.195495
0.642378
0.0463622
0.37948
0.401208
0.35454
0.224419
0.662
0.308343
0.234322
0.414862
0.38787
0.662
0.125819
0.662
0.662
0.156998
0.367725
0.306548
0.382042
0.0363834
0.140977
0.19084
0.0290882
0.662
0.662
0.4667
0.659035
0.662
0.141381
0.393021
0.259309
0.256374
0.105682
0.662
0.240705
0.378917
0.316504
0.662
0.469438
0.662
0.662
0.164224
0.662
0.662
0.0980855
0.227197
0.250071
0.0743727
0.621507
0.0215927
0.482104
0.662
0.607656
0.169542
0.537615
0.619139
0.581196
0.203349
0.0769701
0.00795298
0.0331294
0.0274021
0.345937
0.575174
0.458687
0.121646
0.662
0.197806
0.63845
0.186559
0.662
0.202183
0.662
0.337802
0.662
0.207837
0.662
0.133281
0.662
0.662
0.618727
0.254878
0.201947
0.662
0.381889
0.315089
0.662
0.158829
0.131189
0.483634
0.662
0.651991
0.662
0.0426862
0.216076
0.213745
0.343102
0.445414
0.635769
0.590401
0.562422
0.245363
0.290385
0.252704
0.233765
0.352636
0.662
0.662
0.590426
0.662
0.592642
0.221817
0.0779402
0.499405
0.662
0.504734
0.544487
0.662
0.116041
0.5929
0.0336128
0.639168
0.662
0.118166
0.662
0.0458083
0.163906
0.662
0.197231
0.194037
0.0587618
0.662
0.377715
0.622501
0.63911
0.662
0.0647508
0.662
0.454585
0.638886
0.619736
0.662
0.356872
0.151852
0.428084
0.378759
0.0852777
0.532987
0.662
0.662
0.331711
0.201725
0.638521
0.662
0.662
0.118004
0.255941
0.286738
0.662
0.662
0.116966
0.578211
0.516998
0.282497
0.662
0.662
0.165952
0.250072
0.662
0.112655
0.231825
0.615443
0.0896996
0.480375
0.249151
0.0771671
0.662
0.295917
0.662
0.662
0.187168
0.167871
0.24162
0.395952
0.652498
0.662
0.662
0.0875235
0.196212
0.486817
0.641929
0.612813
0.125434
0.107769
0.547469
0.662
0.662
0.466917
0.129479
0.620815
0.334341
0.662
0.271686
0.662
0.351927
0.0425279
0.662
0.662
0.227672
0.308423
0.00866051
0.0472963
0.560789
0.292355
0.357834
0.528304
0.196787
0.662
0.0947163
0.662
0.662
0.662
0.662
0.094428
0.365608
0.158811
0.345029
0.662
0.105584
0.662
0.662
0.662
0.163511
0.0853991
0.448045
0.662
0.193805
0.187723
0.348116
0.317842
0.19058
0.16678
0.158994
0.662
0.230433
0.141182
0.644572
0.662
0.662
0.18891
0.662
0.614499
0.1833
0.659257
0.223705
0.394217
0.662
0.167914
0.662
0.662
0.329774
0.649437
0.662
0.489188
0.0822253
0.288052
0.114605
0.662
0.137007
0.662
0.298097
0.26946
0.662
0.333761
0.397414
0.199404
0.662
0.613142
0.662
0.662
0.155171
0.312977
0.662
0.244886
0.662
0.622896
0.244623
0.299822
0.00825485
0.445257
0.278939
0.662
0.227044
0.0480974
0.0486702
0.0943949
0.662
0.456065
0.114815
0.1527
0.203582
0.352471
0.662
0.0319099
0.213533
0.543223
0.42937
0.164202
0.24125
0.42536
0.437327
0.662
0.487891
0.632019
0.0118924
0.626266
0.662
0.652173
0.474293
0.651192
0.0821525
0.201259
0.475287
0.335641
0.0728371
0.388692
0.662
0.647246
0.633665
0.146807
0.662
0.464201
0.662
0.234795
0.169582
0.448356
0.284585
0.283287
0.355709
0.662
0.649874
0.447229
0.662
0.126054
0.182795
0.660638
0.571272
0.662
0.662
0.0188426
0.595953
0.622294
0.172599
0.662
0.356579
0.231882
0.662
0.662
0.40493
0.662
0.363404
0.443455
0.0909546
0.456884
0.662
0.62226
0.662
0.543727
0.501138
0.654596
0.41866
0.0521953
0.262276
0.590896
0.213537
0.489892
0.440839
0.135132
0.451922
0.578177
0.662
0.174823
0.366395
0.40634
0.151504
0.263328
0.172223
0.411048
0.662
0.662
0.325412
0.00734715
0.531908
0.24686
0.577299
0.362312
0.565709
0.0239933
0.296625
0.604317
0.422856
0.375401
0.582835
0.367126
0.662
0.146638
0.662
0.186524
0.0119813
0.174466
0.413728
0.658509
0.192036
0.0181166
0.470985
0.0892248
0.245894
0.18687
0.662
0.0125977
0.631066
0.23628
0.194368
0.662
0.271613
0.662
0.36024
0.247083
0.12793
0.338706
0.0641075
0.364439
0.662
0.662
0.453562
0.543821
0.662
0.647385
0.646669
0.213757
0.0214766
0.118288
0.297362
0.658804
0.28481
0.662
0.662
0.266339
0.178403
0.442517
0.067011
0.662
0.662
0.548451
0.103385
0.229626
0.0547779
0.289272
0.366991
0.662
0.449999
0.143376
0.212836
0.245498
0.222861
0.662
0.633932
0.662
0.0825016
0.662
0.0804359
0.662
0.662
0.142104
0.662
0.500824
0.593137
0.662
0.519976
0.210302
0.0869277
0.134699
0.23521
0.0546912
0.138192
0.517813
0.123992
0.614321
0.384834
0.28246
0.338687
0.285733
0.662
0.149613
0.304145
0.662
0.662
0.539898
0.0556441
0.226842
0.430871
0.0622261
0.519878
0.450731
0.221698
0.102832
0.627694
0.662
0.662
0.173925
0.130472
0.237172
0.662
0.0315385
0.662
0.662
0.64925
0.0798129
0.210164
0.662
0.0751518
0.662
0.662
0.354967
0.662
0.662
0.216034
0.662
0.519992
0.662
0.165412
0.662
0.523496
0.662
0.349653
0.0387194
0.276527
0.232519
0.40184
0.634896
0.0655621
0.234818
0.662
0.610486
0.195957
0.592409
0.464393
0.375913
0.640011
0.662
0.662
0.159297
0.662
0.0510526
0.110896
0.662
0.259719
0.649422
0.623394
0.459685
0.3025
0.427305
0.662
0.216903
0.224487
0.227696
0.195748
0.254173
0.662
0.662
0.0348165
0.0408779
0.662
0.662
0.272709
0.662
0.662
0.0645583
0.227012
0.638763
0.662
0.491041
0.662
0.273915
0.225025
0.311547
0.210428
0.545202
0.662
0.483263
0.369294
0.415862
0.662
0.109289
0.485677
0.662
0.638205
0.662
0.58727
0.205403
0.145823
0.0839464
0.525959
0.662
0.140391
0.131047
0.662
0.476939
0.497504
0.295131
0.0569303
0.482373
0.26047
0.342448
0.223655
0.662
0.191148
0.390966
0.584378
0.662
0.513214
0.347427
0.102429
0.414082
0.460327
0.662
0.372266
0.331192
0.168251
0.597664
0.397069
0.175181
0.100617
0.150163
0.410523
0.481591
0.0380572
0.662
0.179531
0.0696743
0.662
0.0880877
0.241641
0.370887
0.662
0.307109
0.662
0.142076
0.662
0.405578
0.1738
0.414979
0.662
0.662
0.342526
0.227017
0.35828
0.662
0.662
0.267908
0.662
0.662
0.26341
0.662
0.662
0.467144
0.341734
0.437028
0.662
0.662
0.662
0.662
0.134888
0.662
0.190881
0.289311
0.321945
0.10491
0.662
0.227748
0.13164
0.283314
0.389104
0.382353
0.0539662
0.193437
0.662
0.191212
0.365518
0.650406
0.662
0.350403
0.41012
0.662
0.238495
0.392597
0.464315
0.000912518
0.326289
0.640476
0.662
0.662
0.662
0.662
0.662
0.560774
0.502174
0.662
0.20291
0.173617
0.465092
0.137431
0.662
0.662
0.662
0.347222
0.199892
0.474659
0.333922
0.662
0.636766
0.509827
0.146883
0.283412
0.662
0.441797
0.662
0.0356944
0.502416
0.662
0.472972
0.662
0.662
0.0959911
0.291231
0.134724
0.589624
0.465345
0.383244
0.170931
0.396564
0.52269
0.420528
0.401689
0.662
0.319025
0.662
0.662
0.51948
0.459394
0.553639
0.662
0.161897
0.662
0.662
0.622115
0.116568
0.406358
0.212602
0.419061
0.487936
0.662
0.662
0.125159
0.404961
0.0488277
0.662
0.662
0.662
0.0449755
0.366651
0.0877326
0.231407
0.528705
0.662
0.0921393
0.258236
0.112056
0.429107
0.0291697
0.599859
0.179837
0.662
0.263686
0.61937
0.662
0.112818
0.426137
0.079483
0.501129
0.662
0.629806
0.662
0.519098
0.0599853
0.662
0.662
0.662
0.0780546
0.111519
0.662
0.356367
0.472953
0.203589
0.662
0.0191247
0.662
0.451183
0.281095
0.00397338
0.278145
0.662
0.471402
0.662
0.662
0.108324
0.1196
0.662
0.662
0.662
0.662
0.662
