0.179795
0.389036
0.262847
0.0396389
0.196008
0.202517
0.662
0.614647
0.662
0.661374
0.662
0.410523
0.0986885
0.662
0.662
0.662
0.662
0.549314
0.601509
0.203654
0.19164
0.128047
0.584448
0.150815
0.662
0.662
0.39178
0.215528
0.662
0.662
0.662
0.421221
0.476607
0.662
0.461789
0.0202641
0.162484
0.210084
0.408232
0.0345267
0.662
0.35185
0.422805
0.662
0.662
0.250972
0.22562
0.29474
0.662
0.415705
0.662
0.662
0.465306
0.22272
0.662
0.662
0.63339
0.662
0.662
0.0132855
0.0766063
0.374029
0.662
0.662
0.430302
0.437687
0.662
0.199695
0.36137
0.0508605
0.662
0.662
0.662
0.662
0.624007
0.126628
0.0713097
0.398822
0.0562287
0.662
0.0284802
0.662
0.629133
0.337464
0.225706
0.197474
0.310765
0.662
0.215012
0.609443
0.662
0.231621
0.388642
0.0424604
0.319099
0.412563
0.423818
0.644135
0.662
0.0815309
0.305018
0.0880779
0.662
0.0131538
0.302037
0.662
0.662
0.425545
0.50325
0.520406
0.662
0.188421
0.662
0.218276
0.662
0.662
0.391689
0.00198872
0.662
0.0360981
0.0912001
0.662
0.662
0.662
0.301137
0.0660672
0.662
0.288852
0.182988
0.514694
0.662
0.413676
0.662
0.662
0.662
0.644801
0.107954
0.475439
0.279133
0.0115517
0.600707
0.203918
0.240427
0.662
0.662
0.56952
0.662
0.662
0.123148
0.662
0.196883
0.283388
0.662
0.185023
0.346894
0.233886
0.618487
0.662
0.612813
0.115231
0.662
0.543806
0.662
0.662
0.556507
0.662
0.662
0.191152
0.662
0.281155
0.662
0.0939863
0.662
0.662
0.193755
0.0668908
0.223624
0.137714
0.356711
0.22436
0.662
0.662
0.40777
0.361226
0.662
0.606709
0.497149
0.0186662
0.197002
0.456789
0.662
0.274019
0.662
0.0924174
0.100589
0.662
0.297315
0.469057
0.662
0.662
0.313651
0.222178
0.662
0.662
0.179472
0.366842
0.662
0.266343
0.348549
0.233548
0.662
0.662
0.662
0.662
0.57027
0.461837
0.662
0.064634
0.622736
0.560983
0.314844
0.662
0.438327
0.558049
0.0639585
0.662
0.072546
0.0532134
0.193412
0.662
0.273302
0.662
0.355189
0.13984
0.662
0.421267
0.329575
0.159405
0.662
0.656014
0.277823
0.192958
0.662
0.10329
0.394892
0.662
0.585486
0.631398
0.464046
0.168954
0.662
0.662
0.363807
0.662
0.662
0.662
0.26178
0.20971
0.212578
0.308353
0.565262
0.662
0.137962
0.472105
0.662
0.662
0.303828
0.244253
0.348406
0.641549
0.287891
0.269263
0.662
0.662
0.642382
0.490173
0.568765
0.662
0.616911
0.121515
0.662
0.311272
0.0591354
0.662
0.397112
0.20311
0.662
0.525143
0.213148
0.312246
0.662
0.208956
0.662
0.152184
0.662
0.440343
0.189851
0.0564865
0.54195
0.433516
0.662
0.376319
0.232146
0.221143
0.1432
0.00604369
0.662
0.662
0.662
0.0425556
0.224153
0.662
0.196941
0.436895
0.169843
0.117031
0.662
0.354546
0.356692
0.521709
0.662
0.545414
0.662
0.440325
0.0119818
0.293835
0.662
0.0433646
0.662
0.35829
0.243576
0.464051
0.126569
0.364989
0.364594
0.315483
0.662
0.662
0.662
0.662
0.662
0.617175
0.245599
0.662
0.201025
0.574546
0.483206
0.0873204
0.445602
0.133576
0.558601
0.535934
0.662
0.662
0.190939
0.469661
0.551859
0.662
0.281594
0.662
0.0381686
0.0270539
0.237846
0.42377
0.292658
0.662
0.40597
0.194509
0.331984
0.0496624
0.662
0.0890573
0.662
0.662
0.448334
0.662
0.372254
0.395835
0.662
0.216669
0.135816
0.192619
0.545975
0.256595
0.0742311
0.308773
0.662
0.237804
0.662
0.662
0.198797
0.135261
0.177748
0.662
0.662
0.662
0.662
0.521879
0.274626
0.191055
0.245407
0.422283
0.311877
0.308422
0.652652
0.662
0.662
0.177305
0.0970984
0.580616
0.60653
0.561228
0.628862
0.0324595
0.319965
0.266375
0.382925
0.350093
0.662
0.662
0.0820396
0.662
0.662
0.542652
0.662
0.111908
0.223518
0.638944
0.662
0.662
0.662
0.662
0.662
0.662
0.662
0.0115534
0.440688
0.279769
0.662
0.0725829
0.204671
0.662
0.147368
0.137587
0.320969
0.662
0.662
0.191309
0.662
0.202128
0.0315034
0.234693
0.327883
0.662
0.653928
0.118248
0.275935
0.662
0.141113
0.252712
0.662
0.662
0.662
0.662
