0.658914
0.662
0.662
0.61324
0.0656908
0.186801
0.529977
0.662
0.367786
0.235621
0.64364
0.0722593
0.126245
0.662
0.400613
0.331214
0.405194
0.662
0.0612675
0.332718
0.373985
0.662
0.320828
0.113361
0.637559
0.0693103
0.662
0.643729
0.487487
0.400819
0.51525
0.13943
0.068741
0.417098
0.662
0.347981
0.453308
0.00597785
0.662
0.489031
0.254541
0.277487
0.218483
0.0103361
0.593912
0.21703
0.323068
0.013333
0.371627
0.259721
0.662
0.19631
0.421097
0.473317
0.0839245
0.23109
0.662
0.662
0.106061
0.164883
0.442708
0.0385943
0.102893
0.64005
0.301073
0.192896
0.662
0.541418
0.645766
0.662
0.178419
0.368571
0.662
0.306715
0.187753
0.662
0.338062
0.390647
0.52167
0.415104
0.662
0.0741383
0.294819
0.633391
0.402609
0.662
0.121352
0.380304
0.23716
0.662
0.00203071
0.662
0.0158977
0.662
0.662
0.328921
0.140527
0.447221
0.662
0.662
0.50257
0.250067
0.218291
0.320914
0.463766
0.50189
0.0622164
0.662
0.662
0.662
0.0562709
0.662
0.0715793
0.364474
0.205632
0.0685741
0.492858
0.44359
0.173731
0.662
0.287126
0.662
0.662
0.425956
0.662
0.662
0.234871
0.405397
0.619745
0.662
0.662
0.473451
0.662
0.662
0.197934
0.658974
0.435535
0.662
0.662
0.32857
0.321807
0.662
0.462915
0.164871
0.275783
0.354003
0.304221
0.170248
0.00130424
0.300538
0.483264
0.127087
0.352857
0.404792
0.397251
0.135122
0.493969
0.130818
0.636482
0.293353
0.41724
0.662
0.0859746
0.662
0.535981
0.24615
0.311449
0.347608
0.076848
0.662
0.662
0.580518
0.308398
0.631775
0.187913
0.277397
0.662
0.217115
0.0239637
0.167569
0.662
0.480053
0.191684
0.408815
0.468136
0.662
0.662
0.517145
0.233724
0.660619
0.662
0.187631
0.00806404
0.248179
0.535921
0.508381
0.662
0.627352
0.659506
0.0951567
0.0230541
0.662
0.300839
0.342173
0.135922
0.356951
0.318507
0.387212
0.256858
0.290326
0.448839
0.181313
0.433613
0.662
0.471928
0.662
0.269645
0.500447
0.662
0.268217
0.455874
0.662
0.232921
0.425416
0.601325
0.630376
0.662
0.11897
3.95291e-05
0.437572
0.644624
0.325085
0.662
0.121532
0.113267
0.379584
0.247949
0.32647
0.536564
0.662
0.423025
0.304851
0.36943
0.00621614
0.362329
0.0877389
0.190033
0.485398
0.157182
