0.409619
0.26433
0.199892
0.340719
0.0146225
0.390118
0.662
0.662
0.259169
0.190881
0.254205
0.662
0.078938
0.3025
0.662
0.0387194
0.411928
0.63845
0.0923449
0.0816758
0.285282
0.644572
0.151525
0.578211
0.299822
0.575174
0.309926
0.380029
0.115711
0.125348
0.0935803
0.134864
0.662
0.423994
0.137431
0.662
0.509827
0.662
0.112655
0.239593
0.662
0.662
0.662
0.658804
0.303672
0.474483
0.498428
0.662
0.662
0.662
0.63911
0.660638
0.25276
0.136479
0.662
0.0951038
0.662
0.226842
0.662
0.0363834
0.22069
0.443091
0.62226
0.366355
0.45102
0.122511
0.662
0.241946
0.662
