0.662
0.192717
0.608608
0.662
0.0155212
0.289311
0.361226
0.662
0.292091
0.662
0.662
0.662
0.271681
0.364229
0.18687
0.662
0.662
0.145432
0.562503
0.662
0.311664
0.662
0.662
0.662
0.141182
0.171945
0.358828
0.662
0.498147
0.337488
0.662
0.616911
0.426637
0.662
0.352326
0.450929
0.0942574
0.662
0.336333
0.0403507
0.390215
0.662
0.629563
0.662
0.662
0.493115
0.190548
0.662
0.147734
0.620729
0.279333
0.17187
0.432819
0.130133
0.662
0.112056
0.646049
0.644203
0.662
0.246197
0.1379
0.208863
0.192079
0.662
0.219542
0.647849
0.662
0.662
0.135243
0.639063
0.331064
0.269852
0.662
0.196591
0.403233
0.662
0.606277
0.210819
0.036953
0.0188136
0.662
0.662
0.229296
0.365474
0.213533
0.662
0.386164
0.37961
0.662
0.493558
0.445577
0.36116
0.437853
0.456833
0.513368
0.330192
0.0244613
0.519347
0.640525
0.662
0.0503928
0.255257
0.662
0.459685
0.662
0.662
0.329909
0.662
0.662
0.63911
0.631066
0.395464
0.662
0.579594
0.662
0.662
0.662
0.0883526
0.349144
0.662
0.662
0.662
0.662
0.589068
0.0191298
0.113551
0.371928
0.662
0.662
0.348345
0.662
0.662
0.435807
0.662
0.399333
0.389601
0.662
0.662
0.119403
0.662
0.165333
0.485298
0.0308744
0.662
0.662
0.285258
0.551747
0.654113
0.323285
0.662
0.602535
0.662
0.336963
0.499405
0.662
0.190937
0.0954911
0.662
0.565709
0.034515
0.606843
0.662
0.285114
0.427828
0.200531
0.662
0.33232
0.662
0.662
0.662
0.662
0.620149
0.662
0.18293
0.225025
0.252822
0.182947
0.210371
0.0721045
0.662
0.662
0.430387
0.630505
0.662
0.0468943
0.662
0.0345942
0.662
0.610703
0.537472
0.579374
0.0292236
0.662
0.239905
0.215925
0.443751
0.662
0.662
0.662
0.289272
0.662
0.27022
0.109315
0.0648447
0.31456
0.662
0.00211478
0.286311
0.227672
0.662
0.43373
0.662
0.363404
0.176363
0.162189
0.0433899
0.371589
0.32813
0.10551
0.662
0.291155
0.662
0.662
0.662
0.519485
0.415203
0.453011
0.466054
0.102429
0.103385
0.438537
0.266339
0.662
0.662
0.504806
0.662
0.228951
0.662
0.348502
0.662
0.0323526
0.304941
0.334842
0.248634
0.155718
0.281291
0.185495
0.662
0.662
0.492598
0.0514948
0.368537
0.662
0.00812994
0.465507
0.435554
0.186495
0.430641
0.243091
0.0142478
0.476369
0.27169
0.585135
0.662
0.178931
0.280566
0.662
0.662
0.267882
0.417654
0.662
0.193112
0.443923
0.100028
0.662
0.0647508
0.662
0.662
0.662
0.662
0.662
0.180418
0.241268
0.662
0.356872
0.662
0.606606
0.423848
0.326754
0.662
0.225074
0.662
0.0739623
0.26564
0.576344
0.201259
0.517335
0.577169
0.331372
0.0114311
0.208137
0.324327
0.421502
0.0690561
0.662
0.109293
0.0703641
0.111123
0.662
0.644159
0.658717
0.230101
0.323877
0.0582359
0.352757
0.380332
0.250072
0.362344
0.172774
0.507833
0.662
0.208863
0.382806
0.506307
0.251082
0.0458707
0.662
0.497504
0.207823
0.359537
0.144138
0.662
0.428263
0.662
0.0842858
0.662
0.440469
0.662
0.662
0.662
0.269166
0.662
0.662
0.662
0.662
0.125853
0.000966665
0.363094
0.662
0.662
0.662
0.469993
0.540865
0.320794
0.662
0.662
0.170343
0.662
0.267407
0.662
0.201907
0.387192
0.410657
0.0683534
0.0727656
0.662
0.662
0.0619735
0.47144
0.662
0.662
0.00764665
0.597712
0.662
0.310809
0.457214
0.192065
0.00918983
0.296075
0.486429
0.662
0.551285
0.179187
0.185645
0.596206
0.382493
0.510271
0.17593
0.348282
0.642289
0.169824
0.41214
0.662
0.604751
0.662
0.662
0.304059
0.205542
0.567885
0.662
0.563544
0.0842545
0.210623
0.662
0.662
0.408618
0.398498
0.662
0.443923
0.581157
0.00613189
0.413374
0.0356944
0.512236
0.662
0.60322
0.662
0.247028
0.190611
0.276147
0.397318
0.375218
0.265859
0.662
0.280102
0.662
0.662
0.57503
0.282075
0.617909
0.662
0.0315385
0.662
0.662
0.338769
0.10735
0.662
0.662
0.190759
0.634896
0.430643
0.658493
0.323639
0.407456
0.377299
0.352965
0.438214
0.245525
0.403321
0.393199
0.662
0.662
0.205023
0.485842
0.172314
0.662
0.639015
0.344295
0.321641
0.633391
0.662
0.662
0.662
0.662
0.137149
0.318192
0.0416192
0.355789
0.638238
0.265644
0.662
0.389284
0.178596
0.321576
0.662
0.458769
0.00747541
0.195372
0.555487
0.340786
0.597716
0.587158
0.170188
0.565563
0.350446
0.404379
0.153719
0.0275722
0.400674
0.662
0.662
0.662
0.651953
0.463372
0.256105
0.230161
0.1758
0.325439
0.662
0.662
0.515085
0.0139916
0.662
0.370783
0.361631
0.1779
0.208666
0.662
0.165309
0.133623
0.447338
0.022625
0.448356
0.353606
0.662
0.662
0.210302
0.125434
0.662
0.0844218
0.662
0.0200438
0.243861
0.662
0.0270788
0.417782
0.486987
0.662
0.142434
0.662
0.56384
0.662
0.247615
0.614215
0.662
0.19025
0.662
0.629105
0.490815
0.662
0.662
0.41857
0.662
0.662
0.601583
0.143089
0.422424
0.337691
0.191991
0.662
0.322041
0.43888
0.662
0.544487
0.662
0.662
0.662
0.662
0.662
0.173676
0.204394
0.311539
0.192518
0.462539
0.16699
0.379005
0.398822
0.534403
0.662
0.466131
0.257734
0.662
0.662
0.0654762
0.487681
0.205403
0.662
0.383987
0.591189
0.662
0.167099
0.662
0.438254
0.375048
0.662
0.516186
0.662
0.0513787
0.135493
0.0480259
0.56966
0.651192
0.592362
0.656303
0.0259869
0.57703
0.440426
0.582835
0.5802
0.662
0.662
0.587193
0.0511727
0.662
0.0052284
0.382296
0.339157
0.273383
0.662
0.662
0.662
0.662
0.315471
0.553639
0.340518
0.0539828
0.435664
0.662
0.662
0.0734548
0.0540712
0.198416
0.662
0.202416
0.662
0.662
0.1587
0.208442
0.230433
0.662
0.662
0.662
0.18391
0.241811
0.230466
0.498123
0.0820492
0.580003
0.12445
0.397069
0.662
0.245561
0.238141
0.0115174
0.662
0.662
0.662
0.394309
0.662
0.662
0.662
0.0482222
0.662
0.662
0.662
0.202154
0.441191
0.164444
0.662
0.348289
0.204006
0.662
0.662
0.000188628
0.608316
0.187712
0.134393
0.636697
0.440839
0.442517
0.084389
0.662
0.188689
0.252967
0.0975165
0.19874
0.331711
0.662
0.278168
0.395746
0.662
0.0190329
0.0417875
0.0284099
0.662
0.491843
0.662
0.10173
0.131259
0.538893
0.662
0.662
0.345564
0.539871
0.659857
0.304651
0.271314
0.0380572
0.662
0.202111
0.37948
0.164224
0.478329
0.280471
0.0624053
0.662
0.175181
0.0174604
0.662
0.467447
0.577021
0.662
0.277409
0.326421
0.662
0.326828
0.662
0.425723
0.467144
0.211801
0.54906
0.461056
0.662
0.613142
0.0569303
0.057905
0.234322
0.466589
0.0545619
0.352724
0.189474
0.196516
0.208458
0.545536
0.0471477
0.117083
0.662
0.662
0.256656
0.662
0.290073
0.223402
0.56145
0.662
0.210188
0.662
0.135157
0.354967
0.662
0.405275
0.662
0.102622
0.132372
0.150866
0.36429
0.450731
0.662
0.662
0.662
0.0907453
0.662
0.442125
0.227044
0.662
0.662
0.642175
0.258259
0.0726885
0.662
0.272331
0.332695
0.460144
0.493969
0.471402
0.0113525
0.341324
0.662
0.527087
0.662
0.662
0.626364
0.662
0.229423
0.662
0.60949
0.453019
0.662
0.662
0.452543
0.0463622
0.174694
0.662
0.165399
0.662
0.662
0.598403
0.662
0.662
0.662
0.662
0.609575
0.170142
0.662
0.0921393
0.662
0.662
0.466275
0.479794
0.662
0.549825
0.32509
0.365126
0.381365
0.0930649
0.619139
0.662
0.662
0.285426
0.191212
0.50655
0.236868
0.265609
0.0725725
0.662
0.334294
0.662
0.662
0.165952
0.662
0.662
0.662
0.28481
0.229569
0.257004
0.0664549
0.634542
0.662
0.295917
0.662
0.278145
0.219097
0.662
0.315749
0.343281
0.662
0.49558
0.212423
0.417353
0.662
0.662
0.662
0.662
0.225427
0.049358
0.449035
0.397525
0.0799684
0.200831
0.424032
0.478247
0.590291
0.138907
0.139768
0.662
0.563781
0.189374
0.662
0.397662
0.641956
0.216305
0.662
0.464002
0.142007
0.662
0.662
0.662
0.0128719
0.662
0.479833
0.662
0.269761
0.248929
0.0610069
0.662
0.662
0.395837
0.0688591
0.662
0.223726
0.0260281
0.217945
0.662
0.183209
0.110177
0.356274
0.26
0.37297
0.0710454
0.662
0.315544
0.203349
0.0376819
0.299423
0.202183
0.336362
0.446578
0.662
0.662
0.662
0.516338
0.662
0.400555
0.297035
0.228935
0.662
0.662
0.662
0.384403
0.662
0.662
0.0309849
0.662
0.206592
0.200554
0.407372
0.0640711
0.356252
0.0217318
0.65671
0.662
0.179023
0.335986
0.527154
0.662
0.351686
0.607966
0.375067
0.662
0.380258
0.662
0.00733444
0.662
0.662
0.324725
0.662
0.191318
0.562613
0.662
0.511833
0.662
0.662
0.0925181
0.0647603
0.0984112
0.108334
0.536532
0.662
0.662
0.662
0.662
0.0788686
0.662
0.324009
0.382064
0.0846933
0.0119813
0.662
0.55568
0.606723
0.662
0.595769
0.0133116
0.38017
0.131047
0.662
0.662
0.0862461
0.6554
0.627954
0.662
0.109087
0.662
0.662
0.133316
0.662
0.410774
0.662
0.354356
0.662
0.662
0.0288786
0.20891
0.662
0.290177
0.634113
0.43603
0.662
0.627099
0.653448
0.0812594
0.105852
0.251924
0.662
0.662
0.421484
0.491087
0.662
0.594878
0.662
0.662
0.302071
0.662
0.460327
0.198102
0.187986
0.235678
0.199217
0.35454
0.0369341
0.662
0.662
0.651474
0.662
0.138049
0.320481
0.393539
0.16205
0.662
0.662
0.627722
0.0466979
0.662
0.662
0.662
0.0288352
0.662
0.304577
0.617499
0.662
0.557844
0.44657
0.242304
0.164057
0.662
0.662
0.329154
0.662
0.662
0.598053
0.662
0.232082
0.240051
0.401208
0.662
0.662
0.224419
0.284792
0.452453
0.589026
0.179501
0.662
0.480655
0.662
0.140097
0.106736
0.0176276
0.219284
0.34729
0.662
0.613202
0.662
0.0500993
0.311101
0.614487
0.567014
0.662
0.543782
0.160651
0.314702
0.662
0.615384
0.399497
0.455749
0.51151
0.628973
0.302465
0.27829
0.278158
0.253068
0.620815
0.450577
0.662
0.662
0.163947
0.247083
0.116814
0.601871
0.0463828
0.662
0.662
0.662
0.662
0.662
0.622204
0.662
0.193437
0.0960999
0.188557
0.662
0.662
0.63339
0.459394
0.371324
0.432895
0.662
0.15938
0.662
0.40184
0.217469
0.662
0.211083
0.149315
0.0257619
0.256179
0.662
0.293125
0.662
0.662
0.537615
0.629806
0.662
0.662
0.416625
0.187018
0.662
0.404961
0.196463
0.0011423
0.662
0.662
0.146807
0.662
0.662
0.0292997
0.520121
0.662
0.428967
0.165161
0.125819
0.12048
0.237172
0.554215
0.662
0.322157
0.621316
0.192824
0.595893
0.662
0.319211
0.662
0.662
0.146979
0.189987
0.381772
0.610712
0.238463
0.464827
0.136788
0.64485
0.161093
0.141268
0.346522
0.662
0.586049
0.662
0.0654411
0.334057
0.4351
0.651049
0.659922
0.163906
0.481297
0.53788
0.352187
0.224189
0.662
0.00729607
0.472002
0.662
0.236421
0.431755
0.662
0.662
0.112818
0.491086
0.472014
0.662
0.662
0.200632
0.152618
0.15335
0.448143
0.0252099
0.265972
0.257014
0.662
0.377617
0.555877
0.662
0.662
0.0202984
0.658013
0.185419
0.38787
0.662
0.0632617
0.662
0.489433
0.463691
0.222861
0.662
0.644572
0.445535
0.263063
0.0803605
0.35441
0.662
0.556686
0.662
0.662
0.0748578
0.662
0.136479
0.182123
0.662
0.154109
0.15345
0.662
0.662
0.662
0.49706
0.662
0.470662
0.662
0.484307
0.222414
0.55176
0.585982
0.13649
0.662
0.322783
0.662
0.64858
0.662
0.0476365
0.184637
0.132895
0.662
0.15597
0.252381
0.662
0.662
0.329933
0.169874
0.45155
0.610486
0.551038
0.0162757
0.662
0.301264
0.394074
0.215431
0.263958
0.179191
0.315388
0.627694
0.231825
0.662
0.640011
0.662
0.662
0.662
0.441484
0.219731
0.397355
0.0937834
0.548127
0.0955493
0.626868
0.662
0.22165
0.662
0.00629492
0.662
0.391195
0.662
0.662
0.269138
0.23168
0.662
0.346351
0.584566
0.662
0.662
0.358984
0.457181
0.435986
0.662
0.121853
0.322839
0.242977
0.662
0.629424
0.325341
0.187465
0.161734
0.593941
0.435814
0.662
0.181779
0.342868
0.466885
0.267331
0.647246
0.662
0.150185
0.662
0.0799512
0.662
0.451183
0.129318
0.662
0.299149
0.656181
0.351818
0.241571
0.171435
0.662
0.655293
0.662
0.0371624
0.662
0.218268
0.299225
0.265304
0.037949
0.438429
0.441968
0.662
0.210281
0.491407
0.185652
0.251765
0.662
0.454434
0.0465692
0.662
0.124296
0.24422
0.57865
0.203187
0.456596
0.662
0.0900905
0.662
0.0311239
0.62488
0.662
3.33705e-05
0.321551
0.662
0.173546
0.330621
0.16401
0.662
0.493777
0.662
0.103611
0.662
0.554499
0.165786
0.463352
0.662
0.014128
0.379699
0.592214
0.379885
0.23269
0.572717
0.530481
0.662
0.628774
0.317245
0.61937
0.662
0.272326
0.570709
0.662
0.154795
0.171614
0.0622261
0.198827
0.00434159
0.524138
0.436136
0.662
0.662
0.237977
0.662
0.101854
0.271154
0.662
0.0786319
0.203895
0.662
0.316368
0.662
0.662
0.662
0.662
0.662
0.587378
0.426443
0.662
0.0824506
0.0511918
0.186941
0.323654
0.0255269
0.662
0.662
0.153895
0.0505807
0.397245
0.662
0.662
0.208145
0.0214024
0.662
0.174634
0.662
0.328837
0.662
0.486767
0.662
0.662
0.638886
0.418061
0.662
0.1556
0.239805
0.272482
0.41535
0.662
0.662
0.142104
0.662
0.174669
0.343847
0.162168
0.372399
0.662
0.59696
0.662
0.13857
0.132234
0.0908892
0.583254
0.356052
0.340014
0.662
0.195748
0.662
0.662
0.662
0.0590492
0.218614
0.452509
0.533371
0.461681
0.662
0.0613432
0.426709
0.662
0.094428
0.627802
0.283217
0.662
0.0010576
0.662
0.0420681
0.662
0.427447
0.662
0.326162
0.662
0.409807
0.146876
0.13164
0.28744
0.168734
0.662
0.34307
0.518252
0.36053
0.235565
0.662
0.46508
0.569843
0.24386
0.0120273
0.0898114
0.391263
0.475287
0.408719
0.297362
0.0626845
0.662
0.445504
0.662
0.0327887
0.189645
0.623394
0.122899
0.0482333
0.627805
0.190881
0.332963
0.334526
0.455042
0.662
0.657933
0.576279
0.237557
0.612159
0.634242
0.522257
0.380987
0.662
0.240408
0.221265
0.662
0.662
0.662
0.662
0.662
0.659644
0.463153
0.263853
0.457189
0.662
0.336437
0.284492
0.0391225
0.232874
0.481591
0.288454
0.464882
0.662
0.260538
0.305449
0.662
0.642184
0.459524
0.179837
0.138049
0.0796621
0.662
0.662
0.662
0.010199
0.513214
0.184003
0.662
0.662
0.662
0.343806
0.487096
0.662
0.662
0.327398
0.0611324
0.662
0.662
0.395461
0.662
0.167513
0.662
0.662
0.662
0.662
0.320944
0.662
0.277058
0.0547492
0.662
0.662
0.121546
0.448164
0.642754
0.658804
0.162294
0.129817
0.12577
0.180258
0.0349682
0.0579289
0.662
0.589772
0.246733
0.131222
0.220458
0.58768
0.662
0.321189
0.662
0.662
0.0957301
0.17592
0.625469
0.0500027
0.266917
0.049705
0.642454
0.294431
0.599976
0.662
0.404119
0.211156
0.428442
0.662
0.581196
0.32087
0.662
0.474168
0.662
0.662
0.382967
0.208744
0.433539
0.662
0.0704196
0.193202
0.285459
0.662
0.267437
0.662
0.627622
0.322565
0.00966729
0.412374
0.202394
0.662
0.662
0.306548
0.204108
0.542404
0.467683
0.662
0.555762
0.34286
0.662
0.227966
0.179948
0.468859
0.662
0.148973
0.39246
0.24686
0.342134
0.155136
0.244564
0.263299
0.662
0.29758
0.662
0.353324
0.662
0.662
0.623243
0.136735
0.413329
0.199404
0.481357
0.00274261
0.105754
0.556311
0.433306
0.662
0.238495
0.662
0.197056
0.662
0.662
0.662
0.285608
0.131642
0.662
0.0725434
0.324364
0.662
0.210199
0.436516
0.662
0.662
0.662
0.476282
0.000496638
0.0215927
0.662
0.0496506
0.289125
0.151837
0.258279
0.0615006
0.662
0.608595
0.662
0.570789
0.0422227
0.662
0.244975
0.662
0.479182
0.20291
0.195957
0.0791357
0.662
0.210399
0.662
0.640109
0.0233757
0.0285613
0.662
0.662
0.662
0.181417
0.662
0.169912
0.448045
0.62196
0.258822
0.662
0.0125977
0.426706
0.662
0.134256
0.249225
0.51275
0.168855
0.280141
0.598651
0.662
0.653576
0.0839464
0.456065
0.195112
0.662
0.0483061
0.662
0.09257
0.471723
0.0317541
0.662
0.117178
0.662
0.389104
0.173472
0.662
0.253092
0.0423197
0.662
0.124202
0.662
0.586451
0.331576
0.662
0.372814
0.0650437
0.662
0.662
0.239851
0.482407
0.662
0.452155
0.662
0.295096
0.127004
0.249438
0.662
0.0446669
0.328941
0.130982
0.357424
0.440634
0.519377
0.474547
0.00739561
0.405984
0.194997
0.611378
0.468419
0.593475
0.236218
0.354042
0.656748
0.315523
0.662
0.0413389
0.0788334
0.0437187
0.62345
0.237401
0.662
0.662
0.152263
0.274988
0.605145
0.662
0.662
0.662
0.410489
0.662
0.662
0.286744
0.0979406
0.662
0.368224
0.191275
0.662
0.0896996
0.662
0.305157
0.269861
0.662
0.662
0.196966
0.267805
0.593649
0.584933
0.348842
0.662
0.662
0.353811
0.22043
0.374299
0.662
0.662
0.662
0.512707
0.313274
0.224939
0.312333
0.217704
0.513358
0.662
0.20775
0.454697
0.235731
0.654116
0.196408
0.373541
0.0804484
0.272831
0.641929
0.338474
0.278825
0.662
0.454933
0.662
0.662
0.662
0.320451
0.470232
0.662
0.662
0.310654
0.662
0.662
0.662
0.288018
0.662
0.307092
0.194282
0.0544926
0.393757
0.355655
0.265163
0.662
0.519098
0.105285
0.324829
0.0503399
0.538894
0.508468
0.662
0.126449
0.662
0.320067
0.215952
0.662
0.154076
0.401689
0.505411
0.384834
0.662
0.642378
0.662
0.219505
0.0868224
0.308423
0.23041
0.1738
0.432172
0.662
0.472447
0.662
0.662
0.316312
0.585895
0.662
0.662
0.662
0.662
0.189426
0.147562
0.0541523
0.213034
0.248881
0.662
0.61155
0.206489
0.00656986
0.308889
0.162216
0.600707
0.483263
0.662
0.662
0.209622
0.662
0.229424
0.285329
0.217406
0.423375
0.311042
0.662
0.662
0.301567
0.0473868
0.0894506
0.321246
0.626001
0.319285
0.662
0.662
0.662
0.0696798
0.212602
0.362929
0.239411
0.662
0.128789
0.662
0.662
0.366608
0.298919
0.0369076
0.662
0.662
0.211677
0.662
0.662
0.366503
0.662
0.421499
0.156235
0.353953
0.662
0.460208
0.509827
0.662
0.662
0.662
0.137188
0.662
0.662
0.662
0.312977
0.587304
0.046477
0.00361941
0.464217
0.200778
0.662
0.369195
0.199516
0.164477
0.549678
0.183016
0.178403
0.239654
0.63021
0.270124
0.503589
0.343418
0.562904
0.662
0.450747
0.616758
0.168522
0.662
0.662
0.467689
0.662
0.10913
0.662
0.27213
0.662
0.662
0.662
0.662
0.185392
0.656671
0.429205
0.662
0.398025
0.619736
0.662
0.613881
0.314601
0.431347
0.188527
0.141378
0.662
0.0872738
0.16422
0.466557
0.421265
0.662
0.662
0.662
0.0250796
0.662
0.304717
0.347427
0.662
0.662
0.228245
0.417511
0.367608
0.25668
0.503378
0.662
0.662
0.208031
0.649281
0.208717
0.424476
0.503017
0.662
0.357891
0.566573
0.191945
0.273567
0.442875
0.482114
0.281095
0.0981492
0.662
0.194786
0.184327
0.527459
0.662
0.284625
0.127136
0.273686
0.0412543
0.662
0.0657482
0.662
0.593338
0.610164
0.662
0.2485
0.662
0.0775023
0.600177
0.434997
0.662
0.161801
0.662
0.304686
0.175522
0.0951026
0.14491
0.662
0.424976
0.284958
0.662
0.662
0.628158
0.662
0.662
0.0313807
0.192804
0.270128
0.303446
0.367223
0.250517
0.376939
0.314417
0.219688
0.662
0.662
0.634459
0.0342879
0.330884
0.17639
0.294791
0.564027
0.662
0.0977363
0.662
0.662
0.218663
0.202431
0.143554
0.427064
0.19142
0.662
0.584719
0.662
0.662
0.662
0.129541
0.662
0.662
0.0814992
0.662
0.05082
0.436764
0.00261388
0.662
0.653981
0.377933
0.374798
0.381012
0.580645
0.193211
0.243776
0.662
0.0165999
0.369294
0.645309
0.662
0.322882
0.0664602
0.662
0.410232
0.662
0.662
0.662
0.662
0.662
0.540273
0.662
0.122985
0.662
0.0364608
0.496495
0.541176
0.356787
0.00789495
0.654512
0.455621
0.275747
0.0496861
0.352919
0.0575986
0.232692
0.108324
0.339188
0.288789
0.365943
0.313053
0.526095
0.411469
0.662
0.315966
0.29329
0.662
0.662
0.662
0.504657
0.618738
0.662
0.414577
0.602311
0.307803
0.32061
0.662
0.401129
0.167383
0.460248
0.420333
0.662
0.296817
0.487202
0.662
0.465298
0.662
0.113419
0.662
0.216562
0.662
0.529858
0.464623
0.662
0.192532
0.142817
0.662
0.662
0.332919
0.525335
0.2583
0.0214059
0.662
0.662
0.462475
0.195454
0.662
0.662
0.176951
0.183959
0.364901
0.23521
0.365862
0.227131
0.427369
0.662
0.346401
0.230354
0.662
0.161515
0.109532
0.489167
0.662
0.662
0.65331
0.432702
0.453266
0.0645583
0.28493
0.296919
0.659941
0.211996
0.261349
0.0560943
0.148461
0.291288
0.208281
0.471588
0.460954
0.24765
0.41419
0.662
0.562959
0.13233
0.622896
0.401545
0.524262
0.149303
0.36152
0.389639
0.145296
0.662
0.662
0.186524
0.662
0.552574
0.283239
0.386139
0.0943949
0.662
0.575418
0.662
0.0530257
0.19744
0.382083
0.662
0.638763
0.340983
0.63339
0.0322942
0.19058
0.662
0.662
0.662
0.246983
0.662
0.195412
0.439757
0.340493
0.345937
0.662
0.506398
0.662
0.0587618
0.662
0.0984273
0.303681
0.459015
0.662
0.484543
0.221436
0.358445
0.273355
0.524092
0.662
0.477406
0.619774
0.175339
0.183219
0.460235
0.321011
0.378549
0.662
0.662
0.662
0.662
0.662
0.662
0.116907
0.463298
0.456377
0.406358
0.662
0.377943
0.321209
0.239717
0.0927838
0.161856
0.249315
0.662
0.029837
0.122209
0.242376
0.141079
0.504633
0.662
0.179254
0.662
0.572895
0.333566
0.662
0.662
0.299293
0.327021
0.662
0.662
0.662
0.239414
0.106405
0.404033
0.662
0.662
0.582098
0.500843
0.102398
0.563471
0.212264
0.662
0.662
0.662
0.409125
0.334341
0.662
0.295681
0.316779
0.662
0.662
0.336947
0.636199
0.558698
0.662
0.276754
0.662
0.633391
0.0815739
0.11441
0.198201
0.662
0.662
0.394882
0.0798129
0.370728
0.159157
0.662
0.137016
0.178173
0.365581
0.662
0.0838614
0.662
0.187431
0.662
0.286501
0.662
0.662
0.662
0.662
0.659393
0.466254
0.662
0.133277
0.662
0.621184
0.662
0.426137
0.201122
0.049708
0.37516
0.315991
0.200177
0.662
0.345029
0.173642
0.662
0.662
0.222756
0.194573
0.662
0.365418
0.651904
0.322832
0.471786
0.472972
0.662
0.266961
0.662
0.662
0.662
0.276364
0.478804
0.495065
0.662
0.408655
0.071422
0.475237
0.649422
0.662
0.433976
0.392866
0.662
0.415862
0.0920041
0.49996
0.662
0.662
0.151504
0.421204
0.428298
0.662
0.58251
0.220426
0.662
0.555737
0.150165
0.662
0.465783
0.30166
0.662
0.336566
0.193333
0.308425
0.662
0.23467
0.516998
0.0687655
0.662
0.662
0.280537
0.0979408
0.0766371
0.417892
0.578092
0.538328
0.15595
0.177765
0.172791
0.26047
0.342448
0.468447
0.345043
0.662
0.116041
0.552853
0.0800485
0.662
0.635123
0.134724
0.662
0.24665
0.662
0.467026
0.662
0.662
0.662
0.230428
0.216034
0.0300829
0.00686039
0.184123
0.405203
0.662
0.458484
0.662
0.0811455
0.662
0.24877
0.620941
0.167495
0.175016
0.520906
0.165412
0.273804
0.0145006
0.331163
0.325742
0.313571
0.255373
0.662
0.149819
0.419188
0.134888
0.288411
0.20465
0.245666
0.19654
0.662
0.114605
0.662
0.0790105
0.662
0.404558
0.0191556
0.422364
0.0214709
0.344303
0.188525
0.662
0.294641
0.662
0.662
0.483412
0.662
0.0364035
0.0123012
0.425374
0.652688
0.204456
0.54913
0.186378
0.630963
0.560595
0.238469
0.617868
0.662
0.236453
0.102832
0.193382
0.566509
0.662
0.650406
0.449416
0.652498
0.334894
0.184497
0.654617
0.662
0.1083
0.249993
0.662
0.362007
0.662
0.216331
0.0522176
0.150943
0.168164
0.141915
0.0222992
0.572434
0.662
0.450495
0.206673
0.480375
0.662
0.662
0.378917
0.133483
0.662
0.662
0.662
0.219746
0.0880877
0.21948
0.397707
0.662
0.00455189
0.262766
0.118432
0.662
0.425155
0.0227104
0.199861
0.225611
0.395453
0.662
0.356579
0.631193
0.662
0.163374
0.662
0.148805
0.177042
0.410369
0.662
0.662
0.432764
0.662
0.662
0.662
0.662
0.537124
0.662
0.39958
0.116093
0.425995
0.393691
0.451213
0.176232
0.662
0.475655
0.662
0.396738
0.156678
0.459143
0.496393
0.662
0.21812
0.0389184
0.662
0.662
0.662
0.662
0.62897
0.358408
0.341968
0.662
0.662
0.389884
0.308956
0.466619
0.216138
0.105257
0.232579
0.227764
0.110861
0.662
0.466537
0.382291
0.662
0.662
0.115328
0.0842312
0.662
0.662
0.297132
0.60764
0.418455
0.662
0.272709
0.633569
0.625815
0.270887
0.183536
0.662
0.662
0.00534558
0.662
0.290596
0.411048
0.662
0.0980855
0.546066
0.356808
0.662
0.662
0.274159
0.662
0.434471
0.0670938
0.343102
0.140102
0.662
0.191555
0.0943489
0.280488
0.636392
0.138574
0.0040169
0.662
0.122314
0.529158
0.105787
0.0338243
0.662
0.51489
0.596339
0.331034
0.364439
0.662
0.519976
0.292386
0.520566
0.662
0.261583
0.482104
0.662
0.662
0.356128
0.575854
0.121921
0.662
0.290897
0.662
0.0643382
0.179263
0.662
0.0680664
0.386242
0.662
0.38969
0.258394
0.0963091
0.417213
0.079483
0.113207
0.377715
0.312088
0.185339
0.175445
0.133413
0.662
0.251979
0.0536948
0.249735
0.662
0.323939
0.0794981
0.662
0.662
0.169582
0.662
0.662
0.450498
0.662
0.594229
0.662
0.0251962
0.295131
0.662
0.13817
0.604287
0.158297
0.662
0.173976
0.345731
0.539898
0.200658
0.662
0.662
0.336105
0.121737
0.19056
0.662
0.0623657
0.198479
0.27965
0.662
0.600775
0.00683352
0.448085
0.117631
0.305551
0.221094
0.480331
0.059813
0.662
0.662
0.662
0.662
0.22699
0.662
0.356138
0.432753
0.464217
0.111592
0.662
0.662
0.662
0.662
0.42184
0.238294
0.515871
0.662
0.303079
0.288262
0.329831
0.450299
0.585213
0.152031
0.467054
0.189177
0.150196
0.305363
0.662
0.662
0.544562
0.662
0.103904
0.662
0.0319099
0.507405
0.662
0.127853
0.126385
0.662
0.361552
0.150998
0.325644
0.379579
0.276447
0.662
0.307115
0.123992
0.632121
0.527457
0.140391
0.662
0.103984
0.107881
0.653561
0.150998
0.0895577
0.181553
0.662
0.214144
0.114788
0.244623
0.662
0.662
0.338032
0.662
0.662
0.662
0.339684
0.662
0.0342844
0.662
0.662
0.119286
0.209654
0.13449
0.110566
0.135794
0.662
0.214947
0.317201
0.252598
0.413543
0.291492
0.51691
0.454344
0.217947
0.662
0.662
0.214431
0.309334
0.214911
0.287153
0.340382
0.662
0.556268
0.307759
0.662
0.28326
0.407252
0.192776
0.556879
0.662
0.622405
0.662
0.551331
0.604835
0.279309
0.318233
0.0539662
0.147524
0.301994
0.363989
0.473095
0.662
0.461084
0.662
0.138733
0.437738
0.266208
0.367241
0.662
0.315675
0.662
0.332337
0.662
0.195735
0.436904
0.502998
0.0512853
0.146883
0.627591
0.26834
0.43607
0.271922
0.662
0.286149
0.662
0.349898
0.662
0.0606311
0.568649
0.662
0.353061
0.219068
0.662
0.464854
0.662
0.210608
0.326836
0.640557
0.0378167
0.655148
0.662
0.662
0.46799
0.253903
0.662
0.0759024
0.263686
0.384274
0.467977
0.259171
0.338687
0.662
0.29578
0.662
0.662
0.158336
0.662
0.662
0.410832
0.662
0.0825016
0.662
0.662
0.662
0.0966168
0.662
0.662
0.662
0.134745
0.10444
0.662
0.662
0.662
0.420499
0.205298
0.299821
0.072346
0.639168
0.00998767
0.439233
0.146993
0.347141
0.21497
0.0378179
0.607656
0.363531
0.662
0.394217
0.258864
0.456602
0.411049
0.501017
0.282497
0.662
0.407178
0.358253
0.662
0.416234
0.236633
0.662
0.381182
0.202963
0.075741
0.0569382
0.106729
0.450499
0.177915
0.118882
0.662
0.159297
0.246161
0.146968
0.662
0.301669
0.508258
0.20715
0.0363749
0.112655
0.662
0.0487451
0.513099
0.0042248
0.598579
0.22934
0.662
0.253107
0.382243
0.194576
0.0402593
0.623714
0.161807
0.216759
0.447824
0.662
0.662
0.662
0.0360741
0.662
0.271872
0.662
0.56561
0.421897
0.435505
0.662
0.661531
0.662
0.454743
0.214456
0.662
0.362025
0.517813
0.338232
0.474437
0.0818969
0.198812
0.130894
0.0469823
0.175342
0.308343
0.324902
0.662
0.348698
0.11472
0.274958
0.277087
0.662
0.299822
0.31786
0.662
0.662
0.645243
0.476653
0.662
0.625717
0.441074
0.159386
0.290096
0.477029
0.229614
0.347144
0.323028
0.113756
0.414083
0.44246
0.662
0.662
0.662
0.662
0.600449
0.662
0.662
0.662
0.378303
0.439929
0.420617
0.642952
0.118555
0.662
0.62548
0.194952
0.662
0.662
0.662
0.455602
0.195841
0.662
0.202844
0.477269
0.440022
0.121583
0.427581
0.535813
0.662
0.662
0.632019
0.662
0.112695
0.0948781
0.14138
0.112255
0.290818
0.229626
0.0563085
0.131046
0.399147
0.662
0.662
0.662
0.614038
0.582247
0.166015
0.0912663
0.459672
0.662
0.182473
0.0556788
0.662
0.662
0.278805
0.662
0.662
0.393242
0.662
0.662
0.662
0.371537
0.160564
0.662
0.186151
0.199892
0.406236
0.662
0.662
0.662
0.571272
0.662
0.662
0.0601229
0.017284
0.662
0.662
0.560302
0.39691
0.502278
0.115269
0.662
0.223596
0.130855
0.325614
0.113059
0.396111
0.662
0.662
0.399837
0.0191247
0.662
0.662
0.662
0.149316
0.206063
0.597664
0.0887726
0.437693
0.662
0.662
0.662
0.662
0.651021
0.662
0.154367
0.557396
0.45117
0.338706
0.120649
0.252024
0.662
0.662
0.662
0.0275587
0.100261
0.662
0.413318
0.114063
0.662
0.662
0.163879
0.000912518
0.662
0.662
0.662
0.109557
0.662
0.662
0.323647
0.662
0.487843
0.662
0.545172
0.662
0.662
0.144573
0.662
0.272709
0.61956
0.662
0.604787
0.58829
0.010363
0.662
0.662
0.339877
0.126773
0.0421186
0.422523
0.0907967
0.658247
0.239264
0.662
0.165773
0.0900275
0.027274
0.662
0.23568
0.215107
0.627288
0.389811
0.662
0.193805
0.576938
0.662
0.181282
0.196853
0.283937
0.354014
0.662
0.511176
0.0920713
0.170915
0.314516
0.319025
0.662
0.662
0.292698
0.367917
0.662
0.662
0.0216919
0.459826
0.429506
0.614133
0.662
0.623949
0.346069
0.343799
0.282964
0.0685134
0.662
0.662
0.244253
0.662
0.662
0.662
0.649578
0.662
0.654328
0.406558
0.662
0.662
0.662
0.428412
0.398043
0.179265
0.40016
0.662
0.15671
0.130967
0.662
0.662
0.662
0.662
0.662
0.218115
0.173275
0.662
0.662
0.658843
0.44588
0.383791
0.662
0.599658
0.450266
0.322611
0.0599879
0.474288
0.4753
0.158811
0.662
0.15183
0.662
0.583635
0.662
0.662
0.271392
0.0162985
0.266756
0.64968
0.400971
0.197922
0.662
0.204544
0.513019
0.437028
0.662
0.662
0.0892248
0.245894
0.662
0.175194
0.548451
0.662
0.248739
0.328065
0.647979
0.662
0.662
0.224438
0.662
0.251641
0.662
0.662
0.662
0.662
0.649791
0.140794
0.662
0.313274
0.656734
0.662
0.509237
0.167414
0.0915966
0.550528
0.20072
0.158815
0.405352
0.548088
0.201947
0.662
0.40048
0.662
0.662
0.662
0.651991
0.0777943
0.22358
0.662
0.3025
0.662
0.662
0.122457
0.465851
0.220485
0.662
0.0229737
0.257024
0.260614
0.436989
0.00757593
0.00397338
0.662
0.606242
0.433996
0.0110903
0.0106048
0.358163
0.147666
0.662
0.0918343
0.662
0.662
0.198005
0.662
0.662
0.164556
0.0623083
0.662
0.662
0.662
0.0179338
0.06252
0.297841
0.235533
0.662
0.350904
0.662
0.38505
0.0699611
0.0151216
0.094067
0.662
0.234153
0.385607
0.228405
0.348323
0.662
0.659489
0.443707
0.662
0.216076
0.578211
0.286887
0.137431
0.199297
0.341464
0.662
0.243677
0.368242
0.130928
0.662
0.0580864
0.150442
0.415666
0.0249418
0.662
0.43252
0.662
0.557192
0.662
0.662
0.662
0.570513
0.116002
0.559978
0.662
0.662
0.391592
0.119408
0.662
0.662
0.0749727
0.363926
0.662
0.155776
0.662
0.600411
0.124555
0.104051
0.376025
0.415432
0.175053
0.662
0.282245
0.174724
0.0150368
0.357294
0.193678
0.352276
0.272218
0.662
0.438942
0.662
0.149809
0.473666
0.215378
0.662
0.662
0.471435
0.217571
0.306245
0.0574259
0.303444
0.662
0.285481
0.111519
0.662
0.22669
0.0587154
0.136714
0.249367
0.207006
0.662
0.234591
0.432673
0.256562
0.503393
0.40282
0.414821
0.502174
0.480153
0.133354
0.662
0.633961
0.146638
0.0314633
0.662
0.662
0.0441723
0.654596
0.437938
0.504734
0.662
0.662
0.380288
0.662
0.615443
0.651419
0.536823
0.0289441
0.662
0.545472
0.662
0.662
0.371615
0.0930346
0.662
0.48912
0.370887
0.623682
0.662
0.626136
0.0395243
0.184778
0.137171
0.0435775
0.588938
0.175235
0.662
0.447952
0.662
0.472022
0.437915
0.0397616
0.0997055
0.662
0.662
0.630744
0.0969078
0.662
0.431038
0.203
0.202969
0.322176
0.0338902
0.662
0.204442
0.329774
0.662
0.212074
0.236806
0.662
0.513722
0.662
0.112203
0.614361
0.662
0.662
0.273915
0.468097
0.115128
0.10491
0.45877
0.360103
0.610961
0.600405
0.662
0.592642
0.662
0.23321
0.662
0.662
0.260496
0.25429
0.662
0.44112
0.59619
0.161076
0.662
0.265947
0.636766
0.662
0.620599
0.270403
0.150994
0.117894
0.456751
0.662
0.137037
0.261689
0.662
0.180444
0.0757177
0.454585
0.454942
0.261803
0.495725
0.108329
0.446525
0.100617
0.662
0.0449081
0.589624
0.0256123
0.588832
0.265922
0.374312
0.662
0.243734
0.662
0.662
0.662
0.0909981
0.160745
0.156732
0.0391527
0.431822
0.662
0.495681
0.662
0.662
0.0852364
0.402075
0.196212
0.342441
0.528566
0.192895
0.662
0.62226
0.662
0.233196
0.610421
0.567855
0.0644528
0.175808
0.128965
0.141663
0.352401
0.406336
0.503977
0.568014
0.26412
0.364747
0.226208
0.107604
0.22407
0.633932
0.608593
0.214552
0.270367
0.216073
0.0514252
0.0298076
0.308341
0.185395
0.614499
0.169653
0.247217
0.662
0.662
0.460529
0.466928
0.620333
0.251842
0.662
0.662
0.646669
0.191722
0.662
0.662
0.662
0.167236
0.597118
0.172149
0.662
0.0919302
0.163511
0.427337
0.227505
0.662
0.207576
0.662
0.129248
0.211405
0.662
0.662
0.662
0.100675
0.527669
0.662
0.0789072
0.219578
0.662
0.638205
0.662
0.611511
0.275063
0.481314
0.0604687
0.12102
0.486675
0.0521953
0.306974
0.344771
0.335719
0.0558435
0.662
0.519901
0.144447
0.392273
0.662
0.184267
0.310105
0.662
0.416648
0.280997
0.64925
0.158829
0.509315
0.179452
0.373611
0.582389
0.662
0.662
0.113365
0.276564
0.662
0.263593
0.662
0.0584467
0.0634213
0.251545
0.423851
0.662
0.662
0.621507
0.662
0.30853
0.217565
0.235013
0.29764
0.662
0.662
0.662
0.242289
0.00901621
0.2497
0.662
0.291999
0.237633
0.662
0.215717
0.159817
0.662
0.44038
0.662
0.293915
0.472813
0.574916
0.662
0.662
0.0817072
0.228885
0.235817
0.605964
0.662
0.662
0.365139
0.327573
0.290385
0.662
0.0870703
0.288052
0.561978
0.479733
0.230478
0.0675905
0.348358
0.662
0.406597
0.103289
0.113605
0.277042
0.381889
0.662
0.662
0.0705681
0.662
0.500144
0.0608597
0.170405
0.0507542
0.627823
0.662
0.11774
0.41732
0.395606
0.377715
0.261136
0.0502313
0.0480461
0.662
0.662
0.200551
0.662
0.662
0.435032
0.367938
0.662
0.11443
0.0321023
0.662
0.373015
0.662
0.580687
0.662
0.365302
0.662
0.662
0.0249303
0.662
0.662
0.662
0.662
0.626266
0.295298
0.292384
0.662
0.588095
0.227945
0.662
0.662
0.418428
0.662
0.477348
0.446576
0.140944
0.589323
0.662
0.662
0.662
0.183333
0.211677
0.151661
0.662
0.662
0.662
0.662
0.578338
0.529772
0.662
0.662
0.275357
0.00404451
0.110886
0.00164066
0.321639
0.194368
0.279507
0.662
0.662
0.0884305
0.662
0.100318
0.662
0.337179
0.226842
0.662
0.338135
0.136535
0.662
0.283661
0.201378
0.0177286
0.662
0.189721
0.146824
0.662
0.662
0.114098
0.662
0.662
0.184965
0.386644
0.662
0.340682
0.662
0.0809773
0.662
0.662
0.662
0.662
0.136531
0.662
0.591933
0.588453
0.662
0.662
0.19957
0.592409
0.306459
0.662
0.662
0.473224
0.662
0.662
0.662
0.662
0.275537
0.627265
0.598699
0.662
0.251468
0.466661
0.662
0.662
0.179531
0.467369
0.662
0.662
0.662
0.269422
0.662
0.662
0.465455
0.125821
0.662
0.367724
0.547469
0.3054
0.662
0.55364
0.112116
0.55848
0.395786
0.662
0.662
0.129008
0.662
0.355112
0.63845
0.0170215
0.617783
0.662
0.439047
0.194037
0.0623823
0.662
0.662
0.408754
0.184656
0.662
0.280348
0.449728
0.662
0.398177
0.662
0.128511
0.662
0.02686
0.223202
0.662
0.407655
0.662
0.422504
0.453988
0.662
0.119347
0.662
0.0796325
0.622294
0.212516
0.420304
0.662
0.116309
0.662
0.0873753
0.387977
0.249628
0.635769
0.662
0.222771
0.0208682
0.662
0.662
0.233006
0.451907
0.662
0.244188
0.240705
0.392597
0.591238
0.45575
0.662
0.634639
0.011802
0.121132
0.460292
0.662
0.194524
0.204143
0.513434
0.662
0.414196
0.261884
0.662
0.422324
0.662
0.662
0.164202
0.662
0.219577
0.530839
0.406475
0.662
0.331088
0.662
0.0186387
0.662
0.348302
0.662
0.072286
0.21138
0.281972
0.662
0.56768
0.421882
0.662
0.662
0.215151
0.662
0.259803
0.453716
0.536318
0.662
0.227731
0.124672
0.171363
0.662
0.217608
0.62837
0.245498
0.662
0.662
0.452928
0.153305
0.073817
0.388502
0.265072
0.662
0.519218
0.65471
0.662
0.351927
0.662
0.214508
0.662
0.662
0.409099
0.662
0.242071
0.324213
0.101035
0.518068
0.120638
0.214573
0.391431
0.272572
0.245481
0.662
0.258322
0.662
0.662
0.432748
0.111079
0.620692
0.195495
0.488388
0.662
0.159131
0.200697
0.146608
0.662
0.662
0.422472
0.662
0.0387696
0.252508
0.536482
0.662
0.662
0.662
0.0875345
0.351006
0.580086
0.662
0.383629
0.39354
0.303535
0.662
0.326394
0.212836
0.662
