0.0363834
0.241946
0.184858
0.137431
0.286181
0.235747
0.662
0.662
0.36445
0.345029
0.621822
0.411928
0.0148265
0.547264
0.46832
0.480375
0.190881
0.367126
0.578211
0.448045
0.610779
0.662
0.0387194
0.662
0.116342
0.662
0.662
0.138819
0.380029
0.181126
0.0355089
0.202333
0.581777
0.63845
0.234937
0.120635
0.0402597
0.662
0.662
0.142691
0.662
0.662
0.509827
0.234656
0.644572
0.498428
0.133303
0.0315385
0.0468581
0.363297
0.110781
0.212602
0.662
0.234831
0.360631
0.112655
0.247589
0.662
0.24828
0.549759
0.662
0.662
0.622115
0.0979406
0.174414
0.662
0.662
0.411098
0.26433
0.662
0.158638
0.662
0.133072
0.0700125
0.472972
0.662
0.662
0.184214
0.437028
0.63911
0.222457
0.0336128
0.454547
0.662
0.62226
0.662
0.156441
0.0825016
0.352721
0.259169
0.662
0.662
0.0816758
0.0951038
0.395975
0.464201
0.069913
0.184528
0.0753906
0.575174
0.396304
0.597664
0.25276
0.159211
0.606197
0.662
0.660638
0.323881
0.226842
0.658804
0.303672
0.662
0.662
0.411666
0.544487
0.662
0.523115
0.662
0.662
0.2264
0.4667
0.662
0.13574
0.662
0.0146225
0.662
0.0959911
0.662
0.0877326
0.199892
0.662
0.589624
0.662
0.3025
0.299822
