0.000865398
0.658914
0.662
0.55505
0.519874
0.325171
0.662
0.660131
0.653329
0.447221
0.662
0.560866
0.207665
0.340011
0.135799
0.556768
0.662
0.662
0.463379
0.0441992
0.418919
0.662
0.662
0.662
0.662
0.662
0.217485
0.135948
0.464009
0.320654
0.270774
0.0533325
0.592154
0.200444
0.444634
0.323338
0.206392
0.397251
0.290223
0.662
0.134717
0.662
0.224509
0.471112
0.662
0.502295
0.662
0.157182
0.246679
0.662
0.662
0.135922
0.58175
0.662
0.423025
0.662
0.520456
0.397066
0.545629
0.662
0.279236
0.662
0.662
0.45634
0.648764
0.662
0.00780502
0.393936
0.662
0.662
0.209313
0.508863
0.265742
0.492517
0.213542
0.662
0.421847
0.275599
0.662
0.662
0.662
0.662
0.0656908
0.0178211
0.0451761
0.130804
0.651141
0.0759971
0.156831
0.662
0.662
0.30217
0.217209
0.00806404
0.662
0.566879
0.181313
0.200437
0.0265344
0.548404
0.662
0.100246
0.662
0.00597785
0.072257
0.662
0.313376
0.233102
0.662
0.662
0.658993
0.442231
0.242169
0.45094
0.662
0.493969
0.326535
0.176511
0.0960275
0.662
0.0693552
0.402912
0.645715
0.171172
0.662
0.306715
0.175332
0.460693
0.243503
0.0893897
0.53679
0.382012
0.286236
0.662
0.662
0.211026
0.417185
0.662
0.662
0.191141
0.647224
0.662
0.405397
0.462915
0.00801363
0.662
0.137957
0.480053
0.393615
0.662
0.631602
0.0511693
0.508381
0.4765
0.118654
0.109078
0.450852
0.660619
0.0171856
0.662
0.370492
0.356385
0.0214778
0.185731
0.113361
0.662
0.21411
0.407184
0.410942
0.352857
0.457132
0.307877
0.644624
0.662
0.0101348
0.301086
0.124558
0.318501
0.207006
0.662
0.0695436
0.252838
0.662
0.662
0.259721
0.662
0.658974
0.165524
0.422113
0.662
0.066572
0.662
0.0574003
0.662
0.662
0.577999
0.287262
0.662
0.302338
0.228617
0.662
0.58527
0.6412
0.264455
0.183533
0.160636
0.471928
0.531332
0.417824
0.00719848
0.519988
0.662
0.662
0.624288
0.537609
0.662
0.432936
0.113267
0.662
0.08278
0.662
0.229377
0.0252367
0.662
0.541418
0.361839
0.605808
0.662
0.352475
0.0584065
0.29218
0.286013
0.662
0.170921
0.662
0.631775
0.662
0.358605
0.253626
0.662
0.662
0.427843
0.187282
0.473451
0.101416
0.399236
0.340502
0.662
0.327193
0.234193
0.163423
0.254479
0.286598
0.254254
0.138473
0.412675
0.337705
0.588063
0.138931
0.124835
0.612055
0.662
0.662
0.40347
0.662
0.662
0.662
0.662
0.0308915
0.662
0.662
0.611799
0.250067
0.662
0.490281
0.0468685
0.662
0.441832
0.140296
0.662
0.237565
0.576854
0.421233
0.429749
0.118935
0.662
0.363885
0.662
0.0216625
0.662
0.444
0.60838
0.0347375
0.321629
0.50189
0.482714
0.371179
0.303702
0.268857
0.205632
0.16578
0.300632
0.38902
0.662
0.21801
0.473249
0.662
0.207071
0.160656
0.662
0.391053
0.220626
0.662
0.331214
0.0735674
0.239541
0.662
0.530121
0.454683
0.662
0.076848
0.352825
0.662
0.232626
0.662
0.604144
0.662
0.662
0.235621
0.662
0.662
0.662
0.140527
0.284331
0.662
0.660235
0.227876
0.186022
0.0318474
0.623848
0.662
0.164883
0.320568
0.662
0.424768
0.662
0.662
0.255292
0.472114
0.461703
0.211933
0.662
0.372869
0.367561
0.170248
0.662
0.205853
0.130544
0.662
0.405785
0.662
0.197934
0.200815
0.242949
0.613488
0.0265388
0.53079
0.662
0.167569
0.231297
0.23109
0.555091
0.662
0.662
0.0324591
0.29293
0.417098
0.621269
0.354276
0.235678
0.433784
0.662
0.218483
0.387212
0.117336
0.470866
0.0748073
0.567315
0.110455
0.633694
0.52167
0.662
0.068741
0.207455
0.662
0.304851
0.662
0.662
0.662
0.611535
0.662
0.138312
0.0877389
0.266587
0.636521
0.662
0.630755
0.304392
0.299899
0.662
0.212507
0.541596
0.443236
0.138359
0.662
0.637559
0.149569
0.662
0.267776
0.659506
0.484844
0.662
0.262526
0.237512
0.662
0.662
0.0815004
0.211473
0.382545
0.456191
0.0406997
0.662
0.529056
0.662
0.378507
0.662
0.483264
0.61324
0.325327
0.25083
0.517145
0.655766
0.608555
0.290373
0.0404493
0.172032
0.303206
0.114709
0.44026
0.222049
0.157998
0.231703
0.482333
0.646422
0.102893
0.401319
0.387116
0.662
0.257603
0.118508
0.373985
0.632005
0.021362
0.662
0.0214035
0.105847
0.287126
0.14292
0.468633
0.662
0.179347
0.400613
0.0772076
0.662
0.649023
0.346315
0.662
0.660357
0.662
0.106061
0.662
0.452005
0.190707
0.418899
0.662
0.252799
0.239276
0.662
0.426099
0.662
0.188103
0.662
0.662
0.559633
0.662
0.0812541
0.24863
0.282032
0.209663
0.391013
0.134885
0.662
0.0832798
0.0127021
0.45302
0.608913
0.195236
0.662
0.582488
0.325207
0.336495
0.21257
0.662
0.662
0.446275
0.200599
0.0937392
0.277429
0.662
0.535981
0.564269
0.314759
0.662
0.41937
0.275393
0.459765
0.643729
0.198646
0.662
0.271228
0.24882
0.146073
0.64364
0.662
0.662
0.212977
0.662
0.63616
0.662
0.662
0.0191451
0.662
0.352423
0.499104
0.582825
0.00560857
0.662
0.187274
0.300839
0.451684
0.0734828
0.540495
0.226723
0.087915
0.179499
0.662
0.662
0.33425
0.347259
0.102142
0.18064
0.662
0.2886
0.662
0.100668
0.336578
0.662
0.62356
0.136436
0.211597
0.662
0.324541
0.662
0.0882487
0.331999
0.499586
0.286918
0.364474
0.415104
0.662
0.191775
0.662
0.416223
0.00203071
0.202202
0.662
0.662
0.0517868
0.662
0.662
0.662
0.351294
0.610081
0.632973
0.433613
0.495869
0.662
0.449298
0.662
0.268217
0.662
0.237797
0.662
0.376556
0.662
0.0524927
0.30893
0.436332
0.31916
0.0622164
0.662
0.662
0.473317
0.322412
0.662
0.386183
0.145014
0.492858
0.239884
0.0397092
0.171646
0.662
0.525385
0.547572
0.662
0.662
0.662
0.259066
0.662
0.189639
0.283786
0.662
0.224055
0.662
0.662
0.662
0.662
0.0479595
0.662
0.662
0.662
0.662
0.41724
0.101077
0.340047
0.288324
0.139877
0.427669
0.113391
0.662
0.318312
0.662
0.222015
0.119477
0.662
0.28115
0.504276
0.610148
0.199593
0.215447
0.662
0.662
0.171038
0.0500195
0.435535
0.405255
0.662
0.653274
0.362329
0.140103
0.455874
0.182223
0.312185
0.188843
0.576008
0.631453
0.662
0.309803
0.662
0.662
0.453308
0.601325
0.662
0.173827
0.662
0.0434945
0.535921
0.304701
0.287833
0.0871151
0.292919
0.662
0.478691
0.231158
0.181727
0.280023
0.662
0.662
0.421296
0.275426
0.662
0.662
0.0230541
0.662
0.662
0.662
0.662
0.662
0.305067
0.624491
0.206539
0.662
0.662
0.28229
0.629078
0.531674
0.247991
0.0693103
0.662
0.334015
0.662
0.225455
0.625315
0.480151
0.282135
0.662
0.243792
0.380968
0.14264
0.54431
0.0883429
0.662
0.375826
0.662
0.155146
0.662
0.00971443
0.662
0.409951
0.444936
0.167788
0.662
0.373842
0.186801
0.514835
0.323528
0.305548
0.143438
0.251921
0.15052
0.0228008
0.201028
0.24615
0.211993
0.662
0.629011
0.662
0.662
0.50257
0.404792
0.214721
0.662
0.450101
0.10587
0.581638
0.260451
0.120555
0.173731
0.593912
0.662
0.531199
0.662
0.662
0.662
0.51525
0.110525
0.627352
0.121118
0.311449
0.662
0.258498
0.648711
0.0631952
