0.427305
0.00349017
0.26946
0.373138
0.565709
0.0971627
0.205403
0.212993
0.662
0.662
0.627722
0.621076
0.662
0.662
0.650406
0.544886
0.11049
0.442517
0.662
0.274958
0.0380572
0.662
0.662
0.356579
0.211922
0.662
0.611635
0.625469
0.662
0.165399
0.114605
0.662
0.483634
0.186524
0.636766
0.297362
0.662
0.662
0.286378
0.096926
0.662
0.662
0.662
0.662
0.319025
0.662
0.662
0.662
0.189474
0.662
0.367938
0.386449
0.518634
0.365608
0.224419
0.641929
0.662
0.247083
0.445414
0.651991
0.308343
0.324902
0.495419
0.229626
0.0416192
0.195748
0.662
0.662
0.64485
0.0632908
0.662
0.613142
0.662
0.321639
0.662
0.119179
0.393539
0.101854
0.413374
0.122388
0.662
0.363404
0.582111
0.125159
0.662
0.662
0.18891
0.354967
0.131046
0.662
0.0338243
0.431038
0.632121
0.160745
0.639063
0.473645
0.315966
0.662
0.407372
0.212074
0.662
0.0907967
0.620333
0.315089
0.397525
0.495275
0.662
0.0839464
0.662
0.0449793
0.19185
0.503393
0.662
0.335986
0.363331
0.662
0.501621
0.137829
0.497504
0.593649
0.459826
0.662
0.415862
0.437327
0.23114
0.299822
0.397069
0.662
0.662
0.249367
0.302631
0.260712
0.0584843
0.662
0.00642473
0.23129
0.662
0.662
0.33667
0.204108
0.542404
0.325439
0.342747
0.397729
0.604751
0.146807
0.662
0.662
0.662
0.40184
0.303446
0.662
0.649422
0.633932
0.662
0.0574458
0.128866
0.150611
0.662
0.662
0.629315
0.116041
0.662
0.662
0.662
0.126239
0.620815
0.0646107
0.662
0.662
0.662
0.094709
0.586346
0.452453
0.267322
0.0315385
0.662
0.221265
0.376233
0.662
0.657377
0.46473
0.247028
0.502416
0.662
0.662
0.227764
0.646669
0.22238
0.662
0.662
0.0433899
0.297118
0.32813
0.420145
0.487891
0.135794
0.41012
0.662
0.316049
0.662
0.296401
0.339485
0.0648447
0.361208
0.597664
0.0578971
0.662
0.0921393
0.662
0.218648
0.501129
0.459394
0.654116
0.240705
0.401129
0.014128
0.662
0.0319099
0.662
0.323849
0.662
0.662
0.146638
0.43423
0.467651
0.639168
0.00998767
0.662
0.662
0.39468
0.434728
0.258322
0.662
0.662
0.181553
0.662
0.662
0.112056
0.231825
0.287013
0.182795
0.659941
0.284625
0.662
0.0539662
0.662
0.130967
0.34573
0.504678
0.0825016
0.289311
0.0696743
0.662
0.0884305
0.192222
0.201907
0.245236
0.27168
0.662
0.662
0.515074
0.308187
0.0875345
0.119347
0.513019
0.483263
0.356252
0.662
0.213203
0.293265
0.0490953
0.252024
0.467144
0.223381
0.662
0.270128
0.175181
0.62226
0.42937
0.525552
0.581196
0.662
0.44717
0.662
0.189036
0.368224
0.138908
0.119408
0.662
0.184267
0.162294
0.463381
0.333333
0.554499
0.662
0.621507
0.450731
0.0521953
0.347222
0.150163
0.662
0.535631
0.662
0.0842858
0.219132
0.156678
0.662
0.662
0.288262
0.183536
0.0215927
0.130133
0.193437
0.0119813
0.0369076
0.539133
0.662
0.647849
0.142104
0.662
0.662
0.198201
0.15595
0.519218
0.662
0.220947
0.536532
0.322176
0.662
0.125853
0.662
0.189358
0.662
0.662
0.244623
0.662
0.640109
0.173546
0.056221
0.662
0.662
0.283937
0.662
0.662
0.662
0.662
0.607656
0.349898
0.662
0.6554
0.662
0.662
0.0191298
0.512531
0.280129
0.411049
0.219731
0.0118924
0.0574643
0.345017
0.466748
0.353215
0.662
0.546193
0.233656
0.430643
0.00795298
0.269852
0.662
0.443923
0.662
0.0943949
0.662
0.662
0.00734715
0.28481
0.296817
0.167871
0.662
0.255941
0.531988
0.3025
0.109557
0.662
0.283314
0.662
0.322407
0.662
0.662
0.543633
0.055125
0.623394
0.662
0.112818
0.662
0.344249
0.662
0.536823
0.0896996
0.158994
0.662
0.46508
0.662
0.662
0.577169
0.222922
0.236569
0.102832
0.216759
0.662
0.245003
0.454533
0.662
0.662
0.511833
0.24686
0.662
0.458808
0.19744
0.662
0.662
0.662
0.189721
0.589026
0.644572
0.120314
0.662
0.662
0.203582
0.662
0.662
0.4667
0.207411
0.284286
0.662
0.321576
0.0677071
0.0348165
0.662
0.21737
0.662
0.589323
0.331192
0.662
0.343158
0.662
0.422364
0.662
0.199404
0.285064
0.238469
0.662
0.139739
0.266339
0.223655
0.179187
0.405099
0.0556788
0.538588
0.184644
0.439929
0.135222
0.466917
0.662
0.433074
0.217406
0.187517
0.118432
0.480375
0.534072
0.19025
0.191722
0.149303
0.662
0.212768
0.56384
0.197624
0.122567
0.464623
0.662
0.649437
0.662
0.458769
0.662
0.0688591
0.662
0.0821902
0.641864
0.470662
0.662
0.662
0.662
0.600899
0.662
0.589624
0.118098
0.662
0.454585
0.167705
0.504305
0.454933
0.662
0.203462
0.230433
0.634896
0.633694
0.638763
0.4351
0.3054
0.662
0.338687
0.392273
0.365204
0.662
0.662
0.662
0.662
0.622501
0.662
0.485961
0.662
0.662
0.0664602
0.24125
0.13352
0.662
0.110896
0.240045
0.22165
0.411048
0.142817
0.0778153
0.662
0.659644
0.342192
0.37948
0.314395
0.0909546
0.223705
0.298097
0.662
0.662
0.662
0.592642
0.477633
0.527457
0.662
0.10491
0.662
0.193017
0.233737
0.499056
0.302284
0.662
0.63845
0.492598
0.662
0.418668
0.200441
0.273915
0.662
0.662
0.422523
0.662
0.216034
0.338108
0.662
0.64925
0.662
0.653981
0.420427
0.662
0.0606927
0.662
0.421787
0.125434
0.610703
0.496393
0.539898
0.531803
0.540273
0.482104
0.409099
0.662
0.629706
0.20436
0.451633
0.258236
0.379332
0.219577
0.233006
0.635769
0.489892
0.662
0.662
0.495987
0.275966
0.614361
0.184497
0.662
0.171003
0.662
0.600411
0.662
0.141882
0.0561193
0.210302
0.638886
0.149819
0.322041
0.662
0.532951
0.662
0.363531
0.662
0.108334
0.585895
0.0647508
0.121546
0.304717
0.423967
0.592409
0.662
0.662
0.108324
0.662
0.102429
0.15702
0.23521
0.622896
0.662
0.259169
0.662
0.190683
0.477917
0.582835
0.662
0.662
0.662
0.662
0.662
0.662
0.292386
0.662
0.338113
0.21812
0.301779
0.315991
0.662
0.600449
0.662
0.435023
0.659035
0.084389
0.375595
0.202963
0.662
0.230478
0.121737
0.130472
0.662
0.662
0.381161
0.238495
0.0110903
0.0213249
0.187018
0.0291697
0.607485
0.079483
0.311539
0.294103
0.241277
0.0680664
0.203349
0.192827
0.662
0.222861
0.00656552
0.662
0.389104
0.290385
0.193805
0.207823
0.638521
0.173281
0.136564
0.448356
0.211801
0.210164
0.377102
0.662
0.662
0.627459
0.385996
0.203589
0.662
0.662
0.0514252
0.55723
0.282497
0.616758
0.662
0.123992
0.662
0.0510526
0.144697
0.662
0.662
0.662
0.210188
0.662
0.111773
0.662
0.190881
0.662
0.261884
0.327021
0.357399
0.662
0.0267661
0.332337
0.129102
0.588938
0.245325
0.662
0.20856
0.662
0.662
0.662
0.662
0.556311
0.249151
0.49996
0.662
0.424287
0.296513
0.572434
0.347427
0.281972
0.49872
0.401545
0.377933
0.627694
0.129318
0.269861
0.44112
0.26047
0.342448
0.662
0.0363542
0.426443
0.192079
0.364229
0.328837
0.343102
0.175369
0.0869277
0.13164
0.662
0.378917
0.516998
0.233119
0.308423
0.662
0.027916
0.548451
0.164057
0.399717
0.616864
0.0645583
0.147854
0.159001
0.662
0.629806
0.662
0.141389
0.329774
0.543223
0.626266
0.426137
0.662
0.662
0.281095
0.133281
0.662
0.158432
0.662
0.252598
0.590426
0.431347
0.662
0.662
0.477406
0.662
0.147666
0.371393
0.210281
0.656734
0.0655621
0.164202
0.367006
0.662
0.448045
0.662
0.662
0.291999
0.662
0.662
0.662
0.373541
0.335371
0.662
0.133496
0.116907
0.428967
0.662
0.391681
0.316253
0.382042
0.662
0.201259
0.34307
0.662
0.644852
0.0898114
0.284296
0.662
0.111592
0.662
0.137431
0.199297
0.00906429
0.662
0.640011
0.478915
0.00757593
0.442125
0.188557
0.348502
0.283412
0.611155
0.662
0.662
0.575854
0.000912518
0.0280815
0.517021
0.662
0.662
0.251924
0.662
0.376854
0.0546276
0.121484
0.662
0.662
0.114815
0.19654
0.158811
0.0107378
0.470092
0.407915
0.662
0.394217
0.199892
0.407178
0.248699
0.662
0.349989
0.0214059
0.23269
0.216789
0.00875659
0.0575986
0.662
0.236799
0.553639
0.251678
0.662
0.382803
0.40634
0.662
0.0120943
0.337802
0.662
0.0641075
0.662
0.627712
0.662
0.430767
0.0523813
0.452087
0.662
0.662
0.168734
0.662
0.622294
0.662
0.0125977
0.282245
0.662
0.487843
0.0739623
0.614499
0.662
0.519347
0.662
0.662
0.102707
0.610486
0.662
0.513214
0.662
0.424658
0.0254631
0.00757915
0.453582
0.662
0.662
0.165161
0.145296
0.361995
0.210428
0.472972
0.486767
0.662
0.487936
0.662
0.440366
0.0277905
0.65947
0.27593
0.29764
0.662
0.226399
0.0431624
0.656181
0.175522
0.662
0.169747
0.0872233
0.662
0.662
0.649874
0.399511
0.474878
0.662
0.369759
0.662
0.662
0.232297
0.662
0.0789107
0.662
0.662
0.662
0.599847
0.418428
0.179817
0.662
0.477269
0.631066
0.369294
0.492988
0.0342844
0.0938279
0.216331
0.583635
0.662
0.213533
0.395808
0.662
0.169912
0.662
0.112655
0.351927
0.37961
0.279363
0.155025
0.307631
0.47279
0.121709
0.158336
0.55176
0.397414
0.361282
0.662
0.0925181
0.187986
0.662
0.662
0.331711
0.467689
0.662
0.292698
0.662
0.662
0.662
0.187766
0.031204
0.619736
0.472953
0.662
0.662
0.116856
0.0510667
0.301669
0.662
0.276256
0.35117
0.662
0.094428
0.466557
0.61937
0.167914
0.216076
0.202183
0.196212
0.178403
0.662
0.596277
0.662
0.375218
0.662
0.451183
0.0449081
0.148497
0.662
0.453562
0.662
0.592362
0.656303
0.662
0.662
0.0176276
0.219284
0.25175
0.662
0.662
0.662
0.418436
0.187807
0.662
0.662
0.662
0.662
0.148805
0.583254
0.38477
0.429117
0.662
0.662
0.662
0.0798129
0.31456
0.0364608
0.486817
0.615443
0.187875
0.504633
0.343269
0.187465
0.0547779
0.205298
0.00387907
0.662
0.662
0.141182
0.260867
0.642754
0.662
0.662
0.129566
0.662
0.571272
0.662
0.538328
0.662
0.662
0.345937
0.0959911
0.448093
0.395837
0.662
0.509237
0.654596
0.169582
0.0648841
0.662
0.306548
0.0980855
0.662
0.364439
0.0653157
0.584378
0.325644
0.277279
0.111519
0.662
0.441294
0.437028
0.35454
0.0562722
0.428747
0.628862
0.243677
0.404961
0.0488277
0.437936
0.195495
0.482373
0.662
0.375307
0.191212
0.406358
0.338706
0.281698
0.662
0.662
0.662
0.468097
0.194037
0.662
0.361444
0.313021
0.662
0.23888
0.249993
0.662
0.451138
0.642378
0.584933
0.662
0.517813
0.00294604
0.37822
0.662
0.662
0.662
0.425374
0.0622261
0.432753
0.662
0.218663
0.470985
0.662
0.56918
0.662
0.261803
0.662
0.471402
0.62837
0.503977
0.285114
0.662
0.464393
0.662
0.110861
0.619139
0.396564
0.662
0.662
0.230231
0.179265
0.569409
0.662
0.662
0.549825
0.662
0.652498
0.245363
0.662
0.168522
0.422251
0.186751
0.131047
0.196529
0.357834
0.134888
0.662
0.662
0.662
0.633665
0.295298
0.112255
0.256374
0.441292
0.627591
0.194997
0.380332
0.662
0.443455
0.451922
0.164444
0.662
0.662
0.662
0.159081
0.480482
0.662
0.479087
0.493115
0.186495
0.0042248
0.662
0.1083
0.462269
0.662
0.662
0.200302
0.493635
0.15383
0.259433
0.407252
0.560279
0.647246
0.662
0.662
0.662
0.139247
0.662
0.197806
0.345029
0.179531
0.467369
0.227044
0.328252
0.43833
0.215717
0.38787
0.662
0.401689
0.201122
0.0489074
0.158815
0.573717
0.411181
0.44588
0.662
0.384834
0.328591
0.662
0.662
0.467026
0.662
0.347852
0.295917
0.662
0.289272
0.0930891
0.325742
0.662
0.344654
0.662
0.0921613
0.107911
0.28744
0.367126
0.590401
0.306974
0.38735
0.165952
0.435012
0.662
0.662
0.604317
0.33232
0.662
0.464201
0.499405
0.260736
0.662
0.662
0.662
0.662
0.486429
0.59894
0.662
0.662
0.0661268
0.201947
0.662
0.629424
0.662
0.662
0.662
0.164664
0.136534
0.662
0.0788334
0.662
0.26412
0.377715
0.151504
0.662
0.283287
0.223746
0.29136
0.220485
0.417518
0.662
0.256656
0.156435
0.662
0.312977
0.662
0.662
0.263958
0.662
0.662
0.662
0.662
0.620729
0.0875235
0.606606
0.662
0.119403
0.662
0.465851
0.662
0.478247
0.161807
0.0052284
0.662
0.662
0.519098
0.662
0.662
0.571416
0.662
0.164224
0.509827
0.339531
0.200099
0.633391
0.0349682
0.0579289
0.212602
0.0217318
0.13522
0.662
0.662
0.662
0.126538
0.245498
0.662
0.413543
0.662
0.456065
0.334341
0.662
0.63911
0.219578
0.662
0.250072
0.165412
0.662
0.662
0.125819
0.662
0.305551
0.662
0.662
0.414082
0.440839
0.662
0.392597
0.374312
0.662
0.140391
0.455621
0.137171
0.662
0.197248
0.662
0.662
0.615951
0.413728
0.289635
0.0162757
0.00397338
0.662
0.302327
0.646554
0.662
0.370783
0.371615
0.662
0.662
0.662
0.662
0.431046
0.567014
0.109964
0.662
0.0408779
0.395952
0.481591
0.477635
0.662
0.36429
0.0463622
0.662
0.176225
0.12799
0.624581
0.662
0.662
0.662
0.662
0.662
0.243695
0.238247
0.2752
0.308341
0.0613432
0.188527
0.504734
0.442598
0.0356944
0.159297
0.662
0.322783
0.662
0.295131
0.662
0.150998
0.36581
0.641956
0.260578
0.662
0.0915966
0.662
0.375048
0.527087
0.149809
0.445577
0.662
0.1738
0.332212
0.578211
0.632019
0.170417
0.662
0.662
0.662
0.0777943
0.311584
0.662
0.662
0.198329
0.226842
0.662
0.610164
0.268074
0.659489
0.339877
0.499259
0.283661
0.393242
0.649578
0.662
0.662
0.258576
0.200485
0.537615
0.0831647
0.210241
0.597118
0.662
0.662
0.0611324
0.658804
0.662
0.328474
0.205584
0.497603
0.662
0.655148
0.324198
0.0880877
0.662
0.318522
0.438537
0.662
0.0292997
0.370887
0.039721
0.450929
0.340014
0.575418
0.127038
0.646049
0.341324
0.100617
0.662
0.272331
0.392024
0.341734
0.192036
0.108329
0.391431
0.662
0.206673
0.662
0.662
0.404119
0.182473
0.642184
0.507405
0.0539828
0.269166
0.399497
0.225025
0.334704
0.0930649
0.662
0.662
0.662
0.423644
0.556268
0.662
0.459685
0.418862
0.0955493
0.662
0.662
0.662
0.234322
0.252429
0.474425
0.20291
0.195957
0.129725
0.662
0.662
0.0300829
0.133823
0.163906
0.18687
0.208281
0.593338
0.638205
0.662
0.453662
0.173976
0.234818
0.662
0.662
0.194368
0.421484
0.491087
0.399324
0.144826
0.547469
0.263686
0.209654
0.137913
0.662
0.403321
0.422505
0.651192
0.20849
0.662
0.220627
0.368242
0.438325
0.662
0.22699
0.612813
0.146883
0.132234
0.662
0.460327
0.381365
0.662
0.662
0.662
0.267437
0.632203
0.662
0.662
0.0904217
0.233765
0.348096
0.0892248
0.245894
0.662
0.125787
0.544487
0.0191247
0.662
0.51081
0.356872
0.189645
0.210399
0.344954
0.662
0.662
0.0870703
0.288052
0.662
0.28728
0.225699
0.111291
0.191275
0.179837
0.19058
0.662
0.662
0.163511
0.0804359
0.321833
0.22756
0.662
0.267331
0.129358
0.115984
0.158829
0.662
0.450747
0.509139
0.0743727
0.662
0.585239
0.0302161
0.365418
0.401208
0.451907
0.662
0.662
0.662
0.662
0.662
0.365474
0.476162
0.190633
0.662
0.0583892
0.161897
0.323939
0.432059
0.662
0.263299
0.103385
0.395606
0.662
0.0587618
0.428084
0.352965
0.185495
0.617868
0.662
0.662
0.428263
0.227672
0.662
0.662
0.553269
0.404379
0.14282
0.00901621
0.272709
0.212836
0.428461
0.662
0.475287
0.18964
0.662
0.662
0.26391
0.662
0.662
0.520121
0.073817
0.135243
0.662
0.237172
0.183959
0.0569303
0.0725722
0.662
0.602535
0.662
0.662
0.467149
0.331088
0.47088
0.537202
0.0748578
0.456884
0.334526
0.126842
0.0684434
0.446576
0.424375
0.502174
