0.662
0.354857
0.41535
0.662
0.646369
0.224286
0.662
0.246124
0.558774
0.00629934
0.0572234
0.0372965
0.167595
0.662
0.268541
0.120607
0.662
0.536778
0.662
0.306885
0.242584
0.609012
0.662
0.649612
0.662
0.662
0.662
0.253298
0.651289
0.662
0.662
0.283159
0.0188554
0.662
0.186807
0.25646
0.662
0.662
0.662
0.288211
0.118553
0.233217
0.0413392
0.662
0.188059
0.662
0.103034
0.459593
0.633391
0.263419
0.238716
0.231813
0.662
0.454009
0.36668
0.620402
0.662
0.200516
0.662
0.455687
0.662
0.45956
0.662
0.437869
0.662
0.260183
0.00841264
0.183446
0.497696
0.662
0.608861
0.662
0.286139
0.475914
0.131266
0.330348
0.662
0.207046
0.105924
0.662
0.426909
0.311145
0.662
0.405999
0.2063
0.662
0.662
0.320924
0.225332
0.493883
0.333367
0.410221
0.662
0.240756
0.0925207
0.0115444
0.354997
0.662
0.384165
0.662
0.237083
0.00762954
0.662
0.434588
0.237665
0.0266991
0.169189
0.662
0.110235
0.104798
0.662
0.662
0.345095
0.662
0.196213
0.347244
0.318752
0.257635
0.662
0.662
0.17066
0.662
0.128894
0.535568
0.45858
0.388091
0.179134
0.662
0.331677
0.393259
0.35551
0.402336
0.302061
0.662
0.662
0.120683
0.18917
0.662
0.566322
0.212856
0.241933
0.662
0.0541932
0.262684
0.158377
0.438231
0.282117
0.270001
0.284755
0.539352
0.662
0.325776
0.53639
0.662
0.662
0.662
0.662
0.662
0.662
0.224113
0.604395
0.662
0.194053
0.208264
0.267837
0.398638
0.662
0.194963
0.316165
0.662
0.662
0.662
0.393459
0.662
0.662
0.449461
0.662
0.555275
0.360781
0.489818
0.662
0.134593
0.207362
0.171906
0.662
0.662
0.0721168
0.418045
0.662
0.662
0.106041
0.662
0.662
0.348389
0.0585737
0.662
0.33196
0.662
0.184744
0.144245
0.17928
0.662
0.662
0.0850882
0.662
0.662
0.617168
0.144026
0.154166
0.659684
0.662
0.662
0.413089
0.187628
0.314839
0.662
0.306112
0.434451
0.662
0.109364
0.662
0.381225
0.487186
0.2591
0.0425351
0.662
0.662
0.27235
0.308656
0.0597215
0.223722
0.216527
0.662
0.227499
0.662
0.5972
0.662
0.201117
0.102806
0.341987
0.187701
0.662
0.309108
0.40183
0.0985881
0.444786
0.65793
0.662
0.199592
0.662
0.179706
0.0073873
0.320719
0.418607
0.662
0.381574
0.32883
0.261251
0.238735
0.523654
0.430444
0.582711
0.0563656
0.662
0.388739
0.351905
0.383545
0.310573
0.662
0.330855
0.256862
0.662
0.662
0.0733941
0.582531
0.256317
0.383
0.366543
0.584206
0.207913
0.457041
0.128912
0.662
0.0631728
0.482662
0.424192
0.662
0.662
0.662
0.662
0.662
0.662
0.0543897
0.196323
0.415817
0.662
0.0872368
0.152921
0.662
0.135962
0.662
0.260536
0.205578
0.662
0.571806
0.55693
0.297938
0.662
0.545967
0.215652
0.662
0.430799
0.238482
0.334515
0.662
0.194042
0.314953
0.662
0.459975
0.495323
0.26527
0.662
0.485648
0.456807
0.662
0.132857
0.662
0.662
0.0280357
0.33634
0.573061
0.311409
0.662
0.492576
0.197726
0.662
0.26331
0.662
0.122928
0.530332
0.18543
0.450821
0.662
0.662
0.115327
0.354129
0.218803
0.662
0.0592614
0.193388
0.50598
0.662
0.12167
0.208536
0.310268
0.263854
0.536801
0.0835462
0.0828403
0.662
0.160342
0.662
0.662
0.472559
0.662
0.256169
0.662
0.127084
0.662
0.662
0.662
0.662
0.22218
0.662
0.210963
0.220962
0.190857
0.519459
0.191375
0.538427
0.0631968
0.163512
0.662
0.662
0.662
0.662
0.292167
0.0914914
0.111706
0.537767
0.204186
0.662
0.183867
0.208926
0.662
0.465549
0.0583267
0.152722
0.283892
0.662
0.48254
0.233779
0.0737303
0.360514
0.201123
0.662
0.0903762
0.107684
0.193508
0.633694
0.662
0.184568
0.382413
0.347044
0.00314702
0.185286
0.662
0.662
0.242531
0.326414
0.225252
0.054166
0.113241
0.419762
0.259317
0.254385
0.662
0.186938
0.662
0.047711
0.301561
0.662
0.662
0.662
0.181451
0.662
0.662
0.662
0.662
0.662
0.238457
0.662
0.559961
0.0302063
0.127437
0.662
0.237023
0.662
0.334063
0.541473
0.221561
0.662
0.123825
0.367388
0.662
0.00907929
0.200509
0.384179
0.276489
0.45048
0.370884
0.662
0.396777
0.662
0.662
0.662
0.187418
0.0872414
0.281562
0.384103
0.662
0.249014
0.134444
0.662
0.454498
0.295998
0.250178
0.215438
0.662
0.662
0.24305
0.0910798
0.662
0.284848
0.331854
0.662
0.662
0.447038
0.662
0.337354
0.4618
0.121138
0.245648
0.610241
0.288273
0.662
0.193181
0.662
0.662
0.662
0.271066
0.662
0.206033
0.316931
0.662
0.248921
0.381383
0.239756
0.119087
0.357203
0.208076
0.662
0.328403
0.288519
0.225944
0.518238
0.18995
0.662
0.202555
0.662
0.172275
0.0780112
0.662
0.285937
0.662
0.662
0.121326
0.168528
0.366412
0.662
0.419314
0.0150971
0.385951
0.562193
0.555253
0.383342
0.103036
0.405871
0.172616
0.22255
0.662
0.575452
0.0536884
0.197948
0.49241
0.0344548
0.519755
0.662
0.304867
0.662
0.662
0.662
0.662
0.662
0.662
0.662
0.398194
0.662
0.662
0.19837
0.662
0.383551
0.455449
0.317326
0.345138
0.37874
0.174696
0.217775
0.240929
0.324268
0.149288
0.662
0.151433
0.662
0.662
0.209359
0.23605
0.662
0.662
0.189195
0.662
0.515919
0.118819
0.0758552
0.279523
0.662
0.453359
0.245236
0.12362
0.662
0.335198
0.245235
0.355595
0.130792
0.0462988
0.266543
0.31134
0.424871
0.10085
0.662
0.429516
0.0959343
0.000335744
0.662
0.196905
0.662
0.232396
0.217984
0.662
0.203707
0.435077
0.331947
0.377348
0.662
0.662
0.544728
0.252266
0.633694
0.662
0.0764089
0.265868
0.461095
0.662
0.216523
0.463972
0.332528
0.0745243
0.473433
0.662
0.330882
0.227201
0.662
0.662
0.2449
0.212776
0.631986
0.494935
0.655247
0.662
0.0827755
0.0304627
0.662
0.26836
0.418559
0.264391
0.187309
0.0248843
0.662
0.662
0.332202
0.506099
0.0546481
0.662
0.383752
0.662
0.244748
0.662
0.335541
0.250128
0.100922
0.286346
0.465319
0.662
0.160818
0.439625
0.662
0.662
0.153212
0.662
0.662
0.423425
0.363136
0.198994
0.391764
0.196524
0.0129558
0.662
0.662
0.206643
0.662
0.662
0.0342635
0.662
0.42025
0.545886
0.662
0.662
0.662
0.215232
0.362486
0.30589
0.604265
0.662
0.662
0.498557
0.00248601
0.311146
0.286765
0.662
0.662
0.424194
0.248133
0.662
0.222825
0.662
0.563054
0.236925
0.344405
0.489053
0.539171
0.425103
0.52271
0.42173
0.662
0.63339
0.444528
0.662
0.444264
0.662
0.251061
0.184108
0.60711
0.160525
0.662
0.344842
0.662
0.662
0.662
0.210567
0.662
0.244114
0.0352402
0.662
0.29141
0.316007
0.662
0.662
0.0715816
0.0943307
0.619418
0.196171
0.201745
0.662
0.662
0.264141
0.385766
0.662
0.662
0.0461135
0.463727
0.358716
0.515228
0.137396
0.582173
0.170877
0.268111
0.155124
0.190402
0.662
0.178239
0.471938
0.274413
0.454371
0.313529
0.662
0.662
0.662
0.0915284
0.18754
0.209902
0.662
0.404894
0.662
0.662
0.215258
0.662
0.662
0.662
0.662
0.235342
0.274776
0.398871
0.579968
0.511721
0.158186
0.178903
0.625697
0.116901
0.216513
0.662
0.465111
0.119048
0.0064704
0.639356
0.4759
0.662
0.662
0.662
0.282056
0.662
0.137368
0.193659
0.185249
0.662
0.446534
0.654513
0.662
0.662
0.662
0.629763
0.227434
0.0715167
0.662
0.662
0.0251501
0.476833
0.662
0.18831
0.0394539
0.206376
0.131608
0.662
0.269866
0.40848
0.238724
0.322711
0.662
0.381791
0.660789
0.31662
0.0989955
0.18739
0.0599233
0.662
0.293622
0.662
0.662
0.662
0.24297
0.662
0.662
0.662
0.381729
0.662
0.662
0.565809
0.196253
0.662
0.662
0.2077
0.662
0.662
0.260329
0.662
0.432975
0.344766
0.662
0.457562
0.662
0.210145
0.411111
0.28088
0.662
0.495515
0.186969
0.662
0.120707
0.102211
0.0768401
0.18639
0.0495416
0.662
0.131222
0.662
0.556178
0.304631
0.662
0.0741904
0.662
0.172397
0.166111
0.662
0.205432
0.662
0.662
0.337688
0.040547
0.145873
0.662
0.451113
0.191401
0.662
0.662
0.0174064
0.662
0.289269
0.325696
0.662
0.227646
0.662
0.149314
0.38817
0.662
0.662
0.662
0.662
0.210137
0.286476
0.143371
0.2181
0.211488
0.31318
0.477369
0.662
0.187667
0.264419
0.662
0.599294
0.0347935
0.188392
0.563083
0.133386
0.324349
0.416843
0.134453
0.662
0.359976
0.662
0.139928
0.131432
0.662
0.662
0.662
0.288616
0.662
0.285869
0.602016
0.662
0.662
0.410966
0.0439587
0.282862
0.216109
0.662
0.662
0.316864
0.482851
0.0320561
0.102534
0.662
0.662
0.317705
0.638834
0.662
0.662
0.278346
0.327759
0.166882
0.11177
0.0813854
0.662
0.662
0.662
0.662
0.662
0.17466
0.0153174
0.186047
0.165001
0.662
0.662
0.354824
0.472276
0.662
0.0912411
0.0681062
0.235387
0.662
0.0193729
0.662
0.662
0.331506
0.589312
0.267294
0.494556
0.377378
0.110395
0.658457
0.360269
0.225139
0.151629
0.662
0.592434
0.662
0.662
0.662
0.425244
0.414092
0.655913
0.662
0.662
0.662
0.620606
0.662
0.662
0.662
