0.662
0.187829
0.400613
0.662
0.662
0.662
0.662
0.197934
0.569224
0.557412
0.0921322
0.662
0.457383
0.274141
0.268857
0.428025
0.111301
0.155475
0.433613
0.662
0.191775
0.207558
0.635457
0.0265388
0.653274
0.529056
0.233102
0.276823
0.258522
0.662
0.662
0.662
0.00203071
0.345219
0.181231
0.32621
0.662
0.623848
0.179089
0.107702
0.662
0.341341
0.0226466
0.29663
0.662
0.662
0.662
0.0692194
0.410828
0.626011
0.282282
0.331409
0.468991
0.172932
0.553884
0.662
0.662
0.441564
0.345448
0.0171856
0.427343
0.611799
0.662
0.662
0.662
0.662
0.662
0.662
0.662
0.0228008
0.244293
0.113908
0.662
0.662
0.662
0.119477
0.0832798
0.662
0.662
0.268217
0.662
0.662
0.662
0.662
0.477438
0.662
0.662
0.144695
0.662
0.401319
0.190809
0.0165227
0.372932
0.517908
0.662
0.248602
0.662
0.0511693
0.417873
0.232626
0.662
0.662
0.229458
0.662
0.00891463
0.662
0.0262517
0.129097
0.662
0.399236
0.129387
0.662
0.662
0.300839
0.662
0.192336
0.455725
0.212995
0.336337
0.253919
0.662
0.662
0.54805
0.0216625
0.662
0.611476
0.662
0.662
0.444577
0.662
0.662
0.549179
0.662
0.405397
0.134885
0.41724
0.662
0.196256
0.461703
0.222198
0.514533
0.231297
0.662
0.15598
0.662
0.662
0.662
0.0742134
0.567986
0.658993
0.662
0.0439735
0.426099
0.662
0.428359
0.165984
0.0892868
0.102346
0.243792
0.176511
0.264455
0.106677
0.660357
0.209313
0.662
0.268624
0.662
0.0244539
0.217485
0.0434945
0.31056
0.662
0.342553
0.32938
0.662
0.662
0.318564
0.155146
0.259683
0.637454
0.50189
0.221683
0.340011
0.205632
0.662
0.662
0.662
0.662
0.662
0.112995
0.323528
0.662
0.278731
0.582526
0.11172
0.662
0.662
0.608678
0.0446028
0.662
0.662
0.19539
0.662
0.662
0.234677
0.545629
0.13352
0.653411
0.185731
0.206119
0.0347375
0.38902
0.662
0.476851
0.0883429
0.662
0.662
0.321629
0.231158
0.378028
0.465429
0.228462
0.383811
0.662
0.662
0.446737
0.202685
0.252799
0.297776
0.233732
0.662
0.187459
0.406917
0.165086
0.662
0.360809
0.64364
0.654987
0.09858
0.41937
0.485903
0.327534
0.229377
0.662
0.662
0.662
0.187282
0.288567
0.0165298
0.662
0.662
0.453733
0.352522
0.33653
0.662
0.386345
0.473317
0.555091
0.662
0.287919
0.403595
0.17347
0.662
0.350187
0.662
0.662
0.662
0.238969
0.662
0.348072
0.636521
0.541418
0.361839
0.662
0.337705
0.0708249
0.662
0.212605
0.662
0.662
0.377743
0.662
0.614154
0.612055
0.224748
0.0016783
0.436955
0.2562
0.662
0.156508
0.662
0.662
0.605808
0.662
0.461438
0.413975
0.223016
0.610148
0.662
0.228617
0.662
0.662
0.0748073
0.614576
0.2886
0.113303
0.392976
0.456191
0.662
0.662
0.662
0.662
0.395883
0.0587617
0.399096
0.301165
0.326529
0.662
0.0964286
0.662
0.629078
0.388665
0.223123
0.556076
0.415468
0.327943
0.39964
0.33618
0.267212
0.574024
0.662
0.662
0.662
0.65506
0.397066
0.00719848
0.421113
0.110075
0.662
0.224509
0.662
0.0682246
0.472077
0.662
0.662
0.451433
0.282346
0.306329
0.662
0.173845
0.188103
0.384196
0.469456
0.662
0.126073
0.148234
0.387212
0.662
0.225455
0.280895
0.0140115
0.405255
0.286598
0.443236
0.662
0.662
0.237512
0.207111
0.662
0.495869
0.522818
0.149288
0.662
0.126431
0.00601287
0.385679
0.662
0.560627
0.477134
0.482419
0.471259
0.200787
0.231703
0.0503545
0.662
0.43341
0.457132
0.179043
0.662
0.366088
0.662
0.152403
0.327383
0.256198
0.662
0.662
0.662
0.517507
0.648711
0.572693
0.662
0.418747
0.630745
0.110104
0.662
0.212416
0.27585
0.418006
0.0548676
0.0622164
0.407184
0.662
0.267472
0.323719
0.662
0.112355
0.662
0.599014
0.662
0.0951567
0.303145
0.662
0.652702
0.171135
0.662
0.152908
0.661319
0.662
0.495909
0.662
0.576854
0.278345
0.372869
0.662
0.370557
0.118654
0.417098
0.159903
0.0667787
0.210819
0.206748
0.58407
0.188843
0.662
0.205853
0.567315
0.567267
0.662
0.451812
0.662
0.662
0.385284
0.448658
0.662
0.662
0.172092
0.295588
0.031673
0.662
0.582895
0.197515
0.662
0.596985
0.351294
0.483921
0.23431
0.48359
0.662
0.28578
0.480053
0.662
0.252427
0.180233
0.275426
0.495331
0.662
0.085625
0.0613592
0.193127
0.662
0.662
0.234735
0.286981
0.588063
0.457309
0.0653776
0.662
0.375826
0.394382
0.292852
0.111212
0.280023
0.662
0.662
0.662
0.252911
0.662
0.0198489
0.662
0.662
0.662
0.662
0.662
0.453308
0.211933
0.0740028
0.637559
0.662
0.662
0.662
0.662
0.662
0.662
0.112978
0.100246
0.662
0.24863
0.579721
0.662
0.52167
0.662
0.662
0.259326
0.499302
0.404792
0.227191
0.662
0.0419066
0.662
0.0766064
0.129282
0.662
0.16485
0.662
0.216571
0.662
0.662
0.370492
0.478691
0.631453
0.644624
0.662
0.432659
0.657805
0.455874
0.156831
0.157176
0.512434
0.662
0.662
0.662
0.662
0.662
0.242949
0.320574
0.156989
0.315668
0.314377
0.380149
0.662
0.662
0.662
0.286222
0.662
0.30145
0.662
0.662
0.490281
0.662
0.186801
0.662
0.0717216
0.662
0.493203
0.662
0.189826
0.136224
0.658974
0.259281
0.427669
0.662
0.662
0.334034
0.102943
0.0407566
0.662
0.247991
0.0693103
0.662
0.26146
0.662
0.226329
0.662
0.214186
0.136436
0.208602
0.662
0.277913
0.662
0.334015
0.567466
0.662
0.209546
0.662
0.264669
0.331214
0.662
0.662
0.397251
0.327507
0.245758
0.0957513
0.662
0.188557
0.53079
0.107184
0.662
0.662
0.662
0.439946
0.298293
0.00451115
0.59883
0.345078
0.624491
0.356642
0.601639
0.251921
0.662
0.662
0.662
0.662
0.620885
0.138359
0.410942
0.4765
0.433784
0.662
0.382093
0.662
0.611535
0.537609
0.262526
0.659915
0.662
0.42175
0.261865
0.662
0.106185
0.385634
0.471539
0.336578
0.32767
0.509041
0.10708
0.192888
0.662
0.662
0.485781
0.311449
0.179499
0.402861
0.305067
0.121118
0.251166
0.662
0.320384
0.522798
0.662
0.633882
0.503297
0.228323
0.450943
0.44026
0.662
0.292919
0.662
0.525458
0.0193133
0.468633
0.140756
0.662
0.662
0.662
0.651141
0.353755
0.282224
0.0191451
0.662
0.662
0.15052
0.193174
0.211597
0.239339
0.662
0.373842
0.662
0.548404
0.206123
0.0498885
0.235678
0.662
0.497444
0.662
0.113079
0.559633
0.265138
0.650392
0.000664317
0.210989
0.404791
0.662
0.320654
0.450505
0.225739
0.662
0.569046
0.255235
0.353291
0.662
0.282441
0.662
0.376284
0.347063
0.076848
0.18065
0.18259
0.662
0.519874
0.227192
0.662
0.662
0.486805
0.662
0.596015
0.50257
0.391796
0.483264
0.662
0.662
0.662
0.120119
0.583818
0.662
0.660131
0.31143
0.34677
0.0500195
0.21801
0.00971443
0.662
0.662
0.182682
0.363716
0.282032
0.169587
0.662
0.278878
0.174666
0.206441
0.422113
0.0978357
0.662
0.130945
0.173827
0.179971
0.662
0.64451
0.087915
0.655587
0.649289
0.662
0.40934
0.631602
0.425886
0.18064
0.662
0.662
0.662
0.100668
0.606063
0.0601824
0.173958
0.349546
0.662
0.662
0.218341
0.235621
0.662
0.0793523
0.662
0.186429
0.499104
0.662
0.429749
0.0385512
0.325207
0.531332
0.662
0.305548
0.60838
0.422753
0.226969
0.419292
0.662
0.662
0.662
0.662
0.190294
0.208676
0.149175
0.662
0.662
0.139877
0.662
0.10004
0.662
0.322498
0.245123
0.662
0.194099
0.662
0.260636
0.662
0.46674
0.421233
0.347874
0.662
0.359485
0.662
0.419292
0.189594
0.597348
0.662
0.662
0.0106735
0.287126
0.662
0.0451761
0.624288
0.662
0.248793
0.645715
0.212976
0.662
0.354276
0.0871151
0.662
0.379235
0.391053
0.0433692
0.662
0.444634
0.138807
0.311984
0.180683
0.662
0.386183
0.213885
0.0405957
0.662
0.378698
0.270258
0.450852
0.662
0.662
0.109251
0.662
0.662
0.480151
0.164883
0.662
0.10587
0.662
0.0986641
0.14264
0.662
0.555208
0.662
0.0524927
0.0656123
0.662
0.341292
0.662
0.662
0.631775
0.577999
0.657469
0.662
0.00806404
0.463666
0.188075
0.662
0.172067
0.484844
0.645719
0.630755
0.323239
0.474053
0.00560857
0.662
0.112991
0.662
0.304701
0.61324
0.407835
0.662
0.662
0.356385
0.216206
0.655766
0.438942
0.662
0.103468
0.0656908
0.158352
0.240579
0.348677
0.482714
0.648704
0.662
0.662
0.662
0.62356
0.662
0.662
0.662
0.285661
0.200444
0.399384
0.352915
0.58527
0.417185
0.412193
0.662
0.327193
0.662
0.662
0.120555
0.424768
0.662
0.541726
0.548603
0.352825
0.0815007
0.152871
0.526743
0.287262
0.301524
0.618139
0.662
0.198464
0.626786
0.418989
0.138312
0.246679
0.106446
0.662
0.662
0.113267
0.127207
0.202997
0.661592
0.648764
0.00971125
0.269324
0.464123
0.434989
0.662
0.237302
0.0902688
0.297472
0.134717
0.662
0.350543
0.123031
0.662
0.207071
0.418739
0.284822
0.177608
0.662
0.662
0.0978309
0.662
0.425243
0.433934
0.123402
0.000409434
0.33425
0.179706
0.409152
0.662
0.662
0.444
0.373218
0.300698
0.331997
0.244441
0.0773521
0.662
0.250067
0.371179
0.428572
0.662
0.332225
0.0145402
0.428086
0.484391
0.662
0.404027
0.459765
0.662
0.383505
0.662
0.132318
0.662
0.662
0.649023
0.662
0.662
0.662
0.662
0.16693
0.662
0.447183
0.113391
0.662
0.662
0.0479595
0.659506
0.282135
0.432936
0.442157
0.640855
0.662
0.337665
0.658914
0.530121
0.402196
0.209663
0.116759
0.0893897
0.662
0.281334
0.662
0.318501
0.159471
0.235539
0.662
0.445253
0.662
0.63339
0.662
0.662
0.384574
0.237565
0.244475
0.334346
0.330922
0.157393
0.183973
0.662
0.662
0.662
0.0142302
0.662
0.392518
0.194093
0.4687
0.662
0.662
0.662
0.393197
0.662
0.662
0.51525
0.31068
0.270404
0.292945
0.122583
0.143438
0.662
0.662
0.0192998
0.662
0.14157
0.662
0.145014
0.452029
0.140527
0.662
0.662
0.278945
0.603346
0.0635834
0.604144
0.662
0.00398818
0.475873
0.394398
0.0962179
0.0785809
0.0533325
0.211026
0.662
0.0332979
0.522136
0.504276
0.416831
0.662
0.0481098
0.434036
0.218483
0.441832
0.662
0.340858
0.313821
0.0406997
0.00780502
0.225836
0.662
0.340417
0.662
0.662
0.0604593
0.101005
0.662
0.625701
0.00102566
0.192227
0.19745
0.393615
0.662
0.298326
0.662
0.278239
0.0397092
0.662
0.662
0.314353
0.662
0.0291924
0.662
0.662
0.47751
0.662
0.662
0.444936
0.629011
0.591959
0.662
0.418919
0.24615
0.352423
0.402265
0.662
0.383234
0.637504
0.474294
0.185867
0.350032
0.373985
0.662
0.560866
0.620757
0.582935
0.45094
0.131906
0.426865
0.0560619
0.662
0.662
0.649072
0.662
0.186022
0.662
0.662
0.562473
0.662
0.399478
0.472114
0.662
0.662
0.662
0.662
0.271228
0.662
0.191141
0.662
0.662
0.313686
0.252838
0.662
0.662
0.236446
0.662
0.469987
0.149271
0.662
0.499528
0.340631
0.662
0.200684
0.662
0.662
0.460883
0.275599
0.56292
0.556768
0.117336
0.0405479
0.364474
0.662
0.662
0.662
0.293007
0.488625
0.39565
0.146668
0.46506
0.15935
0.404269
0.409951
0.662
0.662
0.179164
0.627352
0.270774
0.0468685
0.662
0.660235
0.662
0.662
0.473451
0.662
0.582782
0.279985
0.173731
0.156021
0.325327
0.662
0.662
0.662
0.662
0.201282
0.442623
0.57163
0.30893
0.228961
0.0739154
0.00916831
0.662
0.358605
0.597629
0.206102
0.560532
0.445023
0.306638
0.620006
0.242012
0.284331
0.662
0.662
0.588282
0.242004
0.179347
0.653329
0.471806
0.662
0.662
0.662
0.508381
0.662
0.405631
0.316042
0.0630844
0.186225
0.660619
0.244289
0.350016
0.447407
0.232918
0.625315
0.492858
0.662
0.610265
0.662
0.264069
0.502295
0.163423
0.662
0.198711
0.662
0.476562
0.517145
0.141379
0.632005
0.662
0.453782
0.662
0.25178
0.662
0.08278
0.659708
0.368229
0.353981
0.655512
0.382793
0.172032
0.535981
0.519988
0.606937
0.362329
0.270656
0.0427218
0.199593
0.662
0.113361
0.662
0.346629
0.662
0.662
0.662
0.541353
0.662
0.662
0.469777
0.542637
0.662
0.0772076
0.227876
0.662
0.662
0.286236
0.662
0.662
0.32093
0.662
0.110455
0.110211
0.167788
0.265741
0.246132
0.0877389
0.298442
0.212977
0.204839
0.490776
0.415775
0.662
0.580123
0.0591735
0.166287
0.212894
0.101104
0.362898
0.116303
0.662
0.662
0.108324
0.0127021
0.662
0.535921
0.662
0.662
0.662
0.0611827
0.0880024
0.477172
0.486778
0.191535
0.613488
0.313088
0.662
0.290223
0.662
0.361012
0.358925
0.576008
0.662
0.662
0.313376
0.662
0.190707
0.401232
0.662
0.608913
0.662
0.146073
0.386724
0.442432
0.106061
0.265574
0.186619
0.172211
0.315967
0.662
0.102893
0.629612
0.123188
0.200064
0.592154
0.188136
0.466349
0.429833
0.662
0.570197
0.378661
0.662
0.662
0.363664
0.286784
0.352475
0.303059
0.463352
0.662
0.63616
0.434134
0.049245
0.424315
0.0101348
0.63789
0.220479
0.518712
0.621269
0.662
0.405785
0.450016
0.609848
0.2474
0.170467
0.072257
0.465956
0.130759
0.647224
0.662
0.662
0.361691
0.662
0.187527
0.0101056
0.328419
0.662
0.21096
0.515755
0.322457
0.156233
0.226723
0.662
0.662
0.662
0.662
0.662
0.450101
0.291744
0.54431
0.0126392
0.0734828
0.11732
0.662
0.662
0.192658
0.140675
0.0185223
0.592665
9.37682e-05
0.391013
0.0720184
0.272718
0.380968
0.662
0.23109
0.0996473
0.114709
0.581638
0.454187
0.662
0.662
0.559544
0.157998
0.662
0.397676
0.662
0.314759
0.662
0.195252
0.662
0.427798
0.158
0.662
0.662
0.187274
0.637373
0.0219498
0.116267
0.662
0.0878796
0.45302
0.14965
0.662
0.331837
0.551311
0.200867
0.662
0.102142
0.231142
0.589792
0.582692
0.662
0.387116
0.10695
0.210561
0.662
0.118508
0.546971
0.662
