0.186801
0.662
0.417824
0.200599
0.100668
0.4163
0.393936
0.326535
0.605508
0.432936
0.356951
0.662
0.0904395
0.205632
0.207071
0.213542
0.662
0.312351
0.0888537
0.662
0.242169
0.662
0.662
0.119477
0.173731
0.446275
0.0622164
0.480053
0.64364
0.269657
0.118935
0.41724
0.662
0.662
0.419995
0.421296
0.662
0.226837
0.456191
0.662
0.662
0.662
0.662
0.184594
0.662
0.282382
0.188843
0.662
0.235621
0.662
0.662
0.644624
0.172032
0.662
0.157998
0.426099
0.287126
0.662
0.662
0.627352
0.0216625
0.662
0.217485
0.0327884
0.662
0.0127021
0.643729
0.630755
0.231158
0.462915
0.662
0.286013
0.0214035
0.631602
0.471928
0.243503
0.620234
0.252838
0.101077
0.662
0.352857
0.662
0.323528
0.416223
0.287294
0.662
0.582825
0.191873
0.662
0.362329
0.00801363
0.648764
0.0479595
0.658914
0.00971443
0.107976
0.114709
0.662
0.636521
0.662
0.662
0.167569
0.662
0.140001
0.519988
0.528166
0.320654
0.156831
0.541596
0.264462
0.443799
0.0832798
0.608913
0.020858
0.537609
0.448815
0.417185
0.662
0.508381
0.227958
0.659506
0.662
0.278571
0.637559
0.0842778
0.662
0.60838
0.662
0.662
0.530121
0.662
0.087915
0.212977
0.140527
0.286236
0.207455
0.354063
0.30893
0.593912
0.662
0.662
0.405259
0.381228
0.507136
0.662
0.662
0.662
0.0478562
0.0184574
0.304701
0.0685741
0.0951567
0.0533325
0.662
0.113267
0.0612675
0.257388
0.179499
0.662
0.596281
0.337705
0.137957
0.233102
0.655766
0.662
0.623848
0.302303
0.14292
0.24863
0.110455
0.163423
0.662
0.130804
0.186022
0.450852
0.588063
0.662
0.415104
0.662
0.0265388
0.138931
0.492858
0.327193
0.662
0.662
0.601325
0.662
0.229377
0.57261
0.0214778
0.662
0.662
0.662
0.0406997
0.662
0.658993
0.321629
0.0191451
0.201028
0.662
0.00597785
0.238366
0.224509
0.305067
0.662
0.433613
0.271228
0.170248
0.450101
0.662
0.397251
0.241594
0.197934
0.0734828
0.400613
0.490281
0.266587
0.483264
0.242949
0.160759
0.375826
0.354276
0.662
0.662
0.662
0.473451
0.287833
0.021362
0.234554
0.514789
0.662
0.519874
0.50189
0.645715
0.324144
0.322352
0.100246
0.662
0.270855
0.194811
0.662
0.662
0.662
0.662
0.473317
0.336578
0.548404
0.447883
0.304392
0.421233
0.662
0.135922
0.322412
0.252799
0.662
0.340047
0.662
0.331214
0.662
0.101416
0.662
0.362173
0.662
0.478691
0.441067
0.260178
0.300839
0.000865398
0.211597
0.237471
0.224055
0.662
0.283643
0.662
0.243792
0.367861
0.662
0.211993
0.0434945
0.662
0.424768
0.0556746
0.286918
0.535981
0.662
0.631453
0.364474
0.0933796
0.662
0.353337
0.259721
0.662
0.662
0.662
0.0278053
0.662
0.479692
0.327527
0.567315
0.662
0.662
0.529056
0.122708
0.139182
0.662
0.662
0.0517868
0.662
0.305548
0.301086
0.324541
0.662
0.401319
0.304029
0.068741
0.0871151
0.102893
0.300632
0.138359
0.106061
0.279236
0.237512
0.335299
0.662
0.351294
0.576854
0.124835
0.0683894
0.662
0.662
0.0882487
0.290223
0.412675
0.631775
0.298007
0.660235
0.662
0.610148
0.360809
0.386183
0.662
0.227125
0.662
0.662
0.231297
0.662
0.433784
0.662
0.373985
0.482714
0.443236
0.00560857
0.662
0.383265
0.366412
0.629078
0.157182
0.24615
0.220626
0.662
0.397066
0.264455
0.431387
0.662
0.662
0.268217
0.21801
0.423025
0.120555
0.352475
0.409951
0.226723
0.662
0.662
0.662
0.662
0.662
0.0324591
0.662
0.134717
0.662
0.630376
0.63616
0.662
0.61324
0.143438
0.662
0.662
0.662
0.254541
0.311449
0.662
0.231703
0.00780502
0.228948
0.662
0.113361
0.405194
0.390647
0.662
0.0187956
0.1999
0.0101348
0.164883
0.404792
0.0877389
0.405397
0.33425
0.306715
0.662
0.444936
0.662
0.468633
0.662
0.382012
0.318565
0.0441992
0.662
0.250067
0.066572
0.502295
0.535921
0.662
0.531199
0.51525
0.62356
0.325207
0.662
0.287262
0.662
0.662
0.660131
0.662
0.315997
0.134673
0.217236
0.662
0.541418
0.662
0.662
0.0171856
0.577999
0.286893
0.447221
0.662
0.37017
0.662
0.662
0.662
0.2886
0.358605
0.253626
0.459765
0.662
0.180607
0.495869
0.00806404
0.375873
0.662
0.373842
0.159982
0.660619
0.504276
0.476947
0.662
0.555091
0.662
0.611799
0.449298
0.352825
0.662
0.662
0.36943
0.352423
0.286598
0.361693
0.0772076
0.576008
0.0308915
0.371179
0.662
0.662
0.662
0.247991
0.0693103
0.662
0.0663002
0.662
0.662
0.662
0.662
0.461703
0.22789
0.187282
0.52167
0.368571
0.327736
0.662
0.662
0.455874
0.109078
0.076848
0.262526
0.45634
0.624491
0.662
0.660357
0.434822
0.4765
0.417098
0.531332
0.14264
0.622126
0.662
0.662
0.31056
0.429749
0.141936
0.612055
0.662
0.662
0.251921
0.227876
0.662
0.607792
0.155146
0.662
0.547572
0.493969
0.00203071
0.540495
0.387116
0.662
0.432511
0.320299
0.314759
0.127257
0.113844
0.275393
0.0657575
0.45302
0.331999
0.421604
0.209663
0.387212
0.174305
0.662
0.218483
0.391013
0.453308
0.228617
0.662
0.435535
0.293663
0.0656908
0.662
0.653329
0.50257
0.181313
0.658974
0.237565
0.662
0.275599
0.662
0.0511693
0.23109
0.651141
0.662
0.662
0.517145
0.28115
0.182223
0.662
0.0557818
0.0228008
0.282032
0.499104
0.195236
0.662
0.662
0.323068
0.58527
0.662
0.610081
0.581638
0.146073
0.653274
0.130876
0.616517
0.188103
0.0883429
0.662
0.124558
0.30217
0.662
0.267776
0.340011
0.662
0.58175
