0.0336128
0.662
0.285282
0.662
0.0141883
0.62226
0.38859
0.411928
0.181126
0.25276
0.578211
0.437028
0.110757
0.259169
0.662
0.662
0.239593
0.254205
0.662
0.226842
0.0146225
0.225893
0.134864
0.303672
0.662
0.644572
0.199892
0.299822
0.662
0.253782
0.581777
0.451737
0.22069
0.0951038
0.0959911
0.409619
0.660638
0.63911
0.662
0.3025
0.0387194
0.112655
0.2264
0.0816758
0.662
0.137431
0.662
0.662
0.662
0.662
0.26433
0.662
0.0904728
0.662
0.190881
0.464201
0.0363834
0.662
0.662
0.575174
0.662
0.443091
0.241946
0.63845
0.603285
0.133072
0.498428
0.388159
0.662
0.222457
0.396304
0.509827
0.380029
0.658804
0.0935803
