0.20743
0.447221
0.182308
0.368091
0.627352
0.235621
0.380311
0.619745
0.113361
0.662
0.127087
0.644624
0.662
0.266335
0.076848
0.00203071
0.162724
0.505283
0.167569
0.662
0.0766671
0.306715
3.95291e-05
0.0711306
0.662
0.178419
0.207558
0.153455
0.662
0.289473
0.631775
0.0715793
0.423025
0.106418
0.662
0.328578
0.341172
0.662
0.0622164
0.637559
0.662
0.300839
0.662
0.483264
0.129621
0.169966
0.662
0.1162
0.662
0.300538
0.302773
0.206135
0.0796449
0.662
0.313704
0.662
0.517145
0.132291
0.0693103
0.0369948
0.121352
0.374863
0.311449
0.462915
0.0612675
0.218291
0.662
0.408815
0.662
0.662
0.662
0.403113
0.390647
0.662
0.662
0.463766
0.662
0.662
0.433613
0.658914
0.0656908
0.229218
0.662
0.325233
0.356951
