0.320508
0.662
0.0580051
0.0906965
0.662
0.252736
0.0031946
0.662
0.0481138
0.364814
0.166182
0.20143
0.662
0.285105
0.366914
0.458543
0.233104
0.161433
0.293777
0.184979
0.266519
0.662
0.444275
0.284975
0.564907
0.370672
0.662
0.190849
0.217321
0.662
0.662
0.250627
0.211963
0.0217387
0.662
0.574216
0.609818
0.479179
0.662
0.662
0.352721
0.662
0.280188
0.662
0.0295094
0.662
0.0876752
0.251378
0.186583
0.470736
0.00594174
0.192562
0.195151
0.662
0.662
0.48157
0.662
0.349321
0.140747
0.476543
0.434663
0.0853125
0.662
0.230081
0.42461
0.411434
0.36828
0.286259
0.662
0.280944
0.402011
0.158858
0.16621
0.662
0.255951
0.278402
0.148847
0.662
0.662
0.231927
0.662
0.217982
0.662
0.177538
0.662
0.260083
0.281564
0.172838
0.662
0.302875
0.662
0.533532
0.662
0.455354
0.211252
0.662
0.190598
0.147272
0.20493
0.438687
0.662
0.662
0.662
0.133767
0.0343562
0.449172
0.149477
0.338967
0.420298
0.662
0.327165
0.662
0.413859
0.40299
0.662
0.0143258
0.662
0.662
0.662
0.34368
0.662
0.662
0.261405
0.310495
0.662
0.133287
0.0101341
0.486689
0.662
0.472317
0.0461611
0.321281
0.408637
0.662
0.662
0.258847
0.120235
0.221352
0.605096
0.118889
0.662
0.662
0.266666
0.633971
0.662
0.662
0.101674
0.0140252
0.252504
0.205815
0.135901
0.662
0.108845
0.239089
0.662
0.54954
0.411593
0.140958
0.400535
0.662
0.662
0.199077
0.462203
0.662
0.0467307
0.662
0.0764172
0.416423
0.662
0.662
0.246584
0.455842
0.647652
0.490835
0.662
0.271314
0.181879
0.186351
0.325483
0.662
0.456932
0.172085
0.519542
0.28798
0.324303
0.662
0.336712
0.24317
0.662
0.662
0.662
0.399513
0.662
0.510547
0.662
0.221554
0.0583656
0.662
0.273644
0.251177
0.662
0.662
0.661104
0.109535
0.662
0.360552
0.465984
0.240093
0.491615
0.662
0.662
0.662
0.196593
0.662
0.394162
0.643934
0.336136
0.312865
0.00775951
0.214389
0.662
0.662
0.310409
0.651167
0.182784
0.13175
0.57522
0.0177351
0.0917611
0.436022
0.662
0.457466
0.662
0.662
0.175049
0.662
0.662
0.662
0.662
0.434217
0.576175
0.583196
0.259971
0.662
0.0395222
0.377358
0.0931464
0.283424
0.422852
0.211496
0.349294
0.662
0.662
0.2698
0.662
0.108575
0.0436161
0.124125
0.440938
0.399728
0.583811
0.46269
0.431937
0.113247
0.662
0.303814
0.281668
0.584017
0.662
0.414606
0.662
0.220109
0.662
0.662
0.662
0.245547
0.662
0.467911
0.662
0.172804
0.0226349
0.662
0.662
0.517239
0.0524195
0.472004
0.453211
0.273375
0.254457
0.271026
0.275386
0.662
0.518433
0.136005
0.42197
0.255686
0.662
0.662
0.651496
0.662
0.296301
0.265632
0.342822
0.602876
0.662
0.662
0.00825919
0.120652
0.124347
0.301963
0.193229
0.122273
0.413739
0.662
0.296782
0.662
0.130827
0.231754
0.187442
0.662
0.662
0.29629
0.662
0.237664
0.662
0.662
0.662
0.334321
0.190746
0.662
0.0920614
0.211095
0.662
0.662
0.468735
0.193992
0.0112207
0.0170982
0.415421
0.0635403
0.368269
0.402762
0.662
0.662
0.662
0.053416
0.569523
0.235135
0.662
0.12669
0.662
0.269393
0.662
0.662
0.468092
0.316829
0.174026
0.0799401
0.662
0.281152
0.434926
0.662
0.214997
0.472364
0.224423
0.364035
0.372775
0.379237
0.185107
0.0378656
0.662
0.157539
0.662
0.662
0.324273
0.245689
0.380229
0.662
0.662
0.0345451
0.362163
0.535796
0.152643
0.662
0.0927464
0.662
0.0867295
0.662
0.256523
0.172237
0.662
0.324961
0.335641
0.0293179
0.303881
0.411168
0.630345
0.097285
0.662
0.256501
0.662
0.202033
0.662
0.497413
0.662
0.215227
0.520459
0.46751
0.662
0.662
0.494669
0.662
0.503454
0.172403
0.154636
0.308333
0.186645
0.142838
0.230472
0.662
0.58909
0.662
0.662
0.243141
0.0992772
0.209366
0.418368
0.662
0.12182
0.662
0.204586
0.0942143
0.662
0.25389
0.560853
0.421661
0.202017
0.662
0.462291
0.219264
0.662
0.662
0.045528
0.0133661
0.12892
0.662
0.662
0.662
0.394665
0.418873
0.139242
0.662
0.0862037
0.285154
0.662
0.149996
0.633391
0.662
0.662
0.41034
0.467901
0.662
0.186779
0.662
0.297215
0.335928
0.133743
0.304637
0.662
0.662
0.662
0.152377
0.662
0.083007
0.380972
0.274651
0.662
0.662
0.419718
0.21098
0.330185
0.623789
0.377415
0.662
0.177599
0.258666
0.662
0.662
0.229502
0.186708
0.662
0.0167026
0.111253
0.398976
0.662
0.174384
0.498985
0.662
0.662
0.662
0.180812
0.321228
0.0621396
0.255862
0.250035
0.000631339
0.550523
0.662
0.451948
0.388857
0.662
0.662
0.662
0.479121
0.231475
0.455344
0.391587
0.569003
0.662
0.651567
0.662
0.355497
0.662
0.662
0.662
0.662
0.199762
0.662
0.662
0.377125
0.662
0.489204
0.474564
0.662
0.167262
0.115146
0.515733
0.662
0.259935
0.662
0.346106
0.662
0.662
0.147427
0.662
0.662
0.572582
0.662
0.662
0.662
0.662
0.193955
0.634544
0.424864
0.662
0.484923
0.662
0.319066
0.189363
0.0484666
0.369615
0.662
0.121637
0.0894033
0.22191
0.575131
0.189753
0.662
0.662
0.217827
0.284665
0.625654
0.194927
0.0680781
0.662
0.662
0.662
0.20833
0.662
0.662
0.332159
0.662
0.0574746
0.662
0.626858
0.662
0.195487
0.470848
0.662
0.452392
0.0617504
0.43221
0.662
0.662
0.0457224
0.341969
0.452275
0.185845
0.662
0.207437
0.37905
0.662
0.662
0.426672
0.383195
0.426169
0.515318
0.662
0.662
0.493929
0.662
0.430832
0.228951
0.13407
0.662
0.662
0.662
0.115064
0.662
0.536859
0.662
0.450207
0.618577
0.662
0.172212
0.662
0.662
0.250016
0.662
0.662
0.662
0.662
0.23422
0.662
0.662
0.662
0.662
0.522708
0.144432
0.645742
0.662
0.662
0.662
0.139355
0.662
0.140376
0.662
0.662
0.662
0.356377
0.536999
0.449044
0.00337147
0.445168
0.285547
0.130469
0.662
0.142007
0.662
0.662
0.662
0.164784
0.0353122
0.112694
0.159573
0.55656
0.0425718
0.136298
0.164033
0.662
0.662
0.662
0.203588
0.234486
0.662
0.0850962
0.0875417
0.662
0.262066
0.214312
0.662
0.220706
0.662
0.034829
0.662
0.662
0.662
0.464998
0.662
0.431966
0.662
0.08105
0.0282484
0.214989
0.401204
0.593152
0.0380744
0.360412
0.188851
0.575336
0.190544
0.403832
0.0706812
0.405762
0.20978
0.662
0.189215
0.662
0.206305
0.662
0.662
0.275555
0.662
0.662
0.662
0.0710331
0.662
0.662
0.138597
0.219495
0.464375
0.373524
0.662
0.63339
0.251943
0.434698
0.662
0.662
0.0823672
0.268053
0.662
0.31037
0.474384
0.662
0.150587
0.358287
0.10071
0.0924148
0.304611
0.662
0.662
0.662
0.194386
0.0663173
0.0553094
0.272341
0.221747
0.281445
0.231251
0.22773
0.0855097
0.662
0.446887
0.139061
0.0583108
0.417537
0.17218
0.662
0.404795
0.529267
0.177167
0.414302
0.662
0.529678
0.234124
0.662
0.347966
0.206194
0.467159
0.627746
0.2765
0.243309
0.662
0.207017
0.199971
0.303033
0.662
0.662
0.000149064
0.175559
0.347329
0.38667
0.646737
0.520888
0.523259
0.217433
0.469345
0.662
0.124237
0.662
0.644002
0.0602128
0.348948
0.662
0.377511
0.20036
0.243199
0.217689
0.297456
0.243705
0.492267
0.662
0.279921
0.662
0.466931
0.662
0.662
0.662
0.189076
0.322003
0.662
0.534777
0.662
0.103337
0.448141
0.136374
0.34494
0.483133
0.607779
0.459463
0.625921
0.205795
0.206404
0.662
0.127785
0.27213
0.230871
0.662
0.0623921
0.573121
0.662
0.388306
0.166465
0.0612931
0.381508
0.662
0.261243
0.153837
0.202987
0.205085
0.141841
0.129836
0.662
0.662
0.306469
0.375902
0.322071
0.44694
0.32237
0.662
0.198374
0.408907
0.251671
0.662
0.662
0.573142
0.239477
0.0272771
0.293225
0.662
0.197844
0.192894
0.493177
0.662
0.329437
0.20274
0.000299991
0.264063
0.392469
0.157471
0.0839936
0.206842
0.13151
0.662
0.662
0.0878131
0.165472
0.168301
0.458188
0.0798812
0.49925
0.170261
0.589795
0.662
0.662
0.21991
0.368557
0.0766135
0.662
0.152005
0.662
0.103178
0.662
0.0296918
0.202008
0.143712
0.159086
0.662
0.264938
0.662
0.418618
0.0752325
0.662
0.227954
0.373012
0.0915837
0.662
0.662
0.662
0.662
0.662
0.662
0.0819227
0.0391974
0.662
0.0668974
0.145438
0.662
0.662
0.278878
0.179698
0.350091
0.204553
0.47376
0.282654
0.662
0.662
0.387753
0.487172
0.662
0.446255
0.137873
0.662
0.203574
0.662
0.366024
0.471537
0.390064
0.662
0.193419
0.662
0.637605
0.662
0.209035
0.662
0.198262
0.662
0.348383
0.215791
0.16249
0.662
0.662
0.44267
0.662
0.334508
0.662
0.662
0.662
0.463796
0.187858
0.662
0.662
0.662
0.512464
0.662
0.228876
0.573816
0.662
0.190208
0.650545
0.0953605
0.662
0.603186
0.19667
0.0816979
0.201406
0.0560441
0.662
0.199854
0.0459962
0.662
0.316672
0.215193
0.473383
0.662
0.125285
0.0129332
0.65012
0.199194
0.0334286
0.427773
0.319507
0.186772
0.299265
0.559165
0.436422
0.126886
0.662
0.220033
0.123341
0.0792605
0.662
0.181249
0.662
0.662
0.371157
0.0927983
0.230201
0.545469
0.356874
0.2338
0.249473
0.361164
0.662
0.19364
0.41046
0.301758
0.662
0.374737
0.536419
0.662
0.662
0.197002
0.0345463
0.662
0.662
0.483088
0.662
0.662
0.0663461
0.462918
0.307925
0.662
0.626749
0.132233
0.180315
0.248079
0.190315
0.431436
0.662
0.151733
0.244902
0.434733
0.358048
0.662
0.410781
0.662
0.662
0.104801
0.662
0.215828
0.200272
0.662
0.173399
0.43658
0.438126
0.0984012
0.472163
0.662
0.631817
0.285224
0.43067
0.662
0.662
0.662
0.662
0.514286
0.33023
0.349723
0.517079
0.443153
0.137734
0.388244
0.662
0.011641
0.296049
0.662
0.445557
0.146268
0.267454
0.125337
0.396366
0.662
0.152261
0.662
0.488
0.298059
0.662
0.570536
0.662
0.662
0.339184
0.662
0.439268
0.662
0.113563
0.662
0.265666
0.18921
0.662
0.133335
0.0370035
0.459961
0.662
0.662
0.662
0.662
0.216735
0.662
0.662
0.662
0.12981
0.071523
0.381421
0.662
0.112212
0.394597
0.384219
0.662
0.662
0.643395
0.197451
0.244069
0.415223
0.115916
0.662
0.662
0.263412
0.662
0.662
0.320209
0.197251
0.662
0.0343854
0.543208
0.0322207
0.00839167
0.0108054
0.325604
0.228782
0.189315
0.162796
0.329252
0.229303
0.176611
0.269755
0.662
0.199636
0.0853315
0.662
0.311642
0.247657
0.030548
0.662
0.352672
0.662
0.662
0.260903
0.333213
0.662
0.52016
0.148813
0.518328
0.176194
0.662
0.662
0.662
0.242548
0.173096
0.485582
0.0439933
0.266594
0.218671
0.32728
0.662
0.662
0.64549
0.221214
0.609245
0.289384
0.662
0.376262
0.305303
0.401511
0.0763617
0.20951
0.309376
0.662
0.142987
0.208596
0.0497457
0.662
0.0443131
0.435878
0.23041
0.151276
0.0216266
0.370929
0.250943
0.433917
0.222743
0.4598
0.0936206
0.662
0.662
0.429241
0.298724
0.128528
0.662
0.662
0.364483
0.662
0.512132
0.376304
0.662
0.662
0.662
0.189566
0.155285
0.0763559
0.326185
0.458052
0.346326
0.208717
0.662
0.662
0.622818
0.0146182
0.133181
0.662
0.202514
0.554286
0.662
0.662
0.662
0.128345
0.662
0.559261
0.470483
0.405956
0.0826678
0.662
0.662
0.662
0.0150938
0.662
0.54825
0.662
0.662
0.662
0.662
0.218121
0.184626
0.0904345
0.662
0.161554
0.662
0.328289
0.662
0.0193779
0.662
0.662
0.0988795
0.662
0.306608
0.390884
0.662
0.188975
0.662
0.662
0.242337
0.321802
0.354706
0.484495
0.662
0.662
0.0394329
0.662
0.437413
0.104517
0.502315
0.477101
0.662
0.662
0.190718
0.120396
0.456664
0.662
0.662
0.0471418
0.526299
0.432983
0.662
0.662
0.253757
0.192085
0.662
0.110933
0.165185
0.662
0.511445
0.186869
0.662
0.662
0.466567
0.455562
0.662
0.561448
0.662
0.173079
0.287913
0.662
0.662
0.662
0.185209
0.428532
0.283786
0.456718
0.155078
0.122327
0.662
0.662
0.662
0.226935
0.408332
0.662
0.615454
0.662
0.376321
0.187044
0.662
0.146105
0.321208
0.434645
0.611211
0.398441
0.28199
0.231854
0.662
0.160338
0.662
0.114696
0.416738
0.615261
0.662
0.662
0.662
0.662
0.244647
0.40975
0.448072
0.231725
0.662
0.261887
0.248753
0.23818
0.662
0.662
0.398467
0.450506
0.662
0.662
0.637397
0.496646
0.175783
0.06912
0.0187756
0.146442
0.662
0.0650495
0.27237
0.120582
0.662
0.205963
0.0771491
0.414985
0.662
0.307454
0.157565
0.410877
0.33901
0.319343
0.401634
0.662
0.556011
0.0129651
0.140052
0.106692
0.415406
0.662
0.662
0.483632
0.0421553
0.360293
0.485862
0.36771
0.191348
0.185226
0.181472
0.189372
0.435386
0.662
0.46699
0.170811
0.101949
0.0253647
0.662
0.160982
0.662
0.662
0.0851413
0.00786214
0.455798
0.200654
0.662
0.0155821
0.662
0.662
0.243273
0.416988
0.276885
0.662
0.662
0.354087
0.662
0.177302
0.0571207
0.441203
0.350476
0.050193
0.662
0.662
0.574855
0.226546
0.662
0.200649
0.381262
0.495653
0.377055
0.388412
0.662
0.496584
0.662
0.662
0.662
0.662
0.429754
0.256695
0.662
0.662
0.662
0.236592
0.377509
0.180104
0.29743
0.662
0.662
0.662
0.526162
0.662
0.662
0.606581
0.193364
0.662
0.405814
0.662
0.296628
0.286597
0.1689
0.383844
0.662
0.0809448
0.662
0.662
0.0313774
0.459323
0.662
0.662
0.662
0.662
0.662
0.662
0.246187
0.224699
0.662
0.662
0.208782
0.662
0.382094
0.390833
0.662
0.382837
0.372887
0.322777
0.662
0.183141
0.29267
0.221489
0.662
0.0335637
0.662
0.662
0.662
0.076681
0.0363552
0.00219869
0.662
0.625032
0.374076
0.662
0.162149
0.662
0.351833
0.375652
0.662
0.433706
0.090365
0.168108
0.441486
0.168805
0.662
0.3492
0.354624
0.243079
0.662
0.263063
0.3833
0.396347
0.662
0.343283
0.662
0.662
0.488002
0.604803
0.463312
0.245085
0.328696
0.426124
0.311885
0.509425
0.212537
0.277341
0.302797
0.340661
0.33271
0.662
0.13524
0.662
0.45222
0.662
0.160549
0.326301
0.662
0.620593
0.662
0.305242
0.043621
0.662
0.166363
0.543511
0.189827
0.662
0.396422
0.109367
0.662
0.0716326
0.662
0.523663
0.662
0.184554
0.662
0.173236
0.326053
0.0579698
0.152396
0.662
0.40965
0.662
0.662
0.662
0.0746964
0.662
0.211552
0.662
0.406347
0.662
0.662
0.435997
0.112367
0.235585
0.411469
0.484597
0.662
0.387454
0.186306
0.336828
0.435199
0.662
0.662
0.61021
0.0652402
0.433943
0.022054
0.404246
0.0176964
0.513493
0.100789
0.123562
0.199534
0.0781549
0.182688
0.662
0.662
0.0512772
0.0409825
0.662
0.300301
0.202373
0.662
0.367106
0.662
0.276765
0.662
0.260238
0.662
0.662
0.0244462
0.662
0.430002
0.617577
0.129768
0.662
0.318521
0.398278
0.0183819
0.662
0.503119
0.113581
0.597187
0.662
0.295668
0.662
0.272104
0.411246
0.22072
0.662
0.0887692
0.662
0.662
0.0183539
0.0753122
0.662
0.294905
0.322573
0.340263
0.662
0.495006
0.47599
0.208217
0.662
0.662
0.247846
0.662
0.449211
0.170469
0.191993
0.0804026
0.203077
0.144973
0.47003
0.351844
0.662
0.224979
0.567673
0.662
0.662
0.285142
0.662
0.00956104
0.1381
0.0343931
0.300728
0.0238419
0.662
0.214599
0.662
0.662
0.340976
0.662
0.662
0.111916
0.662
0.528175
0.568877
0.0144822
0.178929
0.662
0.545226
0.155847
0.071435
0.0187229
0.436142
0.662
0.192855
0.0805699
0.431575
0.535136
0.662
0.330473
0.662
0.330616
0.486001
0.347744
0.553347
0.662
0.123553
0.204503
0.662
0.662
0.662
0.662
0.147943
0.41432
0.251107
0.662
0.440876
0.453096
0.366397
0.662
0.297593
0.453886
0.662
0.662
0.0957102
0.662
0.662
0.662
0.662
0.253904
0.43995
0.125891
0.056463
0.0888809
0.662
0.662
0.662
0.104408
0.359247
0.432137
0.609191
0.474383
0.395817
0.0778471
0.662
0.526876
0.292533
0.626519
0.139245
0.662
0.014309
0.662
0.662
0.194188
0.54257
0.662
0.478527
0.662
0.149179
0.662
0.662
0.662
0.205038
0.662
0.272353
0.583311
0.191651
0.662
0.0571394
0.253966
0.357693
0.0988079
0.662
0.144668
0.662
0.36784
0.271305
0.662
0.662
0.180875
0.393648
0.0305507
0.662
0.442335
0.490361
0.662
0.662
0.0233411
0.662
0.662
0.497008
0.198791
0.449696
0.177975
0.662
0.662
0.662
0.662
0.662
0.662
0.662
0.250938
0.319465
0.222863
0.662
0.1061
0.662
0.662
0.0893215
0.223886
0.436197
0.309935
0.549391
0.186848
0.298208
0.662
0.11218
0.662
0.464578
0.662
0.299345
0.662
0.277446
0.44021
0.187289
0.662
0.546585
0.662
0.195395
0.0780898
0.662
0.166378
0.662
0.292362
0.42913
0.662
0.662
0.662
0.0890319
0.0177396
0.44405
0.460585
0.662
0.254918
0.208196
0.291573
0.119854
0.662
0.208634
0.192146
0.122998
0.662
0.662
0.662
0.298882
0.59126
0.592877
0.231602
0.387334
0.662
0.390104
0.662
0.662
0.613217
0.177526
0.429044
0.662
0.319224
0.285416
0.266627
0.378082
0.662
0.580536
0.315167
0.311469
0.230244
0.16043
0.662
0.662
0.60287
0.611432
0.662
0.236939
0.425492
0.662
0.63339
0.239116
0.00394755
0.103903
0.403697
0.140297
0.407138
0.127131
0.0996439
0.662
0.662
0.662
0.499588
0.662
0.459124
0.345365
0.478379
0.662
0.447835
0.642787
0.662
0.662
0.662
0.662
0.286278
0.471413
0.662
0.662
0.662
0.401633
0.662
0.662
0.662
0.428201
0.662
0.452717
0.333562
0.349149
0.662
0.25255
0.280729
0.304802
0.662
0.428649
0.662
0.662
0.0938581
0.0993418
0.662
0.280177
0.286215
0.662
0.168764
0.662
0.0187118
0.662
0.37898
0.188569
0.130253
0.662
0.190877
0.138786
0.213086
0.662
0.395784
0.378636
0.599974
0.449138
0.478801
0.662
0.181962
0.390124
0.642269
0.319881
0.15319
0.225885
0.551881
0.204305
0.208043
0.662
0.3435
0.398679
0.662
0.12198
0.278699
0.662
0.662
0.28874
0.225825
0.662
0.662
0.662
0.103546
0.662
0.232516
0.662
0.281852
0.0829729
0.662
0.546715
0.662
0.0847041
0.154994
0.595476
0.662
0.662
0.147211
0.662
0.135679
0.427187
0.662
0.662
0.662
0.662
0.433155
0.662
0.254476
0.303133
0.421511
0.33716
0.095912
0.448842
0.23248
0.662
0.179818
0.200033
0.662
0.389163
0.662
0.345359
0.662
0.662
0.662
0.198819
0.316323
0.13
0.434443
0.61066
0.0734649
0.662
0.592517
0.0729016
0.200842
0.231735
0.0602285
0.620157
0.370011
0.662
0.12341
0.662
0.0111775
0.254017
0.662
0.040989
0.35895
0.534198
0.294325
0.377493
0.662
0.0440327
0.49454
0.662
0.39486
0.290049
0.662
0.241526
0.4033
0.424635
0.662
0.358651
0.0896487
0.662
0.186681
0.199136
0.662
0.475444
0.543849
0.662
0.662
0.300827
0.057035
0.662
0.0307193
0.662
0.662
0.662
0.167794
0.220179
0.302265
0.662
0.415841
0.483372
0.416065
0.662
0.220773
0.00849308
0.308662
0.0322643
0.317445
0.300307
0.662
0.662
0.662
0.662
0.207437
0.277871
0.662
0.192747
0.662
0.194178
0.237983
0.662
0.662
0.662
0.21684
0.0427177
0.662
0.662
0.662
0.662
0.249958
0.0381757
0.212539
0.295367
0.043892
0.0773531
0.393909
0.336094
0.642196
0.662
0.411769
0.662
0.163394
0.662
0.662
0.241601
0.662
0.662
0.662
0.306817
0.662
0.267856
0.534655
0.662
0.662
0.085574
0.575687
0.662
0.566081
0.662
0.662
0.357711
0.291753
0.0755168
0.662
0.662
0.129129
0.0773585
0.334033
0.196644
0.234945
0.467869
0.219109
0.16789
0.333905
0.0261468
0.662
0.248563
0.397491
0.662
0.390872
0.662
0.367885
0.231497
0.0148314
0.365691
0.124672
0.0844772
0.350185
0.662
0.662
0.299984
0.47706
0.475379
0.662
0.0730634
0.280664
0.273042
0.166476
0.662
0.341047
0.328605
0.2517
0.140146
0.662
0.662
0.358913
0.209225
0.662
0.662
0.176273
0.300532
0.0111622
0.101031
0.662
0.429438
0.464199
0.103714
0.662
0.150302
0.359226
0.662
0.662
0.662
0.662
0.662
0.216458
0.662
0.270895
0.662
0.662
0.662
0.662
0.196994
0.662
0.662
0.662
0.662
0.662
0.369812
0.220566
0.351112
0.662
0.221769
0.647312
0.329478
0.662
0.465482
0.102208
0.167778
0.168482
0.662
0.662
0.349427
0.662
0.0217562
0.662
0.662
0.193744
0.662
0.662
0.662
0.0467375
0.662
0.0904168
0.662
0.662
0.662
0.511281
0.438569
0.662
0.0278438
0.548246
0.264821
0.642147
0.161062
0.662
0.662
0.276047
0.208301
0.190978
0.0283763
0.321408
0.235274
0.662
0.153889
0.662
0.371729
0.0880879
0.662
0.436026
0.420384
0.662
0.199997
0.269342
0.161642
0.568794
0.662
0.00382992
0.128653
0.476871
0.309285
0.662
0.33661
0.662
0.435927
0.253993
0.662
0.404254
0.309475
0.662
0.662
0.126564
0.454159
0.029909
0.460939
0.321701
0.662
0.0459863
0.179413
0.662
0.211757
0.649126
0.0189558
0.358655
0.528047
0.456351
0.662
0.193399
0.662
0.662
0.435586
0.662
0.383531
0.137789
0.662
0.397597
0.500486
0.400549
0.662
0.341505
0.303929
0.662
0.662
0.662
0.200926
0.525275
0.131965
0.662
0.641119
0.55697
0.662
0.636561
0.656902
0.662
0.341235
0.175524
0.47302
0.0269471
0.359754
0.662
0.385063
0.524511
0.165912
0.662
0.662
0.194216
0.117425
0.662
0.662
0.662
0.188307
0.287817
0.401924
0.0114182
0.532371
0.173618
0.662
0.178513
0.0985518
0.662
0.633391
0.00402883
0.0843245
0.0210864
0.209182
0.662
0.662
0.662
0.662
0.111509
0.662
0.182146
0.140666
0.271518
0.662
0.19918
0.541759
0.662
0.416247
0.662
0.222828
0.0464715
0.030347
0.662
0.145944
0.216808
0.662
0.195909
0.0706246
0.605973
0.485352
0.662
0.133408
0.472612
0.662
0.198611
0.463982
0.662
0.139889
0.662
0.187212
0.662
0.662
0.662
0.662
0.501654
0.662
0.662
0.24535
0.477471
0.107988
0.662
0.183159
0.662
0.390186
0.0846065
0.167888
0.0251903
0.38467
0.373752
0.361993
0.662
0.0198326
0.662
0.381135
0.662
0.299089
0.207251
0.150752
0.280412
0.201097
0.244704
0.662
0.662
0.662
0.662
0.638284
0.662
0.0967526
0.213894
0.662
0.662
0.0195254
0.459633
0.25045
0.455156
0.284608
0.623477
0.662
0.012718
0.662
0.261386
0.662
0.222828
0.259058
0.479907
0.527931
0.151212
0.662
0.662
0.384692
0.662
0.662
0.264063
0.662
0.327845
0.318243
0.206715
0.175634
0.662
0.284422
0.662
0.662
0.562191
0.662
0.662
0.426949
0.381476
0.662
0.316476
0.452778
0.16628
0.662
0.0271361
0.662
0.0483776
0.263472
0.19421
0.102203
0.662
0.662
0.662
0.281027
0.662
0.662
0.662
0.253331
0.662
0.35696
0.281031
0.616879
0.171941
0.0979931
0.0234959
0.295075
0.662
0.218687
0.662
0.253965
0.160994
0.662
0.463398
0.193458
0.247321
0.0513477
0.613382
0.662
0.185548
0.662
0.147518
0.353083
0.662
0.273562
0.307316
0.662
0.662
0.662
0.662
0.237707
0.263233
0.388907
0.413631
0.31364
0.662
0.194556
0.662
0.0466903
0.00822725
0.335509
0.347076
0.662
0.662
0.662
0.469168
0.373996
0.208046
0.662
0.662
0.258347
0.283974
0.542292
0.350811
0.425332
0.0269759
0.158176
0.125284
0.289184
0.662
0.281972
0.662
0.662
0.662
0.662
0.262497
0.662
0.581762
0.662
0.662
0.443234
0.227816
0.639981
0.662
0.0357814
0.662
0.149064
0.296439
0.662
0.662
0.264374
0.662
0.109112
0.226845
0.662
0.662
0.240936
0.662
0.0643013
0.450465
0.662
0.293724
0.662
0.662
0.261348
0.166435
0.662
0.662
0.162496
0.662
0.439058
0.662
0.102623
0.301925
0.650315
0.662
0.205491
0.239705
0.662
0.662
0.0694183
0.204428
0.662
0.159374
0.538466
0.570478
0.662
0.48643
0.662
0.399128
0.418907
0.442133
0.426879
0.38283
0.662
0.662
0.461348
0.662
0.354751
0.662
0.154027
0.65778
0.135805
0.662
0.662
0.662
0.480458
0.269835
0.135053
0.156159
0.662
0.423146
0.57759
0.662
0.614515
0.471267
0.559812
0.662
0.662
0.457054
0.520368
0.276496
0.662
0.334136
0.662
0.662
0.342184
0.143993
0.662
0.510545
0.662
0.274807
0.282594
0.662
0.165852
0.43674
0.196828
0.662
0.31673
0.515017
0.662
0.172592
0.662
0.0647848
0.662
0.0541419
0.491401
0.0170223
0.604636
0.505158
0.662
0.458115
0.564429
0.194005
0.284712
0.586567
0.413444
0.239461
0.208375
0.209012
0.281036
0.662
0.662
0.465213
0.662
0.227212
0.662
0.662
0.662
0.662
0.662
0.0806294
0.662
0.556334
0.253059
0.662
0.34183
0.139571
0.00509634
0.256383
0.189426
0.423955
0.567201
0.662
0.0053116
0.11472
0.270461
0.047657
0.467956
0.342767
0.298133
0.205139
0.406345
0.662
0.662
0.662
0.353729
0.662
0.63884
0.662
0.662
0.117179
0.00121437
0.50329
0.0992497
0.240701
0.440271
0.389806
0.662
0.1944
0.345286
0.662
0.662
0.463221
0.0793882
0.227435
0.351093
0.662
0.395973
0.662
0.662
0.36776
0.102032
0.0224024
0.662
0.662
0.00536452
0.662
0.662
0.033305
0.662
0.662
0.662
0.662
0.425808
0.100744
0.662
0.24201
0.662
0.662
0.662
0.370409
0.205548
0.421537
0.0899652
0.633925
0.662
0.347578
0.333149
0.13532
0.662
0.662
0.662
0.0199007
0.662
0.662
0.0938499
0.172392
0.662
0.429609
0.662
0.662
0.662
0.321262
0.350618
0.662
0.14451
0.662
0.185653
0.662
0.0369558
0.156902
0.566837
0.146396
0.662
0.491831
0.253098
0.662
0.493362
0.662
0.482352
0.514189
0.54332
0.368661
0.0532605
0.453363
0.179421
0.410955
0.0556038
0.197717
0.25374
0.251313
0.26073
0.277564
0.311012
0.340523
0.52991
0.252373
0.662
0.662
0.662
0.662
0.662
0.2413
0.662
0.662
0.662
0.662
0.662
0.258905
0.368547
0.662
0.662
0.0768607
0.662
0.118302
0.10067
0.662
0.662
0.298672
0.662
0.203478
0.464036
0.477237
0.201855
0.662
0.662
0.174349
0.56787
0.346305
0.0423154
0.662
0.173363
0.123079
0.662
0.662
0.0883764
0.33106
0.662
0.204424
0.419018
0.223732
0.242022
0.662
0.226562
0.662
0.10721
0.320355
0.662
0.662
0.378168
0.385683
0.0788525
0.662
0.319491
0.490943
0.345182
0.662
0.138311
0.234397
0.662
0.13481
0.619639
0.425961
0.399127
0.166522
0.662
0.662
0.662
0.387737
0.391002
0.662
0.662
0.662
0.161672
0.439914
0.230464
0.229789
0.662
0.662
0.545335
0.404975
0.662
0.517084
0.189467
0.109049
0.662
0.662
0.662
0.469802
0.662
0.495953
0.0985787
0.0365125
0.00389642
0.662
0.337651
0.462519
0.662
0.308307
0.418807
0.213193
0.229991
0.0545674
0.662
0.662
0.662
0.0620473
0.426321
0.662
0.662
0.29493
0.662
0.120313
0.578873
0.381016
0.112217
0.0764517
0.138278
0.239085
0.662
0.269101
0.662
0.662
0.0515075
0.0870699
0.121003
0.662
0.282177
0.259906
0.336661
0.662
0.403368
0.662
0.11135
0.662
0.662
0.662
0.0358708
0.662
0.273984
0.662
0.335262
0.0786023
0.662
0.101717
0.276039
0.40996
0.662
0.662
0.337965
0.177363
0.662
0.329091
0.0883157
0.514411
0.266145
0.409746
0.215746
0.252608
0.662
0.262233
0.291839
0.485871
0.381718
0.190357
0.662
0.662
0.192569
0.662
0.662
0.335152
0.349104
0.662
0.272759
0.543089
0.312562
0.662
0.452895
0.511129
0.272108
0.516597
0.389546
0.662
0.360942
0.17245
0.297802
0.523309
0.391456
0.507203
0.662
0.431965
0.336633
0.197635
0.422236
0.267059
0.662
0.204692
0.262817
0.662
0.378797
0.518386
0.18609
0.662
0.662
0.147097
0.423002
0.662
0.499877
0.462305
0.138959
0.230119
0.44832
0.460127
0.626173
0.144146
0.662
0.286352
0.348903
0.662
0.662
0.662
0.636505
0.0316685
0.662
0.617631
0.321464
0.604858
0.662
0.216594
0.360742
0.662
0.193071
0.427732
0.39317
0.265719
0.443259
0.07915
0.662
0.662
