0.24262
0.274626
0.662
0.618487
0.308353
0.662
0.441703
0.662
0.587114
0.220189
0.662
0.201025
0.560983
0.313651
0.115231
0.233548
0.662
0.556507
0.662
0.483206
0.00604369
0.223624
0.551859
0.662
0.184284
0.198852
0.662
0.107954
0.305018
0.662
0.601509
0.0562287
0.0315034
0.662
0.461837
0.440343
0.469661
0.461789
0.0326116
0.662
0.291633
0.355189
0.542652
0.662
0.18546
0.662
0.662
0.662
0.662
0.662
0.448334
0.40777
0.194509
0.662
0.224153
0.662
0.376319
0.662
0.190939
0.231621
0.0820396
0.662
0.520406
0.558601
0.662
0.240427
0.421221
0.528152
0.0924174
0.662
0.662
0.255849
0.261689
0.662
0.644135
0.662
0.456789
0.162484
0.662
0.662
0.0970984
0.327883
0.662
0.315483
0.196941
0.662
0.662
0.585486
0.662
0.662
0.662
0.360103
0.217617
0.429123
0.662
0.469057
0.0324595
0.209776
0.662
0.662
0.662
0.239694
0.244253
0.210084
0.201518
0.203918
0.662
0.662
0.363807
0.662
0.354546
0.662
0.57027
0.652652
0.22272
0.662
0.445602
0.382925
0.662
0.472105
0.232146
0.159405
0.662
0.193412
0.00198872
0.262847
0.225706
0.197474
0.394892
0.185023
0.568765
0.662
0.662
0.662
0.662
0.662
0.662
0.0202641
0.10329
0.662
0.464046
0.35185
0.216669
0.662
0.662
0.662
0.228941
0.584448
0.249236
0.662
0.537537
0.662
0.135816
0.662
0.0939863
0.662
0.252712
0.196883
0.0912001
0.203654
0.662
0.119437
0.297315
0.40597
0.0591354
0.662
0.319099
0.662
0.356692
0.308422
0.545414
0.140565
0.50325
0.662
0.250972
0.191055
0.600707
0.19164
0.662
0.662
0.653928
0.154415
0.308773
0.262175
0.662
0.243576
0.137714
0.346894
0.530808
0.117031
0.411567
0.662
0.614647
0.662
0.662
0.388642
0.551332
0.662
0.391689
0.662
0.295268
0.662
0.0815309
0.191309
0.126628
0.0119818
0.662
0.662
0.118248
0.408232
0.312246
0.662
0.0396389
0.280716
0.20971
0.662
0.212886
0.256595
0.561228
0.27281
0.662
0.662
0.662
0.662
0.622736
0.662
0.662
0.662
0.629133
0.0639585
0.228183
0.662
0.436895
0.170877
0.422283
0.245407
0.662
0.662
0.150815
0.36347
0.662
0.662
0.285278
0.662
0.302807
0.412563
0.311877
0.302037
0.356711
0.662
0.277823
0.423818
0.364594
0.662
0.0131538
0.662
0.662
0.662
0.662
0.072546
0.0508605
0.662
0.16756
0.279411
0.319965
0.662
0.662
0.60653
0.146275
0.662
0.29474
0.208737
0.662
0.662
0.245599
0.169843
0.0186662
0.204671
0.0332847
0.237846
0.0345267
0.662
0.141113
0.662
0.662
0.100589
0.641549
0.662
0.662
0.149532
0.213148
0.662
0.0115534
0.662
0.281155
0.661374
0.237804
0.662
0.662
0.0880779
0.0873204
0.662
0.662
0.410523
0.565262
0.465306
0.662
0.558049
0.194965
0.283388
0.324243
0.662
0.617175
0.662
0.606709
0.580616
0.197002
0.662
0.662
0.137962
0.662
0.662
0.662
0.574546
0.348406
0.642382
0.662
0.662
0.177305
0.147368
0.310765
0.662
0.430302
0.662
0.135261
0.350093
0.656014
0.0668908
0.00964761
0.662
0.543806
0.609443
0.440688
0.266343
0.337464
0.497149
0.662
0.0713097
0.398822
0.662
0.372254
0.0660672
0.521879
0.662
0.662
0.662
0.425545
0.662
0.513811
0.549314
0.624007
0.662
0.662
0.662
0.607435
0.361226
0.0284802
0.490173
0.662
0.476607
0.292658
0.475439
0.279133
0.662
0.59456
0.133576
0.152111
0.662
0.535934
0.662
0.662
0.662
0.362095
0.662
0.0532134
0.043064
0.662
0.662
0.662
0.322077
0.269263
0.0986885
0.26178
0.0557999
0.192958
0.121515
0.0564865
0.215528
0.22562
0.445017
0.288281
0.662
0.152184
0.020472
0.662
0.662
0.662
0.171604
0.662
0.234693
0.208956
0.0381686
0.662
0.199695
0.233886
0.314844
0.662
0.433516
0.480699
0.662
0.0968975
0.464051
0.662
0.662
0.545975
0.56952
0.389036
0.189851
0.288852
0.628862
0.662
0.252043
0.662
0.0433646
0.266375
0.662
0.137587
0.422805
0.662
0.612813
0.662
0.396692
0.188421
0.440325
0.0425556
0.123148
0.606399
0.0725829
0.519907
0.366842
0.0424604
0.662
0.437687
0.364989
0.662
0.22436
0.644801
0.662
0.662
0.273302
0.274019
0.631398
0.293835
0.662
0.662
0.638944
0.421267
0.662
0.250707
0.36137
0.0496624
0.287891
0.662
0.413676
0.662
0.374029
0.662
