0.662
0.186801
0.24615
0.541418
0.519343
0.0517868
0.655766
0.662
0.191775
0.662
0.662
0.315997
0.662
0.235621
0.237565
0.373985
0.416223
0.0324591
0.611799
0.662
0.242949
0.421604
0.181136
0.624288
0.616517
0.286598
0.662
0.336696
0.323338
0.608913
0.658914
0.662
0.662
0.662
0.185317
0.393936
0.662
0.117336
0.0228724
0.124558
0.660357
0.382012
0.231703
0.662
0.28115
0.0150484
0.662
0.430944
0.662
0.620374
0.490281
0.286918
0.227876
0.636521
0.519874
0.286013
0.611535
0.187282
0.118654
0.14264
0.173731
0.371179
0.311449
0.423025
0.662
0.279236
0.601325
0.662
0.417098
0.217209
0.473451
0.390678
0.251921
0.14292
0.633693
0.337705
0.138282
0.471928
0.119477
0.662
0.225806
0.145014
0.399236
0.662
0.268217
0.213542
0.226874
0.662
0.662
0.662
0.400613
0.275393
0.212977
0.662
0.435535
0.450852
0.651141
0.662
0.662
0.58527
0.207071
0.492858
0.412675
0.535921
0.434822
0.662
0.662
0.247991
0.0693103
0.662
0.0479595
0.422113
0.662
0.662
0.201028
0.172032
0.37017
0.226723
0.231158
0.662
0.662
0.662
0.662
0.415104
0.662
0.300632
0.612055
0.200599
0.387575
0.236326
0.662
0.409951
0.194811
0.659506
0.461703
0.449298
0.662
0.190872
0.45302
0.662
0.324541
0.228948
0.662
0.653329
0.184594
0.662
0.535981
0.662
0.243792
0.662
0.588063
0.119005
0.130876
0.290223
0.50257
0.134306
0.304701
0.662
0.426099
0.167569
0.218483
0.33425
0.0631952
0.517145
0.662
0.331999
0.662
0.100246
0.662
0.566879
0.662
0.658974
0.662
0.658993
0.314759
0.300839
0.662
0.068741
0.610081
0.0622164
0.0265388
0.106061
0.662
0.662
0.181313
0.146073
0.304392
0.662
0.00446524
0.662
0.375873
0.00780502
0.354276
0.137957
0.662
0.662
0.662
0.432936
0.662
0.444936
0.135922
0.441067
0.662
0.000865398
0.340047
0.358605
0.253626
0.287262
0.138359
0.397251
0.662
0.662
0.653274
0.217485
0.611011
0.660235
0.323528
0.211993
0.189131
0.531199
0.352857
0.662
0.209663
0.0734828
0.243503
0.662
0.662
0.237512
0.227125
0.662
0.364474
0.482714
0.362173
0.50189
0.00806404
0.453308
0.363885
0.662
0.662
0.21801
0.645715
0.287126
0.662
0.662
0.292919
0.352423
0.649023
0.662
0.662
0.432511
0.660131
0.662
0.134673
0.387212
0.499104
0.278399
0.662
0.40347
0.23109
0.662
0.662
0.0612675
0.102142
0.231297
0.593912
0.386183
0.0171856
0.548404
0.662
0.164883
0.662
0.660619
0.662
0.329965
0.662
0.662
0.351294
0.662
0.189639
0.361693
0.662
0.662
0.61324
0.537609
0.662
0.45634
0.271228
0.0308915
0.42489
0.113267
0.662
0.157998
0.140527
0.387418
0.662
0.141936
0.443236
0.648711
0.0115331
0.267776
0.662
0.0663002
0.623848
0.246679
0.662
0.188843
0.662
0.12006
0.0434945
0.502295
0.286236
0.0441992
0.662
0.29715
0.662
0.159982
0.662
0.199593
0.662
0.30893
0.0772076
0.135948
0.464009
0.662
0.447424
0.263603
0.548245
0.662
0.268857
0.613488
0.662
0.195846
0.493969
0.662
0.433784
0.662
0.211026
0.662
0.662
0.417824
0.662
0.110455
0.662
0.107976
0.541596
0.662
0.0854894
0.419995
0.424768
0.140296
0.24863
0.301097
0.252838
0.662
0.662
0.662
0.404792
0.446275
0.521069
0.195265
0.399323
0.102893
0.504276
0.662
0.662
0.320654
0.0882487
0.00971443
0.275599
0.51525
0.662
0.021362
0.662
0.205632
0.644624
0.0717579
0.648764
0.0397092
0.662
0.383265
0.662
0.321629
0.30217
0.312351
0.662
0.662
0.148255
0.429749
0.259721
0.360809
0.662
0.130804
0.163423
0.405397
0.262526
0.662
0.100668
0.662
0.662
0.508381
0.114709
0.120555
0.45779
0.577999
0.205853
0.662
0.352475
0.662
0.377567
0.157182
0.662
0.335633
0.101077
0.662
0.605508
0.662
0.643729
0.122708
0.197934
0.402912
0.662
0.0216625
0.662
0.662
0.362329
0.53079
0.662
0.662
0.301086
0.610148
0.662
0.288324
0.662
0.662
0.455874
0.322412
0.495869
0.662
0.109078
0.101416
0.225455
0.402861
0.662
0.662
0.631775
0.58175
0.662
0.662
0.252799
0.224509
0.143438
0.327527
0.0327884
0.382545
0.662
0.473317
0.62356
0.373842
0.576854
0.662
0.118935
0.207455
0.592154
0.0214035
0.462915
0.662
0.00560857
0.662
0.662
0.480053
0.662
0.340011
0.156831
0.662
0.229377
0.519988
0.529056
0.662
0.662
0.631602
0.662
0.662
0.662
0.206392
0.624491
0.662
0.473155
0.662
0.0557818
0.472114
0.0307763
0.559633
0.637559
0.662
0.433613
0.662
0.174305
0.662
0.662
0.0951567
0.596281
0.282663
0.662
0.662
0.662
0.547572
0.662
0.113361
0.459765
0.207665
0.631453
0.44026
0.63616
0.174305
0.087915
0.327193
0.0272738
0.170248
0.188103
0.0871151
0.00597785
0.0877389
0.181727
0.60838
0.478691
0.456191
0.662
0.167599
0.2259
0.662
0.662
0.662
0.0228008
0.662
0.352825
0.662
0.662
0.387116
0.662
0.264455
0.662
0.0191451
0.401319
0.540495
0.421296
0.662
0.160759
0.170921
0.567315
0.4765
0.431387
0.382819
0.483264
0.427669
0.322352
0.211597
0.417185
0.290263
0.530121
0.331214
0.0252367
0.460693
0.325207
0.076848
0.662
0.336578
0.581638
0.662
0.662
0.630755
0.442231
0.627352
0.443799
0.41724
0.303493
0.662
0.0127021
0.130544
0.134717
0.234193
0.139877
0.447221
0.662
0.468633
0.282032
0.421233
0.306715
0.662
0.582825
0.224055
0.180607
0.207006
0.164954
0.0456789
0.0511693
0.576008
0.662
0.662
0.434134
0.209313
0.0406997
0.179499
0.195236
0.662
0.186022
0.0533325
0.450101
0.372869
0.0214778
0.662
0.662
0.370492
0.281122
0.662
0.250067
0.662
0.555091
0.305548
0.662
0.375826
0.662
0.452005
0.190707
0.182223
0.662
0.662
0.124835
0.0101348
0.624457
0.52167
0.0656908
0.397066
0.305067
0.217236
0.662
0.00801363
0.662
0.070581
0.2886
0.662
0.282135
0.0883429
0.0832798
0.662
0.662
0.531332
0.4163
0.480151
0.662
0.391013
0.066572
0.662
0.220626
0.233102
0.189621
0.441832
0.64364
0.662
0.270855
0.287833
0.00203071
0.155146
0.228617
0.381228
0.629078
0.00719848
0.113391
