0.345029
0.114868
0.544487
0.0909546
0.454547
0.662
0.0402597
0.662
0.662
0.627694
0.317266
0.184459
0.259169
0.234937
0.158638
0.137431
0.662
0.299822
0.464201
0.202333
0.662
0.2264
0.228262
0.477604
0.372184
0.4667
0.0336128
0.662
0.196547
0.411663
0.133072
0.233339
0.0146225
0.0315385
0.212602
0.199052
0.0959911
0.662
0.299402
0.480375
0.662
0.223906
0.509827
0.152422
0.411928
0.662
0.0979406
0.662
0.443186
0.662
0.589624
0.662
0.62226
0.547264
0.581777
0.303672
0.281505
0.345962
0.662
0.221819
0.472972
0.116342
0.578211
0.00801318
0.226842
0.662
0.662
0.622115
0.662
0.111519
0.367126
0.662
0.141182
0.484035
0.425271
0.0291697
0.00153127
0.662
0.662
0.0213192
0.0825016
0.662
0.235747
0.662
0.120635
0.26433
0.0909663
0.662
0.069913
0.184528
0.575174
0.662
0.223427
0.51079
0.662
0.117337
0.442959
0.174414
0.498428
0.662
0.662
0.283412
0.436411
0.662
0.662
0.63845
0.0583892
0.523115
0.381438
0.397414
0.621822
0.144635
0.63911
0.0640855
0.662
0.662
0.610779
0.247589
0.662
0.0345854
0.0877326
0.0398142
0.286181
0.184214
0.662
0.662
0.658804
0.662
0.396373
0.0258328
0.597664
0.112655
0.662
0.0424659
0.662
0.662
0.604536
0.644572
0.13574
0.067883
0.142691
0.419016
0.662
0.125503
0.636766
0.448045
0.0951038
0.24828
0.662
0.662
0.0363834
0.660638
0.190881
0.662
0.316576
0.3025
0.199892
0.396304
0.374262
0.25276
0.380029
0.437028
0.24121
0.662
0.0387194
0.662
0.662
0.662
0.241946
