0.247589
0.662
0.662
0.0387194
0.509827
0.547264
0.00153127
0.144635
0.658804
0.24828
0.498428
0.662
0.192354
0.581777
0.0877326
0.202333
0.662
0.622115
0.480375
0.0468581
0.114868
0.660638
0.0825016
0.662
0.544487
0.120635
0.662
0.142691
0.640496
0.0753906
0.662
0.549759
0.112655
0.662
0.0959911
0.367126
0.0148265
0.464201
0.234937
0.174414
0.184214
0.286181
0.235747
0.662
0.288369
0.226842
0.397414
0.662
0.662
0.662
0.216318
0.662
0.190881
0.578211
0.662
0.228262
0.4667
0.26433
0.25276
0.662
0.152422
0.62226
0.212602
0.597664
0.662
0.448045
0.13574
0.443116
0.63911
0.4249
0.662
0.662
0.662
0.46943
0.662
0.662
0.117337
0.662
0.0424659
0.345029
0.159211
0.442959
0.662
0.589624
0.411928
0.644572
0.00801318
0.46832
0.662
0.233639
0.24121
0.3025
0.662
0.437028
0.259169
0.303672
0.0979406
0.069913
0.184528
0.0336128
0.662
0.226429
0.662
0.0146225
0.380029
0.396304
0.454547
0.133072
0.0951038
0.0363834
0.575174
0.63845
0.0315385
0.662
0.610779
0.234831
0.662
0.184858
0.299822
0.281505
0.662
0.662
0.137431
0.110781
0.662
0.0968934
0.357304
0.662
0.158638
0.221819
0.621822
0.2264
0.199892
0.662
0.662
0.662
0.0402597
0.662
0.662
0.523115
0.265278
0.142811
0.241946
0.662
0.116342
0.472972
0.662
