0.65351
0.0951567
0.442218
0.183703
0.317441
0.662
0.498982
0.406011
0.101005
0.517908
0.618139
0.662
0.331434
0.433784
0.463352
0.161209
0.662
0.662
0.226329
0.341255
0.267212
0.662
0.129097
0.662
0.528667
0.606937
0.662
0.126723
0.662
0.0262517
0.541418
0.361839
0.562473
0.662
0.662
0.198464
0.662
0.662
0.629969
0.662
0.560532
0.662
0.662
0.18064
0.662
0.370557
0.662
0.662
0.662
0.559633
0.469829
0.492858
0.512434
0.425267
0.662
0.662
0.204941
0.243792
0.662
0.662
0.662
0.118654
0.0741383
0.304029
0.173529
0.324083
0.662
0.490281
0.267472
0.662
0.192227
0.662
0.662
0.610435
0.191141
0.100972
0.135586
0.220862
0.207602
0.426099
0.662
0.662
0.559339
0.152871
0.662
0.662
0.157176
0.39565
0.662
0.191535
0.109251
0.128819
0.631775
0.662
0.448249
0.662
0.662
0.205853
0.662
0.662
0.179828
0.662
0.377064
0.58527
0.662
0.450505
0.188075
0.0106245
0.185867
0.0135029
0.662
0.662
0.662
0.0692194
0.662
0.662
0.16373
0.402268
0.469777
0.284822
0.0871151
0.0132427
0.662
0.325882
0.662
0.0400652
0.662
0.662
0.662
0.404027
0.276702
0.662
0.662
0.0717216
0.41575
0.227743
0.4687
0.577454
0.648711
0.662
0.426014
0.204346
0.188279
0.309012
0.54704
0.662
0.660357
0.378331
0.662
0.662
0.544407
0.478682
0.259633
0.275426
0.00621614
0.455874
0.125839
0.662
0.210989
0.662
0.662
0.662
0.662
0.662
0.0146871
0.42175
0.261865
0.610148
0.23431
0.110104
0.662
0.608913
0.0362088
0.173254
0.662
0.662
0.662
0.437853
0.0609281
0.0592951
0.662
0.662
0.662
0.662
0.322864
0.298326
0.662
0.65697
0.662
0.662
0.662
0.609298
0.662
0.352423
0.662
0.469453
0.367182
0.189476
0.291119
0.662
0.424275
0.662
0.295267
0.609848
0.600055
0.649072
0.662
0.0171856
0.588063
0.110009
0.662
0.41013
0.0816695
0.472009
0.10695
0.453343
0.267316
0.195757
0.331409
0.413687
0.37309
0.415695
0.662
0.662
0.173141
0.662
0.0977561
0.206236
0.267189
0.662
0.551311
0.167108
0.662
0.264069
0.0695383
0.198087
0.251412
0.662
0.662
0.0514015
0.353755
0.373985
0.662
0.0766064
0.374504
0.126348
0.662
0.662
0.662
0.662
0.662
0.361549
0.662
0.208676
0.362038
0.37438
0.662
0.603346
0.405446
0.231297
0.651976
0.662
0.662
0.662
0.40362
0.0106735
0.189802
0.415692
0.662
0.111212
0.146073
0.277913
0.662
0.23683
0.604235
0.602483
0.662
0.659506
0.239339
0.18611
0.662
0.662
0.662
0.214186
0.136436
0.438644
0.100246
0.662
0.662
0.0609275
0.287744
0.171016
0.611052
0.072257
0.662
0.219176
0.662
0.293007
0.662
0.662
0.662
0.319523
0.662
0.662
0.287098
0.478691
0.662
0.362312
0.274774
0.0140115
0.336578
0.662
0.115381
0.122583
0.436003
0.662
0.662
0.662
0.662
0.662
0.662
0.0451761
0.184277
0.282224
0.234735
0.415148
0.163423
0.632005
0.662
0.136224
0.37033
0.26027
0.476578
0.529056
0.499104
0.662
0.615932
0.4775
0.0812722
0.437031
0.662
0.662
0.662
0.662
0.662
0.149875
0.341292
0.662
0.662
0.216953
0.633801
0.5701
0.597997
0.316149
0.386503
0.184675
0.436047
0.143438
0.625315
0.512356
0.053861
0.316042
0.583818
0.662
0.0633602
0.662
0.520585
0.325207
0.0772076
0.388665
0.399206
0.182786
0.00806404
0.145014
0.662
0.662
0.480099
0.662
0.579721
0.662
0.662
0.662
0.662
0.662
0.21801
0.662
0.662
0.662
0.662
0.149836
0.0630844
0.655766
0.662
0.662
0.288113
0.471376
0.662
0.2021
0.37052
0.373555
0.0230227
0.568843
0.653605
0.159701
0.311583
0.405317
0.662
0.662
0.662
0.662
0.302479
0.662
0.662
0.0466253
0.432936
0.662
0.270774
0.00719848
0.662
0.31068
0.662
0.179164
0.662
0.368992
0.662
0.645719
0.418579
0.417775
0.187527
0.0720184
0.623848
0.639855
0.0913757
0.442127
0.132103
0.396969
0.0441606
0.0932803
0.555208
0.662
0.407558
0.366553
0.662
0.598
0.662
0.379235
0.352452
0.31143
0.662
0.662
0.380968
0.217485
0.662
0.351509
0.662
0.662
0.471259
0.662
0.231158
0.378028
0.183998
0.662
0.298053
0.188735
0.278945
0.262151
0.318501
0.271228
0.662
0.087915
0.236446
0.235621
0.340011
0.662
0.65697
0.00203071
0.2019
0.662
0.662
0.662
0.165086
0.0438677
0.657469
0.120555
0.662
0.456224
0.662
0.145815
0.415617
0.662
0.640501
0.662
0.662
0.373806
0.662
0.662
0.662
0.662
0.224509
0.662
0.662
0.662
0.662
0.173731
0.102288
0.50257
0.58407
0.662
0.191941
0.662
0.0360167
0.287262
0.662
0.340525
0.255399
0.0145402
0.225455
0.662
0.662
0.606063
0.514533
0.0880924
0.0822041
0.655587
0.303145
0.126431
0.172092
0.363983
0.369037
0.212416
0.662
0.662
0.565294
0.102293
0.660619
0.626786
0.341697
0.538446
0.102346
0.662
0.653411
0.265138
0.35065
0.662
0.662
0.662
0.662
0.253138
0.259246
0.338402
0.090236
0.662
0.372869
0.450011
0.662
0.460952
0.319389
0.143709
0.101542
0.662
0.662
0.662
0.662
0.09782
0.0591735
0.188527
0.16293
0.612055
0.236044
0.662
0.593586
0.662
0.577999
0.647701
0.662
0.417185
0.662
0.662
0.662
0.662
0.350032
0.185731
0.320291
0.662
0.396661
0.314759
0.662
0.263236
0.209255
0.662
0.662
0.451363
0.286981
0.555091
0.662
0.231703
0.204213
0.0499484
0.511285
0.237565
0.662
0.276628
0.0795886
0.662
0.624491
0.517607
0.662
0.0893897
0.185935
0.590012
0.0533325
0.662
0.377647
0.30968
0.345078
0.662
0.662
0.344455
0.402861
0.194393
0.149175
0.662
0.662
0.365086
0.226723
0.368946
0.662
0.662
0.662
0.489036
0.662
0.46175
0.0832798
0.274141
0.30676
0.474537
0.662
0.0579228
0.53079
0.662
0.19539
0.351305
0.00886858
0.662
0.662
0.598544
0.10708
0.161759
0.612394
0.15598
0.662
0.340631
0.110089
0.538473
0.221933
0.662
0.124653
0.0226466
0.662
0.127297
0.388378
0.662
0.314353
0.441564
0.176511
0.399478
0.0622212
0.23054
0.662
0.56498
0.130113
0.638954
0.221507
0.662
0.0530769
0.662
0.0604593
0.256238
0.534406
0.662
0.662
0.662
0.662
0.155146
0.334346
0.121118
0.21187
0.522798
0.662
0.21239
0.397066
0.473317
0.125526
0.662
0.188103
0.657979
0.405397
0.662
0.269343
0.567267
0.400629
0.662
0.662
0.470858
0.204747
0.100668
0.364655
0.662
0.598061
0.406124
0.450943
0.662
0.515755
0.0611827
0.662
0.662
0.134639
0.191775
0.662
0.662
0.439647
0.118508
0.00184662
0.662
0.106241
0.506496
0.195821
0.255338
0.262336
0.662
0.662
0.0560619
0.662
0.662
0.162921
0.211597
0.0498885
0.187459
0.395236
0.352522
0.662
0.10587
0.466863
0.330186
0.662
0.662
0.662
0.535921
0.52167
0.228641
0.662
0.662
0.662
0.366148
0.662
0.123487
0.662
0.662
0.642789
0.531332
0.460327
0.662
0.662
0.628184
0.418348
0.254992
0.291582
0.414447
0.107184
0.149271
0.662
0.662
0.662
0.228462
0.662
0.23109
0.662
0.662
0.662
0.662
0.233102
0.164883
0.662
0.382093
0.477438
0.662
0.662
0.662
0.0794906
0.457383
0.662
0.662
0.281334
0.662
0.446856
0.4765
0.662
0.471073
0.662
0.452029
0.428515
0.188843
0.387116
0.226969
0.662
0.548603
0.212605
0.200643
0.662
0.0773521
0.237302
0.648704
0.513878
0.662
0.106803
0.662
0.662
0.295588
0.662
0.252799
0.576851
0.210561
0.608631
0.662
0.662
0.662
0.662
0.433079
0.45094
0.275167
0.131906
0.545915
0.354276
0.662
0.268624
0.662
0.662
0.662
0.637805
0.662
0.662
0.110455
0.110211
0.259326
0.662
0.56292
0.556768
0.521669
0.662
0.662
0.250067
0.468453
0.662
0.657805
0.152908
0.454742
0.272917
0.662
0.662
0.198057
0.204839
0.662
0.662
0.662
0.401856
0.286784
0.0124919
0.605808
0.277589
0.629011
0.662
0.0446473
0.662
0.662
0.249113
0.631602
0.522136
0.629612
0.662
0.662
0.165875
0.482419
0.0371083
0.312598
0.662
0.662
0.637454
0.50189
0.662
0.401319
0.370492
0.272985
0.662
0.452291
0.523743
0.244437
0.149714
0.662
0.657195
0.484844
0.662
0.475837
0.206748
0.259043
0.200772
0.662
0.182682
0.374012
0.662
0.0417661
0.252838
0.662
0.405631
0.499302
0.662
0.339071
0.611799
0.209663
0.662
0.0587617
0.155475
0.194047
0.0127021
0.399096
0.662
0.662
0.662
0.488315
0.662
0.530782
0.382799
0.112995
0.662
0.0613592
0.281254
0.400673
0.230969
0.395215
0.0122927
0.190331
0.391796
0.662
0.183329
0.258128
0.320574
0.301165
0.662
0.00876097
0.608678
0.421527
0.393615
0.662
0.17347
0.197891
0.662
0.662
0.662
0.316653
0.662
0.545135
0.662
0.662
0.591959
0.264267
0.662
0.197307
0.0740028
0.138312
0.434989
0.604144
0.119477
0.0692373
0.0734828
0.0101348
0.606361
0.662
0.428908
0.662
0.662
0.658974
0.256198
0.662
0.262526
0.205632
0.655512
0.301073
0.198445
0.662
0.662
0.662
0.255145
0.321168
0.159471
0.662
0.662
0.0622164
0.453308
0.00488645
0.14264
0.265801
0.662
0.351294
0.123188
0.290942
0.662
0.190866
0.344643
0.662
0.234677
0.662
0.662
0.0548331
9.37682e-05
0.559318
0.503884
0.166287
0.546971
0.662
0.592154
0.220691
0.120015
0.242148
0.177398
0.662
0.662
0.537742
0.662
0.228617
0.411607
0.662
0.662
0.171117
0.662
0.569872
0.514534
0.26293
0.0325801
0.490776
0.621506
0.119517
0.362262
0.662
0.662
0.0238165
0.149288
0.662
0.662
0.41724
0.662
0.113361
0.432656
0.283417
0.535981
0.234462
0.388276
0.662
0.662
0.1508
0.172032
0.444083
0.662
0.647224
0.662
0.362898
0.662
0.157998
0.662
0.662
0.495869
0.480053
0.25123
0.416428
0.662
0.569046
0.662
0.434036
0.662
0.662
0.662
0.407835
0.16745
0.21096
0.148352
0.350016
0.0165298
0.447634
0.313313
0.167561
0.662
0.662
0.268217
0.192658
0.231172
0.662
0.282032
0.320499
0.24486
0.662
0.662
0.134746
0.551749
0.156831
0.351934
0.344707
0.222198
0.459866
0.581638
0.548404
0.173927
0.662
0.0635834
0.320384
0.662
0.196444
0.113391
0.179499
0.24863
0.417254
0.284645
0.272718
0.0931731
0.352965
0.582935
0.334015
0.567466
0.212995
0.286222
0.662
0.615514
0.662
0.547065
0.392976
0.196619
0.530121
0.0425961
0.654987
0.662
0.24615
0.0406997
0.287781
0.204671
0.195226
0.662
0.0265388
0.662
0.662
0.088162
0.304179
0.662
0.474817
0.00891463
0.245628
0.197015
0.662
0.199175
0.662
0.662
0.662
0.662
0.662
0.537514
0.444734
0.628671
0.51525
0.378819
0.148296
0.497095
0.193339
0.391585
0.0562012
0.515194
0.662
0.179971
0.662
0.431831
0.662
0.662
0.180295
0.375972
0.337221
0.428539
0.371291
0.662
0.202621
0.662
0.231142
0.0219498
0.445253
0.661592
0.517145
0.306806
0.125259
0.0901174
0.18065
0.662
0.415468
0.334934
0.111133
0.156831
0.662
0.662
0.662
0.645715
0.212976
0.32093
0.140527
0.361691
0.435142
0.662
0.662
0.506331
0.197072
0.444577
0.662
0.662
0.504583
0.0182708
0.604455
0.662
0.178019
0.662
0.0126392
0.156508
0.391042
0.488625
0.385679
0.480941
0.318564
0.629763
0.662
0.662
0.662
0.400641
0.662
0.08278
0.60838
0.417098
0.162125
0.662
0.0524927
0.662
0.287126
0.070811
0.185908
0.662
0.662
0.377092
0.297472
0.405255
0.124558
0.404792
0.169049
0.662
0.662
0.29152
0.326563
0.473961
0.478657
0.489055
0.631453
0.331542
0.662
0.662
0.24003
0.141896
0.261702
0.187282
0.662
0.259121
0.658914
0.0244539
0.22538
0.00560857
0.662
0.465012
0.178328
0.311449
0.451433
0.662
0.410518
0.662
0.366501
0.113267
0.627081
0.535391
0.662
0.201652
0.224704
0.662
0.30893
0.37645
0.0438936
0.37676
0.662
0.47257
0.318312
0.108518
0.662
0.508108
0.340429
0.553257
0.140756
0.662
0.00780502
0.225836
0.662
0.662
0.626011
0.282282
0.327943
0.662
0.172067
0.431035
0.526596
0.662
0.662
0.457984
0.308573
0.662
0.662
0.151199
0.662
0.662
0.636521
0.387212
0.520962
0.662
0.662
0.182047
0.0957513
0.418006
0.457132
0.459765
0.662
0.662
0.348031
0.204777
0.63508
0.662
0.662
0.217522
0.0446028
0.480151
0.662
0.32387
0.0878796
0.662
0.603462
0.429749
0.662
0.652212
0.662
0.662
0.306638
0.662
0.526442
0.368807
0.16485
0.342223
0.347063
0.320654
0.0487087
0.232918
0.627352
0.662
0.260214
0.662
0.426611
0.0897986
0.285661
0.229377
0.372306
0.167788
0.0783208
0.662
0.21014
0.662
0.417484
0.662
0.662
0.662
0.626805
0.0783197
0.662
0.662
0.0500195
0.495191
0.173875
0.196769
0.300839
0.662
0.337705
0.662
0.649289
0.424768
0.637504
0.252646
0.525574
0.662
0.662
0.542009
0.662
0.662
0.662
0.629078
0.662
0.662
0.378698
0.662
0.193127
0.049245
0.242949
0.0656908
0.191946
0.572693
0.662
0.53407
0.113039
0.436955
0.662
0.18803
0.662
0.662
0.247991
0.0693103
0.662
0.246285
0.284331
0.662
0.212165
0.64318
0.662
0.270258
0.537609
0.662
0.388253
0.662
0.112355
0.0347488
0.197934
0.0601824
0.662
0.363561
0.477398
0.476851
0.249531
0.662
0.662
0.662
0.247731
0.548016
0.0711306
0.47751
0.282634
0.662
0.172932
0.285603
0.553494
0.136749
0.559544
0.234633
0.662
0.662
0.0902688
0.418039
0.662
0.197628
0.589792
0.582692
0.349546
0.662
0.662
0.418919
0.409491
0.662
0.303059
0.662
0.135523
0.662
0.662
0.417873
0.179043
0.662
0.0694849
0.248226
0.662
0.273617
0.0544815
0.201282
0.194093
0.147032
0.124216
0.188698
0.0279852
0.647562
0.0714309
0.662
0.453733
0.020662
0.644624
0.433934
0.219165
0.662
0.0385512
0.662
0.353125
0.662
0.662
0.00286882
0.25178
0.641438
0.662
0.662
0.662
0.576854
0.0479595
0.154404
0.189594
0.442623
0.57163
0.662
0.662
0.275576
0.597348
0.195222
0.429833
0.662
0.300704
0.187274
0.442157
0.640855
0.64364
0.560081
0.662
0.300744
0.246679
0.538427
0.662
0.152325
0.106446
0.662
0.662
0.579364
0.308837
0.494314
0.410652
0.662
0.385284
0.33425
0.662
0.662
0.662
0.154512
0.658993
0.519874
0.662
0.0877389
0.662
0.662
0.156918
0.380915
0.18379
0.386183
0.635457
0.134717
0.397834
0.388708
0.436638
0.662
0.128658
0.0472603
0.375826
0.249153
0.623389
0.0511693
0.662
0.422013
0.228753
0.662
0.496042
0.241633
0.662
0.662
0.662
0.369734
0.649023
0.072116
0.187829
0.662
0.402196
0.227191
0.662
0.662
0.662
0.662
0.662
0.662
0.662
0.200454
0.662
0.186225
0.242004
0.278064
0.360809
0.544114
0.165984
0.464811
0.662
0.225043
0.197689
0.218336
0.662
0.113582
0.204417
0.279573
0.38902
0.662
0.41937
0.662
0.662
0.662
0.0597902
0.662
0.0986641
0.280593
0.662
0.0459342
0.662
0.13352
0.662
0.427343
0.389605
0.662
0.662
0.178106
0.361557
0.570197
0.310836
0.662
0.662
0.32923
0.485903
0.624288
0.132413
0.308693
0.483264
0.231558
0.35377
0.421113
0.377737
0.662
0.662
0.444
0.140921
0.542637
0.383811
0.166074
0.662
0.644909
0.662
0.629862
0.0121438
0.567315
0.662
0.662
0.0185223
0.334034
0.0817832
0.240579
0.0028545
0.486017
0.560627
0.180233
0.0883429
0.498771
0.0785809
0.176981
0.662
0.383397
0.420918
0.186429
0.477134
0.662
0.172211
0.662
0.662
0.527965
0.169451
0.616087
0.265741
0.193168
0.395883
0.662
0.607177
0.646366
0.557412
0.344646
0.234384
0.0347375
0.37614
0.32767
0.290316
0.662
0.469987
0.376989
0.427669
0.662
0.653006
0.662
0.662
0.297776
0.662
0.402883
0.0968195
0.580123
0.662
0.251921
0.553884
0.119275
0.15052
0.662
0.42924
0.662
0.574843
0.231704
0.0434945
0.453414
0.348677
0.662
0.662
0.662
0.352475
0.662
0.212894
0.0852132
0.662
0.662
0.391053
0.662
0.662
0.482714
0.261588
0.076848
0.662
0.0667787
0.156989
0.662
0.10004
0.471806
0.662
0.396191
0.307425
0.363043
0.501995
0.633693
0.662
0.560866
0.662
0.662
0.620757
0.662
0.662
0.323528
0.222701
0.339433
0.371179
0.609269
0.662
0.662
0.662
0.611476
0.662
0.625701
0.659915
0.321629
0.341268
0.200684
0.345219
0.235539
0.475583
0.218483
0.388195
0.0101056
0.0962042
0.202159
0.662
0.620006
0.556835
0.662
0.651141
0.169587
0.30456
0.355598
0.662
0.275599
0.039072
0.327383
0.148234
0.63789
0.662
0.662
0.662
0.0964286
0.662
0.187422
0.662
0.439946
0.662
0.662
0.470344
0.430353
0.661319
0.259184
0.305005
0.587423
0.662
0.662
0.340858
0.662
0.382793
0.662
0.662
0.514253
0.399236
0.46569
0.285912
0.662
0.662
0.126218
0.662
0.264455
0.662
0.293076
0.361012
0.0489259
0.662
0.589705
0.112978
0.555005
0.33618
0.374787
0.662
0.280895
0.278878
0.393135
0.294763
0.592665
0.309473
0.358925
0.545629
0.662
0.323152
0.662
0.662
0.277746
0.662
0.580053
0.0427218
0.138807
0.577519
0.142834
0.260345
0.312885
0.504276
0.131757
0.380149
0.662
0.662
0.659708
0.348072
0.662
0.662
0.163134
0.596985
0.106061
0.662
0.662
0.662
0.569955
0.414048
0.000664317
0.244289
0.237512
0.0204488
0.662
0.317511
0.388783
0.662
0.126073
0.298442
0.483921
0.047788
0.203453
0.632275
0.179005
0.422113
0.662
0.188136
0.662
0.146668
0.398275
0.613488
0.662
0.662
0.0821006
0.662
0.662
0.224748
0.200444
0.662
0.662
0.662
0.662
0.662
0.462339
0.198502
0.662
0.133897
0.308553
0.662
0.662
0.376667
0.662
0.32938
0.293759
0.662
0.0419066
0.662
0.480189
0.662
0.662
0.205901
0.662
0.621269
0.1296
0.356385
0.111301
0.242295
0.240809
0.442432
0.0261334
0.337665
0.662
0.662
0.612234
0.0978357
0.644606
0.662
0.657705
0.0192998
0.662
0.0616677
0.216044
0.659251
0.662
0.268857
0.662
0.238116
0.031673
0.662
0.299196
0.662
0.107732
0.0987197
0.212977
0.499963
0.444936
0.203416
0.662
0.662
0.662
0.405785
0.288567
0.637559
0.181533
0.537526
0.190809
0.662
0.184623
0.474294
0.620712
0.662
0.383234
0.0880024
0.662
0.231438
0.348996
0.660235
0.662
0.662
0.662
0.407184
0.662
0.650584
0.114709
0.371532
0.157393
0.455725
0.173827
0.193527
0.320318
0.0450282
0.446255
0.391408
0.189888
0.662
0.361354
0.662
0.662
0.137452
0.662
0.662
0.330922
0.662
0.525458
0.662
0.662
0.630745
0.662
0.515861
0.662
0.662
0.662
0.662
0.662
0.662
0.33653
0.210278
0.209546
0.210382
0.402518
0.662
0.410417
0.244293
0.352825
0.662
0.142897
0.264669
0.318294
0.41248
0.175254
0.386266
0.00909349
0.400808
0.662
0.662
0.662
0.358605
0.597629
0.164168
0.326529
0.662
0.438204
0.64451
0.662
0.544847
0.193849
0.377303
0.119483
0.633882
0.662
0.0618771
0.385826
0.519988
0.211933
0.620719
0.314377
0.662
0.362551
0.21733
0.65506
0.181207
0.383505
0.648565
0.662
0.0212005
0.446147
0.258444
0.113079
0.39735
0.615992
0.0978309
0.311984
0.435209
0.0468685
0.530452
0.44026
0.662
0.662
0.662
0.0618212
0.662
0.284978
0.460883
0.186777
0.662
0.662
0.662
0.19745
0.546264
0.662
0.179347
0.662
0.280143
0.220555
0.363716
0.662
0.662
0.662
0.35334
0.662
0.34677
0.510896
0.54431
0.662
0.56589
0.662
0.662
0.192888
0.350187
0.662
0.24093
0.362723
0.397251
0.186022
0.340014
0.201187
0.14965
0.109032
0.314908
0.333144
0.442825
0.310561
0.662
0.662
0.197265
0.662
0.556076
0.187681
0.508381
0.138574
0.662
0.447331
0.0491629
0.590943
0.61324
0.49521
0.662
0.198711
0.662
0.384196
0.662
0.144326
0.373842
0.62356
0.662
0.191264
0.0295829
0.662
0.0198489
0.648764
0.220093
0.662
0.279277
0.337991
0.147857
0.139916
0.0191451
0.662
0.604525
0.662
0.662
0.445582
0.638267
0.313376
0.614576
0.5683
0.0832156
0.662
0.0838205
0.192336
0.662
0.662
0.304701
0.305548
0.15935
0.404269
0.662
0.662
0.662
0.300698
0.287919
0.455043
0.351414
0.365092
0.280715
0.662
0.467285
0.109109
0.662
0.290223
0.662
0.502295
0.473451
0.358775
0.662
0.538161
0.662
0.633694
0.650392
0.662
0.152403
0.477172
0.662
0.279444
0.662
0.137619
0.400613
0.164141
0.374313
0.173614
0.178828
0.143416
0.662
0.117336
0.407051
0.662
0.154958
0.662
0.414305
0.0228008
0.662
0.0947897
0.497444
0.635622
0.614154
0.263307
0.662
0.397999
0.0387938
0.54273
0.106097
0.662
0.656978
0.568792
0.276458
0.2474
0.450746
0.662
0.417404
0.662
0.476562
0.557058
0.0522381
0.662
0.0664378
0.569678
0.653274
0.207071
0.117229
0.2886
0.0397092
0.423578
0.620885
0.414435
0.662
0.662
0.662
0.662
0.662
0.0925128
0.662
0.102943
0.424315
0.129387
0.662
0.662
0.456191
0.656522
0.533409
0.384574
0.391234
0.331997
0.662
0.107702
0.662
0.503297
0.543265
0.371135
0.662
0.0748073
0.188557
0.0708249
0.662
