0.312651
0.578211
0.0336128
0.662
0.072644
0.417298
0.212602
0.397414
0.662
0.125503
0.480375
0.662
0.2264
0.40775
0.662
0.155176
0.00143751
0.233339
0.0852807
0.259169
0.662
0.199892
0.662
0.662
0.0979406
0.543223
0.466888
0.662
0.26433
0.0959911
0.662
0.662
0.336317
0.0291697
0.662
0.662
0.112655
0.662
0.390814
0.662
0.0547779
0.345029
0.0909546
0.396373
0.216903
0.0181166
0.662
0.662
0.563451
0.644572
0.62226
0.285961
0.217315
0.247589
0.13574
0.317266
0.662
0.164472
0.662
0.498428
0.133072
0.63911
0.523115
0.662
0.178499
0.662
0.4667
0.509827
0.454547
0.660638
0.662
0.303672
0.581777
0.662
0.662
0.202183
0.0363834
0.662
0.327101
0.622115
0.662
0.199052
0.288052
0.662
0.662
0.472972
0.662
0.443186
0.396304
0.198201
0.662
0.662
0.201872
0.619736
0.437028
0.659035
0.069913
0.184528
0.662
0.2895
0.662
0.662
0.263702
0.235747
0.662
0.219595
0.0637353
0.575174
0.662
0.227762
0.241946
0.451922
0.662
0.352217
0.636766
0.662
0.126054
0.138722
0.158638
0.662
0.662
0.662
0.190881
0.662
0.223705
0.283412
0.662
0.105584
0.137431
0.0951038
0.662
0.451752
0.0315385
0.286181
0.146567
0.597664
0.103385
0.662
0.179497
0.111519
0.662
0.259649
0.25276
0.216076
0.51076
0.174414
0.175835
0.621822
0.662
0.662
0.429677
0.248784
0.0387194
0.141182
0.174659
0.213675
0.448045
0.117337
0.202333
0.662
0.0825016
0.299822
0.229626
0.662
0.662
0.658804
0.116568
0.0146225
0.226842
0.662
0.662
0.662
0.662
0.0398142
0.464201
0.3025
0.627694
0.63845
0.274977
0.116342
0.152422
0.647385
0.302589
0.367126
0.204259
0.483634
0.589624
0.662
0.528304
0.358041
0.537615
0.662
0.00153127
0.0641075
0.0970284
0.517839
0.662
0.409619
0.265539
0.159297
0.662
0.662
0.0628092
0.662
0.662
0.662
0.234632
0.471402
0.544487
0.0877326
0.526401
0.220947
