0.206025
0.662
0.297097
0.662
0.662
0.221392
0.342832
0.662
0.437965
0.247678
0.244705
0.142174
0.0851893
0.662
0.662
0.662
0.234209
0.314045
0.443906
0.154455
0.0893904
0.662
0.662
0.662
0.299094
0.390319
0.107942
0.662
0.662
0.00983904
0.662
0.662
0.662
0.662
0.592872
0.662
0.291561
0.254832
0.324995
0.128225
0.662
0.662
0.662
0.260929
0.662
0.344081
0.42662
0.662
0.426606
0.662
0.371168
0.198595
0.662
0.20162
0.662
0.254832
0.230901
0.343541
0.470048
0.662
0.192781
0.137511
0.662
0.662
0.438739
0.267367
0.212047
0.65948
0.321786
0.662
0.662
0.662
0.534243
0.662
0.234718
0.662
0.41819
0.662
0.662
0.0860086
0.662
0.237311
0.355641
0.662
0.000848841
0.453244
0.662
0.662
0.19417
0.0828193
0.526428
0.662
0.662
0.391093
0.662
0.662
0.595617
0.662
0.662
0.561465
0.662
0.426005
0.368425
0.28288
0.18778
0.180917
0.662
0.662
0.564895
0.221122
0.662
0.351627
0.662
0.662
0.32072
0.462827
0.662
0.0340582
0.662
0.185716
0.662
0.662
0.124874
0.354599
0.00970644
0.149294
0.662
0.662
0.662
0.191833
0.460027
0.233285
0.662
0.662
0.316543
0.662
0.113265
0.0278465
0.118526
0.662
0.662
0.662
0.143041
0.260393
0.208252
0.196209
0.482303
0.372524
0.143254
0.662
0.254366
0.399778
0.662
0.114168
0.00163257
0.246695
0.662
0.56055
0.662
0.662
0.199614
0.662
0.662
0.662
0.324719
0.166832
0.0679767
0.302832
0.662
0.662
0.258301
0.511266
0.275834
0.0942447
0.288805
0.211637
0.662
0.431825
0.0898619
0.321655
0.201492
0.49042
0.390092
0.392614
0.662
0.662
0.662
0.662
0.448301
0.41907
0.118086
0.239485
0.662
0.434825
0.203408
0.662
0.662
0.0763787
0.662
0.662
0.120221
0.45637
0.337222
0.263111
0.662
0.662
0.462852
0.170206
0.141213
0.662
0.0924417
0.662
0.662
0.662
0.662
0.662
0.341765
0.662
0.662
0.662
0.239908
0.091223
0.662
0.291858
0.662
0.662
0.396932
0.662
0.662
0.323721
0.587137
0.26513
0.662
0.338163
0.662
0.176166
0.55803
0.662
0.662
0.662
0.269237
0.214252
0.483372
0.342516
0.662
0.662
0.662
0.44221
0.0173764
0.662
0.542488
0.161861
0.0316116
0.662
0.662
0.662
0.212574
0.080434
0.662
0.436229
0.662
0.662
0.171406
0.107909
0.662
0.662
0.662
0.662
0.161137
0.0567829
0.164648
0.22731
0.504283
0.236575
0.662
0.186447
0.0551247
0.662
0.662
0.662
0.255098
0.0304579
0.662
0.662
0.443396
0.662
0.462875
0.0111002
0.662
0.138997
0.445755
0.1199
0.164039
0.202086
0.662
0.394736
0.662
0.240227
0.432868
0.384247
0.0486612
0.662
0.325572
0.0536285
0.662
0.662
0.194446
0.662
0.236976
0.438255
0.662
0.662
0.301079
0.662
0.108346
0.096574
0.662
0.662
0.662
0.662
0.414379
0.378897
0.204741
0.285367
0.25468
0.0862181
0.662
0.272297
0.114731
0.662
0.0576537
0.662
0.40298
0.230814
0.335655
0.662
0.0234867
0.132465
0.318355
0.265514
0.662
0.220862
0.662
0.589204
0.185102
0.469066
0.662
0.255515
0.510924
0.25703
0.0975432
0.662
0.117195
0.0988261
0.0292214
0.467955
0.662
0.662
0.390784
0.036181
0.662
0.285428
0.141289
0.662
0.662
0.662
0.662
0.662
0.662
0.142177
0.662
0.447262
0.662
0.323931
0.316212
0.233359
0.501427
0.407027
0.131085
0.662
0.662
0.662
0.270032
0.204709
0.662
0.187029
0.662
0.356573
0.662
0.662
0.242461
0.25594
0.0319823
0.662
0.662
0.662
0.224894
0.180628
0.32493
0.662
0.358
0.662
0.662
0.436536
0.0809183
0.379287
0.330697
0.662
0.252939
0.469028
0.104125
0.662
0.213683
0.0964408
0.662
0.169553
0.662
0.359969
0.662
0.662
0.480033
0.00794949
0.22076
0.662
0.409291
0.0653623
0.0372166
0.47621
0.0598299
0.0496488
0.135015
0.662
0.00224871
0.202086
0.662
0.248262
0.263368
0.626849
0.662
0.662
0.22793
0.47061
0.662
0.36256
0.662
0.662
0.160695
0.420249
0.262119
0.236171
0.662
0.609323
0.1255
0.329205
0.662
0.21879
0.284043
0.305568
0.662
0.17587
0.0908953
0.050829
0.662
0.0648158
0.662
0.248775
0.248456
0.662
0.662
0.0153669
0.662
0.0197304
0.123898
0.640299
0.662
0.662
0.0509957
0.662
0.365514
0.0327547
0.662
0.299478
0.662
0.662
0.492405
0.662
0.642646
0.318877
0.662
0.579336
0.450688
0.469574
0.662
0.160577
0.662
0.209476
0.662
0.184459
0.224629
0.0238324
0.129181
0.224937
0.00624202
0.662
0.419384
0.19135
0.662
0.11056
0.662
0.339657
0.662
0.274514
0.239005
0.662
0.662
0.662
0.36108
0.662
0.662
0.662
0.393839
0.662
0.465353
0.0223106
0.662
0.662
0.199955
0.662
0.588962
0.182135
0.318634
0.176307
0.662
0.662
0.0552767
0.36394
0.662
0.662
0.420163
0.662
0.662
0.662
0.662
0.145882
0.662
0.662
0.662
0.662
0.41486
0.30031
0.149034
0.120078
0.31675
0.662
0.452484
0.251435
0.454015
0.381223
0.390504
0.567919
0.662
0.662
0.197219
0.142281
0.062806
0.662
0.662
0.662
0.662
0.662
0.224051
0.270829
0.662
0.436678
0.33824
0.0540693
0.662
0.662
0.129228
0.297739
0.662
0.177322
0.457018
0.662
0.139495
0.662
0.662
0.662
0.20547
0.568374
0.662
0.400588
0.390812
0.070805
0.420378
0.601704
0.662
0.217581
0.662
0.257795
0.0967492
0.662
0.107634
0.0124614
0.662
0.446625
0.197917
0.662
0.662
0.402305
0.177172
0.662
0.662
0.108215
0.43716
0.662
0.662
0.317199
0.194015
0.662
0.292055
0.270157
0.285999
0.662
0.0459027
0.411455
0.405632
0.312881
0.474727
0.381987
0.0896533
0.309386
0.0398615
0.662
0.432078
0.0997392
0.458165
0.278724
0.662
0.662
0.035706
0.662
0.662
0.475929
0.0148116
0.662
0.662
0.662
0.126604
0.172064
0.662
0.379971
0.350789
0.662
0.662
0.234262
0.662
0.528254
0.234907
0.662
0.185539
0.0941262
0.662
0.0105482
0.171975
0.662
0.24948
0.606816
0.475821
0.433153
0.662
0.454873
0.662
0.662
0.662
0.662
0.398749
0.106742
0.346453
0.22251
0.662
0.662
0.662
0.662
0.662
0.111828
0.177246
0.36731
0.662
0.158905
0.662
0.339869
0.394933
0.662
0.662
0.149356
0.511362
0.0853972
0.406015
0.662
0.662
0.662
0.142926
0.11462
0.312067
0.662
0.662
0.46283
0.204865
0.576056
0.259695
0.0431558
0.55589
0.278928
0.262008
0.662
0.122857
0.288537
0.333092
0.662
0.154123
0.248142
0.174332
0.662
0.123643
0.642725
0.662
0.156163
0.662
0.146304
0.469261
0.35433
0.307079
0.662
0.410128
0.229621
0.498295
0.263446
0.662
0.395633
0.32214
0.0922671
0.0534816
0.662
0.662
0.0126485
0.662
0.236385
0.662
0.662
0.662
0.475143
0.662
0.370714
0.378924
0.318693
0.0654406
0.152331
0.0170499
0.265355
0.662
0.0360859
0.216063
0.196774
0.662
0.662
0.320094
0.308121
0.286876
0.662
0.662
0.662
0.490053
0.20335
0.342137
0.0963898
0.305747
0.662
0.662
0.155045
0.607076
0.662
0.662
0.30463
0.265443
0.165734
0.662
0.322735
0.44687
0.0963622
0.336719
0.662
0.662
0.18129
0.662
0.662
0.310477
0.662
0.0949562
0.232247
0.232915
0.662
0.15332
0.662
0.662
0.306571
0.662
0.231684
0.434888
0.662
0.662
0.462885
0.173405
0.512551
0.662
0.212805
0.662
0.662
0.662
0.228875
0.471852
0.195263
0.662
0.662
0.00829134
0.423889
0.662
0.0415039
0.453782
0.314665
0.0617061
0.161494
0.662
0.662
0.662
0.0417181
0.267251
0.129144
0.289859
0.662
0.408585
0.10442
0.0512058
0.419538
0.662
0.662
0.110862
0.197622
0.449901
0.662
0.662
0.662
0.187379
0.269285
0.186322
0.662
0.662
0.370824
0.662
0.662
0.29408
0.113227
0.662
0.394134
0.472275
0.205835
0.383197
0.130308
0.382469
0.181393
0.279225
0.662
0.662
0.261373
0.662
0.187287
0.0191827
0.176208
0.662
0.535695
0.333679
0.117424
0.662
0.206025
0.189089
0.662
0.39644
0.0374293
0.662
0.315956
0.231159
0.327793
0.241764
0.0539969
0.188096
0.399539
0.125516
0.261791
0.238063
0.218605
0.522577
0.21562
0.0720784
0.175825
0.00151264
0.341431
0.467076
0.0548543
0.243106
0.333482
0.662
0.662
0.375755
0.662
0.662
0.389288
0.440217
0.358468
0.662
0.662
0.00896487
0.662
0.218074
0.432605
0.425075
0.460276
0.109495
0.662
0.335536
0.662
0.416533
0.338465
0.416099
0.210408
0.662
0.417678
0.388281
0.393892
0.4472
0.662
0.237102
0.662
0.662
0.117272
0.0266292
0.662
0.662
0.0890959
0.662
0.262917
0.662
0.206125
0.367008
0.662
0.662
0.662
0.662
0.0518498
0.501429
0.41337
0.662
0.662
0.662
0.0483995
0.084899
0.662
0.314169
0.105586
0.211298
0.662
0.662
0.662
0.410732
0.404833
0.662
0.265711
0.103228
0.423346
0.503673
0.388856
0.179186
0.0240841
0.424797
0.662
0.332494
0.662
0.18324
0.254074
0.289403
0.139465
0.554979
0.662
0.662
0.662
0.198211
0.61415
0.662
0.662
0.470572
0.44028
0.662
0.662
0.247848
0.260399
0.215787
0.319982
0.662
0.00396733
0.662
0.662
0.662
0.418733
0.662
0.210763
0.662
0.411883
0.283799
0.350959
0.528034
0.211807
0.299766
0.662
0.662
0.184184
0.0498561
0.328882
0.662
0.209158
0.662
0.0904972
0.284877
0.365159
0.284285
0.470933
0.211235
0.200991
0.222806
0.107286
0.306743
0.662
0.516421
0.662
0.00437679
0.475239
0.362289
0.200918
0.662
0.224429
0.190961
0.109064
0.656584
0.662
0.244203
0.192537
0.0357884
0.662
0.441871
0.286057
0.662
0.629763
0.662
0.274712
0.662
0.662
0.662
0.284959
0.662
0.178118
0.362266
0.53307
0.353141
0.662
0.662
0.264824
0.662
0.625423
0.619084
0.165272
0.245463
0.0669574
0.196665
0.471364
0.329564
0.167934
0.18487
0.577175
0.662
0.4483
0.662
0.288509
0.363061
0.662
0.0293208
0.662
0.470081
0.0989237
0.197715
0.259809
0.207662
0.0950734
0.662
0.662
0.184082
0.552558
0.0785756
0.119367
0.400806
0.230793
0.240021
0.460966
0.0237022
0.662
0.0818061
0.632184
0.143861
0.339985
0.434262
0.662
0.201275
0.662
0.177544
0.234066
0.312229
0.494002
0.662
0.616449
0.14659
0.662
0.313758
0.143663
0.662
0.246555
0.662
0.472727
0.262357
0.345755
0.0931873
0.662
0.361481
0.0774434
0.662
0.468699
0.662
0.662
0.314109
0.662
0.662
0.162043
0.662
0.662
0.218745
0.178271
0.228724
0.662
0.488872
0.132885
0.418814
0.383756
0.228063
0.662
0.662
0.234677
0.662
0.235357
0.187206
0.662
0.662
0.200863
0.344446
0.313231
0.15038
0.22944
0.297581
0.271884
0.662
0.476899
0.0462467
0.207816
0.359444
0.0701249
0.19498
0.184303
0.252651
0.257624
0.662
0.441178
0.662
0.427429
0.150231
0.662
0.662
0.376949
0.0871106
0.662
0.662
0.662
0.662
0.539791
0.662
0.662
0.41644
0.450063
0.266261
0.352462
0.210118
0.0687907
0.662
0.662
0.310485
0.662
0.524828
0.662
0.246246
0.411282
0.173424
0.662
0.662
0.662
0.328209
0.662
0.283037
0.435532
0.662
0.470573
0.351478
0.327553
0.662
0.662
0.468066
0.0212951
0.662
0.404296
0.662
0.662
0.662
0.662
0.662
0.662
0.33365
0.662
0.334477
0.662
0.662
0.0363576
0.517457
0.0868232
0.0166517
0.210086
0.376718
0.464355
0.441143
0.662
0.216349
0.259729
0.266279
0.323409
0.662
0.0292425
0.458061
0.222574
0.662
0.328846
0.662
0.662
0.662
0.662
0.662
0.662
0.417466
0.662
0.140982
0.296702
0.134528
0.498639
0.517253
0.273534
0.218602
0.334327
0.469542
0.662
0.528457
0.389875
0.320098
0.662
0.122483
0.662
0.662
0.398913
0.391116
0.264393
0.0153163
0.63339
0.662
0.425899
0.433885
0.662
0.662
0.662
0.419479
0.394321
0.205267
0.439859
0.662
0.662
0.257537
0.229338
0.0146318
0.0498145
0.202869
0.118379
0.161925
0.19198
0.417284
0.662
0.0116464
0.662
0.466095
0.40268
0.662
0.0240937
0.258215
0.662
0.662
0.662
0.284443
0.662
0.159567
0.662
0.662
0.358185
0.396169
0.427413
0.463427
0.0220421
0.662
0.62897
0.662
0.0876719
0.244342
0.662
0.0354946
0.243108
0.662
0.662
0.0578197
0.662
0.105559
0.401461
0.0564991
0.248502
0.471258
0.115871
0.176924
0.601254
0.662
0.254719
0.458038
0.274299
0.506802
0.521068
0.662
0.494505
0.250426
0.144241
0.662
0.0904253
0.662
0.382775
0.321051
0.662
0.283362
0.38286
0.662
0.460927
0.271007
0.662
0.297882
0.662
0.384983
0.145056
0.217936
0.0362279
0.662
0.662
0.476165
0.364817
0.487292
0.218997
0.662
0.662
0.261267
0.265584
0.178693
0.310422
0.42225
0.662
0.164753
0.229912
0.464623
0.662
0.228181
0.662
0.320947
0.568536
0.26228
0.662
0.517861
0.134997
0.662
0.1631
0.321875
0.600034
0.372942
0.44252
0.662
0.160797
0.662
0.662
0.244818
0.662
0.330051
0.662
0.662
0.662
0.279524
0.662
0.662
0.628977
0.150245
0.0870612
0.662
0.662
0.662
0.662
0.328225
0.153682
0.662
0.401242
0.326034
0.662
0.662
0.662
0.662
0.205486
0.501291
0.413858
0.220912
0.0693834
0.580982
0.662
0.0791267
0.56677
0.129669
0.345775
0.172612
0.662
0.0975219
0.299713
0.113983
0.662
0.662
0.662
0.564558
0.00795714
0.662
0.103399
0.662
0.662
0.662
0.64474
0.662
0.148963
0.662
0.662
0.150689
0.184773
0.229145
0.241501
0.662
0.662
0.662
0.329263
0.662
0.396216
0.241366
0.413009
0.647079
0.662
0.0603563
0.219363
0.662
0.255819
0.242805
0.32917
0.216736
0.662
0.662
0.0976261
0.38997
0.662
0.195436
0.662
0.0666552
0.662
0.662
0.662
0.0266094
0.346614
0.662
0.331017
0.473761
0.166984
0.366214
0.662
0.662
0.662
0.40518
0.662
0.315257
0.662
0.662
0.662
0.0772273
0.257387
0.25829
0.497765
0.194463
0.662
0.221876
0.662
0.662
0.662
0.434745
0.662
0.662
0.662
0.221963
0.429177
0.662
0.662
0.662
0.143335
0.662
0.154005
0.662
0.0901783
0.202679
0.353846
0.0969036
0.662
0.662
0.408825
0.662
0.662
0.662
0.358416
0.662
0.662
0.662
0.662
0.570604
0.211692
0.662
0.400895
0.662
0.662
0.662
0.662
0.662
0.662
0.530103
0.662
0.454495
0.247125
0.0607364
0.662
0.662
0.437431
0.233053
0.306709
0.662
0.662
0.177561
0.662
0.354076
0.0273416
0.0917895
0.248487
0.547247
0.662
0.231966
0.261008
0.256092
0.662
0.357203
0.662
0.662
0.662
0.228769
0.229722
0.662
0.296609
0.662
0.144434
0.662
0.430943
0.293971
0.662
0.198363
0.286923
0.346301
0.371343
0.455226
0.237501
0.662
0.515814
0.289492
0.408082
0.662
0.0737768
0.266735
0.158968
0.662
0.662
0.298411
0.662
0.119917
0.662
0.662
0.662
0.662
0.662
0.0478763
0.662
0.662
0.190486
0.458232
0.392043
0.024668
0.662
0.662
0.519379
0.0698771
0.191421
0.662
0.303701
0.662
0.662
0.662
0.662
0.662
0.662
0.662
0.662
0.0489206
0.368348
0.410853
0.662
0.662
0.662
0.215434
0.662
0.502991
0.662
0.440187
0.311253
0.662
0.275284
0.107914
0.662
0.662
0.662
0.662
0.359924
0.421248
0.662
0.662
0.123975
0.647791
0.662
0.254118
0.279104
0.662
0.662
0.365008
0.282405
0.662
0.475529
0.662
0.300098
0.662
0.270052
0.2652
0.662
0.185124
0.238807
0.114303
0.105905
0.641194
0.662
0.662
0.662
0.297276
0.198422
0.0171211
0.662
0.662
0.662
0.286419
0.662
0.0455245
0.662
0.662
0.188938
0.662
0.662
0.662
0.662
0.662
0.514977
0.509475
0.399263
0.438973
0.662
0.662
0.194502
0.505097
0.662
0.561495
0.183028
0.440998
0.370154
0.198797
0.391308
0.662
0.177983
0.662
0.431664
0.323099
0.353851
0.371152
0.421057
0.0876634
0.578754
0.373409
0.315584
0.662
0.248901
0.662
0.662
0.193323
0.16758
0.662
0.108468
0.662
0.507416
0.500961
0.662
0.491653
0.662
0.662
0.662
0.424881
0.230306
0.502104
0.662
0.230347
0.229878
0.662
0.330269
0.383332
0.662
0.662
0.616103
0.343394
0.282072
0.268143
0.662
0.662
0.662
0.358677
0.662
0.114413
0.118109
0.228418
0.312914
0.3264
0.662
0.32261
0.245612
0.231127
0.21428
0.662
0.662
0.136627
0.0560304
0.662
0.252358
0.290677
0.181994
0.140175
0.095268
0.154706
0.105548
0.662
0.138497
0.439453
0.662
0.422738
0.662
0.260912
0.662
0.662
0.327325
0.662
0.662
0.662
0.145577
0.220716
0.662
0.662
0.0791333
0.391077
0.102483
0.662
0.143618
0.40618
0.268945
0.662
0.324453
0.662
0.219127
0.120526
0.0368421
0.331756
0.459128
0.662
0.256402
0.342258
0.662
0.662
0.662
0.662
0.662
0.254282
0.162804
0.662
0.662
0.662
0.662
0.113504
0.310226
0.662
0.662
0.341592
0.0810267
0.356386
0.662
0.443237
0.174801
0.281563
0.662
0.528816
0.147099
0.274351
0.0597667
0.323368
0.426545
0.662
0.215254
0.16581
0.0540478
0.0469864
0.23611
0.662
0.662
0.301966
0.662
0.0199954
0.141666
0.0855728
0.350693
0.662
0.152899
0.219129
0.176903
0.133466
0.662
0.19695
0.384936
0.662
0.662
0.0663772
0.598648
0.662
0.43508
0.225958
0.270375
0.662
0.327817
0.340629
0.0422482
0.239674
0.45827
0.662
0.31556
0.662
0.237968
0.662
0.207773
0.320231
0.137171
0.662
0.662
0.261564
0.181403
0.216896
0.0727602
0.374729
0.662
0.451097
0.122002
0.320286
0.662
0.662
0.662
0.532205
0.368641
0.423771
0.662
0.662
0.662
0.222551
0.13884
0.00219505
0.662
0.30789
0.0607847
0.0809896
0.262933
0.246028
0.662
0.258997
0.0255633
0.308972
0.502535
0.43002
0.662
0.370186
0.208765
0.662
0.662
0.195606
0.443406
0.113084
0.215345
0.160512
0.662
0.40208
0.338917
0.635974
0.38656
0.662
0.662
0.325652
0.224965
0.256831
0.136657
0.396141
0.662
0.23482
0.0048586
0.0100417
0.439521
0.0739923
0.143415
0.662
0.443512
0.204077
0.0183416
0.335683
0.00962713
0.220136
0.159211
0.662
0.662
0.539099
0.662
0.222069
0.0966437
0.662
0.35578
0.662
0.223283
0.270309
0.336132
0.662
0.16645
0.278549
0.662
0.662
0.464638
0.250721
0.368313
0.662
0.502169
0.211764
0.207529
0.239099
0.440834
0.078479
0.402155
0.662
0.662
0.327215
0.435293
0.263133
0.268603
0.662
0.0946568
0.501297
0.652077
0.662
0.561166
0.662
0.119083
0.0546492
0.193822
0.662
0.272741
0.662
0.662
0.133341
0.344455
0.0303529
0.130749
0.304275
0.210103
0.662
0.356389
0.0415909
0.662
0.188288
0.662
0.224426
0.609264
0.208345
0.662
0.662
0.662
0.255865
0.662
0.189765
0.662
0.0921247
0.662
0.465561
0.343866
0.662
0.662
0.662
0.662
0.469967
0.383899
0.378904
0.428865
0.306545
0.18879
0.230172
0.662
0.662
0.134945
0.158205
0.175881
0.195238
0.662
0.511188
0.662
0.662
0.662
0.352087
0.662
0.217472
0.44023
0.248925
0.662
0.199987
0.227452
0.662
0.662
0.662
0.662
0.306359
0.207092
0.662
0.066422
0.538678
0.592202
0.662
0.182618
0.269149
0.233737
0.662
0.169537
0.662
0.334493
0.186094
0.662
0.272329
0.255756
0.662
0.662
0.662
0.662
0.662
0.398805
0.0562305
0.546544
0.165859
0.181787
0.346909
0.324684
0.662
0.287683
0.0114243
0.662
0.662
0.0116329
0.619905
0.099271
0.662
0.282622
0.662
0.273545
0.662
0.168435
0.662
0.459759
0.662
0.137571
0.662
0.662
0.0902343
0.662
0.264289
0.487433
0.00806953
0.60694
0.662
0.39374
0.0806361
0.232419
0.662
0.322968
0.468277
0.327981
0.400147
0.662
0.662
0.118837
0.40001
0.121371
0.662
0.662
0.0907545
0.0213684
0.550591
0.662
0.0813382
0.662
0.662
0.662
0.105524
0.00814969
0.662
0.662
0.662
0.662
0.413378
0.209564
0.556222
0.338005
0.322009
0.662
0.229117
0.262659
0.296602
0.328471
0.662
0.662
0.662
0.662
0.662
0.662
0.274446
0.662
0.266792
0.230707
0.254352
0.662
0.662
0.271616
0.662
0.662
0.175316
0.324428
0.662
0.248072
0.0764957
0.286346
0.662
0.662
0.259304
0.147379
0.235157
0.662
0.275195
0.252844
0.0929761
0.662
0.333622
0.295414
0.220322
0.437251
0.662
0.649676
0.662
0.662
0.662
0.662
0.106854
0.662
0.18832
0.662
0.662
0.274001
0.647359
0.662
0.312956
0.34395
0.417377
0.662
0.662
0.150472
0.662
0.622044
0.157633
0.0664017
0.662
0.662
0.662
0.662
0.662
0.132902
0.643862
0.15282
0.662
0.309326
0.662
0.000102999
0.102614
0.662
0.519048
0.662
0.147024
0.324211
0.29119
0.662
0.392898
0.346279
0.262333
0.197645
0.107728
0.0203618
0.377202
0.662
0.221391
0.35176
0.518796
0.208385
0.270516
0.662
0.23937
0.00549681
0.224952
0.244781
0.662
0.1305
0.459973
0.662
0.662
0.248267
0.134614
0.437934
0.662
0.662
0.337088
0.662
0.36287
0.662
0.104078
0.172908
0.662
0.609222
0.662
0.570872
0.451774
0.662
0.291864
0.662
0.662
0.264255
0.662
0.247343
0.662
0.222836
0.334856
0.239703
0.530973
0.662
0.435755
0.149198
0.312147
0.529178
0.390745
0.212877
0.145887
0.662
0.163519
0.463862
0.662
0.324297
0.257317
0.56965
0.314281
0.27095
0.200379
0.325094
0.296064
0.387197
0.662
0.662
0.0240484
0.435315
0.273068
0.370744
0.662
0.390686
0.258797
0.662
0.12578
0.116866
0.292874
0.662
0.449076
0.225521
0.614066
0.662
0.241825
0.425757
0.560593
0.264179
0.0112966
0.662
0.662
0.662
0.413751
0.147281
0.662
0.431427
0.421591
0.370827
0.147088
0.427055
0.0395336
0.382616
0.532845
0.422233
0.662
0.662
0.662
0.662
0.662
0.662
0.435721
0.385515
0.278466
0.662
0.233417
0.331715
0.473748
0.193562
0.150492
0.662
0.474716
0.158926
0.0969174
0.562158
0.297954
0.662
0.0626928
0.285882
0.662
0.108913
0.548565
0.662
0.425081
0.133637
0.662
0.477685
0.662
0.371062
0.0634568
0.191685
0.515818
0.662
0.0778784
0.220322
0.662
0.662
0.083555
0.549412
0.178682
0.662
0.662
0.662
0.340164
0.662
0.268671
0.560026
0.662
0.211742
0.187892
0.195272
0.178462
0.0698918
0.000908659
0.662
0.662
0.596164
0.209839
0.0849786
0.241447
0.392757
0.117977
0.662
0.042131
0.662
0.662
0.0209365
0.662
0.662
0.345127
0.210379
0.662
0.662
0.28713
0.201995
0.662
0.409692
0.662
0.0704559
0.103342
0.662
0.416089
0.32289
0.662
0.0165624
0.662
0.298396
0.662
0.662
0.662
0.282615
0.181173
0.168607
0.506561
0.463157
0.439367
0.329035
0.662
0.662
0.229345
0.662
0.046144
0.383096
0.662
0.130334
0.169302
0.452504
0.5014
0.0658696
0.662
0.662
0.389426
0.662
0.429833
0.662
0.0156019
0.0243017
0.580394
0.145269
0.0659219
0.00988115
0.662
0.662
0.662
0.317979
0.147671
0.43319
0.243723
0.214644
0.662
0.599458
0.370857
0.522676
0.342369
0.662
0.356303
0.511704
0.245473
0.115479
0.662
0.572453
0.428322
0.662
0.662
0.122736
0.662
0.267454
0.315273
0.662
0.662
0.0729968
0.662
0.33973
0.0533916
0.267959
0.208186
0.201377
0.345438
0.206637
0.451826
0.335509
0.662
0.174015
0.662
0.205808
0.0215974
0.023274
0.662
0.552551
0.662
0.32289
0.662
0.662
0.422064
0.662
0.357231
0.0221154
0.662
0.190566
0.662
0.0893545
0.122534
0.662
0.188515
0.333644
0.662
0.316788
0.609695
0.30063
0.662
0.662
0.430011
0.046996
0.244278
0.0256807
0.662
0.227247
0.495091
0.37811
0.662
0.518605
0.302197
0.404946
0.244678
0.141896
0.662
0.250641
0.171526
0.662
0.250168
0.662
0.249063
0.543857
0.241391
0.662
0.662
0.662
0.662
0.33475
0.662
0.662
0.662
0.3628
0.273586
0.286522
0.204322
0.418002
0.662
0.134685
0.369481
0.267591
0.254996
0.662
0.662
0.180897
0.662
0.416817
0.662
0.308106
0.208882
0.656417
0.228184
0.442972
0.662
0.662
0.440748
0.662
0.662
0.662
0.451765
0.190262
0.157227
0.439959
0.506968
0.585862
0.662
0.478278
0.238778
0.227172
0.452143
0.365418
0.00777933
0.487402
0.662
0.633391
0.213376
0.105121
0.662
0.662
0.662
0.190325
0.662
0.662
0.0429441
0.662
0.662
0.0539668
0.474819
0.662
0.662
0.662
0.662
0.302312
0.609007
0.662
0.468442
0.633474
0.211866
0.662
0.425524
0.662
0.148964
0.352563
0.160772
0.662
0.248005
0.131395
0.210419
0.662
0.434911
0.662
0.200187
0.662
0.293374
0.447486
0.662
0.432006
0.662
0.662
0.140924
0.156921
0.662
0.662
0.662
0.662
0.662
0.422158
0.157051
0.258519
0.0433298
0.19145
0.0790691
0.231139
0.051592
0.662
0.662
0.405319
0.162778
0.0115085
0.662
0.0639799
0.277692
0.0823428
0.0820089
0.383876
0.662
0.662
0.424771
0.662
0.662
0.418804
0.334614
0.567115
0.662
0.229937
0.662
0.662
0.662
0.323311
0.662
0.662
0.662
0.631073
0.662
0.408049
0.662
0.0665762
0.280943
0.54966
0.0732196
0.662
0.34476
0.662
0.0519304
0.662
0.205605
0.662
0.662
0.662
0.497795
0.662
0.662
0.305335
0.430294
0.489944
0.662
0.662
0.0861399
0.662
0.662
0.662
0.662
0.662
0.0782412
0.662
0.662
0.115389
0.202723
0.14542
0.422568
0.255464
0.660038
0.662
0.276733
0.14774
0.206604
0.238647
0.662
0.662
0.192836
0.662
0.662
0.221337
0.257001
0.155257
0.662
0.0318365
0.662
0.36309
0.119474
0.174379
0.662
0.273832
0.0949269
0.662
0.662
0.212687
0.662
0.662
0.296294
0.0819693
0.0832439
0.143633
0.662
0.33733
0.662
0.662
0.662
0.662
0.662
0.318796
0.199002
0.232752
0.662
0.358388
0.662
0.662
0.195455
0.662
0.662
0.429884
0.662
0.399493
0.156866
0.00820042
0.0797624
0.662
0.26763
0.662
0.3295
0.10745
0.662
0.39708
0.0797894
0.662
0.662
0.0789933
0.460361
0.662
0.143137
0.463268
0.317454
0.662
0.309882
0.0293818
0.495344
0.662
0.192805
0.566329
0.662
0.00878966
0.452376
0.417106
0.0947734
0.443097
0.293849
0.477464
0.662
0.134652
0.662
0.0879565
0.236622
0.35428
0.662
0.662
0.662
0.366279
0.148234
0.316663
0.321576
0.380622
0.662
0.197822
0.662
0.580712
0.193877
0.608448
0.185622
0.255843
0.358628
0.258138
0.267784
0.19923
0.662
0.126987
0.313171
0.662
0.23676
0.238287
0.612333
0.409166
0.662
0.561932
0.00996612
0.613884
0.187463
0.662
0.662
0.154598
0.464035
0.198787
0.036124
0.662
0.662
0.662
0.277399
0.662
0.393306
0.662
0.237886
0.662
0.243925
0.662
0.662
0.662
0.44343
0.0968718
0.204519
0.184765
0.308119
0.19801
0.662
0.662
0.378349
0.662
0.585442
0.662
0.181825
0.230116
0.460163
0.442001
0.213167
0.662
0.241298
0.167278
0.212165
0.206123
0.228554
0.662
0.662
0.662
0.147474
0.662
0.263879
0.362125
0.4955
0.15845
0.1691
0.193322
0.248855
0.114236
0.0845994
0.296691
0.662
0.0479614
0.662
0.100533
0.0798538
0.111854
0.662
0.662
0.662
0.10202
0.209797
0.662
0.662
0.0900445
0.662
0.662
0.244617
0.197468
0.662
0.444158
0.284554
0.662
0.662
0.662
0.662
0.318211
0.370053
0.192458
0.475423
0.662
0.380763
0.662
0.331973
0.258831
0.662
0.157149
0.387338
0.185397
0.662
0.662
0.176085
0.497163
0.662
0.662
0.662
0.662
0.662
0.662
0.662
0.343524
0.00619154
0.662
0.331372
0.409131
0.205957
0.662
0.411729
0.329445
0.662
0.3028
0.196112
0.200715
0.662
0.646188
0.0351038
0.662
0.306302
0.181266
0.156668
0.135712
0.081978
0.366637
0.277537
0.662
0.662
0.662
0.662
0.014829
0.451217
0.662
0.602213
0.662
0.662
0.466222
0.321794
0.662
0.0804465
0.662
0.344486
0.13437
0.662
0.662
0.197195
0.193498
0.662
0.364284
0.244664
0.353687
0.115121
0.521283
0.480735
0.662
0.186598
0.662
0.0603683
0.662
0.15238
0.053002
0.662
0.204197
0.309124
0.662
0.662
0.13964
0.0805946
0.306743
0.14958
0.662
0.140636
0.443785
0.662
0.352204
0.662
0.449978
0.662
0.306307
0.662
0.662
0.333476
0.141612
0.131786
0.504083
0.0915557
0.662
0.168199
0.252102
0.223374
0.662
0.662
0.662
0.472095
0.662
0.010844
0.662
0.11919
0.309893
0.662
0.474644
0.662
0.372719
0.233873
0.662
0.662
0.662
0.662
0.140161
0.508178
0.201801
0.314395
0.481157
0.446055
0.0697633
0.0981261
0.662
0.352648
0.340533
0.200639
0.211905
0.638109
0.662
0.375442
0.662
0.662
0.338345
0.191816
0.190971
0.662
0.112791
0.618061
0.1945
0.662
0.191274
0.423695
0.662
0.662
0.662
0.662
0.235687
0.00454521
0.0944637
0.662
0.544876
0.105036
0.452475
0.416655
0.662
0.662
0.197712
0.52981
0.662
0.662
0.662
0.0534564
0.404676
0.434808
0.662
0.662
0.662
0.662
0.662
0.662
0.273207
0.662
0.165492
0.662
0.259708
0.662
0.297332
0.0903702
0.662
0.662
0.0598636
0.425408
0.662
0.64002
0.662
0.418874
0.177278
0.0122804
0.662
0.662
0.662
0.207451
0.662
0.190725
0.662
0.225652
0.662
0.117976
0.324275
0.093224
0.23133
0.184963
0.133263
0.320912
0.125399
0.662
0.662
0.0259608
0.662
0.480378
0.662
0.490944
0.233966
0.142477
0.662
0.662
0.662
0.662
0.662
0.0947033
0.177797
0.662
0.662
0.471745
0.662
0.662
0.662
0.301139
0.662
0.21335
0.232885
0.430253
0.662
0.0148401
0.662
0.255637
0.405241
0.662
0.153004
0.187376
0.239437
0.148665
0.165397
0.662
0.662
0.507866
0.397581
0.19175
0.662
0.524123
0.662
0.458408
0.295387
0.0188649
0.121825
0.662
0.662
0.254157
0.662
0.662
0.157983
0.662
0.224376
0.0488421
0.662
0.662
0.662
0.615162
0.259894
0.256902
0.220706
0.662
0.0206177
0.242492
0.276728
0.662
0.662
0.662
0.207077
0.284986
0.0884275
0.662
0.254616
0.662
0.236574
0.662
0.17889
0.662
0.662
0.431578
0.662
0.13692
0.233311
0.107666
0.447915
0.662
0.662
0.138119
0.662
0.115855
0.237003
0.280529
0.305318
0.306651
0.662
0.662
0.454612
0.19975
0.662
0.662
0.257882
0.647949
0.662
0.302168
0.384174
0.662
0.662
0.200244
0.662
0.30635
0.305111
0.662
0.36457
0.236398
0.662
0.292805
0.129441
0.264936
0.378328
0.0408515
0.258182
0.662
0.662
0.662
0.167002
0.662
0.0363942
0.564276
0.0318749
0.609781
0.0285254
0.281409
0.0356
0.662
0.136979
0.662
0.186891
0.180143
0.662
0.662
0.314477
0.662
0.662
0.232151
0.662
0.330445
0.198838
0.00364186
0.662
0.662
0.129696
0.472706
0.192796
0.662
0.662
0.432078
0.298426
0.662
0.187873
0.443389
0.00575583
0.343099
0.37172
0.662
0.124255
0.303464
0.662
0.0827839
0.662
0.446458
0.662
0.662
0.0890058
0.210607
0.662
0.662
0.662
0.662
0.164505
0.662
0.15187
0.046507
0.662
0.662
0.468515
0.46623
0.662
0.555501
0.662
0.662
0.298917
0.243597
0.443069
0.377248
0.662
0.20826
0.08238
0.662
0.0299331
0.159383
0.56402
0.662
0.533416
0.0147438
0.237304
0.662
0.256673
0.662
0.272161
0.662
0.662
0.0987832
0.662
0.662
0.662
0.662
0.662
0.662
0.313529
0.662
0.115755
0.187749
0.545291
0.12278
0.662
0.058849
0.662
0.662
0.662
0.0126387
0.314779
0.24873
0.338931
0.610627
0.244678
0.0339899
0.190616
0.244838
0.662
0.451947
0.388849
0.19752
0.395192
0.662
0.00435921
0.662
0.662
0.257373
0.192094
0.662
0.137435
0.662
0.144628
0.510029
0.662
0.662
0.662
0.537357
0.662
0.662
0.421057
0.259971
0.319341
0.138279
0.419084
0.24335
0.662
0.662
0.0591132
0.662
0.662
0.254205
0.662
0.219544
0.177966
0.662
0.195821
0.301423
0.581361
0.1956
0.662
0.0877579
0.662
0.378072
0.635965
0.241517
0.0655216
0.239443
0.662
0.476363
0.219228
0.662
0.244693
0.408867
0.662
0.324387
0.662
0.662
0.206545
0.662
0.220552
0.662
0.350747
0.3447
0.315988
0.18706
0.662
0.351462
0.644742
0.662
0.644923
0.459458
0.435194
0.437261
0.232972
0.0183628
0.662
0.232863
0.0785943
0.662
0.662
0.619173
0.0392499
0.662
0.662
0.527687
0.662
0.662
0.662
0.156429
0.289222
0.662
0.662
0.662
0.41896
0.238377
0.662
0.0238595
0.0931764
0.662
0.25604
0.090948
0.127451
0.662
0.300154
0.0708066
0.662
0.589274
0.484754
0.518563
0.662
0.662
0.49452
0.662
0.33535
0.662
0.469438
0.662
0.662
0.662
0.12651
0.662
0.139367
0.662
0.18838
0.479989
0.662
0.207352
0.662
0.662
0.196357
0.662
0.218
0.662
0.0131213
0.662
0.531698
0.129486
0.100436
0.168551
0.543486
0.662
0.324224
0.148339
0.154644
0.0788403
0.189647
0.138012
0.174045
0.662
0.662
0.2308
0.662
0.662
0.0385354
0.0339397
0.106932
0.662
0.0677407
0.268786
0.662
0.662
0.119046
0.662
0.19255
0.662
0.662
0.662
0.543992
0.662
0.662
0.1077
0.662
0.39004
0.120686
0.444975
0.143295
0.148241
0.254895
0.469187
0.662
0.662
0.662
0.427582
0.00449852
0.662
0.339157
0.283021
0.134674
0.36679
0.517473
0.284312
0.662
0.662
0.374239
0.662
0.0422591
0.270054
0.363506
0.120399
0.662
0.662
0.471699
0.185854
0.662
0.662
0.325095
0.662
0.662
0.371096
0.662
0.662
0.183327
0.178934
0.155866
0.0840925
0.293562
0.662
0.662
0.105656
0.662
0.342397
0.43151
0.399769
0.662
0.662
0.510636
0.662
0.662
0.448046
0.662
0.175728
0.202554
0.384951
0.662
0.662
0.662
0.405626
0.430845
0.662
0.153488
0.205888
0.662
0.662
0.148175
0.662
0.058985
0.353208
0.166724
0.662
0.662
0.662
0.44176
0.662
0.662
0.662
0.404142
0.400877
0.264143
0.192668
0.0116417
0.391831
0.0818261
0.662
0.662
0.186093
0.137743
0.245681
0.662
0.195329
0.129476
0.662
0.344374
0.662
0.662
0.0596153
0.662
0.294394
0.129547
0.101993
0.123205
0.201905
0.662
0.662
0.281126
0.216591
0.662
0.155615
0.154685
0.662
0.662
0.135969
0.662
0.480102
0.662
0.662
0.662
0.662
0.662
0.456464
0.42864
0.330676
0.128884
0.0213249
0.156969
0.381888
0.662
0.662
0.415568
0.360541
0.662
0.662
0.662
0.662
0.662
0.335745
0.149397
0.380145
0.00150799
0.0201315
0.283175
0.662
0.239816
0.3142
0.662
0.662
0.25538
0.176657
0.44267
0.502214
0.203873
0.662
0.602607
0.662
0.257377
0.173985
0.107392
0.662
0.477635
0.662
0.225902
0.662
0.466733
0.662
0.662
0.194767
0.662
0.311549
0.424469
0.662
0.0433961
0.0759953
0.227198
0.167516
0.662
0.662
0.662
0.662
0.662
0.662
0.081183
0.662
0.0414198
0.448804
0.315333
0.304916
0.222603
0.206907
0.662
0.363152
0.0625338
0.0818321
0.399842
0.513556
0.573202
0.42993
0.662
0.662
0.307735
0.662
0.0989461
0.234124
0.373504
0.151455
0.221079
0.662
0.662
0.174213
0.662
0.225984
0.42612
0.662
0.128769
0.32875
0.251963
0.662
0.0397259
0.662
0.662
0.662
0.545042
0.662
0.662
0.145416
0.662
0.662
0.364461
0.282192
0.00690792
0.662
0.450224
0.662
0.233158
0.0561952
0.662
0.152616
0.662
0.0138632
0.530605
0.419102
0.0775324
0.662
0.662
0.11861
0.662
0.662
0.347044
0.471646
0.0535741
0.662
0.662
0.437983
0.662
0.590275
0.662
0.146155
0.662
0.231915
0.662
0.393649
0.30366
0.345201
0.662
0.662
0.662
0.662
0.662
0.662
0.149474
0.380893
0.433865
0.662
0.333927
0.0545709
0.266997
0.32973
0.149363
0.237088
0.662
0.662
0.571312
0.301602
0.440908
0.365191
0.179545
0.662
0.473888
0.662
0.166155
0.662
0.0709537
0.662
0.474093
0.662
0.185716
0.597141
0.417925
0.435877
0.234218
0.662
0.662
0.662
0.378352
0.662
0.662
0.662
0.371871
0.662
0.662
0.662
0.662
0.662
0.234531
0.398212
0.187224
0.24792
0.662
0.105417
0.152916
0.368288
0.662
0.662
0.662
0.13292
0.256459
0.662
0.274214
0.662
0.166273
0.662
0.294564
0.662
0.662
0.662
0.507285
0.226376
0.618385
0.450171
0.662
0.662
0.432368
0.0283854
0.476105
0.662
0.355689
0.662
0.662
0.662
0.0225804
0.662
0.662
0.444008
0.22145
0.466746
0.662
0.161355
0.259726
0.662
0.489257
0.662
0.220874
0.0694226
0.0318948
0.328697
0.662
0.000315326
0.662
0.662
0.662
0.504114
0.142404
0.662
0.662
0.662
0.540036
0.257021
0.662
0.662
0.662
0.0110177
0.304354
0.131513
0.662
0.473917
0.662
0.370851
0.662
0.662
0.662
0.662
0.386891
0.16014
0.104452
0.662
0.19166
0.662
0.413891
0.322514
0.169536
0.662
0.0380568
0.662
0.662
0.543134
0.662
0.274925
0.17948
0.199723
0.320585
0.159539
0.365601
0.662
0.117202
0.662
0.127473
0.39429
0.144679
0.650513
0.237076
0.0961084
0.662
0.662
0.386374
0.662
0.259118
0.662
0.662
0.662
0.662
0.511945
0.662
0.662
0.662
0.662
0.662
0.662
0.359619
0.662
0.543368
0.546677
0.662
0.662
0.488047
0.456049
0.328753
0.662
0.662
0.457172
0.662
0.662
0.343013
0.662
0.396
0.662
0.662
0.662
0.649338
0.662
0.662
0.662
0.662
0.662
0.662
0.222298
0.0972716
0.228867
0.333244
0.662
0.532804
0.662
0.460326
0.387223
0.548516
0.662
0.662
0.0540881
0.500124
0.378537
0.475794
0.662
0.215058
0.219518
0.351248
0.300913
0.156124
0.662
0.459561
0.662
0.287619
0.662
0.327475
0.152061
0.662
0.269189
0.00637914
0.662
0.199262
0.662
0.266296
0.429294
0.243907
0.662
0.437804
0.662
0.662
0.346249
0.495875
0.662
0.473597
0.662
0.124451
0.405409
0.477441
0.662
0.662
0.0334077
0.238806
0.662
0.662
0.0363199
0.260376
0.662
0.122738
0.662
0.662
0.662
0.577734
0.662
0.198977
0.441584
0.0590731
0.662
0.662
0.0569562
0.641404
0.339169
0.308992
0.251582
0.662
0.111586
0.55539
0.475789
0.662
0.662
0.255631
0.662
0.437142
0.662
0.662
0.662
0.662
0.662
0.237361
0.18016
0.629763
0.662
0.408227
0.662
0.350731
0.662
0.0469158
0.130656
0.0248957
0.662
0.0202654
0.662
0.0283043
0.14083
0.662
0.344875
0.310227
0.662
0.00277171
0.239416
0.536625
0.234741
0.226756
0.662
0.277893
0.662
0.662
0.404034
0.473428
0.354353
0.14813
0.387476
0.47643
0.662
0.031358
0.234383
0.402985
0.662
0.375872
0.662
0.662
0.421215
0.152284
0.662
0.662
0.0901912
0.662
0.662
0.593798
0.662
0.662
0.222166
0.420344
0.436262
0.33439
0.259882
0.063674
0.192104
0.186984
0.292162
0.662
0.662
0.14649
0.462254
0.417124
0.344404
0.449718
0.662
0.221247
0.662
0.191315
0.662
0.662
0.0337477
0.662
0.259917
0.662
0.662
0.0433164
0.215587
0.662
0.246359
0.662
0.329846
0.662
0.662
0.291332
0.662
0.662
0.143893
0.269205
0.662
0.662
0.662
0.629682
0.226969
0.662
0.0373077
0.284501
0.0146925
0.0828952
0.443776
0.194769
0.273006
0.217751
0.662
0.430674
0.135995
0.209987
0.230087
0.0558666
0.50041
0.662
0.662
0.662
0.327126
0.0677621
0.662
0.662
0.278707
0.268481
0.662
0.348858
0.662
0.662
0.35643
0.662
0.662
0.662
0.637696
0.194619
0.12954
0.612345
0.271986
0.662
0.662
0.273734
0.662
0.457015
0.478443
0.255268
0.662
0.21724
0.662
0.193877
0.662
0.662
0.244389
0.392372
0.237607
0.115166
0.12356
0.425959
0.662
0.014084
0.662
0.0359644
0.263819
0.662
0.134778
0.332179
0.311265
0.405018
0.662
0.662
0.662
0.174489
0.317539
0.282284
0.449503
0.447296
0.597211
0.256409
0.28832
0.00460207
0.662
0.34208
0.662
0.340883
0.662
0.346919
0.316187
0.18542
0.0652664
0.0622607
0.10798
0.22129
0.462144
0.130955
0.194225
0.648217
0.662
0.464347
0.180958
0.662
0.313133
0.103786
0.662
0.489613
0.241418
0.633391
0.246801
0.296087
0.662
0.421514
0.639856
0.402227
0.37854
0.382231
0.662
0.662
0.269381
0.662
0.662
0.662
0.260408
0.124149
0.662
0.343442
0.284928
0.118224
0.662
0.101627
0.494274
0.662
0.14081
0.653318
0.662
0.662
0.662
0.458641
0.662
0.407198
0.410466
0.662
0.12504
0.662
0.0474253
0.602065
0.269011
0.42211
0.156427
0.0865747
0.10724
0.451213
0.662
0.662
0.407539
0.100265
0.109331
0.643766
0.662
0.224077
0.662
0.662
0.0225722
0.47686
0.361848
0.0722305
0.662
0.662
0.393277
0.276811
0.662
0.283002
0.276485
0.0382429
0.443718
0.662
0.662
0.041769
0.662
0.662
0.662
0.662
0.662
0.662
0.587701
0.222318
0.662
0.662
0.662
0.662
0.274831
0.0649383
0.224356
0.335235
0.265874
0.135522
0.285938
0.362402
0.426451
0.662
0.662
0.458699
0.662
0.163705
0.452476
0.662
0.440753
0.662
0.622554
0.662
0.474021
0.279942
0.662
0.209844
0.662
0.410573
0.452973
0.662
0.287081
0.133405
0.128233
0.37789
0.662
0.662
0.662
0.276426
0.0309847
0.105126
0.662
0.662
0.296845
0.249834
0.293966
0.477317
0.662
0.194896
0.473514
0.121829
0.61313
0.662
0.183516
0.662
0.662
0.00885364
0.662
0.662
0.227918
0.209211
0.0531109
0.00983903
0.662
0.662
0.662
0.251623
0.563621
0.290456
0.366303
0.613113
0.225876
0.316106
0.662
0.59041
0.0409223
0.373602
0.0576824
0.431355
0.447224
0.264637
0.0198962
0.662
0.522884
0.271518
0.662
0.662
0.0802829
0.170544
0.662
0.662
0.662
0.662
0.662
0.0113248
0.509991
0.215764
0.284246
0.363893
0.662
0.268267
0.662
0.662
0.2425
0.0783447
0.497217
0.171084
0.299183
0.241933
0.43194
0.168325
0.529635
0.191806
0.185225
0.662
0.662
0.431593
0.284829
0.294535
0.00274487
0.294703
0.324733
0.48116
0.662
0.662
0.0912442
0.423357
0.616487
0.464349
0.662
0.662
0.330364
0.662
0.0367194
0.662
0.662
0.45456
0.200903
0.608737
0.662
0.0298699
0.306833
0.2261
0.47225
0.09381
0.640126
0.662
0.563697
0.0871574
0.283817
0.662
0.319135
0.139082
0.382456
0.477629
0.662
0.373144
0.662
0.150091
0.583771
0.409635
0.279444
0.39487
0.662
0.478183
0.662
0.451495
0.446449
0.142943
0.565378
0.662
0.445208
0.0670948
0.172417
0.662
0.662
0.662
0.503471
0.527499
0.0988955
0.0398019
0.165515
0.0511513
0.293404
0.313442
0.662
0.662
0.662
0.466954
0.488984
0.138863
0.662
0.662
0.662
0.420982
0.662
0.662
0.662
0.662
0.662
0.662
0.662
0.476611
0.0744804
0.184999
0.249089
0.311944
0.0580877
0.124314
0.237798
0.246677
0.584847
0.662
0.662
0.662
0.237711
0.662
0.0719495
0.292691
0.430419
0.531606
0.283327
0.662
0.408232
0.662
0.162925
0.662
0.33597
0.0706733
0.662
0.363272
0.376698
0.2993
0.662
0.662
0.210732
0.208083
0.502787
0.662
0.662
0.610332
0.185598
0.189955
0.331021
0.401007
0.163858
0.662
0.0274237
0.538636
0.0594155
0.468892
0.245478
0.228231
0.432072
0.507021
0.125373
0.662
0.662
0.662
0.396284
0.662
0.184869
0.303198
0.662
0.662
0.662
0.662
0.345079
0.280381
0.662
0.122188
0.254455
0.662
0.418897
0.137041
0.662
0.510629
0.52191
0.414342
0.662
0.662
0.280482
0.138076
0.226174
0.662
0.440987
0.305203
0.306258
0.662
0.475375
0.461644
0.37971
0.662
0.662
0.223677
0.0538828
0.662
0.0272138
0.15609
0.435664
0.0954462
0.245606
0.35461
0.201741
0.182365
0.445428
0.16208
0.0103557
0.662
0.0329606
0.624208
0.662
0.621444
0.278327
0.662
0.662
0.662
0.662
0.244205
0.662
0.416377
0.413147
0.30008
0.662
0.274349
0.116501
0.662
0.355831
0.662
0.0780187
0.662
0.414279
0.341008
0.472376
0.662
0.282517
0.292075
0.197948
0.412786
0.158264
0.156433
0.128417
0.402403
0.350511
0.356213
0.0619606
0.343152
0.243432
0.662
0.662
0.332148
0.368168
0.147403
0.36028
0.230033
0.0362523
0.662
0.574375
0.662
0.183704
0.190492
0.662
0.662
0.662
0.305905
0.474444
0.662
0.11021
0.662
0.352236
0.0288851
0.349115
0.340362
0.268676
0.445647
0.032928
0.255499
0.662
0.662
0.662
0.34544
0.42454
0.662
0.662
0.662
0.219878
0.380137
0.662
0.194037
0.662
0.600117
0.662
0.220193
0.265842
0.109296
0.068996
0.662
0.662
0.0972137
0.0275292
0.662
0.448752
0.250913
0.218964
0.662
0.228007
0.662
0.266134
0.662
0.662
0.364049
0.308992
0.371197
0.246335
0.662
0.231644
0.458297
0.662
0.662
0.662
0.176682
0.232045
0.472295
0.662
0.25695
0.662
0.247813
0.662
0.225359
0.329307
0.431398
0.580506
0.217813
0.662
0.296756
0.478698
0.0761822
0.662
0.205833
0.184439
0.489098
0.662
0.326407
0.662
0.662
0.263383
0.161804
0.164714
0.662
0.662
0.662
0.662
0.467766
0.19392
0.16947
0.452366
0.172911
0.413902
0.261804
0.63339
0.662
0.589219
0.420673
0.0362563
0.662
0.662
0.235211
0.554053
0.248632
0.295634
0.422042
0.35296
0.662
0.094899
0.662
0.662
0.662
0.569626
0.210362
0.662
0.436867
0.127691
0.662
0.203953
0.323081
0.229118
0.662
0.662
0.662
0.636286
0.553614
0.662
0.662
0.662
0.576511
0.0719608
0.662
0.662
0.0769053
0.662
0.492658
0.312522
0.662
0.662
0.12653
0.662
0.317059
0.0189379
0.241453
0.662
0.44063
0.265148
0.34262
0.524181
0.662
0.439357
0.429597
0.0190244
0.278688
0.139782
0.192722
0.584193
0.662
0.0435433
0.0911476
0.182017
0.310736
0.662
0.345984
0.662
0.22696
0.0587738
0.662
0.662
0.357106
0.388485
0.662
0.060229
0.662
0.290317
0.0648951
0.662
0.662
0.183536
0.647163
0.0321998
0.380119
0.261475
0.662
0.662
0.247324
0.335013
0.252803
0.662
0.249262
0.414438
0.301957
0.662
0.662
0.662
0.306527
0.198029
0.14378
0.504489
0.662
0.470657
0.0409519
0.662
0.247341
0.662
0.0112113
0.221039
0.612589
0.662
0.28533
0.225068
0.614537
0.086162
0.298526
0.662
0.662
0.448481
0.662
0.0930802
0.662
0.662
0.140761
0.354007
0.662
0.203461
0.166357
0.387535
0.430023
0.630767
0.337616
0.662
0.111781
0.0273218
0.662
0.136324
0.134349
0.0474123
0.145191
0.662
0.47238
0.16278
0.159439
0.662
0.662
0.501347
0.662
0.662
0.0749734
0.445335
0.580943
0.662
0.399374
0.0841011
0.240933
0.351894
0.156688
0.662
0.138237
0.292555
0.209774
0.662
0.662
0.294318
0.000281776
0.400049
0.662
0.237987
0.662
0.521109
0.324349
0.339945
0.662
0.662
0.662
0.36204
0.112332
0.476791
0.662
0.261854
0.662
0.662
0.33068
0.553631
0.210789
0.662
0.116608
0.0927715
0.184438
0.026806
0.662
0.299122
0.662
0.325445
0.662
0.18013
0.264125
0.263565
0.3314
0.662
0.00225509
0.262883
0.662
0.662
0.536797
0.198856
0.662
0.365779
0.662
0.486594
0.414766
0.662
0.662
0.327056
0.662
0.275334
0.193642
0.662
0.39966
0.428832
0.298368
0.167957
0.382586
0.662
0.186024
0.19997
0.662
0.242121
0.286444
0.662
0.10569
0.109314
0.662
0.662
0.612375
0.451418
0.662
0.374323
0.662
0.341539
0.662
0.57854
0.0839994
0.662
0.279911
0.662
0.662
0.620915
0.118758
0.662
0.662
0.341592
0.421564
0.309094
0.662
0.662
0.662
0.390748
0.565764
0.294932
0.662
0.662
0.563503
0.200876
0.493101
0.662
0.662
0.338904
0.242419
0.35659
0.662
0.662
0.275674
0.662
0.124287
0.662
0.0632883
0.418679
0.662
0.662
0.366365
0.662
0.165644
0.0686398
0.0327261
0.662
0.43909
0.382724
0.294431
0.662
0.662
0.662
0.106799
0.662
0.193729
0.662
0.0451185
0.120551
0.465832
0.0318738
0.662
0.269344
0.176516
0.0614788
0.103721
0.425185
0.485762
0.63223
0.662
0.247964
0.13144
0.391608
0.331138
0.662
0.277511
0.403056
0.267831
0.0824953
0.662
0.662
0.662
0.412347
0.323356
0.186022
0.278766
0.105003
0.188292
0.376822
0.501575
0.155796
0.117059
0.0441617
0.662
0.662
0.26788
0.662
0.0687897
0.399023
0.368007
0.455692
0.0550338
0.406548
0.662
0.662
0.662
0.328821
0.360175
0.285324
0.662
0.115225
0.0671727
0.0107592
0.662
0.437657
0.654131
0.662
0.662
0.662
0.0880618
0.648015
0.662
0.178417
0.0165796
0.662
0.662
0.662
0.151395
0.256922
0.362195
0.109877
0.662
0.23853
0.428126
0.662
0.23745
0.662
0.111667
0.662
0.662
0.662
0.445749
0.405962
0.234378
0.366805
0.662
0.0674967
0.466578
0.33727
0.511149
0.251247
0.303802
0.662
0.148232
0.399712
0.662
0.662
0.39074
0.415171
0.662
0.593217
0.662
0.423612
0.662
0.662
0.219346
0.508031
0.662
0.0658877
0.114143
0.458157
0.662
0.462242
0.186768
0.662
0.193613
0.460346
0.0529901
0.338694
0.470106
0.180752
0.114657
0.486751
0.00558804
0.28792
0.476839
0.460882
0.662
0.129387
0.662
0.662
0.360846
0.662
0.489701
0.274214
0.483321
0.662
0.662
0.662
0.353434
0.227426
0.662
0.630017
0.211811
0.0211524
0.662
0.311276
0.189375
0.276431
0.434798
0.662
0.662
0.215023
0.662
0.662
0.427192
0.3961
0.154974
0.231556
0.185693
0.342438
0.662
0.237301
0.662
0.662
0.662
0.662
0.662
0.0413786
0.0131163
0.000515244
0.662
0.193131
0.374704
0.0324004
0.662
0.662
0.662
0.662
0.662
0.662
0.273888
0.662
0.662
0.662
0.662
0.253405
0.662
0.629706
0.662
0.2349
0.0762594
0.474038
0.170135
0.519219
0.208941
0.0781018
0.662
0.256799
0.432342
0.101666
0.662
0.206312
0.353406
0.643232
0.324971
0.308272
0.662
0.57718
0.590337
0.662
0.472786
0.529176
0.662
0.297203
0.157984
0.114462
0.662
0.500457
0.662
0.556878
0.662
0.0280353
0.478898
0.0778909
0.662
0.0553224
0.39269
0.662
0.245526
0.662
0.662
0.662
0.284523
0.411326
0.326495
0.662
0.243221
0.587362
0.213425
0.662
0.513779
0.466812
0.662
0.662
0.211796
0.0324146
0.181113
0.662
0.311895
0.662
0.280366
0.662
0.442847
0.572468
0.417766
0.662
0.662
0.662
0.105444
0.662
0.0963997
0.324288
0.437436
0.253225
0.662
0.408869
0.662
0.429047
0.662
0.191361
0.662
0.662
0.245228
0.662
0.500617
0.462097
0.662
0.662
0.252883
0.662
0.662
0.0879596
0.250575
0.662
0.662
0.192969
0.0721993
0.00446867
0.311754
0.651965
0.662
0.116129
0.551734
0.332964
0.662
0.662
0.171495
0.363489
0.662
0.662
0.662
0.145732
0.293103
0.579904
0.662
0.157459
0.553105
0.430381
0.0838427
0.662
0.662
0.662
0.662
0.662
0.104264
0.480497
0.662
0.662
0.467973
0.257943
0.662
0.329658
0.662
0.662
0.662
0.259723
0.662
0.662
0.165917
0.408125
0.662
0.240828
0.288315
0.362516
0.195531
0.299203
0.464704
0.444053
0.662
0.175927
0.662
0.331051
0.662
0.188118
0.0975873
0.287812
0.662
0.423859
0.337388
0.315497
0.662
0.662
0.205491
0.662
0.266314
0.0498462
0.0419885
0.22485
0.284181
0.270806
0.0539284
0.0539726
0.662
0.662
0.483603
0.278957
0.252069
0.225385
0.345359
0.213375
0.140966
0.608105
0.247154
0.662
0.662
0.662
0.0489222
0.247123
0.30847
0.0459499
0.662
0.275941
0.21469
0.662
0.63339
0.457614
0.662
0.242381
0.205903
0.662
0.192945
0.662
0.280964
0.662
0.662
0.409346
0.417899
0.662
0.662
0.662
0.254812
0.662
0.662
0.359733
0.4507
0.662
0.662
0.147622
0.374564
0.662
0.662
0.662
0.662
0.662
0.662
0.662
0.662
0.211811
0.662
0.662
0.662
0.156131
0.205979
0.433725
0.303385
0.388665
0.521091
0.662
0.662
0.0473778
0.402346
0.482243
0.234592
0.662
0.662
0.662
0.662
0.662
0.178377
0.662
0.294043
0.662
0.204666
0.449163
0.226826
0.247694
0.662
0.232942
0.662
0.266059
0.13953
0.662
0.230425
0.16744
0.662
0.662
0.662
0.350998
0.662
0.662
0.354506
0.344947
0.662
0.662
0.120274
0.662
0.662
0.258692
0.662
0.385178
0.209639
0.662
0.254724
0.210574
0.662
0.662
0.26182
0.662
0.194713
0.455947
0.484319
0.662
0.650766
0.158458
0.431073
0.296578
0.317991
0.662
0.662
0.307802
0.396756
0.133408
0.662
0.662
0.603618
0.662
0.662
0.662
0.294155
0.427921
0.17914
0.662
0.0826138
0.479791
0.217432
0.662
0.662
0.662
0.662
0.304116
0.250245
0.662
0.251801
0.662
0.662
0.662
0.125376
0.662
0.493338
0.317862
0.0595575
0.662
0.378846
0.662
0.19
0.49412
0.635413
0.662
0.529562
0.662
0.363168
0.662
0.662
0.662
0.198386
0.412881
0.662
0.158844
0.518379
0.462431
0.198188
0.385808
0.298398
0.217131
0.234634
0.662
0.125168
0.662
0.595745
0.268984
0.193927
0.662
0.427197
0.190606
0.662
0.662
0.662
0.662
0.662
0.330757
0.662
0.662
0.662
0.186501
0.209587
0.662
0.142979
0.27083
0.00570873
0.662
0.268683
0.130611
0.662
0.398288
0.662
0.381205
0.11213
0.399297
0.437273
0.662
0.173578
0.662
0.662
0.662
0.662
0.662
0.146121
0.256468
0.662
0.618296
0.662
0.662
0.662
0.392469
0.662
0.567977
0.310116
0.253407
0.662
0.662
0.229755
0.559922
0.662
0.662
0.172136
0.662
0.662
0.173362
0.228472
0.0412696
0.555327
0.245831
0.232298
0.250369
0.558731
0.13785
0.662
0.597586
0.662
0.159956
0.23886
0.116582
0.662
0.396363
0.290495
0.366372
0.193144
0.648372
0.662
0.193232
0.0476416
0.662
0.352985
0.0723166
0.188555
0.243861
0.662
0.662
0.0657415
0.269045
0.222125
0.662
0.154663
0.662
0.662
0.340249
0.0689374
0.662
0.662
0.662
0.370034
0.217738
0.546837
0.189612
0.662
0.327535
0.36891
0.191395
0.0434781
0.120705
0.159627
0.24322
0.205677
0.662
0.174907
0.481351
0.320293
0.662
0.662
0.326364
0.662
0.662
0.208795
0.662
0.662
0.662
0.662
0.662
0.662
0.053093
0.139672
0.662
0.662
0.662
0.662
0.0143166
0.662
0.662
0.0277539
0.346302
0.230327
0.0283145
0.304321
0.662
0.399783
0.259519
0.282348
0.215553
0.146418
0.662
0.479005
0.376752
0.662
0.046858
0.294196
0.0207677
0.662
0.662
0.479025
0.267725
0.285281
0.662
0.40097
0.662
0.379741
0.0668282
0.662
0.662
0.662
0.437499
0.313946
0.662
0.40949
0.662
0.180521
0.272288
0.662
0.135425
0.662
0.521393
0.22922
0.198583
0.0920968
0.662
0.662
0.389573
0.662
0.662
0.149546
0.0316502
0.584596
0.662
0.197793
0.662
0.662
0.406351
0.662
0.412511
0.662
0.330815
0.662
0.662
0.388637
0.323414
0.662
0.303233
0.40042
0.209985
0.521204
0.0598702
0.143297
0.120617
0.662
0.45847
0.389791
0.16466
0.258675
0.0567716
0.662
0.0440076
0.662
0.485016
0.228883
0.662
0.662
0.18571
0.0621782
0.248794
0.662
0.217991
0.19011
0.662
0.0480857
0.380849
0.236643
0.662
0.0332279
0.0453677
0.662
0.662
0.0428927
0.662
0.467582
0.25138
0.331082
0.307758
0.662
0.662
0.228129
0.241146
0.293869
0.0822037
0.347553
0.376031
0.662
0.381894
0.352689
0.662
0.221558
0.662
0.255037
0.0776913
0.662
0.174289
0.4472
0.370145
0.283256
0.465546
0.662
0.662
0.662
0.0999359
0.164868
0.458043
0.469788
0.4302
0.662
0.662
0.662
0.070014
0.19689
0.036335
0.662
0.125845
0.262402
0.468097
0.417679
0.662
0.135759
0.662
0.572065
0.412932
0.662
0.662
0.662
0.266314
0.662
0.662
0.281047
0.662
0.524395
0.196679
0.662
0.263083
0.662
0.244229
0.579657
0.24232
0.194436
0.37718
0.662
0.352037
0.662
0.416435
0.662
0.499116
0.44662
0.662
0.354022
0.662
0.165945
0.521009
0.662
0.662
0.212709
0.662
0.215508
0.245768
0.662
0.123306
0.662
0.662
0.393598
0.651487
0.662
0.121245
0.662
0.662
0.662
0.662
0.662
0.255365
0.662
0.662
0.145618
0.662
0.215809
0.662
0.662
0.662
0.662
0.240485
0.346793
0.395232
0.112855
0.382124
0.610471
0.316143
0.662
0.662
0.662
0.219776
0.662
0.622024
0.662
0.662
0.662
0.662
0.662
0.0122092
0.449152
0.662
0.662
0.662
0.485915
0.662
0.662
0.521754
0.425227
0.662
0.662
0.662
0.386489
0.18622
0.0120359
0.407258
0.132009
0.662
0.662
0.176644
0.223035
0.374906
0.662
0.213305
0.213538
0.301015
0.456907
0.662
0.662
0.242699
0.593032
0.662
0.108279
0.211782
0.417112
0.293714
0.00954979
0.233945
0.0888927
0.435906
0.662
0.662
0.287246
0.662
0.209222
0.45594
0.411006
0.120147
0.662
0.481395
0.375247
0.662
0.087432
0.171147
0.25715
0.662
0.265484
0.266905
0.662
0.477214
0.504138
0.147953
0.0751088
0.181137
0.144008
0.662
0.22424
0.191211
0.251451
0.112419
0.146695
0.57994
0.151464
0.295107
0.385327
0.100704
0.00441055
0.662
0.0473622
0.00273246
0.184991
0.662
0.00215245
0.599664
0.162027
0.662
0.662
0.662
0.226409
0.662
0.133184
0.662
0.662
0.0563349
0.662
0.662
0.401498
0.662
0.159007
0.225632
0.0866566
0.662
0.435479
0.662
0.0607911
0.104369
0.662
0.662
0.662
0.662
0.197329
0.00339837
0.460912
0.118013
0.662
0.278719
0.467509
0.633391
0.429722
0.183698
0.303372
0.0350697
0.311337
0.662
0.662
0.313028
0.429861
0.662
0.151374
0.662
0.662
0.349365
0.595075
0.662
0.662
0.662
0.209449
0.169663
0.433829
0.23147
0.662
0.662
0.422372
0.152893
0.662
0.662
0.662
0.662
0.319266
0.662
0.189816
0.662
0.213278
0.662
0.312138
0.662
0.662
0.336776
0.117962
0.662
0.662
0.18833
0.445795
0.371146
0.196279
0.662
0.662
0.662
0.232731
0.662
0.321163
0.429214
0.662
0.662
0.491472
0.662
0.344065
0.490122
0.662
0.662
0.662
0.662
0.662
0.662
0.662
0.595951
0.0105687
0.662
0.343336
0.133863
0.662
0.5666
0.290311
0.662
0.662
0.270808
0.662
0.662
0.305562
0.103979
0.436025
0.662
0.236965
0.108314
0.662
0.400874
0.286139
0.480845
0.662
0.436384
0.456493
0.662
0.662
0.158528
0.662
0.662
0.172343
0.662
0.151539
0.244584
0.589816
0.662
0.469104
0.662
0.662
0.662
0.662
0.662
0.662
0.662
0.58947
0.662
0.265681
0.194072
0.662
0.0463778
0.156006
0.311685
0.450153
0.164473
0.662
0.621928
0.662
0.432571
0.197622
0.0785992
0.259044
0.662
0.363213
0.662
0.662
0.662
0.4672
0.662
0.662
0.662
0.196765
0.0921094
0.194637
0.442826
0.116173
0.0852785
0.0402788
0.662
0.662
0.216694
0.196964
0.0649785
0.0281565
0.397696
0.662
0.114886
0.255053
0.0904316
0.374219
0.662
0.148411
0.662
0.309133
0.662
0.662
0.0177635
0.662
0.0349707
0.511541
0.335627
0.512439
0.662
0.375446
0.634568
0.47916
0.31545
0.662
0.662
0.0732506
0.557924
0.154288
0.290555
0.440531
0.662
0.662
0.188792
0.269697
0.662
0.175514
0.662
0.620452
0.662
0.167862
0.662
0.136468
0.662
0.362651
0.474809
0.578929
0.105982
0.472074
0.421613
0.218815
0.662
0.216666
0.576289
0.599902
0.226617
0.102939
0.662
0.00715293
0.641797
0.662
0.662
0.0108838
0.472422
0.662
0.662
0.662
0.662
0.662
0.102538
0.662
0.118145
0.26214
0.436937
0.0798769
0.0437169
0.662
0.25348
0.356321
0.137635
0.662
0.194537
0.662
0.343625
0.444605
0.214793
0.510841
0.0618698
0.662
0.180418
0.662
0.662
0.330069
0.63339
0.662
0.293943
0.662
0.243747
0.507961
0.662
0.149761
0.0235288
0.244527
0.662
0.340315
0.23344
0.662
0.308278
0.300741
0.112619
0.565141
0.662
0.203997
0.090585
0.662
0.239534
0.662
0.662
0.372802
0.391852
0.212924
0.264137
0.662
0.548907
0.662
0.0783352
0.662
0.372322
0.348374
0.238397
0.662
0.416451
0.63339
0.25147
0.230339
0.662
0.662
0.662
0.408419
0.606615
0.235317
0.474224
0.408732
0.662
0.662
0.662
0.662
0.189983
0.662
0.662
0.662
0.662
0.662
0.226864
0.662
0.119987
0.38802
0.662
0.454139
0.662
0.229321
0.662
0.662
0.277594
0.160061
0.0541451
0.662
0.221961
0.662
0.288924
0.662
0.122943
0.189912
0.0961925
0.0747445
0.662
0.133295
0.148736
0.662
0.232614
0.469636
0.576753
0.171855
0.290974
0.662
0.662
0.0926326
0.662
0.662
0.662
0.125657
0.662
0.337211
0.0162341
0.232901
0.662
0.0305164
0.662
0.182158
0.394337
0.0830347
0.387237
0.0511651
0.118558
0.0850661
0.662
0.662
0.357214
0.0702245
0.662
0.207745
0.165847
0.198545
0.2616
0.662
0.159706
0.662
0.193183
0.129266
0.662
0.12738
0.143004
0.662
0.456276
0.404049
0.662
0.502117
0.662
0.662
0.662
0.662
0.212241
0.00869288
0.304721
0.662
0.662
0.473178
0.662
0.297042
0.662
0.662
0.268417
0.223737
0.335108
0.662
0.0873475
0.388177
0.437276
0.532966
0.162521
0.248293
0.358935
0.117877
0.166328
0.662
0.259771
0.662
0.411822
0.183097
0.662
0.36493
0.558859
0.396966
0.120843
0.662
0.662
0.662
0.187815
0.477027
0.10647
0.11797
0.169127
0.188327
0.22337
0.103716
0.662
0.662
0.253782
0.569465
0.662
0.102032
0.333304
0.432955
0.283885
0.226257
0.662
0.204832
0.406384
0.662
0.662
0.479551
0.662
0.399086
0.186354
0.209195
0.662
0.146342
0.102679
0.346559
0.336663
0.662
0.342123
0.662
0.155793
0.0242653
0.224227
0.662
0.168658
0.662
0.206754
0.417284
0.662
0.118813
0.493207
0.409134
0.373034
0.662
0.486901
0.281758
0.662
0.662
0.339848
0.464383
0.116184
0.113922
0.662
0.485238
0.662
0.662
0.662
0.165637
0.152775
0.662
0.662
0.662
0.0627049
0.662
0.662
0.662
0.137852
0.167882
0.31705
0.662
0.662
0.181012
0.181325
0.281683
0.662
0.385859
0.63339
0.662
0.662
0.500333
0.662
0.40968
0.662
0.498344
0.662
0.246737
0.198882
0.662
0.662
0.662
0.369156
0.229143
0.662
0.435336
0.388541
0.662
0.662
0.662
0.398062
0.14134
0.314782
0.261146
0.50275
0.1928
0.662
0.662
0.662
0.662
0.272806
0.662
0.211975
0.662
0.662
0.502867
0.45454
0.20113
0.0721663
0.505976
0.662
0.177565
0.662
0.0853654
0.119631
0.395501
0.365689
0.41551
0.26676
0.662
0.633907
0.662
0.0338891
0.662
0.662
0.662
0.3604
0.207531
0.00616527
0.191026
0.326175
0.496436
0.662
0.431149
0.662
0.085638
0.46069
0.662
0.662
0.662
0.198338
0.662
0.0415334
0.662
0.196715
0.00587234
0.662
0.36542
0.211054
0.257147
0.583079
0.223201
0.39398
0.662
0.587827
0.264473
0.662
0.377882
0.204936
0.404986
0.160301
0.411529
0.451259
0.0312253
0.452525
0.226577
0.191584
0.194731
0.259281
0.662
0.393943
0.0250145
0.662
0.0382627
0.662
0.469746
0.0870493
0.662
0.662
0.662
0.369851
0.398157
0.296487
0.309295
0.201263
0.317277
0.662
0.662
0.0640615
0.245096
0.662
0.255084
0.197716
0.662
0.194717
0.662
0.0730003
0.662
0.662
0.662
0.662
0.662
0.32974
0.0664217
0.662
0.120755
0.21768
0.662
0.205245
0.19175
0.662
0.566086
0.158563
0.200339
0.662
0.264932
0.662
0.276855
0.662
0.662
0.662
0.50885
0.36596
0.54253
0.390218
0.258186
0.423761
0.662
0.662
0.228681
0.662
0.134256
0.234937
0.662
0.182128
0.662
0.662
0.662
0.124886
0.394699
0.662
0.662
0.662
0.174388
0.396521
0.662
0.415224
0.0926331
0.41145
0.0899382
0.662
0.0702677
0.151731
0.662
0.662
0.307217
0.454334
0.249803
0.470057
0.662
0.278052
0.459216
0.247232
0.345448
0.425954
0.662
0.469335
0.662
0.206941
0.458124
0.662
0.377781
0.126258
0.207245
0.477245
0.190647
0.167728
0.231243
0.662
0.662
0.662
0.231452
0.662
0.609604
0.218861
0.500156
0.662
0.291547
0.662
0.662
0.662
0.353403
0.0332454
0.225176
0.315197
0.459927
0.662
0.662
0.418476
0.662
0.226781
0.662
0.213037
0.262357
0.187953
0.30494
0.386527
0.662
0.082663
0.662
0.150337
0.662
0.0780721
0.179726
0.215373
0.151484
0.0328888
0.364515
0.662
0.662
0.34408
0.239888
0.662
0.313766
0.26174
0.662
0.662
0.411425
0.662
0.662
0.662
0.347048
0.147692
0.662
0.567631
0.662
0.342517
0.662
0.161961
0.474567
0.148569
0.662
0.0611682
0.662
0.299688
0.219097
0.662
0.662
0.662
0.662
0.0911047
0.387153
0.588142
0.0158443
0.568489
0.211144
0.0818194
0.662
0.088071
0.463533
0.424043
0.170162
0.458981
0.208467
0.398587
0.432901
0.39146
0.165855
0.662
0.662
0.662
0.307726
0.662
0.16357
0.226159
0.329636
0.662
0.662
0.457386
0.662
0.662
0.166322
0.542012
0.296622
0.0833404
0.563193
0.322415
0.662
0.311168
0.0752523
0.366477
0.662
0.174785
0.662
0.0239033
0.662
0.117944
0.662
0.22705
0.201436
0.110971
0.662
0.257164
0.662
0.662
0.662
0.353106
0.084599
0.435593
0.662
0.662
0.33724
0.471108
0.257316
0.205969
0.662
0.662
0.662
0.19591
0.345147
0.423704
0.305496
0.394248
0.662
0.368635
0.662
0.207667
0.293879
0.662
0.305795
0.299215
0.345234
0.450737
0.192018
0.199893
0.662
0.259549
0.238658
0.307596
0.37454
0.662
0.305619
0.662
0.662
0.662
0.662
0.21516
0.313525
0.104105
0.662
0.497494
0.389987
0.345744
0.106871
0.403347
0.662
0.241022
0.430076
0.377485
0.662
0.662
0.662
0.0160959
0.215477
0.125153
0.0464283
0.432264
0.662
0.189464
0.662
0.662
0.57899
0.353968
0.431323
0.150218
0.506526
0.662
0.226928
0.184948
0.19783
0.662
0.208407
0.307251
0.662
0.662
0.0937704
0.292578
0.352804
0.218237
0.152422
0.194138
0.292923
0.241368
0.662
0.212521
0.298782
0.217115
0.662
0.326379
0.123421
0.342827
0.662
0.470596
0.662
0.662
0.2968
0.28145
0.662
0.0332424
0.342887
0.26662
0.0988654
0.662
0.14102
0.662
0.203068
0.652154
0.235584
0.28008
0.662
0.662
0.662
0.219744
0.662
0.165242
0.152203
0.426621
0.662
0.131991
0.387732
0.189817
0.413324
0.272366
0.662
0.662
0.662
0.00580229
0.266015
0.543249
0.662
0.192709
0.349611
0.197625
0.420905
0.4391
0.662
0.113698
0.203226
0.662
0.240139
0.36526
0.277893
0.662
0.19324
0.329866
0.662
0.321859
0.422059
0.151535
0.298514
0.235966
0.341158
0.50775
0.662
0.206726
0.475887
0.662
0.0351188
0.221546
0.242228
0.662
0.00674602
0.122492
0.221559
0.166662
0.0666416
0.0913006
0.302451
0.230037
0.221855
0.482893
0.662
0.662
0.128503
0.662
0.0903416
0.478964
0.662
0.207977
0.662
0.313981
0.662
0.662
0.195906
0.566006
0.276508
0.662
0.134353
0.237362
0.0712958
0.662
0.415113
0.186824
0.440131
0.46633
0.662
0.347047
0.662
0.408171
0.364277
0.662
0.479607
0.233373
0.662
0.235184
0.662
0.472682
0.662
0.564986
0.488918
0.474964
0.209167
0.180132
0.0861917
0.0743913
0.538035
0.662
0.113375
0.316231
0.662
0.662
0.662
0.662
0.662
0.662
0.451275
0.226804
0.299086
0.440016
0.662
0.662
0.475124
0.254221
0.662
0.662
0.13664
0.437901
0.662
0.662
0.662
0.0672755
0.270296
0.662
0.651158
0.187033
0.346452
0.662
0.662
0.404564
0.0354897
0.662
0.438101
0.220376
0.662
0.306895
0.662
0.125942
0.0198047
0.662
0.143372
0.662
0.662
0.0912562
0.369471
0.208166
0.149394
0.0871144
0.224675
0.662
0.662
0.184645
0.26497
0.135385
0.662
0.392666
0.662
0.267622
0.231413
0.305895
0.0638745
0.437809
0.350624
0.662
0.634849
0.569591
0.278326
0.260069
0.662
0.186723
0.306725
0.199108
0.487755
0.389848
0.662
0.662
0.662
0.662
0.662
0.256123
0.568564
0.145203
0.200169
0.233862
0.662
0.112979
0.662
0.0194672
0.415729
0.662
0.662
0.662
0.662
0.454156
0.325996
0.47002
0.0779894
0.662
0.101236
0.158931
0.0264991
0.476624
0.46474
0.135002
0.297041
0.662
0.662
0.26543
0.662
0.36477
0.302003
0.662
0.662
0.0715804
0.0764952
0.42217
0.662
0.192109
0.22685
0.130632
0.306116
0.276129
0.662
0.662
0.447875
0.383625
0.138862
0.04953
0.407498
0.662
0.339798
0.662
0.48499
0.464828
0.0671877
0.600633
0.20229
0.408328
0.149222
0.662
0.211733
0.662
0.501804
0.375551
0.662
0.590561
0.662
0.662
0.214082
0.104555
0.15121
0.421592
0.229641
0.662
0.242311
0.662
0.402272
0.662
0.662
0.662
0.662
0.0495678
0.437309
0.662
0.662
0.111477
0.662
0.435827
0.290331
0.228036
0.662
0.662
0.662
0.662
0.662
0.662
0.361832
0.662
0.415831
0.512516
0.662
0.219215
0.0545621
0.352688
0.0756367
0.289231
0.260793
0.408126
0.406841
0.662
0.180072
0.662
0.662
0.606882
0.347393
0.126778
0.183125
0.566791
0.472062
0.662
0.662
0.662
0.228866
0.0591729
0.310691
0.203663
0.662
0.356511
0.471829
0.195846
0.139171
0.662
0.280862
0.000173223
0.0760544
0.38398
0.662
0.199618
0.363131
0.662
0.662
0.344314
0.662
0.481008
0.662
0.662
0.662
0.662
0.662
0.254664
0.395033
0.208431
0.100428
0.662
0.662
0.431822
0.662
0.662
0.662
0.190283
0.220284
0.662
0.580777
0.40038
0.350338
0.662
0.662
0.200488
0.196732
0.23906
0.662
0.380049
0.330155
0.662
0.662
0.0589517
0.660163
0.662
0.662
0.662
0.662
0.584519
0.31924
0.461701
0.148766
0.662
0.324249
0.662
0.0361592
0.191387
0.662
0.0616424
0.662
0.662
0.662
0.393309
0.227208
0.286747
0.662
0.0207596
0.260203
0.662
0.140827
0.662
0.231823
0.461288
0.662
0.311525
0.191847
0.020503
0.662
0.232669
0.0422204
0.610052
0.606118
0.662
0.251846
0.662
0.662
0.166995
0.342441
0.662
0.462781
0.0438429
0.374453
0.312561
0.229406
0.372241
0.288999
0.662
0.662
0.536403
0.397547
0.231835
0.35735
0.158909
0.662
0.662
0.354634
0.304211
0.468536
0.0305029
0.662
0.434641
0.246477
0.2089
0.192514
0.662
0.662
0.228836
0.662
0.618107
0.662
0.497322
0.44642
0.323998
0.662
0.481696
0.662
0.389434
0.662
0.230413
0.206521
0.203926
0.549041
0.324237
0.407406
0.662
0.0285773
0.355104
0.662
0.444215
0.662
0.662
0.247696
0.662
0.532487
0.662
0.312953
0.565009
0.662
0.662
0.291869
0.188067
0.270915
0.29295
0.292196
0.662
0.440659
0.662
0.662
0.110829
0.243305
0.558512
0.662
0.042395
0.0538793
0.155625
0.44383
0.662
0.175412
0.360306
0.454818
0.458898
0.662
0.662
0.478761
0.662
0.662
0.662
0.662
0.662
0.162998
0.151595
0.662
0.662
0.0491157
0.662
0.662
0.662
0.662
0.0981236
0.662
0.0138709
0.238299
0.00809201
0.662
0.0557737
0.138275
0.179209
0.662
0.662
0.662
0.567475
0.63101
0.662
0.662
0.662
0.662
0.662
0.662
0.201458
0.215868
0.479696
0.449078
0.119074
0.152979
0.237605
0.644581
0.662
0.2153
0.0567168
0.147366
0.0804114
0.662
0.662
0.609968
0.189169
0.189698
0.252942
0.0216056
0.662
0.199601
0.105768
0.662
0.123181
0.662
0.371913
0.334848
0.662
0.39303
0.662
0.207183
0.157952
0.0411089
0.052842
0.662
0.662
0.662
0.662
0.662
0.662
0.565037
0.105817
0.251475
0.662
0.662
0.0477964
0.253009
0.100049
0.0935437
0.662
0.414274
0.133482
0.160168
0.662
0.662
0.662
0.662
0.662
0.125283
0.662
0.180921
0.662
0.662
0.239009
0.662
0.662
0.397085
0.191544
0.662
0.148521
0.356954
0.662
0.413429
0.208542
0.662
0.327807
0.296454
0.0744827
0.662
0.099448
0.262002
0.40868
0.662
0.516057
0.119514
0.662
0.662
0.46151
0.588333
0.662
0.662
0.227099
0.251401
0.239099
0.662
0.662
0.4411
0.662
0.184801
0.324837
0.662
0.662
0.662
0.662
0.662
0.662
0.548069
0.377243
0.486959
0.351894
0.430982
0.540618
0.662
0.435755
0.439227
0.394744
0.662
0.386307
0.662
0.398063
0.662
0.0868127
0.129371
0.031392
0.288591
0.230674
0.662
0.00110603
0.662
0.290117
0.286364
0.662
0.662
0.662
0.662
0.662
0.34659
0.662
0.662
0.0534075
0.459879
0.662
0.662
0.662
0.200686
0.662
0.504782
0.662
0.270698
0.466146
0.362687
0.426103
0.662
0.112224
0.303526
0.662
0.662
0.26089
0.404691
0.152411
0.291283
0.458718
0.662
0.662
0.422681
0.0454078
0.14027
0.205247
0.487352
0.265594
0.658508
0.509339
0.0801599
0.352536
0.214724
0.22299
0.388268
0.662
0.055107
0.662
0.409323
0.0434982
0.662
0.0776142
0.57404
0.109841
0.662
0.4495
0.231016
0.662
0.101761
0.506667
0.269137
0.146066
0.662
0.662
0.662
0.456642
0.298416
0.189708
0.166105
0.662
0.662
0.278088
0.239162
0.306548
0.492743
0.131575
0.662
0.585418
0.662
0.662
0.134056
0.662
0.436654
0.662
0.210283
0.0766142
0.332297
0.662
0.662
0.662
0.662
0.590301
0.443798
0.662
0.18001
0.402689
0.662
0.236206
0.662
0.445424
0.662
0.662
0.212154
0.662
0.373776
0.224919
0.237261
0.261161
0.386378
0.662
0.221879
0.477245
0.284327
0.618391
0.662
0.391341
0.369385
0.596618
0.662
0.662
0.662
0.594137
0.511891
0.235726
0.662
0.662
0.662
0.662
0.462276
0.0411805
0.128799
0.662
0.504365
0.662
0.422476
0.180412
0.662
0.360638
0.213254
0.662
0.381468
0.662
0.662
0.0779235
0.136208
0.205344
0.630671
0.662
0.662
0.219211
0.0151807
0.662
0.662
0.214237
0.662
0.0571754
0.219761
0.241807
0.259172
0.662
0.121097
0.662
0.659491
0.143253
0.190307
0.662
0.365198
0.195418
0.319451
0.213372
0.662
0.208402
0.662
0.0729373
0.0458802
0.662
0.251271
0.662
0.0849421
0.662
0.64747
0.662
0.375916
0.173296
0.190667
0.662
0.279957
0.291405
0.662
0.662
0.662
0.662
0.0126184
0.226029
0.0492624
0.2345
0.0066459
0.554553
0.285657
0.662
0.273097
0.184525
0.217765
0.662
0.0763106
0.662
0.159161
0.662
0.128968
0.206112
0.19367
0.662
0.326801
0.201843
0.432375
0.662
0.166418
0.263265
0.234819
0.147684
0.248675
0.427806
0.662
0.662
0.662
0.662
0.662
0.3404
0.306062
0.613539
0.662
0.0697702
0.230422
0.612876
0.347497
0.662
0.662
0.439586
0.567043
0.167612
0.00373903
0.575675
0.0425393
0.662
0.662
0.662
0.264978
0.466065
0.662
0.662
0.662
0.243744
0.662
0.662
0.662
0.662
0.662
0.204541
0.662
0.662
0.662
0.662
0.196936
0.0945943
0.496703
0.397113
0.220997
0.331523
0.214441
0.198238
0.662
0.1519
0.662
0.662
0.662
0.10124
0.295312
0.641431
0.358174
0.662
0.378872
0.501395
0.662
0.194106
0.0302308
0.662
0.336371
0.653762
0.662
0.662
0.662
0.655684
0.22173
0.662
0.662
0.662
0.0666237
0.662
0.494162
0.662
0.662
0.359443
0.662
0.0232999
0.192925
0.2633
0.307165
0.662
0.337274
0.473753
0.475251
0.662
0.147213
0.296979
0.295802
0.274341
0.459749
0.662
0.662
0.662
0.662
0.662
0.662
0.261359
0.662
0.662
0.206233
0.662
0.246663
0.662
0.662
0.199384
0.130489
0.662
0.193084
0.662
0.607779
0.0171131
0.662
0.662
0.300134
0.662
0.189523
0.351223
0.14501
0.20736
0.333021
0.662
0.662
0.27553
0.187756
0.662
0.141784
0.282645
0.662
0.106976
0.325463
0.0246221
0.397499
0.455394
0.322437
0.662
0.61197
0.662
0.124952
0.130948
0.625184
0.426192
0.437781
0.335906
0.392279
0.662
0.662
0.197438
0.287372
0.203776
0.204101
0.662
0.662
0.662
0.252707
0.0860678
0.30419
0.096654
0.662
0.377558
0.579923
0.662
0.662
0.662
0.384079
0.662
0.662
0.252922
0.662
0.662
0.106664
0.45742
0.150085
0.301794
0.272681
0.662
0.419817
0.662
0.411981
0.662
0.662
0.512561
0.662
0.024353
0.662
0.243133
0.123281
0.412934
0.448021
0.0542081
0.330029
0.662
0.0677852
0.333266
0.662
0.303073
0.662
0.662
0.456743
0.628296
0.0809319
0.662
0.207855
0.372091
0.143401
0.530169
0.662
0.662
0.468418
0.662
0.153879
0.363875
0.132637
0.564161
0.456384
0.662
0.327113
0.662
0.335056
0.662
0.662
0.217956
0.0591817
0.350007
0.490741
0.412874
0.662
0.662
0.662
0.662
0.662
0.662
0.662
0.662
0.204905
0.202914
0.662
0.662
0.35206
0.662
0.316134
0.046829
0.470864
0.32275
0.662
0.246211
0.662
0.40691
0.0586184
0.662
0.662
0.418058
0.0796141
0.393262
0.662
0.273748
0.456243
0.241029
0.339868
0.662
0.662
0.662
0.502384
0.00140488
0.0159452
0.432906
0.0873762
0.264387
0.662
0.17582
0.142093
0.662
0.171154
0.363091
0.492999
0.662
0.662
0.565738
0.662
0.662
0.110311
0.662
0.662
0.662
0.662
0.662
0.130364
0.371821
0.339962
0.361314
0.206716
0.221154
0.353292
0.662
0.270205
0.662
0.383003
0.662
0.206316
0.662
0.662
0.662
0.240017
0.662
0.662
0.542713
0.187356
0.662
0.239775
0.662
0.297813
0.34418
0.343071
0.171789
0.317962
0.115442
0.662
0.165444
0.302603
0.180747
0.331542
0.310145
0.662
0.506865
0.662
0.662
0.662
0.662
0.662
0.0109857
0.0584356
0.365949
0.662
0.662
0.359147
0.662
0.553778
0.662
0.384878
0.182143
0.424926
0.662
0.662
0.662
0.662
0.415227
0.280983
0.170733
0.662
0.662
0.109326
0.662
0.662
0.0633995
0.662
0.662
0.264858
0.136678
0.662
0.471558
0.457482
0.109413
0.662
0.662
0.662
0.0779119
0.662
0.0219308
0.662
0.544559
0.215153
0.0903893
0.662
0.352437
0.502006
0.44216
0.0592876
0.662
0.146448
0.662
0.662
0.662
0.430512
0.662
0.274011
0.240273
0.519397
0.662
0.177132
0.662
0.662
0.662
0.116315
0.662
0.163993
0.481764
0.298162
0.662
0.185811
0.662
0.662
0.662
0.405884
0.134036
0.662
0.340335
0.278017
0.662
0.662
0.662
0.0799669
0.379093
0.188751
0.332122
0.135136
0.553519
0.172711
0.662
0.160608
0.629706
0.203066
0.662
0.0137919
0.035797
0.411087
0.358614
0.143011
0.275047
0.554014
0.461136
0.171615
0.0848594
0.262801
0.430966
0.235994
0.662
0.0436258
0.246401
0.143435
0.0262534
0.662
0.642952
0.411782
0.00894029
0.662
0.494343
0.0113657
0.662
0.578603
0.328315
0.662
0.205675
0.582364
0.190649
0.204551
0.025701
0.19207
0.662
0.105158
0.2239
0.458123
0.135587
0.638496
0.0277372
0.662
0.662
0.18497
0.662
0.0774472
0.166534
0.136325
0.662
0.360409
0.662
0.333715
0.482433
0.662
0.217189
0.0012849
0.422228
0.473406
0.0983313
0.569559
0.197623
0.188719
0.521345
0.231608
0.316332
