0.487891
0.226842
0.390814
0.662
0.0725722
0.00143751
0.396304
0.317266
0.662
0.662
0.451922
0.111519
0.662
0.445558
0.443186
0.662
0.61937
0.352217
0.480375
0.26433
0.159297
0.662
0.217315
0.0181166
0.662
0.0959911
0.662
0.662
0.662
0.152422
0.155176
0.662
0.578211
0.125503
0.662
0.647385
0.662
0.662
0.116568
0.662
0.662
0.662
0.164472
0.662
0.146567
0.202333
0.662
0.533808
0.198201
0.547469
0.543223
0.662
0.662
0.662
0.656471
0.662
0.199892
0.662
0.0146225
0.0336128
0.636766
0.0387194
0.662
0.662
0.204259
0.662
0.213675
0.575174
0.181153
0.0825016
0.0852807
0.63845
0.532987
0.544487
0.259169
0.528304
0.133072
0.662
0.662
0.126054
0.456034
0.662
0.285961
0.662
0.112655
0.0299686
0.0877326
0.40184
0.622115
0.358041
0.581777
0.117337
0.429677
0.336317
0.25276
0.662
0.498428
0.4667
0.621822
0.662
0.627694
0.62226
0.659035
0.219595
0.216903
0.662
0.662
0.644572
0.40775
0.662
0.464201
0.241946
0.141182
0.285438
0.0628092
0.316504
0.509827
0.0315385
0.303672
0.0363834
0.437028
0.37276
0.263702
0.0951038
0.345029
0.619736
0.0909546
0.483634
0.069913
0.184528
0.221019
0.0970284
0.236342
0.659257
0.13574
0.0979406
0.259649
0.471402
0.235747
0.662
0.662
0.662
0.0637353
0.662
0.288052
0.662
0.662
0.283412
0.202183
0.662
0.247589
0.451752
0.662
0.662
0.63911
0.44185
0.116342
0.138722
0.662
0.2264
0.537615
0.662
0.299822
0.658804
0.662
0.662
0.662
0.448045
0.201872
0.158638
0.229626
0.286181
0.662
0.662
0.589624
0.662
0.662
0.137431
0.662
0.0398142
0.517839
0.0291697
0.248784
0.660638
0.662
0.312651
0.174659
0.072644
0.246447
0.397414
0.105584
0.216076
0.223705
0.597664
0.0547779
0.212602
0.662
0.662
0.409619
0.417298
0.662
0.0641075
0.199052
0.662
0.662
0.662
0.576962
0.125434
0.094428
0.190881
0.103385
0.106797
0.472972
0.523115
0.227762
0.457971
0.211749
0.202852
0.456884
0.662
0.466888
0.3025
0.367126
0.363255
0.309611
0.662
