0.494093
0.480656
0.662
0.502372
0.447472
0.662
0.662
0.527073
0.437245
0.262756
0.662
0.488793
0.0418288
0.662
0.662
0.662
0.662
0.241882
0.417556
0.123125
0.662
0.662
0.182803
0.662
0.268932
0.0784672
0.11478
0.662
0.13497
0.20196
0.21895
0.381914
0.109013
0.00407949
0.662
0.428412
0.662
0.662
0.662
0.662
0.195134
0.662
0.0275527
0.662
0.0662321
0.375761
0.144439
0.456752
0.266551
0.0844596
0.512309
0.294701
0.155589
0.223075
0.409488
0.37691
0.406912
0.662
0.223271
0.662
0.046873
0.506199
0.161148
0.662
0.405764
0.349392
0.662
0.299692
0.133903
0.662
0.662
0.0110112
0.662
0.183572
0.662
0.662
0.475207
0.206907
0.662
0.353627
0.221794
0.662
0.662
0.245222
0.427372
0.662
0.513607
0.662
0.0813596
0.373818
0.276409
0.469821
0.662
0.230973
0.662
0.137986
0.297037
0.451135
0.159766
0.662
0.662
0.325472
0.662
0.662
0.662
0.661885
0.662
0.0586499
0.0994652
0.237284
0.662
0.361627
0.662
0.222542
0.369047
0.547429
0.662
0.662
0.038821
0.122469
0.662
0.527656
0.662
0.0496016
0.662
0.662
0.662
0.662
0.662
0.662
0.607781
0.1224
0.296534
0.129729
0.662
0.662
0.233078
0.662
0.266467
0.459819
0.348299
0.662
0.662
0.146362
0.662
0.0396707
0.662
0.662
0.34166
0.662
0.662
0.662
0.662
0.24805
0.40154
0.280011
0.413425
0.458645
0.662
0.662
0.662
0.147146
0.206753
0.662
0.115207
0.662
0.662
0.662
0.662
0.662
0.319355
0.301735
0.231901
0.327559
0.0613871
0.662
0.450387
0.0432462
0.403168
0.562102
0.662
0.662
0.662
0.133225
0.228251
0.662
0.307158
0.169357
0.227629
0.420946
0.662
0.387269
0.421238
0.662
0.339011
0.662
0.100588
0.662
0.662
0.0690108
0.125956
0.194284
0.0474764
0.662
0.662
0.644422
0.455217
0.153318
0.406067
0.596223
0.252182
0.662
0.253479
0.662
0.279066
0.411813
0.662
0.0987657
0.0934006
0.0544875
0.120301
0.662
0.662
0.662
0.378224
0.662
0.0457469
0.662
0.175661
0.260323
0.662
0.662
0.662
0.0482915
0.209218
0.0231555
0.140372
0.164171
0.205908
0.37992
0.477225
0.144628
0.662
0.662
0.493896
0.518044
0.662
0.662
0.223655
0.662
0.662
0.662
0.198388
0.370512
0.434659
0.406734
0.145763
0.189925
0.662
0.662
0.325025
0.335042
0.264882
0.481469
0.33635
0.14836
0.434434
0.662
0.00103236
0.100277
0.485046
0.429658
0.662
0.597671
0.11503
0.662
0.55874
0.426418
0.0631726
0.662
0.1418
0.33963
0.0807556
0.12117
0.662
0.133114
0.156204
0.0814387
0.662
0.205458
0.43466
0.350912
0.659367
0.192471
0.306597
0.0332607
0.662
0.346345
0.200892
0.0926956
0.114539
0.21654
0.121066
0.649583
0.444453
0.172866
0.185793
0.662
0.151386
0.662
0.176915
0.662
0.501193
0.267786
0.184452
0.662
0.419258
0.103108
0.662
0.128664
0.632151
0.315261
0.293607
0.662
0.142212
0.662
0.662
0.662
0.662
0.424899
0.27656
0.320166
0.143646
0.662
0.392288
0.662
0.216794
0.662
0.195219
0.200497
0.662
0.662
0.210146
0.662
0.662
0.56047
0.465791
0.344547
0.662
0.318241
0.28978
0.408041
0.452597
0.0373216
0.662
0.662
0.662
0.633694
0.46457
0.662
0.272938
0.302315
0.354286
0.0272698
0.426262
0.0555459
0.662
0.662
0.371802
0.385075
0.428252
0.662
0.110092
0.662
0.143593
0.662
0.320258
0.00832179
0.216477
0.662
0.662
0.336777
0.662
0.420099
0.662
0.662
0.611702
0.28139
0.0821395
0.304257
0.662
0.651059
0.412795
0.662
0.277182
0.662
0.662
0.191629
0.321229
0.120872
0.168533
0.188896
0.257368
0.662
0.662
0.662
0.662
0.0899575
0.662
0.375597
0.445723
0.219767
0.468333
0.465409
0.662
0.662
0.662
0.662
0.213337
0.238179
0.662
0.0533887
0.662
0.0872501
0.662
0.662
0.662
0.165037
0.662
0.0832805
0.662
0.662
0.126312
0.0391966
0.0854269
0.224873
0.662
0.251125
0.662
0.400466
0.662
0.662
0.662
0.0552989
0.662
0.528889
0.662
0.662
0.130478
0.662
0.662
0.477511
0.320511
0.102535
0.183872
0.251515
0.382354
0.636636
0.662
0.662
0.297058
0.170411
0.208382
0.293063
0.662
0.662
0.662
0.638606
0.618911
0.0640069
0.0493878
0.662
0.500994
0.217256
0.51809
0.662
0.253401
0.275516
0.495848
0.14782
0.275641
0.662
0.23971
0.365782
0.160646
0.0592394
0.235087
0.0634382
0.31103
0.239587
0.662
0.15762
0.186642
0.2117
0.662
0.662
0.48767
0.199727
0.662
0.626036
0.410791
0.662
0.298828
0.15487
0.662
0.662
0.662
0.170579
0.427974
0.22316
0.662
0.363314
0.368351
0.662
0.662
0.00519635
0.662
0.331108
0.616988
0.0110581
0.662
0.111083
0.475508
0.662
0.392141
0.14648
0.246027
0.236597
0.662
0.29987
0.189265
0.182186
0.662
0.232481
0.662
0.604498
0.662
0.218758
0.662
0.662
0.662
0.0227829
0.662
0.662
0.305055
0.662
0.0581384
0.662
0.662
0.193413
0.336788
0.120837
0.662
0.455553
0.212302
0.191356
0.185283
0.662
0.0307508
0.260313
0.179803
0.342054
0.662
0.63339
0.662
0.662
0.231032
0.662
0.276861
0.242461
0.662
0.0867004
0.662
0.161602
0.662
0.662
0.662
0.408775
0.662
0.18925
0.0608097
0.0248615
0.397167
0.662
0.267702
0.316793
0.662
0.662
0.662
0.338078
0.249176
0.58512
0.662
0.662
0.662
0.0696513
0.55834
0.469211
0.662
0.662
0.0702155
0.431839
0.384235
0.662
0.662
0.149289
0.565705
0.0797232
0.461758
0.662
0.662
0.359815
0.662
0.222806
0.404953
0.662
0.662
0.125819
0.19379
0.662
0.17502
0.662
0.195721
0.361944
0.450124
0.426541
0.662
0.381934
0.662
0.662
0.291312
0.662
0.0232432
0.21329
0.662
0.414768
0.15408
0.662
0.662
0.121438
0.438576
0.662
0.263375
0.599621
0.0370335
0.298276
0.455519
0.662
0.0611204
0.662
0.662
0.294753
0.54688
0.172557
0.340895
0.200628
0.662
0.051947
0.662
0.662
0.110925
0.662
0.662
0.256709
0.662
0.662
0.145629
0.321759
0.19254
0.651408
0.662
0.662
0.662
0.535198
0.662
0.526604
0.662
0.662
0.335096
0.49583
0.374418
0.161485
0.662
0.662
0.36181
0.176603
0.319859
0.662
0.274181
0.662
0.662
0.384194
0.662
0.662
0.329203
0.198782
0.662
0.243677
0.152219
0.662
0.442789
0.094599
0.662
0.246165
0.240627
0.662
0.325901
0.662
0.662
0.662
0.662
0.159104
0.662
0.0833291
0.662
0.202319
0.141927
0.538725
0.426239
0.662
0.662
0.290762
0.482478
0.587411
0.662
0.662
0.164624
0.440814
0.0466986
0.164643
0.287091
0.589124
0.662
0.161496
0.662
0.662
0.439425
0.464426
0.662
0.548535
0.662
0.477221
0.120717
0.47277
0.662
0.471432
0.0229962
0.334635
0.402784
0.459981
0.102957
0.183833
0.662
0.22296
0.321865
0.586305
0.384025
0.306492
0.325457
0.196518
0.12486
0.32968
0.662
0.662
0.53106
0.449689
0.137436
0.369363
0.662
0.067046
0.662
0.314859
0.345348
0.662
0.662
0.662
0.325683
0.662
0.205063
0.662
0.662
0.662
0.155325
0.662
0.662
0.534385
0.443688
0.447284
0.662
0.122922
0.662
0.138784
0.199375
0.27927
0.662
0.310865
0.564438
0.662
0.662
0.662
0.508056
0.227249
0.662
0.338124
0.662
0.563133
0.20317
0.156307
0.0672782
0.662
0.425127
0.131576
0.223441
0.662
0.218701
0.662
0.302326
0.662
0.307868
0.158968
0.172825
0.0264037
0.272194
0.273147
0.308546
0.211375
0.662
0.446614
0.489045
0.23128
0.662
0.0122844
0.634307
0.510232
0.3264
0.541035
0.138965
0.423325
0.662
0.662
0.366943
0.563645
0.662
0.124065
0.161466
0.662
0.290214
0.584634
0.548825
0.662
0.157449
0.660248
0.352886
0.662
0.303631
0.0166256
0.219481
0.203814
0.0462409
0.23588
0.662
0.156022
0.392917
0.426427
0.449071
0.662
0.662
0.182228
0.662
0.662
0.662
0.653171
0.662
0.261779
0.442146
0.229906
0.662
0.269717
0.0507032
0.0466108
0.662
0.250258
0.396693
0.00373503
0.662
0.124948
0.586086
0.662
0.446858
0.224598
0.375743
0.662
0.662
0.662
0.221302
0.662
0.19259
0.135144
0.445438
0.586503
0.603636
0.662
0.662
0.662
0.202932
0.463273
0.0737399
0.662
0.0683662
0.266607
0.662
0.135529
0.135442
0.662
0.662
0.2829
0.313429
0.171603
0.445516
0.662
0.468141
0.602044
0.000707568
0.662
0.292713
0.219196
0.662
0.459471
0.501099
0.0958608
0.662
0.416079
0.251074
0.369446
0.0103074
0.155281
0.662
0.0349064
0.139619
0.662
0.316177
0.225641
0.505253
0.662
0.242496
0.662
0.162208
0.44712
0.447759
0.411122
0.662
0.662
0.0944695
0.52589
0.144736
0.219033
0.456251
0.00672167
0.0607387
0.307522
0.383045
0.416867
0.098781
0.190302
0.662
0.424029
0.662
0.033934
0.0125156
0.662
0.662
0.319521
0.403656
0.240897
0.662
0.177144
0.325986
0.662
0.511181
0.501609
0.662
0.531303
0.463306
0.662
0.662
0.662
0.662
0.00767343
0.662
0.662
0.604675
0.152233
0.662
0.605641
0.662
0.662
0.218373
0.234658
0.662
0.376246
0.662
0.136468
0.662
0.100993
0.313333
0.0309031
0.662
0.351769
0.662
0.372399
0.619648
0.394479
0.408749
0.662
0.662
0.662
0.276644
0.435633
0.582947
0.215983
0.662
0.643574
0.220471
0.184463
0.662
0.0178707
0.639633
0.187277
0.662
0.184952
0.278453
0.135393
0.662
0.489921
0.662
0.559171
0.412134
0.646292
0.256892
0.0383911
0.444748
0.302297
0.662
0.217262
0.31381
0.00129294
0.268983
0.236369
0.488612
0.243718
0.296069
0.183091
0.107948
0.431444
0.366187
0.245414
0.649699
0.206636
0.662
0.662
0.662
0.00146922
0.383154
0.662
0.662
0.53936
0.184514
0.200412
0.1788
0.662
0.312049
0.662
0.325053
0.476749
0.175473
0.662
0.365913
0.197644
0.443157
0.662
0.111865
0.246713
0.662
0.170067
0.241562
0.662
0.662
0.198372
0.339883
0.135302
0.2877
0.135997
0.662
0.662
0.662
0.662
0.662
0.662
0.489864
0.189387
0.0977107
0.662
0.188595
0.124807
0.662
0.165269
0.105909
0.125264
0.662
0.449526
0.662
0.123099
0.400942
0.0675251
0.506823
0.409361
0.0853586
0.662
0.112091
0.319345
0.662
0.273535
0.113165
0.662
0.662
0.19436
0.0220016
0.662
0.662
0.298534
0.569355
0.662
0.661268
0.365042
0.494137
0.662
0.22217
0.662
0.662
0.49753
0.457874
0.24443
0.662
0.504467
0.662
0.662
0.662
0.0977303
0.360653
0.418099
0.227048
0.193378
0.662
0.662
0.145497
0.662
0.291433
0.218095
0.34053
0.662
0.662
0.301296
0.268132
0.265021
0.662
0.495673
0.662
0.646706
0.590847
0.164463
0.202215
0.0910644
0.662
0.00882654
0.349677
0.300143
0.662
0.231559
0.561919
0.662
0.241893
0.21633
0.662
0.662
0.455975
0.299257
0.225335
0.317578
0.662
0.191293
0.232273
0.662
0.610036
0.343742
0.662
0.648706
0.662
0.662
0.662
0.662
0.662
0.102151
0.662
0.662
0.0216017
0.167699
0.00395354
0.535345
0.268768
0.134932
0.18244
0.355948
0.218378
0.307929
0.662
0.662
0.617885
0.662
0.285689
0.338897
0.0850594
0.349807
0.662
0.662
0.510738
0.404929
0.401273
0.435433
0.662
0.662
0.662
0.246566
0.467312
0.662
0.662
0.46292
0.662
0.133972
0.662
0.662
0.11414
0.0793185
0.438049
0.146638
0.279439
0.662
0.0362759
0.652432
0.662
0.662
0.1235
0.662
0.662
0.34982
0.662
0.247785
0.662
0.603483
0.202272
0.391889
0.662
0.662
0.0268451
0.0271984
0.662
0.662
0.453329
0.662
0.662
0.662
0.662
0.227949
0.208925
0.662
0.489041
0.220378
0.186962
0.137817
0.108872
0.662
0.45545
0.662
0.196888
0.349056
0.662
0.249833
0.417477
0.334239
0.204422
0.662
0.19854
0.662
0.289767
0.662
0.199238
0.662
0.662
0.284118
0.500912
0.254986
0.0877911
0.662
0.373691
0.146151
0.2325
0.166403
0.335855
0.157998
0.662
0.0893932
0.662
0.353737
0.11738
0.490044
0.662
0.179689
0.662
0.662
0.221814
0.662
0.662
0.662
0.445981
0.565453
0.0228481
0.000812671
0.662
0.662
0.662
0.363352
0.662
0.234228
0.446555
0.194403
0.152984
0.662
0.283801
0.244628
0.490831
0.25228
0.400141
0.522795
0.45819
0.253477
0.662
0.0151473
0.662
0.170692
0.662
0.243755
0.116469
0.428374
0.443772
0.123838
0.662
0.662
0.0993697
0.662
0.188559
0.468038
0.230867
0.30092
0.329676
0.662
0.235358
0.10505
0.662
0.446042
0.590475
0.306425
0.662
0.662
0.662
0.283481
0.321723
0.662
0.361784
0.662
0.445871
0.222941
0.184691
0.662
0.662
0.662
0.153094
0.662
0.662
0.232613
0.177874
0.662
0.031706
0.66
0.662
0.200018
0.470282
0.223352
0.585271
0.662
0.662
0.0900408
0.12188
0.662
0.662
0.662
0.338485
0.662
0.548442
0.255196
0.0204852
0.662
0.662
0.479471
0.662
0.423661
0.517534
0.662
0.662
0.620923
0.662
0.220935
0.501011
0.662
0.662
0.662
0.181928
0.261208
0.28176
0.22713
0.505402
0.0742006
0.169518
0.662
0.662
0.662
0.662
0.144008
0.662
0.662
0.662
0.629286
0.662
0.065834
0.662
0.300588
0.662
0.455807
0.143484
0.0976852
0.220698
0.563622
0.662
0.662
0.662
0.580284
0.662
0.337186
0.402007
0.662
0.174165
0.0735326
0.662
0.662
0.662
0.0700738
0.662
0.441053
0.012568
0.662
0.131877
0.662
0.191063
0.662
0.662
0.186486
0.662
0.1637
0.218414
0.586761
0.662
0.107612
0.254322
0.260042
0.446039
0.189045
0.662
0.662
0.662
0.037966
0.662
0.407883
0.323127
0.662
0.396983
0.242089
0.662
0.662
0.0700336
0.284637
0.662
0.662
0.470682
0.662
0.351535
0.214022
0.662
0.233581
0.0800099
0.471432
0.161386
0.459958
0.100188
0.662
0.662
0.662
0.156327
0.323567
0.662
0.0177919
0.662
0.44597
0.662
0.138597
0.0332242
0.662
0.662
0.662
0.0762413
0.662
0.481063
0.178747
0.242929
0.662
0.662
0.0494407
0.662
0.0322173
0.662
0.662
0.212154
0.399959
0.662
0.185605
0.161448
0.662
0.130304
0.12834
0.662
0.662
0.662
0.450743
0.176575
0.662
0.0673148
0.158807
0.187598
0.370008
0.0881369
0.662
0.210937
0.662
0.142035
0.156869
0.5797
0.662
0.662
0.662
0.593903
0.465306
0.230543
0.391366
0.662
0.366304
0.455628
0.180619
0.400609
0.365605
0.662
0.662
0.662
0.519775
0.220995
0.662
0.662
0.662
0.183892
0.235462
0.662
0.446685
0.0527721
0.361518
0.120712
0.123502
0.662
0.00336952
0.232543
0.662
0.247796
0.466112
0.255285
0.453965
0.662
0.0350156
0.662
0.226746
0.662
0.337517
0.208952
0.662
0.662
0.662
0.662
0.560791
0.662
0.662
0.662
0.0755333
0.261312
0.662
0.203575
0.118882
0.662
0.472597
0.196179
0.336676
0.662
0.643722
0.201624
0.0602468
0.374581
0.662
0.662
0.254688
0.442845
0.385676
0.410575
0.662
0.492295
0.208846
0.377746
0.114707
0.0171841
0.662
0.0334472
0.153283
0.209664
0.204214
0.262252
0.225387
0.197262
0.662
0.254092
0.662
0.157421
0.497429
0.662
0.116108
0.662
0.662
0.662
0.662
0.320483
0.387869
0.662
0.463246
0.0138736
0.0667528
0.662
0.627258
0.0238668
0.371165
0.662
0.198077
0.292069
0.309849
0.313468
0.471149
0.662
0.579381
0.662
0.662
0.662
0.662
0.662
0.243504
0.662
0.191654
0.243473
0.466664
0.0454051
0.605255
0.662
0.390521
0.277204
0.662
0.177547
0.662
0.662
0.662
0.0932369
0.662
0.173009
0.662
0.392194
0.573885
0.0888804
0.493593
0.662
0.403797
0.662
0.42322
0.662
0.570597
0.382838
0.662
0.363679
0.618684
0.662
0.419477
0.261759
0.662
0.662
0.662
0.589662
0.662
0.662
0.298678
0.532647
0.197102
0.662
0.167617
0.662
0.662
0.28146
0.476256
0.0920084
0.183062
0.662
0.409317
0.205587
0.189523
0.662
0.473884
0.662
0.662
0.0318929
0.662
0.285992
0.305799
0.204292
0.281052
0.557895
0.445796
0.0924629
0.336664
0.223045
0.662
0.197717
0.662
0.506473
0.0506809
0.354152
0.235791
0.662
0.33971
0.553501
0.387652
0.409618
0.289124
0.278691
0.662
0.427577
0.189201
0.210646
0.00778391
0.477612
0.122491
0.662
0.662
0.47069
0.453269
0.419395
0.662
0.288654
0.662
0.662
0.662
0.316845
0.202193
0.662
0.423512
0.461313
0.662
0.662
0.662
0.369068
0.216453
0.646091
0.63339
0.451941
0.29036
0.662
0.206485
0.0623725
0.0368732
0.293805
0.662
0.662
0.662
0.662
0.230114
0.662
0.662
0.462269
0.453446
0.273547
0.195217
0.0608443
0.109621
0.0937806
0.662
0.437908
0.662
0.463123
0.626727
0.20801
0.662
0.662
0.0195268
0.662
0.32645
0.130869
0.359694
0.393033
0.462598
0.180237
0.2359
0.662
0.279266
0.662
0.160846
0.662
0.241969
0.220925
0.12456
0.30721
0.662
0.289857
0.662
0.180168
0.662
0.662
0.147819
0.662
0.662
0.274266
0.285382
0.662
0.216214
0.662
0.662
0.16685
0.662
0.662
0.662
0.381519
0.36803
0.662
0.320215
0.662
0.662
0.662
0.0313672
0.662
0.397303
0.140606
0.348789
0.662
0.283697
0.223525
0.175147
0.249345
0.309481
0.161175
0.154322
0.446797
0.662
0.662
0.511694
0.208655
0.362958
0.404417
0.113945
0.662
0.662
0.662
0.649962
0.138336
0.203368
0.336696
0.662
0.435836
0.0274458
0.0993832
0.457299
0.390952
0.0470356
0.662
0.662
0.23863
0.583114
0.00539307
0.662
0.52464
0.633694
0.662
0.0153567
0.257549
0.124197
0.337351
0.192945
0.662
0.662
0.654672
0.359947
0.662
0.284035
0.0732585
0.662
0.189616
0.662
0.365147
0.143439
0.347972
0.141809
0.661684
0.477577
0.481999
0.0605082
0.154606
0.662
0.0402293
0.662
0.662
0.322571
0.662
0.0542668
0.365469
0.0458039
0.628455
0.662
0.201066
0.662
0.0845145
0.662
0.43307
0.546225
0.514456
0.493496
0.284172
0.662
0.491224
0.61058
0.662
0.662
0.662
0.63339
0.662
0.645205
0.381948
0.662
0.662
0.662
0.0724937
0.662
0.662
0.521352
0.0290411
0.300411
0.210507
0.360906
0.19279
0.117976
0.662
0.662
0.613737
0.0213941
0.542467
0.452363
0.662
0.249469
0.134061
0.330775
0.170967
0.377604
0.199474
0.662
0.662
0.330023
0.437167
0.369362
0.042944
0.662
0.662
0.428788
0.662
0.271525
0.525984
0.204256
0.190731
0.58601
0.662
0.592403
0.662
0.456527
0.127687
0.266642
0.0124508
0.23949
0.662
0.1662
0.662
0.356985
0.446562
0.40419
0.662
0.41348
0.0765134
0.378491
0.0445915
0.228666
0.662
0.662
0.662
0.662
0.662
0.171171
0.662
0.546862
0.662
0.131923
0.490984
0.631457
0.20867
0.00853613
0.662
0.125707
0.662
0.415092
0.477232
0.662
0.237878
0.662
0.662
0.662
0.662
0.662
0.662
0.662
0.131545
0.191773
0.662
0.276521
0.395755
0.14162
0.662
0.662
0.662
0.662
0.662
0.662
0.627079
0.0106477
0.575587
0.0636006
0.131821
0.328334
0.662
0.662
0.323983
0.0257853
0.379049
0.0933109
0.662
0.662
0.349298
0.140817
0.662
0.172359
0.437091
0.130114
0.435062
0.662
0.662
0.0481204
0.0477173
0.314901
0.228985
0.662
0.629044
0.662
0.662
0.662
0.662
0.181684
0.505839
0.432112
0.662
0.643731
0.662
0.0332821
0.174281
0.232895
0.662
0.422356
0.108588
0.205433
0.662
0.188526
0.662
0.569405
0.662
0.390124
0.202313
0.287611
0.662
0.662
0.0877076
0.662
0.662
0.463585
0.184296
0.189803
0.400649
0.184554
0.310386
0.0990174
0.105153
0.662
0.0747573
0.662
0.396157
0.662
0.0886391
0.322811
0.505462
0.228424
0.662
0.662
0.662
0.248765
0.662
0.0641944
0.222413
0.232987
0.281312
0.662
0.10342
0.63143
0.317611
0.662
0.109046
0.292874
0.149366
0.398418
0.138962
0.662
0.0287348
0.24176
0.505812
0.662
0.195744
0.662
0.662
0.0167568
0.144733
0.125195
0.189874
0.197705
0.270595
0.205734
0.276879
0.662
0.103874
0.258468
0.662
0.239997
0.662
0.0655216
0.186473
0.662
0.174696
0.0176545
0.662
0.662
0.43277
0.123693
0.662
0.662
0.145277
0.595516
0.0360754
0.571494
0.268744
0.159786
0.141842
0.0934307
0.662
0.0613574
0.267366
0.34703
0.128847
0.662
0.0862094
0.409085
0.224871
0.662
0.0873558
0.662
0.662
0.662
0.249157
0.297843
0.662
0.662
0.332997
0.662
0.385486
0.662
0.262809
0.662
0.381155
0.190566
0.421541
0.662
0.662
0.662
0.662
0.662
0.662
0.274637
0.662
0.0241951
0.133457
0.662
0.662
0.131582
0.662
0.662
0.0511833
0.662
0.295727
0.316486
0.415875
0.188391
0.115688
0.0930627
0.22749
0.547283
0.0296519
0.662
0.400471
0.0280663
0.248153
0.209054
0.662
0.662
0.662
0.662
0.185234
0.662
0.311546
0.631105
0.662
0.548402
0.328648
0.153038
0.662
0.593465
0.662
0.346289
0.662
0.0550501
0.642369
0.662
0.245705
0.662
0.114986
0.662
0.662
0.662
0.662
0.662
0.294216
0.305234
0.413065
0.662
0.250553
0.288741
0.134482
0.662
0.288976
0.189055
0.662
0.109756
0.320442
0.662
0.662
0.662
0.18529
0.4612
0.472481
0.662
0.311881
0.662
0.397252
0.284038
0.612878
0.527777
0.148657
0.33206
0.177296
0.190997
0.341589
0.662
0.343652
0.324824
0.662
0.662
0.272198
0.662
0.193062
0.149513
0.359625
0.662
0.662
0.662
0.662
0.270864
0.296074
0.313105
0.0225551
0.662
0.0857251
0.0558262
0.566288
0.211047
0.181403
0.0345646
0.13783
0.0115895
0.151458
0.662
0.662
0.16081
0.295814
0.23699
0.365236
0.239351
0.444733
0.662
0.229998
0.345604
0.134013
0.662
0.362621
0.184882
0.23481
0.371389
0.51665
0.662
0.304712
0.662
0.170634
0.0484348
0.662
0.662
0.647106
0.216839
0.0804824
0.110009
0.662
0.433264
0.662
0.662
0.441667
0.662
0.662
0.195463
0.525786
0.661077
0.662
0.662
0.393914
0.662
0.662
0.662
0.124942
0.662
0.196798
0.662
0.484656
0.229406
0.109343
0.662
0.641203
0.662
0.227805
0.586096
0.662
0.3769
0.662
0.662
0.0379264
0.662
0.00584319
0.0757053
0.662
0.371509
0.662
0.0156789
0.186967
0.286418
0.662
0.662
0.29665
0.227244
0.124294
0.662
0.662
0.574739
0.662
0.662
0.662
0.662
0.222082
0.662
0.145184
0.366318
0.298293
0.662
0.066808
0.662
0.662
0.662
0.289063
0.327417
0.35626
0.307051
0.230277
0.497553
0.632912
0.662
0.361604
0.470275
0.395132
0.662
0.662
0.052938
0.469337
0.487355
0.372622
0.533971
0.662
0.451417
0.662
0.662
0.190943
0.662
0.359215
0.279702
0.662
0.170589
0.662
0.662
0.306408
0.257497
0.662
0.176394
0.662
0.662
0.576096
0.662
0.662
0.056879
0.1001
0.437322
0.662
0.132373
0.624883
0.662
0.570548
0.662
0.0648207
0.458127
0.662
0.60505
0.423339
0.662
0.198314
0.466882
0.166662
0.268451
0.662
0.662
0.662
0.412661
0.662
0.172208
0.448327
0.662
0.175703
0.0249148
0.662
0.0618548
0.389521
0.196908
0.175038
0.0127611
0.0832359
0.662
0.137302
0.121039
0.137892
0.662
0.394373
0.360705
0.662
0.662
0.368015
0.36283
0.128634
0.0888014
0.404724
0.455778
0.245464
0.662
0.426241
0.0707954
0.662
0.244076
0.662
0.267779
0.114948
0.399162
0.251402
0.162817
0.0225771
0.00992355
0.0719934
0.662
0.205523
0.662
0.662
0.304543
0.1066
0.169914
0.116022
0.127563
0.141489
0.0207075
0.662
0.662
0.223793
0.662
0.281203
0.278838
0.35023
0.662
0.451355
0.175412
0.662
0.426345
0.394955
0.296503
0.299668
0.662
0.185495
0.536157
0.120618
0.351855
0.208182
0.125491
0.155672
0.257344
0.580921
0.662
0.662
0.14677
0.272736
0.425094
0.125299
0.662
0.0797174
0.187677
0.421058
0.662
0.662
0.631786
0.662
0.544886
0.453442
0.208714
0.0287947
0.264354
0.378524
0.182606
0.276249
0.0832529
0.662
0.308562
0.662
0.662
0.662
0.662
0.266486
0.662
0.226132
0.268708
0.21232
0.269471
0.219329
0.0757329
0.662
0.458335
0.662
0.662
0.195788
0.20101
0.105941
0.662
0.662
0.662
0.114806
0.19361
0.662
0.662
0.662
0.454253
0.219746
0.271839
0.217704
0.306029
0.0160789
0.662
0.34274
0.195995
0.662
0.0709215
0.662
0.125425
0.181074
0.34176
0.367502
0.662
0.662
0.662
0.0502481
0.569997
0.198695
0.213786
0.662
0.0911487
0.186512
0.526816
0.265668
0.357014
0.662
0.266063
0.300878
0.662
0.524628
0.120241
0.418268
0.350587
0.204633
0.662
0.662
0.662
0.307754
0.662
0.662
0.195605
0.662
0.375273
0.206427
0.384284
0.12501
0.662
0.662
0.0702595
0.0571828
0.47462
0.175778
0.662
0.566106
0.329876
0.285742
0.662
0.485137
0.36452
0.662
0.662
0.662
0.662
0.318716
0.218762
0.662
0.39018
0.0105007
0.662
0.654842
0.662
0.413065
0.662
0.246807
0.662
0.0126784
0.0725485
0.266886
0.662
0.0890695
0.473715
0.662
0.250739
0.662
0.267898
0.0822048
0.662
0.15164
0.202222
0.240679
0.333254
0.662
0.662
0.662
0.152482
0.238283
0.110367
0.662
0.662
0.662
0.191304
0.662
0.351779
0.662
0.272394
0.309417
0.662
0.19095
0.662
0.662
0.662
0.442604
0.662
0.17176
0.032118
0.662
0.662
0.662
0.162021
0.518693
0.662
0.662
0.437626
0.133247
0.662
0.234529
0.407928
0.662
0.190208
0.00606213
0.341995
0.662
0.0566674
0.662
0.502387
0.440421
0.662
0.40189
0.41734
0.662
0.662
0.662
0.662
0.0545298
0.595277
0.510052
0.240812
0.662
0.176107
0.446427
0.0171373
0.662
0.074912
0.662
0.662
0.0578833
0.662
0.662
0.662
0.477347
0.662
0.143775
0.0200923
0.00159314
0.198992
0.662
0.662
0.449616
0.404079
0.662
0.662
0.662
0.458537
0.467804
0.196894
0.662
0.375255
0.184959
0.662
0.0544156
0.610338
0.662
0.0813986
0.02262
0.662
0.662
0.662
0.662
0.151342
0.662
0.102596
0.0346813
0.264592
0.0998861
0.662
0.451969
0.662
0.662
0.662
0.60471
0.634405
0.662
0.273017
0.129984
0.00648248
0.243678
0.132077
0.662
0.662
0.350771
0.350064
0.237214
0.662
0.662
0.0109727
0.198593
0.253821
0.396739
0.258204
0.620221
0.662
0.662
0.428701
0.370775
0.0402026
0.662
0.577679
0.207467
0.662
0.407
0.662
0.337063
0.226793
0.0185947
0.662
0.26894
0.149593
0.444025
0.500417
0.662
0.206694
0.662
0.653353
0.0108127
0.662
0.662
0.360357
0.290449
0.122793
0.662
0.662
0.258284
0.333878
0.662
0.234838
0.662
0.378656
0.325925
0.662
0.458989
0.221387
0.302679
0.662
0.496514
0.218045
0.662
0.662
0.182029
0.148929
0.662
0.662
0.662
0.203354
0.662
0.112856
0.332938
0.507012
0.662
0.0468261
0.458431
0.267527
0.271822
0.199332
0.0554306
0.0013456
0.114259
0.226659
0.662
0.662
0.193922
0.662
0.251503
0.195772
0.36275
0.560797
0.662
0.259013
0.662
0.278608
0.157196
0.0776025
0.256236
0.23845
0.662
0.662
0.573457
0.122858
0.424188
0.397104
0.213499
0.463779
0.290819
0.106159
0.662
0.615545
0.662
0.0301145
0.413655
0.300977
0.373917
0.608698
0.283023
0.594027
0.267456
0.662
0.45931
0.310331
0.662
0.662
0.106497
0.445947
0.662
0.662
0.094442
0.662
0.195707
0.468475
0.290202
0.662
0.662
0.662
0.662
0.0550987
0.352689
0.280083
0.312318
0.474238
0.0196596
0.662
0.463416
0.0623883
0.662
0.159831
0.524647
0.270969
0.345365
0.180823
0.252897
0.191908
0.434989
0.0251387
0.662
0.393714
0.17753
0.498942
0.662
0.658459
0.462316
0.346234
0.177506
0.662
0.662
0.366179
0.662
0.468502
0.662
0.662
0.662
0.440551
0.146976
0.662
0.271524
0.455726
0.255265
0.662
0.367585
0.662
0.291285
0.396792
0.38458
0.662
0.662
0.283868
0.325028
0.662
0.24406
0.185634
0.662
0.339026
0.662
0.662
0.176672
0.123688
0.420589
0.662
0.180235
0.125613
0.616453
0.662
0.268277
0.110673
0.203212
0.163766
0.362864
0.125045
0.662
0.662
0.662
0.126686
0.662
0.392779
0.473536
0.662
0.662
0.0627875
0.563553
0.442447
0.174986
0.369056
0.267049
0.243398
0.33662
0.082214
0.445847
0.590133
0.662
0.0386274
0.304986
0.214065
0.18411
0.0472217
0.271564
0.643534
0.662
0.0160523
0.293714
0.551182
0.257511
0.227872
0.120607
0.255735
0.662
0.662
0.662
0.321835
0.662
0.662
0.380692
0.0838321
0.2285
0.344378
0.662
0.662
0.662
0.489855
0.572069
0.662
0.662
0.577158
0.383116
0.662
0.458735
0.475769
0.32854
0.662
0.146578
0.662
0.662
0.662
0.19292
0.662
0.662
0.381824
0.390202
0.662
0.359153
0.662
0.662
0.349031
0.662
0.451052
0.662
0.247704
0.189256
0.662
0.605567
0.328736
0.214518
0.064536
0.541063
0.185029
0.662
0.637008
0.662
0.104316
0.30693
0.346809
0.171705
0.0370782
0.662
0.662
0.502997
0.608394
0.446497
0.662
0.224764
0.662
0.374365
0.239121
0.330853
0.16105
0.6028
0.662
0.662
0.662
0.522544
0.662
0.0355317
0.105937
0.0939528
0.189381
0.213147
0.412666
0.255356
0.662
0.463856
0.662
0.0606492
0.320886
0.525004
0.164775
0.389642
0.436461
0.212188
0.662
0.169338
0.662
0.412381
0.250572
0.103451
0.662
0.662
0.662
0.560558
0.259184
0.662
0.113139
0.359635
0.662
0.22777
0.071878
0.377752
0.270073
0.42859
0.277973
0.134362
0.415434
0.662
0.413565
0.662
0.662
0.22218
0.472765
0.0492879
0.138994
0.408728
0.434463
0.368041
0.135855
0.662
0.662
0.0764516
0.662
0.662
0.645201
0.658123
0.548007
0.0560937
0.662
0.356042
0.303342
0.651845
0.202617
0.232209
0.662
0.188404
0.310847
0.662
0.361691
0.662
0.662
0.198179
0.158364
0.319165
0.662
0.0804782
0.662
0.662
0.437718
0.662
0.0248108
0.213295
0.662
0.427482
0.34964
0.662
0.115792
0.662
0.279459
0.421289
0.662
0.160867
0.662
0.366252
0.159773
0.662
0.324459
0.457918
0.409625
0.246882
0.662
0.662
0.276045
0.506407
0.364215
0.249893
0.662
0.484583
0.128352
0.662
0.662
0.61468
0.201622
0.0404216
0.48259
0.593966
0.0984457
0.43075
0.0253414
0.206462
0.117731
0.662
0.193527
0.662
0.662
0.351533
0.129135
0.346011
0.662
0.155095
0.418563
0.0581108
0.335925
0.662
0.533427
0.662
0.00669419
0.662
0.53178
0.0351158
0.0706189
0.155359
0.308926
0.662
0.449536
0.238691
0.662
0.662
0.662
0.662
0.548782
0.471535
0.261366
0.662
0.662
0.662
0.124555
0.557915
0.476943
0.246004
0.0519064
0.662
0.662
0.126866
0.662
0.662
0.474612
0.662
0.239789
0.662
0.662
0.232668
0.662
0.32192
0.351075
0.33037
0.662
0.249569
0.366179
0.662
0.662
0.193604
0.662
0.37371
0.662
0.662
0.662
0.54573
0.662
0.188348
0.180593
0.662
0.662
0.30785
0.662
0.662
0.151628
0.662
0.0923834
0.662
0.662
0.569399
0.439313
0.144701
0.379895
0.662
0.662
0.291645
0.501963
0.662
0.447085
0.662
0.186942
0.148338
0.662
0.394702
0.662
0.555216
0.331013
0.662
0.662
0.181504
0.637367
0.25412
0.318226
0.662
0.192355
0.257346
0.0372367
0.0682567
0.246748
0.426899
0.124713
0.577848
0.662
0.220603
0.662
0.662
0.166989
0.0824342
0.662
0.662
0.662
0.662
0.338406
0.376793
0.662
0.280225
0.441164
0.172444
0.662
0.323361
0.662
0.385135
0.418315
0.662
0.662
0.206544
0.27696
0.465425
0.57915
0.292286
0.445273
0.186582
0.662
0.662
0.475433
0.411836
0.376638
0.515239
0.243327
0.466273
0.194703
0.194402
0.0745529
0.662
0.662
0.320569
0.662
0.662
0.276503
0.662
0.139267
0.662
0.19476
0.24005
0.148329
0.51318
0.267784
0.125551
0.364518
0.662
0.357331
0.422163
0.229984
0.521088
0.144575
0.662
0.301555
0.159951
0.662
0.277072
0.662
0.662
0.115176
0.0293848
0.662
0.139089
0.228247
0.662
0.0445156
0.662
0.662
0.45144
0.296534
0.197943
0.662
0.242075
0.603845
0.190388
0.17268
0.339385
0.662
0.662
0.288546
0.250389
0.230239
0.044799
0.662
0.662
0.283753
0.662
0.0128313
0.662
0.662
0.662
0.662
0.138684
0.201435
0.417803
0.301695
0.662
0.446914
0.267795
0.093757
0.280335
0.397107
0.122863
0.123424
0.324825
0.219897
0.662
0.0161379
0.154327
0.502785
0.184346
0.108638
0.149988
0.0631964
0.392748
0.179758
0.662
0.400282
0.418709
0.0272756
0.139615
0.299942
0.334711
0.23926
0.662
0.278886
0.27194
0.662
0.375675
0.662
0.326338
0.662
0.0693499
0.662
0.662
0.281857
0.00805602
0.265439
0.409144
0.50669
0.122822
0.255425
0.662
0.216084
0.662
0.0871781
0.468226
0.662
0.662
0.0863514
0.35604
0.662
0.662
0.662
0.556986
0.272306
0.662
0.662
0.662
0.662
0.00749222
0.439938
0.596384
0.662
0.354003
0.412479
0.297442
0.507826
0.0576348
0.662
0.211559
0.251282
0.662
0.480758
0.662
0.662
0.662
0.662
0.190734
0.662
0.255396
0.662
0.355445
0.459831
0.662
0.662
0.662
0.200127
0.11719
0.662
0.662
0.662
0.662
0.252747
0.12912
0.058398
0.662
0.662
0.662
0.662
0.662
0.437196
0.124753
0.662
0.662
0.662
0.262118
0.662
0.662
0.105466
0.0409754
0.662
0.662
0.662
0.273252
0.11778
0.214501
0.467772
0.662
0.412427
0.662
0.416976
0.662
0.251973
0.206466
0.662
0.501719
0.662
0.662
0.0723172
0.0829955
0.481697
0.0847448
0.662
0.662
0.16132
0.308329
0.0977294
0.297205
0.662
0.463749
0.662
0.662
0.116022
0.126494
0.304561
0.662
0.195264
0.105217
0.662
0.200488
0.492689
0.662
0.662
0.662
0.370154
0.015294
0.296754
0.40383
0.337373
0.662
0.662
0.662
0.450801
0.180096
0.662
0.208536
0.662
0.662
0.267716
0.14722
0.212211
0.662
0.365461
0.189191
0.0700501
0.596852
0.662
0.105372
0.192381
0.523791
0.0660715
0.377689
0.0973214
0.662
0.662
0.157462
0.608451
0.662
0.662
0.662
0.138796
0.0390717
0.662
0.121756
0.662
0.297252
0.495093
0.0535222
0.662
0.262977
0.662
0.19871
0.217547
0.124974
0.662
0.190449
0.173345
0.662
0.0335731
0.662
0.0288327
0.108797
0.436915
0.164337
0.165079
0.4118
0.0179934
0.530224
0.662
0.662
0.149496
0.129617
0.0867802
0.488057
0.662
0.662
0.272486
0.429151
0.662
0.0976212
0.185418
0.207893
0.662
0.212072
0.369014
0.662
0.662
0.199591
0.108655
0.00111601
0.662
0.0854386
0.216166
0.662
0.662
0.662
0.662
0.0938294
0.476906
0.258448
0.360009
0.344365
0.105639
0.0183071
0.462219
0.662
0.315318
0.0183183
0.662
0.15864
0.475714
0.383692
0.311375
0.662
0.662
0.108829
0.325942
0.182577
0.662
0.662
0.282292
0.291489
0.662
0.394924
0.518496
0.662
0.254597
0.662
0.250905
0.154029
0.662
0.37539
0.0480235
0.0636462
0.0425811
0.0852027
0.217588
0.662
0.415125
0.172037
0.121224
0.633694
0.662
0.27044
0.662
0.418582
0.498289
0.553286
0.34541
0.662
0.538821
0.498541
0.662
0.574197
0.662
0.385689
0.436011
0.662
0.30198
0.593527
0.662
0.286249
0.484853
0.662
0.662
0.662
0.249985
0.252818
0.109515
0.342719
0.265209
0.662
0.11922
0.519261
0.103328
0.316138
0.662
0.223689
0.662
0.251136
0.0486991
0.662
0.11533
0.301137
0.4741
0.147281
0.464188
0.662
0.382239
0.662
0.662
0.0704477
0.31384
0.662
0.395757
0.644115
0.662
0.289718
0.324152
0.662
0.662
0.112917
0.125016
0.662
0.305374
0.418832
0.535385
0.203941
0.662
0.332699
0.577247
0.541155
0.402179
0.313912
0.309101
0.662
0.662
0.245391
0.662
0.180545
0.662
0.662
0.150226
0.121408
0.222554
0.31
0.257494
0.662
0.231082
0.0499229
0.146122
0.247701
0.662
0.662
0.662
0.198885
0.353567
0.662
0.622859
0.277969
0.662
0.182019
0.39951
0.662
0.662
0.479966
0.343779
0.662
0.596284
0.662
0.662
0.662
0.662
0.662
0.32117
0.146003
0.362256
0.662
0.264406
0.425278
0.248757
0.425167
0.662
0.244949
0.221363
0.662
0.565045
0.17788
0.0654977
0.662
0.478451
0.29155
0.662
0.563233
0.483116
0.220485
0.209202
0.148993
0.366435
0.662
0.32041
0.122768
0.415047
0.169757
0.662
0.56394
0.107461
0.662
0.662
0.00726437
0.662
0.207344
0.23423
0.325706
0.215854
0.662
0.0607715
0.662
0.662
0.662
0.662
0.10003
0.565356
0.662
0.23009
0.285991
0.42368
0.0710497
0.662
0.662
0.466611
0.662
0.193623
0.119569
0.229658
0.576077
0.192624
0.662
0.0153313
0.662
0.609042
0.662
0.200559
0.308256
0.287215
0.662
0.458409
0.662
0.662
0.0294402
0.427937
0.198646
0.464813
0.662
0.161874
0.662
0.662
0.138995
0.662
0.369205
0.662
0.662
0.214664
0.129914
0.662
0.570407
0.662
0.099885
0.6055
0.365359
9.49877e-05
0.662
0.662
0.314247
0.223373
0.169502
0.662
0.662
0.662
0.237451
0.327338
0.45405
0.150041
0.254802
0.0851108
0.662
0.350603
0.662
0.39156
0.662
0.395542
0.662
0.216779
0.183957
0.371099
0.249315
0.662
0.188016
0.662
0.662
0.662
0.245926
0.281673
0.452875
0.662
0.262163
0.50776
0.662
0.546786
0.358546
0.662
0.662
0.357867
0.278623
0.108523
0.231589
0.0752438
0.105229
0.662
0.418326
0.116281
0.662
0.662
0.662
0.255575
0.0246236
0.527037
0.238122
0.516491
0.277084
0.662
0.487573
0.662
0.267145
0.109625
0.662
0.464054
0.199657
0.662
0.662
0.269862
0.0715311
0.11258
0.437915
0.459037
0.175687
0.432441
0.273048
0.261624
0.236277
0.207627
0.421328
0.572246
0.177692
0.662
0.465822
0.662
0.331733
0.662
0.662
0.196527
0.662
0.662
0.662
0.662
0.389283
0.0701119
0.29801
0.662
0.202153
0.399633
0.139192
0.223402
0.662
0.662
0.662
0.662
0.0302705
0.662
0.384769
0.229836
0.662
0.551787
0.662
0.336634
0.499773
0.638311
0.148011
0.0538803
0.0340096
0.423687
0.662
0.0481893
