0.258301
0.60517
0.633589
0.271723
0.0771599
0.381658
0.662
0.662
0.0138509
0.184114
0.15413
0.221775
0.0513062
0.166033
0.662
0.252389
0.662
0.156841
0.662
0.307895
0.662
0.277857
0.662
0.175378
0.100397
0.0636996
0.662
0.662
0.662
0.469019
0.662
0.383925
0.42899
0.275462
0.157152
0.423822
0.301743
0.662
0.519879
0.520928
0.102887
0.461223
0.662
0.218942
0.662
0.662
0.375657
0.528872
0.374781
0.396055
0.0521796
0.662
0.662
0.662
0.662
0.432895
0.16147
0.221172
0.358765
0.0943034
0.448217
0.662
0.00890861
0.227709
0.662
0.662
0.319577
0.662
0.245115
0.553165
0.662
0.485996
0.523658
0.121184
0.662
0.20745
0.662
0.194145
0.662
0.111064
0.662
0.147934
0.662
0.46211
0.662
0.234706
0.029516
0.302072
0.237246
0.154655
0.442735
0.34033
0.662
0.662
0.662
0.662
0.662
0.386167
0.662
0.351
0.662
0.662
0.251782
0.259031
0.662
0.388925
0.506523
0.662
0.333167
0.22878
0.662
0.662
0.38068
0.288632
0.142505
0.234173
0.644741
0.192113
0.374568
0.10788
0.177073
0.662
0.662
0.314646
0.26878
0.662
0.170108
0.662
0.153512
0.662
0.281365
0.662
0.662
0.605065
0.0599878
0.144232
0.418121
0.662
0.662
0.168455
0.628108
0.662
0.0637977
0.43113
0.662
0.215772
0.662
0.236161
0.384676
0.662
0.662
0.197509
0.662
0.288638
0.453261
0.45904
0.520287
0.662
0.231363
0.662
0.228789
0.662
0.203351
0.379052
0.0392805
0.250021
0.422069
0.254715
0.248681
0.0727554
0.15758
0.631148
0.662
0.662
0.662
0.662
0.191456
0.292916
0.348945
0.223013
0.662
0.662
0.662
0.0580746
0.167206
0.0398876
0.357313
0.659806
0.416183
0.394944
0.239755
0.00029142
0.448566
0.117419
0.662
0.657623
0.306276
0.531809
0.662
0.49508
0.269335
0.662
0.458709
0.662
0.662
0.422551
0.662
0.662
0.662
0.135974
0.334104
0.662
0.257717
0.662
0.662
0.662
0.129515
0.662
0.261125
0.133635
0.305574
0.0867617
0.0662168
0.193075
0.194074
0.416888
0.662
0.662
0.304685
0.614377
0.0911694
0.662
0.662
0.662
0.166402
0.662
0.662
0.283448
0.662
0.234785
0.0851929
0.131677
0.285186
0.662
0.662
0.37755
0.470004
0.154317
0.196786
0.662
0.184822
0.457861
0.209875
0.305322
0.662
0.543421
0.662
0.174154
0.662
0.662
0.662
0.440873
0.662
0.418636
0.662
0.224728
0.381177
0.322063
0.662
0.662
0.382254
0.135827
0.0661965
0.662
0.361746
0.662
0.452941
0.662
0.242598
0.372713
0.662
0.662
0.608609
0.252728
0.443562
0.123627
0.352473
0.620335
0.662
0.662
0.662
0.412365
0.662
0.197872
0.541256
0.538679
0.581657
0.662
0.652175
0.237271
0.662
0.384529
0.662
0.662
0.37064
0.662
0.303172
0.244617
0.662
0.232101
0.294333
0.344991
0.662
0.343673
0.251098
0.18181
0.445384
0.662
0.152257
0.157926
0.196952
0.229786
0.662
0.662
0.485614
0.0703437
0.662
0.408968
0.662
0.662
0.243996
0.662
0.456219
0.236863
0.662
0.487763
0.00260135
0.184611
0.384963
0.662
0.0438295
0.33381
0.185253
0.662
0.662
0.00897223
0.0932371
0.510011
0.20677
0.662
0.662
0.294486
0.33711
0.662
0.662
0.662
0.19396
0.662
0.662
0.662
0.662
0.662
0.563564
0.472517
0.662
0.146341
0.59
0.190255
0.662
0.662
0.0724919
0.294064
0.153494
0.181377
0.22013
0.38909
0.211492
0.571115
0.35914
0.140015
0.0213417
0.217838
0.406055
0.413176
0.366595
0.662
0.662
0.662
0.370999
0.347423
0.00862606
0.321388
0.662
0.662
0.361839
0.662
0.662
0.484656
0.662
0.0675613
0.662
0.227716
0.215782
0.662
0.662
0.552086
0.0040036
0.662
0.662
0.662
0.662
0.192667
0.662
0.662
0.32692
0.662
0.662
0.662
0.0959527
0.662
0.168057
0.475033
0.662
0.662
0.662
0.662
0.0284099
0.0959398
0.662
0.131952
0.187393
0.524997
0.249975
0.351137
0.662
0.508427
0.437715
0.165553
0.475951
0.207781
0.181464
0.4621
0.212152
0.662
0.662
0.662
0.662
0.662
0.649986
0.080605
0.092742
0.330456
0.34746
0.662
0.500348
0.584433
0.45192
0.59986
0.662
0.662
0.0919928
0.427135
0.348824
0.241503
0.439157
0.0386326
0.662
0.662
0.492608
0.157728
0.662
0.526291
0.425623
0.208118
0.661143
0.0437088
0.332707
0.293277
0.367012
0.662
0.662
0.660451
0.662
0.196972
0.662
0.4173
0.662
0.662
0.0283171
0.662
0.634536
0.0449039
0.242621
0.0679091
0.662
0.662
0.117742
0.662
0.662
0.438515
0.662
0.662
0.359537
0.662
0.379933
0.547626
0.257999
0.662
0.662
0.169786
0.181987
0.405321
0.634746
0.391437
0.662
0.662
0.177057
0.662
0.313339
0.631213
0.662
0.662
0.0749754
0.308235
0.304751
0.285267
0.089792
0.662
0.662
0.662
0.650763
0.662
0.662
0.662
0.662
0.622723
0.662
0.662
0.296447
0.206847
0.0143492
0.662
0.662
0.23711
0.662
0.192893
0.535563
0.662
0.135111
0.215959
0.0757809
0.612806
0.444669
0.400937
0.37821
0.134626
0.0404084
0.0424311
0.662
0.662
0.249512
0.662
0.521628
0.435276
0.293823
0.173047
0.271233
0.339716
0.662
0.662
0.662
0.662
0.233792
0.662
0.662
0.122653
0.185968
0.662
0.662
0.662
0.662
0.450216
0.180018
0.409783
0.291736
0.554301
0.0443843
0.360947
0.662
0.214136
0.540303
0.209383
0.662
0.37803
0.648047
0.662
0.662
0.461449
0.331179
0.615456
0.225239
0.0670992
0.136358
0.28722
0.220245
0.130952
0.662
0.662
0.45594
0.268957
0.440151
0.427126
0.355012
0.662
0.00780871
0.662
0.662
0.662
0.217542
0.267004
0.0201884
0.662
0.662
0.0971187
0.662
0.662
0.328155
0.553382
0.136243
0.0238699
0.662
0.662
0.662
0.662
0.662
0.144052
0.155186
0.127974
0.18009
0.662
0.00939389
0.662
0.568354
0.489079
0.371031
0.471845
0.152692
0.272757
0.662
0.0260333
0.662
0.565334
0.662
0.0387962
0.356544
0.359649
0.662
0.0589744
0.31721
0.662
0.0641073
0.662
0.111429
0.0935641
0.316576
0.22408
0.492233
0.123917
0.662
0.662
0.216066
0.206122
0.662
0.662
0.151846
0.662
0.285702
0.176306
0.0791097
0.539522
0.622302
0.090799
0.0514445
0.279937
0.300506
0.148843
0.232182
0.662
0.151048
0.238957
0.633822
0.614498
0.223114
0.229858
0.662
0.196399
0.543632
0.109898
0.662
0.133309
0.606898
0.662
0.366689
0.164844
0.22958
0.333041
0.662
0.269694
0.423468
0.662
0.344396
0.150895
0.662
0.113805
0.662
0.662
0.662
0.598506
0.426322
0.434491
0.662
0.174998
0.212943
0.0283394
0.0749773
0.266116
0.662
0.306415
0.631502
0.572843
0.227048
0.662
0.591993
0.00579181
0.233076
0.427187
0.662
0.333933
0.662
0.300955
0.662
0.00643938
0.391838
0.166315
0.133611
0.662
0.599853
0.297793
0.313202
0.0663512
0.586341
0.662
0.662
0.475477
0.282459
0.131766
0.358775
0.102754
0.197047
0.335026
0.662
0.662
0.215831
0.458546
0.145713
0.255282
0.391165
0.30769
0.475332
0.662
0.662
0.662
0.662
0.662
0.662
0.507084
0.559553
0.198456
0.274727
0.293243
0.211806
0.493529
0.240974
0.511538
0.0709626
0.662
0.492143
0.35798
0.662
0.438043
0.19419
0.0152626
0.205756
0.662
0.114523
0.662
0.662
0.0120029
0.662
0.662
0.215863
0.456558
0.650102
0.662
0.662
0.662
0.199027
0.12918
0.433004
0.322017
0.177289
0.221315
0.449179
0.378622
0.60796
0.662
0.442708
0.412055
0.189454
0.275682
0.662
0.579059
0.662
0.210309
0.478739
0.286263
0.534337
0.185668
0.662
0.662
0.0770847
0.0891432
0.187757
0.405783
0.662
0.00968705
0.296067
0.662
0.394358
0.662
0.28242
0.662
0.662
0.662
0.211237
0.00988251
0.246731
0.126725
0.0612399
0.662
0.442358
0.662
0.662
0.662
0.662
0.24463
0.662
0.476258
0.662
0.108739
0.662
0.199338
0.19754
0.662
0.249799
0.180156
0.174755
0.270305
0.662
0.197547
0.215319
0.221301
0.25181
0.634586
0.277626
0.662
0.662
0.426895
0.351118
0.224302
0.29355
0.662
0.656933
0.299124
0.662
0.160834
0.0219258
0.662
0.662
0.196664
0.662
0.22309
0.152491
0.448482
0.477945
0.662
0.0414025
0.662
0.662
0.263451
0.475084
0.662
0.246185
0.449356
0.0990546
0.464574
0.16811
0.430034
0.24437
0.662
0.662
0.460067
0.105906
0.498717
0.0846079
0.0892944
0.290708
0.662
0.220674
0.298394
0.0965278
0.662
0.0445279
0.24639
0.0831693
0.662
0.501579
0.530628
0.336052
0.270764
0.353896
0.662
0.290379
0.662
0.365301
0.301342
0.662
0.662
0.662
0.662
0.662
0.662
0.0524086
0.662
0.662
0.423291
0.197951
0.662
0.51262
0.662
0.662
0.0455954
0.57362
0.223625
0.414067
0.662
0.393195
0.662
0.662
0.0116688
0.473371
0.254148
0.372704
0.662
0.0681321
0.140214
0.662
0.662
0.474996
0.62897
0.662
0.072803
0.0795956
0.662
0.662
0.199754
0.232707
0.255319
0.662
0.567531
0.424542
0.439511
0.340294
0.0575167
0.396538
0.662
0.662
0.188775
0.0473455
0.0887777
0.0293365
0.436823
0.662
0.662
0.662
0.632826
0.068877
0.148605
0.431326
0.582103
0.162965
0.353404
0.662
0.509134
0.372563
0.00346415
0.224235
0.0799225
0.662
0.170476
0.662
0.308801
0.209485
0.284957
0.662
0.392548
0.268901
0.452856
0.324431
0.285682
0.195607
0.284393
0.380696
0.662
0.662
0.356713
0.624475
0.662
0.204662
0.0241276
0.391596
0.631073
0.662
0.198584
0.662
0.662
0.345647
0.445144
0.633199
0.662
0.270371
0.662
0.194567
0.154632
0.662
0.364502
0.662
0.606652
0.662
0.662
0.393672
0.439155
0.662
0.337593
0.327343
0.450055
0.662
0.662
0.662
0.474693
0.662
0.380563
0.35797
0.662
0.399732
0.147542
0.35818
0.00726553
0.0112886
0.662
0.395058
0.0775349
0.155951
0.45605
0.662
0.662
0.440124
0.582702
0.458702
0.0242422
0.222931
0.55488
0.219867
0.391731
0.662
0.0202643
0.662
0.0623847
0.350478
0.22533
0.662
0.312808
0.223743
0.187843
0.0804311
0.542597
0.662
0.283242
0.090361
0.662
0.420681
0.361398
0.662
0.662
0.19578
0.662
0.662
0.662
0.603723
0.662
0.662
0.264314
0.255253
0.662
0.662
0.0106484
0.662
0.662
0.662
0.592235
0.33679
0.662
0.662
0.494875
0.287336
0.107561
0.150237
0.0336399
0.293481
0.214523
0.642039
0.662
0.662
0.474342
0.337004
0.662
0.193273
0.33983
0.110253
0.184736
0.662
0.192193
0.103888
0.517898
0.662
0.662
0.464541
0.410522
0.171648
0.662
0.275523
0.662
0.460272
0.662
0.662
0.170308
0.0895034
0.0636796
0.662
0.286046
0.662
0.455968
0.662
0.194027
0.0827334
0.662
0.166052
0.221019
0.269577
0.662
0.662
0.120492
0.0130052
0.346784
0.297778
0.10113
0.186426
0.662
0.662
0.662
0.662
0.662
0.577287
0.662
0.166988
0.662
0.0508401
0.662
0.513789
0.662
0.662
0.662
0.662
0.337635
0.662
0.38634
0.0650614
0.318274
0.0431138
0.662
0.267497
0.662
0.262619
0.055571
0.195388
0.662
0.0231185
0.662
0.192192
0.662
0.0453256
0.185788
0.209564
0.260758
0.221686
0.188268
0.662
0.662
0.379389
0.662
0.346255
0.190232
0.362398
0.411712
0.662
0.662
0.278398
0.0263495
0.589606
0.595901
0.317444
0.103197
0.272305
0.225731
0.662
0.0495119
0.662
0.590419
0.279871
0.662
0.662
0.662
0.352009
0.662
0.113873
0.662
0.662
0.662
0.518196
0.662
0.540014
0.662
0.662
0.302366
0.460832
0.269203
0.270084
0.202829
0.662
0.187247
0.662
0.662
0.483049
0.0676665
0.662
0.662
0.662
0.261209
0.641447
0.662
0.493777
0.536543
0.451141
0.209967
0.114387
0.662
0.662
0.0687385
0.0116637
0.662
0.525645
0.43732
0.662
0.304847
0.205474
0.251298
0.259067
0.280915
0.162799
0.662
0.662
0.217026
0.662
0.194947
0.21451
0.662
0.450749
0.662
0.662
0.662
0.376623
0.662
0.662
0.158832
0.190058
0.0511981
0.438647
0.179343
0.662
0.474555
0.662
0.126671
0.508179
0.662
0.662
0.662
0.61881
0.181431
0.427634
0.627623
0.662
0.662
0.197921
0.662
0.406477
0.121117
0.662
0.362148
0.662
0.60354
0.172691
0.0730964
0.125237
0.518393
0.363656
0.20002
0.0888243
0.662
0.424404
0.135699
0.662
0.54259
0.662
0.662
0.662
0.662
0.662
0.178943
0.410402
0.436035
0.45117
0.662
0.662
0.526579
0.662
0.110712
0.137715
0.662
0.00909178
0.182878
0.348769
0.662
0.169492
0.282702
0.345075
0.662
0.355966
0.0678381
0.662
0.00713128
0.52937
0.301352
0.421871
0.662
0.162509
0.662
0.455938
0.172117
0.662
0.662
0.329428
0.662
0.662
0.118772
0.662
0.662
0.544877
0.288556
0.41107
0.024106
0.223825
0.439214
0.47658
0.662
0.174461
0.14411
0.662
0.172537
0.629037
0.261091
0.662
0.451759
0.325477
0.000866247
0.134607
0.662
0.039673
0.662
0.0561511
0.326604
0.662
0.124413
0.220317
0.662
0.371002
0.662
0.662
0.662
0.427918
0.352243
0.0693277
0.234523
0.662
0.662
0.190447
0.662
0.567834
0.662
0.339752
0.662
0.178508
0.588373
0.662
0.662
0.662
0.191442
0.662
0.479911
0.662
0.662
0.0434401
0.662
0.431994
0.324646
0.662
0.662
0.289759
0.662
0.118047
0.662
0.225049
0.295104
0.0638616
0.505249
0.0476969
0.364148
0.573649
0.132877
0.662
0.662
0.655572
0.662
0.223051
0.662
0.48992
0.0580248
0.0898229
0.192197
0.662
0.662
0.658497
0.317618
0.0953028
0.424008
0.288708
0.640229
0.662
0.662
0.427214
0.662
0.377869
0.132243
0.512707
0.662
0.662
0.209875
0.0346335
0.662
0.00974252
0.662
0.405302
0.662
0.193178
0.616814
0.662
0.553872
0.533857
0.213835
0.397058
0.100425
0.57741
0.662
0.00624285
0.488072
0.205817
0.243141
0.0292325
0.385334
0.3874
0.456602
0.662
0.238774
0.0906851
0.662
0.662
0.313705
0.662
0.0987659
0.662
0.662
0.485997
0.244567
0.662
0.233467
0.662
0.207029
0.422251
0.662
0.154305
0.237245
0.662
0.470682
0.662
0.0777101
0.0347094
0.267587
0.387533
0.00656552
0.334893
0.288646
0.662
0.244126
0.647068
0.19936
0.662
0.662
0.379428
0.662
0.536422
0.291447
0.662
0.32609
0.0251107
0.142812
0.467905
0.600055
0.662
0.273059
0.414382
0.662
0.662
0.265618
0.241205
0.456242
0.662
0.662
0.200764
0.662
0.191631
0.408102
0.662
0.662
0.325955
0.436459
0.506383
0.32126
0.662
0.575119
0.559149
0.662
0.560041
0.121689
0.0874425
0.37232
0.284429
0.152553
0.257923
0.662
0.201732
0.662
0.352483
0.137774
0.359605
0.662
0.342109
0.662
0.464376
0.0712066
0.160146
0.0689544
0.603171
0.0335136
0.662
0.240092
0.0827479
0.0519913
0.662
0.115553
0.662
0.206519
0.662
0.662
0.224253
0.662
0.311126
0.662
0.0104245
0.481279
0.662
0.424199
0.662
0.464565
0.662
0.662
0.00245071
0.662
0.128108
0.628535
0.662
0.167197
0.218038
0.0255392
0.662
0.203349
0.363862
0.328336
0.166503
0.212462
0.466091
0.462929
0.261003
0.297318
0.303768
0.207821
0.19084
0.340017
0.0546353
0.614197
0.660534
0.243884
0.662
0.40301
0.662
0.51205
0.662
0.382353
0.333335
0.662
0.442299
0.662
0.662
0.234668
0.45156
0.0304568
0.349982
0.662
0.601958
0.662
0.0900432
0.243973
0.350344
