0.397251
0.0772076
0.184066
0.250067
0.659506
0.0168628
0.195846
0.00806404
0.425956
0.153857
0.662
0.662
0.471928
0.662
0.662
0.662
0.662
0.082322
3.95291e-05
0.662
0.52167
0.662
0.458409
0.662
0.268217
0.662
0.662
0.658914
0.186801
0.00203071
0.157182
0.332718
0.162468
0.0693103
0.662
0.662
0.213704
0.662
0.662
0.0216625
0.662
0.662
0.256858
0.662
0.483264
0.135122
0.322412
0.400613
0.455874
0.480053
0.23109
0.0622164
0.462915
0.356951
0.431387
0.068741
0.0531127
0.662
0.45302
0.364474
0.535981
0.306715
0.662
0.118935
0.662
0.662
0.601325
0.269285
0.662
0.425416
0.195522
0.662
0.00597785
0.076848
0.199758
0.380304
0.662
0.662
0.662
0.156361
0.352857
0.662
0.254541
0.0167441
0.113361
0.662
0.662
0.355903
0.662
0.387116
0.655766
0.662
0.390647
0.662
0.218483
0.662
0.662
0.627352
0.493969
0.405194
0.662
0.537609
0.417185
0.190033
0.295516
0.593912
0.662
0.662
0.662
0.662
0.435535
0.214625
0.662
0.235621
0.662
0.442708
0.379584
0.447221
0.25547
0.066572
0.188103
0.662
0.535921
0.0741383
0.662
0.473317
0.237565
0.590278
0.0230541
0.658974
0.499104
0.662
0.637559
0.231158
0.644624
0.41724
0.236049
0.0912053
0.548404
0.425808
0.662
0.417098
0.0101348
0.662
0.205632
0.415104
0.37017
0.0839958
0.662
0.00621614
0.323068
0.20239
0.170248
0.473451
0.492858
0.24615
0.662
0.320914
0.489031
0.0158977
0.164883
0.300839
0.0292805
0.0185731
0.50189
0.373985
0.132603
0.662
0.203094
0.662
0.44359
0.275783
0.242949
0.61324
0.507648
0.433613
0.292642
0.311449
0.331214
0.304851
0.382128
0.662
0.662
0.643729
0.662
0.102893
0.17897
0.662
0.631453
0.304221
0.167569
0.662
0.432216
0.404792
0.0892868
0.662
0.630376
0.352825
0.117648
0.387212
0.660619
0.173731
0.581638
0.604248
0.662
0.450101
0.662
0.519874
0.135922
0.127087
0.662
0.662
0.64364
0.662
0.36943
0.662
0.0612675
0.662
0.662
0.662
0.0727194
0.662
0.636482
0.113267
0.259721
0.0562709
0.662
0.662
0.662
0.0951567
0.631775
0.662
0.187913
0.0656908
0.287126
0.541418
0.178419
0.33425
0.424768
0.140527
0.294538
0.662
0.662
0.610047
0.662
0.187631
0.32857
0.367786
0.0877389
0.630755
0.200157
0.423025
0.123091
0.51525
0.362329
0.232921
0.443799
0.218291
0.662
0.0839245
0.192896
0.453308
0.624491
0.662
0.408815
0.662
0.500447
0.662
0.181313
0.517145
0.508381
0.106061
0.426465
0.60838
0.197934
0.662
0.662
0.662
0.662
0.300632
0.0722593
0.524938
0.50257
0.405397
0.301073
0.0193645
0.662
0.619745
0.662
0.446807
0.662
0.662
0.662
0.0569061
0.435651
0.317714
0.662
0.662
