0.44084
0.300839
0.187558
0.433613
0.1162
0.300538
0.218291
0.113361
0.662
3.95291e-05
0.129621
0.0693103
0.0622164
0.619745
0.328578
0.162324
0.306715
0.076848
0.662
0.235621
0.662
0.637559
0.662
0.239617
0.662
0.662
0.384664
0.662
0.483264
0.131005
0.325233
0.132291
0.153455
0.517145
0.408815
0.0678898
0.662
0.662
0.662
0.0711306
0.662
0.505283
0.313704
0.167569
0.103036
0.662
0.321749
0.194148
0.662
0.0612675
0.658914
0.627352
0.403113
0.178419
0.662
0.390647
0.121352
0.0715793
0.216986
0.179994
0.311449
0.279043
0.374863
0.423025
0.229218
0.631775
0.106418
0.662
0.207558
0.206135
0.0369948
0.0656908
0.662
0.127087
0.662
0.261061
0.289473
0.0364924
0.356951
0.662
0.225189
0.447221
