0.662
0.535981
0.610047
0.519874
0.292642
0.662
0.662
0.662
0.662
0.190033
0.0804709
0.662
0.322412
0.662
0.197934
0.387116
0.329794
0.425956
0.0693103
0.662
0.382128
0.662
0.186801
0.662
0.432216
0.113267
0.102893
0.489031
0.541418
0.170248
0.426465
0.320914
0.662
0.662
0.662
0.662
0.50189
0.0158977
0.658914
0.00621614
0.200157
0.0722593
0.36943
0.455874
0.662
0.173731
0.500447
0.0167441
0.218291
0.493969
0.662
0.417098
0.304851
0.425808
0.397251
0.236049
0.0230541
0.655766
0.442708
0.352857
0.662
0.352825
0.17897
0.64364
0.548404
0.00597785
0.662
0.662
0.662
0.662
0.106061
0.662
0.662
0.306715
0.00806404
0.0656908
0.0772076
0.662
0.187913
0.60838
0.535921
0.662
0.106108
0.483264
0.662
0.662
0.662
0.304221
0.662
0.659506
0.593912
0.404792
0.517145
0.662
0.662
0.636482
0.662
0.662
0.312318
0.242949
0.662
0.662
0.317714
0.662
0.323068
0.188103
0.135122
0.662
0.181313
0.0839245
0.0951567
0.164883
0.662
0.300839
0.537609
0.425416
0.295516
0.450101
0.662
0.205632
0.199758
0.213704
0.624491
0.52167
0.0185731
0.405194
0.662
0.473451
0.643729
0.644624
0.569077
0.631775
0.471928
0.44359
0.356951
0.662
0.275783
0.0612675
0.662
0.287126
0.118935
0.135922
0.462915
0.662
0.250067
0.0892868
0.662
0.187631
0.499104
0.61324
0.662
0.662
0.447221
0.662
0.218483
0.446807
0.380304
0.662
0.631453
0.355903
0.601325
0.269285
0.453308
0.435651
0.50257
0.331214
0.662
0.0658404
0.24615
0.431387
0.0741383
0.424768
0.662
0.41724
0.581638
0.627352
0.662
0.662
0.153857
0.662
0.178419
0.268217
0.33425
0.435535
0.662
0.662
0.415104
0.0503638
0.630755
0.0292805
0.630376
0.0216625
0.00971443
0.113361
0.45302
0.37017
0.662
0.0793943
0.662
0.662
0.492858
0.294538
0.662
0.423025
0.662
0.508381
0.507648
0.301073
0.157182
0.637559
0.662
0.207037
0.192896
0.0101348
0.458409
0.662
0.662
0.0562709
0.256858
0.662
0.662
0.662
0.25547
0.373985
0.0839958
0.367786
0.311449
0.362329
3.95291e-05
0.167569
0.408815
0.00203071
0.0912053
0.433613
0.0168628
0.662
0.480053
0.662
0.662
0.066572
0.662
0.184066
0.590278
0.162468
0.658974
0.662
0.082322
0.140527
0.662
0.473317
0.662
0.195522
0.332718
0.0622164
0.195846
0.400613
0.662
0.235621
0.237565
0.662
0.068741
0.662
0.619745
0.662
0.662
0.443799
0.20239
0.662
0.379584
0.405397
0.51525
0.203094
0.662
0.662
0.662
0.247724
0.417185
0.662
0.364474
0.468633
0.254541
0.662
0.23109
0.387212
0.127087
0.259721
0.662
0.604248
0.076848
0.231158
0.0877389
0.32857
0.214625
0.662
0.662
0.662
0.390647
0.300632
0.662
0.660619
