0.662
0.347981
0.662
0.0612675
0.0230541
0.662
0.662
0.662
0.164871
0.660619
0.662
0.44359
0.306715
0.662
0.113361
0.164883
0.662
0.50257
0.140527
0.254541
0.218483
0.627352
0.662
0.127087
0.535921
0.320828
0.425956
0.662
0.662
0.208241
0.662
0.0562709
0.190033
0.659506
0.487487
0.601325
0.662
0.0239637
0.402609
0.387212
0.662
0.205632
0.170667
0.662
0.662
0.662
0.301073
0.500447
0.0715793
0.508381
0.379584
0.50189
0.0685741
0.106061
0.114653
0.473451
0.268217
0.447221
0.362329
0.076848
0.199758
0.217233
0.167569
0.662
0.00203071
0.217115
0.0877389
0.442708
0.328921
0.178419
0.397251
0.662
0.662
0.437572
0.0722593
0.32857
0.0741383
0.483264
0.287126
0.662
0.405194
0.250067
0.218291
0.662
0.435535
0.631775
0.662
0.21703
0.662
0.593912
0.197934
0.535981
0.644624
0.323068
0.662
0.00621614
0.662
0.662
0.0622164
0.234871
0.662
0.0656908
0.322807
0.662
0.013333
0.187753
0.421097
0.41724
0.630376
0.425416
0.0951567
0.00597785
0.0547387
0.373985
0.256858
0.662
0.462915
0.380304
0.0859746
0.662
0.186801
0.404792
0.0158977
0.308398
0.23716
0.24615
0.468136
0.173731
0.662
0.536564
0.662
0.453308
0.662
0.352857
0.637559
0.331214
0.662
0.662
0.19631
0.371627
0.304221
0.541418
0.367786
0.489031
0.36943
0.417098
0.376788
0.259721
0.662
0.64364
0.300538
0.658914
0.662
0.662
0.61324
0.662
0.130818
0.662
0.448839
0.192972
0.517145
0.619745
0.170248
0.662
0.662
0.662
0.187631
0.0839245
0.415104
0.643729
0.126245
0.23109
0.662
0.645766
0.463766
0.121352
0.662
0.51525
0.181313
0.662
0.311449
0.662
0.277397
0.34363
0.492858
0.64005
0.187913
0.275783
0.304851
0.662
0.471928
0.364474
0.662
0.662
0.662
0.390647
0.662
0.300839
0.277487
0.332718
0.235621
0.269645
0.52167
0.662
3.95291e-05
0.113267
0.356951
0.102893
0.662
0.493969
0.423025
0.368571
0.633391
0.433613
0.473317
0.135922
0.400613
0.192896
0.485398
0.662
0.662
0.135122
0.0693103
0.662
0.209132
0.0385943
0.658974
0.13943
0.480053
0.408815
0.11897
0.636482
0.247949
0.157182
0.455874
0.00806404
