0.129621
0.662
0.360203
0.447221
0.341172
0.374863
0.267355
0.203627
0.462915
0.188165
0.123234
0.662
0.380311
0.662
0.445008
0.222015
0.207558
0.235621
0.368091
0.178419
0.243251
0.076848
0.662
0.229218
0.169966
0.517145
0.619745
0.328578
0.662
0.64005
0.161443
0.662
0.662
0.200535
0.182308
0.0796449
0.627352
0.20821
0.662
0.1162
0.218291
0.167569
0.483264
0.00597785
0.0715793
0.106418
0.106061
0.300538
0.662
0.00203071
0.189639
0.206135
0.662
0.179994
0.131005
0.0711306
3.95291e-05
0.132207
0.423025
0.662
0.153455
0.662
0.20743
0.356951
0.261061
0.0676144
0.662
0.433613
0.463766
0.127087
0.143018
0.0612675
0.300839
0.0693103
0.662
0.187558
0.662
0.662
0.13905
0.021772
0.662
0.662
0.637559
0.631775
0.0622164
0.329275
0.0656908
0.404792
0.121352
0.390647
0.505283
0.0369948
0.662
0.103036
0.483323
0.662
0.408815
0.644624
0.662
0.113361
0.0513825
0.306715
0.662
0.311449
0.0915437
0.325233
0.658914
