0.662
0.160745
0.662
0.662
0.186941
0.662
0.158815
0.19654
0.662
0.662
0.662
0.651021
0.662
0.662
0.198329
0.662
0.489479
0.662
0.662
0.343102
0.286744
0.258322
0.253787
0.662
0.662
0.187986
0.115604
0.285426
0.431822
0.662
0.662
0.662
0.440837
0.138574
0.457375
0.173976
0.0110903
0.456884
0.662
0.0217318
0.662
0.662
0.662
0.191212
0.662
0.250072
0.084398
0.00901621
0.0862461
0.0416192
0.662
0.240705
0.345029
0.527457
0.0364608
0.486817
0.190881
0.662
0.662
0.440839
0.662
0.662
0.276147
0.192036
0.299822
0.662
0.629666
0.662
0.103385
0.642754
0.662
0.330621
0.225025
0.662
0.471499
0.382803
0.656734
0.662
0.408618
0.219578
0.228405
0.252598
0.464393
0.4667
0.662
0.430986
0.662
0.662
0.662
0.130967
0.545472
0.662
0.188527
0.258982
0.145296
0.261099
0.627805
0.424072
0.631066
0.119347
0.652832
0.63021
0.662
0.369759
0.438325
0.44923
0.244623
0.404961
0.0488277
0.662
0.662
0.662
0.662
0.094428
0.662
0.273915
0.662
0.0412543
0.0578971
0.327398
0.272872
0.662
0.511833
0.137149
0.662
0.109293
0.632121
0.329774
0.487843
0.335371
0.133316
0.0611324
0.662
0.0804359
0.662
0.291093
0.179817
0.221867
0.641956
0.192222
0.140219
0.590401
0.464238
0.662
0.662
0.272331
0.348909
0.662
0.662
0.119403
0.662
0.662
0.662
0.568649
0.22934
0.662
0.294641
0.583731
0.662
0.492988
0.662
0.0892673
0.265922
0.321576
0.0191247
0.662
0.662
0.434471
0.59696
0.592214
0.261884
0.179501
0.662
0.662
0.178403
0.662
0.623394
0.308423
0.223252
0.662
0.662
0.396738
0.308343
0.324902
0.386139
0.662
0.234322
0.415862
0.446576
0.61937
0.662
0.517127
0.0514948
0.662
0.135243
0.662
0.0380572
0.610703
0.146883
0.662
0.423644
0.227764
0.262466
0.263299
0.486429
0.662
0.256656
0.227672
0.662
0.662
0.662
0.662
0.662
0.51081
0.62548
0.344472
0.662
0.662
0.256055
0.328837
0.638763
0.426443
0.397525
0.23269
0.600177
0.0865211
0.662
0.606277
0.662
0.483263
0.578211
0.0213249
0.662
0.207823
0.0431624
0.221436
0.448045
0.420427
0.228951
0.484852
0.348502
0.662
0.0980855
0.126538
0.450929
0.467689
0.569237
0.159081
0.662
0.163147
0.375218
0.19082
0.662
0.452595
0.662
0.662
0.662
0.176363
0.114815
0.662
0.401129
0.183219
0.277857
0.368224
0.194368
0.594229
0.163511
0.125853
0.662
0.0875345
0.187018
0.648921
0.438537
0.194543
0.662
0.256716
0.493115
0.662
0.306548
0.662
0.429205
0.662
0.662
0.662
0.662
0.662
0.459015
0.662
0.167495
0.662
0.451907
0.519901
0.467144
0.662
0.189721
0.604317
0.662
0.658804
0.208133
0.662
0.258576
0.167914
0.519218
0.454585
0.137431
0.341464
0.589026
0.331045
0.384834
0.649281
0.662
0.322041
0.662
0.662
0.662
0.152478
0.608316
0.378917
0.352724
0.466557
0.437028
0.662
0.662
0.662
0.0539828
0.235817
0.0798129
0.0052284
0.382296
0.662
0.165952
0.22699
0.612813
0.382243
0.445414
0.0943489
0.280488
0.173546
0.0369076
0.380332
0.662
0.210188
0.662
0.203349
0.192827
0.662
0.662
0.662
0.168522
0.662
0.599847
0.179299
0.507405
0.662
0.605964
0.0286688
0.42937
0.534675
0.237307
0.200099
0.662
0.303446
0.283753
0.662
0.186495
0.662
0.626266
0.432753
0.234614
0.662
0.315749
0.34776
0.172597
0.662
0.662
0.367126
0.447319
0.662
0.19125
0.226399
0.428263
0.117943
0.662
0.19744
0.072346
0.055125
0.382042
0.536823
0.662
0.188557
0.247217
0.00261388
0.17557
0.245525
0.121737
0.610486
0.62226
0.662
0.567014
0.627694
0.452453
0.662
0.598984
0.0311239
0.451894
0.662
0.630963
0.206673
0.449447
0.485298
0.662
0.204544
0.111592
0.489167
0.197806
0.662
0.662
0.662
0.310578
0.0531553
0.453266
0.662
0.405185
0.662
0.662
0.173275
0.662
0.267331
0.662
0.519976
0.662
0.448937
0.662
0.23129
0.662
0.405136
0.662
0.662
0.662
0.297362
0.662
0.0513787
0.659941
0.662
0.0291697
0.189645
0.302631
0.654596
0.216076
0.662
0.425374
0.174289
0.247028
0.662
0.208442
0.662
0.642289
0.662
0.0476445
0.222756
0.215107
0.0520985
0.662
0.295533
0.622294
0.0521953
0.662
0.150185
0.525269
0.33232
0.662
0.0921393
0.275747
0.662
0.662
0.470662
0.117631
0.0848302
0.249993
0.662
0.662
0.364439
0.191949
0.392273
0.662
0.219731
0.0118924
0.246782
0.439757
0.263686
0.450731
0.662
0.164057
0.34307
0.662
0.222861
0.0300829
0.518634
0.476282
0.63339
0.475287
0.439929
0.480375
0.237401
0.198201
0.653981
0.226842
0.0644528
0.323939
0.200658
0.465851
0.662
0.0777943
0.662
0.55364
0.547626
0.24162
0.662
0.373541
0.242304
0.336566
0.662
0.662
0.662
0.662
0.431347
0.662
0.662
0.662
0.662
0.211801
0.131047
0.0480259
0.451922
0.454434
0.373846
0.662
0.112056
0.301498
0.662
0.0162757
0.374299
0.662
0.63911
0.662
0.167858
0.533371
0.662
0.359537
0.129513
0.662
0.322839
0.160694
0.139247
0.210943
0.662
0.216759
0.662
0.137188
0.662
0.0421186
0.0930649
0.610961
0.598403
0.586857
0.273567
0.0356944
0.0277905
0.304252
0.662
0.331711
0.651991
0.489892
0.64925
0.539365
0.633932
0.607656
0.443455
0.602606
0.376233
0.662
0.347852
0.129318
0.300719
0.662
0.662
0.25883
0.635769
0.662
0.662
0.662
0.588832
0.662
0.40184
0.000912518
0.481591
0.288454
0.289272
0.0514252
0.662
0.662
0.370783
0.15595
0.662
0.662
0.662
0.662
0.662
0.381161
0.662
0.53007
0.448093
0.372399
0.391431
0.0814992
0.201259
0.187465
0.593649
0.662
0.662
0.526504
0.472953
0.132234
0.662
0.662
0.662
0.194786
0.44112
0.0449793
0.662
0.662
0.16568
0.288906
0.662
0.170453
0.662
0.627722
0.360103
0.404033
0.16424
0.662
0.662
0.112255
0.0613432
0.662
0.377933
0.662
0.286416
0.662
0.501604
0.269422
0.662
0.662
0.662
0.357228
0.616864
0.662
0.662
0.150165
0.215717
0.662
0.662
0.39139
0.662
0.414821
0.336457
0.1083
0.533294
0.345731
0.662
0.662
0.619736
0.662
0.0955493
0.662
0.493558
0.238463
0.662
0.662
0.294431
0.662
0.192895
0.576279
0.625469
0.662
0.662
0.662
0.413329
0.185495
0.575854
0.195051
0.662
0.194037
0.662
0.460208
0.24129
0.12102
0.195957
0.662
0.560279
0.477269
0.662
0.662
0.537219
0.125434
0.445535
0.662
0.662
0.662
0.662
0.662
0.361444
0.411049
0.662
0.615443
0.662
0.179837
0.0434667
0.191555
0.662
0.207423
0.662
0.440366
0.199576
0.174694
0.639063
0.407252
0.142817
0.197056
0.194282
0.281972
0.248739
0.662
0.0683534
0.406358
0.662
0.168734
0.662
0.0495581
0.460327
0.0315385
0.662
0.592642
0.662
0.199892
0.662
0.371615
0.133496
0.662
0.662
0.662
0.662
0.662
0.614038
0.662
0.583635
0.24765
0.427305
0.157648
0.567885
0.662
0.428967
0.662
0.00742274
0.634896
0.340518
0.451183
0.197377
0.139739
0.149819
0.662
0.662
0.594816
0.109289
0.320481
0.110896
0.662
0.662
0.204237
0.0839464
0.456065
0.111703
0.662
0.386242
0.315966
0.662
0.662
0.13522
0.0489074
0.249367
0.339877
0.26047
0.342448
0.622501
0.0214059
0.319025
0.649578
0.662
0.0547779
0.0463622
0.201947
0.662
0.111773
0.662
0.662
0.121546
0.295298
0.662
0.59894
0.200485
0.537615
0.113059
0.662
0.283661
0.662
0.536532
0.662
0.146968
0.451285
0.301669
0.0363749
0.662
0.21948
0.140102
0.278825
0.231119
0.662
0.323285
0.390033
0.441781
0.662
0.0286092
0.588938
0.398025
0.375048
0.225493
0.577169
0.662
0.556268
0.465507
0.15383
0.662
0.167871
0.493777
0.442517
0.406558
0.662
0.216331
0.662
0.662
0.043136
0.304717
0.0510526
0.118432
0.229633
0.26412
0.496393
0.395468
0.464827
0.651049
0.470092
0.237172
0.662
0.285114
0.604835
0.0403507
0.463381
0.099925
0.328277
0.662
0.662
0.662
0.00943899
0.539133
0.183536
0.500636
0.525552
0.208281
0.237977
0.618738
0.662
0.662
0.311042
0.662
0.662
0.662
0.233764
0.662
0.647849
0.0892248
0.245894
0.600411
0.0433899
0.662
0.596277
0.662
0.292386
0.148805
0.636766
0.662
0.449035
0.393242
0.314516
0.184497
0.0176276
0.219284
0.34729
0.43833
0.589323
0.270128
0.662
0.662
0.0775023
0.443281
0.467026
0.264668
0.459685
0.662
0.341734
0.391681
0.217406
0.662
0.00757593
0.0870703
0.288052
0.326421
0.662
0.662
0.662
0.0280651
0.23467
0.365617
0.662
0.662
0.644572
0.575418
0.662
0.280701
0.0971627
0.662
0.662
0.401689
0.662
0.393199
0.150943
0.0688076
0.0560035
0.638886
0.377715
0.46473
0.158829
0.363989
0.487418
0.0975165
0.0748578
0.425071
0.140391
0.662
0.337802
0.662
0.0969705
0.141389
0.662
0.540273
0.662
0.638205
0.662
0.441968
0.478247
0.234818
0.662
0.525285
0.509827
0.139061
0.13119
0.662
0.137171
0.662
0.285608
0.131642
0.662
0.662
0.144826
0.208137
0.662
0.26
0.246968
0.036953
0.537202
0.347222
0.11061
0.662
0.421484
0.491087
0.662
0.662
0.662
0.548112
0.332337
0.640011
0.398177
0.397414
0.191275
0.662
0.467447
0.662
0.662
0.662
0.662
0.187924
0.338687
0.662
0.519485
0.409099
0.662
0.662
0.662
0.0040169
0.405894
0.662
0.0923071
0.597118
0.646049
0.662
0.520239
0.504633
0.245678
0.0915966
0.0130199
0.662
0.36429
0.513019
0.662
0.662
0.365943
0.374312
0.124202
0.662
0.662
0.311235
0.662
0.662
0.191722
0.0413606
0.662
0.629806
0.662
0.539898
0.31456
0.662
0.389226
0.63845
0.413543
0.171641
0.257024
0.662
0.236453
0.184123
0.472972
0.381012
0.662
0.585366
0.136444
0.069207
0.00729607
0.363404
0.662
0.308341
0.00611792
0.47369
0.20436
0.130472
0.161807
0.219577
0.662
0.307457
0.0465974
0.662
0.280888
0.662
0.236799
0.508944
0.662
0.176951
0.662
0.0449081
0.629105
0.310606
0.194952
0.199917
0.084389
0.662
0.297377
0.610164
0.662
0.662
0.662
0.169912
0.662
0.662
0.662
0.0984112
0.662
0.662
0.662
0.368242
0.356787
0.192786
0.548292
0.407178
0.662
0.659857
0.221351
0.662
0.210399
0.358921
0.0896996
0.0171815
0.394165
0.582835
0.448827
0.473666
0.662
0.414122
0.493635
0.109557
0.662
0.662
0.662
0.227731
0.420145
0.662
0.00959101
0.43406
0.188431
0.403321
0.110861
0.283644
0.18293
0.605145
0.662
0.662
0.35454
0.662
0.0907967
0.503977
0.210302
0.662
0.500527
0.0376565
0.662
0.401208
0.125072
0.0646107
0.215759
0.662
0.369294
0.662
0.095568
0.662
0.356579
0.622204
0.570709
0.595893
0.662
0.340014
0.524241
0.459826
0.501129
0.138907
0.105787
0.615699
0.0815739
0.629763
0.191318
0.266339
0.123992
0.0926462
0.130982
0.44588
0.418285
0.204133
0.163906
0.0319099
0.090404
0.05082
0.53621
0.295131
0.662
0.146929
0.0042248
0.513443
0.662
0.389104
0.401545
0.517813
0.662
0.662
0.662
0.652498
0.414196
0.0696743
0.112203
0.470985
0.662
0.662
0.662
0.111519
0.662
0.346996
0.269138
0.0725434
0.662
0.159297
0.662
0.00656986
0.0725722
0.28481
0.662
0.662
0.593338
0.00538916
0.662
0.327021
0.662
0.445577
0.251641
0.366503
0.662
0.106211
0.287013
0.289311
0.0662372
0.458125
0.649422
0.374798
0.181553
0.662
0.16763
0.662
0.662
0.654116
0.196408
0.125819
0.662
0.354356
0.662
0.132372
0.662
0.371227
0.662
0.662
0.662
0.662
0.623006
0.662
0.281291
0.354042
0.662
0.150998
0.0349682
0.0579289
0.38505
0.0612952
0.641929
0.662
0.00642473
0.113962
0.128866
0.361145
0.662
0.519098
0.183959
0.662
0.50655
0.535419
0.662
0.239414
0.662
0.662
0.210281
0.207999
0.589624
0.662
0.218663
0.216839
0.662
0.662
3.33705e-05
0.0904217
0.311539
0.662
0.662
0.632019
0.662
0.662
0.583254
0.621507
0.662
0.326828
0.662
0.592362
0.656303
0.105257
0.0648841
0.447789
0.147638
0.212656
0.662
0.649874
0.651192
0.0556788
0.662
0.662
0.662
0.187517
0.358106
0.382291
0.428442
0.662
0.662
0.611635
0.642184
0.225699
0.111291
0.662
0.238469
0.162294
0.416122
0.467054
0.0623657
0.0302161
0.620815
0.662
0.501017
0.282497
0.247155
0.662
0.47732
0.329174
0.0191298
0.662
0.434728
0.662
0.460954
0.662
0.662
0.662
0.584933
0.662
0.471402
0.282245
0.142074
0.365474
0.662
0.662
0.469993
0.229424
0.397069
0.662
0.466917
0.0115174
0.255941
0.252822
0.662
0.0214766
0.43888
0.241288
0.662
0.662
0.0411576
0.344954
0.662
0.259552
0.662
0.15671
0.497504
0.0655621
0.662
0.278985
0.157201
0.662
0.662
0.389715
0.0574458
0.213034
0.293915
0.538328
0.556311
0.249151
0.365608
0.26946
0.662
0.662
0.147666
0.110066
0.292698
0.26391
0.338135
0.252024
0.662
0.662
0.298363
0.662
0.568865
0.597664
0.662
0.0650437
0.393539
0.662
0.118098
0.465084
0.134888
0.508258
0.662
0.338706
0.662
0.662
0.140988
0.662
0.662
0.662
0.325742
0.115984
0.662
0.233124
0.381365
0.606606
0.450747
0.662
0.662
0.560302
0.55568
0.322783
0.662
0.529158
0.662
0.662
0.662
0.38787
0.662
0.662
0.622896
0.239572
0.0664602
0.0680664
0.0125977
0.0587618
0.448085
0.305551
0.0640855
0.659644
0.175369
0.572434
0.57503
0.148497
0.662
0.662
0.329079
0.662
0.662
0.662
0.117864
0.321639
0.662
0.389983
0.0601229
0.662
0.616758
0.373015
0.441292
0.580687
0.662
0.101854
0.367938
0.614215
0.116907
0.149303
0.123314
0.144688
0.662
0.109964
0.279774
0.662
0.662
0.662
0.662
0.0641075
0.109315
0.0648447
0.205298
0.662
0.0778153
0.608608
0.255
0.421534
0.220485
0.662
0.662
0.192079
0.221094
0.0214024
0.662
0.662
0.201179
0.128511
0.662
0.14282
0.141182
0.662
0.17073
0.154697
0.662
0.499259
0.306974
0.344771
0.520566
0.41012
0.212074
0.558698
0.229626
0.314395
0.464217
0.60322
0.0292997
0.114228
0.194524
0.227044
0.411181
0.662
0.414082
0.662
0.258822
0.21737
0.662
0.407915
0.662
0.202183
0.347427
0.356252
0.662
0.126032
0.280185
0.298929
0.629706
0.604751
0.0990943
0.379579
0.662
0.565709
0.0986863
0.662
0.0852364
0.493969
0.345043
0.442125
0.662
0.163947
0.662
0.662
0.0378167
0.655148
0.102832
0.0909546
0.662
0.1738
0.486767
0.00634015
0.0739623
0.179265
0.364901
0.23521
0.0308744
0.22599
0.662
0.150994
0.195495
0.662
0.614969
0.662
0.265644
0.662
0.389284
0.662
0.203582
0.662
0.662
0.122276
0.662
0.175342
0.600449
0.662
0.0799684
0.6554
0.274958
0.662
0.00834464
0.392396
0.300264
0.662
0.328586
0.398498
0.404379
0.662
0.438117
0.662
0.00397338
0.662
0.662
0.43373
0.175522
0.202844
0.183333
0.129725
0.516998
0.65947
0.614133
0.482373
0.662
0.336947
0.636199
0.0688591
0.662
0.426137
0.190978
0.461056
0.209654
0.0898114
0.662
0.662
0.614499
0.483981
0.662
0.323849
0.662
0.435285
0.662
0.208145
0.547277
0.193805
0.55176
0.196853
0.272709
0.164477
0.269861
0.662
0.662
0.142104
0.49996
0.256562
0.503393
0.169582
0.247083
0.102429
0.265043
0.187875
0.662
0.342576
0.10491
0.662
0.662
0.178597
0.662
0.662
0.662
0.662
0.164202
0.0479303
0.65331
0.37948
0.662
0.189474
0.199753
0.662
0.102766
0.662
0.0872738
0.197264
0.662
0.195748
0.18687
0.182473
0.18391
0.640109
0.138908
0.0541523
0.22309
0.620729
0.331088
0.0880877
0.581196
0.662
0.275063
0.108324
0.662
0.662
0.662
0.662
0.231825
0.0870625
0.212602
0.662
0.571272
0.325439
0.662
0.662
0.56768
0.662
0.662
0.627459
0.662
0.662
0.62837
0.38735
0.358867
0.662
0.223402
0.452543
0.00964186
0.477348
0.36152
0.458769
0.5802
0.267904
0.135849
0.425936
0.221265
0.177514
0.662
0.170188
0.56384
0.00795298
0.658843
0.662
0.503171
0.662
0.363531
0.0431747
0.307631
0.230433
0.298097
0.205403
0.662
0.662
0.228904
0.112655
0.196212
0.399497
0.662
0.662
0.0796325
0.334341
0.230478
0.185395
0.116041
0.0800485
0.662
0.13164
0.0721027
0.662
0.123708
0.662
0.196529
0.662
0.614487
0.538588
0.662
0.662
0.662
0.443923
0.617868
0.662
0.662
0.295917
0.662
0.365139
0.662
0.662
0.218023
0.251979
0.58724
0.436141
0.0842858
0.644852
0.216034
0.662
0.463372
0.32813
0.662
0.662
0.662
0.190633
0.382967
0.283287
0.500843
0.13649
0.662
0.662
0.548088
0.120649
0.18558
0.662
0.487936
0.518252
0.520121
0.662
0.662
0.212836
0.428461
0.344318
0.364229
0.146824
0.459524
0.184267
0.642952
0.662
0.0539662
0.547469
0.205023
0.24665
0.662
0.662
0.164224
0.662
0.662
0.453582
0.662
0.619139
0.331192
0.662
0.121132
0.379471
0.503728
0.657933
0.662
0.361344
0.662
0.335986
0.164444
0.662
0.411048
0.662
0.123971
0.014128
0.0851929
0.662
0.464641
0.341614
0.422364
0.0214709
0.662
0.662
0.449728
0.189036
0.662
0.361067
0.243712
0.284492
0.238495
0.039721
0.0788334
0.180531
0.662
0.0575986
0.662
0.200716
0.662
0.662
0.354967
0.662
0.662
0.509237
0.0582359
0.662
0.662
0.24125
0.0925181
0.47279
0.121709
0.585895
0.0275587
0.589772
0.0394808
0.662
0.395952
0.151417
0.196304
0.39354
0.504734
0.203354
0.0381941
0.131046
0.0408779
0.128819
0.650406
0.0547492
0.334526
0.232579
0.283066
0.0725725
0.662
0.460842
0.662
0.662
0.662
0.662
0.402454
0.532118
0.662
0.662
0.482104
0.662
0.455621
0.475437
0.325644
0.356274
0.209222
0.662
0.322176
0.365418
0.613202
0.662
0.332695
0.218114
0.24686
0.662
0.553639
0.662
0.196628
0.662
0.662
0.358408
0.662
0.662
0.427581
0.291155
0.469186
0.0805564
0.548451
0.100617
0.662
0.199404
0.0652503
0.662
0.662
0.201122
0.328252
0.662
0.662
0.422523
0.662
0.193437
0.156678
0.662
0.395606
0.662
0.0943949
0.0647508
0.116093
0.0831647
0.472014
0.395837
0.146979
0.662
0.218614
0.37961
0.0211765
0.0622261
0.662
0.427337
0.662
0.0342844
0.510571
0.189987
0.370887
0.143089
0.0338243
0.431038
0.647246
0.662
0.587378
0.660419
0.436411
0.224419
0.316312
0.0988261
0.25505
0.22165
0.0654762
0.662
0.379612
0.662
0.56918
0.634113
0.0759024
0.517021
0.662
0.179531
0.467369
0.245363
0.662
0.544886
0.269166
0.662
0.589068
0.46508
0.477406
0.662
0.662
0.662
0.161333
0.560595
0.284296
0.079483
0.662
0.223655
0.270887
0.602535
0.662
0.210819
0.00734715
0.662
0.127038
0.662
0.662
0.662
0.0011423
0.513722
0.633694
0.418428
0.215431
0.263958
0.662
0.000563022
0.662
0.662
0.57703
0.493078
0.453534
0.659489
0.629424
0.149809
0.179187
0.185645
0.189177
0.12799
0.0584843
0.0623823
0.177137
0.550118
0.158432
0.502174
0.361552
0.129248
0.662
0.549825
0.112818
0.23655
0.662
0.662
0.662
0.662
0.261913
0.629315
0.662
0.392597
0.176232
0.662
0.662
0.138498
0.450743
0.270333
0.662
0.492598
0.10913
0.0128719
0.343158
0.283937
0.119408
0.288262
0.662
0.4351
0.662
0.642378
0.656181
0.283217
0.662
0.662
0.122388
0.000966665
0.19025
0.21812
0.662
0.194049
0.395786
0.351927
0.499405
0.459394
0.662
0.394217
0.195548
0.662
0.0776232
0.00294604
0.125159
0.158336
0.559978
0.261803
0.151504
0.41046
0.662
0.662
0.639168
0.00998767
0.281095
0.470232
0.0503584
0.29764
0.210735
0.662
0.662
0.662
0.40634
0.620333
0.186524
0.662
0.607485
0.662
0.245498
0.28744
0.662
0.451138
0.404119
0.468419
0.0965828
0.0215927
0.649437
0.118882
0.555762
0.662
0.662
0.175016
0.165161
0.202963
0.353953
0.544487
0.662
0.213533
0.205507
0.662
0.662
0.280471
0.158994
0.480482
0.662
0.165399
0.662
0.407372
0.26696
0.0900793
0.662
0.312977
0.00361941
0.430643
0.658493
0.646669
0.197624
0.073817
0.662
0.284625
0.516106
0.662
0.0825016
0.662
0.108329
0.662
0.662
0.269852
0.102707
0.202324
0.296817
0.146638
0.662
0.345937
0.662
0.291999
0.662
0.246658
0.288934
0.662
0.662
0.177109
0.316253
0.662
0.19058
0.352965
0.181417
0.662
0.662
0.662
0.443751
0.267437
0.662
0.662
0.64485
0.0463177
0.256105
0.108334
0.542267
0.207777
0.135794
0.662
0.107911
0.25429
0.290385
0.164664
0.662
0.662
0.662
0.425859
0.0453742
0.477029
0.627591
0.413374
0.614361
0.468097
0.454933
0.662
0.519347
0.527087
0.356872
0.662
0.0402593
0.662
0.165412
0.662
0.662
0.662
0.662
0.00404451
0.554499
0.375329
0.0959911
0.662
0.351081
0.662
0.662
0.194959
0.662
0.662
0.662
0.662
0.448356
0.0561193
0.180966
0.345017
0.0645583
0.190611
0.114605
0.662
0.222414
0.303672
0.16014
0.662
0.341324
0.453988
0.301665
0.662
0.0569303
0.0844218
0.572717
0.315991
0.20291
0.662
0.662
0.230161
0.662
0.251924
0.0823569
0.662
0.615384
0.194997
0.15509
0.450336
0.403686
0.621076
0.662
0.592409
0.662
0.161902
0.158811
0.0107378
0.0884305
0.662
0.620692
0.3054
0.251765
0.662
0.615951
0.662
0.226208
0.662
0.233006
0.55848
0.662
0.662
0.203114
0.662
0.662
0.613142
0.513214
0.349898
0.608593
0.662
0.535483
0.146807
0.662
0.466275
0.130133
0.243677
0.662
0.662
0.645243
0.141915
0.662
0.410774
0.233765
0.413318
0.612876
0.662
0.662
0.464623
0.204108
0.542404
0.0119813
0.126842
0.289635
0.470464
0.662
0.216073
0.426706
0.662
0.662
0.524579
0.010363
0.3025
0.662
0.662
0.200632
