0.658934
0.285961
0.308142
0.363255
0.662
0.190881
0.125434
0.247589
0.662
0.662
0.392597
0.578211
0.209211
0.141182
0.142691
0.309611
0.106797
0.662
0.212602
0.487891
0.662
0.662
0.662
0.662
0.26433
0.662
0.202333
0.241946
0.662
0.202183
0.662
0.335371
0.285438
0.0725722
0.597664
0.103385
0.662
0.174659
0.094428
0.205449
0.482373
0.217315
0.211749
0.662
0.662
0.63911
0.662
0.662
0.662
0.662
0.216903
0.662
0.662
0.627694
0.396304
0.464201
0.662
0.662
0.543223
0.155672
0.111519
0.662
0.662
0.0970284
0.472972
0.259719
0.112655
0.0387194
0.662
0.202663
0.133072
0.589624
0.0181166
0.129479
0.200911
0.0851724
0.4667
0.138722
0.498428
0.312651
0.223705
0.662
0.40184
0.13574
0.299822
0.2264
0.259649
0.662
0.544487
0.662
0.235747
0.662
0.0547779
0.662
0.116342
0.00931868
0.451752
0.158638
0.417298
0.662
0.367126
0.437028
0.072644
0.0299686
0.662
0.622115
0.209051
0.647385
0.137431
0.662
0.0146225
0.398089
0.345029
0.662
0.662
0.480375
0.278145
0.581777
0.528304
0.537615
0.259169
0.0363834
0.619736
0.662
0.662
0.662
0.662
0.662
0.436765
0.662
0.662
0.644572
0.533808
0.662
0.202852
0.0690561
0.63845
0.662
0.532987
0.448045
0.0628092
0.12844
0.662
0.429677
0.229626
0.62226
0.0315385
0.662
0.10303
0.662
0.129038
0.662
0.662
0.662
0.662
0.660638
0.456884
0.206902
0.662
0.662
0.00143751
0.658804
0.662
0.00591125
0.621822
0.195495
0.0852807
0.40775
0.208267
0.156516
0.316504
0.069913
0.575174
0.365608
0.126054
0.662
0.61937
0.226842
0.152422
0.662
0.662
0.198201
0.44185
0.352217
0.662
0.227731
0.662
0.592409
0.356872
0.25276
0.636766
0.471402
0.37276
0.226248
0.662
0.0959911
0.397414
0.283412
0.659035
0.662
0.662
0.288052
0.0291697
0.199892
0.662
0.0979406
0.662
0.497336
0.366994
0.303672
0.0909546
0.159297
0.199052
0.662
0.662
0.221019
0.105584
0.317266
0.659257
0.483634
0.662
0.662
0.662
0.662
0.193437
0.662
0.210991
0.3025
0.662
0.216076
0.662
0.00443024
0.443186
0.0641075
0.0825016
0.116568
0.336317
0.197802
0.662
0.662
0.487494
0.662
0.662
0.547469
0.219595
0.662
0.0877326
0.0951038
0.0336128
0.509827
0.662
