0.167569
0.601325
0.662
0.499104
0.662
0.214625
0.464687
0.489031
0.403595
0.50257
0.662
0.502295
0.58975
0.0656908
0.142057
0.662
0.412675
0.0187956
0.662
0.0308915
0.320299
0.535921
0.633705
0.662
0.066572
0.298007
0.660235
0.138359
0.662
0.233691
0.473317
0.235621
0.529056
0.124558
0.113267
0.207455
0.662
0.662
0.0529893
0.204249
0.662
0.662
0.493969
0.662
0.588063
0.190523
0.662
0.24615
0.383265
0.186801
0.0327884
0.391013
0.662
0.662
0.662
0.23109
0.662
0.207071
0.187282
0.480053
0.231703
0.00780502
0.178419
0.662
0.164883
0.662
0.662
0.205632
0.660619
0.241594
0.662
0.0871151
0.36943
0.631453
0.662
0.212977
0.140527
0.195846
0.662
0.397251
0.508381
0.662
0.190216
0.405194
0.199758
0.662
0.435535
0.432216
0.21801
0.229377
0.582825
0.243503
0.237512
0.233102
0.662
0.259721
0.00621614
0.662
0.283643
0.471928
0.662
0.0265388
0.662
0.662
0.0434945
0.106061
0.443799
0.662
0.286918
0.0511693
0.201028
0.662
0.140001
0.662
0.200599
0.167599
0.662
0.662
0.213542
0.662
0.662
0.58527
0.0832798
0.44359
0.0693103
0.662
0.662
0.662
0.242949
0.662
0.482714
0.135122
0.536357
0.352423
0.662
0.181313
0.662
0.662
0.662
0.662
0.662
0.484334
0.576854
0.441678
0.41724
0.0230541
0.419995
0.51525
0.390647
0.444936
0.409951
0.662
0.662
0.275599
0.662
0.0557818
0.513147
0.362173
0.537609
0.14292
0.282032
0.662
0.662
0.175574
0.662
0.662
0.541596
0.179499
0.662
0.662
0.541418
0.39577
0.462915
0.662
0.331999
0.662
0.358605
0.305548
0.662
0.00203071
0.279236
0.662
0.658993
0.577999
0.323068
0.256858
0.226723
0.00597785
0.433784
0.662
0.662
0.610081
0.173731
0.593912
0.662
0.0292805
0.134673
0.404339
0.4765
0.662
0.0067219
0.402247
0.662
0.662
0.662
0.45302
0.209663
0.662
0.301073
0.0883429
0.076848
0.662
0.336578
0.404792
0.662
0.0622164
0.364474
0.468633
0.0951567
0.180607
0.2886
0.662
0.519874
0.662
0.662
0.0772076
0.340011
0.605508
0.090052
0.662
0.648764
0.662
0.662
0.0500617
0.29386
0.324541
0.662
0.270855
0.453308
0.432511
0.478691
0.068741
0.373985
0.662
0.662
0.662
0.290223
0.352825
0.0517868
0.262526
0.141936
0.0625703
0.662
0.28115
0.662
0.087915
0.304701
0.662
0.137957
0.630755
0.421296
0.135922
0.301086
0.231297
0.473451
0.662
0.227958
0.417098
0.662
0.153012
0.604248
0.662
0.356951
0.662
0.662
0.535981
0.338613
0.113361
0.304221
0.50189
0.300632
0.227876
0.323528
0.658974
0.662
3.95291e-05
0.119477
0.157182
0.371179
0.478917
0.254541
0.210326
0.18497
0.214775
0.576008
0.662
0.118935
0.662
0.662
0.100668
0.662
0.662
0.347745
0.228617
0.662
0.662
0.416223
0.30893
0.456191
0.651141
0.433613
0.662
0.662
0.653329
0.655766
0.662
0.354276
0.268217
0.662
0.443236
0.662
0.375826
0.322412
0.662
0.441067
0.662
0.662
0.296743
0.474328
0.224055
0.271228
0.662
0.391016
0.387212
0.417185
0.195236
0.0216625
0.375583
0.188103
0.401574
0.659506
0.190872
0.196904
0.00971443
0.340014
0.662
0.662
0.0839958
0.0214778
0.662
0.548404
0.662
0.0882487
0.189621
0.530121
0.286598
0.662
0.45634
0.662
0.662
0.146073
0.00806404
0.581638
0.169332
0.381228
0.170248
0.662
0.020858
0.627352
0.387116
0.490281
0.311449
0.231158
0.662
0.616517
0.275393
0.33425
0.130876
0.662
0.455874
0.509129
0.662
0.483264
0.662
0.662
0.0127021
0.362329
0.662
0.662
0.195522
0.382012
0.660357
0.447221
0.492858
0.37017
0.624491
0.662
0.612055
0.134717
0.0877389
0.643729
0.194277
0.662
0.662
0.201798
0.455573
0.405397
0.424768
0.332686
0.114709
0.608913
0.630376
0.662
0.250067
0.360809
0.352475
0.662
0.205915
0.421604
0.327193
0.400613
0.109078
0.662
0.662
0.645715
0.60838
0.662
0.107976
0.393936
0.367861
0.662
0.0685741
0.286236
0.662
0.662
0.431387
0.63616
0.620234
0.252838
0.637559
0.245388
0.304392
0.0533325
0.662
0.450101
0.218483
0.662
0.61324
0.432936
0.186022
0.304851
0.100246
0.197934
0.101416
0.555091
0.110455
0.644624
0.300839
0.036398
0.64364
0.354249
0.415104
0.0479595
0.354063
0.582143
0.306715
0.0324591
0.237565
0.511857
0.102893
0.308094
0.662
0.248053
0.423025
0.331214
0.610148
0.0734828
0.662
0.157998
0.567315
0.662
0.662
0.662
0.631775
0.182223
0.517145
0.320654
0.0612675
0.658914
0.352857
0.52167
0.429749
0.287126
0.25547
0.662
0.0101348
