0.110604
0.662
0.662
0.662
0.207123
0.240078
0.662
0.056783
0.471845
0.470577
0.459766
0.37803
0.305574
0.224728
0.605875
0.291736
0.536543
0.2106
0.4391
0.662
0.237039
0.393195
0.366711
0.662
0.427187
0.145864
0.662
0.662
0.273597
0.662
0.440238
0.346661
0.582702
0.193178
0.551121
0.662
0.662
0.154317
0.662
0.662
0.552086
0.00234511
0.198584
0.133422
0.324646
0.144025
0.0223763
0.466091
0.200743
0.592235
0.192193
0.33195
0.662
0.662
0.172537
0.662
0.462286
0.45544
0.662
0.394358
0.533857
0.173358
0.0703437
0.325955
0.662
0.302366
0.662
0.662
0.393514
0.260411
0.0636796
0.294486
0.092742
0.662
0.429138
0.396025
0.662
0.662
0.210242
0.130952
0.0112756
0.326604
0.134607
0.461223
0.662
0.357934
0.25181
0.339752
0.662
0.0968491
0.126725
0.633589
0.662
0.191631
0.408102
0.662
0.311358
0.662
0.127283
0.182878
0.366131
0.662
0.194074
0.662
0.662
0.128108
0.662
0.192499
0.293243
0.662
0.251098
0.662
0.662
0.662
0.662
0.00624285
0.185138
0.662
0.662
0.662
0.662
0.372563
0.309204
0.314691
0.32126
0.306429
0.662
0.662
0.437177
0.662
0.662
0.130763
0.631148
0.662
0.140015
0.662
0.662
0.662
0.662
0.662
0.215959
0.448566
0.175888
0.662
0.662
0.0538864
0.358469
0.662
0.108946
0.277681
0.662
0.662
0.0987659
0.662
0.446816
0.215863
0.608004
0.363656
0.0737423
0.14411
0.196925
0.359243
0.662
0.344539
0.420681
0.244617
0.440789
0.438647
0.324635
0.223114
0.575109
0.662
0.0689089
0.662
0.662
0.662
0.242215
0.662
0.333933
0.662
0.662
0.322267
0.327696
0.662
0.236161
0.662
0.662
0.662
0.662
0.143417
0.662
0.0392805
0.160834
0.662
0.325336
0.0872763
0.0546353
0.177057
0.662
0.243973
0.0495119
0.51205
0.195301
0.0623286
0.0608654
0.662
0.10788
0.662
0.376147
0.662
0.257923
0.662
0.662
0.124091
0.267585
0.0708436
0.158832
0.466551
0.249472
0.188268
0.662
0.662
0.662
0.000866247
0.652175
0.460067
0.223051
0.222931
0.662
0.662
0.545051
0.662
0.308816
0.662
0.0719966
0.366352
0.435472
0.205117
0.439157
0.331023
0.209022
0.225373
0.206847
0.662
0.662
0.662
0.168057
0.376829
0.298941
0.277857
0.662
0.454147
0.178785
0.0476969
0.562503
0.104149
0.133309
0.662
0.00934237
0.301538
0.297793
0.662
0.127535
0.662
0.644741
0.541796
0.279871
0.662
0.662
0.185253
0.204662
0.0483476
0.662
0.190907
0.345647
0.165901
0.132877
0.231363
0.662
0.314646
0.662
0.600366
0.662
0.177586
0.451923
0.226128
0.662
0.662
0.34033
0.310731
0.2967
0.662
0.662
0.00029142
0.634746
0.186659
0.364148
0.235605
0.137774
0.00132735
0.662
0.418121
0.599853
0.0867617
0.068877
0.662
0.650102
0.211509
0.109318
0.228842
0.464565
0.0876387
0.43489
0.662
0.184589
0.662
0.00676456
0.17459
0.0116637
0.197921
0.662
0.269335
0.14835
0.662
0.435276
0.258095
0.597782
0.662
0.662
0.662
0.520928
0.0572863
0.22878
0.152257
0.336019
0.0658425
0.662
0.493777
0.662
0.0116137
0.440124
0.540462
0.234523
0.460272
0.0893724
0.662
0.388812
0.325477
0.662
0.662
0.662
0.133729
0.662
0.10918
0.626202
0.662
0.155635
0.192667
0.475437
0.209875
0.206122
0.201135
0.194417
0.662
0.536928
0.444669
0.662
0.406477
0.357977
0.166789
0.343673
0.662
0.220133
0.180018
0.662
0.274353
0.00832432
0.387533
0.662
0.132117
0.662
0.662
0.29712
0.526986
0.662
0.0818871
0.193075
0.662
0.285267
0.543632
0.242778
0.17319
0.263754
0.662
0.144446
0.0052155
0.219403
0.433004
0.662
0.475033
0.662
0.662
0.662
0.662
0.234906
0.328832
0.497823
0.662
0.348769
0.662
0.066793
0.167197
0.427407
0.662
0.368723
0.584433
0.662
0.293823
0.114387
0.165699
0.662
0.450139
0.662
0.288632
0.211271
0.662
0.268517
0.605065
0.22309
0.662
0.309131
0.0455954
0.662
0.461449
0.662
0.662
0.662
0.423822
0.244567
0.105808
0.212943
0.662
0.662
0.401003
0.215319
0.186445
0.662
0.365127
0.662
0.662
0.128102
0.393922
0.245115
0.662
0.355966
0.241456
0.469208
0.647579
0.243996
0.662
0.662
0.277545
0.312639
0.481448
0.291592
0.248681
0.205827
0.166503
0.206808
0.662
0.0463155
0.0345544
0.662
0.16635
0.662
0.262533
0.662
0.00341223
0.0860352
0.662
0.26878
0.240974
0.662
0.246731
0.192571
0.475332
0.662
0.539453
0.649846
0.0580746
0.226589
0.255253
0.297318
0.662
0.662
0.0423126
0.662
0.662
0.647102
0.024106
0.120492
0.175111
0.197951
0.662
0.210277
0.425169
0.662
0.662
0.185379
0.140214
0.662
0.203351
0.379052
0.456602
0.513259
0.103254
0.220566
0.662
0.662
0.662
0.632826
0.662
0.3413
0.0935641
0.662
0.57362
0.418636
0.662
0.312608
0.498024
0.257431
0.3211
0.559149
0.357862
0.278398
0.199086
0.662
0.479911
0.477489
0.32844
0.457861
0.406055
0.413176
0.357313
0.45594
0.662
0.662
0.336544
0.196183
0.662
0.662
0.223625
0.28505
0.42899
0.662
0.365387
0.662
0.662
0.0319581
0.662
0.329889
0.220674
0.397661
0.573219
0.404076
0.19754
0.662
0.404309
0.662
0.39562
0.662
0.107561
0.55488
0.0253236
0.662
0.662
0.109898
0.662
0.662
0.381786
0.662
0.662
0.662
0.185421
0.662
0.662
0.662
0.107916
0.297778
0.662
0.662
0.662
0.332744
0.662
0.0698959
0.662
0.185016
0.090799
0.662
0.662
0.662
0.26262
0.662
0.662
0.329392
0.0727554
0.0336399
0.346823
0.443562
0.171588
0.18757
0.170315
0.24327
0.627623
0.267087
0.06797
0.0827334
0.106484
0.187501
0.662
0.662
0.303768
0.143528
0.662
0.662
0.414382
0.662
0.476258
0.612106
0.374781
0.662
0.662
0.662
0.28722
0.246922
0.477444
0.484656
0.662
0.662
0.662
0.209564
0.662
0.199945
0.662
0.0120029
0.179516
0.662
0.662
0.662
0.662
0.455968
0.662
0.662
0.509134
0.253323
0.662
0.662
0.243292
0.445384
0.662
0.662
0.178913
0.209967
0.662
0.662
0.270305
0.203359
0.559553
0.622723
0.662
0.660451
0.44756
0.662
0.662
0.662
0.662
0.275682
0.226983
0.296683
0.662
0.662
0.560041
0.662
0.662
0.284429
0.662
0.662
0.233467
0.0889051
0.222264
0.662
0.662
0.207781
0.295828
0.382254
0.346784
0.0675613
0.33679
0.220317
0.251782
0.662
0.462929
0.098032
0.662
0.662
0.449356
0.662
0.626371
0.662
0.510011
0.622302
0.156841
0.509481
0.464574
0.281365
0.662
0.250746
0.585269
0.57496
0.473149
0.662
0.348082
0.631502
0.0443409
0.35797
0.662
0.0836529
0.186656
0.272531
0.365906
0.662
0.218942
0.244411
0.662
0.508179
0.172543
0.662
0.124413
0.149725
0.116672
0.377869
0.662
0.347423
0.662
0.662
0.303507
0.0935803
0.252389
0.662
0.367012
0.662
0.662
0.430474
0.398957
0.184736
0.221301
0.381539
0.662
0.662
0.0953028
0.0906851
0.662
0.0568961
0.662
0.296067
0.393672
0.332707
0.662
0.137467
0.391596
0.662
0.341941
0.662
0.547626
0.390313
0.279937
0.410115
0.283106
0.414067
0.492608
0.301342
0.662
0.36302
0.662
0.57741
0.191442
0.170671
0.662
0.662
0.628108
0.662
0.662
0.268957
0.493155
0.196952
0.00346415
0.090361
0.662
0.324431
0.286962
0.662
0.32609
0.637871
0.662
0.229858
0.662
0.662
0.455827
0.430981
0.662
0.662
0.614377
0.16811
0.637674
0.185916
0.662
0.662
0.0985581
0.190657
0.416183
0.662
0.631108
0.662
0.16437
0.200743
0.16241
0.385269
0.244529
0.662
0.0693277
0.662
0.662
0.0213417
0.129415
0.662
0.0330552
0.370999
0.382726
0.553165
0.662
0.288984
0.383925
0.248681
0.291447
0.662
0.544877
0.649986
0.662
0.0676665
0.208691
0.232707
0.662
0.496926
0.257999
0.662
0.662
0.129095
0.662
0.232101
0.434491
0.273333
0.662
0.153494
0.662
0.291292
0.350659
0.662
0.535563
0.662
0.662
0.662
0.262619
0.662
0.662
0.349615
0.43967
0.662
0.662
0.662
0.100592
0.335026
0.662
0.457703
0.302072
0.12918
0.180572
0.0662168
0.662
0.0990546
0.423291
0.192113
0.662
0.662
0.574892
0.662
0.662
0.213736
0.16147
0.662
0.22719
0.218006
0.662
0.662
0.29364
0.206914
0.662
0.662
0.177073
0.199754
0.633199
0.543421
0.196066
0.0799225
0.662
0.344396
0.662
0.393148
0.662
0.358967
0.598664
0.00414422
0.068854
0.474996
0.534337
0.490985
0.295529
0.662
0.662
0.662
0.206953
0.424199
0.0984517
0.142505
0.107053
0.662
0.370982
0.662
0.662
0.334893
0.662
0.662
0.251922
0.327574
0.662
0.662
0.267239
0.662
0.662
0.567531
0.662
0.0130052
0.662
0.649626
0.662
0.0857286
0.306415
0.536428
0.579059
0.14477
0.194947
0.662
0.217542
0.350115
0.662
0.0578937
0.221062
0.225049
0.525645
0.640229
0.421908
0.662
0.0737212
0.268901
0.0223984
0.0795956
0.0887777
0.662
0.662
0.0386326
0.0146366
0.662
0.397103
0.0143492
0.662
0.456219
0.662
0.189566
0.662
0.662
0.0514445
0.291783
0.0943034
0.662
0.236032
0.40929
0.449179
0.226905
0.248691
0.232788
0.662
0.114098
0.655572
0.662
0.405137
0.518393
0.662
0.397058
0.662
0.111064
0.18288
0.296286
0.35818
0.662
0.124231
0.662
0.614197
0.196866
0.351137
0.662
0.155186
0.246
0.520291
0.282459
0.662
0.662
0.340294
0.526579
0.662
0.222441
0.662
0.0296943
0.662
0.662
0.662
0.662
0.270084
0.662
0.155273
0.0580301
0.089792
0.573649
0.662
0.641447
0.365653
0.440873
0.662
0.436035
0.662
0.662
0.352243
0.662
0.0868036
0.221289
0.35986
0.478861
0.238957
0.328336
0.246962
0.391589
0.662
0.591993
0.41844
0.180719
0.662
0.657189
0.662
0.257445
0.662
0.181108
0.442299
0.662
0.352473
0.422069
0.512707
0.662
0.211163
0.662
0.659806
0.359537
0.662
0.662
0.475084
0.187247
0.00909178
0.662
0.662
0.19396
0.06856
0.662
0.0266064
0.662
0.135827
0.372007
0.662
0.029516
0.662
0.42645
0.52937
0.187757
0.521628
0.662
0.662
0.233792
0.174998
0.405302
0.130143
0.359778
0.333167
0.662
0.662
0.0168991
0.0289928
0.662
0.662
0.662
0.186426
0.135699
0.662
0.458702
0.398624
0.662
0.662
0.0424311
0.662
0.333749
0.361839
0.506921
0.183277
0.18411
0.662
0.118884
0.318274
0.0139211
0.662
0.662
0.224094
0.0647718
0.531809
0.662
0.662
0.157152
0.205474
0.662
0.634228
0.662
0.0263495
0.662
0.272522
0.662
0.313202
0.18542
0.0283171
0.376479
0.062984
0.313339
0.662
0.215136
0.662
0.254462
0.379428
0.3874
0.329428
0.380563
0.0903927
0.643697
0.427634
0.662
0.662
0.662
0.662
0.662
0.0335136
0.382399
0.209875
0.0870503
0.424404
0.662
0.326027
0.662
0.590419
0.158498
0.0919928
0.662
0.530874
0.492083
0.0800011
0.662
0.413526
0.149082
0.439447
0.301352
0.627801
0.227123
0.173754
0.662
0.662
0.662
0.0319807
0.447967
0.620335
0.115525
0.662
0.376981
0.132364
0.10901
0.566701
0.662
0.448224
0.662
0.209078
0.129515
0.217096
0.0445279
0.154632
0.375616
0.398744
0.662
0.662
0.662
0.577287
0.254148
0.372704
0.285682
0.662
0.662
0.214136
0.662
0.289116
0.662
0.662
0.0771599
0.662
0.485396
0.239876
0.662
0.272738
0.662
0.0804311
0.662
0.366202
0.0749773
0.186985
0.539982
0.662
0.662
0.65195
0.0498286
0.171648
0.662
0.208105
0.662
0.662
0.185581
0.662
0.19707
0.59986
0.0749754
0.191456
0.662
0.538297
0.125237
0.116398
0.191487
0.662
0.351118
0.662
0.440151
0.0981747
0.540014
0.662
0.612552
0.482144
0.169786
0.662
0.19084
0.662
0.662
0.662
0.20799
0.195041
0.662
