0.297121
0.212084
0.662
0.587012
0.414968
0.158126
0.473213
0.246661
0.0373431
0.263041
0.00710563
0.404724
0.662
0.393303
0.662
0.325343
0.662
0.662
0.405152
0.440392
0.105448
0.575797
0.662
0.11726
0.147143
0.324104
0.366374
0.263874
0.63033
0.662
0.416253
0.586253
0.0119037
0.135711
0.307898
0.662
0.393823
0.637805
0.39468
0.126544
0.154079
0.504853
0.478326
0.662
0.662
0.662
0.402034
0.662
0.662
0.164818
0.489108
0.375759
0.419209
0.283452
0.331894
0.662
0.0488489
0.662
0.662
0.662
0.386233
0.249272
0.662
0.662
0.218865
0.46955
0.237819
0.553655
0.188035
0.662
0.662
0.21606
0.662
0.455316
0.662
0.238974
0.662
0.358065
0.662
0.662
0.239537
0.26313
0.136793
0.348132
0.134817
0.203333
0.42161
0.443035
0.662
0.160581
0.269776
0.0740163
0.662
0.306102
0.238501
0.107859
0.662
0.231318
0.135749
0.305924
0.15322
0.104471
0.662
0.507345
0.662
0.210826
0.662
0.662
0.662
0.276422
0.460123
0.0110992
0.662
0.270756
0.647498
0.292988
0.161532
0.58073
0.636769
0.210308
0.230614
0.662
0.662
0.413813
0.624424
0.275657
0.662
0.662
0.067293
0.433553
0.494124
0.091482
0.241107
0.167842
0.355108
0.662
0.662
0.299875
0.461296
0.662
0.662
0.662
0.221557
0.662
0.662
0.135246
0.0210125
0.187525
0.662
0.662
0.662
0.528677
0.42533
0.24699
0.161769
0.287969
0.336569
0.662
0.662
0.662
0.662
0.662
0.662
0.409568
0.190178
0.279255
0.662
0.618436
0.662
0.444841
0.195911
0.467021
0.363773
0.626613
0.662
0.318882
0.662
0.662
0.448334
0.228512
0.389159
0.48006
0.603187
0.215559
0.662
0.249989
0.662
0.132269
0.405394
0.49141
0.20324
0.662
0.662
0.662
0.36134
0.662
0.336919
0.193938
0.662
0.662
0.230484
0.662
0.111968
0.190984
0.183132
0.662
0.158061
0.042843
0.569167
0.662
0.264031
0.0560943
0.662
0.292304
0.448113
0.266427
0.205877
0.161761
0.328492
0.309007
0.557602
0.218908
0.410548
0.00840246
0.662
0.662
0.662
0.239008
0.662
0.0604468
0.662
0.268018
0.662
0.453659
0.662
0.291283
0.662
0.662
0.108246
0.146216
0.125512
0.14831
0.662
0.395558
0.662
0.662
0.0676701
0.231202
0.000226922
0.284957
0.100388
0.301441
0.394198
0.572669
0.424484
0.662
0.662
0.0985399
0.662
0.662
0.38967
0.662
0.138593
0.233684
0.300133
0.662
0.662
0.662
0.662
0.662
0.662
0.532047
0.662
0.255805
0.662
0.381666
0.662
0.662
0.662
0.0106952
0.662
0.662
0.662
0.662
0.662
0.662
0.53913
0.662
0.200157
0.211118
0.662
0.167383
0.0830507
0.662
0.32364
0.0172939
0.460665
0.166285
0.144566
0.662
0.539235
0.662
0.363716
0.662
0.662
0.662
0.230199
0.662
0.0471426
0.359939
0.182334
0.415549
0.662
0.220207
0.131269
0.360236
0.662
0.0823204
0.662
0.374486
0.662
0.496584
0.662
0.217941
0.0682269
0.418602
0.662
0.360796
0.662
0.662
0.338333
0.662
0.662
0.00411303
0.04394
0.662
0.654645
0.302501
0.518313
0.38639
0.662
0.662
0.00139925
0.461739
0.297418
0.662
0.48457
0.662
0.662
0.0816029
0.662
0.0839442
0.662
0.662
0.662
0.662
0.104947
0.662
0.50398
0.213638
0.458127
0.226342
0.662
0.159597
0.662
0.662
0.662
0.662
0.460756
0.289393
0.662
0.662
0.219162
0.216796
0.156062
0.222895
0.333384
0.0851408
0.534788
0.0396331
0.662
0.200418
0.321596
0.662
0.412073
0.360745
0.662
0.662
0.581985
0.25319
0.662
0.225459
0.662
0.662
0.106955
0.511919
0.228639
0.662
0.662
0.00909783
0.129817
0.662
0.0290263
0.662
0.119751
0.662
0.0691713
0.329819
0.378925
0.662
0.301921
0.431904
0.662
0.0617605
0.662
0.14271
0.662
0.294899
0.36082
0.208929
0.439166
0.662
0.194589
0.501458
0.662
0.662
0.662
0.224426
0.252683
0.245316
0.662
0.273339
0.27278
0.662
0.419359
0.662
0.662
0.203613
0.658029
0.0680657
0.0662144
0.0603135
0.114222
0.662
0.662
0.116579
0.110217
0.401398
0.530602
0.258571
0.391582
0.662
0.491763
0.314099
0.393344
0.662
0.429165
0.35963
0.661831
0.327036
0.662
0.662
0.217411
0.662
0.267242
0.224288
0.28774
0.662
0.662
0.662
0.662
0.662
0.374471
0.662
0.286387
0.608568
0.421419
0.520903
0.662
0.662
0.0886971
0.590693
0.193419
0.466928
0.662
0.408722
0.239697
0.383395
0.662
0.662
0.217438
0.662
0.0272562
0.662
0.419981
0.069719
0.451552
0.662
0.340222
0.244885
0.662
0.103297
0.112169
0.494849
0.662
0.662
0.246198
0.177104
0.509208
0.0369238
0.662
0.46971
0.197373
0.623299
0.62653
0.435883
0.272271
0.308536
0.662
0.244518
0.662
0.124305
0.662
0.447658
0.662
0.437739
0.0192511
0.373768
0.662
0.586118
0.662
0.204438
0.662
0.325161
0.662
0.662
0.160582
0.662
0.203
0.526037
0.372801
0.662
0.0627277
0.662
0.377099
0.360693
0.347451
0.101494
0.20198
0.0292474
0.662
0.662
0.094174
0.662
0.301645
0.662
0.662
0.662
0.189199
0.370765
0.0607033
0.341695
0.662
0.349533
0.196968
0.662
0.203292
0.197733
0.386191
0.662
0.172496
0.662
0.422408
0.63339
0.438009
0.433411
0.276291
0.607799
0.308906
0.384178
0.0615358
0.351855
0.127667
0.155236
0.334854
0.662
0.662
0.114816
0.395934
0.157891
0.662
0.48576
0.00578995
0.662
0.169373
0.56035
0.282482
0.552397
0.662
0.614006
0.0625901
0.384852
0.1433
0.506367
0.662
0.383417
0.599634
0.19339
0.255745
0.317166
0.0624861
0.111479
0.662
0.662
0.577398
0.662
0.553049
0.152731
0.662
0.176105
0.102719
0.662
0.405014
0.662
0.384351
0.662
0.3628
0.662
0.662
0.662
0.662
0.57096
0.473629
0.0763765
0.237749
0.662
0.662
0.262533
0.307408
0.600228
0.465496
0.300933
0.435721
0.575729
0.662
0.662
0.363233
0.0825115
0.00498615
0.662
0.0879728
0.662
0.125087
0.471247
0.101324
0.10801
0.416744
0.662
0.316112
0.207114
0.474616
0.662
0.0709716
0.662
0.662
0.662
0.285431
0.470546
0.662
0.645674
0.662
0.424477
0.662
0.662
0.662
0.319618
0.267615
0.124189
0.460676
0.662
0.479611
0.291658
0.565677
0.503045
0.266789
0.153162
0.662
0.662
0.662
0.445637
0.201995
0.218784
0.662
0.188365
0.461784
0.662
0.662
0.451358
0.662
0.662
0.0450944
0.532194
0.19473
0.662
0.233456
0.176099
0.662
0.296478
0.0133849
0.662
0.351254
0.146323
0.185399
0.662
0.662
0.662
0.175832
0.199506
0.0136932
0.291991
0.353994
0.422895
0.0814446
0.112559
0.615749
0.662
0.317296
0.464897
0.662
0.00419985
0.18076
0.231527
0.21801
0.288233
0.433766
0.147637
0.662
0.662
0.662
0.105774
0.194381
0.433079
0.662
0.313526
0.29487
0.502929
0.662
0.390942
0.0503524
0.395745
0.33944
0.340835
0.463498
0.364865
0.170308
0.662
0.417586
0.206145
0.186711
0.662
0.662
0.274867
0.662
0.528755
0.662
0.662
0.374238
0.27502
0.0479193
0.662
0.289101
0.0362146
0.113298
0.662
0.662
0.0631835
0.525863
0.38598
0.109897
0.365402
0.662
0.463279
0.204504
0.246858
0.344682
0.144943
0.305738
0.504123
0.662
0.662
0.662
0.233289
0.662
0.662
0.4288
0.228465
0.536578
0.662
0.436541
0.400411
0.268926
0.00669067
0.265113
0.662
0.424283
0.662
0.662
0.533046
0.576717
0.280301
0.662
0.153961
0.662
0.27736
0.662
0.662
0.411945
0.662
0.662
0.662
0.481573
0.662
0.662
0.127848
0.662
0.261043
0.662
0.350042
0.662
0.391577
0.342745
0.662
0.662
0.24668
0.302755
0.140405
0.131403
0.389583
0.299302
0.497582
0.415081
0.433659
0.662
0.339732
0.0940501
0.662
0.662
0.531851
0.348856
0.403434
0.11701
0.608392
0.449453
0.419161
0.557157
0.662
0.662
0.662
0.0627281
0.377184
0.662
0.229606
0.662
0.662
0.266056
0.622928
0.291764
0.069231
0.0980175
0.430238
0.297282
0.600784
0.0372953
0.662
0.290569
0.347376
0.662
0.36427
0.413637
0.662
0.295359
0.662
0.138202
0.16616
0.288454
0.662
0.186916
0.662
0.662
0.38468
0.662
0.0547051
0.448712
0.662
0.662
0.327273
0.349345
0.23349
0.662
0.256851
0.136936
0.0948414
0.198271
0.662
0.0412424
0.662
0.00808944
0.0103767
0.0871746
0.0568524
0.15333
0.662
0.662
0.306404
0.159989
0.21606
0.247826
0.662
0.662
0.148646
0.0332948
0.662
0.255216
0.0157509
0.118194
0.662
0.0527709
0.544912
0.586673
0.421089
0.275431
0.167163
0.0188741
0.327708
0.343881
0.662
0.0873179
0.221856
0.375736
0.21625
0.662
0.662
0.662
0.165271
0.46587
0.279879
0.0462235
0.0495517
0.236211
0.343572
0.429761
0.309583
0.275477
0.662
0.0141199
0.662
0.292006
0.662
0.63339
0.308419
0.236139
0.662
0.662
0.662
0.327746
0.185867
0.47642
0.662
0.0125441
0.662
0.662
0.274864
0.1553
0.593687
0.662
0.662
0.476946
0.662
0.662
0.109365
0.662
0.662
0.424583
0.583147
0.662
0.189638
0.13731
0.662
0.662
0.412507
0.662
0.662
0.662
0.396388
0.662
0.0345764
0.0385802
0.129635
0.194086
0.0135875
0.229966
0.662
0.012947
0.290073
0.559295
0.662
0.662
0.117136
0.662
0.073584
0.662
0.37777
0.662
0.662
0.662
0.391581
0.0636451
0.199252
0.343874
0.662
0.662
0.662
0.662
0.662
0.29075
0.662
0.662
0.145045
0.111248
0.662
0.662
0.115026
0.662
0.218481
0.293281
0.401376
0.662
0.662
0.0618968
0.218066
0.204467
0.630736
0.477863
0.637169
0.662
0.492672
0.200175
0.45969
0.121825
0.260291
0.0468532
0.181039
0.426031
0.595757
0.0497244
0.0873695
0.264817
0.662
0.662
0.662
0.351468
0.189468
0.328164
0.405224
0.208622
0.159572
0.349301
0.662
0.662
0.0574235
0.280103
0.662
0.662
0.662
0.644162
0.662
0.276795
0.223215
0.662
0.121534
0.662
0.622401
0.662
0.662
0.662
0.581323
0.212605
0.662
0.471598
0.140863
0.209325
0.662
0.400228
0.135653
0.0187211
0.662
0.662
0.421934
0.662
0.662
0.662
0.614099
0.172815
0.662
0.662
0.662
0.0101531
0.578094
0.395273
0.313932
0.107884
0.662
0.662
0.492967
0.662
0.43795
0.662
0.662
0.0609829
0.200465
0.156903
0.32403
0.19106
0.662
0.20331
0.267078
0.662
0.382815
0.198826
0.476362
0.212412
0.205547
0.146754
0.662
0.630661
0.175435
0.635339
0.662
0.253856
0.662
0.662
0.662
0.640253
0.220197
0.662
0.662
0.612097
0.662
0.386947
0.0410934
0.662
0.662
0.662
0.662
0.43512
0.662
0.022348
0.586452
0.20038
0.419521
0.046048
0.382468
0.322761
0.662
0.457797
0.495169
0.662
0.0459863
0.46102
0.662
0.085442
0.45127
0.662
0.662
0.462805
0.235147
0.38874
0.521995
0.222503
0.604924
0.662
0.662
0.106981
0.241508
0.662
0.662
0.173242
0.184508
0.357334
0.662
0.662
0.186753
0.302484
0.166223
0.662
0.404215
0.662
0.662
0.285004
0.662
0.46912
0.392302
0.367673
0.207468
0.662
0.662
0.494714
0.662
0.662
0.462406
0.662
0.662
0.492051
0.528744
0.263256
0.662
0.0309815
0.662
0.369632
0.662
0.101987
0.127052
0.434994
0.0255539
0.662
0.662
0.160212
0.662
0.0225986
0.662
0.0504324
0.270308
0.172901
0.268531
0.196616
0.662
0.662
0.322629
0.662
0.662
0.662
0.662
0.514398
0.468566
0.421064
0.662
0.662
0.159807
0.217741
0.662
0.662
0.043575
0.0458132
0.367689
0.662
0.00310528
0.662
0.662
0.662
0.173217
0.463245
0.0711322
0.450923
0.0994504
0.248523
0.662
0.315087
0.619533
0.662
0.662
0.360254
0.216938
0.203692
0.662
0.254494
0.146386
0.188648
0.579062
0.662
0.662
0.662
0.577489
0.0723038
0.662
0.179236
0.0171802
0.306367
0.662
0.662
0.662
0.322845
0.384037
0.256134
0.210289
0.662
0.662
0.662
0.662
0.312377
0.169676
0.662
0.285623
0.189227
0.662
0.662
0.515049
0.662
0.144809
0.2296
0.113143
0.0935378
0.656912
0.662
0.662
0.560129
0.662
0.577248
0.349516
0.662
0.662
0.327024
0.188726
0.300822
0.136683
0.662
0.646893
0.507362
0.401153
0.662
0.405225
0.557613
0.309517
0.106771
0.461279
0.0696197
0.0392601
0.0345468
0.511395
0.662
0.662
0.471037
0.662
0.662
0.662
0.662
0.137992
0.0968857
0.662
0.415871
0.406118
0.412049
0.256123
0.662
0.177784
0.413102
0.662
0.662
0.185274
0.36538
0.422544
0.483348
0.602565
0.662
0.662
0.662
0.443468
0.662
0.662
0.194399
0.662
0.23365
0.662
0.203554
0.437033
0.186057
0.487293
0.00902725
0.426646
0.662
0.156107
0.256815
0.15781
0.493372
0.662
0.0451959
0.342297
0.662
0.358878
0.420559
0.23153
0.662
0.0107952
0.0956953
0.552482
0.662
0.662
0.392942
0.512418
0.117493
0.662
0.662
0.662
0.405784
0.172889
0.405761
0.00340322
0.662
0.24464
0.496554
0.000887924
0.662
0.311577
0.662
0.252358
0.662
0.662
0.110008
0.386166
0.0822592
0.662
0.662
0.662
0.247399
0.662
0.662
0.201222
0.662
0.159333
0.662
0.662
0.475726
0.303836
0.449701
0.662
0.189852
0.662
0.662
0.317544
0.662
0.662
0.11005
0.662
0.44824
0.662
0.442635
0.204972
0.103178
0.41522
0.662
0.0332011
0.662
0.0624846
0.177269
0.662
0.597398
0.662
0.662
0.662
0.662
0.662
0.284874
0.662
0.500268
0.553247
0.608236
0.397038
0.435641
0.662
0.341524
0.465993
0.239907
0.662
0.662
0.220408
0.0836823
0.378725
0.608552
0.662
0.211711
0.116741
0.662
0.42126
0.662
0.481018
0.201999
0.110338
0.662
0.662
0.662
0.662
0.365979
0.662
0.160181
0.296088
0.662
0.506094
0.467275
0.514969
0.475105
0.185309
0.338792
0.419541
0.429828
0.662
0.169901
0.343687
0.662
0.264379
0.662
0.355225
0.00467927
0.204543
0.662
0.494407
0.218712
0.25223
0.28392
0.156625
0.487376
0.155406
0.467731
0.662
0.662
0.662
0.529842
0.662
0.662
0.662
0.340249
0.452679
0.0910709
0.38311
0.662
0.350377
0.138064
0.364827
0.310527
0.662
0.116964
0.407682
0.403281
0.583638
0.662
0.662
0.41787
0.0665078
0.46908
0.235776
0.639491
0.443483
0.450314
0.10015
0.0226283
0.662
0.328644
0.0797257
0.00898677
0.574782
0.662
0.184593
0.662
0.0826705
0.351151
0.100288
0.662
0.317059
0.064217
0.598702
0.570043
0.474919
0.352734
0.25916
0.234595
0.246619
0.154428
0.417295
0.633391
0.662
0.353861
0.662
0.467819
0.662
0.662
0.662
0.227261
0.547556
0.312655
0.24448
0.312562
0.109773
0.0822823
0.224382
0.331668
0.662
0.662
0.409119
0.662
0.319881
0.519619
0.662
0.662
0.662
0.342207
0.662
0.489527
0.434334
0.222521
0.258298
0.662
0.462319
0.662
0.125639
0.662
0.662
0.440487
0.136229
0.278384
0.313343
0.370573
0.309953
0.473472
0.662
0.226376
0.175383
0.401191
0.131023
0.179721
0.183932
0.0941266
0.130657
0.662
0.662
0.662
0.229568
0.662
0.415757
0.269324
0.266477
0.662
0.262027
0.402272
0.662
0.662
0.203135
0.137585
0.662
0.662
0.170174
0.662
0.662
0.532328
0.662
0.207294
0.662
0.445042
0.662
0.403955
0.662
0.0981366
0.107791
0.662
0.662
0.662
0.208755
0.662
0.395325
0.466072
0.662
0.268015
0.0272057
0.151925
0.402794
0.24011
0.662
0.398033
0.315466
0.662
0.177143
0.507725
0.179029
0.254212
0.662
0.129196
0.33018
0.662
0.175235
0.37624
0.39561
0.662
0.662
0.352958
0.217039
0.662
0.33486
0.662
0.662
0.513103
0.662
0.662
0.662
0.662
0.11472
0.216089
0.486484
0.662
0.662
0.276426
0.662
0.192492
0.293584
0.662
0.662
0.355501
0.323426
0.662
0.368568
0.180429
0.193998
0.207455
0.297308
0.269812
0.662
0.216484
0.148977
0.49414
0.662
0.185878
0.662
0.662
0.192836
0.052251
0.261126
0.662
0.375932
0.0307458
0.662
0.26433
0.662
0.662
0.662
0.662
0.22347
0.421166
0.662
0.4509
0.662
0.411559
0.440327
0.662
0.0746731
0.662
0.319964
0.159955
0.396078
0.136323
0.662
0.662
0.0260148
0.633959
0.662
0.240445
0.232535
0.662
0.190863
0.662
0.50477
0.439963
0.0957896
0.425069
0.286316
0.662
0.000678321
0.103078
0.425945
0.662
0.662
0.0707345
0.447999
0.662
0.543942
0.662
0.662
0.357336
0.0076138
0.311322
0.662
0.0518039
0.662
0.199836
0.303059
0.216579
0.638907
0.662
0.291202
0.370061
0.662
0.197404
0.102908
0.662
0.382151
0.662
0.125683
0.412934
0.516823
0.228114
0.355965
0.662
0.13104
0.441821
0.662
0.662
0.241322
0.662
0.428183
0.0969654
0.2301
0.0089698
0.0130665
0.628715
0.662
0.662
0.48683
0.127971
0.662
0.261486
0.662
0.662
0.19984
0.662
0.107782
0.662
0.662
0.329432
0.357671
0.214912
0.649035
0.0683791
0.662
0.662
0.662
0.662
0.2383
0.662
0.573112
0.662
0.257227
0.343808
0.531938
0.132309
0.662
0.51581
0.662
0.662
0.0448596
0.21269
0.662
0.662
0.349196
0.246962
0.447521
0.662
0.416668
0.662
0.0256232
0.203186
0.465731
0.121953
0.101772
0.569107
0.662
0.460113
0.351125
0.662
0.662
0.410362
0.0284538
0.610563
0.21029
0.197578
0.4219
0.599753
0.662
0.527471
0.0742177
0.662
0.662
0.0515781
0.0112906
0.0503444
0.453107
0.393666
0.662
0.458322
0.662
0.230956
0.271325
0.662
0.662
0.0961017
0.662
0.247935
0.326097
0.232072
0.662
0.470388
0.662
0.353409
0.192074
0.662
0.173068
0.662
0.662
0.662
0.289798
0.389577
0.436552
0.0415093
0.380134
0.404185
0.266597
0.208554
0.0978206
0.662
0.662
0.0976639
0.353646
0.437693
0.190979
0.145228
0.359966
0.0521778
0.662
0.428086
0.662
0.662
0.262644
0.265264
0.662
0.285428
0.662
0.123584
0.477767
0.580655
0.104193
0.662
0.208643
0.662
0.321246
0.0288971
0.190613
0.110066
0.662
0.662
0.106157
0.438039
0.152562
0.385141
0.455301
0.148375
0.662
0.662
0.139826
0.011923
0.662
0.198088
0.662
0.556241
0.459658
0.49917
0.662
0.662
0.662
0.662
0.662
0.662
0.662
0.467903
0.662
0.662
0.662
0.199358
0.207401
0.238257
0.330997
0.418193
0.662
0.629162
0.662
0.662
0.458612
0.451859
0.405006
0.00361133
0.662
0.662
0.0703305
0.358219
0.662
0.662
0.662
0.662
0.662
0.410226
0.131603
0.35835
0.548586
0.662
0.662
0.662
0.662
0.628413
0.662
0.237531
0.662
0.662
0.0796338
0.547387
0.312544
0.0565384
0.109631
0.662
0.662
0.475092
0.188155
0.662
0.662
0.199805
0.613561
0.498916
0.535912
0.346042
0.265727
0.662
0.213032
0.662
0.662
0.0889361
0.662
0.391079
0.662
0.227572
0.240013
0.662
0.0137147
0.415059
0.662
0.0367196
0.662
0.662
0.662
0.319398
0.662
0.590082
0.413031
0.187821
0.478734
0.662
0.544506
0.463484
0.369558
0.186814
0.504946
0.662
0.622809
0.662
0.662
0.271672
0.233014
0.198825
0.662
0.369975
0.201442
0.662
0.207993
0.0295673
0.158124
0.353068
0.0474853
0.662
0.649311
0.314435
0.401079
0.459401
0.662
0.556509
0.200661
0.662
0.15687
0.243951
0.204359
0.468425
0.189649
0.601986
0.372705
0.662
0.0643424
0.662
0.662
0.471676
0.326081
0.662
0.662
0.0596221
0.615578
0.1321
0.662
0.0428685
0.439488
0.0658772
0.0235047
0.0987288
0.662
0.662
0.662
0.662
0.215371
0.350682
0.359539
0.502064
0.662
0.0147488
0.662
0.481182
0.466588
0.196639
0.301849
0.311465
0.662
0.662
0.00424532
0.141114
0.662
0.00645552
0.202559
0.662
0.304825
0.46996
0.0219056
0.16475
0.662
0.662
0.662
0.0723111
0.662
0.662
0.662
0.662
0.662
0.662
0.100769
0.286609
0.662
0.0766524
0.662
0.124323
0.468183
0.662
0.0377044
0.121249
0.662
0.0523371
0.133131
0.662
0.494661
0.482942
0.218315
0.264873
0.662
0.409653
0.662
0.621179
0.662
0.662
0.662
0.505527
0.500978
0.227243
0.221001
0.291563
0.662
0.019883
0.633545
0.662
0.662
0.449146
0.662
0.342832
0.222075
0.662
0.140713
0.0927615
0.405908
0.662
0.662
0.662
0.0944378
0.662
0.451862
0.662
0.381913
0.662
0.662
0.662
0.551378
0.662
0.266196
0.144821
0.605547
0.386462
0.662
0.662
0.0934695
0.395426
0.302731
0.358838
0.0056218
0.197474
0.397569
0.00718898
0.662
0.662
0.662
0.662
0.662
0.175139
0.405287
0.330456
0.0536829
0.608011
0.358709
0.0730492
0.277978
0.00439417
0.3005
0.662
0.440804
0.166254
0.172657
0.0163943
0.406422
0.662
0.662
0.662
0.662
0.662
0.495557
0.255555
0.180668
0.567662
0.662
0.232422
0.239841
0.330722
0.662
0.163157
0.662
0.243838
0.349016
0.662
0.662
0.116896
0.662
0.662
0.662
0.106978
0.633391
0.103431
0.662
0.662
0.662
0.319368
0.0770029
0.662
0.662
0.662
0.423564
0.567774
0.205887
0.494659
0.0326764
0.662
0.662
0.662
0.393368
0.165488
0.662
0.0823812
0.412989
0.565468
0.0159881
0.586265
0.302476
0.268661
0.662
0.150231
0.210033
0.662
0.662
0.0679894
0.0428924
0.662
0.523273
0.353787
0.414063
0.100724
0.222486
0.662
0.633694
0.662
0.401424
0.304489
0.248892
0.230843
0.662
0.662
0.662
0.662
0.269363
0.358276
0.662
0.1789
0.395713
0.138958
0.217796
0.453631
0.662
0.380796
0.662
0.0865766
0.137407
0.519797
0.110885
0.662
0.535625
0.075246
0.373776
0.552099
0.334293
0.662
0.662
0.410064
0.153525
0.594948
0.210344
0.662
0.459822
0.446027
0.332207
0.662
0.306405
0.662
0.662
0.538201
0.294042
0.662
0.0211247
0.164887
0.226577
0.370889
0.252022
0.441448
0.662
0.195756
0.168604
0.615866
0.662
0.0708071
0.201184
0.0927596
0.290887
0.204977
0.246575
0.296134
0.662
0.44722
0.317283
0.662
0.217577
0.203447
0.0458858
0.00231543
0.662
0.298032
0.662
0.0209806
0.662
0.662
0.662
0.0852339
0.662
0.662
0.260748
0.0559466
0.220462
0.0268722
0.662
0.163373
0.0442292
0.232237
0.357075
0.662
0.394362
0.0677607
0.337885
0.333864
0.113662
0.662
0.662
0.662
0.662
0.423779
0.598931
0.301772
0.114782
0.293729
0.662
0.662
0.123745
0.411822
0.662
0.0574436
0.0635561
0.0984014
0.251622
0.475473
0.0281226
0.662
0.126756
0.515501
0.28918
0.34851
0.662
0.00814372
0.13282
0.43847
0.662
0.662
0.286652
0.021164
0.332536
0.0219847
0.388682
0.0667798
0.263935
0.662
0.102127
0.18802
0.662
0.662
0.0422936
0.19983
0.126002
0.195657
0.662
0.523708
0.662
0.662
0.542334
0.207135
0.662
0.246983
0.638741
0.662
0.174313
0.480574
0.329017
0.662
0.192883
0.662
0.416471
0.153935
0.662
0.371532
0.662
0.518703
0.395765
0.335114
0.662
0.612465
0.662
0.459743
0.0871746
0.662
0.181166
0.3896
0.662
0.0802737
0.436608
0.317874
0.662
0.153732
0.501988
0.440608
0.232197
0.156464
0.662
0.662
0.121935
0.150962
0.662
0.662
0.662
0.662
0.662
0.662
0.00552173
0.541673
0.323692
0.662
0.308933
0.662
0.258047
0.512488
0.662
0.662
0.360015
0.662
0.633694
0.662
