0.167569
0.0906135
0.113361
0.535981
0.0951567
0.463536
0.308398
0.474554
0.20886
0.662
0.0656908
0.164871
0.192896
0.645766
0.256858
0.408815
0.662
0.0859746
0.662
0.304851
0.259721
0.135122
0.662
0.473317
0.186932
0.415104
0.662
0.187753
0.660619
0.130818
0.50189
0.662
0.177101
0.102893
0.331214
0.662
0.636482
0.535921
0.662
0.485144
0.662
0.300839
0.492858
0.400613
0.662
0.170248
0.186801
0.658914
0.0158977
0.662
0.659506
0.311449
0.43611
0.485398
0.463766
0.662
0.662
0.181313
0.61324
0.0685741
0.0839245
0.222263
0.662
0.662
0.189639
0.417098
0.559633
0.500447
0.662
0.662
0.662
0.222141
0.0622164
0.208241
0.662
0.415439
0.489031
0.397251
0.404886
0.348079
0.662
0.435535
3.95291e-05
0.433613
0.122783
0.627352
0.644624
0.276584
0.662
0.462915
0.362329
0.32857
0.00597785
0.0796449
0.157182
0.662
0.287126
0.662
0.662
0.601325
0.662
0.24615
0.662
0.0741383
0.643729
0.254541
0.64364
0.662
0.637559
0.541418
0.218291
0.662
0.662
0.239852
0.662
0.250067
0.00203071
0.182082
0.106061
0.322807
0.402609
0.662
0.347981
0.304221
0.235621
0.307351
0.662
0.536564
0.517145
0.187631
0.219099
0.0693103
0.662
0.268217
0.247949
0.483378
0.277487
0.404792
0.662
0.631775
0.356951
0.0230541
0.630376
0.0385943
0.447221
0.0369948
0.135922
0.256438
0.0564582
0.0752075
0.197934
0.121352
0.076848
0.0877389
0.662
0.662
0.565605
0.662
0.662
0.662
0.217233
0.662
0.662
0.662
0.228228
0.0991483
0.332718
0.455874
0.423025
0.619745
0.127087
0.178419
0.269645
0.218483
0.373985
0.64005
0.380304
0.187913
0.387212
0.34363
0.00806404
0.36943
0.41724
0.662
0.662
0.352857
0.0562709
0.0715793
0.199758
0.0612675
0.662
0.277397
0.662
0.164883
0.301073
0.662
0.662
0.483264
0.662
0.662
0.390647
0.274985
0.487487
0.300538
0.468136
0.306715
0.662
