0.229218
0.517145
0.658914
0.0741383
0.64005
0.0369948
0.619745
0.178419
0.325233
0.311449
0.341172
0.132207
0.0715793
0.368091
0.662
0.300538
0.0622164
0.127087
0.230153
0.224962
0.261061
0.662
0.13905
0.483323
0.131499
0.167569
0.0711306
0.203627
0.222015
0.662
0.076848
0.662
0.20743
0.218291
0.598805
0.662
0.002684
0.235621
0.253301
0.631775
0.20821
0.249174
0.505283
0.0656908
0.0355904
0.328578
0.0612675
0.483264
0.103036
0.131772
0.485522
0.662
0.183936
0.662
0.113361
0.121352
0.662
0.356951
0.106418
0.207558
0.106061
0.374863
0.662
0.662
0.408815
0.135122
0.189274
0.463766
0.131005
0.662
0.390647
0.662
0.662
0.300839
0.00597785
0.380311
0.206135
0.662
0.00203071
0.627352
0.662
0.179994
0.662
0.447221
0.0693103
0.662
0.662
0.141325
0.129621
0.404792
0.662
0.662
3.95291e-05
0.637559
0.22815
0.433613
0.462915
0.306715
0.215929
0.662
0.644624
0.662
0.662
0.61324
0.662
0.189639
0.360203
0.153455
0.423025
