0.603285
0.26433
0.662
0.411928
0.423994
0.199892
0.25276
0.662
0.241946
0.662
0.662
0.409619
0.662
0.662
0.38859
0.578211
0.662
0.259169
0.2264
0.156449
0.658804
0.662
0.63911
0.125348
0.575174
0.644572
0.474483
0.285282
0.662
0.133072
0.662
0.110695
0.137431
0.239593
0.112655
0.0959911
0.662
0.268481
0.0363834
0.396304
0.226842
0.63845
0.270544
0.254205
0.190881
0.299822
0.509827
0.662
0.662
0.662
0.443091
0.0816758
0.0951038
0.662
0.134864
0.0387194
0.62226
0.3025
0.662
0.388159
0.0935803
0.662
0.22069
0.309926
0.660638
0.662
0.380029
0.498428
0.0146225
0.303672
