0.123504
0.163512
0.171465
0.0799884
0.593482
0.455386
0.22255
0.204224
0.187309
0.662
0.00297691
0.662
0.662
0.592939
0.662
0.584646
0.340711
0.662
0.480079
0.2433
0.188059
0.0858555
0.197726
0.0599233
0.207557
0.662
0.200708
0.122577
0.117878
0.244814
0.396777
0.140869
0.662
0.662
0.443305
0.216513
0.662
0.358879
0.454371
0.0725638
0.662
0.662
0.191889
0.662
0.0351149
0.217529
0.0663352
0.0806592
0.662
0.662
0.662
0.320285
0.322604
0.662
0.453324
0.023145
0.662
0.209902
0.330728
0.199604
0.203707
0.26427
0.662
0.662
0.2059
0.662
0.178888
0.195781
0.0781555
0.662
0.662
0.258356
0.14336
0.662
0.143619
0.363062
0.240929
0.662
0.662
0.250671
0.227499
0.358658
0.662
0.354604
0.447424
0.269866
0.308963
0.310478
0.348372
0.563083
0.12658
0.18818
0.225392
0.585866
0.662
0.246602
0.17846
0.379632
0.662
0.0380854
0.502143
0.347466
0.662
0.662
0.662
0.662
0.180992
0.0386179
0.290132
0.662
0.662
0.662
0.662
0.351905
0.0401204
0.234113
0.662
0.117914
0.221561
0.0451287
0.17418
0.662
0.587879
0.662
0.662
0.552706
0.582224
0.662
0.662
0.353344
0.662
0.284413
0.631685
0.662
0.662
0.233239
0.17928
0.113793
0.45309
0.662
0.662
0.662
0.0741904
0.18917
0.0872926
0.0179652
0.662
0.662
0.471298
0.659684
0.391944
0.373899
0.379036
0.419762
0.210963
0.662
0.662
0.351229
0.662
0.354824
0.662
0.239506
0.17951
0.111536
0.376016
0.662
0.38961
0.662
0.662
0.114154
0.287697
0.208264
0.196073
0.0827755
0.0170408
0.662
0.084728
0.662
0.662
0.089581
0.215042
0.662
0.0922383
0.662
0.637011
0.406261
0.662
0.502202
0.662
0.158186
0.320125
0.0429509
0.44464
0.36451
0.0782988
0.637215
0.662
0.662
0.209827
0.256302
0.662
0.192173
0.52064
0.420474
0.00480564
0.465217
0.610907
0.25378
0.662
0.0014425
0.662
0.662
0.662
0.16627
0.662
0.398579
0.340767
0.194415
0.192385
0.662
0.662
0.508627
0.662
0.252855
0.662
0.337736
0.662
0.272382
0.662
0.662
0.662
0.662
0.236485
0.628574
0.662
0.147685
0.043251
0.272417
0.662
0.662
0.349244
0.362816
0.662
0.662
0.293622
0.252364
0.186219
0.662
0.180922
0.311128
0.662
0.662
0.662
0.288519
0.662
0.187701
0.662
0.662
0.662
0.188196
0.574923
0.662
0.662
0.662
0.335198
0.158377
0.505487
0.662
0.258946
0.662
0.662
0.662
0.0068763
0.449835
0.662
0.0976543
0.117445
0.367388
0.0573134
0.04128
0.22847
0.182677
0.181451
0.273547
0.662
0.662
0.662
0.662
0.662
0.662
0.251858
0.662
0.25339
0.662
0.117248
0.265868
0.662
0.488789
0.536801
0.173489
0.662
0.234597
0.239739
0.149753
0.662
0.00388911
0.662
0.203479
0.222944
0.662
0.650113
0.421985
0.43488
0.662
0.458141
0.662
0.662
0.304668
0.149314
0.44319
0.190402
0.404894
0.601197
0.662
0.662
0.662
0.662
0.662
0.00760413
0.662
0.304839
0.662
0.494603
0.662
0.310577
0.259775
0.185519
0.662
0.315144
0.662
0.474736
0.662
0.278248
0.206033
0.385637
0.230008
0.662
0.594086
0.41953
0.551256
0.50131
0.419985
0.662
0.410465
0.662
0.0577401
0.662
0.600497
0.662
0.464398
0.259948
0.662
0.0750626
0.194053
0.499843
0.662
0.662
0.0289678
0.655247
0.662
0.249834
0.330198
0.530332
0.622212
0.662
0.121224
0.662
0.189523
0.326414
0.62765
0.441631
0.321078
0.25606
0.662
0.485096
0.0194583
0.662
0.0239446
0.0238259
0.662
0.297513
0.239756
0.288616
0.662
0.448223
0.662
0.376476
0.298757
0.631472
0.360781
0.662
0.463305
0.38191
0.181225
0.662
0.114676
0.662
0.546231
0.197583
0.662
0.342452
0.521243
0.0365771
0.0739436
0.662
0.662
0.662
0.390388
0.425103
0.155482
0.662
0.604265
0.113255
0.662
0.662
0.422078
0.419436
0.662
0.662
0.662
0.578342
0.662
0.662
0.655978
0.445075
0.00411583
0.662
0.662
0.414232
0.297938
0.347244
0.0574956
0.253461
0.662
0.629706
0.153523
0.0741334
0.175934
0.662
0.280895
0.662
0.138945
0.662
0.386366
0.231813
0.130881
0.620907
0.199796
0.154166
0.662
0.211805
0.662
0.208701
0.662
0.0937426
0.315068
0.35032
0.662
0.388739
0.662
0.662
0.662
0.153731
0.662
0.34053
0.326699
0.662
0.315515
0.502113
0.548439
0.526685
0.20667
0.662
0.515228
0.611106
0.436698
0.519755
0.242165
0.115381
0.311353
0.468439
0.240171
0.327652
0.662
0.190718
0.147335
0.662
0.216109
0.662
0.386985
0.662
0.176832
0.186737
0.235342
0.162936
0.404529
0.662
0.129608
0.662
0.662
0.662
0.157855
0.148831
0.256977
0.207046
0.662
0.195904
0.0736431
0.489264
0.232396
0.184215
0.385112
0.0427271
0.0451776
0.383846
0.23723
0.662
0.290597
0.156794
0.662
0.160833
0.00712085
0.662
0.662
0.662
0.450821
0.138223
0.662
0.662
0.662
0.148077
0.662
0.32618
0.207362
0.427753
0.200649
0.39336
0.314326
0.662
0.662
0.662
0.641641
0.662
0.55039
0.547786
0.662
0.354857
0.306801
0.0862718
0.662
0.331373
0.662
0.217847
0.122491
0.662
0.662
0.242584
0.518634
0.662
0.662
0.217024
0.104839
0.0994099
0.662
0.194895
0.370238
0.662
0.319765
0.584763
0.0732107
0.662
0.283782
0.117639
0.662
0.439033
0.662
0.662
0.662
0.446337
0.165001
0.607994
0.639356
0.212129
0.662
0.662
0.213928
0.662
0.662
0.662
0.297417
0.264299
0.662
0.253915
0.190259
0.412433
0.224113
0.133792
0.580951
0.662
0.300541
0.662
0.662
0.662
0.662
0.662
0.275215
0.662
0.0468946
0.569481
0.374425
0.226445
0.662
0.0850882
0.662
0.403891
0.493457
0.662
0.662
0.662
0.662
0.512711
0.620278
0.210137
0.392017
0.0847093
0.662
0.349507
0.10085
0.172275
0.132573
0.317568
0.662
0.193212
0.0536587
0.194669
0.30126
0.445332
0.233321
0.662
0.00528407
0.662
0.295007
0.11614
0.428877
0.0563305
0.662
0.182998
0.196524
0.403251
0.662
0.662
0.662
0.662
0.662
0.313307
0.662
0.662
0.662
0.662
0.440279
0.0138724
0.662
0.333148
0.532179
0.662
0.164457
0.394868
0.0219448
0.0554694
0.36873
0.662
0.662
0.256544
0.33553
0.569451
0.515919
0.277056
0.151629
0.012383
0.544214
0.662
0.463719
0.662
0.37995
0.662
0.22053
0.364095
0.662
0.654275
0.138819
0.662
0.662
0.391453
0.662
0.0051952
0.036731
0.125912
0.261889
0.184511
0.662
0.0126262
0.402129
0.482625
0.411597
0.662
0.662
0.568177
0.503709
0.0585713
0.178857
0.51472
0.465319
0.296484
0.662
0.373299
0.662
0.264287
0.662
0.205576
0.662
0.248921
0.662
0.0951284
0.30453
0.0920607
0.662
0.662
0.662
0.602562
0.460055
0.662
0.275689
0.584965
0.662
0.662
0.215947
0.662
0.197916
0.662
0.662
0.149288
0.344827
0.214022
0.227538
0.662
0.11953
0.662
0.662
0.662
0.266792
0.303702
0.662
0.662
0.29975
0.0174064
0.662
0.662
0.662
0.566769
0.294184
0.133789
0.446286
0.23257
0.647835
0.207502
0.558431
0.612378
0.662
0.655913
0.253298
0.662
0.0359744
0.662
0.0915284
0.63339
0.275979
0.389636
0.401671
0.662
0.167595
0.0124497
0.456675
0.662
0.662
0.245235
0.662
0.538595
0.154449
0.0597215
0.662
0.125511
0.252414
0.23647
0.268096
0.662
0.662
0.119577
0.196905
0.37285
0.662
0.662
0.647135
0.662
0.208921
0.662
0.103141
0.429239
0.286765
0.662
0.662
0.185249
0.662
0.365479
0.662
0.465587
0.607658
0.193888
0.157706
0.662
0.662
0.662
0.662
0.662
0.662
0.0263905
0.662
0.662
0.544113
0.662
0.52924
0.662
0.465183
0.590887
0.0893484
0.246546
0.00131204
0.0666557
0.277821
0.32466
0.662
0.662
0.0810648
0.181159
0.337611
0.662
0.279523
0.528295
0.662
0.199641
0.237083
0.16152
0.662
0.173825
0.654513
0.662
0.662
0.0047064
0.646369
0.662
0.662
0.662
0.662
0.355993
0.0718029
0.0581622
0.662
0.427008
0.207133
0.662
0.102534
0.352314
0.317245
0.186914
0.662
0.662
0.662
0.662
0.662
0.662
0.622865
0.111169
0.429492
0.386693
0.226327
0.154231
0.45685
0.662
0.361759
0.0943492
0.421684
0.335451
0.565809
0.123825
0.151446
0.662
0.145122
0.0644175
0.393071
0.662
0.42048
0.506099
0.397133
0.662
0.662
0.238961
0.201745
0.576141
0.662
0.224271
0.662
0.22268
0.662
0.662
0.662
0.127627
0.662
0.662
0.497131
0.471373
0.473526
0.662
0.662
0.466104
0.189472
0.0346677
0.383
0.0742352
0.662
0.281562
0.0479561
0.169189
0.41287
0.552648
0.662
0.213445
0.662
0.185766
0.424194
0.662
0.171943
0.662
0.320573
0.606018
0.281377
0.145022
0.662
0.0865799
0.303237
0.227434
0.662
0.662
0.462983
0.132438
0.580506
0.662
0.662
0.0546639
0.477072
0.536734
0.662
0.0592352
0.662
0.662
0.18718
0.230444
0.638834
0.0941541
0.662
0.408291
0.230026
0.662
0.0106244
0.160525
0.619801
0.662
0.633694
0.662
0.302684
0.07342
0.393234
0.250128
0.18417
0.146352
0.0250181
0.351677
0.662
0.662
0.274406
0.295707
0.0780112
0.573389
0.662
0.183644
0.0828403
0.341417
0.662
0.662
0.662
0.345655
0.246935
0.31049
0.229022
0.662
0.662
0.356893
0.112681
0.151421
0.0786684
0.662
0.0438804
0.662
0.662
0.653278
0.662
0.662
0.0304627
0.63339
0.416425
0.309063
0.662
0.662
0.263071
0.498529
0.662
0.345547
0.255488
0.662
0.662
0.198705
0.662
0.662
0.184514
0.00582476
0.662
0.221182
0.332202
0.489053
0.101871
0.662
0.662
0.289931
0.662
0.107684
0.651289
0.662
0.347979
0.29141
0.39871
0.0204851
0.244002
0.662
0.0954027
0.207669
0.410253
0.662
0.662
0.662
0.662
0.662
0.437869
0.662
0.662
0.35934
0.318211
0.662
0.662
0.662
0.026329
0.0242495
0.424192
0.472445
0.37227
0.42028
0.662
0.334515
0.662
0.215922
0.662
0.438621
0.662
0.662
0.662
0.662
0.276533
0.662
0.249373
0.662
0.284848
0.662
0.00167052
0.426128
0.662
0.662
0.602016
0.662
0.432482
0.662
0.353564
0.271318
0.320719
0.662
0.127997
0.0117109
0.662
0.0480811
0.0879423
0.662
0.0681062
0.13256
0.610639
0.56626
0.662
0.662
0.662
0.0700644
0.563054
0.566322
0.257922
0.662
0.317326
0.16683
0.19202
0.662
0.662
0.60711
0.448829
0.108717
0.465549
0.316007
0.0301234
0.662
0.662
0.237729
0.662
0.354963
0.562193
0.0867721
0.153741
0.393883
0.267438
0.662
0.398892
0.412859
0.662
0.0204541
0.393259
0.662
0.662
0.474421
0.15532
0.662
0.662
0.662
0.273779
0.251711
0.225139
0.662
0.662
0.662
0.662
0.457617
0.662
0.074016
0.510042
0.662
0.662
0.201254
0.304422
0.266543
0.662
0.39157
0.243763
0.662
0.00907929
0.662
0.225387
6.46607e-05
0.217252
0.305971
0.662
0.662
0.615813
0.662
0.142299
0.649612
0.662
0.662
0.223865
0.177657
0.662
0.662
0.25081
0.0427706
0.526534
0.247901
0.109309
0.662
0.187176
0.662
0.662
0.295594
0.23999
0.662
0.45048
0.433918
0.186938
0.662
0.412498
0.662
0.662
0.287735
0.109604
0.471272
0.662
0.00691441
0.206315
0.498557
0.662
0.662
0.532356
0.307784
0.662
0.42173
0.0928235
0.495227
0.574342
0.2077
0.662
0.662
0.610241
0.305879
0.411803
0.662
0.662
0.0688996
0.487894
0.0785139
0.662
0.0563656
0.531791
0.0908998
0.165887
0.309783
0.306424
0.662
0.308303
0.201117
0.254665
0.329489
0.662
0.515066
0.368332
0.429179
0.242652
0.254786
0.00358416
0.109194
0.152722
0.662
0.238795
0.163133
0.183446
0.166111
0.518238
0.453145
0.523654
0.147036
0.285143
0.119484
0.358002
0.15412
0.286162
0.662
0.662
0.213403
0.467059
0.594148
0.344766
0.662
0.12601
0.206963
0.662
0.303836
0.264419
0.117287
0.0877315
0.123713
0.0994903
0.414092
0.372376
0.188358
0.338943
0.662
0.0543819
0.662
0.228852
0.468437
0.394029
0.662
0.662
0.00198004
0.662
0.50598
0.222605
0.662
0.280172
0.367643
0.330772
0.239647
0.662
0.551076
0.276489
0.662
0.331854
0.416055
0.556453
0.315138
0.156417
0.662
0.582531
0.271699
0.481917
0.662
0.0846305
0.662
0.475875
0.402279
0.662
0.662
0.360487
0.0596542
0.238482
0.287839
0.393179
0.662
0.117551
0.662
0.0325127
0.259649
0.157535
0.188029
0.183828
0.179777
0.662
0.145546
0.37874
0.662
0.163703
0.464041
0.662
0.233326
0.212132
0.662
0.381333
0.366543
0.390026
0.196132
0.264752
0.421229
0.425887
0.453977
0.662
0.45895
0.445644
0.431627
0.263854
0.149529
0.662
0.112006
0.409536
0.662
0.117667
0.662
0.662
0.184469
0.662
0.145687
0.662
0.578563
0.165417
0.263202
0.100761
0.662
0.436929
0.662
0.662
0.662
0.55996
0.0518733
0.662
0.662
0.472189
0.154036
0.662
0.0276661
0.249417
0.19146
0.662
0.662
0.662
0.662
0.124659
0.187988
0.0339215
0.100118
0.49303
0.0298926
0.273063
0.102052
0.662
0.662
0.662
0.662
0.662
0.662
0.662
0.624305
0.553
0.17012
0.342233
0.155005
0.375007
0.280153
0.0827629
0.0904068
0.206598
0.662
0.662
0.2591
0.662
0.167912
0.138756
0.00344136
0.662
0.662
0.662
0.241933
0.662
0.244685
0.662
0.236164
0.662
0.0166312
0.383266
0.662
0.30876
0.276356
0.359976
0.269438
0.270001
0.260158
0.662
0.478531
0.263114
0.662
0.121138
0.497707
0.662
0.3706
0.662
0.374719
0.252714
0.662
0.425244
0.662
0.662
0.385864
0.662
0.662
0.439805
0.603122
0.662
0.0780059
0.551384
0.662
0.231201
0.662
0.0910149
0.509002
0.662
0.662
0.241632
0.260536
0.246029
0.00180096
0.662
0.427975
0.607623
0.568296
0.221759
0.23418
0.548648
0.447273
0.176854
0.160811
0.457472
0.456702
0.293882
0.189195
0.434082
0.306041
0.662
0.152219
0.421563
0.391067
0.662
0.662
0.662
0.662
0.0585316
0.0433469
0.427094
0.206256
0.662
0.326915
0.239333
0.337688
0.191696
0.662
0.212856
0.662
0.0379801
0.38384
0.380876
0.662
0.549243
0.185215
0.662
0.662
0.662
0.662
0.245034
0.662
0.247983
0.54138
0.233779
0.247964
0.387188
0.116022
0.662
0.141135
0.662
0.662
0.662
0.662
0.178239
0.432225
0.148687
0.0525627
0.662
0.662
0.42171
0.225859
0.539171
0.18419
0.307641
0.662
0.662
0.662
0.120683
0.501464
0.646318
0.662
0.614654
0.662
0.086033
0.662
0.662
0.409524
0.662
0.36041
0.194677
0.330558
0.244639
0.376263
0.0713546
0.172616
0.662
0.662
0.309465
0.662
0.0813854
0.274558
0.662
0.054166
0.367978
0.662
0.662
0.662
0.662
0.357062
0.465193
0.662
0.178931
0.472276
0.455687
0.279259
0.459445
0.225752
0.0484867
0.384385
0.280206
0.446042
0.000215836
0.289742
0.0929505
0.280076
0.15934
0.662
0.0715167
0.226148
0.351924
0.662
0.511721
0.297612
0.410553
0.662
0.662
0.133386
0.109177
0.457079
0.529357
0.662
0.117881
0.40848
0.662
0.458146
0.662
0.384101
0.538427
0.662
0.662
0.662
0.332528
0.2706
0.221211
0.662
0.662
0.662
0.662
0.0414467
0.450504
0.662
0.112985
0.286678
0.463972
0.323119
0.662
0.184268
0.459717
0.662
0.0543897
0.0313235
0.662
0.662
0.381229
0.121919
0.11683
0.0424534
0.395932
0.662
0.662
0.0344557
0.662
0.662
0.184996
0.0319743
0.619803
0.662
