0.220182
0.266239
0.208232
0.369831
0.662
0.341711
0.638632
0.662
0.183919
0.0305507
0.200603
0.662
0.491585
0.662
0.200374
0.200453
0.0729758
0.0882513
0.662
0.662
0.0938424
0.355746
0.555378
0.257562
0.401225
0.662
0.17697
0.662
0.435804
0.176194
0.110235
0.390933
0.662
0.662
0.165819
0.662
0.155963
0.662
0.662
0.47296
0.250097
0.662
0.662
0.643012
0.156279
0.275483
0.371733
0.168939
0.260373
0.643024
0.245011
0.662
0.257132
0.423761
0.662
0.21513
0.21423
0.217485
0.662
0.082922
0.137328
0.211263
0.469887
0.308234
0.618751
0.117033
0.624734
0.174351
0.662
0.0229731
0.324243
0.274872
0.662
0.662
0.0840493
0.662
0.239051
0.662
0.662
0.662
0.187381
0.662
0.153461
0.317622
0.434787
0.662
0.234245
0.261732
0.49682
0.14649
0.662
0.362559
0.0667853
0.0558909
0.180575
0.269858
0.215313
0.192028
0.197452
0.343096
0.299389
0.356317
0.505192
0.138781
0.00537111
0.118114
0.662
0.138559
0.662
0.168251
0.662
0.587114
0.37573
0.283085
0.0871571
0.662
0.229813
0.662
0.193484
0.189549
0.118121
0.614578
0.363507
0.208037
0.662
0.295618
0.662
0.315002
0.243578
0.662
0.292791
0.191039
0.662
0.662
0.196798
0.390586
0.662
0.662
0.228569
0.137741
0.202128
0.0100925
0.281028
0.503431
0.662
0.438731
0.662
0.579568
0.441976
0.662
0.26157
0.662
0.234215
0.551429
0.662
0.43795
0.662
0.158318
0.524999
0.662
0.11324
0.662
0.662
0.662
0.662
0.662
0.662
0.545414
0.240561
0.508951
0.174431
0.662
0.424528
0.662
0.662
0.216159
0.662
0.274072
0.550089
0.187158
0.21182
0.315515
0.252799
0.610212
0.312304
0.662
0.230334
0.0024309
0.122189
0.662
0.271401
0.357615
0.204857
0.662
0.163808
0.662
0.285773
0.662
0.228941
0.42219
0.445057
0.612127
0.435685
0.40616
0.244531
0.460969
0.294344
0.330417
0.662
0.472172
0.662
0.470707
0.192894
0.057309
0.0495948
0.448147
0.408876
0.435285
0.217709
0.536195
0.186093
0.662
0.662
0.250442
0.622085
0.662
0.628765
0.191662
0.0971707
0.662
0.479043
0.626863
0.0966091
0.275771
0.662
0.662
0.0185119
0.475236
0.304848
0.246011
0.310284
0.278552
0.403274
0.0840001
0.651393
0.214391
0.494851
0.662
0.662
0.242998
0.163263
0.662
0.662
0.161162
0.354983
0.146335
0.662
0.058665
0.662
0.367398
0.24364
0.204503
0.662
0.662
0.637499
0.439064
0.662
0.662
0.662
0.0564865
0.662
0.225448
0.337798
0.662
0.333515
0.385446
0.443904
0.173852
0.235776
0.662
0.662
0.662
0.00134066
0.662
0.662
0.662
0.662
0.0145962
0.662
0.18768
0.127044
0.0418924
0.514866
0.662
0.662
0.662
0.0915428
0.314839
0.372191
0.416675
0.662
0.662
0.398337
0.363921
0.662
0.268254
0.224979
0.596225
0.432242
0.349507
0.150401
0.108415
0.22436
0.269803
0.431082
0.662
0.228359
0.206055
0.662
0.662
0.193846
0.662
0.662
0.0798059
0.294684
0.662
0.52456
0.469646
0.247576
0.0886856
0.175086
0.281412
0.336193
0.114679
0.0676473
0.662
0.662
0.040354
0.0958474
0.662
0.662
0.662
0.603818
0.660933
0.505829
0.662
0.491788
0.195315
0.584931
0.662
0.203128
0.329939
0.662
0.380758
0.317061
0.262881
0.662
0.278691
0.662
0.662
0.160122
0.0819227
0.00578299
0.0317678
0.20389
0.181493
0.532528
0.662
0.264152
0.662
0.0452231
0.462937
0.662
0.191436
0.234484
0.448096
0.525089
0.239745
0.119284
0.499001
0.662
0.46669
0.0217418
0.138414
0.662
0.227536
0.662
0.238763
0.662
0.186649
0.0182716
0.279312
0.202341
0.662
0.662
0.662
0.392224
0.662
0.662
0.662
0.662
0.662
0.347445
0.354304
0.197928
0.662
0.253947
0.109967
0.662
0.4392
0.229081
0.385739
0.104829
0.185814
0.324382
0.452502
0.116731
0.0373516
0.268724
0.216859
0.456964
0.662
0.662
0.586511
0.304753
0.631301
0.0631557
0.662
0.385481
0.0753118
0.662
0.662
0.230425
0.662
0.120416
0.541624
0.224384
0.421394
0.662
0.420298
0.347983
0.662
0.453606
0.208677
0.662
0.191047
0.379946
0.662
0.354758
0.662
0.259488
0.307478
0.0408412
0.471165
0.0783105
0.276219
0.215213
0.336078
0.150133
0.439109
0.476461
0.662
0.44892
0.154076
0.405399
0.346156
0.109549
0.0259222
0.662
0.496837
0.270324
0.20861
0.241676
0.662
0.404586
0.28164
0.408098
0.370467
0.415045
0.662
0.290911
0.36346
0.662
0.215133
0.181361
0.313811
0.662
0.00477287
0.662
0.226402
0.152376
0.662
0.439081
0.662
0.495228
0.396468
0.184232
0.273823
0.491777
0.444412
0.395581
0.662
0.662
0.659087
0.662
0.662
0.056153
0.662
0.343428
0.0052899
0.662
0.662
0.321198
0.662
0.202554
0.40573
0.128412
0.287433
0.284074
0.198449
0.502556
0.662
0.662
0.204208
0.662
0.662
0.662
0.0122451
0.111918
0.113824
0.662
0.43638
0.662
0.232714
0.662
0.38368
0.662
0.445427
0.344909
0.194965
0.32617
0.518433
0.0490026
0.662
0.0335637
0.201025
0.662
0.662
0.662
0.507626
0.662
0.662
0.249134
0.277444
0.209776
0.371994
0.662
0.662
0.662
0.662
0.457522
0.448481
0.662
0.189471
0.180277
0.662
0.662
0.110257
0.321469
0.183413
0.27489
0.317203
0.33961
0.248895
0.452895
0.236652
0.179012
0.330464
0.662
0.129129
0.662
0.0573717
0.200042
0.186256
0.222203
0.662
0.662
0.662
0.521879
0.662
0.662
0.0981368
0.662
0.183973
0.529511
0.222444
0.662
0.662
0.662
0.662
0.662
0.497649
0.662
0.0107325
0.0946181
0.185107
0.349685
0.0224024
0.03358
0.202324
0.436398
0.398404
0.293123
0.662
0.449864
0.662
0.662
0.49889
0.662
0.662
0.0998284
0.160588
0.239128
0.662
0.662
0.330087
0.24262
0.221698
0.662
0.181537
0.549053
0.662
0.385733
0.360834
0.434515
0.369966
0.165119
0.662
0.029657
0.662
0.282271
0.462842
0.178538
0.302632
0.662
0.165634
0.0924399
0.662
0.336577
0.353121
0.00631207
0.312564
0.662
0.662
0.662
0.662
0.0979503
0.662
0.388671
0.476676
0.662
0.0431007
0.662
0.662
0.662
0.364572
0.662
0.662
0.34211
0.199118
0.662
0.662
0.135483
0.662
0.28203
0.662
0.188421
0.0988667
0.27281
0.337143
0.238493
0.53987
0.445438
0.662
0.633861
0.662
0.424891
0.382857
0.0534438
0.0751667
0.186794
0.378801
0.05673
0.662
0.662
0.353232
0.560303
0.662
0.144558
0.318143
0.20971
0.32898
0.193424
0.662
0.138739
0.479571
0.187409
0.20311
0.15791
0.289088
0.294608
0.359441
0.440453
0.163922
0.352805
0.662
0.191602
0.414022
0.0120465
0.420461
0.293339
0.662
0.356732
0.533357
0.459439
0.344488
0.322297
0.231261
0.662
0.537828
0.226774
0.662
0.662
0.465958
0.413704
0.662
0.662
0.662
0.0433588
0.593602
0.171941
0.454473
0.378294
0.472041
0.294949
0.662
0.662
0.358611
0.662
0.00138535
0.360048
0.230688
0.159792
0.662
0.585247
0.162467
0.330381
0.619745
0.645821
0.662
0.494547
0.662
0.221449
0.415565
0.071359
0.227272
0.338932
0.079338
0.290333
0.122688
0.662
0.662
0.248875
0.45897
0.44586
0.662
0.662
0.348339
0.553305
0.594141
0.662
0.662
0.662
0.41475
0.662
0.501721
0.224918
0.292658
0.277899
0.662
0.662
0.305387
0.526184
0.192993
0.371318
0.662
0.201678
0.385828
0.662
0.08612
0.322769
0.214036
0.662
0.0888448
0.662
0.111916
0.231928
0.662
0.566038
0.662
0.662
0.662
0.219839
0.662
0.662
0.662
0.355266
0.160346
0.662
0.662
0.360551
0.662
0.662
0.662
0.292932
0.662
0.419624
0.230405
0.662
0.662
0.662
0.188316
0.170181
0.21371
0.346785
0.662
0.662
0.47838
0.662
0.441227
0.603667
0.172596
0.255591
0.534463
0.192503
0.662
0.401816
0.437564
0.205867
0.427288
0.0465829
0.335137
0.264505
0.662
0.167691
0.662
0.208562
0.662
0.0564552
0.175509
0.117649
0.662
0.011397
0.0808202
0.662
0.662
0.662
0.120342
0.355646
0.662
0.575773
0.003658
0.255089
0.0624944
0.662
0.662
0.662
0.662
0.190335
0.229674
0.662
0.390714
0.428014
0.203288
0.652903
0.662
0.0496004
0.662
0.662
0.662
0.472615
0.662
0.662
0.662
0.321263
0.662
0.662
0.513753
0.662
0.430811
0.662
0.488005
0.662
0.155846
0.662
0.640107
0.035336
0.239151
0.662
0.287483
0.10591
0.662
0.537903
0.299297
0.662
0.588618
0.0507139
0.662
0.120072
0.415537
0.541431
0.662
0.336327
0.662
0.230851
0.138278
0.447481
0.228183
0.586181
0.662
0.111026
0.662
0.662
0.618766
0.662
0.619473
0.662
0.662
0.276817
0.383446
0.197854
0.233377
0.662
0.105875
0.662
0.396729
0.444501
0.142763
0.0982289
0.395305
0.364969
0.662
0.662
0.0571394
0.519991
0.662
0.662
0.662
0.253844
0.662
0.351699
0.587493
0.639741
0.407674
0.327392
0.662
0.651413
0.392277
0.131281
0.662
0.662
0.662
0.206579
0.662
0.128716
0.0528488
0.444269
0.629406
0.662
0.662
0.378186
0.662
0.0981497
0.413302
0.217288
0.616888
0.662
0.0866867
0.662
0.075967
0.662
0.0565854
0.0579796
0.212594
0.537058
0.662
0.171325
0.662
0.662
0.342321
0.226561
0.18558
0.662
0.569727
0.0250157
0.662
0.662
0.662
0.0882851
0.662
0.220946
0.662
0.210061
0.437634
0.662
0.246745
0.662
0.419997
0.168186
0.153881
0.662
0.0773461
0.662
0.662
0.13504
0.578112
0.662
0.470249
0.202335
0.662
0.180006
0.643207
0.553383
0.635463
0.435557
0.06592
0.489476
0.10953
0.105416
0.662
0.662
0.662
0.409276
0.169356
0.341375
0.348821
0.168045
0.271977
0.662
0.0788525
0.662
0.438071
0.309387
0.543574
0.124318
0.662
0.293036
0.662
0.122511
0.662
0.662
0.662
0.662
0.493031
0.201487
0.0964458
0.662
0.229792
0.380568
0.563786
0.662
0.410203
0.286415
0.00941833
0.662
0.22938
0.662
0.174184
0.662
0.662
0.287907
0.29241
0.507943
0.206767
0.662
0.662
0.662
0.256458
0.520423
0.10335
0.662
0.424947
0.023057
0.662
0.662
0.308607
0.26739
0.16885
0.662
0.167699
0.263871
0.277805
0.178093
0.193393
0.476874
0.662
0.629887
0.662
0.381478
0.238986
0.334281
0.0248656
0.402632
0.662
0.0576132
0.47706
0.269541
0.266276
0.662
0.531052
0.199734
0.328944
0.662
0.662
0.291806
0.326371
0.662
0.662
0.662
0.662
0.20687
0.187419
0.210953
0.468828
0.11184
0.281003
0.0306683
0.662
0.127678
0.557084
0.390523
0.0646791
0.223971
0.167148
0.662
0.662
0.662
0.217056
0.0871116
0.324127
0.662
0.18007
0.223586
0.603228
0.662
0.662
0.662
0.662
0.142368
0.229303
0.662
0.662
0.350279
0.662
0.185857
0.255849
0.0306353
0.439859
0.662
0.102176
0.662
0.00744244
0.662
0.662
0.075051
0.0687878
0.241906
0.457623
0.085502
0.662
0.662
0.662
0.662
0.662
0.662
0.135549
0.662
0.662
0.198344
0.113994
0.199636
0.474593
0.156949
0.11688
0.662
0.0442007
0.428776
0.662
0.662
0.605163
0.34109
0.662
0.148026
0.662
0.403368
0.662
0.254497
0.292987
0.0265251
0.44325
0.3598
0.217819
0.456335
0.662
0.469663
0.0251845
0.662
0.577122
0.662
0.300237
0.44314
0.0939318
0.383546
0.662
0.661913
0.662
0.662
0.662
0.501824
0.662
0.662
0.662
0.309433
0.0208887
0.593708
0.662
0.465586
0.662
0.662
0.269006
0.662
0.575854
0.662
0.662
0.662
