0.451752
0.0979406
0.0181166
0.662
0.662
0.223705
0.662
0.141182
0.662
0.317266
0.662
0.662
0.247589
0.0583892
0.202333
0.26433
0.0803684
0.229626
0.662
0.662
0.0909546
0.241946
0.0877326
0.662
0.111519
0.63845
0.000919163
0.336317
0.662
0.662
0.448045
0.202183
0.597664
0.662
0.303672
0.0146225
0.0852807
0.581777
0.129529
0.62897
0.579263
0.662
0.443186
0.662
0.575174
0.0291697
0.622115
0.662
0.357776
0.0825016
0.199052
0.181746
0.137431
0.62226
0.396304
0.0315385
0.662
0.487891
0.0336128
0.069913
0.184528
0.250765
0.184214
0.059891
0.472972
0.662
0.63911
0.175835
0.662
0.509827
0.662
0.0970284
0.662
0.662
0.16879
0.402066
0.658804
0.0258328
0.662
0.662
0.523115
0.212602
0.0213192
0.662
0.13574
0.283412
0.662
0.190881
0.662
0.158638
0.454547
0.116342
0.662
0.2264
0.660638
0.226842
0.662
0.352217
0.199892
0.480375
0.662
0.662
0.425271
0.578211
0.662
0.146567
0.0959911
0.604536
0.662
0.286181
0.367126
0.662
0.235747
0.662
0.662
0.255958
0.662
0.397414
0.662
0.647385
0.0398142
0.662
0.662
0.621822
0.662
0.24828
0.112655
0.114868
0.589624
0.0363834
0.133072
0.498428
0.464201
0.627694
0.662
0.126054
0.662
0.636766
0.662
0.25276
0.662
0.3025
0.221819
0.288052
0.281505
0.0387194
0.259169
0.174414
0.0804099
0.299822
0.662
0.220502
0.358041
0.543223
0.662
0.662
0.00801318
0.662
0.411928
0.486768
0.662
0.105584
0.234632
0.142691
0.437028
0.00153127
0.345029
0.662
0.217315
0.644572
0.125503
0.233339
0.576338
0.662
0.0951038
0.544487
0.0402597
0.581284
0.396373
0.662
0.152422
0.4667
0.662
0.0861774
0.117337
0.554465
