0.662
0.662
0.226069
0.304221
0.525755
0.405194
0.305548
0.61324
0.662
0.432511
0.65919
0.173707
0.260644
0.0877389
0.45302
0.662
0.204421
0.662
0.529056
0.662
0.124558
0.662
0.0216625
0.241594
0.662
0.362329
0.425808
0.275783
0.308094
0.209663
0.610047
0.662
0.662
0.292642
0.16515
0.662
0.662
0.153857
0.187391
0.455874
0.662
0.20667
0.624491
0.60838
0.387212
0.662
0.644624
0.590278
0.541418
3.95291e-05
0.535981
0.199758
0.364474
0.200157
0.0230541
0.662
0.229377
0.662
0.113267
0.489031
0.662
0.537609
0.662
0.604248
0.197934
0.220678
0.662
0.443236
0.662
0.555091
0.662
0.658914
0.141936
0.662
0.658974
0.662
0.662
0.662
0.662
0.106061
0.167569
0.33425
0.25547
0.662
0.36943
0.662
0.390647
0.662
0.380304
0.619745
0.450101
0.393936
0.662
0.0308915
0.655766
0.662
0.433613
0.170248
0.662
0.424768
0.636482
0.379584
0.464352
0.229088
0.164883
0.662
0.408815
0.068741
0.473317
0.0693103
0.662
0.134673
0.443799
0.179499
0.44359
0.456191
0.525254
0.660619
0.471928
0.231158
0.123091
0.415104
0.631453
0.254541
0.662
0.433784
0.352857
0.608913
0.662
0.14019
0.662
0.502295
0.235621
0.0582469
0.25953
0.662
0.306715
0.113361
0.404792
0.214625
0.405397
0.304851
0.180584
0.431387
0.140527
0.311449
0.0622164
0.662
0.662
0.662
0.37017
0.662
0.138359
0.0491577
0.353721
0.400613
0.41724
0.374579
0.517145
0.662
0.630376
0.286918
0.662
0.417098
0.237565
0.662
0.630755
0.00621614
0.535921
0.323068
0.0500617
0.320914
0.662
0.662
0.0722593
0.0772076
0.662
0.203094
0.441445
0.478691
0.481506
0.373985
0.066572
0.157182
0.662
0.135922
0.100668
0.662
0.548404
0.188103
0.278381
0.190033
0.493969
0.662
0.300632
0.435651
0.662
0.662
0.662
0.118935
0.662
0.0167441
0.0127021
0.662
0.662
0.205632
0.473451
0.492858
0.242949
0.662
0.259721
0.301073
0.397251
0.508381
0.271228
0.499104
0.0434945
0.662
0.581638
0.519874
0.360809
0.52167
0.662
0.662
0.662
0.643729
0.39043
0.367786
0.662
0.218483
0.409951
0.662
0.0656512
0.423025
0.212787
0.186801
0.662
0.387116
0.076848
0.137957
0.593912
0.662
0.0292805
0.610081
0.653329
0.0792389
0.064728
0.547433
0.483264
0.283643
0.462915
0.354063
0.0434624
0.662
0.00597785
0.637559
0.662
0.50257
0.173731
0.51525
0.662
0.662
0.187913
0.332718
0.205582
0.102893
0.154782
0.662
0.0101348
0.662
0.662
0.287126
0.14292
0.268217
0.00203071
0.135122
0.0557818
0.627352
0.662
0.195846
0.352825
0.620234
0.631775
0.31946
0.662
0.429749
0.294538
0.0951567
0.662
0.195236
0.331214
0.0656908
0.507648
0.181313
0.453308
0.224055
0.24615
0.662
0.662
0.662
0.310564
0.662
0.662
0.421604
0.662
0.480053
0.207037
0.356951
0.662
0.432216
0.662
0.286236
0.662
0.282032
0.662
0.662
0.178419
0.662
0.612055
0.250067
0.00806404
0.213704
0.662
0.4765
0.659506
0.300839
0.50189
0.662
0.662
0.435535
0.662
0.406339
0.662
0.662
0.662
0.0612675
0.322412
0.662
0.662
0.256858
0.447221
0.662
0.64364
0.662
0.576008
0.182223
0.13092
0.00971443
0.662
0.567315
0.662
0.0663604
0.336578
0.601325
0.662
0.662
0.449359
0.662
0.662
0.662
0.468633
0.134717
0.195522
0.340011
0.371179
0.444936
0.23109
0.0839958
0.417185
0.662
