0.622212
0.662
0.0893484
0.662
0.260183
0.662
0.303702
0.30453
0.662
0.395932
0.122577
0.37874
0.086033
0.262684
0.392017
0.662
0.662
0.454371
0.662
0.662
0.466104
0.360269
0.295007
0.662
0.448829
0.263202
0.24305
0.40848
0.450821
0.376016
0.263245
0.662
0.217267
0.662
0.245034
0.047711
0.498529
0.207129
0.201117
0.276489
0.036595
0.662
0.662
0.154036
0.662
0.224113
0.662
0.662
0.662
0.662
0.203479
0.662
0.662
0.662
0.100761
0.142299
0.344469
0.273779
0.247007
0.662
0.331373
0.121897
0.662
0.391067
0.261571
0.601197
0.662
0.422078
0.25081
0.342233
0.662
0.662
0.662
0.662
0.662
0.0344936
0.662
0.662
0.121919
0.0914914
0.662
0.177811
0.153142
0.411597
0.662
0.0588078
0.662
0.273063
0.268192
0.662
0.662
0.425887
0.662
0.207669
0.662
0.135323
0.662
0.148687
0.353344
0.662
0.103141
0.239506
0.17951
0.279259
0.662
0.260536
0.113645
0.662
0.528295
0.662
0.662
0.662
0.662
0.530332
0.249373
0.270236
0.662
0.662
0.662
0.662
0.662
0.662
0.251858
0.329978
0.0752404
0.637011
0.0267472
0.347466
0.307443
0.0308496
0.293702
0.0170408
0.189472
0.646369
0.144245
0.194677
0.662
0.662
0.419985
0.662
0.528218
0.316217
0.662
0.233779
0.662
0.662
0.433918
0.308012
0.631685
0.612378
0.259775
0.662
0.45048
0.662
0.172546
0.30674
0.185766
0.18917
0.0326557
0.662
0.437869
0.403251
0.330728
0.582531
0.662
0.164162
0.662
0.429239
0.416055
0.662
0.662
0.662
0.662
0.662
0.662
0.367643
0.568296
0.0915284
0.18754
0.280206
0.631472
0.662
0.568177
0.587879
0.154166
0.662
0.147125
0.414092
0.149753
0.662
0.186938
0.662
0.212856
0.114418
0.0153174
0.662
0.38384
0.662
0.135441
0.199796
0.320141
0.186516
0.014547
0.074016
0.232396
0.592939
0.662
0.357203
0.662
0.662
0.662
0.633391
0.157535
0.662
0.45895
0.662
0.149314
0.404894
0.286765
0.0344557
0.662
0.263114
0.662
0.662
0.144158
0.485096
0.410465
0.662
0.264299
0.0352402
0.261488
0.662
0.376263
0.662
0.310577
0.662
0.662
0.662
0.662
0.264752
0.0911659
0.421229
0.187329
0.662
0.662
0.662
0.551384
0.662
0.662
0.00358416
0.0850882
0.472189
0.662
0.320285
0.530397
0.0189988
0.246546
0.0750626
0.0573629
0.189594
0.043251
0.662
0.662
0.0351149
0.662
0.662
0.206033
0.55039
0.662
0.295707
0.662
0.262931
0.145687
0.662
0.652915
0.172616
0.602016
0.662
0.39577
0.662
0.182998
0.214561
0.23605
0.23257
0.241933
0.662
0.227434
0.125511
0.0414467
0.332202
0.367388
0.127437
0.0596542
0.393259
0.410253
0.114676
0.0379801
0.374719
0.384217
0.0813854
0.268111
0.239756
0.288519
0.157523
0.622953
0.662
0.662
0.426128
0.662
0.654513
0.393071
0.662
0.368332
0.226923
0.662
0.662
0.662
0.662
0.191696
0.0692152
0.414232
0.662
0.662
0.662
0.207557
0.335451
0.662
0.662
0.178931
0.662
0.153523
0.662
0.662
0.42028
0.662
0.662
0.662
0.0998683
0.662
0.0587161
0.185519
0.662
0.463972
0.662
0.190259
0.288616
0.625319
0.662
0.204109
0.662
0.662
0.333148
0.115381
0.290597
0.515066
0.662
0.176854
0.662
0.662
0.662
0.446337
0.215947
0.662
0.320719
0.662
0.0263905
0.246029
0.662
0.326414
0.662
0.164457
0.489264
0.319765
0.42048
0.662
0.280431
0.434082
0.662
0.0585737
0.330198
0.489053
0.101871
0.054166
0.409524
0.662
0.0929505
0.552706
0.104303
0.409371
0.200649
0.662
0.122574
0.488789
0.29141
0.662
0.346901
0.206963
0.340711
0.51472
0.44319
0.662
0.185249
0.00291583
0.365479
0.662
0.662
0.23999
0.372888
0.497131
0.044079
0.662
0.518238
0.639356
0.261251
0.662
0.359976
0.292302
0.662
0.662
0.158508
0.195781
0.662
0.0872368
0.187309
0.456702
0.293882
0.662
0.0543897
0.206643
0.509002
0.620907
0.662
0.225139
0.188405
0.662
0.662
0.167912
0.593492
0.427008
0.662
0.35032
0.488856
0.0730336
0.662
0.505487
0.662
0.237083
0.662
0.334063
0.662
0.358879
0.315138
0.472276
0.0872926
0.662
0.662
0.655247
0.662
0.134453
0.662
0.662
0.662
0.218725
0.151421
0.294184
0.375007
0.143619
0.662
0.0827629
0.662
0.593482
0.502113
0.0150971
0.00344136
0.161652
0.662
0.662
0.662
0.563054
0.389636
0.0419624
0.186219
0.17928
0.436929
0.662
0.00180096
0.662
0.297513
0.662
0.662
0.662
0.662
0.238795
0.662
0.662
0.614654
0.662
0.662
0.173133
0.662
0.662
0.471298
0.659684
0.662
0.158377
0.286476
0.226148
0.662
0.32618
0.0567278
0.265868
0.465217
0.382819
0.230008
0.10085
0.459719
0.662
0.662
0.153741
0.190402
0.662
0.611106
0.436698
0.0174064
0.318211
0.084728
0.662
0.245236
0.662
0.508627
0.662
0.662
0.522184
0.662
0.211543
0.147335
0.662
0.662
0.547786
0.474736
0.459717
0.507225
0.662
0.662
0.662
0.465629
0.573061
0.662
0.180922
0.187446
0.662
0.208264
0.649612
0.119484
0.32458
0.662
0.662
0.662
0.662
0.662
0.662
0.284848
0.532356
0.165001
0.662
0.607623
0.167595
0.662
0.548439
0.0725638
0.519755
0.209827
0.662
0.186737
0.201745
0.662
0.192173
0.662
0.662
0.662
0.184511
0.0301234
0.662
0.280172
0.662
0.453324
0.177144
0.18718
0.0827755
0.441838
0.662
0.177657
0.153731
0.349507
0.320125
0.148077
0.3706
0.662
0.662
0.210137
0.662
0.662
0.133386
0.569481
0.662
0.381333
0.662
0.662
0.366543
0.127997
0.0166312
0.383266
0.220571
0.662
0.41287
0.0141424
0.156794
0.662
0.451661
0.60711
0.662
0.111169
0.662
0.390388
0.149529
0.662
0.295594
0.181225
0.351905
0.0132034
0.467059
0.117881
0.662
0.443305
0.0068763
0.510042
0.662
0.549243
0.185215
0.662
0.183957
0.298199
0.610241
0.662
0.662
0.342452
0.662
0.662
0.465005
0.501464
0.538595
0.662
0.662
0.172097
0.607994
0.662
0.662
0.256977
0.147462
0.459445
0.210963
0.383846
0.242584
0.662
0.0298926
0.590887
0.0592352
0.363655
0.164869
0.0365771
0.249834
0.662
0.662
0.309108
0.117878
0.495515
0.662
0.354129
0.604265
0.662
0.222825
0.662
0.247901
0.655978
0.445075
0.00411583
0.662
0.113793
0.401671
0.662
0.196524
0.662
0.662
0.662
0.662
0.662
0.0242495
0.548648
0.662
0.662
0.662
0.662
0.246935
0.662
0.408291
0.662
0.662
0.188358
0.0676936
0.662
0.277056
0.388421
0.662
0.662
0.0610866
0.188059
0.662
0.0599233
0.662
0.358002
0.662
0.244639
0.662
0.181451
0.662
0.321078
0.662
0.376476
0.243996
0.17846
0.0994903
0.465587
0.662
0.303237
0.662
0.194042
0.662
0.0126434
0.662
0.0644175
0.662
0.662
0.662
0.365076
0.421985
0.498557
0.183446
0.16683
0.420924
0.273637
0.314326
0.660804
0.662
0.285143
0.267438
0.662
0.419436
0.0780059
0.662
0.662
0.662
0.662
0.316007
0.30126
0.452216
0.431627
0.662
0.222944
0.108717
0.662
0.268096
0.471272
0.662
0.451113
0.662
0.42173
0.348372
0.177022
0.662
0.394868
0.662
0.0543819
0.662
0.465183
0.662
0.402129
0.36041
0.17702
0.662
0.0536587
0.0768037
0.307641
0.184268
0.662
0.245235
0.662
0.284413
0.406261
0.0865799
0.344827
0.662
0.226445
0.256302
0.227499
0.662
0.248921
0.37285
0.246602
0.662
0.662
0.662
0.662
0.594086
0.199641
0.662
0.331854
0.662
0.45408
0.147036
0.662
0.15412
0.662
0.149991
0.552254
0.662
0.200708
0.253915
0.0989955
0.287839
0.455687
0.385864
0.646318
0.662
0.145122
0.19146
0.0928235
0.0238259
0.536734
0.662
0.425103
0.458141
0.0780112
0.538427
0.662
0.662
0.126336
0.0597215
0.662
0.478531
0.281377
0.662
0.38961
0.662
0.391944
0.275979
0.471373
0.662
0.111137
0.662
0.147971
0.662
0.217024
0.662
0.360781
0.198705
0.662
0.0451287
0.662
0.662
0.662
0.0250208
0.39336
0.354857
0.662
0.662
0.0739436
0.662
0.662
0.323119
0.662
0.662
0.456675
0.662
0.205275
0.279523
0.662
0.337688
0.662
0.662
0.662
0.566322
0.370238
0.120683
0.362486
0.42171
0.137559
0.662
0.606018
0.432482
0.180992
0.374425
0.330772
0.266792
0.281562
0.215922
0.662
0.386366
0.662
0.415817
0.662
0.163512
0.263854
0.502202
0.662
0.153212
0.662
0.235223
0.662
0.662
0.562193
0.662
0.410553
0.662
0.334515
0.662
0.662
0.213403
0.465193
0.20667
0.246124
0.662
0.0781555
0.420512
0.0304627
0.662
0.192385
0.177311
0.117551
0.384103
0.662
0.112985
0.395374
0.662
0.197149
0.662
0.184215
0.662
0.0594486
0.313769
0.0715816
0.662
0.465549
0.362051
0.189195
0.117248
0.515228
0.662
0.151629
0.662
0.162936
0.662
0.239739
0.526534
0.345655
0.662
0.662
0.662
0.240171
0.441631
0.0051952
0.662
0.641641
0.196323
0.662
0.662
0.662
0.580951
0.463719
0.0144767
0.147838
0.354963
0.25339
0.662
0.662
0.0482946
0.662
0.662
0.123713
0.662
0.00533036
0.411803
0.0047064
0.317326
0.111763
0.39871
0.185958
0.00760413
0.199604
0.107684
0.662
0.200981
0.272417
0.269032
0.221182
0.651289
0.0479561
0.0126738
0.662
0.662
0.0741904
0.383
0.234113
0.306801
0.654275
0.040547
0.196905
0.662
0.2706
0.270385
0.231813
0.252414
0.345855
0.186914
0.361759
0.662
0.662
0.412859
0.00907929
0.160811
0.662
0.662
0.662
0.124501
0.662
0.0346677
0.0257856
0.544113
0.565809
0.662
0.464041
0.662
0.662
0.0889877
0.662
0.662
0.662
0.662
0.0922383
0.18543
0.185105
0.362816
0.655913
0.163703
0.194053
0.00528407
0.662
0.515919
0.00874898
0.455386
0.460055
0.662
0.00712085
0.662
0.662
0.311128
0.269438
0.398892
0.662
0.662
0.38191
0.234597
0.662
0.0880655
0.662
0.662
0.301263
0.266543
0.240929
0.662
0.260259
0.425244
0.112006
0.662
0.662
0.354824
0.345547
0.239333
0.423137
0.662
0.578342
0.619803
0.662
0.662
0.245054
0.433065
0.662
0.0372965
0.0651801
0.337736
0.662
0.0546639
0.356893
0.22053
0.662
0.147685
0.662
0.133792
0.194895
0.662
0.463305
0.662
0.428877
0.238724
0.662
0.289931
0.662
0.272382
0.662
0.662
0.386693
0.662
0.207046
0.322604
0.166111
0.521243
0.277821
0.32466
0.0437024
0.419762
0.259317
0.22255
0.204224
0.662
0.249263
0.662
0.662
0.244814
0.160525
0.662
0.662
0.48254
0.493457
0.102534
0.00582476
0.33634
0.060628
0.662
0.0688996
0.286678
0.31049
0.20464
0.0985881
0.662
0.662
0.662
0.427753
0.662
0.160833
0.205432
0.662
0.662
0.352314
0.550964
0.662
0.662
0.22268
0.367416
0.662
0.159019
0.131191
0.0424534
0.402279
0.193212
0.662
0.102052
0.662
0.216109
0.600497
0.662
0.487156
0.206256
0.662
0.0518733
0.662
0.662
0.378248
0.137396
0.446286
0.662
0.260207
0.344766
0.566769
0.662
0.662
0.662
0.662
0.0598538
0.662
0.243016
0.662
0.662
0.472559
0.662
0.0219448
0.610907
0.662
0.662
0.662
0.536801
0.36074
0.662
0.662
0.662
0.563083
0.2433
0.662
0.147438
0.662
0.209902
0.662
0.206598
0.0799435
0.274406
0.662
0.367978
0.458146
0.578563
0.296484
0.192525
0.662
0.662
0.250671
0.552648
0.650113
0.662
0.662
0.662
0.225392
0.662
0.585866
0.445644
0.464398
0.662
0.280076
0.662
0.0903762
0.662
0.560176
0.303958
0.36451
0.662
0.384101
0.662
0.662
0.274483
0.56626
0.2591
0.210823
0.207362
0.662
0.13426
0.0736431
0.145873
0.662
0.662
0.0359744
0.260158
0.304668
0.206376
0.324649
0.305879
0.662
0.24367
0.25385
0.109177
0.662
0.156264
0.662
0.0138724
0.662
0.223722
0.662
0.662
0.236164
0.0646802
0.299085
0.397133
0.387188
0.190718
0.662
0.425893
0.37227
0.158186
0.662
0.662
0.36873
0.662
0.44005
0.329489
0.0581622
0.393833
0.120873
0.0741334
0.192267
0.424194
0.619801
0.0451776
0.662
0.539171
0.662
0.349244
0.662
0.173825
0.413089
0.453977
0.124659
0.662
0.261889
0.532179
0.253298
0.662
0.187701
0.662
0.37453
0.216513
0.247983
0.54138
0.127908
0.662
0.662
0.0935579
0.662
0.662
0.41953
0.36745
0.173489
0.662
0.347244
0.0574956
0.219249
0.662
0.499843
0.18995
0.252301
0.662
0.0847093
0.342096
0.16152
0.662
0.662
0.662
0.356701
0.662
0.0563656
0.0828403
0.227538
0.662
0.503709
0.421563
0.317568
0.487894
0.386985
0.22847
0.00388911
0.662
0.662
0.391453
0.250178
0.638834
0.123825
0.662
0.203707
0.662
0.465319
0.264419
0.0707145
0.139219
0.33553
0.0681062
0.143371
0.662
0.662
0.662
0.429179
0.332528
0.662
0.662
0.140869
0.662
0.238961
0.662
0.25378
0.662
0.250746
0.07342
0.235342
0.662
0.63339
0.594148
0.426809
0.662
0.154449
0.662
0.662
0.662
0.511721
0.0200166
0.514245
0.331651
0.315515
0.427094
0.547353
0.300541
0.15532
0.191889
0.197726
0.662
0.23298
0.662
0.460933
0.0785139
0.0554694
0.662
0.662
0.662
0.233239
0.403891
0.506099
0.662
0.172275
0.662
0.662
0.109309
0.173162
0.149288
0.289303
0.457562
0.252714
0.647835
0.662
0.250128
0.117445
0.662
0.2077
0.297938
0.289742
0.276356
0.662
0.125912
0.662
0.023145
0.662
0.424192
0.0806592
0.178239
0.662
0.546231
0.372064
0.662
0.194669
0.338943
0.662
0.0380854
0.662
0.337611
0.518634
0.525973
0.662
0.662
0.662
0.244685
0.662
0.304839
0.456471
0.662
0.662
0.662
0.196253
0.622865
0.287697
0.662
0.347979
0.412433
0.0138836
0.662
0.584646
0.662
0.662
0.121138
0.662
0.0976543
0.199592
0.221561
0.662
0.394029
0.662
0.0718029
0.309465
0.193128
0.133824
0.269866
0.142604
0.127627
0.04128
0.270001
0.372376
0.341417
0.448223
0.258946
0.152722
0.558431
