0.0369948
0.0612675
0.662
0.127087
0.542889
0.1228
0.319388
0.0283431
0.313704
0.103422
0.249716
0.356951
0.637559
0.662
0.662
0.0656908
0.662
0.408815
0.517145
0.113361
0.298856
0.505283
0.132291
0.166985
0.0413643
0.0715793
0.129621
0.261061
0.662
0.433613
0.50725
0.658914
0.311449
0.285992
0.103036
0.0545661
0.662
0.662
0.300538
0.662
0.390647
0.208458
0.519328
0.076848
0.268019
0.289473
0.662
0.662
0.153455
0.306715
0.662
0.423025
0.121352
0.662
0.325233
0.662
0.2869
0.0711306
0.0622164
0.321749
0.1162
0.447221
0.308578
0.662
0.235621
0.167569
0.631775
0.627352
0.181034
0.483264
