0.0711306
0.662
0.076848
0.311449
0.0283431
0.408815
0.261061
0.216986
0.505283
0.447221
0.662
0.129621
0.0656908
0.433613
0.637559
0.166985
0.662
0.121352
0.662
0.319388
0.306715
0.356951
0.187558
0.662
0.321749
0.662
0.517145
0.423025
0.609825
0.153455
0.131294
0.300538
0.662
0.662
0.181034
0.619745
0.658914
0.662
0.0715793
0.2869
0.483264
0.103036
0.0612675
0.50725
0.627352
0.179994
0.167569
0.268019
0.325233
0.0622164
0.235621
0.662
0.289473
0.285992
0.130929
0.662
0.1162
0.225189
0.132291
0.249716
0.662
0.308578
0.662
0.313704
0.662
0.0369948
0.127087
0.631775
0.0947897
0.113361
