0.0369948
0.306715
0.268019
0.132291
0.166985
0.289473
0.297906
0.208458
0.211518
0.127087
0.356951
0.103036
0.212284
0.408815
0.662
0.662
0.483264
0.0715793
0.50725
0.0612675
0.658914
0.239553
0.0656908
0.325233
0.662
0.0283431
0.311449
0.235621
0.662
0.153455
0.121352
0.113361
0.627352
0.0622164
0.662
0.662
0.662
0.300538
0.662
0.1162
0.637559
0.662
0.298856
0.319388
0.322025
0.662
0.631775
0.517145
0.181034
0.662
0.662
0.307619
0.423025
0.129621
0.447221
0.167569
0.505283
0.433613
0.662
0.0711306
0.209241
0.662
