0.637559
0.0283431
0.0369948
0.356951
0.311449
0.208458
0.135389
0.662
0.662
0.662
0.227192
0.447221
0.517145
0.177015
0.50725
0.211518
0.662
0.0275303
0.0715793
0.662
0.127087
0.289473
0.300538
0.307619
0.132291
0.433613
0.662
0.0622164
0.166985
0.121352
0.235621
0.658914
0.113361
0.181223
0.268019
0.325233
0.483264
0.627352
0.662
0.423025
0.662
0.297906
0.662
0.153455
0.662
0.408815
0.662
0.631775
0.505283
0.0711306
0.129621
0.281203
0.298856
0.0612675
0.662
0.167569
0.662
0.239553
0.1162
0.0656908
