0.218291
0.644624
0.373985
0.535921
0.184066
0.662
0.0622164
0.662
0.662
0.134717
0.0839245
0.250067
0.323068
0.590278
0.662
0.355903
0.214625
0.242949
0.20667
0.135122
0.662
0.662
0.662
0.068741
0.426465
0.662
0.462915
0.662
0.637559
0.662
0.662
0.662
0.662
0.294538
0.662
0.627352
0.00621614
0.385592
0.662
0.44359
0.382128
0.662
0.447221
0.435651
0.548404
0.662
0.076848
0.397251
0.659506
0.0877389
0.643729
0.254541
0.662
0.190033
0.658974
0.662
0.662
0.405194
0.102893
0.662
0.662
0.581638
0.662
0.662
0.662
0.36943
0.320914
0.443799
0.662
0.45302
0.331214
0.173731
0.195522
0.662
0.415104
0.507648
0.662
0.182223
0.292642
0.0612675
0.113267
0.140527
0.662
0.352825
0.312318
0.50189
0.00806404
0.00597785
0.0185731
0.662
0.619745
0.662
0.662
0.0321862
0.187913
0.187631
0.662
0.431387
0.066572
0.662
0.300632
0.425808
0.268217
0.213704
0.662
0.237565
0.192257
0.662
0.541418
0.662
0.468633
0.662
0.662
0.662
0.604248
0.203094
0.662
0.471928
0.286918
0.287126
0.662
0.662
0.157182
0.408815
0.480053
0.00971443
0.356951
0.500447
0.662
0.153857
0.409951
0.473451
0.662
0.181313
0.353721
0.432216
0.100668
0.141936
0.633391
0.624491
0.259721
0.519874
0.0158977
0.256858
0.662
0.610047
0.662
0.458409
0.662
0.0656908
0.25547
0.662
0.442708
0.135922
0.435535
0.662
0.508381
0.332718
0.473317
0.0167441
0.178419
0.37017
0.195236
0.167569
0.417185
0.205632
0.082322
0.453308
0.658914
0.662
0.660619
0.51525
0.662
0.489031
0.52167
0.525254
0.231158
0.662
0.662
0.60838
0.499104
0.662
0.236049
0.662
0.662
0.662
0.329414
0.492858
0.41724
0.662
0.387212
0.127087
0.631453
0.4765
0.50257
0.352857
0.195846
0.662
0.322412
0.662
0.662
0.601325
0.269285
0.630755
0.662
0.0912053
0.662
0.425416
0.304221
0.188103
0.390647
0.111688
0.0944241
0.446807
0.662
0.379584
0.0562709
0.301073
0.367786
0.0722593
0.630376
0.218483
0.61324
0.662
0.404792
0.662
0.636482
0.275783
0.662
0.662
0.300839
0.662
0.662
0.295516
0.64364
0.662
0.235621
0.423025
0.32857
0.662
0.662
0.450101
0.387116
0.380304
0.113361
0.493969
0.662
0.199758
0.662
0.483264
0.33425
0.0101348
0.662
0.455874
0.0951567
0.186801
0.164883
0.118935
0.0374867
0.576008
0.655766
0.0839958
0.306715
0.662
0.631775
0.417098
0.197934
0.662
0.662
0.517145
0.0772076
0.0693103
0.662
0.662
0.535981
0.424768
0.662
0.662
0.662
0.207037
0.0168628
0.662
0.0216625
0.593912
0.362329
0.433613
0.106061
0.24615
0.311449
0.00203071
0.192896
0.662
0.170248
0.662
0.220678
0.537609
0.0292805
0.405397
0.662
0.0230541
0.612055
0.200157
0.400613
0.662
3.95291e-05
0.662
0.364474
0.662
0.425956
0.662
0.0741383
0.304851
0.23109
