0.662
0.209739
0.169373
0.662
0.215021
0.181166
0.662
0.299875
0.56035
0.278859
0.662
0.495267
0.124189
0.662
0.0307632
0.153961
0.216089
0.662
0.195543
0.120809
0.662
0.637169
0.266427
0.578094
0.662
0.383395
0.662
0.414063
0.662
0.23397
0.104939
0.662
0.349245
0.662
0.662
0.434334
0.662
0.413637
0.662
0.103078
0.152562
0.662
0.662
0.561447
0.662
0.662
0.194381
0.662
0.0269155
0.544453
0.431453
0.405394
0.246575
0.57096
0.662
0.08219
0.300646
0.662
0.359244
0.662
0.662
0.662
0.19329
0.0935378
0.662
0.36427
0.330814
0.662
0.255294
0.4732
0.447658
0.662
0.203129
0.114877
0.49414
0.199358
0.662
0.120968
0.662
0.401398
0.328492
0.121534
0.00150399
0.662
0.662
0.519619
0.414362
0.277365
0.662
0.265727
0.124214
0.0934774
0.662
0.662
0.662
0.260832
0.449947
0.224086
0.0988076
0.42533
0.105942
0.662
0.662
0.179721
0.185867
0.621179
0.106977
0.453517
0.421159
0.25916
0.662
0.662
0.204438
0.662
0.439576
0.662
0.662
0.662
0.110066
0.0786722
0.662
0.334479
0.371856
0.662
0.409568
0.344016
0.0853786
0.662
0.442505
0.557118
0.0495321
0.406486
0.463517
0.662
0.313484
0.156876
0.318723
0.403636
0.598931
0.301772
0.662
0.0836748
0.662
0.662
0.662
0.136936
0.194086
0.662
0.662
0.662
0.0219847
0.662
0.662
0.218784
0.255046
0.61147
0.522969
0.465496
0.296694
0.396835
0.531608
0.0871746
0.203982
0.160582
0.662
0.394114
0.267615
0.662
0.0769472
0.531529
0.203613
0.150029
0.662
0.288157
0.454739
0.0322216
0.295718
0.177269
0.364865
0.38639
0.23821
0.662
0.662
0.662
0.597632
0.662
0.662
0.662
0.662
0.662
0.280103
0.662
0.662
0.389583
0.299797
0.282071
0.662
0.315087
0.662
0.662
0.662
0.662
0.069719
0.662
0.662
0.662
0.662
0.19255
0.662
0.363716
0.440268
0.662
0.662
0.454847
0.0912485
0.107644
0.0934695
0.662
0.404185
0.0691713
0.156759
0.662
0.208275
0.662
0.286801
0.662
0.366246
0.601986
0.213366
0.433079
0.479327
0.149836
0.135749
0.662
0.0844482
0.323427
0.158061
0.662
0.252537
0.63339
0.662
0.328164
0.156204
0.662
0.662
0.36538
0.137585
0.662
0.662
0.662
0.393798
0.605547
0.662
0.168248
0.314358
0.200861
0.197493
0.494659
0.599634
0.662
0.662
0.267078
0.349345
0.119352
0.662
0.662
0.1928
0.235143
0.662
0.189468
0.467903
0.30657
0.0105101
0.0948721
0.662
0.0572657
0.662
0.463245
0.662
0.662
0.00898677
0.662
0.0150023
0.305076
0.215559
0.258523
0.239474
0.645674
0.662
0.662
0.662
0.662
0.199252
0.0450933
0.286946
0.415059
0.0226283
0.0436448
0.662
0.662
0.662
0.0196921
0.583657
0.355501
0.476946
0.411822
0.25782
0.662
0.662
0.288233
0.0969654
0.136793
0.203554
0.254139
0.380358
0.662
0.662
0.126544
0.198825
0.662
0.662
0.236776
0.662
0.297121
0.491098
0.662
0.104096
0.662
0.229255
0.0800176
0.343881
0.662
0.661831
0.371017
0.520152
0.662
0.537043
0.662
0.662
0.321648
0.464397
0.476015
0.111537
0.392942
0.186747
0.402641
0.203631
0.662
0.177143
0.0463127
0.374471
0.487776
0.0548116
0.244463
0.0116047
0.0351732
0.662
0.155967
0.662
0.303836
0.25319
0.144448
0.104947
0.308906
0.153681
0.220207
0.662
0.019653
0.335372
0.064217
0.206753
0.662
0.662
0.662
0.11307
0.0937614
0.551613
0.136229
0.0351436
0.662
0.662
0.268015
0.662
0.229527
0.463484
0.273468
0.439422
0.662
0.412953
0.539235
0.662
0.365402
0.662
0.107625
0.248157
0.115563
0.662
0.647498
0.662
0.609258
0.662
0.649431
0.662
0.0551765
0.227694
0.662
0.662
0.514398
0.308104
0.662
0.662
0.475605
0.662
0.662
0.0341305
0.273036
0.627855
0.21963
0.413319
0.226342
0.290073
0.328644
0.0451206
0.662
0.271081
0.410991
0.662
0.468183
0.662
0.662
0.662
0.0457939
0.212416
0.190863
0.352734
0.428086
0.662
0.18973
0.131542
0.613561
0.0781315
0.61902
0.662
0.308896
0.358276
0.595178
0.662
0.626613
0.456653
0.515049
0.662
0.647966
0.635339
0.576717
0.252803
0.631376
0.434941
0.069231
0.662
0.28255
0.662
0.266901
0.262027
0.662
0.383417
0.095424
0.662
0.276426
0.662
0.662
0.649035
0.662
0.662
0.0226532
0.289101
0.137407
0.662
0.662
0.528523
0.0912359
0.662
0.145453
0.662
0.329017
0.255481
0.230614
0.0643424
0.43561
0.662
0.301849
0.427492
0.353716
0.307232
0.445637
0.662
0.662
0.413031
0.187821
0.220523
0.323692
0.033488
0.662
0.408992
0.662
0.0392601
0.662
0.475504
0.193419
0.662
0.662
0.662
0.306367
0.255555
0.345699
0.00827899
0.307636
0.662
0.0209806
0.412132
0.401079
0.18802
0.110008
0.332644
0.315796
0.662
0.662
0.433766
0.238769
0.168757
0.103368
0.180429
0.662
0.662
0.662
0.329819
0.662
0.481209
0.24699
0.063609
0.662
0.104969
0.662
0.108246
0.326365
0.33255
0.0592656
0.377184
0.662
0.185478
0.662
0.53779
0.464546
0.538201
0.662
0.126837
0.380625
0.640253
0.608568
0.662
0.662
0.410362
0.242444
0.605414
0.662
0.243951
0.662
0.0144664
0.357671
0.557602
0.662
0.478734
0.662
0.287371
0.145814
0.351855
0.181193
0.662
0.218481
0.662
0.23153
0.567774
0.662
0.662
0.662
0.386233
0.662
0.301076
0.183192
0.662
0.207993
0.507725
0.341524
0.376098
0.471833
0.277791
0.662
0.662
0.412507
0.378925
0.0714392
0.461805
0.381167
0.469693
0.405985
0.662
0.662
0.662
0.499943
0.1433
0.270704
0.662
0.662
0.408463
0.232273
0.662
0.596297
0.552099
0.662
0.662
0.615866
0.662
0.236139
0.662
0.633694
0.405225
0.662
0.662
0.662
0.601892
0.415549
0.662
0.433228
0.573112
0.459581
0.0159688
0.662
0.662
0.628413
0.662
0.662
0.662
0.636769
0.662
0.437739
0.118194
0.425069
0.452679
0.662
0.662
0.319398
0.662
0.405287
0.662
0.268327
0.662
0.135018
0.468425
0.189649
0.662
0.230484
0.662
0.176993
0.62747
0.279116
0.662
0.662
0.662
0.662
0.662
0.660819
0.662
0.338792
0.459658
0.215784
0.662
0.662
0.163346
0.106771
0.421064
0.170174
0.0528616
0.444841
0.662
0.247232
0.165701
0.464303
0.230199
0.103431
0.526163
0.480574
0.662
0.274443
0.662
0.662
0.302731
0.0686892
0.342207
0.294042
0.662
0.358065
0.662
0.0667798
0.567662
0.662
0.662
0.278412
0.251174
0.547387
0.279498
0.0089698
0.662
0.0703305
0.662
0.155406
0.662
0.662
0.662
0.662
0.042843
0.230382
0.662
0.304428
0.0633359
0.0646599
0.662
0.349878
0.119926
0.662
0.32576
0.332536
0.162811
0.357075
0.662
0.24464
0.207455
0.662
0.662
0.643259
0.662
0.588951
0.417295
0.392145
0.662
0.220197
0.662
0.232422
0.662
0.390942
0.43512
0.240013
0.544912
0.580655
0.195756
0.106157
0.542426
0.526037
0.284838
0.662
0.216796
0.662
0.662
0.459822
0.184675
0.203333
0.662
0.516665
0.0200047
0.211357
0.20198
0.19339
0.662
0.662
0.462319
0.00419985
0.662
0.662
0.382151
0.662
0.0549481
0.21675
0.46102
0.225036
0.662
0.375979
0.662
0.469499
0.17697
0.662
0.313414
0.662
0.182334
0.0407998
0.0886353
0.0328493
0.486547
0.223215
0.458322
0.662
0.246661
0.113662
0.106978
0.289798
0.662
0.362371
0.662
0.211522
0.198571
0.662
0.405228
0.662
0.581323
0.457327
0.662
0.233456
0.256804
0.514613
0.0949628
0.0679894
0.188109
0.352679
0.662
0.662
0.600228
0.662
0.662
0.192492
0.662
0.126359
0.00719515
0.15772
0.662
0.044407
0.662
0.0565384
0.662
0.389159
0.15333
0.423734
0.662
0.123982
0.556241
0.223724
0.473472
0.429761
0.126871
0.0857066
0.366074
0.23365
0.26433
0.355836
0.0192511
0.397569
0.0694658
0.662
0.662
0.0272562
0.38598
0.449453
0.0488489
0.19983
0.662
0.662
0.662
0.662
0.417328
0.419277
0.662
0.662
0.159572
0.662
0.662
0.14271
0.527471
0.173065
0.140553
0.0367196
0.662
0.662
0.662
0.230536
0.208984
0.662
0.0462235
0.662
0.662
0.662
0.467731
0.195142
0.662
0.331894
0.455316
0.662
0.31679
0.278467
0.494249
0.54079
0.422093
0.662
0.662
0.177784
0.0408874
0.384037
0.662
0.229904
0.233665
0.662
0.662
0.0677947
0.217873
0.662
0.0920854
0.662
0.196431
0.255216
0.0858172
0.490563
0.662
0.662
0.188155
0.506653
0.355108
0.662
0.131403
0.169901
0.662
0.662
0.436552
0.138958
0.662
0.164818
0.662
0.662
0.662
0.0505525
0.662
0.662
0.662
0.290569
0.156903
0.662
0.269324
0.332519
0.0187211
0.662
0.556509
0.102033
0.172292
0.46996
0.662
0.232254
0.357334
0.220659
0.662
0.481573
0.172889
0.182626
0.393823
0.358709
0.662
0.23349
0.382861
0.277123
0.662
0.662
0.237819
0.662
0.662
0.185813
0.328438
0.378858
0.0190379
0.162242
0.209241
0.131514
0.662
0.42001
0.220472
0.662
0.220559
0.398033
0.247175
0.6563
0.41544
0.662
0.662
0.289465
0.662
0.0865766
0.257752
0.135312
0.48576
0.208755
0.504123
0.662
0.662
0.612097
0.46908
0.235776
0.662
0.150231
0.312562
0.662
0.662
0.662
0.210344
0.662
0.662
0.439275
0.0177331
0.501458
0.530602
0.0209422
0.662
0.521995
0.114816
0.0742177
0.0208603
0.662
0.0440649
0.662
0.662
0.662
0.381913
0.0999263
0.121249
0.0643091
0.662
0.662
0.532111
0.473629
0.662
0.531938
0.56564
0.523385
0.38967
0.662
0.227012
0.662
0.662
0.560129
0.662
0.426802
0.662
0.311482
0.201442
0.662
0.332847
0.662
0.195057
0.662
0.11156
0.662
0.370061
0.662
0.547982
0.320861
0.662
0.108792
0.662
0.662
0.553247
0.436591
0.662
0.662
0.662
0.353647
0.34859
0.574782
0.0237027
0.0720864
0.662
0.11472
0.0136932
0.662
0.54531
0.193183
0.662
0.318577
0.00428356
0.279879
0.662
0.662
0.662
0.479611
0.233684
0.148977
0.0628703
0.0676701
0.354306
0.639491
0.662
0.662
0.662
0.662
0.229105
0.662
0.221856
0.662
0.146709
0.0677607
0.662
0.636632
0.213032
0.319368
0.101987
0.662
0.523273
0.662
0.391577
0.662
0.194589
0.268018
0.662
0.285004
0.662
0.42298
0.662
0.662
0.662
0.0560943
0.196616
0.432441
0.195657
0.564139
0.662
0.0609829
0.552402
0.200157
0.662
0.662
0.662
0.662
0.0707345
0.662
0.662
0.662
0.0609383
0.323655
0.487481
0.417835
0.4057
0.177961
0.0396331
0.04394
0.206293
0.662
0.62452
0.41787
0.460113
0.371321
0.302476
0.646912
0.360254
0.494124
0.662
0.100652
0.662
0.662
0.102719
0.371042
0.21215
0.662
0.662
0.662
0.277839
0.263935
0.662
0.0550658
0.662
0.662
0.460123
0.242964
0.45969
0.662
0.590752
0.217577
0.109658
0.252252
0.453678
0.426646
0.00223513
0.662
0.24376
0.662
0.239594
0.189647
0.662
0.480882
0.662
0.662
0.446992
0.662
0.662
0.662
0.662
0.662
0.150461
0.662
0.299302
0.0181052
0.662
0.24011
0.662
0.00355071
0.662
0.2383
0.10171
0.662
0.1553
0.429799
0.662
0.662
0.662
0.208554
0.1431
0.0574235
0.662
0.161549
0.662
0.393368
0.463585
0.662
0.662
0.62375
0.365979
0.467819
0.662
0.662
0.640776
0.204053
0.662
0.662
0.264817
0.335626
0.481018
0.662
0.0966937
0.234332
0.662
0.662
0.395273
0.167842
0.662
0.629229
0.662
0.662
0.608236
0.334293
0.258298
0.439488
0.662
0.207468
0.1789
0.35496
0.270756
0.419521
0.662
0.0819723
0.662
0.266477
0.662
0.41202
0.445429
0.662
0.100291
0.662
0.662
0.662
0.206145
0.649311
0.662
0.464897
0.125259
0.0981366
0.662
0.662
0.158044
0.00439417
0.662
0.0826705
0.351151
0.259068
0.586265
0.662
0.662
0.662
0.470656
0.076529
0.242335
0.662
0.283993
0.451607
0.662
0.186916
0.230956
0.372705
0.278384
0.463279
0.204504
0.421419
0.385141
0.360606
0.662
0.662
0.570043
0.198826
0.662
0.38013
0.662
0.662
0.662
0.598711
0.662
0.334046
0.321082
0.662
0.662
0.662
0.662
0.247903
0.078891
0.662
0.662
0.0146383
0.615578
0.662
0.448113
0.662
0.662
0.114427
0.662
0.202269
0.504853
0.073584
0.43249
0.578296
0.370573
0.220934
0.598055
0.231527
0.277978
0.575729
0.662
0.0901716
0.194895
0.405761
0.45312
0.662
0.456726
0.110699
0.00961965
0.00710563
0.662
0.630661
0.662
0.662
0.662
0.662
0.450062
0.662
0.285623
0.662
0.33944
0.257175
0.41648
0.662
0.662
0.662
0.662
0.229733
0.0110219
0.662
0.662
0.451774
0.188133
0.232197
0.662
0.286926
0.662
0.515501
0.446112
0.27278
0.662
0.319881
0.662
0.662
0.448253
0.662
0.237668
0.132987
0.590103
0.34851
0.571412
0.662
0.364279
0.662
0.662
0.50125
0.662
0.409119
0.113298
0.543031
0.435721
0.662
0.637805
0.0171802
0.0333222
0.208929
0.409059
0.222075
0.662
0.0627281
0.662
0.416471
0.0586251
0.662
0.662
0.330997
0.228512
0.662
0.662
0.146754
0.662
0.662
0.155154
0.662
0.662
0.662
0.0396287
0.662
0.30445
0.247935
0.326097
0.324104
0.306046
0.542334
0.207135
0.574563
0.662
0.62653
0.092095
0.662
0.188365
0.395934
0.0140784
0.313198
0.662
0.371418
0.249854
0.229035
0.199864
0.380089
0.662
0.662
0.450843
0.207452
0.514969
0.455301
0.662
0.158124
0.662
0.132945
0.286652
0.0379696
0.544921
0.482942
0.142554
0.57291
0.291764
0.309102
0.366684
0.269363
0.0332948
0.0497244
0.207114
0.662
0.662
0.662
0.367162
0.662
0.0157509
0.175139
0.327273
0.191187
0.662
0.662
0.662
0.0845341
0.42669
0.498302
0.124305
0.662
0.440608
0.662
0.662
0.267026
0.662
0.146216
0.315553
0.662
0.286726
0.662
0.662
0.168171
0.662
0.662
0.662
0.301441
0.429165
0.616278
0.662
0.344682
0.357336
0.289393
0.662
0.286073
0.207401
0.540412
0.20331
0.662
0.0923152
0.0239934
0.662
0.257123
0.662
0.204977
0.0229811
0.172901
0.662
0.0696197
0.386462
0.217796
0.662
0.13138
0.47642
0.662
0.125115
0.662
0.662
0.662
0.370765
0.662
0.28918
0.662
0.662
0.125783
0.662
0.662
0.662
0.662
0.662
0.401424
0.197955
0.360508
0.662
0.455567
0.662
0.662
0.662
0.388577
0.189638
0.146168
0.175383
0.01878
0.410064
0.15041
0.460555
0.662
0.30519
0.662
0.662
0.138573
0.415081
0.312544
0.257286
0.382468
0.184508
0.602078
0.197404
0.436608
0.262533
0.662
0.662
0.569167
0.372725
0.662
0.123398
0.662
0.00411303
0.662
0.662
0.662
0.640436
0.0061013
0.119974
0.662
0.340263
0.402272
0.457797
0.495169
0.662
0.218463
0.662
0.155754
0.459811
0.00421891
0.662
0.504937
0.138064
0.662
0.186753
0.662
0.633545
0.197092
0.0783037
0.662
0.355225
0.117493
0.285077
0.662
0.662
0.662
0.161761
0.0490183
0.150358
0.372936
0.583638
0.305924
0.662
0.662
0.259526
0.335344
0.662
0.227677
0.662
0.662
0.0658772
0.134817
0.32899
0.165819
0.662
0.256815
0.0869456
0.662
0.256355
0.268809
0.662
0.118101
0.299947
0.453631
0.662
0.374238
0.44824
0.662
0.662
0.662
0.266056
0.100388
0.404221
0.350682
0.0709716
0.662
0.451366
0.282482
0.116579
0.110217
0.662
0.662
0.662
0.662
0.662
0.662
0.662
0.410848
0.662
0.425991
0.662
0.662
0.662
0.591327
0.199836
0.141633
0.662
0.662
0.662
0.662
0.662
0.359539
0.450157
0.195743
0.286609
0.662
0.203028
0.502316
0.309583
0.190213
0.306678
0.00239097
0.662
0.662
0.662
0.205547
0.102412
0.0262192
0.662
0.662
0.505737
0.455239
0.175832
0.662
0.360937
0.241107
0.461974
0.260554
0.662
0.101299
0.204972
0.48457
0.106721
0.662
0.662
0.484257
0.0560955
0.662
0.662
0.590693
0.662
0.482362
0.323347
0.662
0.633391
0.179236
0.662
0.256134
0.244648
0.0079186
0.662
0.227243
0.293118
0.0110992
0.662
0.662
0.662
0.662
0.662
0.104599
0.662
0.47549
0.483348
0.296088
0.405224
0.363773
0.0278604
0.662
0.0770029
0.662
0.218066
0.421166
0.662
0.329456
0.35835
0.218638
0.662
0.662
0.186057
0.0729557
0.662
0.662
0.00310528
0.662
0.662
0.226045
0.186814
0.662
0.662
0.0439542
0.586452
0.451862
0.447283
0.599753
0.662
0.502929
0.184373
0.662
0.662
0.662
0.246241
0.154079
0.495768
0.208484
0.10149
0.198088
0.0043455
0.662
0.0321276
0.132269
0.291991
0.662
0.662
0.4509
0.203
0.662
0.662
0.335666
0.662
0.662
0.313374
0.662
0.134858
0.0719118
0.447521
0.662
0.413961
0.301503
0.301519
0.0860265
0.467021
0.662
0.0607844
0.662
0.662
0.121953
0.222086
0.662
0.00024941
0.0927615
0.280602
0.266296
0.41805
0.135863
0.416404
0.662
0.0692465
0.662
0.169676
0.216484
0.496493
0.414962
0.378688
0.0640176
0.662
0.567128
0.0326764
0.662
0.662
0.307283
0.662
0.401014
0.0968857
0.515278
0.307898
0.662
0.317544
0.236567
0.662
0.21606
0.232879
0.608392
0.662
0.662
0.333236
0.416432
0.501988
0.662
0.279151
0.662
0.280301
0.662
0.00467927
0.430304
0.291202
0.211086
0.0499445
0.662
0.20038
0.231602
0.238333
0.378725
0.662
0.662
0.148582
0.662
0.0327627
0.662
0.400411
0.159955
0.329432
0.662
0.662
0.414163
0.640298
0.662
0.0879728
0.299279
0.662
0.531851
0.193924
0.128371
0.310527
0.267638
0.195216
0.308934
0.211711
0.662
0.662
0.181039
0.432687
0.662
0.662
0.428429
0.076674
0.610396
0.583439
0.298032
0.662
0.662
0.131782
0.662
0.205887
0.264379
0.458612
0.335114
0.448089
0.296134
0.662
0.116896
0.38468
0.662
0.0530198
0.662
0.628715
0.662
0.662
0.218429
0.662
0.662
0.662
0.662
0.0994504
0.129895
0.662
0.210826
0.412934
0.662
0.662
0.157149
0.248892
0.311577
0.662
0.50477
