0.230153
0.076848
0.178419
0.253301
0.106061
0.261061
0.106418
0.300538
0.598805
0.64005
0.662
0.0803315
0.129621
0.433613
0.32857
0.235621
0.662
0.313755
0.187913
0.662
0.662
0.404792
0.215929
0.360203
0.662
0.483264
0.218291
0.662
0.00597785
0.224962
0.374863
0.517145
0.662
0.662
0.662
0.662
0.207558
0.0711306
0.631775
0.167569
0.662
0.300839
0.381023
0.0622164
0.662
0.408815
0.206135
0.261359
0.662
0.222015
0.311449
0.00203071
0.121352
0.61324
0.325233
0.368091
0.0369948
0.390647
0.662
0.356951
3.95291e-05
0.619745
0.135122
0.662
0.328578
0.662
0.483323
0.380311
0.306715
0.0741383
0.662
0.002684
0.249174
0.330067
0.488042
0.113361
0.260867
0.662
0.0612675
0.627352
0.0656908
0.0693103
0.662
0.447221
0.463766
0.423025
0.662
0.505283
0.662
0.127087
0.662
0.132207
0.20743
0.131772
0.250375
0.13905
0.131005
0.658914
0.462915
0.211535
0.0715793
0.637559
0.662
0.341172
0.0564582
0.644624
0.189639
0.229218
0.662
0.662
0.22815
0.662
0.141325
