0.655734
0.00719848
0.662
0.562732
0.662
0.452304
0.504677
0.662
0.114375
0.336391
0.662
0.308848
0.472035
0.313637
0.662
0.281098
0.375641
0.449647
0.170708
0.662
0.100399
0.05032
0.207756
0.662
0.179963
0.13682
0.637805
0.662
0.410003
0.355598
0.243782
0.423515
0.0192998
0.015317
0.662
0.579601
0.662
0.662
0.0225089
0.290426
0.662
0.662
0.09618
0.19398
0.617401
0.493969
0.662
0.662
0.272919
0.662
0.0903667
0.274288
0.662
0.437253
0.234735
0.662
0.592154
0.0500729
0.662
0.0013535
0.662
0.445253
0.130935
0.508013
0.662
0.610435
0.399952
0.662
0.117038
0.662
0.287641
0.278091
0.662
0.319888
0.268217
0.192522
0.248642
0.662
0.431051
0.497444
0.662
0.662
0.195882
0.183634
0.366062
0.662
0.352361
0.662
0.662
0.662
0.305645
0.19334
0.0880281
0.662
0.270988
0.0362234
0.541418
0.361839
0.662
0.63789
0.662
0.117308
0.662
0.662
0.0622672
0.566882
0.475492
0.662
0.324858
0.662
0.662
0.205191
0.0564917
0.637454
0.50189
0.257063
0.343643
0.662
0.51543
0.662
0.0874476
0.429361
0.303145
0.186225
0.580541
0.662
0.4776
0.662
0.371239
0.00975864
0.662
0.662
0.450063
0.130997
0.0901174
0.207114
0.041728
0.21018
0.235912
0.112473
0.145919
0.246896
0.662
0.603462
0.662
0.0796558
0.295777
0.37052
0.280522
0.408107
0.118654
0.558392
0.127964
0.437905
0.155479
0.662
0.414174
0.0147936
0.250806
0.0910626
0.662
0.662
0.0894647
0.346247
0.265801
0.662
0.304231
0.0890181
0.258835
0.427189
0.662
0.209764
0.336759
0.662
0.0466822
0.644092
0.662
0.662
0.662
0.0685002
0.662
0.570981
0.662
0.662
0.497987
0.0754517
0.115261
0.246795
0.662
0.662
0.662
0.543226
0.42306
0.129101
0.213129
0.136884
0.00757797
0.387225
0.10781
0.164883
0.662
0.0821006
0.662
0.494267
0.662
0.234088
0.474633
0.286698
0.154287
0.662
0.662
0.662
0.662
0.353504
0.340858
0.662
0.365013
0.662
0.560627
0.156568
0.215323
0.662
0.662
0.662
0.0505102
0.114102
0.628671
0.382604
0.0084285
0.268569
0.0920361
0.457425
0.662
0.131172
0.404792
0.217452
0.166612
0.662
0.555208
0.253285
0.118508
0.42188
0.662
0.353784
0.662
0.199175
0.662
0.465009
0.090236
0.0555087
0.461431
0.132458
0.225448
0.214262
0.610872
0.398591
0.20313
0.0366356
0.377842
0.269389
0.662
0.662
0.0764696
0.662
0.567915
0.192334
0.662
0.082207
0.412081
0.662
0.00961944
0.662
0.535129
0.340609
0.41615
0.0658886
0.382799
0.662
0.662
0.662
0.00738221
0.380867
0.62008
0.0999134
0.0366603
0.662
0.199674
0.662
0.414504
0.194223
0.222528
0.662
0.431299
0.0242772
0.265397
0.28927
0.143065
0.130068
0.0832156
0.662
0.566411
0.247967
0.429423
0.332719
0.662
0.662
0.662
0.662
0.590182
0.0870146
0.32448
0.662
0.557885
0.401434
0.334526
0.662
0.662
0.160299
0.574591
0.190437
0.367597
0.354675
0.141896
0.662
0.662
0.654987
0.17394
0.660398
0.662
0.208676
0.234231
0.662
0.0593498
0.380047
0.558846
0.297921
0.662
0.589724
0.281254
0.101838
0.433872
0.662
0.662
0.662
0.662
0.427687
0.662
0.642789
0.639318
0.662
0.299904
0.423205
0.0100103
0.662
0.491857
0.662
0.662
0.662
0.27338
0.662
0.307583
0.118838
0.313376
0.374963
0.350813
0.163445
0.470179
0.0890225
0.190206
0.368324
0.392707
0.0681497
0.26222
0.662
0.51761
0.604025
0.285817
0.380314
0.330922
0.62674
0.15238
0.541075
0.0775041
0.277906
0.232918
0.164284
0.370886
0.322864
0.662
0.180515
0.224727
0.418451
0.662
0.662
0.662
0.590744
0.165616
0.569534
0.194877
0.651976
0.662
0.662
0.662
0.117165
0.0400137
0.662
0.558081
0.560002
0.662
0.662
0.0944815
0.662
0.662
0.508787
0.239419
0.253252
0.346211
0.37057
0.662
0.259995
0.662
0.276494
0.442036
0.259331
0.662
0.662
0.463952
0.662
0.360346
0.273661
0.662
0.0332768
0.44599
0.662
0.662
0.662
0.0618481
0.243505
0.109086
0.662
0.662
0.580442
0.125523
0.263463
0.0836569
0.662
0.0385943
0.414087
0.649801
0.662
0.662
0.534283
0.662
0.385394
0.662
0.44323
0.229377
0.196996
0.304428
0.662
0.662
0.00035089
0.0695977
0.662
0.629706
0.662
0.431051
0.662
0.662
0.182729
0.662
0.662
0.372025
0.429889
0.662
0.424223
0.134739
0.662
0.662
0.662
0.662
0.439831
0.662
0.662
0.110952
0.287919
0.306751
0.632908
0.0851331
0.662
0.657801
0.661634
0.353313
0.201271
0.308027
0.662
0.53079
0.529341
0.236531
0.129387
0.662
0.0597237
0.662
0.32093
0.392742
0.615405
0.223259
0.662
0.1851
0.662
0.0536095
0.418293
0.0916279
0.662
0.474087
0.662
0.662
0.662
0.620757
0.430353
0.280593
0.662
0.170382
0.0676936
0.662
0.539392
0.286939
0.541349
0.25338
0.662
0.276877
0.195715
0.416443
0.0516608
0.0425003
0.541867
0.0883429
0.662
0.662
0.662
0.020662
0.1475
0.208683
0.662
0.662
0.413633
0.506993
0.132925
0.662
0.113267
0.300408
0.0482591
0.662
0.569046
0.662
0.662
0.0352314
0.662
0.0219498
0.303937
0.662
0.662
0.662
0.46298
0.251182
0.607251
0.109325
0.303517
0.126431
0.662
0.662
0.662
0.249152
0.0325801
0.482904
0.270948
0.00156503
0.211163
0.243885
0.662
0.528754
0.622321
0.662
0.662
0.662
0.662
0.662
0.662
0.148138
0.274616
0.0271997
0.662
0.534663
0.559736
0.537141
0.600386
0.662
0.662
0.18933
0.477552
0.557368
0.662
0.193339
0.525263
0.146191
0.662
0.0913192
0.242949
0.00890213
0.662
0.299735
0.662
0.662
0.343386
0.662
0.662
0.191535
0.265667
0.17967
0.637151
0.0720689
0.188416
0.631775
0.662
0.662
0.298491
0.321491
0.181013
0.402181
0.662
0.662
0.374313
0.662
0.194957
0.615312
0.662
0.662
0.662
0.414459
0.662
0.613204
0.246679
0.65506
0.662
0.0193911
0.203453
0.517986
0.662
0.394539
0.465468
0.377777
0.549047
0.662
0.156766
0.662
0.226697
0.662
0.565294
0.297918
0.662
0.305067
0.190179
0.149346
0.197601
0.662
0.345219
0.447883
0.253827
0.662
0.662
0.662
0.206123
0.662
0.446086
0.0255092
0.662
0.662
0.45828
0.126218
0.116306
0.662
0.332536
0.121653
0.154665
0.356683
0.662
0.517908
0.662
0.662
0.528678
0.662
0.436616
0.0207091
0.637698
0.226838
0.190331
0.437853
0.467115
0.662
0.563417
0.558805
0.4687
0.489169
0.387576
0.182424
0.118366
0.662
0.301857
0.662
0.662
0.311356
0.662
0.204504
0.34186
0.183624
0.662
0.399519
0.150949
0.204329
0.431329
0.662
0.662
0.167013
0.226681
0.617688
0.311324
0.149501
0.295542
0.405719
0.225944
0.662
0.350957
0.662
0.662
0.0411146
0.568628
0.119321
0.0748073
0.221076
0.192679
0.438454
0.662
0.155008
0.113816
0.662
0.327421
0.378698
0.662
0.662
0.0864288
0.662
0.246372
0.662
0.390877
0.0763364
0.103034
0.662
0.173731
0.133592
0.181502
0.149994
0.367206
0.445177
0.662
0.662
0.280715
0.153884
0.570885
0.298264
0.114669
0.662
0.418476
0.291119
0.662
0.599335
0.188613
0.00492133
0.110415
0.381368
0.662
0.662
0.662
0.201624
0.662
0.246291
0.615998
0.662
0.120636
0.0743283
0.662
0.662
0.28682
0.14191
0.336415
0.442846
0.346804
0.662
0.662
0.662
0.439289
0.49456
0.662
0.308144
0.237111
0.662
0.662
0.662
0.427421
0.112909
0.188103
0.0365859
0.0272997
0.289237
0.20502
0.662
0.130006
0.39116
0.336911
0.546142
0.304238
0.662
0.498875
0.662
0.282675
0.643767
0.662
0.516026
0.165766
0.662
0.662
0.453308
0.662
0.63622
0.185813
0.662
0.662
0.662
0.56825
0.140931
0.00417078
0.563436
0.238639
0.103966
0.0739538
0.149151
0.662
0.662
0.171578
0.662
0.611476
0.662
0.402639
0.497708
0.532281
0.305399
0.192881
0.510804
0.309903
0.662
0.246828
0.408862
0.0766064
0.662
0.662
0.10673
0.541187
0.0347375
0.363971
0.555184
0.00670082
0.0608118
0.208038
0.662
0.289904
0.662
0.662
0.378602
0.662
0.645715
0.212976
0.662
0.341137
0.161335
0.662
0.662
0.662
0.662
0.191775
0.218183
0.579425
0.662
0.414932
0.251264
0.0847823
0.662
0.662
0.192707
0.47418
0.662
0.662
0.662
0.38199
0.656196
0.0186358
0.662
0.405785
0.225267
0.138955
0.400836
0.662
0.662
0.368443
0.533787
0.0407333
0.429749
0.662
0.662
0.318501
0.526068
0.662
0.0198462
0.136224
0.662
0.662
0.662
0.19857
0.662
0.194093
0.662
0.400606
0.0533819
0.156295
0.626011
0.282282
0.046922
0.424688
0.372869
0.456992
0.0674939
0.662
0.253787
0.493145
0.183589
0.186208
0.323152
0.662
0.348106
0.522113
0.14647
0.53905
0.0312446
0.662
0.44385
0.0393831
0.0146427
0.662
0.509183
0.112882
0.0400042
0.662
0.138876
0.326527
0.414625
0.18139
0.662
0.383395
0.662
0.662
0.602498
0.441462
0.589792
0.62542
0.271241
0.662
0.320561
0.107793
0.384894
0.210605
0.284355
0.354458
0.662
0.662
0.662
0.662
0.662
0.56778
0.104961
0.662
0.00187858
0.277913
0.662
0.369703
0.457378
0.186406
0.662
0.662
0.662
0.334892
0.662
0.662
0.120975
0.251427
0.492137
0.364655
0.419773
0.37199
0.134052
0.138441
0.4989
0.407153
0.662
0.37905
0.508185
0.237302
0.0177232
0.496047
0.360035
0.0789179
0.662
0.401157
0.662
0.662
0.587741
0.249947
0.662
0.396418
0.486209
0.366486
0.662
0.120933
0.187923
0.662
0.662
0.662
0.224192
0.450203
0.559678
0.662
0.662
0.662
0.662
0.662
0.189687
0.0400923
0.662
0.662
0.648565
0.0918705
0.042764
0.662
0.662
0.0616758
0.662
0.051055
0.662
0.662
0.662
0.420631
0.517607
0.394136
0.282077
0.662
0.662
0.662
0.662
0.662
0.662
0.500887
0.494598
0.0389145
0.662
0.662
0.353456
0.61929
0.246081
0.377303
0.207916
0.271143
0.662
0.662
0.388195
0.662
0.558799
0.193931
0.662
0.518579
0.111133
0.263199
0.662
0.662
0.662
0.662
0.522969
0.342919
0.0132711
0.277397
0.567267
0.42148
0.662
0.662
0.662
0.662
0.287781
0.285188
0.378144
0.354276
0.662
0.34065
0.207615
0.662
0.47819
0.662
0.361375
0.193092
0.265138
0.35381
0.662
0.662
0.0985144
0.239375
0.291454
0.185121
0.108399
0.337137
0.662
0.506331
0.279661
0.050575
0.662
0.662
0.383443
0.0530757
0.420183
0.429934
0.525816
0.662
0.662
0.662
0.306042
0.662
0.662
0.662
0.448249
0.0341624
0.512812
0.427239
0.627439
0.641438
0.234281
0.242239
0.662
0.662
0.588479
0.450446
0.193127
0.428492
0.662
0.19246
0.590012
0.176511
0.463304
0.52606
0.204824
0.662
0.648874
0.568516
0.455604
0.662
0.424477
0.259454
0.257465
0.662
0.127701
0.662
0.447949
0.662
0.151004
0.317339
0.186767
0.662
0.614544
0.0506217
0.622033
0.437563
0.662
0.662
0.482419
0.662
0.241823
0.0907706
0.408915
0.372329
0.662
0.328638
0.662
0.662
0.457819
0.442296
0.662
0.662
0.662
0.290424
0.477134
0.662
0.662
0.662
0.604159
0.167788
0.662
0.646047
0.548473
0.279444
0.536734
0.662
0.188735
0.0985153
0.662
0.20211
0.662
0.393291
0.662
0.42315
0.662
0.140914
0.191295
0.557764
0.662
0.263599
0.586891
0.480218
0.662
0.662
0.164495
0.35142
0.658802
0.432279
0.662
0.140378
0.497704
0.662
0.437613
0.0106966
0.0615234
0.101299
0.477172
0.662
0.208336
0.662
0.20726
0.608895
0.662
0.662
0.662
0.370084
0.055104
0.354421
0.521357
0.206406
0.212894
0.458113
0.426093
0.662
0.53462
0.544997
0.662
0.476993
0.662
0.662
0.249235
0.316247
0.662
0.274721
0.662
0.178067
0.189622
0.662
0.178797
0.0574681
0.391408
0.587153
0.662
0.178019
0.662
0.126654
0.0191133
0.662
0.662
0.662
0.662
0.111311
0.334734
0.0695025
0.181322
0.127724
0.251721
0.662
0.434797
0.316042
0.440536
0.297425
0.439431
0.662
0.431832
0.298005
0.355359
0.662
0.228782
0.209839
0.0812722
0.662
0.128633
0.272246
0.662
0.0420123
0.184558
0.498771
0.371342
0.120905
0.314084
0.608377
0.624042
0.267212
0.0200245
0.228229
0.20883
0.656978
0.326361
0.402649
0.254115
0.662
0.137452
0.278159
0.176424
0.0509955
0.118817
0.499104
0.282179
0.304945
0.662
0.266418
0.662
0.399038
0.155332
0.0479595
0.662
0.466283
0.163134
0.662
0.101453
0.662
0.662
0.662
0.662
0.465012
0.662
0.0898217
0.309925
0.273683
0.662
0.227712
0.11395
0.128875
0.0653337
0.163555
0.397251
0.0906832
0.662
0.0360518
0.662
0.0854251
0.135982
0.662
0.263602
0.662
0.662
0.205532
0.487587
0.627376
0.00361486
0.180481
0.662
0.228617
0.662
0.592681
0.0627372
0.662
0.188843
0.662
0.662
0.662
0.662
0.468086
0.322644
0.132793
0.662
0.0867105
0.249133
0.0632289
0.00725178
0.662
0.632182
0.188487
0.135007
0.130848
0.261086
0.0349232
0.480204
0.662
0.631724
0.248977
0.662
0.0171701
0.390791
0.453534
0.662
0.652899
0.373138
0.353475
0.662
0.200454
0.000409434
0.198154
0.172657
0.390933
0.662
0.189888
0.662
0.38639
0.0850105
0.466103
0.473923
0.320574
0.662
0.210747
0.2425
0.662
0.243737
0.662
0.544407
0.549143
0.238632
0.605738
0.563018
0.218967
0.159505
0.662
0.421113
0.377737
0.601502
0.113749
0.431058
0.662
0.228794
0.431648
0.662
0.662
0.651154
0.463075
0.247991
0.0693103
0.662
0.0920192
0.309473
0.662
0.359864
0.606937
0.662
0.126723
0.103712
0.215211
0.606453
0.652963
0.399277
0.131053
0.662
0.198543
0.662
0.216791
0.306683
0.186429
0.188219
0.61565
0.662
0.662
0.604235
0.185337
0.662
0.662
0.0419169
0.594944
0.624163
0.662
0.171491
0.364537
0.332483
0.148296
0.126283
0.169622
0.188512
0.0262934
0.101597
0.32938
0.236883
0.409623
0.13831
0.662
0.662
0.292074
0.662
0.662
0.031673
0.0185223
0.0814153
0.0400652
0.662
0.651709
0.18416
0.217485
0.438235
0.644909
0.606391
0.662
0.662
0.439786
0.662
0.222496
0.0948721
0.392549
0.383039
0.442537
0.198711
0.662
0.43639
0.592435
0.439772
0.654703
0.414232
0.268048
0.597001
0.662
0.607438
0.614712
0.275277
0.440434
0.229034
0.0560487
0.662
0.662
0.335172
0.662
0.370883
0.105145
0.139644
0.367178
0.486818
0.662
0.662
0.204393
0.661892
0.403978
0.374815
0.228449
0.436354
0.00924112
0.662
0.0438936
0.662
0.218142
0.662
0.662
0.662
0.647224
0.662
0.118704
0.662
0.185458
0.0163664
0.662
0.363477
0.46175
0.118931
0.662
0.0772076
0.662
0.662
0.19759
0.336757
0.18534
0.28972
0.499717
0.662
0.274141
0.198496
0.662
0.18065
0.662
0.662
0.0951107
0.662
0.125839
0.662
0.21096
0.220553
0.662
0.662
0.662
0.0611827
0.573721
0.662
0.348295
0.0849069
0.162405
0.052495
0.581002
0.662
0.120555
0.117876
0.533252
0.499496
0.20339
0.591563
0.662
0.356216
0.130586
0.662
0.106241
0.625722
0.662
0.165825
0.457649
0.300226
0.143166
0.138607
0.205901
0.49266
0.662
0.313869
0.156293
0.662
0.662
0.662
0.221675
0.395201
0.662
0.662
0.607045
0.662
0.0252357
0.213164
0.26448
0.266119
0.287098
0.662
0.453941
0.436047
0.293759
0.662
0.662
0.528674
0.148581
0.521402
0.0344016
0.662
0.662
0.662
0.662
0.662
0.662
0.43786
0.205297
0.458073
0.030198
0.543859
0.0922461
0.336627
0.662
0.456233
0.312646
0.662
0.0563642
0.417941
0.428154
0.662
0.662
0.514534
0.662
0.0166324
0.369781
0.473598
0.662
0.662
0.370684
0.662
0.662
0.389671
0.662
0.210561
0.485289
0.255264
0.485777
0.448068
0.662
0.0184353
0.157393
0.365099
0.0235828
0.662
0.208364
0.662
0.422704
0.458475
0.387212
0.662
0.156084
0.397066
0.662
0.152788
0.662
0.609269
0.27264
0.662
0.662
0.485672
0.116901
0.522636
0.658247
0.238737
0.615325
0.0232345
0.332924
0.175894
0.155475
0.41626
0.662
0.4159
0.662
0.477482
0.548148
0.662
0.40438
0.468623
0.662
0.0107469
0.662
0.619496
0.195527
0.419693
0.536123
0.647195
0.274723
0.491162
0.0684384
0.662
0.662
0.278675
0.37929
0.307053
0.152871
0.217162
0.352423
0.198731
0.214581
0.157948
0.00101295
0.589105
0.662
0.662
0.662
0.170505
0.662
0.233834
0.193211
0.662
0.0943997
0.0640208
0.662
0.467332
0.367653
0.662
0.184684
0.472681
0.662
0.0708249
0.466508
0.263236
0.448678
0.0897986
0.285661
0.662
0.662
0.662
0.471414
0.00225459
0.124083
0.259326
0.662
0.181986
0.337221
0.380968
0.662
0.459154
0.366013
0.230333
0.212205
0.268302
0.0630844
0.0391241
0.612606
0.485697
0.0703991
0.157945
0.370337
0.215097
0.607072
0.662
0.641664
0.662
0.662
0.642942
0.0243851
0.662
0.294718
0.0563187
0.559062
0.41724
0.585518
0.106234
0.415692
0.662
0.278698
0.662
0.662
0.401856
0.662
0.00486328
0.347454
0.662
0.662
0.662
0.544448
0.623906
0.122822
0.00264922
0.345078
0.348435
0.363503
0.450685
0.456911
0.534406
0.320178
0.662
0.198006
0.255658
0.171843
0.472908
0.662
0.108051
0.662
0.662
0.662
0.250126
0.499085
0.270377
0.662
0.662
0.560866
0.662
0.361606
0.662
0.101462
0.419058
0.0637746
0.384293
0.251264
0.662
0.662
0.226159
0.0586584
0.662
0.548493
0.662
0.662
0.618975
0.509007
0.662
0.591494
0.274428
0.655766
0.383198
0.662
0.662
0.45823
0.492698
0.662
0.321203
0.662
0.192021
0.466011
0.540409
0.208658
0.662
0.662
0.662
0.266066
0.0531074
0.662
0.662
0.0704813
0.148939
0.324522
0.457647
0.337699
0.499302
0.503293
0.110089
0.662
0.662
0.662
0.662
0.367913
0.294048
0.561382
0.0898764
0.00740739
0.375808
0.662
0.250873
0.249643
0.662
0.537288
0.309454
0.657705
0.0708084
0.489055
0.488265
0.188075
0.662
0.662
0.0417661
0.252838
0.0629547
0.662
0.313535
0.46915
0.536431
0.347482
0.662
0.276258
0.335299
0.416107
0.211233
0.454919
0.662
0.405962
0.196515
0.662
0.662
0.662
0.455043
0.609133
0.3384
0.57082
0.0628831
0.662
0.662
0.29228
0.200444
0.28416
0.29549
0.262086
0.662
0.30935
0.268857
0.662
0.0608761
0.662
0.186449
0.343965
0.618139
0.662
0.662
0.44855
0.662
0.290382
0.274181
0.270554
0.662
0.662
0.398419
0.0548331
0.662
0.179155
0.0876433
0.0710789
0.662
0.662
0.0807823
0.16134
0.0183591
0.406011
0.393086
0.662
0.662
0.662
0.583697
0.115579
0.473451
0.662
0.0878796
0.662
0.0838205
0.411693
0.662
0.662
0.465214
0.662
0.662
0.662
0.23755
0.662
0.662
0.471713
0.662
0.120564
0.662
0.662
0.400629
0.376894
0.662
0.234817
0.662
0.417185
0.662
0.656578
0.62209
0.662
0.0667787
0.375038
0.403838
0.662
0.662
0.662
0.318018
0.662
0.662
0.55693
0.359898
0.140461
0.581514
0.310092
0.288567
0.662
0.662
0.662
0.397061
0.149175
0.662
0.541651
0.662
0.662
0.662
0.0422459
0.662
0.118194
0.447347
0.540758
0.662
0.662
0.16293
0.612055
0.615047
0.407027
0.662
0.53957
0.662
0.322545
0.662
0.31146
0.662
0.593586
0.471507
0.662
0.149836
0.151542
0.290088
0.0961869
0.662
0.662
0.210953
0.544764
0.662
0.662
0.502549
0.223548
0.435401
0.522798
0.662
0.209914
0.0360167
0.272959
0.192193
0.0587617
0.40473
0.495649
0.0178065
0.662
0.249022
0.0649696
0.662
0.662
0.662
0.334281
0.337698
0.58268
0.447021
0.662
0.362081
0.139337
0.422918
0.118024
0.662
0.546455
0.662
0.437274
0.662
0.318333
0.320164
0.370082
0.152083
0.480254
0.662
0.352802
0.650369
0.00367114
0.581638
0.662
0.662
0.271703
0.662
0.662
0.541984
0.263792
0.662
0.662
0.286007
0.0164201
0.281109
0.160501
0.662
0.471491
0.347358
0.65697
0.662
0.255596
0.413278
0.225266
0.646637
0.603165
0.0509891
0.201818
0.660235
0.662
0.0074963
0.48756
0.222496
0.662
0.186202
0.463293
0.465915
0.128791
0.662
0.125209
0.662
0.193057
0.287964
0.472836
0.662
0.463726
0.479583
0.662
0.613488
0.0452141
0.0282955
0.662
0.662
0.662
0.348549
0.662
0.53322
0.550794
0.00122574
0.662
0.262904
0.662
0.16693
0.500527
0.662
0.662
0.662
0.413922
0.126081
0.659271
0.197396
0.652975
0.212605
0.449559
0.662
0.590349
0.662
0.59975
0.352552
0.185554
0.544114
0.662
0.274156
0.629706
0.513986
0.662
0.476893
0.30947
0.208693
0.0656908
0.450746
0.662
0.662
0.662
0.662
0.27621
0.214662
0.0372155
0.433784
0.20824
0.326597
0.545886
0.661319
0.202893
0.00891038
0.305135
0.662
0.251816
0.37614
0.1774
0.401245
0.265476
0.662
0.245909
0.662
0.234677
0.662
0.314287
0.662
0.336157
0.662
0.379984
0.0543425
0.121166
0.615555
0.14264
0.662
0.483598
0.249531
0.662
0.129102
0.147211
0.512477
0.293462
0.662
0.38446
0.386183
0.662
0.372306
0.378089
0.225043
0.627269
0.662
0.597997
0.542467
0.662
0.427559
0.662
0.491632
0.662
0.662
0.52167
0.228641
0.662
0.260411
0.435244
0.186697
0.22386
0.0142931
0.117934
0.244293
0.142793
0.410668
0.350032
0.662
0.62661
0.662
0.662
0.118863
0.662
0.475467
0.461493
0.662
0.220228
0.363369
0.452291
0.0253097
0.422212
0.662
0.644606
0.662
0.662
0.662
0.662
0.662
0.662
0.662
0.662
0.15735
0.662
0.549753
0.402364
0.469477
0.662
0.543823
0.50362
0.00709321
0.662
0.221933
0.662
0.563652
0.662
0.662
0.293007
0.202092
0.662
0.00547004
0.662
0.560827
0.237177
0.662
0.617814
0.662
0.662
0.662
0.662
0.0831499
0.379249
0.0451761
0.662
0.386651
0.14434
0.337705
0.495344
0.172011
0.253206
0.662
0.662
0.437187
0.0710585
0.602174
0.275542
0.0562288
0.662
0.268691
0.185352
0.28124
0.662
0.662
0.662
0.402196
0.564735
0.347902
0.450462
0.662
0.0330124
0.662
0.542144
0.165574
0.391796
0.0606597
0.142697
0.662
0.197883
0.446032
0.662
0.296892
0.238967
0.658485
0.498161
0.0457877
0.492858
0.211576
0.662
0.662
0.0259736
0.186022
0.662
0.204601
0.64451
0.233642
0.559289
0.662
0.405421
0.662
0.662
0.201356
0.367306
0.112977
0.0517347
0.662
0.575234
0.662
0.486322
0.662
0.206236
0.217475
0.662
0.160618
0.486283
0.662
0.0350413
0.188557
0.21572
0.102741
0.226723
0.0720346
0.662
0.0358221
0.662
0.389676
0.662
0.537609
0.106446
0.368373
0.642158
0.662
0.662
0.259955
0.112978
0.331661
0.177566
0.406648
0.604724
0.400432
0.134007
0.465253
0.00607688
0.457468
0.135711
0.126985
0.410912
0.419355
0.558573
0.662
0.120586
0.271042
0.662
0.4886
0.0728092
0.443388
0.662
0.00310221
0.332064
0.0577619
0.350971
0.320883
0.190412
0.503798
0.662
0.662
0.662
0.0731434
0.126907
0.176613
0.662
0.212995
0.662
0.662
0.662
0.272474
0.502968
0.0417703
0.116321
0.392141
0.662
0.662
0.196313
0.662
0.662
0.264819
0.662
0.662
0.349418
0.662
0.516944
0.120545
0.609443
0.212274
0.662
0.264766
0.662
0.662
0.53141
0.378819
0.662
0.286073
0.45559
0.662
0.159262
0.662
0.0748282
0.662
0.442623
0.57163
0.662
0.662
0.359853
0.621841
0.662
0.351525
0.0358812
0.27224
0.662
0.0880024
0.662
0.139718
0.662
0.662
0.112995
0.293178
0.564318
0.662
0.193826
0.318392
0.662
0.662
0.662
0.644541
0.42539
0.662
0.212877
0.662
0.662
0.662
0.359023
0.662
0.662
0.662
0.275211
0.198575
0.662
0.58527
0.662
0.115884
0.609298
0.442789
0.499393
0.263811
0.662
0.418484
0.662
0.106524
0.662
0.2414
0.610946
0.662
0.496473
0.662
0.412949
0.63435
0.321754
0.662
0.662
0.33279
0.33653
0.662
0.39131
0.449002
0.599118
0.662
0.662
0.12491
0.451092
0.106984
0.424524
0.470616
0.652951
0.585735
0.503614
0.531332
0.467926
0.0850519
0.314908
0.484195
0.183331
0.662
0.103233
0.662
0.662
0.544113
0.0362505
0.458655
0.662
0.172092
0.0207631
0.662
0.118654
0.200305
0.662
0.0852132
0.169587
0.209699
0.424133
0.137964
0.662
0.662
0.132232
0.662
0.524407
0.662
0.662
0.00307346
0.198877
0.465421
0.182786
0.188939
0.315022
0.662
0.662
0.630745
0.497786
0.662
0.355848
0.31344
0.408944
0.658993
0.662
0.0242689
0.411528
0.241459
0.662
0.662
0.662
0.27251
0.447331
0.662
0.192888
0.662
0.483039
0.122928
0.662
0.662
0.0469601
0.662
0.662
0.402906
0.662
0.662
0.0715064
0.535391
0.226703
0.662
0.105086
0.249916
0.662
0.662
0.662
0.662
0.632246
0.662
0.197469
0.662
0.285203
0.662
0.373599
0.203279
0.258128
0.209782
0.435142
0.662
0.433015
0.224748
0.00757357
0.662
0.415497
0.460611
0.117057
0.478691
0.399478
0.143581
0.270774
0.362088
0.368722
0.662
0.357841
0.662
0.662
0.662
0.463102
0.662
0.275639
0.662
0.662
0.0125215
0.662
0.662
0.193527
0.662
0.334972
0.662
0.334787
0.0141114
0.662
0.277835
0.00984946
0.398595
0.583577
0.662
0.0233277
0.351414
0.0940143
0.662
0.281862
0.0530267
0.171069
0.127792
0.604819
0.303632
0.662
0.662
0.16219
0.384574
0.502826
0.662
0.16971
0.186777
0.643476
0.607549
0.123122
0.662
0.662
0.40755
0.34137
0.0287331
0.556241
0.409094
0.231098
0.319682
0.403141
0.662
0.662
0.662
0.662
0.662
0.371364
0.441828
0.306638
0.324224
0.499504
0.554357
0.625221
0.323883
0.662
0.19586
0.0808503
0.242629
0.662
0.662
0.662
0.412094
0.337419
0.471768
0.40395
0.422656
0.447033
0.662
0.103233
0.662
0.662
0.276935
0.0298366
0.476562
0.45353
0.585147
0.280209
0.662
0.38658
0.603888
0.276962
0.662
0.662
0.307425
0.349684
0.662
0.38902
0.222737
0.662
0.662
0.0563409
0.662
0.423651
0.662
0.367658
0.662
0.442319
0.474013
0.595186
0.662
0.341292
0.0734127
0.662
0.44956
0.273617
0.662
0.662
0.662
0.23353
0.662
0.516528
0.159962
0.146712
0.270568
0.250652
0.368011
0.662
0.127286
0.549331
0.567686
0.0361999
0.435858
0.662
0.662
0.363611
0.348147
0.662
0.346476
0.662
0.662
0.461946
0.296161
0.234212
0.358781
0.400641
0.143416
0.542334
0.128415
0.549284
0.496773
0.662
0.48571
0.662
0.662
0.464802
0.662
0.269035
0.385679
0.662
0.453343
0.368067
0.311449
0.426705
0.204747
0.662
0.290998
0.662
0.576851
0.336761
0.530402
0.326688
0.489344
0.662
0.662
0.0972987
0.662
0.0495075
0.363329
0.32565
0.235539
0.141936
0.382085
0.662
0.142104
0.33425
0.110698
0.34736
0.662
0.56239
0.479572
0.662
0.147032
0.662
0.146668
0.0815004
0.662
0.0140115
0.466568
0.662
0.662
0.662
0.227948
0.0784129
0.662
0.480053
0.430033
0.394774
0.237096
0.108518
0.322676
0.662
0.476107
0.209679
0.195605
0.462879
0.23642
0.662
0.288113
0.186894
0.39565
0.657676
0.185637
0.626805
0.125384
0.662
0.662
0.662
0.37645
0.00240572
0.247011
0.147551
0.237548
0.662
0.662
0.662
0.218941
0.119684
0.662
0.662
0.342997
0.267808
0.64318
0.662
0.153611
0.199532
0.438751
0.122196
0.196729
0.500467
0.171104
0.0865072
0.662
0.607573
0.380455
0.301253
0.259357
0.452535
0.00198513
0.544751
0.662
0.425609
0.238168
0.352079
0.145103
0.313544
0.662
0.399403
0.662
0.662
0.463823
0.193348
0.662
0.662
0.471973
0.662
0.662
0.104503
0.631184
0.428133
0.356838
0.428828
0.264669
0.662
0.115118
0.662
0.662
0.400724
0.662
0.226969
0.470605
0.190055
0.662
0.662
0.140756
0.305507
0.457129
0.662
0.473125
0.660779
0.407329
0.662
0.662
0.0369336
0.390563
0.542126
0.260799
0.0765071
0.636324
0.399096
0.662
0.662
0.662
0.662
0.662
0.662
0.429212
0.394025
0.662
0.662
0.0600331
0.662
0.419459
0.300521
0.329516
0.609848
0.274025
0.662
0.662
0.244774
0.662
0.662
0.0242096
0.662
0.609521
0.662
0.662
0.347169
0.177134
0.440838
0.250347
0.0802899
0.662
0.662
0.662
0.650584
0.662
0.444377
0.386792
0.662
0.662
0.0636176
0.662
0.662
0.231142
0.662
0.14207
0.29779
0.141445
0.662
0.19539
0.42924
0.662
0.662
0.0246618
0.232813
0.351089
0.662
0.100085
0.122599
0.662
0.278657
0.662
0.00698223
0.24251
0.662
0.662
0.266753
0.662
0.424379
0.662
0.0202852
0.661372
0.588063
0.662
0.0504245
0.465147
0.662
0.170091
0.379157
0.662
0.328915
0.433247
0.662
0.480151
0.0576429
0.461315
0.662
0.662
0.653213
0.240404
0.177105
0.367019
0.295494
0.116985
0.123238
0.101097
0.662
0.657805
0.662
0.662
0.662
0.662
0.662
0.248397
0.262655
0.114693
0.278379
0.482091
0.662
0.19941
0.662
0.165875
0.0859909
0.662
0.662
0.257474
0.457383
0.662
0.135337
0.662
0.445364
0.398325
0.615148
0.662
0.662
0.396642
0.61852
0.662
0.199339
0.148934
0.662
0.47478
0.515295
0.249588
0.506367
0.0244539
0.422149
0.0113817
0.0379239
0.662
0.510711
0.123188
0.602114
0.402662
0.240579
0.662
0.343209
0.0320569
0.524441
0.2051
0.662
0.551668
0.0529897
0.119483
0.662
0.619462
0.662
0.662
0.372337
0.197999
0.246402
0.662
0.662
0.662
0.141041
0.246011
0.662
0.662
0.344717
0.455452
0.662
0.46736
0.301165
0.662
0.586679
0.290176
0.0344913
0.662
0.225753
0.0983141
0.662
0.257079
0.662
0.662
0.662
0.230924
0.002684
0.254286
0.108811
0.662
0.369964
0.287118
0.662
0.4123
0.437276
0.662
0.300502
0.662
0.662
0.306454
0.532819
0.662
0.574563
0.662
0.662
0.435105
0.109916
0.261679
0.662
0.662
0.387196
0.418608
0.0068763
0.0665469
0.115572
0.192976
0.662
0.324092
0.499074
0.0251563
0.662
0.282561
0.248991
0.504235
0.662
0.270258
0.662
0.174515
0.403956
0.240522
0.357608
0.109307
0.332551
0.662
0.194119
0.319641
0.16745
0.426568
0.662
0.662
0.414082
0.379101
0.662
0.662
0.257767
0.132586
0.425725
0.29121
0.662
0.591444
0.445681
0.655587
0.224704
0.662
0.147691
0.662
0.608542
0.662
0.662
0.467468
0.662
0.662
0.662
0.662
0.0231378
0.0384673
0.219104
0.341669
0.514333
0.185018
0.528479
0.0708209
0.662
0.662
0.394976
0.412991
0.463385
0.120342
0.10587
0.0395739
0.0849359
0.514253
0.646366
0.37003
0.411965
0.662
0.361365
0.662
0.662
0.662
0.343452
0.122445
0.662
0.662
0.662
0.662
0.145815
0.662
0.381308
0.555744
0.568855
0.270673
0.662
0.0657194
0.561255
0.399206
0.283417
0.243126
0.662
0.662
0.206184
0.568457
0.662
0.662
0.0839209
0.338596
0.546392
0.617537
0.662
0.226329
0.567898
0.43169
0.168628
0.460894
0.662
0.662
0.361872
0.0913757
0.536682
0.123065
0.662
0.471478
0.662
0.337117
0.662
0.124203
0.662
0.646135
0.211597
0.398436
0.072257
0.662
0.275279
0.169533
0.119769
0.662
0.000619115
0.00358033
0.662
0.24094
0.662
0.662
0.330703
0.662
0.361309
0.193749
0.284558
0.662
0.662
0.662
0.662
0.662
0.106061
0.45094
0.279787
0.454293
0.662
0.662
0.662
0.19603
0.198445
0.0670435
0.662
0.622826
0.40556
0.662
0.383397
0.662
0.662
0.662
0.662
0.2886
0.491465
0.662
0.242641
0.16584
0.662
0.47245
0.140816
0.662
0.161356
0.204629
0.075876
0.662
0.0523435
0.354449
0.662
0.372727
0.43121
0.299788
0.662
0.220477
0.662
0.259121
0.662
0.391053
0.662
0.263537
0.273114
0.38395
0.662
0.662
0.662
0.2983
0.662
0.123903
0.0958593
0.323632
0.626272
0.662
0.399514
0.662
0.662
0.662
0.151533
0.662
0.201028
0.662
0.195821
0.662
0.662
0.653846
0.0285768
0.662
0.662
0.483921
0.457383
0.0551714
0.0785809
0.24615
0.662
0.360292
0.21801
0.124346
0.304278
0.112822
0.662
0.396969
0.662
0.227645
0.662
0.129367
0.46701
0.355654
0.199724
0.0526614
0.182423
0.0795953
0.662
0.662
0.398013
0.395256
0.662
0.340861
0.662
0.565158
0.189467
0.442432
0.662
0.140789
0.174543
0.662
0.0845574
0.662
0.660066
0.265537
0.0721652
0.286981
0.152908
0.233773
0.662
0.00372256
0.00560857
0.340979
0.259136
0.442034
0.198057
0.662
0.0427218
0.154585
0.662
0.662
0.662
0.414432
0.014809
0.0927586
0.276528
0.662
0.204839
0.326183
0.468933
0.61608
0.635457
0.662
0.059985
0.5701
0.134077
0.25981
0.0336166
0.662
0.385284
0.348825
0.662
0.192459
0.41795
0.367643
0.370288
0.505455
0.257198
0.662
0.587187
0.372922
0.436877
0.199646
0.162179
0.415937
0.662
0.223998
0.0832798
0.662
0.662
0.662
0.179869
0.662
0.26845
0.595515
0.257334
0.662
0.117481
0.662
0.662
0.662
0.153262
0.588458
0.401816
0.646693
0.186337
0.357025
0.265018
0.0265619
0.581685
0.423578
0.662
0.220618
0.662
0.662
0.454133
0.385063
0.376181
0.510896
0.417294
0.662
0.444812
0.184623
0.662
0.662
0.195757
0.662
0.662
0.371803
0.0794822
0.245571
0.621798
0.35722
0.662
0.44195
0.354831
0.528897
0.662
0.0351686
0.0335646
0.0639021
0.662
0.171328
0.175632
0.307416
0.240418
0.662
0.134717
0.662
0.0434595
0.118869
0.589764
0.170534
0.443858
0.223877
0.662
0.644695
0.0532788
0.217815
0.662
0.662
0.372834
0.187372
0.662
0.662
0.602617
0.662
0.269537
0.595778
0.188438
0.412686
0.352062
0.181378
0.422787
0.63394
0.237512
0.413224
0.662
0.431035
0.662
0.662
0.221346
0.662
0.662
0.037804
0.662
0.662
0.552431
0.662
0.108235
0.662
0.0560632
0.375179
0.267189
0.662
0.662
0.247533
0.47086
0.0101056
0.662
0.278765
0.662
0.318617
0.473192
0.662
0.662
0.0106258
0.662
0.417288
0.0736768
0.138312
0.0474416
0.271219
0.219176
0.662
0.662
0.662
0.662
0.267778
0.361398
0.118935
0.136232
0.0296995
0.148234
0.662
0.242617
0.153252
0.066128
0.199152
0.33618
0.374787
0.444326
0.662
0.379254
0.662
0.12194
0.253962
0.377614
0.164168
0.187703
0.46102
0.662
0.386724
0.61324
0.593121
0.662
0.662
0.662
0.662
0.488181
0.264267
0.662
0.355894
0.662
0.50257
0.662
0.513286
0.662
0.191579
0.586674
0.333165
0.433804
0.662
0.662
0.535966
0.662
0.662
0.195489
0.662
0.0091185
0.421487
0.391792
0.442387
0.428447
0.22666
0.662
0.662
0.662
0.227191
0.662
0.662
0.102346
0.662
0.308183
0.662
0.0874642
0.40477
0.283643
0.426708
0.498652
0.46046
0.0895941
0.202159
0.32784
0.0145402
0.662
0.00186915
0.123797
0.384859
0.542637
0.662
0.152636
0.0392358
0.662
0.472531
0.297776
0.662
0.0343701
0.299565
0.384759
0.662
0.613005
0.136007
0.121762
0.159093
0.662
0.662
0.0784827
0.51987
0.662
0.375218
0.511482
0.187274
0.456814
0.612708
0.662
0.0720184
0.274222
0.30624
0.662
0.662
0.227191
0.636418
0.604467
0.606765
0.662
0.662
0.136911
0.201652
0.0537669
0.629862
0.46499
0.615992
0.662
0.388636
0.143187
0.485592
0.417118
0.662
0.145492
0.0162358
0.662
0.449894
0.122386
0.662
0.399362
0.014448
0.662
0.413179
0.530121
0.42389
0.608274
0.220862
0.57581
0.662
0.662
0.662
0.173122
0.304942
0.220926
0.0372965
0.446969
0.319389
0.547027
0.662
0.206748
0.193157
0.00184662
0.662
0.662
0.191573
0.214359
0.352812
0.375522
0.205225
0.662
0.662
0.270519
0.582935
0.280143
0.563363
0.454927
0.662
0.0110284
0.000865398
0.281334
0.662
0.662
0.300743
0.662
0.398036
0.231392
0.662
0.430129
0.305305
0.209775
0.462282
0.662
0.168257
0.662
0.662
0.389095
0.629078
0.662
0.0916581
0.047852
0.0154365
0.467717
0.662
0.285875
0.662
0.661462
0.544226
0.138048
0.13352
0.662
0.465644
0.2158
0.662
0.414629
0.649741
0.450458
0.662
0.662
0.0253907
0.638814
0.662
0.43018
0.655344
0.662
0.134402
0.435354
0.662
0.155277
0.200811
0.26533
0.50387
0.362691
0.176593
0.662
0.0591639
0.662
0.373747
0.231056
0.240032
0.662
0.0545818
0.632005
0.662
0.611457
0.420988
0.662
0.440757
0.0536759
0.0705333
0.662
0.14169
0.179828
0.234773
0.662
0.279906
0.594189
0.272232
0.662
0.436955
0.479351
0.252521
0.662
0.662
0.337503
0.662
0.658485
0.274063
0.662
0.518782
0.278945
0.431209
0.109251
0.202721
0.323948
0.424231
0.434168
0.662
0.457526
0.424768
0.443697
0.503703
0.662
0.274983
0.137773
0.5784
0.662
0.215714
0.662
0.361757
0.662
0.662
0.662
0.662
0.662
0.471482
0.662
0.662
0.359749
0.131396
0.662
0.662
0.311984
0.435209
0.440581
0.624288
0.662
0.662
0.113361
0.662
0.662
0.313791
0.662
0.662
0.192475
0.662
0.662
0.4764
0.314531
0.585242
0.0838561
0.195455
0.662
0.308693
0.324207
0.662
0.421138
0.662
0.542409
0.662
0.219003
0.0903003
0.662
0.662
0.662
0.150993
0.131451
0.21216
0.662
0.662
0.662
0.0560619
0.662
0.000181323
0.662
0.139374
0.0316481
0.662
0.542491
0.662
0.234384
0.221145
0.570197
0.662
0.180518
0.164099
0.237146
0.662
0.520293
0.597348
0.474508
0.47523
0.662
0.447252
0.32923
0.57784
0.531534
0.388098
0.583718
0.662
0.323798
0.373806
0.0697512
0.662
0.00493188
0.421234
0.076585
0.662
0.662
0.229311
0.176723
0.662
0.210423
0.662
0.0930468
0.184856
0.122798
0.662
0.662
0.662
0.373842
0.277602
0.10779
0.662
0.662
0.662
0.662
0.662
0.662
0.662
0.0253582
0.662
0.136595
0.342223
0.521204
0.300388
0.523743
0.0842189
0.662
0.00332952
0.240454
0.171117
0.662
0.315749
0.356883
0.662
0.520962
0.430919
0.362431
0.662
0.073706
0.662
0.0167015
0.662
0.221691
0.185757
0.509073
0.212335
0.384554
0.662
0.211799
0.0261334
0.172741
0.662
0.662
0.444
0.662
0.586709
0.185785
0.0515669
0.246285
0.201664
0.380943
0.662
0.662
0.179637
0.233136
0.277774
0.31136
0.662
0.185551
0.235816
0.179454
0.469551
0.662
0.183947
0.556497
0.599235
0.265054
0.662
0.0782782
0.4007
0.232297
0.593357
0.375959
0.234536
0.545915
0.662
0.662
0.662
0.28532
0.0583934
0.140106
0.662
0.202455
0.662
0.662
0.662
0.588364
0.612394
0.00737315
0.662
0.637504
0.234037
0.410342
0.662
0.662
0.225025
0.255399
0.371572
0.0570629
0.662
0.272718
0.662
0.244927
0.199871
0.221161
0.662
0.635622
0.388667
0.427343
0.125945
0.0182708
0.284822
0.208872
0.070811
0.632282
0.366612
0.662
0.320289
0.662
0.0198489
0.091778
0.24286
0.262526
0.655512
0.662
0.662
0.631602
0.18064
0.662
0.156564
0.00420607
0.176541
0.662
0.662
0.662
0.382109
0.407822
0.662
0.53887
0.662
0.263463
0.615514
0.385156
0.327383
0.370805
0.488625
0.633599
0.311299
0.236373
0.662
0.510512
0.662
0.441966
0.662
0.425108
0.662
0.108162
0.409609
0.202543
0.198879
0.166471
0.0967229
0.00561715
0.463773
0.176593
0.111462
0.405349
0.362541
0.265059
0.219716
0.662
0.662
0.662
0.232142
0.662
0.662
0.532293
0.042388
0.16485
0.662
0.662
0.318244
0.662
0.35508
0.210808
0.660497
0.0184876
0.662
0.157502
0.238439
0.455626
0.609699
0.203291
0.24881
0.187924
0.0852782
0.662
0.534641
0.102893
0.253123
0.633391
0.248016
0.307605
0.662
0.564578
0.662
0.324867
0.662
0.233983
0.19852
0.345788
0.567466
0.0179244
0.185887
0.662
0.595314
0.662
0.178927
0.275426
0.0167933
0.662
0.662
0.662
0.0765824
0.662
0.0904798
0.290979
0.290223
0.520894
0.00670516
0.662
0.662
0.662
0.662
0.65481
0.183347
0.662
0.223973
0.135611
0.662
0.662
0.662
0.535269
0.662
0.189922
0.662
0.213628
0.389287
0.1767
0.11383
0.127018
0.237502
0.320625
0.662
0.18212
0.662
0.238116
0.662
0.303289
0.662
0.662
0.405631
0.0589994
0.0781512
0.355579
0.462062
0.195384
0.662
0.378863
0.30344
0.171011
0.662
0.467926
0.662
0.526175
0.641628
0.662
0.662
0.152033
0.662
0.561926
0.512356
0.662
0.458762
0.398793
0.295669
0.107186
0.323169
0.246759
0.662
0.122495
0.662
0.442731
0.0770462
0.662
0.29277
0.662
0.662
0.662
0.288857
0.662
0.662
0.662
0.167607
0.269323
0.331723
0.174572
0.662
0.4472
0.221841
0.662
0.662
0.470651
0.0546098
0.239824
0.228503
0.26804
0.662
0.662
0.314759
0.662
0.662
0.662
0.37889
0.365189
0.662
0.489726
0.662
0.144232
0.662
0.662
0.33345
0.338402
0.655448
0.404096
0.232944
0.255271
0.206016
0.0362088
0.579255
0.662
0.03172
0.455419
0.156918
0.439584
0.301717
0.0752166
0.239035
0.275721
0.662
0.662
0.662
0.273245
0.662
0.138038
0.662
0.662
0.662
0.430261
0.53713
0.0276159
0.475827
0.40362
0.662
0.30217
0.261865
0.662
0.574199
0.662
0.662
0.0717216
0.0893897
0.305915
0.54166
0.0650569
0.0233698
0.662
0.662
0.609082
0.172032
0.336578
0.662
0.366501
0.627413
0.347918
0.276623
0.662
0.662
0.45216
0.247261
0.662
0.662
0.24342
0.484103
0.662
0.662
0.381357
0.604797
0.26452
0.470556
0.382093
0.112145
0.216954
0.185731
0.662
0.662
0.662
0.650025
0.662
0.662
0.382449
0.14485
0.367123
0.662
0.62356
0.432074
0.662
0.0303007
0.662
0.357906
0.186484
0.398627
0.567302
0.20628
0.314377
0.470765
0.662
0.662
0.662
0.662
0.372845
0.662
0.662
0.662
0.661786
0.662
0.662
0.564127
0.0171679
0.662
0.662
0.348983
0.662
0.0830077
0.175555
0.427208
0.380708
0.662
0.325035
0.662
0.145055
0.662
0.662
0.662
0.662
0.443516
0.188698
0.662
0.24824
0.662
0.579595
0.524548
0.611864
0.132486
0.662
0.320384
0.662
0.287025
0.192364
0.261533
0.637094
0.0423274
0.165102
0.662
0.626294
0.662
0.130945
0.662
0.209992
0.310307
0.304029
0.368145
0.124721
0.452703
0.169174
0.662
0.502064
0.106084
0.0649034
0.207225
0.662
0.383577
0.558645
0.151457
0.467217
0.662
0.177784
0.662
0.330299
0.662
0.111424
0.0726324
0.662
0.662
0.662
0.142186
0.662
0.662
0.639974
0.662
0.662
0.662
0.474093
0.0368473
0.404488
0.209731
0.308837
0.38259
0.205642
0.662
0.662
0.132788
0.289785
0.560107
0.657294
0.413753
0.107477
0.423269
0.662
0.08485
0.31691
0.197454
0.662
0.662
0.567315
0.0457339
0.161127
0.575187
0.348588
0.385265
0.140527
0.662
0.184996
0.485144
0.167992
0.662
0.513878
0.662
0.60634
0.474294
0.662
0.200248
0.167439
0.0352108
0.662
0.122545
0.407385
0.39672
0.459234
0.246212
0.0171856
0.244136
0.338148
3.45701e-05
0.423782
0.662
0.662
0.662
0.462396
0.662
0.662
0.335149
0.662
0.507498
0.662
0.662
0.0613592
0.662
0.662
0.642472
0.103451
0.0221955
0.039692
0.662
0.64171
0.496277
0.2574
0.0573994
0.174964
0.662
0.218594
0.278933
0.579739
0.382793
0.662
0.4179
0.660588
0.327517
0.197307
0.140334
0.0966241
0.33109
0.662
0.662
0.662
0.240648
0.662
0.627247
0.30206
0.662
0.662
0.212988
0.3741
0.662
0.311523
0.164707
0.662
0.662
0.662
0.205838
0.662
0.575997
0.662
0.662
0.662
0.662
0.54358
0.662
0.416342
0.0601824
0.191565
0.11261
0.418579
0.40267
0.662
0.250067
0.381489
0.0374153
0.260183
0.206308
0.197453
0.0250324
0.476802
0.053861
0.0587625
0.65697
0.662
0.212892
0.0253088
0.180672
0.662
0.662
0.297472
0.0168153
0.662
0.250804
0.396865
0.519874
0.198768
0.0709464
0.662
0.252219
0.509153
0.662
0.662
0.403774
0.575696
0.662
0.295267
0.287226
0.385505
0.262812
0.0635659
0.662
0.0707158
0.101005
0.0936536
0.662
0.0960342
0.662
0.554378
0.243001
0.662
0.0705481
0.384632
0.410417
0.560003
0.259512
0.662
0.662
0.0482557
0.662
0.662
0.468287
0.662
0.662
0.0132395
0.258997
0.662
0.335673
0.119517
0.56292
0.556768
0.662
0.662
0.651534
0.0722668
0.579623
0.156515
0.662
0.662
0.662
0.662
0.217322
0.455725
0.0104576
0.494033
0.404269
0.662
0.662
0.608512
0.220051
0.662
0.255991
0.020696
0.269533
0.388253
0.178328
0.148853
0.183797
0.662
0.000157639
0.337248
0.662
0.490281
0.0609533
0.110084
0.250997
0.662
0.0101671
0.418182
0.205372
0.544245
0.0230227
0.662
0.662
0.662
0.662
0.662
0.662
0.445847
0.0440134
0.173671
0.662
0.274959
0.662
0.21124
0.662
0.257582
0.622798
0.662
0.239421
0.202102
0.662
0.00621614
0.662
0.417473
0.536885
0.662
0.188229
0.0310629
0.662
0.198246
0.122445
0.662
0.0908018
0.346581
0.662
0.0368455
0.606283
0.662
0.0225558
0.662
0.156271
0.662
0.662
0.662
0.228727
0.662
0.4568
0.0778483
0.20099
0.662
0.0608548
0.281583
0.11764
0.662
0.292396
0.137764
0.662
0.360553
0.0960001
0.22772
0.466111
0.542657
0.662
0.0689343
0.662
0.662
0.427353
0.197013
0.662
0.191941
0.188293
0.59992
0.0998311
0.193958
0.583497
0.471062
0.571657
0.477085
0.662
0.471556
0.662
0.264485
0.251081
0.236446
0.1377
0.406256
0.510468
0.0303529
0.253884
0.662
0.0610133
0.301809
0.228221
0.0922791
0.18379
0.164021
0.662
0.662
0.247066
0.627081
0.503755
0.576854
0.0117691
0.662
0.260666
0.240668
0.58407
0.662
0.283795
0.662
0.395326
0.43884
0.662
0.390967
0.193002
0.662
0.389669
0.662
0.295987
0.662
0.591443
0.465516
0.530527
0.662
0.460196
0.648692
0.15703
0.662
0.395724
0.405871
0.662
0.0867363
0.173633
0.662
0.445303
0.662
0.136707
0.245741
0.662
0.662
0.211279
0.323213
0.662
0.183258
0.446255
0.0491629
0.0549257
0.330307
0.340011
0.389642
0.662
0.662
0.662
0.662
0.555091
0.321295
0.662
0.445654
0.0616644
0.660297
0.662
0.662
0.662
0.662
0.662
0.14084
0.296897
0.182312
0.0544487
0.497028
0.0658218
0.198713
0.611424
0.198064
0.0546826
0.561547
0.385951
0.261676
0.576204
0.42879
0.319907
0.536162
0.629612
0.662
0.244097
0.495178
0.201636
0.662
0.591668
0.662
0.304701
0.127914
0.286606
0.662
0.167595
0.203926
0.396152
0.325312
0.377787
0.659506
0.107376
0.662
0.662
0.662
0.0199833
0.188347
0.662
0.391016
0.662
0.00983572
0.244887
0.23479
0.662
0.0436216
0.356963
0.298528
0.662
0.662
0.662
0.249893
0.662
0.0191451
0.381144
0.555969
0.538084
0.524732
0.662
0.662
0.399347
0.662
0.488148
0.000100657
0.159701
0.632334
0.662
0.662
0.662
0.391966
0.36217
0.371315
0.395454
0.173955
0.662
0.662
0.364997
0.633694
0.29941
0.409994
0.465651
0.252634
0.467851
0.662
0.171807
0.662
0.218629
0.402548
0.19687
0.330088
0.338193
0.662
0.662
0.307989
0.31903
0.455867
0.662
0.030953
0.0566364
0.225039
0.613237
0.620892
0.662
0.20566
0.655079
0.662
0.662
0.49184
0.466209
0.662
0.662
0.349812
0.337919
0.662
0.0854428
0.105454
0.662
0.662
0.662
0.302752
0.347077
0.33008
0.432731
0.662
0.328064
0.0668786
0.320654
0.567722
0.662
0.662
0.367254
0.662
0.662
0.662
0.18467
0.662
0.166602
0.662
0.662
0.0514015
0.133373
0.23351
0.662
0.662
0.554736
0.662
0.138502
0.359269
0.662
0.662
0.191835
0.662
0.172211
0.428047
0.137659
0.662
0.662
0.202952
0.662
0.662
0.0687547
0.662
0.662
0.662
0.0614218
0.35362
0.662
0.662
0.662
0.662
0.309165
0.662
0.662
0.383672
0.662
0.157775
0.503857
0.662
0.662
0.21733
0.662
0.662
0.527965
0.0414239
0.662
0.662
0.26027
0.662
0.62897
0.243979
0.199592
0.502809
0.000933679
0.662
0.662
0.662
0.662
0.662
0.489129
0.571385
0.662
0.662
0.276539
0.00164344
0.662
0.233102
0.173731
0.0825251
0.366367
0.147444
0.662
0.320618
0.113112
0.662
0.151346
0.500011
0.375948
0.311549
0.662
0.287211
0.27716
0.533866
0.532084
0.27322
0.548016
0.335187
0.662
0.662
0.0877914
0.425234
0.606754
0.402861
0.516199
0.0370184
0.662
0.662
0.197934
0.455724
0.439647
0.147924
0.662
0.662
0.319248
0.0927825
0.621144
0.00707353
0.575682
0.382982
0.15603
0.412567
0.306243
0.662
0.662
0.348072
0.662
0.391662
0.356143
0.662
0.124758
0.662
0.379235
0.218708
0.478648
0.592636
0.600539
0.45116
0.662
0.561277
0.444577
0.662
0.209663
0.180295
0.546971
0.232877
0.00353889
0.134897
0.235021
0.662
0.662
0.662
0.183285
0.627227
0.472062
0.662
0.473317
0.662
0.203393
0.311861
0.662
0.301769
0.112355
0.456714
0.657979
0.626226
0.175952
0.244828
0.662
0.662
0.191622
0.396191
0.627352
0.405446
0.662
0.599929
0.446869
0.123344
0.557424
0.0453698
0.387358
0.662
0.662
0.662
0.3088
0.662
0.662
0.662
0.271554
0.662
0.406124
0.598402
0.0758552
0.662
0.662
0.44516
0.172932
0.234301
0.662
0.343536
0.662
0.528667
0.662
0.0593867
0.397087
0.662
0.662
0.428644
0.463517
0.662
0.662
0.662
0.429477
0.256406
0.432993
0.662
0.191979
0.407605
0.662
0.0899237
0.662
0.662
0.408017
0.519924
0.449807
0.262999
0.060343
0.662
0.433315
0.155124
0.15208
0.0752227
0.225741
0.662
0.407835
0.662
0.269299
0.292585
0.369635
0.662
0.662
0.662
0.422983
0.256722
0.662
0.662
0.662
0.0870163
0.662
0.472538
0.25334
0.340493
0.287843
0.603346
0.00870565
0.396302
0.662
0.656523
0.662
0.434036
0.576438
0.662
0.472009
0.662
0.184749
0.353777
0.62152
0.458992
0.633714
0.532425
0.662
0.662
0.047788
0.560936
0.662
0.662
0.304353
0.221391
0.662
0.662
0.662
0.15052
0.662
0.543265
0.395215
0.662
0.416186
0.185829
0.338471
0.0716726
0.0727505
0.224999
0.662
0.662
0.662
0.662
0.454932
0.340009
0.662
0.0609476
0.662
0.580204
0.662
0.662
0.470059
0.397223
0.337077
0.59547
0.238735
0.662
0.00395006
0.662
0.146927
0.229914
0.325442
0.651259
0.659915
0.662
0.446147
0.662
0.0156622
0.148135
0.477449
0.346553
0.387627
0.662
0.427182
0.537755
0.127278
0.192124
0.662
0.662
0.417883
0.662
0.389005
0.662
0.383154
0.450505
0.411176
0.102628
0.133555
0.387899
0.662
0.662
0.179164
0.662
0.487012
0.662
0.662
0.213023
0.388073
0.662
0.386348
0.434989
0.463825
0.0169683
0.278878
0.662
0.238165
0.662
0.662
0.364237
0.662
0.662
0.310432
0.373408
0.153989
0.16801
0.662
0.662
0.662
0.524792
0.662
0.645719
0.400785
0.0782102
0.269093
0.517145
0.617265
0.662
0.463969
0.156989
0.662
0.439218
0.180624
0.662
0.00476588
0.643813
0.662
0.429856
0.662
0.662
0.515903
0.662
0.662
0.662
0.662
0.662
0.201722
0.662
0.187829
0.662
0.662
0.236268
0.662
0.525228
0.662
0.662
0.287437
0.333083
0.662
0.662
0.662
0.662
0.662
0.656489
0.331116
0.574233
0.662
0.662
0.662
0.662
0.63414
0.662
0.662
0.266401
0.662
0.17251
0.297514
0.662
0.222198
0.460604
0.196928
0.662
0.348435
0.385287
0.662
0.662
0.00360765
0.662
0.425316
0.413191
0.662
0.302576
0.405317
0.662
0.192393
0.662
0.331699
0.648764
0.220093
0.662
0.122382
0.00997801
0.259633
0.467504
0.37728
0.662
0.662
0.230969
0.662
0.310352
0.268938
0.593382
0.0343729
0.320291
0.662
0.381329
0.662
0.662
0.172591
0.662
0.546626
0.598416
0.0995591
0.100531
0.662
0.662
0.305869
0.205176
0.662
0.0450597
0.405397
0.243641
0.662
0.128813
0.199011
0.59359
0.476512
0.662
0.662
0.188379
0.662
0.054688
0.662
0.467273
0.471843
0.301122
0.217589
0.662
0.662
0.138972
0.231703
0.662
0.643399
0.000909037
0.362703
0.662
0.198633
0.0335967
0.628444
0.662
0.414658
0.662
0.662
0.600126
0.106668
0.0343765
0.220428
0.12662
0.275507
0.151737
0.255104
0.31696
0.526596
0.538737
0.143438
0.432954
0.122741
0.353194
0.0226948
0.662
0.518108
0.662
0.662
0.191942
0.378642
0.261358
0.267126
0.292682
0.662
0.662
0.662
0.308367
0.271228
0.129847
0.662
0.392464
0.662
0.653274
0.0415849
0.662
0.662
0.662
0.662
0.662
0.662
0.662
0.662
0.36464
0.662
0.138574
0.662
0.0306779
0.662
0.184472
0.515755
0.662
0.662
0.443818
0.136375
0.662
0.662
0.662
0.15312
0.662
0.496196
0.560532
0.662
0.00286882
0.501995
0.662
0.662
0.0373087
0.635064
0.474273
0.302855
0.662
0.662
0.32622
0.449398
0.662
0.662
0.544735
0.662
0.500686
0.4837
0.525959
0.405625
0.533027
0.662
0.418249
0.0450282
0.0573362
0.662
0.662
0.376291
0.57623
0.378341
0.659339
0.473287
0.0312437
0.662
0.348808
0.662
0.662
0.274512
0.119107
0.627147
0.0280826
0.0622212
0.237565
0.662
0.662
0.166172
0.371981
0.373975
0.662
0.662
0.662
0.195748
0.0383569
0.662
0.14965
0.662
0.483021
0.567095
0.489884
0.271957
0.320001
0.662
0.261702
0.633882
0.0360092
0.0846642
0.662
0.24486
0.662
0.212165
0.662
0.303143
0.0762103
0.275334
0.662
0.158965
0.191612
0.662
0.33057
0.487408
0.400876
0.662
0.662
0.177187
0.662
0.316709
0.662
0.433809
0.053275
0.183887
0.103101
0.0790307
0.333102
0.662
0.662
0.662
0.662
0.662
0.453272
0.233772
0.207071
0.169201
0.613375
0.662
0.343534
0.559633
0.662
0.662
0.642017
0.636521
0.662
0.662
0.662
0.437833
0.662
0.662
0.662
0.18803
0.27016
0.302622
0.2021
0.264193
0.439946
0.662
0.128819
0.662
0.552992
0.0333048
0.314873
0.662
0.136697
0.662
0.404673
0.662
0.163423
0.498982
0.194117
0.116881
0.0106735
0.486435
0.662
0.323323
0.662
0.437031
0.116314
0.662
0.662
0.662
0.662
0.465681
0.662
0.240527
0.662
0.31622
0.291562
0.247279
0.0896835
0.430623
0.662
0.326126
0.662
0.504
0.424771
0.320209
0.386458
0.662
0.218574
0.559579
0.16373
0.549009
0.469789
0.662
0.662
0.260214
0.196694
0.662
0.311459
0.488392
0.194273
0.662
0.582927
0.662
0.232652
0.10052
0.627551
0.662
0.481498
0.237497
0.662
0.413998
0.306148
0.2691
0.635408
0.321999
0.294763
0.449263
0.339271
0.662
0.662
0.662
0.325207
0.216705
0.204221
0.469752
0.662
0.561694
0.392419
0.654857
0.662
0.111935
0.349869
0.451433
0.662
0.328401
0.316334
0.461227
0.179704
0.314626
0.662
0.144528
0.158184
0.107391
0.662
0.662
0.0177637
0.21214
0.0573711
0.333347
0.662
0.641996
0.453718
0.535921
0.0162766
0.198558
0.0450898
0.5481
0.662
0.196301
0.423115
0.213185
0.423652
0.188996
0.662
0.662
0.662
0.662
0.206081
0.199753
0.644914
0.326467
0.662
0.456047
0.238786
0.333144
0.47751
0.662
0.567359
0.571317
0.17785
0.662
0.662
0.662
0.337305
0.169533
0.605759
0.662
0.264069
0.125643
0.662
0.111941
0.44316
0.372616
0.662
0.662
0.158269
0.662
0.662
0.662
0.336207
0.185935
0.662
0.183126
0.662
0.662
0.436289
0.474537
0.130142
0.607177
0.461867
0.662
0.226869
0.662
0.662
0.124466
0.662
0.25178
0.662
0.598544
0.662
0.579364
0.662
0.662
0.60838
0.662
0.662
0.662
0.662
0.401683
0.662
0.662
0.516629
0.49358
0.662
0.163101
0.183311
0.35377
0.150197
0.662
0.662
0.662
0.569955
0.632346
0.173897
0.662
0.299169
0.53286
0.352452
0.0446919
0.049245
0.0860445
0.159838
0.314421
0.280596
0.558482
0.229883
0.662
0.470159
0.604144
0.662
0.662
0.662
0.306497
0.386749
0.339792
0.662
0.450714
0.341169
0.402826
0.662
0.157297
0.1047
0.591532
0.281875
0.00624315
0.00984631
0.662
0.163094
0.248571
0.504276
0.662
0.556008
0.662
0.13322
0.428908
0.662
0.662
0.662
0.286784
0.201797
0.19409
0.344646
0.662
0.596862
0.292302
0.378503
0.146279
0.478682
0.662
0.662
0.0228008
0.662
0.662
0.662
0.662
0.427181
0.533865
0.24346
0.662
0.077836
0.252799
0.100972
0.393106
0.662
0.105919
0.366977
0.356385
0.247815
0.441756
0.662
0.662
0.303983
0.087915
0.446868
0.159471
0.408486
0.492798
0.662
0.166494
0.662
0.202164
0.280395
0.181668
0.500985
0.535981
0.364298
0.662
0.0268966
0.253515
0.353639
0.450452
0.662
0.662
0.662
0.662
0.494314
0.398714
0.0686455
0.370812
0.31837
0.409396
0.662
0.593075
0.163182
0.662
0.662
0.602391
0.643174
0.662
0.662
0.662
0.187459
0.0803315
0.662
0.662
0.633835
0.470061
0.1472
0.662
0.4868
0.662
0.662
0.662
0.662
0.141906
0.662
0.662
0.662
0.187422
0.195569
0.112399
0.662
0.339972
0.0665586
0.662
0.662
0.519873
0.0548421
0.193827
0.103779
0.662
0.662
0.310872
0.307642
0.277616
0.555519
0.662
0.342263
0.287843
0.150894
0.245628
0.662
0.265596
0.0756119
0.038149
0.185908
0.662
0.279831
0.662
0.152325
0.289018
0.551311
0.605808
0.662
0.410652
0.322168
0.462099
0.460883
0.662
0.298313
0.478473
0.662
0.662
0.662
0.375027
0.061852
0.380081
0.662
0.128792
0.197565
0.662
0.662
0.662
0.662
0.158042
0.483264
0.225846
0.378331
0.662
0.662
0.117229
0.662
0.183666
0.188316
0.144874
0.662
0.466224
0.25809
0.566152
0.390297
0.400024
0.662
0.0292805
0.662
0.390366
0.248185
0.662
0.111817
0.662
0.29152
0.662
0.475837
0.143709
0.327293
0.662
0.662
0.662
0.57369
0.662
0.662
0.662
0.540646
0.144005
0.158289
0.279891
0.66002
9.36399e-05
0.423009
0.238075
0.55613
0.180607
0.56857
0.288886
0.662
0.662
0.662
0.662
0.529008
0.662
0.103656
0.267732
0.662
0.662
0.320132
0.0239747
0.662
0.662
0.662
0.291582
0.201282
0.397677
0.234462
0.201974
0.662
0.473803
0.395397
0.662
0.662
0.363561
0.386503
0.662
0.662
0.662
0.662
0.217289
0.0273675
0.249373
0.231172
0.0958563
0.662
0.310578
0.662
0.662
0.662
0.103007
0.32767
0.167549
0.284736
0.662
0.662
0.316653
0.662
0.662
0.363043
0.515473
0.177566
0.241501
0.166709
0.169502
0.269476
0.662
0.662
0.538161
0.592406
0.201386
0.662
0.647792
0.662
0.662
0.169129
0.00590495
0.0392991
0.476833
0.662
0.190213
0.537235
0.245167
0.437473
0.22123
0.374065
0.662
0.662
0.323528
0.205053
0.21375
0.327952
0.19987
0.173986
0.324981
0.459008
0.662
0.662
0.0146871
0.662
0.588355
0.36634
0.254593
0.469777
0.149288
0.662
0.662
0.0111813
0.0984463
0.443362
0.478743
0.662
0.270154
0.216044
0.659251
0.662
0.662
0.00780502
0.225836
0.280356
0.632275
0.662
0.205488
0.284866
0.462339
0.310423
0.31044
0.000664317
0.662
0.289118
0.662
0.472216
0.662
0.133715
0.662
0.662
0.511303
0.662
0.1092
0.627846
0.415748
0.0397092
0.645686
0.0512683
0.430916
0.552491
0.196439
0.608678
0.19745
0.223263
0.187538
0.370898
0.394813
0.208912
0.503043
0.436314
0.662
0.291624
0.23109
0.662
0.205895
0.662
0.163364
0.135893
0.165589
0.461489
0.313413
0.293083
0.226551
0.24653
0.439641
0.662
0.431541
0.138233
0.662
0.638968
0.662
0.662
0.662
0.43539
0.662
0.0783208
0.662
0.662
0.662
0.066805
0.662
0.0937533
0.192661
0.138205
0.264565
0.481744
0.41575
0.0977938
0.662
0.662
0.382778
0.6058
0.662
0.126758
0.0353816
0.359214
0.0145178
0.30784
0.662
0.355987
0.192477
0.439538
0.422113
0.662
0.662
0.141429
0.0178042
0.60291
0.291976
0.662
0.662
0.289674
0.221655
0.662
0.486995
0.198882
0.0648567
0.662
0.662
0.0313464
0.131906
0.662
0.189673
0.113391
0.662
0.442152
0.662
0.210263
0.271846
0.315453
0.179549
0.319556
0.565819
0.289615
0.662
0.255145
0.204363
0.484844
0.0724602
0.117336
0.514533
0.583271
0.0549432
0.237453
0.301467
0.662
0.649678
0.662
0.662
0.326946
0.662
0.621874
0.453641
0.662
0.434928
0.390495
0.225189
0.662
0.445409
0.457369
0.307542
0.417363
0.662
0.266416
0.620719
0.384497
0.214186
0.140865
0.505595
0.625315
0.227146
0.21187
0.621845
0.468225
0.662
0.610148
0.163585
0.662
0.241172
0.315221
0.193814
0.26355
0.239516
0.591574
0.662
0.548453
0.662
0.212416
0.662
0.0902688
0.363335
0.662
0.471073
0.180691
0.353445
0.190555
0.662
0.213757
0.662
0.662
0.202038
0.662
0.636727
0.662
0.103489
0.100349
0.142903
0.245697
0.358941
0.240299
0.662
0.273245
0.55179
0.631332
0.477438
0.596985
0.662
0.315239
0.191141
0.362173
0.662
0.339542
0.662
0.388473
0.10695
0.247036
0.662
0.185867
0.412417
0.640501
0.0979733
0.57015
0.467356
0.331409
0.589155
0.662
0.225455
0.662
0.242445
0.559217
0.662
0.311721
0.662
0.156508
0.662
0.228698
0.0341685
0.662
0.662
0.301749
0.175337
0.662
0.335803
0.263544
0.215946
0.126908
0.605666
0.37438
0.154033
0.147968
0.662
0.662
0.662
0.320702
0.0986633
0.662
0.662
0.31393
0.501631
0.35084
0.662
0.0968642
0.114396
0.662
0.662
0.400058
0.282685
0.147574
0.0692194
0.179043
0.662
0.293391
0.275
0.319523
0.194969
0.662
0.352339
0.191946
0.0983694
0.662
0.417484
0.251862
0.662
0.662
0.198058
0.577519
0.127429
0.662
0.428292
0.035535
0.662
0.662
0.662
0.291867
0.582462
0.202113
0.396872
0.662
0.662
0.616496
0.203201
0.662
0.662
0.201456
0.0604593
0.662
0.3708
0.662
0.662
0.227881
0.188703
0.621506
0.662
0.662
0.662
0.662
0.662
0.451547
0.662
0.0871258
0.415684
0.6609
0.662
0.658974
0.247769
0.505819
0.662
0.0708086
0.134746
0.662
0.638267
0.414305
0.0572052
0.662
0.00590166
0.135602
0.0436758
0.184638
0.662
0.408571
0.622178
0.338817
0.662
0.44642
0.662
0.60585
0.198527
0.662
0.161209
0.662
0.422905
0.662
0.446947
0.662
0.0467908
0.662
0.309863
0.395023
0.236098
0.537526
0.256198
0.392026
0.622671
0.388677
0.0891995
0.254272
0.662
0.179005
0.662
0.318509
0.0773521
0.180063
0.662
0.428515
0.0911366
0.662
0.662
0.0872252
0.662
0.662
0.304506
0.646839
0.022863
0.662
0.061442
0.087086
0.662
0.662
0.576426
0.335353
0.176925
0.343779
0.431989
0.157003
0.662
0.0187524
0.662
0.17055
0.662
0.662
0.662
0.353755
0.278888
0.162932
0.111152
0.2002
0.662
0.371665
0.662
0.179642
0.320836
0.148676
0.662
0.486399
0.582716
0.662
0.239155
0.662
0.395201
0.651141
0.662
0.586945
0.662
0.61335
0.662
0.448801
0.662
0.662
0.078728
0.346541
0.177825
0.0773307
0.662
0.478657
0.181508
0.662
0.516787
0.211185
0.661231
0.662
0.368992
0.526713
0.579721
0.473187
0.575112
0.105763
0.521139
0.662
0.169946
0.662
0.48251
0.00358183
0.662
0.179805
0.662
0.662
0.662
0.662
0.662
0.303464
0.435704
0.231297
0.0646209
0.159702
0.454296
0.662
0.212977
0.662
0.662
0.662
0.662
0.0732688
0.00909349
0.29313
0.131572
0.662
0.662
0.294765
0.278042
0.662
0.373052
0.662
0.250801
0.304998
0.662
0.370557
0.637559
0.662
0.291983
0.172231
0.609217
0.49802
0.662
0.102943
0.322336
0.192227
0.662
0.34109
0.662
0.662
0.662
0.243005
0.662
0.662
0.613989
0.631748
0.662
0.662
0.151285
0.197923
0.378454
0.16874
0.292428
0.253425
0.279277
0.662
0.662
0.662
0.662
0.448328
0.291694
0.662
0.079942
0.662
0.487606
0.662
0.662
0.662
0.662
0.390472
0.521669
0.00891463
0.662
0.662
0.662
0.451026
0.281409
0.42122
0.34548
0.513935
0.222825
0.407473
0.662
0.302994
0.0245719
0.449055
0.388533
0.13479
0.662
0.198087
0.662
0.662
0.662
0.506356
0.404676
0.0925855
0.229168
0.445992
0.662
0.662
0.0957844
0.662
0.0253726
0.135071
0.439958
0.314435
0.407964
0.175394
0.320028
0.162125
0.00311553
0.084898
0.0772326
0.388665
0.0559553
0.662
0.662
0.662
0.00806404
0.099584
0.496146
0.404845
0.218885
0.267935
0.629679
0.662
0.603413
0.662
0.106803
0.662
0.088162
0.662
0.400678
0.452851
0.227147
0.180544
0.395349
0.5307
0.107732
0.662
0.662
0.553884
0.119275
0.662
0.386227
0.42295
0.11898
0.618724
0.291543
0.411607
0.0368702
0.662
0.336767
0.34677
0.662
0.231657
0.662
0.662
0.364304
0.660619
0.662
0.598061
0.214404
0.662
0.122101
0.335276
0.481826
0.662
0.65212
0.662
0.31482
0.200684
0.662
0.662
0.662
0.662
0.341225
0.662
0.662
0.212163
0.457868
0.263215
0.179355
0.662
0.246207
0.316636
0.662
0.575314
0.269676
0.267472
0.10004
0.657195
0.443504
0.662
0.662
0.280895
0.190418
0.662
0.662
0.662
0.0205781
0.662
0.131377
0.141548
0.0591735
0.0802596
0.566415
0.3342
0.662
0.662
0.512434
0.28013
0.662
0.114796
0.0607349
0.662
0.092229
0.662
0.515935
0.662
0.662
0.641856
0.662
0.20784
0.662
0.122058
0.154512
0.110455
0.110211
0.662
0.219261
0.662
0.256858
0.55955
0.662
0.662
0.122358
0.0281849
0.662
0.662
0.286846
0.595152
0.188136
0.662
0.662
0.662
0.16486
0.631946
0.527463
0.255338
0.262336
0.662
0.113938
0.230183
0.487329
0.18337
0.662
0.295588
0.152423
0.283263
0.662
0.332578
0.662
0.662
0.46653
0.662
0.417226
0.415695
0.06116
0.605156
0.08882
0.441564
0.187527
0.287262
0.281656
0.662
0.662
0.238887
0.662
0.164908
0.429026
0.202167
0.662
0.285034
0.58984
0.170128
0.223463
0.467851
0.291698
0.662
0.499302
0.662
0.318564
0.109674
0.662
0.640995
0.662
0.662
0.156831
0.128495
0.662
0.662
0.662
0.389217
0.662
0.0130864
0.648356
0.662
0.00185583
0.662
0.186998
0.456193
0.626488
0.345842
0.662
0.662
0.335229
0.0224558
0.662
0.662
0.662
0.286612
0.469987
0.216538
0.631312
0.110104
0.662
0.27331
0.348171
0.662
0.53283
0.178756
0.471937
0.0853931
0.222223
0.456335
0.662
0.662
0.614576
0.411399
0.662
0.662
0.476171
0.625701
0.452161
0.662
0.434942
0.305725
0.294138
0.633694
0.651393
0.201027
0.593829
0.372608
0.250607
0.215989
0.649202
0.597846
0.469829
0.32345
0.662
0.188227
0.432606
0.317074
0.662
0.3074
0.662
0.662
0.287126
0.0319508
0.662
0.662
0.483278
0.461758
0.352965
0.235621
0.662
0.632518
0.0859616
0.662
0.0805178
0.239011
0.538446
0.519227
0.306099
0.662
0.161427
0.237495
0.180792
0.662
0.662
0.662
0.662
0.446587
0.197008
0.18579
0.183998
0.65944
0.662
0.662
0.255625
0.662
0.0907734
0.662
0.262417
0.662
0.662
0.168827
0.662
0.662
0.362898
0.662
0.323278
0.0545642
0.0984409
0.662
0.662
0.662
0.662
0.662
0.662
0.189228
0.14342
0.0129251
0.662
0.662
0.429149
0.238558
0.662
0.0964286
0.00344401
0.0351199
0.40397
0.328366
0.662
0.662
0.404312
0.0877103
0.662
0.274128
0.543609
0.425655
0.283998
0.662
0.0629812
0.662
0.662
0.12401
0.661134
0.442923
0.434773
0.376787
0.355946
0.0334334
0.121118
0.584334
0.22272
0.545629
0.662
0.662
0.662
0.662
0.662
0.357425
0.662
0.131041
0.275426
0.555819
0.662
0.193755
0.473469
0.662
0.249678
0.223464
0.662
0.158352
0.287697
0.662
0.199694
0.277542
0.35334
0.240927
0.170497
0.138098
0.662
0.662
0.662
0.662
0.662
0.306103
0.222635
0.432124
0.662
0.176429
0.662
0.574236
0.662
0.662
0.317084
0.662
0.0575932
0.311865
0.378971
0.617168
0.210989
0.19345
0.662
0.445363
0.317441
0.662
0.474682
0.215549
0.435111
0.662
0.281219
0.662
0.334934
0.303011
0.470846
0.662
0.662
0.308843
0.456058
0.182393
0.202824
0.445577
0.0559643
0.0997464
0.173827
0.602719
0.0419066
0.662
0.138743
0.543691
0.33496
0.0226995
0.662
0.124216
0.662
0.662
0.161656
0.221861
0.662
0.391042
0.18734
0.662
0.662
0.33865
0.240581
0.662
0.339428
0.254391
0.351694
0.106483
0.212934
0.204213
0.662
0.662
0.276628
0.440265
0.662
0.328721
0.662
0.249153
0.469734
0.568792
0.662
0.426979
0.0487087
0.189464
0.19122
0.662
0.662
0.504019
0.208483
0.662
0.228532
0.662
0.548072
0.662
0.662
0.296037
0.242004
0.0302655
0.464029
0.543424
0.402032
0.662
0.200424
0.662
0.662
0.656522
0.533409
0.218603
0.0628189
0.662
0.4765
0.662
0.0158977
0.662
0.662
0.662
0.318312
0.662
0.234704
0.596391
0.31299
0.134388
0.488059
0.662
0.662
0.662
0.662
0.225449
0.604455
0.48671
0.11027
0.197159
