0.662
0.250072
0.167914
0.158815
0.263686
0.131189
0.345029
0.18891
0.584378
0.384834
0.646669
0.0587618
0.203924
0.0340632
0.438474
0.662
0.291231
0.259649
0.662
0.355709
0.23521
0.0599853
0.662
0.365518
0.107769
0.662
0.146883
0.191148
0.247083
0.0658846
0.662
0.0546912
0.395952
0.662
0.662
0.216076
0.18687
0.430871
0.414353
0.356872
0.234795
0.607656
0.189645
0.662
0.662
0.662
0.223562
0.456884
0.347427
0.482373
0.163906
0.662
0.199892
0.363404
0.481591
0.227044
0.329774
0.662
0.662
0.195957
0.662
0.369294
0.662
0.437028
0.662
0.662
0.0780546
0.483263
0.662
0.201947
0.662
0.662
0.245363
0.448045
0.114605
0.662
0.662
0.238495
0.652498
0.272709
0.662
0.308234
0.662
0.0888984
0.180759
0.094428
0.259719
0.0771671
0.662
0.26047
0.342448
0.223705
0.662
0.662
0.249151
0.20315
0.662
0.465345
0.42937
0.227672
0.662
0.445257
0.357834
0.467144
0.662
0.365608
0.662
0.254872
0.662
0.0852807
0.413728
0.526091
0.604317
0.662
0.662
0.212602
0.662
0.0188426
0.250357
0.662
0.28481
0.411048
0.603103
0.307109
0.662
0.222861
0.129479
0.633932
0.42536
0.662
0.590401
0.0191298
0.158811
0.40184
0.225699
0.426137
0.652173
0.00919246
0.662
0.660638
0.419061
0.662
0.299822
0.658509
0.662
0.442517
0.662
0.662
0.0363834
0.662
0.662
0.341734
0.332337
0.635769
0.224419
0.472953
0.58727
0.662
0.516998
0.662
0.662
0.662
0.405578
0.140977
0.420528
0.662
0.427305
0.662
0.237712
0.118288
0.662
0.569409
0.662
0.305005
0.662
0.271613
0.336317
0.662
0.636766
0.623394
0.662
0.130472
0.113723
0.0556441
0.207171
0.283287
0.393021
0.259309
0.103385
0.662
0.662
0.00196562
0.38787
0.662
0.500824
0.640011
0.662
0.662
0.614499
0.0547779
0.0215927
0.178403
0.662
0.662
0.575174
0.519098
0.359903
0.662
0.0385503
0.161897
0.615443
0.662
0.24125
0.223518
0.134888
0.662
0.662
0.125159
0.662
0.450566
0.662
0.144871
0.662
0.158638
0.0118924
0.662
0.449999
0.298615
0.233765
0.662
0.414082
0.292286
0.240705
0.0980855
0.662
0.464393
0.278145
0.0892248
0.245894
0.381365
0.0291697
0.497504
0.0539662
0.662
0.205403
0.311547
0.472972
0.0387194
0.662
0.662
0.0852506
0.447229
0.247589
0.466917
0.3025
0.662
0.0655621
0.0743727
0.174823
0.565709
0.662
0.00734715
0.000247415
0.662
0.303672
0.410523
0.372266
0.662
0.337068
0.662
0.545202
0.203589
0.64925
0.638521
0.531908
0.651192
0.390966
0.592409
0.662
0.662
0.302378
0.532987
0.277504
0.134724
0.130282
0.662
0.193805
0.662
0.443976
0.315089
0.126054
0.0804359
0.338706
0.539898
0.662
0.662
0.289272
0.0119813
0.444987
0.158829
0.316504
0.61937
0.662
0.212836
0.519878
0.26946
0.509827
0.399827
0.0909546
0.590426
0.662
0.173617
0.292355
0.375401
0.179837
0.662
0.227017
0.151537
0.111519
0.662
0.662
0.0348165
0.610486
0.316049
0.662
0.314105
0.0693096
0.26412
0.469438
0.230433
0.662
0.476939
0.451922
0.203349
0.662
0.0896996
0.308343
0.595953
0.662
0.366651
0.662
0.448356
0.662
0.644572
0.321945
0.622115
0.662
0.662
0.13026
0.158994
0.0622261
0.662
0.662
0.662
0.141182
0.662
0.443678
0.1738
0.190881
0.622896
0.0239933
0.614321
0.475806
0.632019
0.289311
0.13164
0.638205
0.114815
0.649874
0.662
0.662
0.662
0.662
0.599859
0.662
0.459685
0.662
0.354967
0.10491
0.634896
0.662
0.00922829
0.112056
0.245498
0.589624
0.662
0.145859
0.172819
0.581196
0.544487
0.0877326
0.622501
0.662
0.339699
0.237172
0.662
0.662
0.295131
0.326488
0.502174
0.172737
0.62226
0.662
0.1527
0.662
0.662
0.0696743
0.195495
0.662
0.0880877
0.662
0.0569303
0.273915
0.627694
0.662
0.286738
0.449604
0.662
0.662
0.460327
0.238817
0.112655
0.454585
0.397414
0.159297
0.631066
0.528304
0.152422
0.662
0.464201
0.197231
0.133281
0.0641075
0.425374
0.195748
0.296625
0.521345
0.216034
0.396304
0.547469
0.285733
0.0315385
0.227731
0.63911
0.662
0.571272
0.196784
0.519976
0.662
0.100617
0.662
0.345937
0.121244
0.662
0.0150594
0.151852
0.662
0.125434
0.1196
0.662
0.662
0.662
0.389104
0.622294
0.141381
0.499405
0.0647508
0.662
0.662
0.223655
0.121646
0.00825485
0.662
0.401208
0.00649811
0.37948
0.662
0.662
0.63845
0.621507
0.662
0.662
0.662
0.226842
0.662
0.662
0.142076
0.110896
0.326289
0.145823
0.102832
0.513214
0.662
0.156678
0.641929
0.210428
0.136723
0.662
0.165412
0.00781854
0.137431
0.647246
0.378917
0.297362
0.662
0.175181
0.388692
0.470985
0.662
0.662
0.647385
0.662
0.196212
0.337802
0.108324
0.629806
0.12078
0.0521953
0.312977
0.662
0.0356944
0.191212
0.105584
0.659035
0.662
0.0947163
0.662
0.0959911
0.343102
0.454406
0.23628
0.662
0.234322
0.40775
0.149286
0.662
0.202183
0.234818
0.349831
0.662
0.475287
0.662
0.662
0.662
0.662
0.649437
0.662
0.16655
0.201259
0.222504
0.0921393
0.193437
0.662
0.662
0.501129
0.662
0.0352662
0.164774
0.662
0.217591
0.0567791
0.163511
0.455678
0.360498
0.662
0.221817
0.0751518
0.662
0.325412
0.172599
0.186755
0.543223
0.198201
0.169542
0.537615
0.662
0.174466
0.662
0.112818
0.256374
0.105682
0.662
0.0425279
0.229626
0.662
0.216903
0.525959
0.480375
0.397069
0.662
0.131047
0.662
0.173925
0.662
0.155171
0.102429
0.375913
0.642378
0.662
0.370887
0.662
0.618727
0.662
0.662
0.308423
0.179531
0.662
0.381889
0.445414
0.258236
0.157915
0.20291
0.443455
0.143376
0.342526
0.288052
0.651991
0.150163
0.4667
0.662
0.662
0.366776
0.403321
0.662
0.640476
0.662
0.483634
0.662
0.335994
0.176672
0.662
0.662
0.662
0.649422
0.0319099
0.079483
0.142104
0.662
0.138192
0.382042
0.0839464
0.517813
0.392597
0.453562
0.662
0.597664
0.662
0.489892
0.662
0.0645583
0.428084
0.40634
0.210302
0.367126
0.283412
0.658804
0.662
0.109289
0.662
0.22156
0.626266
0.207164
0.619736
0.662
0.451183
0.662
0.471402
0.227012
0.662
0.0798129
0.347222
0.334341
0.662
0.613142
0.659257
0.118166
0.543727
0.662
0.662
0.364439
0.383244
0.662
0.535895
0.116568
0.662
0.514712
0.560789
0.662
0.662
0.662
0.26341
0.662
0.281095
0.256054
0.283314
0.406035
0.0725722
0.578211
0.366991
0.0825016
0.487891
0.662
0.404961
0.0488277
0.194368
0.417298
0.401689
0.620815
0.662
0.116041
0.0336128
0.19058
0.215312
0.662
0.662
0.662
0.00866051
0.398653
0.662
0.0181166
0.0290882
0.231825
