0.218291
0.662
0.554644
0.630376
0.462915
0.0564582
0.175572
0.00203071
0.325233
0.517145
0.217233
0.662
0.61324
0.619745
0.662
0.662
0.404886
0.423025
0.164883
0.662
0.356951
0.127087
0.187913
0.662
0.0369948
0.662
0.483264
0.113361
0.662
0.32857
0.135122
0.306715
0.076848
0.360203
0.662
0.374863
0.274985
0.662
0.644624
0.662
0.662
0.483323
0.662
0.662
0.368091
0.131772
0.259114
0.408815
0.0803315
0.121352
0.13905
0.380653
0.229218
0.212728
0.393742
0.211535
0.259824
0.447221
0.261061
0.300839
0.662
0.002684
0.381023
0.311449
0.224962
0.0612675
0.662
0.0741383
0.355261
0.662
0.219868
0.463766
0.390647
0.505283
0.132207
0.637559
0.0693103
0.229546
0.631775
0.129621
0.488042
0.106061
0.202824
0.662
0.235621
0.106418
0.00597785
0.662
0.226699
0.662
0.662
0.222015
0.433613
0.0711306
0.204611
0.207558
0.0715793
0.178419
0.116248
0.0622164
0.662
0.662
0.189639
0.627352
0.0656908
0.662
0.328578
0.206135
0.404792
0.322807
3.95291e-05
0.0854407
0.269912
0.300538
0.662
0.167569
0.662
0.662
0.658914
0.330067
0.662
0.131005
0.20743
0.64005
