0.198641
0.590693
0.662
0.429416
0.662
0.0515167
0.662
0.481209
0.514969
0.3127
0.208929
0.662
0.281546
0.381913
0.146168
0.340263
0.207455
0.662
0.116717
0.455817
0.662
0.662
0.177598
0.662
0.410362
0.0284538
0.0209806
0.00898677
0.288157
0.16487
0.240143
0.662
0.578296
0.662
0.280301
0.357671
0.662
0.194308
0.0829932
0.43512
0.662
0.588951
0.170174
0.662
0.226717
0.220197
0.662
0.286609
0.662
0.662
0.0392601
0.662
0.662
0.463279
0.662
0.325606
0.203028
0.0949628
0.338126
0.662
0.566947
0.46411
0.087684
0.446387
0.319301
0.551613
0.662
0.126359
0.449453
0.662
0.662
0.00748028
0.126544
0.62947
0.312562
0.662
0.156876
0.662
0.397569
0.662
0.662
0.197493
0.307898
0.426646
0.628715
0.63339
0.662
0.662
0.186747
0.0396264
0.430304
0.296134
0.203129
0.190659
0.662
0.263935
0.380089
0.662
0.482362
0.586612
0.30445
0.662
0.662
0.599753
0.662
0.0498327
0.662
0.207481
0.326365
0.662
0.662
0.612097
0.420157
0.439845
0.4732
0.106869
0.323347
0.200957
0.11726
0.662
0.150231
0.176477
0.301849
0.427492
0.633599
0.215021
0.662
0.257752
0.445355
0.662
0.662
0.662
0.298986
0.662
0.633545
0.07555
0.0658772
0.662
0.152562
0.662
0.477004
0.114877
0.662
0.401968
0.208554
0.662
0.62747
0.121985
0.200861
0.662
0.54531
0.378858
0.308934
0.251231
0.662
0.662
0.662
0.390917
0.00411303
0.476946
0.324147
0.631376
0.662
0.662
0.662
0.662
0.204977
0.123218
0.662
0.0407998
0.662
0.452679
0.662
0.410848
0.370061
0.440608
0.207993
0.456726
0.209241
0.153277
0.662
0.197729
0.469693
0.0669693
0.480741
0.662
0.662
0.662
0.429761
0.662
0.292042
0.662
0.662
0.662
0.662
0.662
0.397733
0.662
0.164818
0.0709716
0.357334
0.220659
0.662
0.289798
0.412683
0.019653
0.335372
0.478734
0.0609383
0.662
0.662
0.206975
0.0815531
0.662
0.458322
0.662
0.206995
0.662
0.447039
0.662
0.662
0.402272
0.662
0.662
0.357271
0.662
0.0948721
0.121249
0.196995
0.662
0.453631
0.662
0.285623
0.662
0.267026
0.436403
0.662
0.300646
0.0970369
0.278384
0.284826
0.450062
0.646912
0.212416
0.363773
0.413657
0.0572657
0.662
0.613931
0.0262192
0.662
0.0864944
0.262533
0.179236
0.662
0.217796
0.662
0.166836
0.662
0.315196
0.662
0.257576
0.662
0.157717
0.357127
0.224307
0.349878
0.662
0.335114
0.0171802
0.315553
0.662
0.405225
0.662
0.0994504
0.236822
0.662
0.662
0.23365
0.662
0.0110992
0.446669
0.662
0.640436
0.223724
0.186916
0.355108
0.0377438
0.38408
0.662
0.277123
0.662
0.230085
0.662
0.662
0.184769
0.00428356
0.595922
0.0422936
0.452137
0.662
0.662
0.60881
0.662
0.0790036
0.386462
0.662
0.383395
0.313414
0.662
0.662
0.662
0.309102
0.366684
0.0327627
0.662
0.61476
0.01878
0.091482
0.241107
0.662
0.662
0.481018
0.0609829
0.662
0.163601
0.662
0.662
0.662
0.662
0.662
0.238638
0.662
0.249854
0.220472
0.216841
0.662
0.662
0.502316
0.662
0.662
0.147116
0.48457
0.266901
0.662
0.00858805
0.0844482
0.0367196
0.466835
0.375979
0.0565384
0.662
0.0518039
0.662
0.20331
0.00421891
0.38082
0.583657
0.195216
0.207468
0.142496
0.378469
0.229255
0.662
0.529837
0.662
0.0899617
0.401079
0.0440649
0.095424
0.426802
0.662
0.235652
0.451607
0.662
0.102242
0.175383
0.662
0.358276
0.33255
0.203612
0.209027
0.662
0.662
0.0497244
0.662
0.662
0.0162732
0.0774678
0.25782
0.0396331
0.662
0.0628703
0.662
0.662
0.195743
0.662
0.464546
0.268015
0.662
0.416471
0.122763
0.516665
0.275695
0.662
0.662
0.662
0.285077
0.348692
0.203554
0.662
0.446992
0.662
0.264379
0.662
0.131514
0.662
0.0357365
0.0859242
0.662
0.282071
0.258602
0.409568
0.662
0.100732
0.662
0.131542
0.412934
0.459581
0.218429
0.148977
0.162811
0.455316
0.662
0.230956
0.247935
0.662
0.191872
0.204053
0.368055
0.0679894
0.344804
0.410506
0.662
0.450157
0.076529
0.352655
0.662
0.662
0.451366
0.306367
0.0691713
0.173065
0.313308
0.132945
0.177961
0.519619
0.301273
0.662
0.242397
0.662
0.662
0.662
0.258523
0.662
0.104525
0.31679
0.186057
0.121868
0.662
0.662
0.334046
0.250299
0.662
0.200157
0.181166
0.252803
0.226342
0.0457939
0.276524
0.662
0.0450933
0.205887
0.462128
0.449759
0.265727
0.42001
0.283993
0.662
0.207401
0.662
0.312544
0.393823
0.662
0.662
0.0341305
0.662
0.284838
0.255555
0.520152
0.662
0.662
0.662
0.355225
0.662
0.662
0.662
0.194895
0.662
0.662
0.412132
0.232879
0.366074
0.0487781
0.294042
0.662
0.662
0.662
0.662
0.0817763
0.662
0.662
0.662
0.0935378
0.304428
0.411338
0.662
0.218638
0.599634
0.662
0.662
0.105942
0.268327
0.18334
0.567774
0.662
0.433079
0.479327
0.662
0.662
0.662
0.662
0.662
0.199836
0.662
0.286652
0.15333
0.515049
0.455567
0.662
0.104538
0.195817
0.662
0.445429
0.0686892
0.428429
0.247903
0.0912359
0.655261
0.194589
0.389583
0.106893
0.189638
0.0901716
0.063609
0.662
0.0177331
0.2996
0.100388
0.227006
0.285004
0.662
0.532111
0.662
0.284467
0.108792
0.662
0.491098
0.662
0.662
0.190444
0.627855
0.106978
0.557118
0.0372953
0.092095
0.547387
0.279498
0.319881
0.26293
0.662
0.0285466
0.446112
0.393368
0.662
0.662
0.0696197
0.662
0.436608
0.662
0.197481
0.291258
0.0495321
0.662
0.116579
0.447328
0.662
0.316978
0.662
0.202473
0.270756
0.319398
0.106977
0.662
0.0434328
0.662
0.466772
0.662
0.662
0.132343
0.662
0.662
0.108975
0.544921
0.608392
0.552402
0.591327
0.662
0.34418
0.00310528
0.279093
0.315796
0.154782
0.561447
0.662
0.226045
0.364476
0.318707
0.213032
0.662
0.138958
0.662
0.630661
0.108283
0.662
0.645674
0.662
0.410658
0.273699
0.0572575
0.0934695
0.662
0.662
0.662
0.121953
0.662
0.633391
0.662
0.662
0.276426
0.339548
0.662
0.662
0.374471
0.605133
0.190213
0.238946
0.662
0.321648
0.662
0.209505
0.662
0.255834
0.11645
0.184569
0.107625
0.662
0.524218
0.26433
0.662
0.125115
0.0321276
0.662
0.367162
0.662
0.557602
0.230536
0.662
0.662
0.261334
0.0719118
0.405711
0.662
0.133568
0.662
0.608236
0.227694
0.662
0.1789
0.0826705
0.351151
0.662
0.662
0.662
0.104096
0.662
0.662
0.662
0.0677607
0.662
0.662
0.416432
0.662
0.662
0.308906
0.153681
0.662
0.187275
0.597632
0.463558
0.574563
0.280103
0.469477
0.376098
0.662
0.662
0.169231
0.18973
0.129895
0.662
0.236897
0.662
0.662
0.662
0.0836731
0.34859
0.101299
0.662
0.662
0.57291
0.662
0.435721
0.430813
0.662
0.610396
0.102585
0.315087
0.662
0.413961
0.662
0.662
0.662
0.662
0.662
0.215952
0.662
0.662
0.662
0.360508
0.0159688
0.662
0.662
0.662
0.123017
0.662
0.662
0.227012
0.15041
0.484257
0.448253
0.625684
0.662
0.29071
0.662
0.118101
0.662
0.662
0.662
0.207114
0.188133
0.662
0.662
0.662
0.597669
0.243951
0.0192519
0.228512
0.294706
0.157149
0.0658895
0.37199
0.45812
0.298827
0.662
0.354306
0.635339
0.501462
0.203613
0.29271
0.128371
0.0905752
0.626613
0.662
0.141633
0.662
0.125686
0.662
0.430119
0.62452
0.0154551
0.169901
0.358065
0.339913
0.526163
0.662
0.104551
0.126871
0.232197
0.662
0.359539
0.397526
0.106157
0.0548116
0.662
0.662
0.0103533
0.662
0.238574
0.401014
0.464897
0.194025
0.134817
0.662
0.501345
0.301519
0.247175
0.662
0.662
0.287371
0.204693
0.662
0.662
0.366246
0.586452
0.194381
0.662
0.662
0.662
0.33944
0.378753
0.308104
0.46996
0.0542172
0.662
0.662
0.0647088
0.149836
0.306893
0.662
0.49414
0.257175
0.662
0.662
0.220207
0.662
0.290073
0.049641
0.415773
0.0494252
0.278412
0.662
0.662
0.208484
0.0272562
0.296088
0.237819
0.175832
0.662
0.146216
0.21675
0.662
0.662
0.0920854
0.662
0.475504
0.05075
0.349345
0.32067
0.0359383
0.662
0.184675
0.0530198
0.662
0.203333
0.409059
0.662
0.199836
0.662
0.662
0.126136
0.123608
0.633694
0.662
0.0915812
0.662
0.50477
0.639153
0.662
0.225036
0.155406
0.579534
0.662
0.662
0.230484
0.523273
0.00827899
0.412507
0.662
0.662
0.662
0.662
0.662
0.662
0.662
0.160916
0.203748
0.425991
0.197983
0.40683
0.662
0.305924
0.156204
0.531938
0.662
0.662
0.382745
0.501988
0.662
0.662
0.143959
0.662
0.269363
0.332536
0.662
0.662
0.204055
0.498302
0.662
0.064217
0.618205
0.19255
0.662
0.662
0.662
0.662
0.662
0.461974
0.662
0.215559
0.120735
0.595807
0.662
0.172889
0.341524
0.358709
0.478901
0.338792
0.662
0.662
0.662
0.267615
0.396174
0.662
0.567128
0.257286
0.371856
0.662
0.581323
0.453114
0.662
0.269602
0.46102
0.598711
0.662
0.212337
0.244463
0.29505
0.662
0.495768
0.341492
0.662
0.662
0.662
0.355836
0.662
0.662
0.662
0.169676
0.459869
0.334293
0.662
0.00416383
0.662
0.662
0.662
0.476056
0.332519
0.662
0.042843
0.409947
0.662
0.662
0.154079
0.662
0.421159
0.486547
0.662
0.41805
0.188365
0.19339
0.662
0.135312
0.616278
0.560129
0.662
0.662
0.163346
0.662
0.662
0.35835
0.365422
0.662
0.138992
0.662
0.662
0.662
0.425955
0.197955
0.34851
0.662
0.252252
0.436552
0.662
0.505737
0.552099
0.395273
0.299797
0.662
0.476088
0.662
0.00498615
0.292988
0.109601
0.61902
0.662
0.649035
0.662
0.159955
0.662
0.263122
0.310206
0.662
0.106141
0.602078
0.0209422
0.230199
0.662
0.662
0.222057
0.216796
0.662
0.0494207
0.204606
0.662
0.123398
0.636769
0.27338
0.451774
0.662
0.23349
0.395934
0.655602
0.662
0.111646
0.662
0.662
0.662
0.662
0.318577
0.662
0.662
0.662
0.464857
0.439488
0.423734
0.662
0.39491
0.00867178
0.662
0.588947
0.662
0.0703305
0.662
0.408463
0.662
0.662
0.662
0.662
0.662
0.547982
0.662
0.662
0.662
0.458145
0.426263
0.452465
0.662
0.662
0.662
0.119926
0.662
0.329456
0.102719
0.662
0.255216
0.203631
0.662
0.409256
0.0790093
0.0089698
0.58861
0.339738
0.662
0.0603165
0.20198
0.25736
0.662
0.431483
0.662
0.662
0.299302
0.662
0.171355
0.371418
0.569167
0.119611
0.662
0.181039
0.243912
0.266296
0.494659
0.662
0.543031
0.662
0.662
0.193101
0.428393
0.260554
0.408992
0.192492
0.463585
0.241071
0.662
0.57096
0.0314228
0.662
0.662
0.553247
0.662
0.413031
0.187821
0.662
0.575729
0.662
0.662
0.362061
0.662
0.224086
0.335666
0.202938
0.662
0.662
0.348433
0.320861
0.175489
0.662
0.208984
0.0867232
0.662
0.135018
0.179791
0.124189
0.190029
0.199252
0.138064
0.422093
0.662
0.0229517
0.662
0.125259
0.662
0.615866
0.432441
0.298952
0.450843
0.108246
0.193924
0.345489
0.662
0.411822
0.662
0.662
0.205284
0.662
0.662
0.402641
0.662
0.326634
0.156759
0.11307
0.463517
0.662
0.507725
0.330997
0.253282
0.515501
0.662
0.129113
0.662
0.279879
0.334752
0.662
0.165701
0.0607844
0.662
0.662
0.156235
0.216484
0.350682
0.0912485
0.270704
0.0505151
0.0192511
0.504123
0.320209
0.662
0.662
0.132269
0.649431
0.444841
0.662
0.636632
0.590103
0.193524
0.662
0.409065
0.104939
0.662
0.593359
0.160582
0.662
0.183803
0.202713
0.662
0.662
0.0981366
0.463244
0.154384
0.00961965
0.452425
0.470656
0.408327
0.662
0.299875
0.464303
0.131039
0.189988
0.0923152
0.115073
0.196586
0.459049
0.456653
0.643259
0.396835
0.433228
0.435643
0.365979
0.662
0.662
0.0886353
0.662
0.662
0.406486
0.662
0.662
0.662
0.662
0.662
0.243286
0.414063
0.662
0.459822
0.171524
0.231273
0.233684
0.463484
0.282482
0.109658
0.23821
0.662
0.322481
0.35587
0.0696199
0.0636229
0.662
0.6563
0.32576
0.25916
0.662
0.662
0.605414
0.429165
0.227121
0.280526
0.662
0.662
0.662
0.502929
0.662
0.662
0.069719
0.662
0.370573
0.662
0.195057
0.449967
0.356764
0.391577
0.234332
0.184
0.662
0.464397
0.662
0.301772
0.445637
0.662
0.479611
0.217577
0.425244
0.248892
0.410991
0.303836
0.662
0.0061013
0.662
0.662
0.0677947
0.662
0.180429
0.208755
0.104947
0.378688
0.332847
0.662
0.155967
0.27278
0.662
0.562131
0.19329
0.169966
0.177459
0.432687
0.429928
0.310527
0.662
0.662
0.662
0.662
0.226022
0.662
0.50125
0.203091
0.662
0.323655
0.662
0.514613
0.476015
0.197404
0.601986
0.0447053
0.431054
0.583439
0.0391314
0.187275
0.662
0.218481
0.629229
0.0110219
0.123481
0.274626
0.371321
0.198088
0.609258
0.662
0.662
0.0577244
0.662
0.499943
0.373059
0.0968857
0.662
0.127441
0.599453
0.576717
0.255481
0.662
0.662
0.556509
0.662
0.0226283
0.304662
0.299279
0.662
0.1553
0.662
0.662
0.246661
0.417372
0.454011
0.662
0.662
0.662
0.189019
0.662
0.662
0.662
0.323427
0.662
0.662
0.42669
0.307232
0.0770029
0.662
0.662
0.125783
0.506653
0.161761
0.328492
0.174943
0.662
0.662
0.273468
0.36538
0.662
0.199864
0.0667197
0.209412
0.392145
0.503664
0.291991
0.662
0.23153
0.613225
0.662
0.459154
0.542334
0.0794745
0.343898
0.0750306
0.414362
0.312915
0.268809
0.662
0.662
0.251174
0.205547
0.662
0.662
0.628413
0.229105
0.662
0.662
0.662
0.587986
0.0490183
0.480882
0.306046
0.662
0.662
0.230382
0.662
0.453678
0.662
0.235329
0.662
0.231527
0.195657
0.167842
0.662
0.662
0.662
0.196366
0.24464
0.278859
0.662
0.662
0.662
0.377184
0.467021
0.662
0.0351436
0.383534
0.0823018
0.0550075
0.454739
0.314483
0.413205
0.31129
0.662
0.458612
0.662
0.246575
0.439139
0.343642
0.662
0.662
0.0752867
0.662
0.220282
0.662
0.08219
0.662
0.662
0.103431
0.662
0.41202
0.662
0.615578
0.662
0.662
0.662
0.0043455
0.0326764
0.328438
0.662
0.556241
0.58006
0.0284637
0.315929
0.662
0.508505
0.662
0.116896
0.195142
0.468425
0.189649
0.033856
0.662
0.662
0.662
0.246858
0.173872
0.521995
0.0269155
0.286801
0.372705
0.662
0.110008
0.640298
0.237431
0.637805
0.662
0.482942
0.1433
0.662
0.419521
0.0974612
0.433766
0.238769
0.662
0.595178
0.453517
0.662
0.662
0.399715
0.0268116
0.0307632
