0.662
0.0387525
0.193794
0.178419
0.17788
0.307351
0.662
0.645766
0.0951567
0.662
0.167569
0.246852
0.662
0.306715
0.0752075
0.662
0.23109
0.500447
0.627352
0.662
0.662
0.0839245
0.662
0.660619
0.662
0.00954088
0.423025
0.630376
0.631775
0.106061
0.23716
0.662
0.397251
0.0693103
0.662
0.662
0.400613
0.32857
0.0562709
0.662
0.462915
0.170248
0.662
0.277487
0.662
0.662
0.127087
0.36943
0.662
0.181313
0.192896
0.105949
0.662
0.402609
0.662
0.662
0.662
0.535921
0.559633
0.662
0.662
0.390647
0.51525
0.415104
0.34363
0.113361
0.643729
0.662
0.0564582
0.177101
0.662
0.186801
0.662
0.662
0.164883
0.662
0.662
0.658914
0.187753
0.13943
0.485144
0.218483
0.662
0.662
0.662
0.076848
0.619745
0.0859746
0.256858
0.157182
0.435535
0.140527
0.0991483
0.259721
0.455874
0.256438
0.536564
0.0685741
0.485398
0.308398
3.95291e-05
0.121352
0.00806404
0.24615
0.662
0.425956
0.662
0.50257
0.164871
0.662
0.517145
0.197934
0.662
0.415439
0.199758
0.219099
0.0656908
0.662
0.52167
0.0622164
0.662
0.662
0.130818
0.662
0.64364
0.187913
0.593912
0.417098
0.304221
0.356951
0.0741383
0.218291
0.135122
0.352857
0.662
0.274985
0.637559
0.301073
0.389067
0.276584
0.41724
0.437572
0.0230541
0.192681
0.487487
0.662
0.61324
0.535981
0.662
0.468136
0.300538
0.304851
0.662
0.473317
0.404792
0.235621
0.662
0.0715793
0.405194
0.408815
0.300839
0.662
0.275783
0.373985
0.00939287
0.541418
0.347981
0.208241
0.662
0.483264
0.00597785
0.0158977
0.149238
0.322807
0.268217
0.332718
0.331214
0.311449
0.636482
0.387212
0.662
0.0372747
0.135922
0.282791
0.187631
0.269645
0.250067
0.013333
0.0877389
0.380304
0.254541
0.662
0.492858
0.0612675
0.277397
0.644624
0.601325
0.102893
0.287126
0.364474
0.662
0.64005
0.362329
0.217233
0.50189
0.489031
0.447221
0.0385943
0.662
0.247949
0.189639
0.662
0.659506
0.662
0.463766
0.662
0.433613
0.00203071
