0.299822
0.227861
0.212602
0.2264
0.0387194
0.662
0.662
0.26433
0.662
0.662
0.660638
0.443091
0.662
0.644572
0.069913
0.184528
0.235747
0.662
0.662
0.234831
0.112655
0.380029
0.254205
0.437028
0.544487
0.662
0.498428
0.133303
0.581777
0.464201
0.395975
0.0959911
0.622115
0.25276
0.662
0.662
0.578211
0.662
0.234937
0.133072
0.662
0.0402597
0.597664
0.662
0.202333
0.610779
0.138775
0.480375
0.589624
0.0336128
0.13574
0.549759
0.247589
0.23926
0.0363834
0.662
0.662
0.63845
0.3025
0.662
0.114868
0.272836
0.662
0.662
0.658804
0.286181
0.317688
0.662
0.259169
0.662
0.662
0.144635
0.472972
0.662
0.662
0.222457
0.662
0.662
0.0825016
0.142691
0.662
0.662
0.62226
0.137431
0.241946
0.221819
0.411928
0.662
0.345029
0.396304
0.226842
0.159211
0.0816758
0.662
0.0327471
0.454547
0.110781
0.662
0.662
0.0146225
0.575174
0.22331
0.367126
0.0417414
0.24828
0.662
0.190881
0.0232577
0.19046
0.509827
0.0951038
0.621822
0.174414
0.46832
0.662
0.63911
0.0753906
0.199892
0.0979406
0.303672
0.662
0.662
