0.662
0.178419
0.360203
0.662
0.189639
0.253301
0.662
0.619745
0.249174
0.0715793
0.662
0.311449
0.662
0.00203071
0.447221
0.598805
0.222015
0.106061
0.0622164
3.95291e-05
0.662
0.517145
0.662
0.0612675
0.0711306
0.662
0.662
0.20743
0.127087
0.235621
0.631775
0.229218
0.167569
0.445008
0.662
0.306715
0.404792
0.106418
0.462915
0.141325
0.153455
0.483323
0.662
0.0961488
0.0741383
0.203627
0.662
0.0693103
0.13905
0.325233
0.261061
0.662
0.132207
0.463766
0.131772
0.135122
0.662
0.356951
0.662
0.662
0.199844
0.658914
0.00597785
0.183936
0.0369948
0.374863
0.644624
0.113361
0.215929
0.189274
0.662
0.0656908
0.423025
0.662
0.61324
0.002684
0.408815
0.206135
0.64005
0.131005
0.131499
0.662
0.179994
0.207558
0.121352
0.328578
0.483264
0.662
0.662
0.662
0.627352
0.300538
0.103036
0.368091
0.218291
0.341172
0.505283
0.20821
0.662
0.433613
0.380311
0.076848
0.18764
0.637559
0.129621
0.0796449
0.300839
0.662
