0.208562
0.662
0.150401
0.662
0.662
0.662
0.662
0.662
0.0956105
0.199854
0.662
0.662
0.662
0.610216
0.662
0.662
0.662
0.517639
0.662
0.382094
0.111916
0.662
0.662
0.120292
0.213884
0.662
0.177302
0.662
0.0794591
0.361122
0.662
0.0501162
0.662
0.0556604
0.0768914
0.662
0.01171
0.119854
0.662
0.662
0.662
0.457437
0.662
0.662
0.0398977
0.380462
0.543272
0.381515
0.662
0.402728
0.501721
0.662
0.659087
0.52991
0.388435
0.120342
0.662
0.662
0.308607
0.662
0.0188747
0.192855
0.631599
0.662
0.183413
0.0471418
0.342321
0.214187
0.662
0.662
0.662
0.183084
0.241906
0.194982
0.527931
0.31926
0.255591
0.401623
0.0862901
0.229303
0.448472
0.662
0.336193
0.662
0.594965
0.633925
0.662
0.662
0.312993
0.387197
0.662
0.662
0.438687
0.171941
0.277993
0.329502
0.059044
0.330993
0.662
0.0182716
0.662
0.325481
0.228209
0.662
0.662
0.662
0.247576
0.130827
0.662
0.662
0.413302
0.662
0.0116365
0.578112
0.662
0.113397
0.662
0.145438
0.662
0.662
0.662
0.662
0.237217
0.662
0.662
0.0661273
0.00940322
0.459439
0.43908
0.168599
0.369966
0.337143
0.131281
0.365214
0.625545
0.662
0.410203
0.637951
0.356094
0.468828
0.662
0.511369
0.187409
0.137741
0.397491
0.662
0.662
0.247973
0.662
0.662
0.0936258
0.272341
0.633218
0.662
0.557652
0.662
0.369003
0.638632
0.662
0.29241
0.400549
0.208634
0.131205
0.232738
0.18609
0.0910805
0.260373
0.436511
0.202333
0.210953
0.216308
0.662
0.662
0.662
0.194805
0.662
0.662
0.369615
0.662
0.662
0.196798
0.662
0.236939
0.0436161
0.662
0.0442007
0.662
0.12037
0.229792
0.179792
0.636271
0.662
0.557084
0.207017
0.310409
0.39631
0.0687878
0.662
0.151276
0.211263
0.268724
0.49889
0.277899
0.662
0.662
0.474383
0.160338
0.555146
0.644076
0.662
0.662
0.314839
0.319427
0.484597
0.326017
0.382524
0.204283
0.662
0.355893
0.662
0.075967
0.325914
0.662
0.169356
0.402687
0.496646
0.473101
0.175524
0.662
0.10591
0.662
0.662
0.261732
0.662
0.662
0.26157
0.261337
0.662
0.166608
0.575994
0.411769
0.662
0.368937
0.347983
0.436206
0.662
0.662
0.328944
0.662
0.167778
0.38929
0.32327
0.228904
0.403212
0.233104
0.340375
0.662
0.662
0.309376
0.662
0.195613
0.662
0.0841751
0.0268744
0.0143269
0.163829
0.428933
0.189076
0.662
0.362956
0.296688
0.238696
0.475444
0.662
0.043892
0.220951
0.276816
0.652903
0.0448853
0.662
0.41456
0.662
0.0208888
0.199636
0.153837
0.306504
0.662
0.276139
0.662
0.662
0.421785
0.328781
0.00578299
0.662
0.0896487
0.431114
0.453404
0.300443
0.488
0.192422
0.430874
0.202913
0.232516
0.33901
0.662
0.662
0.662
0.070612
0.662
0.662
0.09519
0.283912
0.662
0.662
0.449171
0.0475063
0.299345
0.235449
0.662
0.662
0.197002
0.439064
0.416423
0.383859
0.662
0.399814
0.104829
0.208482
0.126017
0.118121
0.206767
0.0755557
0.474384
0.170469
0.419997
0.0303018
0.572937
0.662
0.662
0.662
0.359441
0.294905
0.310743
0.357138
0.453433
0.662
0.662
0.411715
0.662
0.252608
0.130396
0.190978
0.365691
0.504019
0.662
0.662
0.662
0.320257
0.0667853
0.190849
0.576695
0.322883
0.662
0.662
0.102623
0.100118
0.225693
0.159573
0.398728
0.662
0.662
0.493031
0.0317678
0.662
0.219839
0.499001
0.483372
0.662
0.662
0.258086
0.662
0.193619
0.662
0.218747
0.439081
0.236421
0.21423
0.662
0.0217562
0.662
0.343004
0.662
0.662
0.662
0.153889
0.662
0.0187756
0.662
0.662
0.0499769
0.662
0.447905
0.00845632
0.587493
0.220364
0.114483
0.240116
0.237983
0.662
0.662
0.662
0.238986
0.0145962
0.662
0.492246
0.0306353
0.662
0.246044
0.32054
0.47302
0.589919
0.236285
0.257562
0.294608
0.378521
0.487186
0.662
0.459633
0.662
0.662
0.662
0.418954
0.662
0.662
0.26293
0.662
0.268417
0.351844
0.129129
0.662
0.318143
0.0135093
0.0997324
0.531052
0.42219
0.345945
0.662
0.662
0.229081
0.662
0.243516
0.171689
0.0938685
0.159725
0.662
0.0287319
0.383195
0.157565
0.0504292
0.0394631
0.022054
0.14827
0.662
0.635463
0.187796
0.355401
0.32851
0.662
0.476812
0.18165
0.187289
0.569727
0.337477
0.662
0.139296
0.12198
0.120416
0.033714
0.409723
0.32124
0.662
0.249134
0.0335637
0.662
0.0122451
0.662
0.138786
0.662
0.662
0.268597
0.403368
0.461816
0.435804
0.103396
0.00936858
0.0904168
0.662
0.302512
0.423321
0.348074
0.518433
0.350091
0.662
0.333515
0.032106
0.662
0.476676
0.610212
0.312304
0.187419
0.281445
0.662
0.034829
0.662
0.341047
0.322769
0.418873
0.155285
0.396468
0.0426292
0.291215
0.338932
0.642441
0.0344642
0.536999
0.662
0.373451
0.284661
0.525089
0.239745
0.11184
0.369831
0.662
0.662
0.519991
0.217485
0.369882
0.121003
0.662
0.442734
0.0528488
0.254851
0.460585
0.640107
0.366024
0.662
0.087382
0.662
0.662
0.301356
0.662
0.350766
0.0782768
0.662
0.662
0.204857
0.544093
0.205665
0.303118
0.662
0.327392
0.473574
0.184139
0.094912
0.662
0.244994
0.324031
0.208717
0.662
0.662
0.662
0.662
0.106692
0.457747
0.45897
0.662
0.662
0.662
0.107244
0.199014
0.187044
0.0819227
0.0966483
0.241405
0.662
0.662
0.662
0.662
0.47706
0.0238173
0.221449
0.662
0.300532
0.236754
0.662
0.662
0.523227
0.461801
0.496837
0.662
0.662
0.662
0.662
0.341375
0.0386808
0.585775
0.214391
0.536195
0.428513
0.0268179
0.289341
0.662
0.374737
0.053205
0.0259627
0.662
0.426321
0.662
0.0748466
0.09772
0.244069
0.662
0.662
0.662
0.266594
0.0571394
0.662
0.103546
0.662
0.662
0.633971
0.662
0.662
0.224979
0.23041
0.0187118
0.662
0.321392
0.662
0.442339
0.662
0.662
0.64846
0.662
0.662
0.142838
0.662
0.315515
0.0938424
0.287817
0.662
0.0928514
0.662
0.4707
0.404434
0.662
0.253863
0.662
0.643024
0.662
0.496621
0.299837
0.662
0.184747
0.282559
0.662
0.0212419
0.662
0.662
0.444269
0.491585
0.294918
0.159792
0.161433
0.494547
0.662
0.288416
0.239124
0.662
0.662
0.662
0.165119
0.434787
0.302047
0.662
0.448481
0.662
0.662
0.340384
0.662
0.0981368
0.662
0.124318
0.662
0.662
0.322297
0.074787
0.662
0.662
0.639676
0.304753
0.15581
0.662
0.127678
0.662
0.140274
0.283974
0.662
0.294344
0.299964
0.239151
0.399166
0.662
0.662
0.494505
0.100789
0.471413
0.662
0.193424
0.662
0.60956
0.662
0.0248656
0.662
0.662
0.662
0.0361015
0.158318
0.102694
0.628742
0.662
0.390523
0.638536
0.662
0.271424
0.470833
0.422102
0.662
0.0535538
0.586181
0.662
0.228719
0.453699
0.662
0.662
0.226561
0.0529747
0.497294
0.166465
0.185857
0.662
0.662
0.563786
0.662
0.479662
0.455092
0.662
0.662
0.416675
0.541431
0.248042
0.300672
0.662
0.347871
0.662
0.240885
0.662
0.18846
0.662
0.662
0.662
0.662
0.662
0.493273
0.260238
0.226562
0.662
0.385739
0.662
0.584017
0.662
0.197452
0.662
0.0113672
0.144558
0.475236
0.662
0.662
0.195909
0.29914
0.300237
0.0194061
0.662
0.662
0.0490026
0.0971707
0.662
0.476926
0.662
0.550251
0.662
0.662
0.662
0.155495
0.662
0.304611
0.662
0.662
0.462918
0.490324
0.662
0.662
0.662
0.662
0.662
0.47599
0.149381
0.662
0.471229
0.662
0.662
0.185826
0.458009
0.228709
0.662
0.662
0.240904
0.662
0.662
0.662
0.441227
0.471165
0.662
0.662
0.424947
0.0052899
0.204692
0.185814
0.559505
0.662
0.480019
0.541624
0.177129
0.662
0.662
0.662
0.662
0.662
0.238663
0.178502
0.662
0.233377
0.252799
0.330648
0.662
0.209225
0.569274
0.662
0.180006
0.121619
0.307525
0.390075
0.250442
0.662
0.179818
0.19918
0.162436
0.177871
0.214036
0.662
0.226402
0.662
0.357305
0.662
0.203288
0.465367
0.662
0.0583253
0.662
0.261405
0.220944
0.662
0.662
0.3145
0.384132
0.662
0.357615
0.604917
0.662
0.435557
0.662
0.451948
0.177167
0.662
0.136488
0.21371
0.662
0.192318
0.662
0.662
0.473116
0.662
0.171721
0.311422
0.200374
0.307478
0.662
0.428776
0.532249
0.245385
0.662
0.0565854
0.662
0.138278
0.662
0.229991
0.662
0.662
0.662
0.0912204
0.662
0.662
0.462519
0.365126
0.0235049
0.662
0.662
0.376552
0.20833
0.174384
0.662
0.361477
0.662
0.662
0.153994
0.354605
0.662
0.0871116
0.662
0.662
0.21166
0.622085
0.411542
0.187442
0.662
0.662
0.157308
0.662
0.662
0.662
0.086638
0.363952
0.0975646
0.662
0.43674
0.662
0.662
0.448705
0.662
0.284422
0.662
0.239051
0.662
0.0694183
0.27003
0.442335
0.662
0.130253
0.377509
0.343428
0.662
0.662
0.44892
0.11218
0.192503
0.248875
0.234245
0.662
0.662
0.109383
0.0234631
0.47296
0.2143
0.211095
0.662
0.662
0.153357
0.279312
0.0888448
0.100807
0.662
0.212727
0.459104
0.662
0.398337
0.410057
0.277538
0.662
0.662
0.662
0.0875417
0.311973
0.166803
0.662
0.137328
0.45222
0.1997
0.532402
0.662
0.662
0.321208
0.662
0.269803
0.662
0.319881
0.353482
0.25794
0.472618
0.662
0.479043
0.662
0.662
0.224384
0.43991
0.662
0.0580051
0.439859
0.0882513
0.662
0.662
0.662
0.206703
0.441976
0.202172
0.662
0.662
0.662
0.662
0.231725
0.662
0.547637
0.11996
0.189566
0.662
0.662
0.199141
0.524454
0.325982
0.662
0.0566106
0.662
0.662
0.662
0.39957
0.662
0.662
0.662
0.208037
0.662
0.37307
0.0356541
0.662
0.361477
0.341327
0.662
0.0899652
0.662
0.662
0.292987
0.507943
0.430811
0.662
0.427288
0.662
0.618751
0.470707
0.262798
0.662
0.579568
0.281668
0.225448
0.14526
0.193242
0.53987
0.029657
0.365389
0.326371
0.00920545
0.178093
0.180104
0.204503
0.245011
0.349274
0.662
0.202335
0.48643
0.662
0.662
0.302265
0.662
0.429656
0.662
0.626467
0.662
0.20493
0.662
0.0394329
0.662
0.662
0.469887
0.542529
0.662
0.28871
0.20036
0.236027
0.662
0.662
0.662
0.0425718
0.190746
0.174184
0.662
0.32434
0.463632
0.402062
0.662
0.364286
0.662
0.579684
0.199827
0.178513
0.121968
0.662
0.103586
0.203128
0.662
0.515017
0.314056
0.662
0.505829
0.662
0.625337
0.662
0.662
0.662
0.662
0.363022
0.662
0.618694
0.662
0.662
0.662
0.662
0.662
0.662
0.205085
0.187405
0.662
0.0541507
0.662
0.662
0.662
0.409374
0.419624
0.230405
0.662
0.662
0.662
0.388412
0.662
0.117292
0.142484
0.0753118
0.58909
0.662
0.662
0.432242
0.662
0.662
0.662
0.662
0.285535
0.662
0.195487
0.245468
0.662
0.388857
0.644002
0.662
0.425314
0.264152
0.662
0.662
0.376151
0.355746
0.662
0.40573
0.41225
0.354624
0.662
0.438764
0.117649
0.286352
0.662
0.277805
0.339715
0.379539
0.192248
0.384154
0.662
0.605163
0.662
0.662
0.662
0.422058
0.662
0.228359
0.662
0.0938581
0.43995
0.662
0.662
0.192028
0.662
0.108415
0.639881
0.389839
0.662
0.165232
0.662
0.460969
0.0357814
0.662
0.662
0.662
0.662
0.662
0.662
0.662
0.488005
0.202967
0.212939
0.0559749
0.662
0.31103
0.0771491
0.662
0.348339
0.662
0.662
0.206842
0.404586
0.662
0.191602
0.662
0.354983
0.662
0.312564
0.382193
0.198344
0.464375
0.135483
0.662
0.247566
0.662
0.194071
0.0783105
0.662
0.0225955
0.182688
0.443904
0.00385305
0.662
0.211508
0.662
0.662
0.352225
0.590794
0.662
0.0964003
0.227458
0.280914
0.462842
0.662
0.0264579
0.180116
0.564988
0.662
0.0377932
0.00936922
0.472172
0.216808
0.058729
0.662
0.662
0.276817
0.457586
0.662
0.662
0.439109
0.418486
0.662
0.236961
0.499619
0.146335
0.662
0.662
0.0229189
0.662
0.239477
0.662
0.662
0.250432
0.214079
0.609245
0.167699
0.662
0.662
0.662
0.199194
0.302076
0.408098
0.323361
0.662
0.437652
0.553091
0.662
0.583811
0.306876
0.222301
0.619473
0.153881
0.160488
0.514866
0.304848
0.662
0.157437
0.662
0.29428
0.662
0.662
0.385988
0.662
0.364969
0.629887
0.18342
0.662
0.0139447
0.339752
0.662
0.11708
0.377008
0.362579
0.401008
0.436481
0.662
0.662
0.662
0.330473
0.208649
0.222203
0.371318
0.185226
0.228857
0.662
0.662
0.472615
0.0573717
0.123885
0.079338
0.662
0.662
0.570536
0.662
0.278301
0.662
0.300046
0.351112
0.632447
0.109805
0.662
0.435685
0.0120155
0.181765
0.662
0.662
0.662
0.46891
0.469663
0.39021
0.27489
0.465087
0.662
0.662
0.295618
0.388671
0.207527
0.294949
0.459584
0.190357
0.223971
0.524553
0.47908
0.267774
0.168108
0.129701
0.0592867
0.0797824
0.662
0.310284
0.662
0.290394
0.662
0.0640603
0.299297
0.662
0.433711
0.470736
0.662
0.662
0.662
0.519542
0.353003
0.662
0.656773
0.398404
0.424521
0.662
0.360551
0.662
0.300685
0.604858
0.417529
0.210534
0.572905
0.228782
0.662
0.631301
0.662
0.213486
0.185107
0.175049
0.00134066
0.114679
0.187158
0.317061
0.162517
0.177363
0.494855
0.277777
0.31364
0.544584
0.428014
0.366124
0.0437272
0.420461
0.255825
0.109306
0.198902
0.030347
0.300827
0.634234
0.662
0.0729758
0.639741
0.662
0.662
0.372202
0.214259
0.662
0.390872
0.28203
0.321262
0.250943
0.160588
0.0495948
0.154027
0.352805
0.0350239
0.475379
0.378294
0.397119
0.662
0.662
0.181493
0.662
0.662
0.38963
0.385265
0.344488
0.662
0.662
0.378387
0.662
0.662
0.190074
0.662
0.662
0.662
0.662
0.662
0.662
0.662
0.662
0.0452289
0.11715
0.459746
0.662
0.431014
0.662
0.0341954
0.119029
0.452895
0.193725
0.418882
0.387183
0.662
0.662
0.534777
0.662
0.421564
0.258916
0.184232
0.281852
0.662
0.662
0.646376
0.662
0.498483
0.515812
0.0964458
0.662
0.57627
0.662
0.277444
0.662
0.05673
0.662
0.207268
0.662
0.200603
0.0327993
0.285931
0.520888
0.35653
0.474593
0.662
0.662
0.363507
0.662
0.219264
0.662
0.203495
0.662
0.39684
0.662
0.378214
0.662
0.259073
0.662
0.26094
0.192894
0.392898
0.145077
0.295087
0.474182
0.662
0.342849
0.162796
0.662
0.114732
0.662
0.355607
0.593152
0.182417
0.662
0.662
0.427471
0.0624944
0.616888
0.360536
0.310639
0.662
0.0888809
0.657037
0.662
0.662
0.413423
0.443266
0.215465
0.662
0.319224
0.315092
0.201292
0.17376
0.149308
0.130073
0.125808
0.162335
0.226929
0.662
0.350098
0.662
0.662
0.662
0.662
0.16684
0.585603
0.193992
0.191348
0.662
0.662
0.662
0.266942
0.0411576
0.00837449
0.662
0.322198
0.311093
0.662
0.662
0.662
0.435285
0.377493
0.0114081
0.255609
0.662
0.543511
0.194283
0.340625
0.603703
0.0650495
0.584931
0.662
0.558235
0.295075
0.662
0.148939
0.662
0.286516
0.0357059
0.333972
0.662
0.662
0.229813
0.299389
0.549053
0.662
0.263233
0.126135
0.662
0.0738395
0.531038
0.662
0.0536106
0.662
0.196914
0.208232
0.185548
0.662
0.195171
0.222863
0.214599
0.559182
0.423655
0.140297
0.662
0.0305759
0.514411
0.662
0.662
0.475392
0.373668
0.0121147
0.42207
0.662
0.662
0.326185
0.662
0.662
0.172838
0.662
0.662
0.662
0.662
0.169893
0.257583
0.460375
0.662
0.104203
0.349685
0.444135
0.662
0.44325
0.234484
0.270928
0.662
0.0751176
0.520368
0.116731
0.662
0.0185119
0.223586
0.222188
0.385828
0.197854
0.662
0.662
0.662
0.255107
0.203077
0.163263
0.405196
0.174351
0.662
0.172596
0.168045
0.262653
0.0788525
0.209544
0.662
0.163816
0.662
0.211963
0.372191
0.356317
0.506768
0.0468281
0.662
0.662
0.0629705
0.465257
0.257132
0.662
0.262497
0.183933
0.257014
0.0808202
0.149758
0.370194
0.21933
0.168186
0.662
0.560409
0.662
0.231076
0.49925
0.385446
0.0666858
0.142368
0.137789
0.376715
0.430999
0.662
0.271286
0.485413
0.406312
0.0834558
0.119446
0.274807
0.662
0.633572
0.176194
0.208301
0.13383
0.662
0.0148314
0.20389
0.662
0.423002
0.122688
0.662
0.394597
0.103051
0.0373516
0.078618
0.586567
0.662
0.016965
0.662
0.175806
0.18745
0.662
0.636649
0.633715
0.662
0.539536
0.462937
0.0429119
0.347744
0.662
0.662
0.662
0.23293
0.25237
0.109457
0.662
0.336577
0.662
0.662
0.117182
0.322942
0.662
0.662
0.291573
0.112367
0.293123
0.498568
0.662
0.662
0.0152791
0.160549
0.0431007
0.662
0.662
0.481854
0.662
0.662
0.662
0.662
0.662
0.210861
0.217288
0.0940911
0.309079
