0.649774
0.0229737
0.662
0.51181
0.294958
0.662
0.662
0.0412109
0.633
0.0617118
0.182878
0.345378
0.140171
0.0974586
0.662
0.662
0.351686
0.660698
0.662
0.662
0.662
0.170763
0.658947
0.650252
0.219654
0.662
0.180869
0.565743
0.662
0.662
0.662
0.662
0.570585
0.657933
0.658895
0.217068
0.662
0.629763
0.662
0.227922
0.662
0.662
0.662
0.662
0.174311
0.231301
0.0423718
0.6554
0.662
0.179017
0.359853
0.273804
0.249315
0.662
0.643033
0.427581
0.662
0.104674
0.662
0.071893
0.335432
0.662
0.400058
0.247711
0.662
0.662
0.0796621
0.353549
0.662
0.662
0.13857
0.224576
0.467363
0.165635
0.276456
0.271803
0.230399
0.374217
0.496393
0.170827
0.662
0.576244
0.189645
0.395369
0.662
0.0264146
0.135371
0.662
0.662
0.195841
0.662
0.662
0.662
0.188068
0.288828
0.541875
0.662
0.662
0.450929
0.662
0.303681
0.196659
0.662
0.662
0.662
0.662
0.662
0.225033
0.361226
0.0751982
0.212692
0.542222
0.578092
0.662
0.573382
0.662
0.345908
0.293505
0.662
0.662
0.662
0.662
0.0189415
0.662
0.162214
0.00567471
0.306974
0.372691
0.662
0.636392
0.662
0.397115
0.460208
0.00773167
0.662
0.662
0.559293
0.28699
0.591189
0.662
0.198005
0.662
0.108329
0.565146
0.662
0.0011423
0.192065
0.662
0.500843
0.102398
0.281291
0.662
0.611511
0.662
0.662
0.502525
0.373527
0.662
0.662
0.214933
0.273355
0.258195
0.13835
0.662
0.0726428
0.0842312
0.198122
0.475324
0.662
0.300058
0.359205
0.662
0.662
0.176354
0.662
0.491086
0.662
0.662
0.197056
0.392102
0.325142
0.662
0.0942574
0.37516
0.0181256
0.0496861
0.352919
0.662
0.173059
0.395199
0.400589
0.651953
0.141378
0.662
0.221265
0.153052
0.0974357
0.124788
0.61916
0.0611495
0.476369
0.324338
0.279309
0.396964
0.315559
0.205152
0.209804
0.174146
0.662
0.340382
0.0281862
0.105891
0.662
0.198479
0.27965
0.236083
0.209385
0.459672
0.662
0.389836
0.307996
0.662
0.514424
0.662
0.131659
0.662
0.409765
0.662
0.105502
0.0898114
0.662
0.662
0.272831
0.456813
0.340518
0.654512
0.154869
0.662
0.363519
0.124961
0.662
0.0053007
0.502114
0.662
0.144573
0.130097
0.662
0.484704
0.272341
0.662
0.346244
0.264825
0.662
0.662
0.662
0.208488
0.285258
0.109954
0.158829
0.509315
0.662
0.662
0.662
0.662
0.208145
0.662
0.644567
0.662
0.662
0.0463622
0.662
0.662
0.662
0.566705
0.624879
0.191806
0.628987
0.320752
0.662
0.322766
0.373541
0.662
0.282123
0.507405
0.226302
0.143579
0.144958
0.662
0.629814
0.662
0.326182
0.252598
0.181877
0.662
0.170915
0.432764
0.440426
0.582835
0.658804
0.0726702
0.625527
0.662
0.662
0.184911
0.662
0.33863
0.26833
0.0981492
0.414113
0.252722
0.391389
0.662
0.252967
0.0927838
0.662
0.625556
0.254878
0.342104
0.437458
0.0923835
0.662
0.662
0.662
0.135157
0.142799
0.41898
0.365276
0.49264
0.196529
0.654736
0.630954
0.0874895
0.603227
0.453966
0.106258
0.662
0.339188
0.498024
0.662
0.163906
0.662
0.171771
0.0812594
0.619334
0.662
0.240122
0.662
0.270174
0.662
0.401035
0.243142
0.662
0.662
0.648382
0.662
0.247083
0.164795
0.662
0.256329
0.0735454
0.337678
0.241008
0.146876
0.535934
0.519856
0.653829
0.331012
0.431822
0.662
0.169922
0.0883526
0.285078
0.662
0.662
0.662
0.662
0.53235
0.0369228
0.662
0.324327
0.479087
0.662
0.342449
0.496215
0.662
0.285608
0.662
0.229997
0.662
0.0488164
0.662
0.662
0.662
0.662
0.662
0.430145
0.662
0.62548
0.662
0.17708
0.662
0.564701
0.181691
0.347615
0.561736
0.247219
0.118525
0.0060572
0.662
0.413522
0.637975
0.454884
0.457397
0.662
0.662
0.160507
0.414665
0.662
0.662
0.662
0.662
0.090931
0.465388
0.662
0.36699
0.189851
0.258961
0.247912
0.00562794
0.339047
0.175194
0.548451
0.234153
0.432164
0.633423
0.511252
0.460514
0.269313
0.206607
0.473224
0.390136
0.234762
0.662
0.662
0.599658
0.481232
0.442714
0.292698
0.627483
0.662
0.662
0.662
0.483412
0.55364
0.662
0.662
0.250238
0.330494
0.662
0.116911
0.149991
0.233312
0.609443
0.662
0.662
0.151504
0.662
0.588996
0.215518
0.269318
0.662
0.662
0.662
0.367223
0.334495
0.662
0.654113
0.313332
0.556709
0.473745
0.0402593
0.0364946
0.662
0.253844
0.662
0.334605
0.0338243
0.632757
0.662
0.109315
0.0648447
0.662
0.507715
0.167236
0.662
0.565758
0.662
0.638205
0.365397
0.374696
0.662
0.355018
0.352411
0.272632
0.662
0.662
0.235565
0.245958
0.472002
0.0822345
0.20775
0.184745
0.235731
0.365943
0.0705868
0.0926751
0.662
0.0984112
0.0928906
0.545296
0.148679
0.240491
0.662
0.662
0.301064
0.15646
0.519976
0.113063
0.242304
0.662
0.662
0.662
0.662
0.662
0.662
0.662
0.369676
0.423851
0.321163
0.194368
0.221988
0.266578
0.457334
0.662
0.579594
0.466727
0.428496
0.0540712
0.198416
0.452928
0.0645583
0.662
0.0969078
0.360422
0.383769
0.132729
0.0947242
0.432172
0.662
0.166008
0.662
0.662
0.662
0.365363
0.662
0.662
0.349136
0.662
0.189426
0.277334
0.305553
0.12667
0.662
0.662
0.334894
0.386844
0.662
0.601147
0.232512
0.662
0.150998
0.662
0.100318
0.644933
0.662
0.662
0.353415
0.662
0.178794
0.271111
0.116757
0.0098037
0.466661
0.472763
0.375067
0.364524
0.0191298
0.662
0.402776
0.272326
0.662
0.426804
0.181553
0.0721045
0.288018
0.662
0.193935
0.283937
0.662
0.662
0.534543
0.54913
0.201409
0.662
0.395765
0.0699449
0.364901
0.23521
0.662
0.426098
0.662
0.662
0.185023
0.662
0.0115942
0.662
0.662
0.333942
0.662
0.168663
0.174701
0.656979
0.238276
0.0302161
0.662
0.280106
0.662
0.0364035
0.2227
0.196634
0.662
0.118833
0.662
0.662
0.465783
0.662
0.369476
0.662
0.662
0.037871
0.165634
0.0905977
0.662
0.270128
0.413591
0.280141
0.184965
0.346854
0.662
0.480311
0.481364
0.662
0.457336
0.428314
0.377933
0.23689
0.429613
0.0275622
0.205751
0.415518
0.371141
0.459685
0.662
0.662
0.234591
0.662
0.431038
0.634459
0.235347
0.229765
0.120638
0.0138277
0.662
0.628537
0.249698
0.662
0.094067
0.141079
0.504633
0.291695
0.0294827
0.168835
0.662
0.410383
0.662
0.201887
0.662
0.662
0.625469
0.457848
0.625517
0.662
0.662
0.662
0.421437
0.137256
0.183667
0.204522
0.179531
0.467369
0.662
0.662
0.662
0.440133
0.662
0.194378
0.0173435
0.327969
0.662
0.33982
0.584719
0.468115
0.431291
0.662
0.662
0.662
0.170049
0.506937
0.155191
0.662
0.662
0.0786319
0.586022
0.154431
0.662
0.662
0.662
0.514603
0.222609
0.662
0.324009
0.17782
0.443529
0.245179
0.374299
0.662
0.547757
0.662
0.662
0.391936
0.642184
0.329774
0.418061
0.0509452
0.662
0.54906
0.662
0.662
0.444656
0.23168
0.398281
0.662
0.662
0.427301
0.258991
0.0613432
0.662
0.662
0.0901391
0.466557
0.662
0.662
0.0134455
0.398929
0.662
0.662
0.662
0.187463
0.557844
0.13667
0.337959
0.443953
0.662
0.662
0.662
0.278301
0.60684
0.15335
0.178212
0.662
0.101327
0.378549
0.662
0.303079
0.132439
0.250318
0.249102
0.259939
0.190086
0.376913
0.0120787
0.662
0.179187
0.185645
0.23175
0.584408
0.292516
0.136694
0.662
0.229028
0.0686252
0.233044
0.662
0.142817
0.133277
0.662
0.662
0.546993
0.662
0.662
0.662
0.521544
0.474363
0.249512
0.425657
0.251924
0.662
0.662
0.662
0.662
0.662
0.662
0.117758
0.227131
0.502246
0.662
0.662
0.662
0.251017
0.211677
0.251765
0.662
0.471778
0.662
0.0476365
0.228885
0.158336
0.0895577
0.662
0.261803
0.501283
0.396038
0.482369
0.263299
0.439585
0.233304
0.414696
0.0272798
0.295928
0.215758
0.283099
0.662
0.662
0.0644528
0.0921473
0.662
0.261482
0.578211
0.242058
0.158603
0.237111
0.662
0.0294548
0.662
0.401689
0.662
0.241603
0.662
0.662
0.488442
0.112451
0.500965
0.309791
0.662
0.645741
0.0216585
0.403043
0.662
0.662
0.0751498
0.23213
0.662
0.281931
0.487177
0.260112
0.616523
0.662
0.466131
0.642454
0.0305191
0.214481
0.662
0.662
0.568594
0.662
0.324132
0.0345974
0.520208
0.662
0.0246656
0.662
0.634223
0.150994
0.57217
0.301567
0.662
0.662
0.41589
0.662
0.662
0.431755
0.022071
0.425397
0.662
0.662
0.62156
0.0637353
0.60764
0.662
0.174724
0.600961
0.662
0.375048
0.0608597
0.662
0.453166
0.535152
0.276763
0.662
0.662
0.662
0.193112
0.491826
0.270576
0.168672
0.202633
0.217945
0.662
0.662
0.499269
0.662
0.662
0.636392
0.438307
0.138677
0.275357
0.0989261
0.0521953
0.260522
0.662
0.662
0.662
0.296196
0.299822
0.312441
0.620454
0.662
0.662
0.662
0.412563
0.244623
0.586323
0.19142
0.662
0.0879874
0.515347
0.572197
0.662
0.354167
0.662
0.151971
0.296951
0.0844218
0.662
0.661531
0.0930346
0.662
0.389636
0.309889
0.662
0.662
0.444633
0.662
0.466928
0.662
0.141409
0.324047
0.145296
0.109293
0.662
0.477898
0.662
0.544487
0.289442
0.662
0.189325
0.662
0.136877
0.662
0.603574
0.662
0.656021
0.524743
0.214747
0.519347
0.470298
0.272903
0.662
0.183164
0.0772221
0.322783
0.662
0.662
0.115608
0.572717
0.662
0.662
0.143029
0.153915
0.154187
0.380314
0.662
0.167894
0.0283247
0.062632
0.213163
0.662
0.662
0.448085
0.317587
0.662
0.123807
0.619516
0.542404
0.281283
0.545536
0.662
0.0937012
0.439929
0.195181
0.249659
0.437921
0.634599
0.448779
0.261911
0.662
0.662
0.531857
0.280462
0.662
0.215431
0.263958
0.662
0.389601
0.550356
0.662
0.244913
0.344013
0.662
0.444123
0.433031
0.212264
0.364214
0.662
0.181381
0.510412
0.330988
0.662
0.0917559
0.662
0.179023
0.335986
0.454291
0.391178
0.13817
0.206304
0.425058
0.191541
0.582247
0.662
0.356626
0.654596
0.193347
0.206343
0.134925
0.662
0.489475
0.11443
0.291228
0.388171
0.164385
0.662
0.662
0.486263
0.662
0.642128
0.662
0.0176276
0.219284
0.379203
0.379433
0.629563
0.662
0.662
0.662
0.266144
0.662
0.662
0.457505
0.445762
0.125819
0.540983
0.26408
0.662
0.181994
0.662
0.662
0.471402
0.242234
0.186524
0.353324
0.662
0.662
0.466922
0.197684
0.662
0.662
0.662
0.11764
0.0726885
0.157964
0.662
0.0626412
0.217203
0.0600094
0.235396
0.662
0.204705
0.662
0.290596
0.214042
0.223603
0.403321
0.147535
0.0432332
0.662
0.322157
0.317433
0.641837
0.017284
0.662
0.140532
0.63364
0.662
0.662
0.0820492
0.0331937
0.662
0.0214813
0.410897
0.157235
0.196985
0.662
0.513722
0.646624
0.469737
0.662
0.141182
0.24567
0.365763
0.358828
0.662
0.457816
0.00741632
0.253044
0.662
0.147368
0.164477
0.662
0.650148
0.101817
0.236453
0.0239888
0.628973
0.332576
0.662
0.662
0.499405
0.662
0.542296
0.154455
0.556258
0.618261
0.179948
0.662
0.438394
0.0756895
0.170203
0.579744
0.604835
0.0106951
0.662
0.0890453
0.662
0.0801761
0.167495
0.662
0.236904
0.503367
0.662
0.192535
0.375729
0.554215
0.662
0.492278
0.471049
0.182864
0.419018
0.385291
0.473493
0.662
0.0290377
0.287636
0.662
0.503788
0.0839022
0.428263
0.615711
0.662
0.459362
0.183193
0.662
0.352697
0.358486
0.4707
0.662
0.331808
0.662
0.210399
0.662
0.662
0.150641
0.172504
0.158815
0.155357
0.013975
0.563544
0.479042
0.662
0.00966729
0.437483
0.662
0.25927
0.140597
0.553491
0.432099
0.399837
0.0323526
0.304941
0.662
0.662
0.662
0.162503
0.554055
0.353606
0.281643
0.618304
0.440962
0.662
0.0454481
0.215265
0.58352
0.649777
0.662
0.662
0.00274261
0.0853673
0.662
0.358445
0.662
0.258392
0.105462
0.10491
0.458471
0.662
0.0700881
0.24607
0.52797
0.0718716
0.338136
0.562904
0.406558
0.00149299
0.263697
0.365245
0.662
0.331711
0.106096
0.606297
0.662
0.325742
0.662
0.662
0.0541422
0.302864
0.499377
0.646087
0.662
0.392273
0.662
0.662
0.662
0.623243
0.588933
0.434853
0.166882
0.339792
0.361636
0.662
0.332148
0.380073
0.662
0.46128
0.662
0.12577
0.438754
0.380332
0.279892
0.662
0.662
0.662
0.301264
0.662
0.662
0.579564
0.237597
0.662
0.662
0.662
0.299812
0.553166
0.662
0.662
0.662
0.113388
0.453988
0.468573
0.0227104
0.199861
0.450285
0.471486
0.253771
0.662
0.662
0.435652
0.662
0.206252
0.0691137
0.234322
0.638838
0.662
0.387994
0.575805
0.10297
0.320067
0.0815739
0.369882
0.662
0.072346
0.55176
0.662
0.326093
0.471343
0.389468
0.31071
0.662
0.633391
0.608316
0.490809
0.662
0.0540811
0.426977
0.000912518
0.617909
0.544504
0.0839464
0.662
0.531323
0.258605
0.453716
0.426706
0.662
0.34607
0.662
0.283854
0.662
0.662
0.272233
0.255345
0.0544926
0.662
0.570789
0.123757
0.662
0.362929
0.662
0.662
0.423818
0.263853
0.662
0.662
0.358804
0.185743
0.280102
0.662
0.281972
0.662
0.183959
0.277029
0.328065
0.633391
0.370783
0.131172
0.472813
0.214456
0.227672
0.0815187
0.267437
0.379206
0.54123
0.382493
0.662
0.635014
0.662
0.281297
0.662
0.125028
0.662
0.662
0.0220298
0.662
0.401129
0.0219302
0.21093
0.662
0.136735
0.536103
0.572866
0.662
0.43092
0.444163
0.407655
0.188557
0.662
0.486063
0.172348
0.662
0.187712
0.269861
0.247076
0.0559188
0.213647
0.662
0.00757593
0.0586382
0.285994
0.323967
0.662
0.273383
0.374375
0.393504
0.662
0.662
0.662
0.0842545
0.433256
0.378444
0.318593
0.232458
0.278168
0.615443
0.662
0.0626614
0.33232
0.662
0.662
0.480447
0.516683
0.662
0.200567
0.246759
0.662
0.662
0.156915
0.21328
0.00397338
0.662
0.662
0.489167
0.580616
0.426232
0.162216
0.364071
0.578476
0.527004
0.300007
0.662
0.662
0.63229
0.578198
0.153097
0.206078
0.251545
0.407178
0.190535
0.310809
0.226984
0.24765
0.546667
0.662
0.0190329
0.378995
0.662
0.192804
0.662
0.227541
0.342579
0.662
0.202437
0.662
0.662
0.662
0.226137
0.662
0.224481
0.662
0.267414
0.662
0.0687655
0.572975
0.662
0.176363
0.162189
0.604338
0.143833
0.662
0.43371
0.662
0.662
0.534518
0.662
0.21304
0.167807
0.397006
0.25429
0.662
0.662
0.662
0.662
0.274618
0.662
0.195748
0.156509
0.368342
0.0113341
0.662
0.662
0.466365
0.662
0.152184
0.414706
0.47838
0.651419
0.373493
0.186181
0.229791
0.662
0.190601
0.149319
0.391659
0.319025
0.308289
0.662
0.285681
0.304059
0.0521766
0.368013
0.662
0.656489
0.662
0.261546
0.18687
0.16097
0.593023
0.662
0.173465
0.662
0.287346
0.44656
0.662
0.349236
0.662
0.662
0.00982739
0.275611
0.657976
0.662
0.152263
0.431074
0.662
0.662
0.662
0.437028
0.662
0.179191
0.0121255
0.662
0.108334
0.592323
0.597118
0.662
0.662
0.662
0.662
0.662
0.37907
0.449042
0.198669
0.662
0.322562
0.149398
0.644801
0.662
0.150328
0.255257
0.662
0.0594222
0.184637
0.662
0.190291
0.454434
0.358281
0.50945
0.662
0.32459
0.436644
0.662
0.205298
0.197598
0.449745
0.662
0.662
0.662
0.508388
0.662
0.245525
0.168855
0.662
0.662
0.243895
0.253434
0.474138
0.577169
0.662
0.662
0.00167693
0.633694
0.352074
0.662
0.415613
0.394309
0.126553
0.299737
0.582007
0.662
0.379479
0.662
0.158186
0.249689
0.662
0.227932
0.47392
0.482686
0.0899967
0.405984
0.662
0.346401
0.180042
0.426414
0.662
0.258259
0.662
0.614788
0.662
0.662
0.212772
0.00294221
0.662
0.662
0.163019
0.0915075
0.662
0.487533
0.089592
0.13233
0.376939
0.0174604
0.662
0.467447
0.286868
0.28218
0.427002
0.165309
0.328941
0.662
0.0929168
0.662
0.662
0.378712
0.387117
0.201923
0.621184
0.323647
0.662
0.171367
0.645833
0.662
0.0515085
0.113207
0.377715
0.23269
0.0984054
0.116736
0.182221
0.31158
0.188771
0.633932
0.662
0.633315
0.49996
0.275476
0.639063
0.296675
0.194204
0.662
0.292596
0.456946
0.662
0.58178
0.314838
0.0301605
0.18391
0.323669
0.480153
0.0698728
0.05082
0.233339
0.354649
0.662
0.06252
0.522566
0.235533
0.25392
0.242107
0.161801
0.129901
0.449372
0.0480259
0.567128
0.266484
0.589305
0.662
0.662
0.662
0.410232
0.662
0.175617
0.662
0.184778
0.662
0.090062
0.0766371
0.312371
0.056357
0.662
0.662
0.662
0.427344
0.418158
0.248717
0.224029
0.662
0.0200185
0.361552
0.0295639
0.142488
0.131079
0.220706
0.336786
0.662
0.378029
0.662
0.0312275
0.662
0.623394
0.662
0.393974
0.429131
0.197863
0.0315307
0.662
0.112784
0.049358
0.662
0.187431
0.478969
0.662
0.225701
0.662
0.651474
0.1614
0.662
0.183151
0.662
0.662
0.441074
0.192533
0.268046
0.0252099
0.187042
0.297921
0.41857
0.513425
0.277942
0.662
0.18179
0.453812
0.662
0.455061
0.662
0.662
0.662
0.452502
0.537615
0.280022
0.662
0.383629
0.662
0.52488
0.662
0.130133
0.662
0.662
0.662
0.086967
0.365535
0.174323
0.662
0.662
0.00980432
0.613442
0.19235
0.152538
0.494895
0.388195
0.662
0.662
0.308938
0.0622261
0.405056
0.216759
0.662
0.662
0.662
0.662
0.241149
0.662
0.315471
0.260538
0.662
0.218614
0.662
0.662
0.662
0.00642473
0.662
0.644706
0.445504
0.662
0.277651
0.662
0.428449
0.110177
0.283217
0.414384
0.472972
0.28469
0.662
0.313053
0.567014
0.42286
0.450329
0.13876
0.31456
0.662
0.662
0.210731
0.307092
0.238794
0.662
0.662
0.662
0.42393
0.47373
0.597716
0.169745
0.662
0.662
0.271547
0.338474
0.110311
0.407084
0.662
0.384312
0.39959
0.348323
0.662
0.662
0.662
0.390387
0.584203
0.662
0.610486
0.0449081
0.419188
0.188527
0.44649
0.578572
0.240051
0.271363
0.662
0.202045
0.662
0.490409
0.19703
0.0246106
0.662
0.229424
0.606843
0.365965
0.662
0.371377
0.168679
0.659644
0.662
0.29697
0.23041
0.261884
0.319814
0.187712
0.662
0.662
0.662
0.430896
0.539956
0.625815
0.647979
0.0560648
0.402182
0.662
0.662
0.662
0.0559102
0.169815
0.400842
0.662
0.456238
0.662
0.662
0.170539
0.174116
0.662
0.0977763
0.412932
0.457124
0.486702
0.442901
0.229956
0.356808
0.662
0.662
0.114788
0.662
0.293016
0.619736
0.662
0.350446
0.459735
0.662
0.451183
0.311539
0.0590422
0.315533
0.662
0.191055
0.502278
0.41831
0.662
0.662
0.275537
0.103426
0.258095
0.0599879
0.662
0.630565
0.239594
0.662
0.662
0.662
0.484943
0.179254
0.106252
0.662
0.449383
0.510271
0.0965828
0.662
0.54667
0.181825
0.271656
0.662
0.662
0.662
0.305197
0.662
0.662
0.662
0.512803
0.23568
0.285586
0.662
0.662
0.191212
0.51696
0.662
0.606646
0.376056
0.450127
0.193382
0.662
0.578338
0.662
0.662
0.270751
0.15835
0.091759
0.464603
0.575293
0.33089
0.433465
0.662
0.432566
0.662
0.662
0.123488
0.110566
0.461887
0.159072
0.276721
0.662
0.662
0.278825
0.662
0.662
0.662
0.356138
0.565563
0.662
0.362818
0.157347
0.217947
0.662
0.312088
0.215576
0.268686
0.320451
0.446384
0.240599
0.19436
0.255916
0.662
0.127503
0.19654
0.484517
0.434944
0.268804
0.662
0.401832
0.662
0.43888
0.662
0.662
0.450541
0.662
0.439788
0.662
0.141582
0.662
0.60534
0.291155
0.640011
0.111213
0.382967
0.607721
0.291082
0.24546
0.580467
0.593777
0.413923
0.177668
0.191555
0.635769
0.546097
0.241502
0.662
0.662
0.662
0.227325
0.414268
0.662
0.662
0.321189
0.662
0.000770372
0.662
0.64236
0.662
0.0291886
0.584401
0.251375
0.0513787
0.0939863
0.244975
0.662
0.662
0.265972
0.318423
0.619475
0.662
0.662
0.377004
0.662
0.662
0.662
0.316795
0.662
0.519901
0.144447
0.0817476
0.662
0.662
0.429262
0.662
0.662
0.662
0.662
0.0693722
0.662
0.524449
0.110807
0.662
0.190335
0.371391
0.121737
0.357227
0.278361
0.207101
0.662
0.354876
0.230264
0.0505703
0.460629
0.662
0.662
0.210195
0.0809773
0.536318
0.662
0.201378
0.243776
0.215717
0.160033
0.346248
0.381554
0.662
0.137171
0.242357
0.128405
0.662
0.478889
0.337645
0.295237
0.210608
0.129232
0.649791
0.662
0.368579
0.219647
0.180473
0.0514948
0.215107
0.662
0.315991
0.662
0.22407
0.662
0.447165
0.662
0.662
0.424976
0.284958
0.662
0.458769
0.662
0.540261
0.662
0.0295884
0.662
0.51284
0.198914
0.662
0.662
0.0112562
0.662
0.288088
0.184497
0.654617
0.662
0.305363
0.662
0.42726
0.181779
0.342648
0.37297
0.354968
0.659393
0.334842
0.278249
0.662
0.662
0.662
0.662
0.129008
0.662
0.662
0.662
0.662
0.662
0.512089
0.662
0.258322
0.662
0.662
0.170405
0.509827
0.15287
0.211933
0.0908822
0.236778
0.662
0.352187
0.452566
0.662
0.662
0.187805
0.662
0.662
0.516338
0.346493
0.211722
0.410931
0.126059
0.195112
0.437853
0.662
0.0404331
0.584085
0.652682
0.566312
0.172522
0.662
0.386623
0.204225
0.662
0.662
0.662
0.246736
0.62196
0.376393
0.662
0.500344
0.315069
0.169214
0.662
0.322565
0.297035
0.467275
0.0456526
0.575343
0.662
0.390231
0.377715
0.0308014
0.662
0.662
0.187161
0.662
0.662
0.662
0.0759024
0.107528
0.319965
0.103289
0.662
0.259712
0.142301
0.461624
0.662
0.662
0.662
0.662
0.0413389
0.394048
0.577458
0.662
0.374464
0.662
0.0760339
0.474124
0.229377
0.271392
0.662
0.662
0.662
0.187959
0.662
0.100269
0.482612
0.662
0.662
0.554096
0.0604687
0.662
0.470424
0.27213
0.263686
0.662
0.662
0.662
0.662
0.221319
0.226845
0.662
0.662
0.274784
0.179029
0.360502
0.244992
0.618198
0.22699
0.470741
0.662
0.662
0.662
0.662
0.662
0.132435
0.12691
0.633391
0.662
0.467689
0.0957622
0.662
0.00474338
0.486675
0.63133
0.189271
0.662
0.662
0.662
0.0707075
0.215251
0.285481
0.280471
0.662
0.404668
0.49606
0.084943
0.662
0.100028
0.0569303
0.302409
0.65671
0.245218
0.662
0.662
0.186376
0.181908
0.112818
0.398493
0.662
0.414765
0.554499
0.214756
0.662
0.442675
0.252868
0.355655
0.0979406
0.150123
0.209834
0.662
0.460954
0.385607
0.322839
0.0905028
0.610164
0.265947
0.388779
0.636766
0.351154
0.324095
0.662
0.601153
0.215046
0.662
0.158683
0.361631
0.240292
0.662
0.397501
0.0213097
0.00668682
0.662
0.479182
0.662
0.662
0.662
0.588832
0.0125738
0.405352
0.209641
0.662
0.662
0.491716
0.390252
0.12417
0.38505
0.360408
0.662
0.662
0.0235914
0.662
0.433242
0.662
0.393691
0.451213
0.0626912
0.310654
0.354321
0.152966
0.225427
0.224564
0.371727
0.358067
0.262537
0.454355
0.662
0.148942
0.503378
0.0208682
0.662
0.460842
0.662
0.399512
0.662
0.662
0.276893
0.312977
0.662
0.187085
0.00361941
0.386763
0.662
0.259623
0.147666
0.391195
0.662
0.5538
0.269166
0.176951
0.642754
0.0943637
0.445572
0.264038
0.0238914
0.662
0.0378167
0.655148
0.662
0.0744786
0.191309
0.442179
0.185315
0.287153
0.159157
0.401637
0.662
0.24758
0.662
0.662
0.259803
0.39354
0.662
0.237215
0.662
0.662
0.271161
0.662
0.360331
0.230478
0.0656723
0.662
0.228875
0.289775
0.0274819
0.369817
0.514162
0.184542
0.233886
0.207029
0.662
0.260634
0.516998
0.367007
0.37356
0.662
0.202167
0.662
0.0868224
0.243127
0.189374
0.662
0.480035
0.354772
0.264139
0.633114
0.662
0.662
0.65331
0.30055
0.0410134
0.662
0.22274
0.662
0.244253
0.662
0.662
0.585625
0.187052
0.662
0.436863
0.219578
0.288073
0.662
0.412869
0.662
0.662
0.478247
0.0518375
0.126149
0.662
0.161515
0.212449
0.662
0.010363
0.662
0.662
0.504863
0.391201
0.225869
0.337427
0.468053
0.662
0.662
0.190611
0.198812
0.100675
0.662
0.132727
0.662
0.0146256
0.662
0.187956
0.528499
0.0810024
0.179837
0.138049
0.13164
0.133519
0.662
0.288262
0.452927
0.662
0.203786
0.50655
0.19025
0.459815
0.328244
0.256528
0.228885
0.649422
0.662
0.00171099
0.662
0.20707
0.506398
0.198126
0.178682
0.237292
0.315388
0.627694
0.258394
0.0963091
0.342327
0.44287
0.0884305
0.327021
0.25875
0.662
0.555762
0.662
0.662
0.662
0.662
0.506017
0.00562606
0.662
0.214377
0.662
0.248929
0.166064
0.518068
0.662
0.662
0.0482222
0.554783
0.414196
0.318191
0.662
0.125853
0.189732
0.371537
0.0953714
0.656853
0.23199
0.134327
0.0351323
0.472958
0.530839
0.662
0.349911
0.436433
0.662
0.114846
0.0870703
0.288052
0.561978
0.662
0.662
0.253625
0.341739
0.206779
0.662
0.662
0.662
0.0907453
0.657032
0.236742
0.257411
0.240241
0.390336
0.442875
0.662
0.184976
0.545975
0.18293
0.221137
0.446576
0.662
0.499481
0.466275
0.355962
0.472014
0.572183
0.175053
0.245277
0.662
0.181282
0.662
0.29764
0.199892
0.406236
0.34307
0.662
0.220197
0.662
0.247821
0.296648
0.662
0.662
0.359466
0.41356
0.600591
0.263046
0.0163428
0.662
0.190121
0.662
0.150496
0.470848
0.662
0.662
0.432673
0.662
0.420659
0.662
0.196853
0.555185
0.578643
0.185392
0.662
0.662
0.253107
0.197413
0.335505
0.521654
0.0321964
0.662
0.662
0.662
0.0701996
0.274988
0.195557
0.51322
0.662
0.433513
0.662
0.503565
0.14761
0.397624
0.662
0.286744
0.579529
0.140794
0.191614
0.237977
0.393242
0.479778
0.662
0.138002
0.662
0.509237
0.487721
0.07791
0.108277
0.468097
0.295096
0.20441
0.662
0.662
0.198148
0.662
0.662
0.498566
0.662
0.138921
0.269282
0.662
0.451318
0.63339
0.652688
0.546437
0.180132
0.204143
0.513434
0.662
0.232053
0.297832
0.119504
0.192137
0.662
0.662
0.352189
0.552641
0.0843292
0.369057
0.662
0.508468
0.662
0.167414
0.550528
0.662
0.662
0.0700488
0.484513
0.180784
0.410101
0.0580051
0.315675
0.401188
0.333804
0.493969
0.450281
0.146824
0.585982
0.474168
0.662
0.662
0.509662
0.455628
0.661129
0.628705
0.386164
0.283095
0.384794
0.22669
0.662
0.662
0.662
0.366608
0.662
0.662
0.662
0.240022
0.662
0.174694
0.120252
0.662
0.565866
0.303535
0.11186
0.662
0.662
0.662
0.130761
0.662
0.155592
0.662
0.413839
0.34215
0.237401
0.662
0.662
0.0262059
0.447511
0.126096
0.37612
0.220426
0.662
0.662
0.0248586
0.267805
0.593649
0.27982
0.362025
0.254593
0.111592
0.662
0.662
0.662
0.368285
0.527324
0.662
0.662
0.488051
0.151852
0.662
0.248703
0.212859
0.425995
0.662
0.662
0.579471
0.649949
0.287614
0.662
0.541131
0.20784
0.315966
0.662
0.662
0.317292
0.179063
0.40077
0.51299
0.144107
0.662
0.662
0.557599
0.163947
0.662
0.0214439
0.0619103
0.662
0.368573
0.662
0.198218
0.0767958
0.0811599
0.446525
0.374601
0.662
0.662
0.476473
0.244434
0.662
0.293838
0.264014
0.620599
0.363806
0.504993
0.662
0.13574
0.662
0.211902
0.357785
0.614133
0.662
0.623949
0.251641
0.247423
0.586771
0.345011
0.308423
0.0696352
0.638182
0.376025
0.169833
0.662
0.662
0.662
0.662
0.223021
0.662
0.662
0.21943
0.394455
0.283791
0.662
0.18385
0.662
0.106124
0.662
0.349898
0.662
0.406878
0.138733
0.216073
0.165399
0.662
0.263987
0.255068
0.662
0.599833
0.0590516
0.072781
0.476347
0.662
0.359537
0.144138
0.329556
0.64968
0.20971
0.445371
0.662
0.186113
0.320778
0.662
0.0343123
0.219505
0.331088
0.662
0.21948
0.662
0.361903
0.662
0.259171
0.212748
0.330745
0.0639028
0.420205
0.662
0.620692
0.662
0.461367
0.449129
0.636697
0.445722
0.0582359
0.394568
0.662
0.182198
0.662
0.226565
0.203955
0.0159199
0.662
0.662
0.574271
0.0537547
0.227661
0.662
0.317467
0.151802
0.623536
0.0791357
0.662
0.288928
0.24596
0.0751518
0.592409
0.662
0.662
0.0887726
0.560816
0.572434
0.299781
0.662
0.407456
0.319518
0.351879
0.662
0.491843
0.662
0.463646
0.406682
0.662
0.499264
0.452155
0.431347
0.423931
0.662
0.0514252
0.662
0.278069
0.317507
0.662
0.405573
0.662
0.340983
0.662
0.353526
0.574867
0.662
0.149436
0.200531
0.662
0.662
0.642952
0.47665
0.538328
0.186941
0.286827
0.614215
0.627265
0.15372
0.662
0.462208
0.662
0.662
0.289884
0.21359
0.568416
0.662
0.513358
0.662
0.0413721
0.662
0.662
0.662
0.365126
0.0233695
0.30853
0.459667
0.301835
0.565709
0.662
0.662
0.0288352
0.662
0.374772
0.179323
0.662
0.662
0.197906
0.662
0.662
0.662
0.662
0.662
0.263566
0.662
0.203596
0.220458
0.423904
0.60406
0.1692
0.662
0.0650437
0.267602
0.662
0.132234
0.662
0.229626
0.385994
0.261507
0.662
0.0491758
0.658019
0.071422
0.311466
0.662
0.65608
0.471107
0.662
0.175522
0.0951026
0.662
0.662
0.435554
0.12272
0.326421
0.0559487
0.441899
0.0615006
0.351927
0.256701
0.214144
0.662
0.116041
0.662
0.0800485
0.662
0.495065
0.662
0.481744
0.662
0.508515
0.662
0.178403
0.245549
0.468697
0.113756
0.414099
0.36209
0.662
0.662
0.534096
0.662
0.486987
0.662
0.499431
0.114114
0.178123
0.662
0.662
0.307084
0.662
0.336239
0.202887
0.588287
0.382636
0.662
0.0764915
0.0220741
0.351721
0.434035
0.229088
0.427337
0.33236
0.662
0.624221
0.169952
0.422472
0.629706
0.518827
0.111682
0.340897
0.662
0.279623
0.662
0.221339
0.104864
0.313469
0.325583
0.662
0.571272
0.621146
0.530918
0.188525
0.111843
0.662
0.43891
0.386524
0.125434
0.607955
0.181474
0.662
0.432748
0.662
0.0108955
0.662
0.662
0.0883096
0.0424861
0.662
0.254355
0.662
0.345731
0.662
0.662
0.245362
0.110309
0.203027
0.507976
0.662
0.248369
0.662
0.164213
0.183123
0.356787
0.662
0.326532
0.662
0.662
0.206063
0.140209
0.149315
0.509551
0.651991
0.225611
0.101184
0.00884862
0.132371
0.662
0.662
0.662
0.418089
0.0539662
0.0365741
0.147524
0.226129
0.00673332
0.662
0.662
0.402942
0.407516
0.662
0.339157
0.142104
0.387546
0.617823
0.389204
0.662
0.171752
0.662
0.577428
0.328837
0.165025
0.0382649
0.662
0.387291
0.662
0.283953
0.131222
0.587158
0.662
0.49354
0.205187
0.445849
0.662
0.102312
0.406279
0.263281
0.132561
0.662
0.662
0.622089
0.356252
0.662
0.172472
0.603897
0.662
0.296817
0.359915
0.633961
0.603453
0.253757
0.662
0.133483
0.662
0.216407
0.00656986
0.662
0.190428
0.22688
0.105462
0.662
0.304188
0.221173
0.355871
0.178483
0.148499
0.305852
0.191916
0.588938
0.662
0.213533
0.662
0.662
0.662
0.662
0.662
0.662
0.185151
0.662
0.662
0.662
0.662
0.662
0.480375
0.445257
0.58251
0.662
0.430291
0.3054
0.622294
0.312
0.662
0.216819
0.411463
0.572781
0.662
0.32884
0.0319099
0.662
0.639362
0.662
0.0703414
0.0468943
0.416563
0.414933
0.662
0.662
0.0977363
0.318864
0.171132
0.11967
0.398822
0.662
0.0176051
0.659922
0.154665
0.662
0.576938
0.36712
0.135618
0.0250796
0.443629
0.662
0.206592
0.250816
0.321551
0.662
0.473297
0.513408
0.15595
0.240373
0.662
0.662
0.662
0.662
0.487899
0.359807
0.424924
0.124014
0.26
0.177051
0.662
0.122398
0.45923
0.662
0.662
0.288273
0.662
0.662
0.456833
0.662
0.483559
0.592642
0.455969
0.208805
0.461699
0.0922359
0.11441
0.627805
0.573448
0.289311
0.26564
0.382711
0.504691
0.662
0.453857
0.662
0.228076
0.482104
0.0667682
0.662
0.265395
0.662
0.51691
0.286754
0.662
0.1556
0.662
0.210281
0.172389
0.0150426
0.181701
0.662
0.662
0.0652417
0.662
0.190268
0.430743
0.355006
0.0775669
0.662
0.32037
0.527459
0.0815649
0.367046
0.139091
0.542652
0.402075
0.147671
0.11161
0.662
0.429258
0.00489365
0.397069
0.207823
0.368648
0.20891
0.330243
0.16175
0.454216
0.459826
0.319265
0.662
0.441191
0.662
0.604287
0.158297
0.105787
0.277736
0.662
0.0432729
0.371589
0.662
0.396541
0.191351
0.263593
0.662
0.585921
0.0970284
0.662
0.158921
0.209674
0.110194
0.662
0.0391225
0.662
0.355918
0.150572
0.415759
0.662
0.662
0.0369038
0.182123
0.22792
0.243566
0.447912
0.662
0.519098
0.40016
0.169401
0.49947
0.200376
0.658717
0.233168
0.441968
0.195945
0.662
0.046588
0.178267
0.079483
0.3346
0.609769
0.435017
0.662
0.364358
0.400257
0.662
0.338706
0.536195
0.641215
0.174398
0.178233
0.345029
0.662
0.651453
0.662
0.345043
0.0728891
0.444861
0.305162
0.662
0.192958
0.662
0.210302
0.645243
0.662
0.631453
0.162716
0.653342
0.662
0.662
0.662
0.17316
0.0875345
0.662
0.220476
0.0118937
0.662
0.662
0.662
0.255529
0.638074
0.662
0.0342716
0.182559
0.662
0.420109
0.248881
0.662
0.196907
0.0356944
0.229614
0.662
0.516466
0.654328
0.662
0.278712
0.662
0.3025
0.389924
0.182473
0.00894163
0.441779
0.221447
0.476778
0.00645369
0.138487
0.49914
0.214757
0.662
0.274159
0.239118
0.214089
0.254779
0.528005
0.662
0.381284
0.341317
0.662
0.0921393
0.495592
0.0498574
0.662
0.457181
0.209163
0.613395
0.662
0.181258
0.0892626
0.500913
0.624671
0.249735
0.307492
0.662
0.205727
0.408278
0.0587618
0.662
0.0907967
0.0498245
0.662
0.0724532
0.594878
0.662
0.165412
0.662
0.0560943
0.276585
0.662
0.317235
0.662
0.136936
0.507025
0.662
0.0214059
0.306925
0.200697
0.161807
0.662
0.172021
0.571705
0.281486
0.261817
0.576982
0.192697
0.338135
0.662
0.662
0.347634
0.19744
0.180444
0.662
0.0539825
0.662
0.621316
0.633569
0.662
0.662
0.112695
0.40656
0.427952
0.040322
0.397673
0.211156
0.405203
0.639202
0.0949277
0.322832
0.469573
0.243734
0.585895
0.662
0.517298
0.291973
0.549474
0.12478
0.593298
0.499371
0.105775
0.271072
0.662
0.260374
0.662
0.662
0.0424927
0.537439
0.662
0.662
0.580687
0.100872
0.662
0.662
0.192079
0.0858901
0.626364
0.450648
0.662
0.55659
0.232329
0.329521
0.662
0.662
0.101651
0.662
0.582389
0.415705
0.364229
0.455602
0.46508
0.173275
0.235065
0.662
0.0251457
0.53788
0.203187
0.367819
0.30009
0.032547
0.182266
0.354181
0.662
0.662
0.662
0.662
0.290656
0.662
0.0457362
0.368537
0.432753
0.210248
0.446779
0.12102
0.662
0.107881
0.301049
0.662
0.136535
0.588339
0.140056
0.103611
0.365321
0.202643
0.0228758
0.205832
0.359879
0.124753
0.0633903
0.662
0.286887
0.603352
0.450499
0.662
0.662
0.301413
0.109087
0.251868
0.393199
0.151364
0.662
0.662
0.231677
0.662
0.662
0.31071
0.367724
0.547469
0.107272
0.122731
0.662
0.662
0.149303
0.200187
0.305289
0.581836
0.137016
0.274124
0.148752
0.302281
0.662
0.100878
0.662
0.662
0.628158
0.123339
0.662
0.630475
0.662
0.272043
0.169752
0.400674
0.583832
0.662
0.662
0.384823
0.662
0.534495
0.201348
0.662
0.662
0.662
0.431717
0.662
0.533828
0.239891
0.662
0.417279
0.662
0.121401
0.0615234
0.662
0.662
0.00543074
0.662
0.662
0.526095
0.286697
0.38787
0.251573
0.662
0.650295
0.662
0.662
0.417511
0.662
0.662
0.662
0.512236
0.169205
0.386644
0.662
0.662
0.356289
0.214521
0.662
0.228951
0.62897
0.175016
0.662
0.662
0.196345
0.662
0.135243
0.662
0.662
0.539898
0.496505
0.662
0.372671
0.662
0.151201
0.662
0.442496
0.222756
0.662
0.662
0.662
0.662
0.157333
0.662
0.513019
0.395671
0.662
0.573135
0.566769
0.662
0.662
0.204006
0.662
0.662
0.50186
0.662
0.662
0.662
0.662
0.103385
0.662
0.288911
0.0528727
0.487595
0.662
0.302071
0.110861
0.662
0.662
0.584933
0.259719
0.138907
0.662
0.207693
0.0788686
0.257734
0.662
0.662
0.662
0.196294
0.272941
0.40282
0.358939
0.662
0.18845
0.0524683
0.304439
0.662
0.662
0.426443
0.662
0.662
0.662
0.662
0.0824506
0.412126
0.662
0.324364
0.349723
0.662
0.662
0.662
0.514659
0.662
0.481086
0.232462
0.662
0.662
0.0292997
0.662
0.249383
0.0589977
0.522257
0.662
0.304245
0.662
0.0828429
0.662
0.26256
0.390214
0.0491419
0.174998
0.116002
0.138107
0.224419
0.650406
0.662
0.662
0.266106
0.276535
0.173526
0.416571
0.492718
0.5745
0.120245
0.662
0.662
0.437498
0.217282
0.270887
0.662
0.458528
0.662
0.134745
0.58072
0.505033
0.0967375
0.238654
0.136448
0.662
0.124296
0.662
0.662
0.366457
0.662
0.65471
0.315792
0.0342879
0.662
0.662
0.586049
0.398025
0.0377016
0.608963
0.662
0.102451
0.662
0.662
0.262173
0.662
0.342299
0.354141
0.662
0.163589
0.662
0.662
0.355937
0.662
0.662
0.662
0.662
0.454468
0.662
0.548088
0.155062
0.0743852
0.258161
0.417682
0.280814
0.0725434
0.464217
0.662
0.232841
0.377458
0.11472
0.499303
0.662
0.061471
0.420703
0.662
0.136933
0.0371939
0.291288
0.32813
0.199549
0.590423
0.662
0.436802
0.391889
0.352401
0.662
0.427828
0.413524
0.152855
0.662
0.269138
0.081909
0.0799684
0.146401
0.662
0.613142
0.662
0.662
0.662
0.0573679
0.662
0.524293
0.662
0.259267
0.0401897
0.617499
0.210742
0.217571
0.0646517
0.206549
0.662
0.38398
0.662
0.0711095
0.256656
0.662
0.37236
0.17592
0.662
0.236421
0.662
0.653031
0.63021
0.662
0.218115
0.662
0.277409
0.228697
0.662
0.355844
0.524903
0.414985
0.321694
0.295681
0.245869
0.0275587
0.420691
0.452536
0.321329
0.0788334
0.662
0.263839
0.586451
0.145864
0.641929
0.572628
0.416756
0.662
0.539353
0.454274
0.100617
0.196008
0.662
0.242376
0.0828696
0.285546
0.390215
0.0957301
0.662
0.662
0.182118
0.264247
0.662
0.449884
0.274581
0.342868
0.201437
0.308889
0.509039
0.315749
0.662
0.160069
0.662
0.374534
0.230161
0.150443
0.662
0.0775023
0.0725725
0.662
0.608593
0.662
0.3967
0.166122
0.414792
0.0980855
0.662
0.0547492
0.63911
0.250428
0.662
0.156696
0.312246
0.000188628
0.400359
0.487621
0.321174
0.662
0.662
0.210428
0.0722964
0.0216919
0.186398
0.566509
0.662
0.0450535
0.0817072
0.662
0.471786
0.662
0.662
0.662
0.476282
0.159189
0.662
0.662
0.0572041
0.662
0.662
0.556879
0.662
0.608595
0.135707
0.40184
0.662
0.553534
0.411049
0.385492
0.662
0.593338
0.520566
0.276364
0.662
0.662
0.662
0.447952
0.662
0.662
0.256575
0.199108
0.475846
0.662
0.662
0.120448
0.658701
0.662
0.227628
0.662
0.662
0.626938
0.662
0.323654
0.662
0.617693
0.662
0.45774
0.662
0.662
0.507131
0.048332
0.662
0.225918
0.536543
0.481297
0.662
0.366876
0.0907469
0.254431
0.662
0.306979
0.598029
0.662
0.372
0.314702
0.159803
0.140867
0.272763
0.179665
0.662
0.662
0.454933
0.285329
0.444741
0.662
0.10605
0.413719
0.00766797
0.345114
0.0511727
0.169346
0.213199
0.160499
0.662
0.662
0.488323
0.662
0.397471
0.0814858
0.444102
0.226732
0.327966
0.662
0.0619735
0.662
0.18558
0.662
0.192051
0.662
0.0575853
0.662
0.02686
0.191663
0.438503
0.662
0.290818
0.414425
0.662
0.662
0.0170215
0.24623
0.662
0.288281
0.341514
0.117894
0.286954
0.0230757
0.662
0.363989
0.131329
0.181797
0.662
0.446646
0.384274
0.662
0.630425
0.662
0.662
0.118214
0.176232
0.442181
0.591238
0.625099
0.357646
0.433966
0.178892
0.662
0.263911
0.566573
0.244965
0.199753
0.662
0.128271
0.231259
0.0667074
0.654018
0.198827
0.662
0.0579389
0.662
0.662
0.662
0.0466979
0.0468496
0.129541
0.0186387
0.585863
0.0852364
0.662
0.662
0.163374
0.530691
0.341821
0.52165
0.437213
0.662
0.150762
0.0480974
0.0102091
0.662
0.130855
0.644353
0.114638
0.163249
0.421265
0.662
0.417762
0.61937
0.286198
0.662
0.389284
0.240705
0.452453
0.392224
0.209501
0.662
0.432117
0.662
0.662
0.0344849
0.662
0.631066
0.23321
0.217406
0.377299
0.146334
0.334526
0.253626
0.533629
0.0123131
0.540755
0.00729607
0.428105
0.0115174
0.662
0.134888
0.550205
0.136788
0.108207
0.0482333
0.267721
0.641956
0.187239
0.371928
0.662
0.662
0.00314745
0.260967
0.662
0.379699
0.597896
0.266754
0.383612
0.033244
0.196923
0.312954
0.485298
0.305173
0.662
0.662
0.0737212
0.0271448
0.524262
0.662
0.0884896
0.118762
0.662
0.0673932
0.662
0.276147
0.56677
0.662
0.662
0.662
0.287699
0.428768
0.368224
0.218133
0.252268
0.384378
0.324421
0.300513
0.662
0.374345
0.0791201
0.662
0.662
0.662
0.662
0.273429
0.662
0.662
0.662
0.582416
0.600528
0.195794
0.371915
0.662
0.662
0.493115
0.190548
0.662
0.220965
0.442788
0.0441723
0.662
0.178725
0.662
0.451907
0.662
0.0979253
0.432132
0.432895
0.467977
0.19957
0.269959
0.340884
0.356218
0.662
0.324725
0.642289
0.273564
0.662
0.662
0.662
0.442173
0.662
0.322882
0.236686
0.662
0.239414
0.662
0.662
0.0214024
0.306198
0.346785
0.26047
0.342448
0.367241
0.662
0.318503
0.228715
0.662
0.473274
0.662
0.247653
0.188263
0.662
0.0687594
0.662
0.662
0.662
0.454037
0.305449
0.662
0.662
0.52407
0.662
0.195495
0.454545
0.037131
0.23767
0.135493
0.500682
0.102622
0.239409
0.649002
0.460004
0.549825
0.662
0.280463
0.662
0.217635
0.662
0.662
0.662
0.0747427
0.593437
0.662
0.662
0.662
0.454585
0.662
0.335719
0.106811
0.439405
0.139297
0.0748578
0.662
0.28355
0.575925
0.471591
0.211661
0.662
0.30197
0.662
0.662
0.0458707
0.0409922
0.1649
0.173229
0.475287
0.662
0.533742
0.537348
0.187993
0.103416
0.662
0.662
0.662
0.662
0.662
0.182253
0.662
0.504411
0.105754
0.662
0.662
0.433306
0.662
0.291999
0.133623
0.36203
0.661046
0.662
0.662
0.389604
0.662
0.268324
0.662
0.267407
0.662
0.662
0.0309849
0.662
0.218029
0.662
0.1379
0.662
0.662
0.56384
0.662
0.265859
0.354789
0.376058
0.239065
0.248238
0.339208
0.0937834
0.662
0.662
0.281062
0.662
0.662
0.626067
0.0179338
0.662
0.170691
0.0315385
0.358984
0.662
0.662
0.662
0.662
0.368921
0.208442
0.359066
0.662
0.165773
0.0900275
0.662
0.11357
0.0633429
0.536482
0.662
0.662
0.662
0.662
0.518595
0.321721
0.662
0.617783
0.256133
0.480118
0.530805
0.358138
0.662
0.662
0.647849
0.527849
0.589323
0.458484
0.619139
0.662
0.458975
0.662
0.212836
0.662
0.306951
0.107088
0.662
0.415612
0.0463828
0.662
0.537358
0.662
0.472037
0.19366
0.662
0.0908367
0.480267
0.662
0.457493
0.458736
0.662
0.662
0.662
0.662
0.000329304
0.454376
0.625079
0.662
0.662
0.152106
0.357891
0.186378
0.0285613
0.133354
0.646013
0.662
0.271922
0.214374
0.662
0.209824
0.425515
0.662
0.662
0.571276
0.297432
0.662
0.662
0.662
0.0490423
0.117031
0.332883
0.263545
0.0099955
0.662
0.632614
0.662
0.534236
0.109409
0.28481
0.269461
0.662
0.662
0.662
0.662
0.327398
0.469385
0.545172
0.662
0.613075
0.304515
0.23696
0.533371
0.376865
0.662
0.202855
0.0308744
0.225759
0.662
0.27598
0.532469
0.662
0.101412
0.43634
0.620149
0.614196
0.662
0.434775
0.662
0.372404
0.662
0.662
0.662
0.662
0.180327
0.571093
0.292202
0.399151
0.125007
0.0155212
0.334476
0.489853
0.278805
0.662
0.292386
0.662
0.662
0.584661
0.481142
0.206194
0.662
0.191275
0.382243
0.448258
0.662
0.0474536
0.0767881
0.662
0.290897
0.342578
0.257014
0.191722
0.662
0.112941
0.662
0.662
0.662
0.243664
0.148628
0.662
0.577854
0.395786
0.416269
0.208863
0.392526
0.662
0.289068
0.0884848
0.453287
0.27841
0.662
0.111079
0.583254
0.656734
0.511833
0.662
0.662
0.0270788
0.465507
0.00404451
0.662
0.517762
0.125071
0.340361
0.206084
0.520928
0.662
0.662
0.662
0.662
0.242604
0.380432
0.365302
0.0401016
0.662
0.662
0.439757
0.357355
0.662
0.662
0.272331
0.25099
0.662
0.124555
0.330094
0.517779
0.662
0.124202
0.409149
0.190869
0.0298076
0.308341
0.346754
0.0825016
0.0959183
0.161894
0.662
0.153494
0.662
0.662
0.662
0.662
0.00619644
0.662
0.624355
0.662
0.662
0.238469
0.40652
0.000966665
0.662
0.48552
0.14491
0.35473
0.0124575
0.21678
0.241811
0.515133
0.662
0.1092
0.303444
0.2485
0.184727
0.385806
0.662
0.662
0.192825
0.662
0.230948
0.199331
0.427034
0.200831
0.662
0.662
0.217863
0.580272
0.463796
0.273713
0.662
0.160564
0.662
0.662
0.619672
0.614168
0.276564
0.19634
0.662
0.466885
0.662
0.662
0.633391
0.662
0.209622
0.246204
0.225646
0.452233
0.169912
0.189177
0.150196
0.645162
0.662
0.138574
0.662
0.662
0.64485
0.532751
0.389036
0.662
0.525764
0.662
0.3139
0.662
0.30694
0.593902
0.37332
0.42494
0.155073
0.638763
0.465413
0.662
0.275328
0.640525
0.649578
0.355728
0.215261
0.662
0.176275
0.600411
0.662
0.570709
0.208458
0.662
0.662
0.218876
0.202431
0.451621
0.136201
0.662
0.48073
0.662
0.215378
0.662
0.294598
0.425442
0.195163
0.450266
0.662
0.662
0.662
0.0800274
0.214986
0.283661
0.427447
0.662
0.662
0.312396
0.313571
0.662
0.239178
0.662
0.662
0.662
0.293062
0.662
0.662
0.662
0.662
0.213436
0.662
0.60949
0.627622
0.662
0.56145
0.219079
0.546457
0.402179
0.0811455
0.353061
0.662
0.0533507
0.662
0.662
0.662
0.313946
0.164977
0.662
0.305434
0.518252
0.424028
0.513214
0.626965
0.662
0.090613
0.435527
0.56966
0.216575
0.662
0.516391
0.290385
0.557174
0.662
0.261689
0.662
0.662
0.662
0.102083
0.662
0.202844
0.187822
0.662
0.453279
0.0882159
0.288851
0.662
0.662
0.363872
0.243736
0.662
0.662
0.662
0.195454
0.269422
0.23465
0.263466
0.467395
0.213034
0.280099
0.430229
0.662
0.662
0.662
0.142352
0.257024
0.662
0.560952
0.183016
0.252877
0.278758
0.351125
0.622896
0.596206
0.41535
0.662
0.182712
0.474912
0.426314
0.662
0.662
0.662
0.662
0.662
0.127048
0.662
0.598403
0.662
0.662
0.658247
0.239264
0.662
0.473896
0.662
0.455042
0.662
0.439133
0.577751
0.662
0.304354
0.449987
0.373611
0.382211
0.620069
0.221001
0.662
0.132372
0.14986
0.453019
0.662
0.150866
0.36429
0.662
0.449319
0.340682
0.433996
0.250188
0.662
0.662
0.662
0.38373
0.662
0.32555
0.662
0.240598
0.620333
0.0150368
0.471723
0.0684938
0.15345
0.477261
0.128526
0.406072
0.384834
0.662
0.0217318
0.17437
0.662
0.662
0.0902951
0.103103
0.662
0.374798
0.614487
0.113967
0.662
0.662
0.662
0.0728123
0.155337
0.366587
0.21285
0.252381
0.375889
0.662
0.332337
0.662
0.211083
0.403554
0.130928
0.662
0.340786
0.0165025
0.433539
0.203536
0.0138175
0.254616
0.560452
0.262774
0.203212
0.662
0.638636
0.291987
0.404961
0.196463
0.188558
0.662
0.102429
0.212023
0.00365302
0.119358
0.662
0.273098
0.662
0.233686
0.185211
0.266908
0.00995937
0.204544
0.347767
0.51722
0.662
0.662
0.468271
0.221094
0.210819
0.662
0.372438
0.662
0.662
0.662
0.662
0.0742311
0.662
0.460248
0.662
0.662
0.662
0.337988
0.400494
0.390167
0.662
0.0944572
0.662
0.0114311
0.208137
0.325856
0.662
0.662
0.544117
0.232185
0.174775
0.485592
0.662
0.18219
0.662
0.0880877
0.101268
0.662
0.106337
0.0547037
0.231087
0.662
0.557427
0.508993
0.0773092
0.662
0.128204
0.0499622
0.0181229
0.662
0.662
0.318577
0.662
0.021316
0.034339
0.284492
0.211084
0.164202
0.157731
0.34754
0.662
0.627722
0.466005
0.413922
0.662
0.662
0.196986
0.662
0.662
0.0469823
0.501207
0.315762
0.0417875
0.187939
0.485893
0.00143751
0.662
0.117178
0.662
0.394832
0.600177
0.205739
0.662
0.20715
0.137057
0.610421
0.00438352
0.198949
0.117317
0.187986
0.494573
0.126381
0.313651
0.662
0.662
0.112056
0.521088
0.0293042
0.662
0.662
0.272167
0.565089
0.163511
0.451809
0.459795
0.662
0.611378
0.662
0.662
0.662
0.662
0.077999
0.662
0.25707
0.662
0.52912
0.651939
0.0598019
0.35454
0.0322005
0.622736
0.662
0.662
0.662
0.662
0.0539828
0.662
0.203151
0.662
0.627823
0.43465
0.616661
0.404954
0.0786751
0.238225
0.411688
0.60296
0.132615
0.371254
0.315561
0.421502
0.00985953
0.423146
0.0215927
0.222979
0.260562
0.025337
0.662
0.303588
0.477269
0.262102
0.343281
0.221956
0.254399
0.406552
0.393527
0.662
0.626882
0.643152
0.419689
0.630414
0.407372
0.662
0.336362
0.0700328
0.0367311
0.190148
0.662
0.15748
0.140391
0.662
0.662
0.301994
0.147674
0.662
0.401545
0.146638
0.662
0.662
0.221333
0.315544
0.627099
0.653448
0.0603569
0.662
0.519756
0.306548
0.433778
0.0663345
0.533264
0.186526
0.662
0.662
0.00773406
0.0877834
0.662
0.617868
0.402765
0.186495
0.329154
0.662
0.662
0.662
0.662
0.289199
0.0980763
0.363531
0.073817
0.097429
0.408608
0.613202
0.662
0.662
0.113059
0.567122
0.367748
0.581196
0.400534
0.389884
0.662
0.662
0.662
0.662
0.662
0.662
0.0228784
0.240652
0.331372
0.46042
0.662
0.55338
0.376442
0.279157
0.161534
0.195957
0.166465
0.662
0.216736
0.662
0.466712
0.558884
0.595002
0.256562
0.503393
0.662
0.383196
0.662
0.662
0.279507
0.0207517
0.448143
0.662
0.15589
0.662
0.662
0.584437
0.5464
0.459051
0.662
0.494358
0.279532
0.456751
0.662
0.662
0.148859
0.380447
0.662
0.343418
0.662
0.258554
0.293822
0.294431
0.603394
0.391678
0.662
0.487096
0.662
0.189923
0.662
0.662
0.438254
0.662
0.101636
0.630963
0.0172342
0.184961
0.615016
0.308343
0.324902
0.527087
0.393539
0.662
0.662
0.662
0.18654
0.154206
0.213548
0.513185
0.447111
0.264113
0.455621
0.626868
0.647577
0.662
0.359143
0.394548
0.662
0.662
0.543782
0.229529
0.662
0.389797
0.236292
0.662
0.223596
0.460355
0.317427
0.662
0.662
0.662
0.0253743
0.662
0.662
0.205932
0.360397
0.50402
0.662
0.24686
0.662
0.662
0.414462
0.0936161
0.447035
0.662
0.662
0.27293
0.662
0.588369
0.662
0.662
0.32585
0.34994
0.363139
0.533595
0.129479
0.00037337
0.662
0.173976
0.662
0.662
0.0846933
0.639015
0.662
0.1065
0.499671
0.662
0.456344
0.115711
0.662
0.135637
0.194282
0.440634
0.161812
0.662
0.183249
0.493558
0.662
0.314601
0.662
0.325644
0.335995
0.0664602
0.662
0.662
0.351756
0.290556
0.288454
0.119286
0.662
0.662
0.662
0.662
0.662
0.17841
0.212602
0.346517
0.662
0.662
0.50653
0.662
0.662
0.397857
0.662
0.662
0.662
0.346444
0.662
0.662
0.662
0.662
0.356371
0.335353
0.415851
0.662
0.662
0.662
0.122314
0.662
0.314162
0.662
0.274134
0.662
0.662
0.177783
0.295917
0.662
0.662
0.141343
0.232692
0.662
0.662
0.662
0.662
0.558904
0.0846403
0.466646
0.23818
0.193765
0.577788
0.427819
0.437738
0.662
0.662
0.137713
0.132108
0.390429
0.662
0.0177052
0.0249418
0.170188
0.548115
0.185495
0.662
0.170457
0.272709
0.662
0.170178
0.662
0.189987
0.618738
0.433976
0.567885
0.168638
0.662
0.231059
0.148973
0.454697
0.201737
0.662
0.242247
0.662
0.629706
0.140048
0.519218
0.662
0.662
0.174634
0.662
0.471435
0.662
0.174856
0.662
0.248952
0.236082
0.21138
0.408137
0.662
0.662
0.662
0.644572
0.401519
0.407557
0.662
0.218114
0.662
0.662
0.162105
0.398074
0.626439
0.139132
0.078721
0.404573
0.484307
0.150943
0.472081
0.42223
0.398614
0.662
0.662
0.662
0.662
0.662
0.662
0.662
0.662
0.50542
0.662
0.190307
0.262716
0.0611782
0.225025
0.469993
0.662
0.134853
0.314442
0.165161
0.186495
0.662
0.208717
0.662
0.576362
0.662
0.236421
0.206942
0.478238
0.448152
0.220094
0.0756772
0.141909
0.662
0.662
0.639253
0.662
0.275631
0.662
0.662
0.600935
0.662
0.662
0.15572
0.662
0.662
0.662
0.10735
0.0272831
0.253068
0.258883
0.662
0.193805
0.662
0.662
0.64925
0.662
0.0200438
0.207353
0.384137
0.427755
0.354042
0.426737
0.390396
0.20291
0.123004
0.375756
0.167268
0.177864
0.662
0.29373
0.368902
0.410489
0.0995173
0.471415
0.487843
0.344541
0.662
0.366911
0.662
0.346526
0.165896
0.604751
0.120768
0.275665
0.662
0.655925
0.199516
0.336295
0.488388
0.196758
0.356222
0.662
0.662
0.465341
0.408078
0.45798
0.482506
0.662
0.515677
0.108983
0.288536
0.511792
0.662
0.362388
0.120649
0.662
0.662
0.54591
0.662
0.244516
0.662
0.662
0.662
0.0670938
0.0612556
0.662
0.662
0.175235
0.0608876
0.662
0.226236
0.662
0.662
0.536823
0.595893
0.662
0.435664
0.116814
0.662
0.15671
0.575382
0.662
0.216138
0.388448
0.360438
0.662
0.363186
0.0184827
0.662
0.332727
0.662
0.662
0.173218
0.413101
0.171797
0.30723
0.298604
0.662
0.50344
0.662
0.662
0.109393
0.662
0.662
0.662
0.511176
0.454509
0.662
0.478329
0.0626845
0.662
0.662
0.662
0.426493
0.0869958
0.662
0.00736875
0.612728
0.146979
0.61155
0.136751
0.651049
0.346069
0.280969
0.400555
0.662
0.662
0.228935
0.436034
0.662
0.662
0.0104296
0.191945
0.319026
0.662
0.113955
0.16731
0.662
0.017867
0.662
0.662
0.26662
0.51303
0.332426
0.662
0.229423
0.662
0.484543
0.221436
0.662
0.325714
0.305965
0.555737
0.662
0.0763059
0.387748
0.662
0.601583
0.427002
0.662
0.662
0.136295
0.662
0.630744
0.396892
0.662
0.662
0.205573
0.639191
0.554422
0.662
0.471295
0.662
0.662
0.662
0.0985688
0.528694
0.228016
0.662
0.0348879
0.348842
0.332462
0.355524
0.0500993
0.662
0.00461783
0.544757
0.298215
0.400925
0.662
0.0522176
0.662
0.598579
0.662
0.456596
0.283111
0.332125
0.438773
0.659821
0.192824
0.662
0.662
0.645858
0.382775
0.00827739
0.662
0.243861
0.237557
0.25766
0.662
0.161734
0.454685
0.662
0.662
0.662
0.0127815
0.200177
0.662
0.662
0.367903
0.505151
0.262831
0.662
0.27595
0.662
0.662
0.210423
0.357424
0.453417
0.625202
0.662
0.228923
0.662
0.625717
0.632395
0.662
0.0909981
0.245498
0.662
0.662
0.277243
0.528337
0.283239
0.190582
0.662
0.662
0.662
0.662
0.653425
0.291802
0.135715
0.662
0.628774
0.662
0.183464
0.316443
0.662
0.333949
0.386242
0.631193
0.662
0.662
0.662
0.329837
0.362632
0.662
0.173642
0.662
0.248148
0.141915
0.0222992
0.356501
0.357948
0.662
0.31564
0.662
0.610703
0.0913185
0.0623083
0.201259
0.486683
0.51151
0.0782224
0.294791
0.438537
0.494281
0.118555
0.354577
0.298534
0.662
0.308149
0.00436323
0.0433899
0.662
0.495914
0.662
0.662
0.0511693
0.261302
0.653267
0.179039
0.180571
0.662
0.351698
0.422364
0.0214709
0.567254
0.150442
0.648671
0.283182
0.662
0.591933
0.662
0.29284
0.662
0.662
0.662
0.184267
0.246219
0.662
0.279013
0.662
0.0608422
0.156732
0.39592
0.477029
0.36517
0.450299
0.662
0.115933
0.662
0.224939
0.126622
0.445538
0.184123
0.339298
0.419032
0.352724
0.180958
0.662
0.622204
0.331163
0.662
0.409233
0.662
0.578192
0.0284802
0.662
0.210863
0.640557
0.493491
0.662
0.662
0.105257
0.662
0.662
0.662
0.662
0.423347
0.187465
0.243831
0.662
0.234364
0.662
0.662
0.662
0.113365
0.109532
0.539871
0.369245
0.662
0.0680664
0.662
0.662
0.341968
0.333487
0.304651
0.0191247
0.662
0.533461
0.245029
0.408544
0.417892
0.512647
0.662
0.473293
0.105285
0.461056
0.551285
0.498256
0.0966168
0.424293
0.662
0.662
0.0513798
0.62226
0.209721
0.113601
0.662
0.370571
0.662
0.662
0.571193
0.662
0.662
0.662
0.662
0.662
0.603092
0.662
0.662
0.0899299
0.525843
0.131046
0.420433
0.486637
0.662
0.355581
0.662
0.037176
0.298722
0.0292576
0.0595908
0.270124
0.544833
0.662
0.112655
0.229549
0.662
0.662
0.662
0.0376819
0.662
0.662
0.495793
0.662
0.652498
0.662
0.223101
0.378766
0.187271
0.662
0.540273
0.592392
0.662
0.626266
0.613881
0.145137
0.0342818
0.662
0.455525
0.0040169
0.372117
0.280492
0.305547
0.454634
0.0188136
0.662
0.192532
0.0961631
0.225837
0.662
0.202127
0.326394
0.217469
0.105381
0.624705
0.190881
0.14197
0.662
0.662
0.175342
0.662
0.662
0.514828
0.515871
0.662
0.157352
0.528566
0.587191
0.148997
0.662
0.662
0.115351
0.662
0.480655
0.662
0.219154
0.102844
0.236237
0.1083
0.19037
0.185652
0.662
0.334384
0.0772112
0.662
0.0666785
0.121173
0.277188
0.413885
0.600707
0.662
0.372617
0.475999
0.300335
0.662
0.662
0.416625
0.525335
0.121583
0.201011
0.0352858
0.414408
0.0852807
0.662
0.312444
0.48061
0.632678
0.662
0.662
0.662
0.662
0.662
0.662
0.579374
0.662
0.269877
0.260433
0.0322254
0.400971
0.364548
0.291108
0.517786
0.662
0.448045
0.641253
0.662
0.646669
0.449426
0.362344
0.263259
0.662
0.0695268
0.237172
0.498505
0.202183
0.662
0.100261
0.470637
0.662
0.662
0.0390127
0.20015
0.662
0.331161
0.662
0.219731
0.397355
0.662
0.355112
0.662
0.0541523
0.422588
0.662
0.662
0.662
0.480869
0.239977
0.111488
0.662
0.586324
0.146807
0.553687
0.629424
0.425619
0.0997055
0.573883
0.662
0.662
0.662
0.662
0.0619787
0.662
0.662
0.424619
0.213407
0.00192828
0.662
0.148529
0.31275
0.298221
0.639558
0.188385
0.0228166
0.0688591
0.259699
0.662
0.0943489
0.280488
0.662
0.662
0.579917
0.642175
0.56768
0.421882
0.621507
0.662
0.153614
0.662
0.662
0.502202
0.662
0.290236
0.48912
0.662
0.662
0.662
0.662
0.0257899
0.51489
0.662
0.596339
0.478434
0.424991
0.662
0.205271
0.201839
0.536532
0.322176
0.0271734
0.0804484
0.130967
0.435213
0.662
0.166913
0.61956
0.662
0.662
0.0828258
0.0801511
0.236023
0.309396
0.199214
0.382083
0.188689
0.629806
0.662
0.178361
0.662
0.662
0.0370341
0.461988
0.662
0.23715
0.662
0.157066
0.544741
0.263823
0.662
0.341676
0.57503
0.282075
0.662
0.662
0.351691
0.0236295
0.0249303
0.662
0.233061
0.130143
0.662
0.592522
0.333461
0.321209
0.662
0.544562
0.0349016
0.394529
0.0975165
0.262823
0.449099
0.217156
0.659764
0.662
0.0151216
0.257468
0.40712
0.489192
0.662
0.662
0.167671
0.232293
0.5949
0.662
0.0775515
0.662
0.662
0.639168
0.00998767
0.662
0.662
0.273915
0.278145
0.44516
0.235782
0.405843
0.55839
0.662
0.662
0.226403
0.472211
0.662
0.57865
0.662
0.147502
0.216076
0.662
0.44417
0.0360741
0.49042
0.662
0.662
0.25758
0.662
0.662
0.509002
0.048734
0.656671
0.377661
0.662
0.662
0.151625
0.54017
0.345345
0.662
0.662
0.516555
0.144929
0.345564
0.183453
0.662
0.338217
0.662
0.662
0.662
0.662
0.0591921
0.108512
0.599124
0.662
0.662
0.662
0.236937
0.662
0.574955
0.225727
0.662
0.298311
0.662
0.662
0.344022
0.662
0.450748
0.483547
0.483581
0.662
0.0726992
0.456789
0.527193
0.0600171
0.449416
0.662
0.119229
0.143554
0.662
0.662
0.0213886
0.640309
0.662
0.445535
0.192518
0.402202
0.374917
0.662
0.172675
0.376194
0.119953
0.194823
0.146608
0.662
0.662
0.0796325
0.163011
0.258661
0.662
0.662
0.182076
0.662
0.102639
0.662
0.662
0.384982
0.361886
0.195372
0.47144
0.662
0.662
0.59696
0.140102
0.147023
0.662
0.231094
0.486767
0.632019
0.404686
0.662
0.146765
0.54102
0.164224
0.2213
0.662
0.662
0.00732865
0.662
0.15304
0.662
0.662
0.222861
0.662
0.662
0.343834
0.653561
0.320567
0.662
0.662
0.322041
0.182847
0.256155
0.437229
0.508416
0.662
0.447133
0.62321
0.116522
0.199794
0.453933
0.0892033
0.429205
0.436904
0.420829
0.330192
0.23603
0.0211636
0.245511
0.372814
0.117683
0.118777
0.457214
0.448219
0.662
0.662
0.662
0.48248
0.662
0.662
0.285608
0.662
0.459001
0.662
0.249014
0.114637
0.445577
0.662
0.21812
0.0978602
0.662
0.463522
0.662
0.0825775
0.121362
0.662
0.124814
0.122885
0.208031
0.432819
0.284394
0.326828
0.662
0.188542
0.391015
0.662
0.54706
0.137431
0.662
0.187018
0.662
0.662
0.1562
0.662
0.437693
0.662
0.607263
0.279319
0.44908
0.326836
0.231146
0.55568
0.105449
0.353871
0.320485
0.561445
0.662
0.459848
0.662
0.422504
0.166366
0.662
0.548407
0.293718
0.588453
0.662
0.662
0.524092
0.265668
0.591583
0.53627
0.0419015
0.662
0.662
0.662
0.662
0.662
0.196214
0.413266
0.353953
0.160651
0.662
0.406629
0.480232
0.0699611
0.662
0.34142
0.391917
0.348358
0.662
0.476703
0.367789
0.209368
0.662
0.443386
0.662
0.662
0.194997
0.215925
0.662
0.0842047
0.0432173
0.313845
0.662
0.662
0.235488
0.345023
0.0114148
0.00812994
0.50325
0.116093
0.211347
0.189474
0.407048
0.40666
0.662
0.406713
0.662
0.24386
0.296921
0.662
0.265213
0.539982
0.66072
0.284245
0.198201
0.206199
0.00694155
0.0275088
0.662
0.0716181
0.18537
0.574871
0.237072
0.428967
0.463372
0.424273
0.143819
0.387861
0.662
0.625599
0.662
0.662
0.147878
0.0435775
0.576041
0.365474
0.0511918
0.0288786
0.662
0.0125647
0.227764
0.575418
0.276389
0.552542
0.0112908
0.0862461
0.0545619
0.662
0.376848
0.333292
0.122744
0.224013
0.662
0.377628
0.662
0.662
0.662
0.290073
0.662
0.662
0.662
0.146772
0.211083
0.371091
0.662
0.0095462
0.188201
0.0141145
0.267531
0.662
0.284625
0.662
0.349286
0.0195412
0.226841
0.422404
0.398498
0.662
0.236806
0.1084
0.384662
0.369176
0.0347765
0.343766
0.32163
0.662
0.662
0.11067
0.0195917
0.662
0.251301
0.233541
0.482268
0.601993
0.662
0.0756553
0.553764
0.165047
0.437938
0.504734
0.662
0.662
0.169582
0.0984273
0.337332
0.49558
0.213147
0.23331
0.0807158
0.340786
0.235817
0.346351
0.662
0.43846
0.114606
0.521283
0.662
0.0214345
0.216854
0.662
0.624975
0.184003
0.662
0.244188
0.440671
0.371324
0.594662
0.662
0.602922
0.357294
0.285426
0.497504
0.360692
0.256179
0.162294
0.308089
0.429281
0.416374
0.538894
0.612159
0.266284
0.662
0.217285
0.147974
0.357111
0.322499
0.339877
0.662
0.662
0.662
0.292697
0.199217
0.0850178
0.515985
0.662
0.662
0.662
0.662
0.124121
0.319224
0.662
0.232273
0.447705
0.662
0.434471
0.662
0.662
0.662
0.662
0.662
0.662
0.662
0.475238
0.320801
0.111123
0.0611324
0.662
0.246192
0.481357
0.662
0.662
0.29503
0.580198
0.617246
0.146439
0.662
0.662
0.615963
0.205542
0.662
0.662
0.662
0.662
0.421499
0.435821
0.3925
0.662
0.662
0.306512
0.196516
0.181495
0.472353
0.405511
0.662
0.662
0.159442
0.190127
0.662
0.315225
0.560302
0.39691
0.508451
0.292384
0.662
0.651021
0.662
0.662
0.134075
0.123097
0.0601829
0.662
0.627963
0.662
0.61389
0.297132
0.662
0.404334
0.662
0.662
0.662
0.0412543
0.29306
0.662
0.416508
0.394097
0.450847
0.169653
0.300332
0.545472
0.158337
0.662
0.585774
0.662
0.334493
0.271742
0.436516
0.534266
0.350138
0.307759
0.0342844
0.401596
0.620815
0.361922
0.0257794
0.348867
0.662
0.480285
0.414562
0.662
0.195735
0.0287294
0.415184
0.213409
0.662
0.662
0.642671
0.155718
0.189979
0.662
0.662
0.160036
0.237184
0.662
0.662
0.662
0.662
0.348431
0.662
0.0908892
0.662
0.662
0.662
0.0471956
0.662
0.1441
0.0787503
0.155946
0.0610069
0.662
0.172424
0.448082
0.466945
0.119105
0.127136
0.420712
0.296355
0.662
0.662
0.662
0.597664
0.662
0.389661
0.406167
0.418765
0.381612
0.662
0.662
0.103515
0.110895
0.662
0.662
0.269822
0.181417
0.320123
0.662
0.462839
0.662
0.22762
0.562959
0.593475
0.236218
0.662
0.307115
0.616329
0.246673
0.323144
0.243091
0.039721
0.268605
0.662
0.355682
0.662
0.662
0.214825
0.662
0.538297
0.202217
0.0658479
0.589624
0.55203
0.0831107
0.662
0.469012
0.406358
0.4753
0.236525
0.235678
0.159962
0.662
0.201947
0.487681
0.662
0.662
0.217608
0.662
0.662
0.386139
0.636434
0.169376
0.60322
0.109405
0.470662
0.606606
0.478856
0.139527
0.190611
0.297226
0.177915
0.325152
0.183219
0.488614
0.662
0.662
0.662
0.587795
0.40335
0.579001
0.446125
0.624007
0.459143
0.662
0.644135
0.662
0.364635
0.662
0.148207
0.662
0.636879
0.0403507
0.017964
0.576279
0.473666
0.662
0.159803
0.662
0.662
0.155028
0.662
0.378761
0.473095
0.210766
0.662
0.382494
0.182264
0.662
0.662
0.470829
0.662
0.13957
0.662
0.662
0.0277718
0.631905
0.539424
0.395055
0.326999
0.251468
0.334141
0.662
0.63426
0.104764
0.662
0.216034
0.662
0.132885
0.351991
0.662
0.662
0.662
0.662
0.349792
0.245561
0.370275
0.121515
0.662
0.0647508
0.662
0.32192
0.331012
0.662
0.206129
0.662
0.450672
0.18568
0.214729
0.265072
0.662
0.662
0.321576
0.527588
0.454459
0.316312
0.342692
0.662
0.509792
0.662
0.119403
0.455793
0.662
0.0165383
0.662
0.161278
0.644159
0.0426949
0.168734
0.662
0.055981
0.264212
0.133295
0.00641064
0.339378
0.435032
0.662
0.556268
0.341114
0.431162
0.505525
0.578415
0.433059
0.0961415
0.210048
0.442425
0.292653
0.662
0.194959
0.547575
0.0556788
0.662
0.476653
0.157769
0.334016
0.662
0.662
0.566927
0.662
0.208526
0.656748
0.0837645
0.0361014
0.559677
0.662
0.245753
0.662
0.0425857
0.562433
0.0437782
0.471918
0.662
0.662
0.0825104
0.238679
0.09257
0.0265715
0.272709
0.109769
0.662
0.0657239
0.283485
0.662
0.648376
0.19438
0.662
0.122536
0.0285335
0.352965
0.566276
0.204243
0.662
0.477008
0.113429
0.662
0.349861
0.662
0.662
0.357216
0.296639
0.659857
0.0864196
0.662
0.662
0.662
0.205844
0.662
0.662
0.662
0.662
0.662
0.40048
0.520284
0.4655
0.402229
0.395746
0.662
0.51486
0.00764665
0.597712
0.56561
0.662
0.662
0.311664
0.523383
0.516236
0.301923
0.662
0.662
0.413543
0.291492
0.229839
0.208362
0.26184
0.662
0.261119
0.662
0.662
0.662
0.662
0.467004
0.249692
0.342108
0.150998
0.180077
0.21317
0.363603
0.661243
0.662
0.233767
0.662
0.304717
0.0969446
0.422848
0.662
0.27436
0.112255
0.662
0.413318
0.662
0.37961
0.551038
0.236899
0.662
0.226208
0.0252517
0.662
0.662
0.662
0.662
0.662
0.662
0.286103
0.0378179
0.607656
0.662
0.000298306
0.589068
0.458302
0.662
0.634639
0.0548205
0.455893
0.460292
0.653084
0.662
0.662
0.277823
0.0598445
0.37804
0.474979
0.662
0.121546
0.662
0.434843
0.662
0.240425
0.662
0.311042
0.169564
0.662
0.662
0.162107
0.509597
0.662
0.418004
0.662
0.404119
0.662
0.378917
0.662
0.662
0.659941
0.662
0.379277
0.212175
0.662
0.662
0.662
0.629706
0.0893848
0.462768
0.259128
0.0349682
0.0579289
0.110365
0.167512
0.107648
0.228754
0.414821
0.0136962
0.599976
0.461282
0.662
0.662
0.398043
0.654752
0.580003
0.662
0.662
0.227191
0.662
0.560595
0.662
0.154382
0.178411
0.219778
0.641847
0.662
0.0397616
0.307412
0.410657
0.662
0.662
0.614038
0.184348
0.662
0.104891
0.651904
0.248298
0.662
0.662
0.2716
0.222414
0.662
0.175765
0.218167
0.662
0.662
0.662
0.662
0.662
0.662
0.662
0.662
0.482876
0.025652
0.662
0.662
0.662
0.0814992
0.428906
0.658843
0.286062
0.662
0.461017
0.662
0.194576
0.662
0.662
0.556573
0.272961
0.662
0.110088
0.662
0.478313
0.439047
0.084389
0.10494
0.662
0.573757
0.353139
0.407252
0.662
0.592362
0.0292477
0.656303
0.0790105
0.662
0.347287
0.17639
0.147432
0.662
0.438214
0.244067
0.385237
0.662
0.282027
0.112203
0.662
0.226089
0.356052
0.136714
0.517826
0.289694
0.662
0.196861
0.00391952
0.076237
0.662
0.274679
0.662
0.171363
0.662
0.662
0.44588
0.662
0.208896
0.0378443
0.214431
0.662
0.662
0.662
0.0798129
0.662
0.227604
0.606242
0.0534917
0.301696
0.616456
0.211542
0.662
0.121009
0.662
0.415315
0.256105
0.15957
0.662
0.485614
0.205403
0.165699
0.453267
0.662
0.261914
0.662
0.219717
0.190939
0.392756
0.45489
0.159386
0.191797
0.47757
0.662
0.662
0.662
0.588095
0.662
0.662
0.0699668
0.590291
0.26776
0.223402
0.231537
0.637622
0.190998
0.579768
0.344295
0.403381
0.662
0.662
0.32061
0.465875
0.662
0.139498
0.189554
0.258822
0.172791
0.0366084
0.0136818
0.396355
0.662
0.12048
0.0818969
0.634896
0.0218038
0.153902
0.662
0.424625
0.589772
0.49741
0.596031
0.160745
0.242977
0.266339
0.430411
0.430431
0.340014
0.662
0.596019
0.091667
0.452829
0.462927
0.233006
0.662
0.662
0.013387
0.662
0.44527
0.560116
0.623714
0.662
0.18616
0.662
0.263686
0.662
0.662
0.662
0.6121
0.662
0.148461
0.662
0.662
0.662
0.466046
0.662
0.454866
0.0115608
0.0546276
0.662
0.662
0.662
0.662
0.662
0.418917
0.147562
0.423039
0.2272
0.662
0.542511
0.339537
0.662
0.662
0.0666013
0.662
0.0480461
0.662
0.277435
0.0881068
0.662
0.186477
0.151837
0.00455189
0.39387
0.662
0.336566
0.574789
0.662
0.662
0.662
0.421476
0.662
0.0797098
0.212572
0.298649
0.184234
0.352108
0.179943
0.201122
0.662
0.662
0.503942
0.218748
0.170142
0.169517
0.323028
0.662
0.64858
0.0416192
0.360034
0.662
0.662
0.400607
0.18882
0.396111
0.662
0.0395243
0.0918441
0.421196
0.211801
0.367628
0.662
0.662
0.0364608
0.206462
0.653907
0.00135131
0.00953881
0.503977
0.662
0.227272
0.265043
0.662
0.472022
0.347577
0.474258
0.172888
0.662
0.543056
0.662
0.318531
0.366132
0.662
0.323877
0.467683
0.662
0.211405
0.308321
0.0255269
0.627288
0.430402
0.662
0.615532
0.662
0.00919246
0.240723
0.287963
0.662
0.112045
0.662
0.295622
0.0698869
0.320396
0.381868
0.338687
0.170411
0.152866
0.128789
0.662
0.487202
0.662
0.662
0.184944
0.578613
0.662
0.603906
0.462398
0.662
0.45872
0.497215
0.662
0.483263
0.120794
0.0727656
0.662
0.662
0.662
0.553639
0.662
0.332479
0.287234
0.662
0.662
0.662
0.453011
0.662
0.662
0.662
0.210872
0.0352957
0.118432
0.399497
0.455749
0.662
0.631318
0.662
0.662
0.185646
0.46048
0.662
0.577021
0.662
0.662
0.305679
0.490465
0.198539
0.0725202
0.662
0.263955
0.193099
0.662
0.442629
0.300859
0.198874
0.662
0.320986
0.226486
0.662
0.0955493
0.620824
0.662
0.437958
0.0277016
0.333349
0.662
0.128643
0.389811
0.399333
0.0606311
0.311101
0.662
0.0262963
0.364439
0.291642
0.0177286
0.0380572
0.662
0.250465
0.168164
0.118882
0.486064
0.662
0.259091
0.662
0.511365
0.662
0.662
0.577286
0.662
0.662
0.662
0.662
0.193202
0.246117
0.662
0.10913
0.598053
0.0875231
0.151819
0.646391
0.662
0.174823
0.194333
0.445014
0.0842858
0.475675
0.662
0.287781
0.200663
0.662
0.662
0.186407
0.662
0.331034
0.662
0.381182
0.662
0.662
0.662
0.429806
0.249572
0.406336
0.0938895
0.293915
0.333498
0.50974
0.287783
0.585213
0.359948
0.467054
0.662
0.194952
0.662
0.464827
0.662
0.339101
0.327286
0.649281
0.367711
0.662
0.662
0.289272
0.391686
0.662
0.662
0.662
0.662
0.429378
0.662
0.383987
0.242332
0.490852
0.662
0.337736
0.662
0.334608
0.662
0.46683
0.536816
0.662
0.312564
0.662
0.396849
0.662
0.452543
0.15568
0.420332
0.24527
0.662
0.662
0.251979
0.217473
0.402409
0.171078
0.397245
0.501017
0.296118
0.662
0.662
0.308956
0.662
0.662
0.11774
0.373971
0.662
0.662
0.29578
0.504931
0.662
0.481314
0.662
0.488755
0.126161
0.238666
0.662
0.290203
0.662
0.662
0.662
0.174369
0.256595
0.662
0.526363
0.453688
0.662
0.196408
0.307687
0.662
0.207576
0.2713
0.231825
0.662
0.441526
0.662
0.382482
0.662
0.466361
0.271341
0.662
0.662
0.238495
0.382282
0.662
0.344128
0.178946
0.662
0.561834
0.153549
0.471507
0.662
0.210623
0.25669
0.00553283
0.425309
0.662
0.316982
0.662
0.662
0.662
0.662
0.0233757
0.249997
0.0257619
0.662
0.134102
0.662
0.618678
0.364281
0.0803605
0.204226
0.662
0.662
0.0530257
0.662
0.662
0.662
0.584059
0.662
0.418455
0.197128
0.662
0.181125
0.366399
0.62345
0.250696
0.598699
0.19395
0.119347
0.194573
0.235594
0.611659
0.401208
0.0446669
0.401518
0.266057
0.662
0.334341
0.207105
0.431135
0.22934
0.646049
0.38796
0.343767
0.0106665
0.200632
0.410379
0.308255
0.662
0.350192
0.189807
0.662
0.426864
0.662
0.662
0.662
0.0399669
0.281051
0.392289
0.662
0.408521
0.164451
0.102832
0.662
0.286248
0.634242
0.662
0.00901621
0.400358
0.247028
0.36152
0.473799
0.495841
0.254238
0.269395
0.0283924
0.587674
0.662
0.464882
0.524333
0.583635
0.662
0.662
0.658013
0.185419
0.150194
0.662
0.662
0.662
0.0582292
0.446988
0.0201968
0.164057
0.37948
0.181067
0.662
0.448029
0.316774
0.177765
0.370887
0.623682
0.280967
0.460582
0.245666
0.381012
0.342018
0.0671779
0.00217376
0.662
0.460144
0.173543
0.316784
0.651192
0.662
0.610961
0.371695
0.662
0.0249282
0.224721
0.469932
0.50954
0.216357
0.382806
0.352824
0.662
0.662
0.0256449
0.107361
0.662
0.449728
0.662
0.662
0.515085
0.662
0.219462
0.662
0.662
0.459261
0.0152488
0.541561
0.0021986
0.208099
0.108856
0.261136
0.0512944
0.189973
0.662
0.662
0.662
0.662
0.39958
0.558126
0.529858
0.662
0.404456
0.140944
0.662
0.662
0.662
0.662
0.624578
0.662
0.662
0.244233
0.526872
0.156678
0.662
0.662
0.368214
0.662
0.662
0.137188
0.195305
0.229234
0.662
0.45009
0.1587
0.662
0.638238
0.662
0.662
0.42067
0.0728418
0.294948
0.662
0.203409
0.662
0.662
0.598699
0.662
0.662
0.0962738
0.662
0.00534342
0.073481
0.27343
0.265586
0.549907
0.535372
0.563781
0.17554
0.44503
0.27012
0.594881
0.0142478
0.662
0.128511
0.0863379
0.245937
0.662
0.00839216
0.121986
0.491087
0.251055
0.662
0.205603
0.356128
0.575854
0.662
0.662
0.563335
0.662
0.329792
0.0442196
0.662
0.662
0.56445
0.662
0.662
0.662
0.177523
0.238463
0.662
0.0529817
0.662
0.333298
0.661374
0.239913
0.427516
0.662
0.23013
0.662
0.662
0.581913
0.187967
0.345211
0.497012
0.0794981
0.27686
0.662
0.395837
