0.204019
0.39353
0.662
0.211054
0.662
0.480186
0.662
0.162018
0.662
0.662
0.120794
0.0719608
0.662
0.191607
0.29934
0.140966
0.113983
0.662
0.662
0.662
0.159647
0.161125
0.521009
0.215838
0.353333
0.662
0.0987064
0.315257
0.0428805
0.662
0.110009
0.394354
0.427027
0.0770423
0.236862
0.133006
0.0651229
0.204666
0.156332
0.290331
0.662
0.662
0.15282
0.303583
0.662
0.662
0.662
0.298368
0.245734
0.468056
0.186086
0.662
0.662
0.466801
0.349551
0.43151
0.34112
0.662
0.465512
0.136141
0.507021
0.158079
0.367615
0.662
0.303385
0.441103
0.662
0.578666
0.180024
0.662
0.662
0.224207
0.662
0.172711
0.193822
0.286057
0.192957
0.138364
0.662
0.662
0.509778
0.259363
0.219309
0.266698
0.197442
0.662
0.495401
0.417899
0.0370891
0.393414
0.326802
0.466253
0.211235
0.662
0.480082
0.247636
0.662
0.274326
0.662
0.662
0.26894
0.662
0.662
0.253405
0.662
0.454463
0.117874
0.267998
0.134056
0.578778
0.458297
0.662
0.462266
0.662
0.0183842
0.309094
0.225737
0.22944
0.278937
0.662
0.146916
0.180404
0.662
0.497758
0.662
0.662
0.662
0.399107
0.278745
0.478175
0.468724
0.158205
0.196042
0.569626
0.0226695
0.662
0.10326
0.156866
0.361231
0.662
0.0958519
0.327969
0.167728
0.410853
0.662
0.376902
0.662
0.19535
0.0768127
0.662
0.194028
0.104555
0.555673
0.0920765
0.459929
0.0292311
0.152934
0.662
0.662
0.0463778
0.293049
0.662
0.226527
0.0373366
0.0977193
0.662
0.662
0.662
0.662
0.662
0.662
0.413298
0.431664
0.394439
0.662
0.662
0.265735
0.662
0.522577
0.236563
0.662
0.235015
0.662
0.344023
0.662
0.183869
0.662
0.662
0.662
0.662
0.435181
0.440908
0.163461
0.662
0.662
0.662
0.662
0.303233
0.21001
0.429177
0.662
0.662
0.662
0.40691
0.662
0.662
0.502751
0.662
0.0394181
0.390782
0.662
0.367295
0.662
0.662
0.662
0.662
0.286954
0.662
0.662
0.662
0.0709537
0.662
0.288925
0.662
0.389369
0.662
0.298646
0.438101
0.662
0.181708
0.662
0.0332932
0.662
0.187095
0.469166
0.0186287
0.417879
0.662
0.662
0.662
0.205247
0.662
0.107578
0.42454
0.555251
0.0953574
0.363191
0.61313
0.387137
0.223407
0.0723166
0.0569248
0.662
0.16947
0.197134
0.662
0.662
0.662
0.238622
0.662
0.662
0.168763
0.0125676
0.662
0.662
0.662
0.662
0.662
0.16744
0.662
0.431888
0.662
0.390745
0.340335
0.36968
0.662
0.440187
0.648097
0.381767
0.160797
0.192674
0.0399337
0.297959
0.274809
0.0287307
0.338885
0.302079
0.0937666
0.0275581
0.662
0.307401
0.293973
0.662
0.189915
0.662
0.662
0.241782
0.109703
0.399403
0.662
0.662
0.270321
0.662
0.481764
0.298162
0.241627
0.381878
0.55539
0.11593
0.462885
0.173405
0.473615
0.662
0.37685
0.454426
0.0723693
0.179919
0.662
0.662
0.170408
0.352993
0.662
0.268984
0.388485
0.662
0.662
0.27665
0.436955
0.195436
0.422563
0.445867
0.662
0.216075
0.195272
0.322774
0.190513
0.471787
0.662
0.0494462
0.359936
0.452227
0.662
0.460326
0.662
0.236246
0.662
0.382018
0.370229
0.100031
0.115442
0.357188
0.278957
0.195263
0.112368
0.662
0.662
0.143254
0.662
0.662
0.662
0.35433
0.215002
0.526151
0.662
0.662
0.171339
0.415079
0.291722
0.411692
0.280045
0.220857
0.662
0.546957
0.662
0.186062
0.297042
0.662
0.00867394
0.470048
0.250661
0.100161
0.0756766
0.204101
0.28838
0.662
0.662
0.212633
0.662
0.130031
0.288441
0.644772
0.662
0.662
0.22821
0.662
0.113922
0.662
0.662
0.584596
0.662
0.299196
0.2239
0.157868
0.662
0.662
0.106742
0.662
0.662
0.662
0.192128
0.577269
0.0901628
0.662
0.662
0.585369
0.569823
0.662
0.24792
0.391942
0.662
0.662
0.662
0.16507
0.115674
0.662
0.662
0.662
0.662
0.123643
0.662
0.662
0.455736
0.567079
0.0316535
0.544463
0.662
0.218237
0.476579
0.662
0.0767305
0.662
0.41965
0.662
0.662
0.153908
0.662
0.662
0.195857
0.662
0.168607
0.662
0.662
0.662
0.662
0.662
0.583079
0.188251
0.662
0.662
0.150795
0.662
0.456384
0.662
0.437521
0.662
0.662
0.445116
0.662
0.662
0.662
0.226577
0.662
0.281838
0.662
0.662
0.421017
0.270005
0.662
0.662
0.269549
0.480214
0.113124
0.152916
0.43954
0.358715
0.474094
0.178375
0.662
0.292906
0.0437169
0.662
0.662
0.462097
0.463533
0.414016
0.0699213
0.662
0.313034
0.479269
0.47318
0.63223
0.0951487
0.662
0.204641
0.489613
0.0549231
0.343083
0.400049
0.662
0.662
0.0519569
0.386965
0.662
0.662
0.662
0.192411
0.196264
0.176192
0.662
0.662
0.00224871
0.662
0.186501
0.281659
0.555367
0.00835186
0.313981
0.224627
0.149041
0.426546
0.137041
0.323246
0.662
0.40759
0.206866
0.662
0.662
0.143891
0.662
0.26497
0.283115
0.358558
0.561465
0.107866
0.662
0.662
0.119738
0.00318859
0.662
0.475594
0.662
0.102419
0.662
0.662
0.662
0.197006
0.662
0.662
0.422609
0.416446
0.415771
0.0691637
0.315988
0.205262
0.0898975
0.354332
0.310254
0.466265
0.108221
0.662
0.662
0.303328
0.662
0.662
0.662
0.56619
0.662
0.202375
0.459869
0.41989
0.662
0.662
0.611603
0.662
0.662
0.662
0.662
0.168894
0.176215
0.074406
0.455812
0.662
0.662
0.340901
0.206726
0.662
0.662
0.662
0.315988
0.401136
0.446028
0.105013
0.0827684
0.192117
0.662
0.248925
0.303692
0.587247
0.317962
0.490122
0.139263
0.490093
0.187531
0.526376
0.106664
0.662
0.538252
0.0692799
0.442168
0.662
0.662
0.110372
0.365497
0.662
0.662
0.29365
0.662
0.440758
0.662
0.219938
0.0340582
0.315497
0.214252
0.348031
0.143812
0.662
0.662
0.296835
0.407554
0.456749
0.207745
0.20965
0.19565
0.276855
0.662
0.469209
0.662
0.662
0.260386
0.143605
0.229636
0.662
0.347136
0.662
0.453495
0.662
0.662
0.662
0.662
0.662
0.0318948
0.37143
0.662
0.662
0.662
0.493021
0.160663
0.662
0.343519
0.0707133
0.662
0.0683308
0.433972
0.273406
0.225771
0.662
0.140385
0.285143
0.662
0.26737
0.308278
0.459542
0.662
0.286312
0.662
0.372354
0.426312
0.433978
0.329852
0.662
0.662
0.662
0.15499
0.525129
0.328315
0.104825
0.202062
0.662
0.377558
0.371821
0.339962
0.662
0.358198
0.459952
0.231034
0.662
0.662
0.352639
0.0171421
0.662
0.00891873
0.662
0.40097
0.252917
0.662
0.220434
0.662
0.39799
0.595285
0.102032
0.662
0.662
0.219785
0.256485
0.662
0.221142
0.228129
0.238078
0.315139
0.662
0.662
0.662
0.662
0.137387
0.200187
0.394379
0.662
0.22485
0.378537
0.124903
0.119366
0.629706
0.0197629
0.662
0.38185
0.150802
0.147643
0.377457
0.248732
0.122492
0.36057
0.199987
0.0977798
0.662
0.276122
0.468728
0.662
0.413381
0.193118
0.420188
0.369851
0.398157
0.662
0.566329
0.126475
0.0219076
0.662
0.224566
0.662
0.455823
0.216267
0.0134834
0.469915
0.347956
0.235725
0.662
0.0861917
0.396737
0.662
0.130376
0.662
0.383876
0.662
0.662
0.109296
0.662
0.662
0.191816
0.0988261
0.192655
0.00394554
0.662
0.146414
0.662
0.24673
0.236687
0.48499
0.662
0.154089
0.247333
0.2634
0.662
0.508688
0.662
0.437965
0.662
0.106082
0.252021
0.662
0.376778
0.0687897
0.201444
0.662
0.189786
0.662
0.344374
0.326364
0.662
0.184285
0.662
0.11177
0.662
0.059415
0.18767
0.374729
0.317182
0.662
0.662
0.196644
0.405847
0.662
0.31751
0.662
0.131379
0.662
0.224895
0.662
0.0803232
0.662
0.401134
0.0708874
0.240618
0.662
0.504851
0.662
0.425308
0.662
0.0531109
0.662
0.224048
0.20706
0.662
0.262879
0.188327
0.413094
0.662
0.662
0.662
0.311463
0.412784
0.48116
0.0333883
0.181944
0.662
0.662
0.193461
0.662
0.201477
0.662
0.160373
0.191961
0.308987
0.662
0.0764642
0.186354
0.209195
0.662
0.662
0.662
0.177898
0.485419
0.662
0.160445
0.662
0.187012
0.42012
0.662
0.662
0.662
0.662
0.241537
0.0568368
0.439681
0.324419
0.662
0.662
0.470555
0.232614
0.226548
0.662
0.150472
0.662
0.208863
0.119004
0.384434
0.662
0.189049
0.00910538
0.502619
0.00974121
0.662
0.413891
0.370234
0.105539
0.662
0.215802
0.307952
0.662
0.662
0.662
0.662
0.107671
0.662
0.662
0.551909
0.662
0.228418
0.662
0.386307
0.0351697
0.37971
0.662
0.662
0.462313
0.191739
0.40722
0.662
0.662
0.471258
0.662
0.662
0.662
0.265514
0.311295
0.00134066
0.662
0.662
0.396293
0.491232
0.662
0.662
0.285281
0.53843
0.215787
0.662
0.662
0.475921
0.662
0.243597
0.662
0.662
0.551112
0.155979
0.662
0.662
0.177246
0.662
0.500156
0.662
0.662
0.27744
0.662
0.243292
0.662
0.662
0.291258
0.439069
0.662
0.208941
0.662
0.662
0.662
0.143919
0.255741
0.0259052
0.662
0.662
0.662
0.662
0.662
0.662
0.0963997
0.662
0.662
0.338917
0.137412
0.662
0.21307
0.662
0.662
0.292405
0.41478
0.528478
0.662
0.32121
0.265862
0.0450683
0.394483
0.662
0.0729373
0.250641
0.662
0.431355
0.294268
0.240416
0.583966
0.135266
0.662
0.254117
0.295112
0.375233
0.260376
0.564426
0.371351
0.528816
0.459319
0.662
0.662
0.417284
0.042552
0.239289
0.662
0.333003
0.195256
0.0436258
0.021676
0.662
0.662
0.407369
0.662
0.218446
0.662
0.0702098
0.151408
0.662
0.149659
0.662
0.0345254
0.233945
0.0220421
0.590562
0.495173
0.0350997
0.00218672
0.236829
0.208291
0.37195
0.312745
0.662
0.352412
0.461274
0.0344453
0.662
0.427126
0.662
0.256007
0.275024
0.662
0.394278
0.243747
0.622139
0.541241
0.506659
0.467876
0.662
0.399418
0.121888
0.12819
0.0670003
0.458935
0.234136
0.662
0.443406
0.243861
0.404053
0.41688
0.401358
0.662
0.475794
0.662
0.236171
0.662
0.182143
0.662
0.255647
0.662
0.343204
0.518379
0.662
0.311804
0.419327
0.662
0.292875
0.350337
0.352985
0.243579
0.662
0.662
0.468732
0.662
0.662
0.235357
0.389228
0.662
0.0293931
0.554628
0.662
0.21975
0.0824803
0.277101
0.00806953
0.662
0.347902
0.662
0.453206
0.23138
0.604533
0.208278
0.44983
0.333474
0.409492
0.486241
0.662
0.662
0.662
0.320585
0.170768
0.376391
0.411364
0.289647
0.417012
0.108418
0.108346
0.662
0.662
0.662
0.133318
0.223492
0.635965
0.120399
0.100915
0.216051
0.435976
0.211146
0.662
0.0329027
0.189898
0.222751
0.662
0.662
0.24034
0.232288
0.278115
0.662
0.662
0.436025
0.326801
0.325578
0.662
0.0281565
0.662
0.481573
0.448956
0.43548
0.662
0.175825
0.662
0.057676
0.155003
0.662
0.662
0.33076
0.662
0.00905397
0.662
0.662
0.662
0.662
0.161341
0.662
0.191833
0.197338
0.120423
0.662
0.185716
0.31455
0.662
0.0535883
0.352465
0.628097
0.662
0.662
0.662
0.138538
0.241418
0.241578
0.662
0.384545
0.662
0.576532
0.662
0.160218
0.612143
0.379119
0.590092
0.662
0.662
0.662
0.662
0.451356
0.348758
0.325196
0.662
0.566358
0.662
0.387237
0.254244
0.0345734
0.662
0.662
0.662
0.203664
0.662
0.662
0.125484
0.296598
0.662
0.416687
0.00463309
0.150498
0.662
0.524827
0.662
0.662
0.629706
0.0822983
0.652952
0.662
0.662
0.317943
0.134552
0.662
0.662
0.623707
0.41896
0.662
0.0948699
0.662
0.650995
0.662
0.662
0.662
0.662
0.101189
0.242873
0.320639
0.182371
0.131575
0.662
0.0499323
0.662
0.29167
0.662
0.662
0.662
0.36027
0.00597759
0.662
0.662
0.521689
0.662
0.42933
0.245318
0.0411805
0.662
0.197226
0.233158
0.394152
0.196631
0.30669
0.662
0.353021
0.201083
0.115072
0.419124
0.228752
0.102747
0.263438
0.427112
0.662
0.645385
0.662
0.662
0.662
0.662
0.662
0.662
0.215403
0.254859
0.425899
0.169113
0.662
0.438461
0.662
0.496577
0.662
0.662
0.577037
0.456479
0.662
0.463858
0.662
0.262687
0.662
0.356213
0.662
0.662
0.26277
0.662
0.0467111
0.244229
0.195821
0.662
0.14405
0.662
0.316439
0.158486
0.459759
0.0563064
0.373417
0.662
0.246555
0.305013
0.38226
0.662
0.662
0.272846
0.662
0.206112
0.411447
0.437273
0.662
0.117006
0.662
0.108611
0.279942
0.259767
0.494049
0.662
0.327927
0.214271
0.662
0.662
0.662
0.0847597
0.196376
0.330836
0.1928
0.335926
0.662
0.458772
0.302935
0.662
0.662
0.662
0.530313
0.662
0.468411
0.662
0.662
0.114343
0.662
0.662
0.376278
0.258236
0.0970867
0.435315
0.069586
0.22922
0.246347
0.340565
0.207802
0.662
0.618125
0.117174
0.460881
0.0333731
0.662
0.662
0.662
0.403347
0.232909
0.167851
0.652827
0.662
0.451943
0.378984
0.30569
0.274925
0.39034
0.61995
0.662
0.662
0.662
0.662
0.112637
0.340304
0.404381
0.662
0.448681
0.140369
0.662
0.389091
0.439867
0.662
0.423883
0.0553569
0.662
0.662
0.339535
0.662
0.210605
0.0611601
0.662
0.378705
0.662
0.662
0.393396
0.142593
0.662
0.445823
0.662
0.218598
0.134005
0.466392
0.662
0.233741
0.102429
0.27767
0.498529
0.532855
0.662
0.37596
0.662
0.270642
0.662
0.327554
0.363346
0.662
0.226928
0.0510991
0.662
0.304867
0.491614
0.252763
0.296691
0.662
0.529178
0.235155
0.564532
0.662
0.270473
0.410414
0.283545
0.00896487
0.662
0.662
0.181325
0.254221
0.662
0.662
0.459704
0.479025
0.441584
0.221855
0.238019
0.519343
0.113196
0.662
0.662
0.379971
0.241984
0.662
0.330888
0.106854
0.662
0.59629
0.662
0.237084
0.208407
0.662
0.378717
0.662
0.662
0.290569
0.662
0.051835
0.468427
0.662
0.662
0.563193
0.409811
0.273748
0.0836432
0.515085
0.266279
0.403622
0.363559
0.662
0.233417
0.420632
0.662
0.662
0.662
0.229621
0.0785994
0.542778
0.662
0.478898
0.662
0.357819
0.662
0.662
0.340249
0.362301
0.309757
0.236868
0.662
0.662
0.662
0.662
0.364197
0.478355
0.273972
0.410702
0.601704
0.662
0.153542
0.662
0.451957
0.0772662
0.395411
0.163801
0.197678
0.386766
0.662
0.662
0.550629
0.662
0.662
0.662
0.437394
0.329124
0.662
0.364946
0.484472
0.662
0.457614
0.417807
0.662
0.662
0.228554
0.0204959
0.199007
0.462293
0.407915
0.188719
0.662
0.662
0.418807
0.662
0.662
0.345438
0.115464
0.662
0.51266
0.25468
0.208879
0.662
0.198914
0.662
0.662
0.658563
0.662
0.206092
0.129371
0.662
0.366893
0.662
0.662
0.662
0.0813785
0.53097
0.662
0.291054
0.00304556
0.662
0.662
0.662
0.662
0.355067
0.174719
0.662
0.223283
0.662
0.368225
0.662
0.662
0.302209
0.662
0.662
0.662
0.452704
0.662
0.194433
0.278724
0.662
0.40137
0.347451
0.662
0.662
0.662
0.662
0.662
0.409299
0.23344
0.662
0.210086
0.662
0.662
0.662
0.334866
0.0719848
0.205459
0.188792
0.662
0.114351
0.662
0.662
0.662
0.24322
0.662
0.662
0.662
0.662
0.662
0.192468
0.417732
0.662
0.0800407
0.662
0.0871309
0.237857
0.308258
0.360626
0.662
0.662
0.159451
0.244838
0.662
0.22731
0.662
0.662
0.324211
0.115621
0.387734
0.0986913
0.389434
0.662
0.662
0.347061
0.152802
0.10731
0.662
0.142177
0.448595
0.151539
0.469762
0.662
0.186093
0.490053
0.205915
0.239669
0.204541
0.201725
0.138743
0.662
0.662
0.285138
0.662
0.247359
0.371792
0.662
0.185739
0.662
0.332293
0.662
0.524395
0.389861
0.3029
0.662
0.662
0.254538
0.662
0.124252
0.217672
0.357543
0.662
0.455156
0.0413786
0.662
0.267422
0.662
0.272222
0.662
0.102659
0.0703506
0.61415
0.662
0.188937
0.662
0.164726
0.206312
0.301183
0.662
0.0584356
0.662
0.112531
0.499116
0.481424
0.662
0.662
0.305267
0.662
0.662
0.662
0.326475
0.451545
0.0820089
0.554053
0.0834245
0.662
0.233416
0.552551
0.662
0.185124
0.662
0.202723
0.0631438
0.218745
0.662
0.662
0.368168
0.662
0.349121
0.662
0.463269
0.662
0.661454
0.466733
0.489656
0.474644
0.236948
0.662
0.662
0.0912059
0.214532
0.211975
0.662
0.662
0.609323
0.511788
0.662
0.212924
0.238776
0.662
0.474064
0.00109582
0.662
0.186114
0.662
0.342708
0.196632
0.0781018
0.240387
0.662
0.22126
0.662
0.180959
0.662
0.421023
0.662
0.31316
0.262312
0.542161
0.463222
0.458417
0.662
0.662
0.514975
0.0474315
0.225391
0.662
0.358324
0.169823
0.242492
0.276728
0.244617
0.0965976
0.229722
0.430389
0.662
0.201741
0.662
0.662
0.462588
0.188067
0.662
0.452917
0.383185
0.662
0.280058
0.426156
0.466525
0.173958
0.662
0.467742
0.662
0.369463
0.390577
0.662
0.662
0.22256
0.597967
0.312696
0.465242
0.662
0.662
0.219985
0.370072
0.0313937
0.245606
0.42522
0.662
0.275435
0.374347
0.662
0.609264
0.164593
0.286419
0.207695
0.404955
0.316265
0.542778
0.364131
0.610627
0.244678
0.345581
0.207245
0.662
0.369003
0.647714
0.662
0.662
0.413505
0.662
0.347989
0.337838
0.662
0.272288
0.662
0.121612
0.336588
0.662
0.382818
0.662
0.0614402
0.463919
0.662
0.454672
0.601254
0.196606
0.279543
0.662
0.241933
0.166984
0.662
0.199986
0.21462
0.255284
0.256641
0.20547
0.139675
0.546544
0.662
0.0223106
0.295581
0.196357
0.156709
0.394664
0.662
0.582824
0.302237
0.0899382
0.662
0.483109
0.445035
0.211578
0.662
0.264195
0.124952
0.146311
0.271503
0.197636
0.324482
0.662
0.215023
0.662
0.334595
0.279046
0.581404
0.662
0.0125384
0.662
0.343838
0.055153
0.662
0.378289
0.662
0.486451
0.469972
0.171975
0.662
0.168337
0.662
0.662
0.149463
0.662
0.101423
0.662
0.106859
0.566613
0.236622
0.424059
0.662
0.662
0.662
0.662
0.282552
0.508659
0.173424
0.102538
0.364755
0.39663
0.000102999
0.0540715
0.662
0.0715377
0.379294
0.662
0.476365
0.662
0.161925
0.19198
0.662
0.211481
0.662
0.662
0.125459
0.466063
0.254834
0.662
0.285309
0.662
0.43182
0.418058
0.662
0.662
0.662
0.662
0.625063
0.662
0.662
0.101421
0.548571
0.511731
0.662
0.662
0.165721
0.193927
0.662
0.227154
0.662
0.662
0.662
0.167612
0.662
0.131193
0.566296
0.662
0.18832
0.147654
0.662
0.518605
0.368443
0.156688
0.12494
0.327832
0.226781
0.262329
0.291186
0.473917
0.514565
0.0975873
0.109326
0.334477
0.662
0.662
0.662
0.0589543
0.477441
0.662
0.205523
0.384037
0.232198
0.662
0.28447
0.55697
0.186723
0.494936
0.662
0.421592
0.309762
0.363403
0.229117
0.41287
0.662
0.463214
0.662
0.662
0.200961
0.587536
0.356954
0.662
0.402622
0.44717
0.270054
0.662
0.0671757
0.335536
0.662
0.662
0.573687
0.00696848
0.103721
0.662
0.456054
0.588962
0.40539
0.191107
0.0160978
0.662
0.538678
0.361434
0.0821002
0.662
0.415532
0.662
0.477795
0.23562
0.194005
0.30366
0.424646
0.220258
0.662
0.662
0.662
0.0650854
0.284554
0.457533
0.662
0.177184
0.662
0.133006
0.662
0.33244
0.0869714
0.662
0.662
0.179094
0.662
0.662
0.488061
0.662
0.100895
0.0884991
0.662
0.308106
0.282645
0.208402
0.462829
0.204832
0.630364
0.0501039
0.662
0.276292
0.662
0.393353
0.662
0.662
0.386491
0.460866
0.171979
0.639231
0.426192
0.328738
0.0360859
0.662
0.101236
0.662
0.106092
0.338005
0.523677
0.391778
0.662
0.269476
0.532859
0.286876
0.129152
0.214864
0.662
0.19341
0.662
0.159437
0.297203
0.662
0.292691
0.662
0.662
0.469955
0.662
0.00316747
0.662
0.109712
0.662
0.0580133
0.0366608
0.144679
0.662
0.535842
0.389894
0.662
0.662
0.354215
0.662
0.530605
0.662
0.662
0.662
0.662
0.230339
0.222426
0.140774
0.196479
0.662
0.37719
0.235182
0.177278
0.517803
0.106049
0.334493
0.662
0.19578
0.0361619
0.662
0.0671625
0.026513
0.662
0.662
0.318634
0.176307
0.662
0.662
0.662
0.209994
0.662
0.662
0.0912128
0.197951
0.662
0.263657
0.662
0.0904972
0.662
0.299997
0.662
0.141191
0.662
0.662
0.231837
0.662
0.275942
0.142833
0.0436455
0.662
0.662
0.501831
0.235157
0.396912
0.154978
0.662
0.352087
0.0658498
0.662
0.662
0.295175
0.0349845
0.433885
0.147483
0.435703
0.154123
0.104916
0.662
0.084599
0.662
0.662
0.109225
0.662
0.155493
0.662
0.195411
0.378084
0.662
0.240163
0.404356
0.282758
0.622395
0.135927
0.54579
0.19851
0.43935
0.464101
0.662
0.0596895
0.231934
0.202634
0.135712
0.405216
0.0850583
0.662
0.662
0.139959
0.115838
0.662
0.576289
0.611398
0.662
0.178845
0.662
0.359436
0.483321
0.659491
0.662
0.662
0.305905
0.662
0.165917
0.176052
0.650192
0.103624
0.662
0.425789
0.385813
0.662
0.662
0.468442
0.662
0.326152
0.662
0.322197
0.662
0.662
0.662
0.0698771
0.662
0.662
0.662
0.462845
0.662
0.174489
0.591598
0.163186
0.662
0.364277
0.131076
0.491871
0.662
0.662
0.662
0.321267
0.662
0.0901611
0.434137
0.662
0.00320655
0.580982
0.662
0.662
0.161533
0.662
0.453784
0.217949
0.196579
0.662
0.23746
0.197013
0.262797
0.308275
0.274837
0.662
0.277755
0.00809201
0.662
0.297179
0.200715
0.235166
0.235387
0.271305
0.0265784
0.309129
0.2308
0.0518902
0.339778
0.662
0.662
0.239586
0.662
0.0708641
0.662
0.430315
0.662
0.662
0.262651
0.427247
0.662
0.662
0.144108
0.184963
0.389084
0.662
0.174962
0.602607
0.662
0.224396
0.1305
0.29108
0.662
0.662
0.225247
0.077898
0.662
0.662
0.241022
0.662
0.0255096
0.584847
0.662
0.216645
0.662
0.662
0.305318
0.662
0.167957
0.456475
0.327134
0.662
0.662
0.662
0.173278
0.662
0.662
0.662
0.401007
0.648124
0.662
0.43508
0.662
0.662
0.662
0.662
0.543857
0.131753
0.30741
0.293025
0.662
0.662
0.197424
0.662
0.327022
0.350298
0.248105
0.662
0.662
0.662
0.662
0.148339
0.662
0.154644
0.662
0.662
0.450069
0.662
0.0926837
0.331491
0.189169
0.189463
0.495875
0.0535156
0.192257
0.662
0.662
0.641431
0.247848
0.189146
0.327496
0.169313
0.662
0.32083
0.233038
0.662
0.217991
0.189138
0.662
0.484
0.434262
0.130183
0.0351038
0.662
0.107883
0.28008
0.312073
0.662
0.165588
0.662
0.662
0.662
0.629706
0.0784049
0.662
0.260066
0.224046
0.129003
0.397439
0.662
0.202257
0.297662
0.386504
0.100558
0.18706
0.662
0.202554
0.662
0.662
0.662
0.385515
0.00931544
0.265435
0.0780721
0.168135
0.346492
0.380642
0.21724
0.662
0.179209
0.0313174
0.662
0.15039
0.662
0.662
0.662
0.0457143
0.655006
0.0606493
0.662
0.0455165
0.270205
0.13848
0.662
0.662
0.0218194
0.662
0.662
0.662
0.662
0.662
0.100026
0.129486
0.662
0.662
0.476441
0.662
0.100533
0.662
0.203715
0.352689
0.662
0.662
0.231366
0.662
0.0505085
0.662
0.517861
0.662
0.236643
0.662
0.329073
0.662
0.236965
0.108314
0.662
0.411045
0.662
0.284877
0.384022
0.662
0.662
0.335372
0.14178
0.100704
0.662
0.662
0.209697
0.567688
0.662
0.0866864
0.135882
0.516448
0.256683
0.168719
0.486594
0.372088
0.662
0.329903
0.208431
0.374126
0.207261
0.662
0.370605
0.662
0.662
0.662
0.268603
0.662
0.662
0.662
0.229338
0.309955
0.237657
0.290578
0.662
0.662
0.422327
0.137337
0.662
0.0486891
0.447936
0.662
0.662
0.112605
0.365322
0.232669
0.662
0.181699
0.283638
0.204031
0.432078
0.298426
0.662
0.662
0.00112874
0.662
0.496205
0.662
0.225109
0.372091
0.290249
0.662
0.209587
0.662
0.00318891
0.132466
0.444143
0.370145
0.10202
0.662
0.408867
0.662
0.050829
0.662
0.422059
0.24208
0.24679
0.359733
0.662
0.238646
0.53697
0.0744907
0.662
0.662
0.487116
0.662
0.662
0.444605
0.662
0.431607
0.373036
0.30494
0.662
0.448469
0.224935
0.477128
0.255002
0.118367
0.105382
0.449299
0.33661
0.392309
0.662
0.662
0.659848
0.216686
0.135969
0.662
0.142768
0.662
0.193883
0.288924
0.4262
0.150849
0.145015
0.32289
0.284928
0.299016
0.275754
0.450354
0.308154
0.273513
0.662
0.662
0.220005
0.158781
0.662
0.159235
0.30711
0.662
0.139691
0.662
0.213683
0.286408
0.206941
0.662
0.0461607
0.523764
0.274349
0.662
0.189089
0.299596
0.39644
0.662
0.662
0.662
0.383037
0.662
0.662
0.662
0.322413
0.233828
0.662
0.137076
0.036335
0.466629
0.576235
0.0536285
0.339657
0.0543151
0.359201
0.509339
0.24931
0.662
0.426345
0.662
0.662
0.235726
0.662
0.404986
0.0581789
0.235513
0.662
0.479005
0.218714
0.00239227
0.662
0.16317
0.069074
0.662
0.304759
0.662
0.0858782
0.662
0.2874
0.122738
0.199033
0.0477849
0.662
0.662
0.662
0.0578197
0.220886
0.387216
0.662
0.234169
0.564994
0.662
0.662
0.342801
0.662
0.187285
0.520442
0.612333
0.435827
0.271256
0.0496488
0.199897
0.097377
0.662
0.586503
0.413537
0.458302
0.34614
0.314882
0.110554
0.401183
0.0893904
0.0372224
0.0955689
0.662
0.30635
0.13964
0.466597
0.0805946
0.255756
0.662
0.168866
0.662
0.412375
0.17345
0.662
0.165792
0.662
0.147851
0.248228
0.410315
0.662
0.537691
0.216842
0.326495
0.662
0.0590136
0.662
0.662
0.0792767
0.32545
0.0250441
0.662
0.0645613
0.497736
0.662
0.662
0.401265
0.393471
0.466578
0.662
0.323418
0.385725
0.458363
0.662
0.146766
0.339199
0.0027876
0.662
0.0699833
0.662
0.237165
0.662
0.411282
0.662
0.0175911
0.133156
0.479134
0.142434
0.313028
0.662
0.223195
0.662
0.309386
0.345271
0.662
0.170102
0.662
0.0561174
0.00277171
0.187875
0.429532
0.662
0.471675
0.210146
0.662
0.109372
0.0921613
0.485006
0.162031
0.212805
0.662
0.27004
0.169553
0.0375104
0.380685
0.662
0.662
0.484923
0.279925
0.662
0.160831
0.346302
0.662
0.225176
0.662
0.293404
0.475575
0.0478763
0.165956
0.662
0.662
0.662
0.263708
0.404241
0.662
0.628982
0.662
0.350848
0.662
0.662
0.662
0.662
0.398682
0.390018
0.662
0.430487
0.662
0.662
0.389947
0.54471
0.662
0.305783
0.0189586
0.186984
0.292162
0.304046
0.0803895
0.166322
0.507506
0.242419
0.662
0.662
0.242851
0.662
0.378088
0.390083
0.2541
0.137635
0.228341
0.0922419
0.0572288
0.662
0.662
0.662
0.662
0.276791
0.242707
0.662
0.662
0.45293
0.662
0.662
0.662
0.128503
0.662
0.662
0.662
0.345933
0.662
0.662
0.333187
0.220578
0.662
0.00125939
0.662
0.3142
0.662
0.662
0.193637
0.662
0.453065
0.333482
0.662
0.109348
0.257316
0.662
0.235693
0.153761
0.662
0.335627
0.512439
0.0476416
0.30177
0.13621
0.662
0.242859
0.261564
0.662
0.662
0.299336
0.662
0.0886965
0.662
0.348919
0.119083
0.355456
0.390528
0.642725
0.242521
0.297163
0.00575583
0.206297
0.662
0.287793
0.102276
0.662
0.512573
0.662
0.334856
0.224857
0.0837214
0.406764
0.662
0.161909
0.00480094
0.662
0.326343
0.662
0.293179
0.662
0.47225
0.466768
0.662
0.189598
0.402849
0.662
0.662
0.220912
0.0695882
0.37785
0.354022
0.19152
0.26534
0.662
0.104796
0.0147412
0.662
0.494999
0.662
0.338489
0.662
0.446835
0.212857
0.662
0.357699
0.535155
0.662
0.662
0.394236
0.0945977
0.266122
0.662
0.662
0.171352
0.420309
0.662
0.662
0.662
0.19997
0.130364
0.662
0.388265
0.360306
0.183553
0.662
0.223374
0.394422
0.309133
0.662
0.14081
0.0360642
0.100049
0.106498
0.128175
0.00748289
0.662
0.354353
0.228181
0.662
0.662
0.662
0.662
0.174123
0.662
0.292138
0.0126485
0.662
0.0663772
0.388672
0.416089
0.391893
0.662
0.197171
0.458718
0.18608
0.662
0.239936
0.662
0.33643
0.662
0.662
0.456522
0.460966
0.604791
0.150091
0.0511519
0.590561
0.662
0.662
0.662
0.362153
0.662
0.662
0.092735
0.662
0.662
0.132966
0.162369
0.465883
0.662
0.662
0.365137
0.407198
0.187712
0.518503
0.198797
0.662
0.662
0.506029
0.292055
0.290184
0.662
0.662
0.662
0.582364
0.296998
0.662
0.138689
0.662
0.142172
0.204936
0.267646
0.386792
0.230379
0.416075
0.662
0.349563
0.341635
0.662
0.662
0.27616
0.662
0.230656
0.269005
0.662
0.501347
0.662
0.391389
0.456907
0.662
0.662
0.662
0.409826
0.155219
0.662
0.482264
0.662
0.662
0.293412
0.662
0.662
0.662
0.662
0.662
0.440347
0.662
0.630655
0.662
0.450546
0.662
0.631188
0.662
0.0565635
0.662
0.555124
0.13201
0.138863
0.662
0.426745
0.662
0.413476
0.0704559
0.662
0.272297
0.390748
0.662
0.46809
0.662
0.662
0.662
0.0177307
0.662
0.349184
0.662
0.662
0.662
0.0639812
0.662
0.636998
0.343336
0.258186
0.662
0.11838
0.662
0.36106
0.392099
0.662
0.662
0.662
0.0601263
0.662
0.047178
0.58466
0.380414
0.086162
0.662
0.662
0.536403
0.397547
0.373209
0.198838
0.421613
0.662
0.113072
0.053439
0.427967
0.419924
0.662
0.662
0.106914
0.662
0.161129
0.227043
0.468892
0.662
0.35119
0.213916
0.662
0.0870612
0.368166
0.375916
0.662
0.205355
0.530701
0.59158
0.662
0.0795621
0.597582
0.357972
0.662
0.662
0.662
0.265402
0.068476
0.45553
0.339669
0.327193
0.115853
0.662
0.352748
0.152893
0.341445
0.662
0.411901
0.571274
0.289673
0.034689
0.461531
0.219274
0.662
0.662
0.662
0.17465
0.662
0.662
0.662
0.264956
0.662
0.662
0.662
0.662
0.363213
0.561818
0.127547
0.310528
0.662
0.316788
0.662
0.479659
0.499783
0.477853
0.501883
0.0987981
0.662
0.2616
0.662
0.662
0.268544
0.0799203
0.158119
0.201492
0.434724
0.208754
0.662
0.184872
0.244781
0.662
0.662
0.469636
0.261161
0.662
0.191054
0.118109
0.454818
0.416559
0.0646696
0.662
0.0370133
0.365927
0.662
0.662
0.662
0.11649
0.418733
0.662
0.0963461
0.644601
0.163931
0.2034
0.38863
0.662
0.662
0.23611
0.11411
0.662
0.335509
0.439024
0.248005
0.0984323
0.105466
0.0349707
0.662
0.46598
0.662
0.662
0.662
0.159225
0.520361
0.662
0.27189
0.483001
0.662
0.58783
0.662
0.19044
0.662
0.662
0.466663
0.116767
0.188749
0.662
0.662
0.226241
0.452179
0.165813
0.352278
0.394164
0.238823
0.662
0.380622
0.662
0.197822
0.662
0.0010772
0.662
0.568513
0.357943
0.626775
0.553778
0.662
0.662
0.662
0.162207
0.122736
0.662
0.222457
0.362402
0.662
0.416439
0.365008
0.204992
0.0158319
0.430512
0.662
0.299724
0.152422
0.662
0.238815
0.662
0.662
0.222903
0.0126062
0.232499
0.662
0.662
0.206815
0.223737
0.023202
0.0379662
0.662
0.662
0.662
0.662
0.662
0.662
0.0134517
0.662
0.662
0.449078
0.662
0.662
0.474488
0.662
0.319028
0.662
0.662
0.662
0.388892
0.244615
0.662
0.662
0.184617
0.390351
0.424524
0.273347
0.0136798
0.662
0.662
0.54966
0.0211524
0.662
0.398838
0.257936
0.662
0.537739
0.357182
0.662
0.245148
0.662
0.662
0.662
0.662
0.187196
0.0100417
0.429884
0.196156
0.662
0.00937676
0.4698
0.662
0.662
0.662
0.662
0.0465134
0.662
0.662
0.453127
0.452807
0.255543
0.662
0.248733
0.662
0.205951
0.013954
0.0552981
0.346418
0.662
0.662
0.0309902
0.662
0.662
0.662
0.495339
0.248487
0.662
0.662
0.662
0.662
0.662
0.242311
0.472074
0.325657
0.662
0.662
0.285889
0.662
0.328371
0.662
0.662
0.302521
0.662
0.275387
0.219549
0.662
0.128233
0.662
0.203546
0.200136
0.429722
0.134794
0.228883
0.0234867
0.167078
0.662
0.662
0.0749384
0.662
0.333791
0.217107
0.384357
0.0306173
0.662
0.458038
0.313799
9.71993e-05
0.662
0.0885303
0.662
0.392654
0.235957
0.15038
0.522727
0.576431
0.662
0.413177
0.443826
0.229229
0.662
0.113357
0.662
0.0136698
0.190943
0.0495747
0.132559
0.662
0.199039
0.082791
0.395744
0.473337
0.218035
0.197195
0.28368
0.346789
0.662
0.289032
0.330855
0.273068
0.499888
0.208467
0.140551
0.365781
0.662
0.662
0.0440007
0.662
0.467284
0.194975
0.662
0.662
0.0953223
0.243081
0.662
0.014563
0.221219
0.662
0.662
0.662
0.122483
0.355463
0.614695
0.662
0.662
0.0791333
0.0980578
0.662
0.270496
0.117424
0.185539
0.33541
0.384025
0.392666
0.662
0.168932
0.662
0.662
0.662
0.662
0.662
0.38421
0.662
0.662
0.662
0.0197552
0.447292
0.662
0.264438
0.662
0.662
0.662
0.170377
0.548919
0.537062
0.298908
0.0906138
0.599458
0.171369
0.621099
0.662
0.662
0.0540858
0.38111
0.662
0.270878
0.662
0.216601
0.558731
0.165945
0.341864
0.662
0.662
0.00847775
0.318679
0.169429
0.662
0.662
0.377602
0.322472
0.0884275
0.662
0.662
0.107865
0.662
0.662
0.341592
0.0153163
0.662
0.26228
0.195391
0.270053
0.433047
0.415096
0.662
0.662
0.325463
0.171704
0.166328
0.662
0.350789
0.662
0.662
0.662
0.314169
0.105586
0.662
0.211263
0.258957
0.662
0.302168
0.0065265
0.383484
0.314062
0.662
0.439293
0.144658
0.194537
0.212868
0.457751
0.662
0.662
0.662
0.662
0.662
0.662
0.0622481
0.237202
0.662
0.662
0.662
0.662
0.662
0.330243
0.662
0.662
0.41145
0.370412
0.401913
0.441111
0.198422
0.268459
0.290117
0.47649
0.379134
0.201544
0.364284
0.662
0.662
0.662
0.662
0.662
0.22898
0.0435044
0.662
0.15468
0.662
0.264839
0.203408
0.0237548
0.374338
0.662
0.467033
0.662
0.329426
0.0209682
0.212509
0.662
0.448046
0.662
0.462242
0.31713
0.662
0.0935156
0.662
0.662
0.258507
0.382235
0.214452
0.662
0.662
0.662
0.159826
0.662
0.662
0.124925
0.169127
0.211866
0.662
0.662
0.249185
0.662
0.137234
0.185352
0.662
0.304886
0.145191
0.423178
0.263083
0.266747
0.324487
0.456141
0.225103
0.160957
0.212983
0.662
0.662
0.662
0.134064
0.0527521
0.298812
0.662
0.662
0.662
0.662
0.0925205
0.662
0.662
0.662
0.45184
0.298266
0.0350111
0.126794
0.658771
0.485999
0.035706
0.607275
0.662
0.245665
0.662
0.119489
0.13313
0.662
0.390686
0.443938
0.0656339
0.662
0.111586
0.0460288
0.662
0.662
0.271727
0.357799
0.662
0.662
0.500631
0.662
0.470345
0.184487
0.195257
0.335293
0.177075
0.662
0.47686
0.30613
0.20813
0.0791964
0.102023
0.662
0.662
0.212739
0.662
0.662
0.298644
0.662
0.390871
0.254571
0.426005
0.662
0.662
0.662
0.662
0.237097
0.193877
0.662
0.157541
0.290692
0.277512
0.0356926
0.552687
0.188986
0.479719
0.311776
0.425998
0.662
0.662
0.425621
0.439357
0.00582176
0.11021
0.18978
0.23934
0.662
0.4556
0.041784
0.322624
0.662
0.310477
0.21871
0.218897
0.226278
0.0300035
0.317578
0.045839
0.017767
0.156433
0.662
0.662
0.662
0.402346
0.662
0.662
0.546258
0.232796
0.662
0.362651
0.132892
0.00400752
0.467727
0.662
0.437039
0.28489
0.662
0.662
0.189523
0.662
0.662
0.662
0.107931
0.173798
0.662
0.0397137
0.0863864
0.599408
0.662
0.460881
0.0667714
0.662
0.662
0.276485
0.662
0.0573882
0.462221
0.662
0.662
0.662
0.662
0.38089
0.132285
0.662
0.375553
0.662
0.662
0.124278
0.575756
0.662
0.662
0.0177561
0.662
0.662
0.662
0.662
0.33589
0.662
0.662
0.242121
0.201176
0.645664
0.19207
0.164868
0.662
0.662
0.328777
0.276129
0.422236
0.662
0.332176
0.228184
0.455133
0.662
0.147379
0.392978
0.260251
0.417106
0.42933
0.662
0.162131
0.00163257
0.662
0.49409
0.110616
0.187033
0.0533254
0.266735
0.174245
0.372105
0.168961
0.264526
0.15984
0.224965
0.662
0.662
0.662
0.226376
0.506429
0.662
0.232793
0.1251
0.662
0.662
0.180202
0.662
0.148087
0.662
0.263179
0.562938
0.390632
0.307622
0.155496
0.662
0.558522
0.089573
0.0589615
0.662
0.293506
0.186304
0.662
0.662
0.556645
0.662
0.574552
0.417284
0.662
0.343728
0.222069
0.495999
0.375571
0.446018
0.202336
0.147029
0.365974
0.0935437
0.191807
0.662
0.662
0.662
0.0908833
0.662
0.662
0.662
0.349357
0.662
0.33028
0.184473
0.0321998
0.380119
0.188015
0.662
0.281546
0.43423
0.454865
0.11778
0.134415
0.662
0.183604
0.662
0.662
0.0867595
0.548024
0.662
0.662
0.451187
0.0524067
0.0426289
0.428427
0.462448
0.587824
0.662
0.540326
0.662
0.372719
0.662
0.662
0.662
0.662
0.466282
0.424575
0.0130006
0.20341
0.175562
0.392355
0.662
0.22894
0.194619
0.337955
0.662
0.662
0.662
0.493857
0.24682
0.0152691
0.662
0.662
0.662
0.662
0.662
0.175358
0.42515
0.160151
0.120613
0.132885
0.662
0.0893144
0.247324
0.056617
0.37873
0.560593
0.662
0.20826
0.662
0.337205
0.0372166
0.662
0.662
0.662
0.662
0.662
0.117976
0.662
0.662
0.662
0.382724
0.662
0.298977
0.662
0.300098
0.662
0.397905
0.106438
0.662
0.471239
0.428865
0.210488
0.662
0.214186
0.0767718
0.216836
0.223734
0.213254
0.145384
0.0166447
0.342547
0.662
0.292075
0.465872
0.0292425
0.0976331
0.441178
0.427429
0.662
0.27603
0.206426
0.104547
0.662
0.662
0.354025
0.662
0.20122
0.662
0.229966
0.0113248
0.662
0.397592
0.662
0.318355
0.662
0.168486
0.397758
0.200639
0.621736
0.279706
0.492571
0.195228
0.423346
0.662
0.349646
0.662
0.662
0.662
0.662
0.24745
0.0852785
0.662
0.265613
0.662
0.125042
0.662
0.662
0.662
0.0358265
0.452184
0.662
0.393961
0.433151
0.662
0.662
0.662
0.483457
0.413776
0.270383
0.342168
0.662
0.347639
0.662
0.377336
0.662
0.529098
0.662
0.662
0.283934
0.305249
0.662
0.364703
0.580712
0.254328
0.270157
0.662
0.377907
0.354944
0.250898
0.182865
0.662
0.22968
0.21879
0.192079
0.211144
0.662
0.662
0.366532
0.0302671
0.662
0.412106
0.618061
0.234945
0.28793
0.511149
0.251247
0.447913
0.323721
0.662
0.19135
0.239592
0.662
0.203514
0.402618
0.0474878
0.560748
0.434658
0.431965
0.662
0.0981236
0.0189438
0.373504
0.365333
0.662
0.662
0.662
0.12709
0.662
0.428376
0.410521
0.321777
0.196765
0.662
0.397153
0.662
0.662
0.155828
0.662
0.248675
0.662
0.296115
0.662
0.019743
0.517457
0.0163533
0.439667
0.00974578
0.662
0.206045
0.662
0.249681
0.0204423
0.315027
0.662
0.187084
0.662
0.662
0.0119865
0.31809
0.0604903
0.662
0.662
0.662
0.433006
0.0592352
0.662
0.43472
0.0235288
0.662
0.348627
0.647548
0.662
0.401461
0.0641421
0.662
0.44875
0.662
0.182158
0.662
0.662
0.662
0.662
0.499315
0.662
0.208676
0.662
0.587534
0.198977
0.622042
0.662
0.662
0.662
0.242991
0.662
0.662
0.327458
0.402349
0.118937
0.00712173
0.44687
0.662
0.662
0.261617
0.164039
0.145377
0.662
0.120413
0.662
0.662
0.240392
0.252742
0.25636
0.0818261
0.662
0.662
0.662
0.328697
0.662
0.662
0.022571
0.662
0.662
0.365386
0.113705
0.130415
0.284318
0.662
0.322735
0.207546
0.140636
0.347332
0.252317
0.662
0.310116
0.662
0.447042
0.662
0.209313
0.662
0.321051
0.662
0.289754
0.3057
0.242699
0.662
0.662
0.318575
0.391077
0.0563703
0.417783
0.249379
0.662
0.430414
0.662
0.662
0.236887
0.189612
0.211944
0.186598
0.472682
0.662
0.0920479
0.330757
0.422858
0.455915
0.557659
0.12109
0.401484
0.662
0.662
0.662
0.199804
0.647529
0.0950658
0.662
0.320631
0.662
0.345359
0.241031
0.662
0.139149
0.662
0.121058
0.662
0.399922
0.662
0.662
0.249869
0.662
0.662
0.439799
0.0393917
0.454406
0.146523
0.662
0.662
0.662
0.662
0.662
0.662
0.662
0.399215
0.102614
0.04388
0.000255811
0.103698
0.662
0.150218
0.260593
0.477214
0.479791
0.226684
0.210379
0.0717636
0.0281805
0.662
0.247813
0.0189776
0.0667439
0.16503
0.155851
0.287964
0.0927788
0.251903
0.662
0.279978
0.662
0.662
0.662
0.304735
0.10873
0.301076
0.662
0.175425
0.662
0.195343
0.321093
0.0759259
0.344662
0.662
0.155257
0.149222
0.491531
0.271002
0.662
0.662
0.662
0.441333
0.0324807
0.462144
0.644423
0.0871337
0.662
0.086946
0.059078
0.0171054
0.662
0.662
0.662
0.384059
0.662
0.197897
0.366637
0.662
0.218868
0.662
0.343099
0.662
0.600713
0.23133
0.43007
0.291417
0.662
0.662
0.391781
0.662
0.171053
0.351486
0.662
0.213305
0.380238
0.275754
0.189754
0.360552
0.662
0.662
0.289759
0.662
0.662
0.0280039
0.589204
0.160761
0.662
0.662
0.662
0.662
0.595745
0.662
0.662
0.0609812
0.101881
0.662
0.662
0.662
0.460574
0.0472088
0.267129
0.662
0.662
0.15279
0.662
0.11546
0.662
0.427901
0.384232
0.662
0.259244
0.662
0.662
0.0885877
0.41621
0.159269
0.662
0.444158
0.290317
0.267358
0.484387
0.113034
0.0183628
0.187224
0.662
0.636286
0.363808
0.575566
0.662
0.263702
0.662
0.210648
0.662
0.655838
0.662
0.662
0.208414
0.162071
0.662
0.662
0.443514
0.662
0.00608494
0.662
0.227498
0.662
0.662
0.518169
0.492581
0.620452
0.662
0.288482
0.492825
0.0776208
0.385231
0.158641
0.662
0.216313
0.616103
0.416631
0.380975
0.0398019
0.57168
0.24335
0.508539
0.102939
0.662
0.641797
0.215337
0.662
0.132893
0.662
0.325559
0.662
0.662
0.194361
0.662
0.431593
0.12277
0.662
0.500636
0.355109
0.662
0.214288
0.279234
0.662
0.218065
0.662
0.662
0.241617
0.662
0.438739
0.662
0.662
0.662
0.126525
0.0766205
0.662
0.00311215
0.662
0.246737
0.19098
0.0480855
0.341043
0.280862
0.662
0.622044
0.274139
0.662
0.662
0.296578
0.189172
0.196705
0.662
0.662
0.151796
0.662
0.662
0.33068
0.113028
0.0494211
0.22115
0.182879
0.285889
0.662
0.662
0.662
0.399614
0.583125
0.212574
0.662
0.662
0.662
0.583896
0.392614
0.0587521
0.614174
0.662
0.0246968
0.020745
0.662
0.662
0.189955
0.662
0.492109
0.239416
0.609781
0.557116
0.662
0.662
0.662
0.662
0.261993
0.327056
0.662
0.219215
0.662
0.0797513
0.180958
0.109995
0.662
0.457808
0.662
0.248632
0.0680331
0.249393
0.416529
0.349723
0.0657815
0.0591729
0.662
0.466028
0.439453
0.00517139
0.662
0.0974757
0.206728
0.33013
0.662
0.11253
0.242396
0.208547
0.0733345
0.215995
0.439811
0.0970804
0.442354
0.247482
0.662
0.302197
0.33439
0.0158752
0.662
0.160103
0.248855
0.0742026
0.544159
0.662
0.662
0.137095
0.662
0.508841
0.350886
0.243109
0.662
0.264859
0.0455805
0.662
0.0857216
0.662
0.286039
0.268749
0.662
0.541987
0.662
0.662
0.243986
0.662
0.415384
0.662
0.662
0.0923483
0.662
0.188096
0.455378
0.378904
0.662
0.532945
0.407389
0.211573
0.149761
0.662
0.119987
0.0352054
0.144434
0.31559
0.662
0.662
0.662
0.316134
0.416336
0.382566
0.274752
0.201719
0.313387
0.662
0.662
0.0907433
0.662
0.662
0.241825
0.662
0.188751
0.462547
0.662
0.125283
0.339082
0.147474
0.662
0.235584
0.662
0.662
0.329636
0.457858
0.239202
0.0386034
0.662
0.561932
0.138633
0.117452
0.332668
0.383197
0.360235
0.454495
0.662
0.100176
0.371653
0.0844615
0.325094
0.347355
0.232161
0.191873
0.662
0.247694
0.662
0.662
0.662
0.0716616
0.659579
0.662
0.157051
0.0344834
0.269664
0.0865747
0.662
0.0611798
0.300184
0.608105
0.662
0.662
0.662
0.442691
0.662
0.212154
0.662
0.00473501
0.184724
0.662
0.123133
0.0148874
0.478813
0.215521
0.662
0.662
0.662
0.662
0.662
0.662
0.662
0.628382
0.457332
0.662
0.662
0.662
0.364908
0.662
0.662
0.20261
0.662
0.114954
0.0863547
0.662
0.662
0.662
0.0384403
0.662
0.662
0.310228
0.420112
0.259281
0.314682
0.0316151
0.425252
0.198363
0.455226
0.31926
0.393367
0.662
0.662
0.662
0.61282
0.662
0.662
0.662
0.662
0.662
0.501202
0.662
0.413221
0.662
0.662
0.492743
0.197125
0.662
0.60974
0.405905
0.280045
0.662
0.662
0.426417
0.304895
0.355415
0.662
0.662
0.198188
0.0794844
0.485662
0.662
0.310845
0.201458
0.267886
0.597211
0.473061
0.245612
0.662
0.269925
0.2261
0.224194
0.0275631
0.662
0.170294
0.662
0.344446
0.0634434
0.415654
0.662
0.364515
0.511891
0.490635
0.438327
0.101348
0.119445
0.0871574
0.259397
0.662
0.662
0.662
0.259044
0.465186
0.662
0.662
0.662
0.399351
0.417112
0.326171
0.448683
0.285532
0.662
0.247232
0.403254
0.662
0.662
0.379969
0.662
0.562158
0.662
0.134353
0.662
0.25111
0.662
0.662
0.662
0.193034
0.12738
0.356453
0.250436
0.662
0.662
0.662
0.662
0.430766
0.478761
0.662
0.662
0.662
0.290603
0.577427
0.448722
0.662
0.594369
0.662
0.300856
0.0512058
0.419538
0.208481
0.313171
0.662
0.455198
0.279331
0.662
0.0469254
0.0738388
0.0908953
0.662
0.207202
0.662
0.222166
0.497765
0.662
0.662
0.297521
0.662
0.473899
0.251783
0.596957
0.387534
0.437431
0.0839994
0.188648
0.541596
0.662
0.610845
0.419587
0.245
0.225684
0.24192
0.457431
0.135182
0.252867
0.325945
0.493917
0.662
0.204905
0.00882188
0.369439
0.662
0.198338
0.586851
0.325572
0.405422
0.662
0.409635
0.662
0.170156
0.428649
0.205234
0.066422
0.169229
0.080928
0.269285
0.00727716
0.662
0.178118
0.0292214
0.662
0.245096
0.324275
0.387679
0.662
0.662
0.0196055
0.662
0.432906
0.446537
0.384552
0.448534
0.454579
0.662
0.428527
0.662
0.530444
0.662
0.337371
0.294155
0.430162
0.214908
0.081183
0.662
0.202976
0.466768
0.353814
0.094899
0.662
0.580506
0.662
0.291973
0.662
0.140156
0.662
0.38802
0.662
0.33043
0.662
0.196665
0.229683
0.219211
0.377369
0.0643194
0.236885
0.662
0.662
0.425676
0.662
0.494505
0.250461
0.00151264
0.248047
0.366802
0.197146
0.662
0.00888914
0.0465426
0.662
0.150492
0.662
0.195146
0.662
0.662
0.013322
0.662
0.662
0.662
0.429625
0.662
0.270909
0.662
0.364261
0.662
0.314779
0.260393
0.112104
0.662
0.432342
0.0111956
0.662
0.662
0.662
0.662
0.662
0.461266
0.307763
0.109548
0.451582
0.331884
0.662
0.211185
0.211333
0.662
0.214785
0.095855
0.662
0.662
0.662
0.0342422
0.662
0.318113
0.662
0.477684
0.0664284
0.000176851
0.193582
0.662
0.344938
0.513708
0.212769
0.662
0.662
0.662
0.179426
0.428754
0.662
0.662
0.662
0.546736
0.42217
0.196964
0.326311
0.662
0.529219
0.171588
0.470988
0.108335
0.362686
0.548907
0.662
0.109437
0.662
0.34062
0.417124
0.417766
0.400931
0.662
0.0394612
0.244516
0.186051
0.136627
0.374928
0.469719
0.662
0.662
0.0376495
0.662
0.662
0.33867
0.0136016
0.662
0.662
0.662
0.662
0.259186
0.340786
0.329792
0.300062
0.662
0.488679
0.662
0.662
0.479247
0.662
0.662
0.167955
0.399856
0.226051
0.662
0.662
0.210925
0.662
0.3386
0.662
0.440795
0.662
0.662
0.662
0.44354
0.262962
0.662
0.453782
0.65388
0.313265
0.139083
0.662
0.24396
0.662
0.662
0.22696
0.112715
0.242632
0.662
0.32493
0.507023
0.0726756
0.371782
0.337189
0.374193
0.289586
0.656657
0.662
0.152642
0.62625
0.474309
0.105303
0.662
0.198106
0.25503
0.31675
0.0573233
0.662
0.662
0.444074
0.1199
0.662
0.198211
0.662
0.267725
0.598845
0.662
0.135847
0.662
0.662
0.364817
0.662
0.662
0.0114916
0.662
0.662
0.662
0.662
0.355719
0.315013
0.662
0.153632
0.0890959
0.662
0.180079
0.662
0.243513
0.305889
0.443125
0.242088
0.458641
0.662
0.662
0.662
0.662
0.662
0.662
0.350693
0.662
0.237895
0.662
0.662
0.662
0.662
0.662
0.0374293
0.129266
0.199712
0.662
0.0996702
0.662
0.264316
0.230327
0.0945596
0.4495
0.468186
0.662
0.231428
0.307464
0.662
0.189633
0.161667
0.662
0.291283
0.435494
0.292269
0.662
0.104105
0.0925279
0.662
0.135563
0.324255
0.662
0.662
0.326288
0.563639
0.662
0.342306
0.466998
0.662
0.662
0.662
0.662
0.0776913
0.662
0.662
0.558512
0.0691362
0.474363
0.662
0.176206
0.301602
0.100207
0.0489665
0.395112
0.2179
0.215508
0.138534
0.662
0.662
0.462162
0.662
0.662
0.0980152
0.662
0.662
0.662
0.320142
0.0680004
0.662
0.662
0.387199
0.662
0.662
0.222639
0.662
0.558459
0.217733
0.432922
0.662
0.662
0.402227
0.0901783
0.286039
0.190471
0.34933
0.662
0.0736728
0.594039
0.0213684
0.662
0.319135
0.662
0.662
0.662
0.211407
0.288218
0.662
0.319947
0.00527675
0.662
0.662
0.143081
0.363875
0.624596
0.231915
0.0434174
0.662
0.26089
0.438763
0.662
0.662
0.662
0.585262
0.569591
0.278326
0.135759
0.111652
0.662
0.662
0.662
0.601819
0.662
0.662
0.338931
0.662
0.305568
0.662
0.113222
0.260879
0.196769
0.18397
0.593489
0.662
0.446154
0.662
0.653923
0.324995
0.45456
0.662
0.490944
0.260501
0.662
0.662
0.367129
0.384449
0.662
0.662
0.662
0.662
0.20044
0.342288
0.662
0.00616527
0.662
0.0873852
0.464671
0.18342
0.393817
0.662
0.662
0.662
0.662
0.310664
0.284327
0.618391
0.662
0.662
0.3943
0.545501
0.330482
0.662
0.00160207
0.662
0.284768
0.499372
0.662
0.267689
0.256114
0.174289
0.43407
0.194528
0.220376
0.353392
0.00719824
0.662
0.662
0.288315
0.38404
0.0710877
0.220223
0.4168
0.155796
0.20629
0.446763
0.157717
0.29534
0.247696
0.43319
0.567546
0.662
0.175165
0.193635
0.662
0.662
0.268671
0.662
0.662
0.662
0.335849
0.215984
0.29033
0.488872
0.265737
0.662
0.662
0.314281
0.662
0.251911
0.650513
0.662
0.662
0.662
0.662
0.0433003
0.662
0.248267
0.224999
0.437934
0.662
0.662
0.473726
0.294592
0.464208
0.142034
0.297007
0.431182
0.206123
0.0141233
0.662
0.662
0.129547
0.662
0.117751
0.125861
0.662
0.662
0.574375
0.662
0.47054
0.197716
0.450121
0.205658
0.241728
0.295295
0.662
0.662
0.35815
0.631962
0.430655
0.662
0.371044
0.662
0.662
0.662
0.662
0.236998
0.662
0.455456
0.203933
0.662
0.662
0.12235
0.586993
0.662
0.662
0.662
0.662
0.662
0.662
0.457867
0.181173
0.193256
0.662
0.662
0.662
0.662
0.520006
0.357216
0.25763
0.336379
0.476186
0.662
0.662
0.607615
0.150828
0.311806
0.662
0.523899
0.237362
0.0566042
0.318612
0.662
0.662
0.327918
0.170635
0.662
0.328333
0.29646
0.149609
0.32143
0.217813
0.662
0.362003
0.117057
0.662
0.464349
0.662
0.662
0.662
0.0486612
0.560026
0.412837
0.274446
0.662
0.662
0.266361
0.662
0.662
0.231852
0.452709
0.662
0.431679
0.662
0.662
0.662
0.0125143
0.0424851
0.405592
0.318699
0.662
0.662
0.266997
0.219346
0.662
0.662
0.662
0.082934
0.200085
0.662
0.662
0.438794
0.307735
0.662
0.662
0.0415909
0.443237
0.662
0.0608438
0.662
0.242222
0.662
0.662
0.662
0.662
0.411226
0.191067
0.211385
0.430221
0.206716
0.388035
0.662
0.268786
0.662
0.435755
0.0148843
0.662
0.0518875
0.662
0.662
0.662
0.451746
0.662
0.357488
0.273734
0.272879
0.357231
0.281009
0.345176
0.662
0.662
0.252939
0.619173
0.0453677
0.191387
0.429431
0.109811
0.662
0.213101
0.502104
0.662
0.232045
0.231159
0.469917
0.019173
0.662
0.222551
0.662
0.446969
0.662
0.448804
0.662
0.304916
0.306116
0.124206
0.510989
0.160577
0.662
0.662
0.662
0.662
0.119829
0.434719
0.662
0.0623883
0.17582
0.195841
0.0346017
0.662
0.011245
0.178204
0.307217
0.305756
0.310962
0.662
0.662
0.189198
0.662
0.662
0.416377
0.269816
0.270054
0.528021
0.662
0.662
0.662
0.662
0.237102
0.149882
0.662
0.662
0.662
0.662
0.0161194
0.123658
0.111964
0.267163
0.50079
0.0188303
0.345191
0.141896
0.662
0.205663
0.662
0.662
0.374015
0.662
0.234761
0.662
0.662
0.205979
0.00349213
0.0584199
0.328737
0.433725
0.220113
0.662
0.662
0.490858
0.662
0.662
0.49753
0.396284
0.662
0.134349
0.0682041
0.662
0.031097
0.162734
0.245106
0.662
0.662
0.095268
0.505601
0.197733
0.136221
0.299803
0.662
0.662
0.280374
0.662
0.662
0.386802
0.31894
0.384255
0.412035
0.662
0.125942
0.252707
0.662
0.662
0.353904
0.235625
0.0536236
0.662
0.401123
0.662
0.221687
0.173985
0.371348
0.662
0.167464
0.662
0.662
0.662
0.18201
0.0177635
0.662
0.207794
0.156645
0.662
0.370629
0.185585
0.207816
0.662
0.662
0.191009
0.107545
0.275032
0.132422
0.289492
0.362992
0.662
0.187206
0.662
0.662
0.0896533
0.662
0.395006
0.32214
0.237886
0.58979
0.662
0.451694
0.369156
0.662
0.123046
0.0329224
0.00219505
0.662
0.137282
0.466065
0.124721
0.308972
0.358747
0.0438429
0.317454
0.662
0.662
0.662
0.662
0.662
0.662
0.444215
0.354489
0.423889
0.45847
0.294822
0.662
0.662
0.242461
0.476176
0.192722
0.273447
0.662
0.662
0.662
0.383173
0.426921
0.399969
0.353784
0.154976
0.662
0.29305
0.662
0.301636
0.468727
0.16357
0.563283
0.402369
0.192104
0.662
0.662
0.302171
0.364998
0.361711
0.148241
0.154223
0.662
0.662
0.662
0.346452
0.103981
0.662
0.0983683
0.165098
0.244181
0.115121
0.0515965
0.662
0.662
0.247922
0.662
0.0880519
0.662
0.108052
0.662
0.662
0.31503
0.662
0.468699
0.0458802
0.662
0.662
0.662
0.197793
0.348621
0.210011
0.300643
0.662
0.0108838
0.662
0.662
0.446824
0.277246
0.365514
0.183937
0.0153382
0.217971
0.480786
0.662
0.662
0.662
0.662
0.662
0.29257
0.262357
0.662
0.472443
0.662
0.263522
0.529204
0.662
0.175728
0.140721
0.662
0.662
0.662
0.555673
0.662
0.123359
0.174379
0.20113
0.609695
0.17032
0.662
0.662
0.374906
0.662
0.237603
0.237311
0.662
0.662
0.184303
0.166999
0.209161
0.473861
0.0551247
0.662
0.662
0.166832
0.662
0.662
0.377781
0.662
0.262064
0.662
0.38982
0.24241
0.662
0.181118
0.662
0.142827
0.646633
0.662
0.662
0.526091
0.662
0.346559
0.662
0.662
0.341922
0.662
0.166437
0.553906
0.662
0.191451
0.420673
0.110303
0.662
0.0811922
0.362516
0.44872
0.318451
0.338753
0.0873159
0.470865
0.410981
0.206765
0.662
0.662
0.239506
0.0663983
0.662
0.205865
0.31719
0.313028
0.340311
0.420249
0.662
0.662
0.536677
0.222081
0.250645
0.432866
0.662
0.662
0.532212
0.171526
0.453159
0.300741
0.662
0.662
0.21428
0.143219
0.442925
0.117828
0.662
0.662
0.177797
0.662
0.0357884
0.0921094
0.662
0.662
0.364929
0.662
0.662
0.384936
0.357318
0.0525211
0.135729
0.662
0.336196
0.662
0.387112
0.21999
0.00278988
0.662
0.662
0.662
0.662
0.265355
0.0641419
0.662
0.662
0.662
0.662
0.420392
0.402689
0.662
0.475601
0.112791
0.662
0.252357
0.662
0.444827
0.23396
0.662
0.584668
0.212495
0.248637
0.511905
0.502102
0.662
0.662
0.662
0.662
0.342264
0.160202
0.662
0.662
0.109252
0.662
0.662
0.662
0.399707
0.386527
0.173931
0.662
0.338694
0.662
0.662
0.410766
0.187653
0.662
0.638132
0.662
0.233391
0.662
0.662
0.280856
0.0896178
0.154706
0.0893891
0.382797
0.568615
0.00741079
0.662
0.436481
0.269698
0.234134
0.662
0.662
0.662
0.343152
0.662
0.27594
0.22688
0.360168
0.360778
0.380024
0.244148
0.227803
0.0328452
0.430028
0.564558
0.185788
0.662
0.282192
0.196235
0.662
0.160772
0.662
0.350632
0.231613
0.0218753
0.662
0.662
0.662
0.170368
0.245577
0.256188
0.662
0.243403
0.662
0.662
0.662
0.056724
0.288521
0.441897
0.662
0.0140419
0.662
0.662
0.304376
0.662
0.0271427
0.0842108
0.662
0.282348
0.0170148
0.662
0.362266
0.0222328
0.136214
0.155303
0.183076
0.194463
0.662
0.195778
0.662
0.221782
0.375993
0.0831152
0.662
0.198593
0.662
0.174314
0.254263
0.195903
0.227819
0.303779
0.145056
0.662
0.440744
0.662
0.662
0.411729
0.246242
0.356652
0.12553
0.30098
0.26966
0.662
0.662
0.662
0.662
0.550705
0.662
0.662
0.125594
0.662
0.382609
0.0408515
0.29319
0.662
0.0222859
0.173696
0.242319
0.662
0.396
0.387349
0.209844
0.662
0.395415
0.662
0.173617
0.389249
0.662
0.237935
0.379086
0.662
0.662
0.662
0.662
0.305156
0.662
0.0819861
0.215477
0.131268
0.168551
0.662
0.521115
0.662
0.566479
0.00582375
0.662
0.662
0.662
0.662
0.662
0.662
0.662
0.662
0.2947
0.662
0.662
0.662
0.166241
0.662
0.441844
0.425969
0.662
0.00935983
0.359232
0.662
0.662
0.591912
0.662
0.264824
0.662
0.662
0.532401
0.662
0.662
0.141161
0.662
0.662
0.155471
0.662
0.478278
0.20655
0.440898
0.154184
0.439446
0.662
0.427582
0.0947033
0.621178
0.263291
0.3605
0.662
0.662
0.0877237
0.146204
0.00435921
0.662
0.277696
0.525592
0.0227547
0.662
0.377485
0.662
0.662
0.211811
0.662
0.237501
0.646316
0.662
0.172911
0.211016
0.110724
0.375064
0.662
0.662
0.213519
0.0930802
0.662
0.662
0.662
0.104394
0.481008
0.297329
0.662
0.261146
0.662
0.662
0.582002
0.662
0.662
0.168907
0.578062
0.662
0.662
0.662
0.662
0.121227
0.662
0.662
0.49984
0.321875
0.262756
0.10173
0.428276
0.662
0.206025
0.662
0.662
0.155013
0.0473622
0.24741
0.190667
0.662
0.662
0.662
0.395668
0.281297
0.535872
0.352018
0.244131
0.131875
0.118145
0.235481
0.574697
0.483046
0.204788
0.480102
0.421993
0.662
0.662
0.085494
0.532966
0.333655
0.593185
0.14102
0.662
0.662
0.378352
0.662
0.662
0.444695
0.00645574
0.662
0.206637
0.134616
0.160195
0.112979
0.2552
0.267125
0.454705
0.42993
0.434685
0.0191575
0.219832
0.24815
0.662
0.1754
0.662
0.365901
0.430108
0.168899
0.563697
0.0559079
0.263473
0.662
0.662
0.294343
0.257438
0.662
0.389875
0.647261
0.37529
0.427824
0.567919
0.662
0.108215
0.43716
0.662
0.662
0.662
0.195841
0.183071
0.0428927
0.460551
0.662
0.137743
0.662
0.662
0.47964
0.227198
0.00558804
0.662
0.210283
0.662
0.403184
0.506802
0.418679
0.662
0.194637
0.271882
0.662
0.405237
0.30328
0.16928
0.446862
0.662
0.0815748
0.152821
0.662
0.124371
0.00287327
0.662
0.662
0.662
0.280633
0.662
0.662
0.650721
0.662
0.0445921
0.30989
0.662
0.662
0.662
0.662
0.662
0.250604
0.228875
0.135136
0.662
0.0021543
0.534706
0.404946
0.662
0.469967
0.662
0.0213342
0.207706
0.662
0.171855
0.0240243
0.249188
0.111781
0.662
0.196585
0.662
0.662
0.662
0.0205592
0.662
0.190262
0.662
0.239057
0.662
0.0395712
0.662
0.319708
0.662
0.244597
0.662
0.662
0.662
0.418978
0.662
0.612345
0.485093
0.591079
0.662
0.662
0.179545
0.352974
0.389287
0.124874
0.149294
0.261062
0.662
0.129476
0.662
0.36542
0.662
0.27281
0.662
0.180253
0.276684
0.162679
0.332148
0.269597
0.406566
0.662
0.232308
0.662
0.4394
0.662
0.23482
0.662
0.662
0.246912
0.662
0.161804
0.662
0.477245
0.662
0.662
0.662
0.662
0.662
0.202156
0.252283
0.662
0.573214
0.404564
0.662
0.255678
0.102968
0.40518
0.662
0.195572
0.662
0.662
0.232128
0.662
0.662
0.605964
0.409237
0.362256
0.12684
0.104452
0.354678
0.523577
0.0088806
0.51765
0.233461
0.207855
0.0251036
0.662
0.165952
0.392372
0.0791379
0.29295
0.4195
0.662
0.482687
0.471615
0.662
0.662
0.662
0.662
0.533805
0.173023
0.321578
0.662
0.662
0.379151
0.662
0.103501
0.662
0.125376
0.609664
0.0885763
0.662
0.662
0.662
0.662
0.662
0.662
0.662
0.662
0.0842666
0.662
0.123118
0.475529
0.280958
0.662
0.267959
0.210389
0.174086
0.662
0.242922
0.112224
0.102623
0.662
0.662
0.381608
0.625877
0.291723
0.347131
0.0591615
0.386321
0.662
0.662
0.326895
0.0239729
0.375446
0.149466
0.175544
0.590337
0.662
0.662
0.662
0.368777
0.273207
0.142383
0.530169
0.244705
0.662
0.662
0.351373
0.662
0.0316116
0.662
0.396816
0.662
0.451213
0.214085
0.239816
0.305203
0.549535
0.240448
0.184538
0.296979
0.482893
0.662
0.399206
0.0870521
0.230413
0.206521
0.190602
0.662
0.1377
0.662
0.199002
0.662
0.262944
0.662
0.662
0.234131
0.333986
0.662
0.159027
0.662
0.359179
0.662
0.0660638
0.662
0.178746
0.662
0.585057
0.662
0.662
0.396447
0.662
0.662
0.241298
0.662
0.662
0.491653
0.371004
0.157444
0.153315
0.662
0.34797
0.332627
0.662
0.662
0.662
0.662
0.320926
0.386252
0.662
0.662
0.138155
0.239703
0.0218551
0.662
0.662
0.484751
0.662
0.390459
0.662
0.192487
0.662
0.662
0.438245
0.552517
0.662
0.171693
0.245228
0.169529
0.484545
0.651965
0.306261
0.126523
0.15868
0.226233
0.0791778
0.607376
0.46151
0.662
0.414772
0.520842
0.100613
0.662
0.450696
0.633391
0.662
0.241368
0.0970824
0.662
0.265231
0.662
0.370057
0.194234
0.662
0.364772
0.662
0.662
0.210585
0.542342
0.662
0.271616
0.207678
0.0845423
0.516445
0.662
0.662
0.662
0.0782875
0.662
0.396487
0.0830347
0.662
0.662
0.662
0.345522
0.246451
0.662
0.662
0.624568
0.0974614
0.662
0.390242
0.569363
0.0304315
0.662
0.197715
0.662
0.662
0.0349441
0.662
0.662
0.225736
0.662
0.189496
0.662
0.505677
0.662
0.521754
0.474819
0.200543
0.113221
0.662
0.511188
0.662
0.662
0.163904
0.662
0.0699874
0.505958
0.122188
0.243784
0.0451972
0.382269
0.2437
0.452179
0.259102
0.226969
0.259838
0.256874
0.10234
0.623085
0.372646
0.662
0.0441704
0.293869
0.662
0.395607
0.0916213
0.381888
0.272539
0.662
0.662
0.221122
0.176191
0.128088
0.0816165
0.662
0.662
0.14659
0.662
0.662
0.603852
0.503471
0.385015
0.662
0.192796
0.662
0.662
0.662
0.662
0.662
0.277311
0.662
0.383492
0.216653
0.662
0.662
0.222858
0.0899744
0.0597582
0.662
0.427429
0.662
0.362129
0.662
0.0523567
0.00373903
0.59732
0.203461
0.662
0.662
0.469745
0.662
0.122258
0.125845
0.230037
0.396267
0.0171211
0.363246
0.407143
0.662
0.662
0.662
0.087583
0.220284
0.662
0.324104
0.321179
0.662
0.629552
0.0794825
0.148739
0.256468
0.196131
0.117059
0.386378
0.662
0.232731
0.343785
0.0875029
0.662
0.303701
0.662
0.662
0.662
0.662
0.470582
0.109014
0.245463
0.643616
0.662
0.256706
0.165637
0.22783
0.662
0.41486
0.483969
0.595989
0.662
0.662
0.47934
0.392898
0.155305
0.662
0.662
0.255747
0.20112
0.662
0.0686398
0.565293
0.662
0.439227
0.141784
0.208542
0.662
0.502315
0.389993
0.662
0.662
0.441807
0.662
0.662
0.662
0.245473
0.662
0.662
0.242552
0.636247
0.643656
0.194071
0.414945
0.29313
0.281563
0.662
0.322668
0.556137
0.657648
0.662
0.348233
0.333927
0.302677
0.0910062
0.416799
0.662
0.662
0.179932
0.230674
0.303906
0.662
0.393451
0.336183
0.192458
0.662
0.208795
0.662
0.662
0.234146
0.277399
0.662
0.402168
0.339864
0.188938
0.279473
0.271195
0.662
0.0331769
0.662
0.662
0.0151913
0.662
0.662
0.269123
0.662
0.0550338
0.473766
0.662
0.344782
0.317304
0.662
0.472787
0.662
0.424066
0.0592862
0.316049
0.177983
0.328781
0.332622
0.662
0.662
0.662
0.31029
0.173231
0.362125
0.0598299
0.33561
0.6264
0.662
0.467623
0.0964722
0.662
0.0242182
0.662
0.0703726
0.26778
0.012315
0.662
0.304102
0.662
0.662
0.298917
0.662
0.211795
0.348956
0.247385
0.199051
0.662
0.662
0.662
0.632132
0.0266292
