0.62226
0.662
0.190881
0.411928
0.271034
0.268481
0.498428
0.581777
0.226842
0.662
0.662
0.26433
0.234937
0.662
0.662
0.3025
0.303672
0.409619
0.456859
0.509827
0.662
0.137431
0.660638
0.662
0.146403
0.63911
0.25276
0.320044
0.662
0.0146225
0.177599
0.285282
0.662
0.2264
0.199892
0.413366
0.222457
0.388159
0.460689
0.0387194
0.658804
0.267298
0.342768
0.464201
0.578211
0.662
0.575174
0.0402597
0.662
0.435933
0.144098
0.582823
0.263886
0.662
0.443091
0.0336128
0.211644
0.437028
0.63845
0.259169
0.0500611
0.472972
0.662
0.662
0.396304
0.662
0.662
0.133072
0.0951038
0.644572
0.241946
0.662
0.662
0.254205
0.662
0.380029
0.662
0.0959911
0.662
0.112655
0.444398
0.0363834
0.662
0.0816758
0.299822
0.662
0.418194
