0.662
0.662
0.112655
0.662
0.199052
0.175835
0.345029
0.662
0.662
0.072644
0.662
0.60683
0.283412
0.152422
0.662
0.227762
0.212602
0.464201
0.451752
0.0181166
0.662
0.662
0.662
0.336317
0.0387194
0.229626
0.0825016
0.662
0.662
0.604536
0.647385
0.259169
0.0336128
0.201872
0.317266
0.662
0.662
0.0909546
0.417298
0.63845
0.117337
0.190881
0.0291697
0.662
0.155176
0.662
0.662
0.263702
0.662
0.390814
0.544487
0.0803684
0.396373
0.662
0.51076
0.662
0.40775
0.00143751
0.184214
0.581777
0.235747
0.662
0.662
0.662
0.448045
0.660638
0.662
0.644572
0.662
0.622115
0.429677
0.0979406
0.202183
0.575174
0.443186
0.662
0.162287
0.662
0.396304
0.219595
0.662
0.369753
0.234632
0.247589
0.662
0.543223
0.662
0.13574
0.662
0.358041
0.662
0.662
0.597664
0.662
0.4667
0.0637353
0.0804099
0.662
0.509827
0.111519
0.0402597
0.069913
0.184528
0.142691
0.662
0.658804
0.116342
0.303672
0.241946
0.517839
0.454547
0.662
0.367126
0.288052
0.466888
0.662
0.662
0.498428
0.217315
0.138722
0.621822
0.223705
0.480375
0.330932
0.141182
0.0363834
0.146567
0.662
0.472972
0.134259
0.0970284
0.25276
0.125503
0.0547779
0.662
0.233339
0.627694
0.662
0.220947
0.397414
0.103385
0.589624
0.0398142
0.0951038
0.286181
0.659035
0.0315385
0.662
0.299822
0.662
0.411928
0.137431
0.306909
0.662
0.059891
0.158638
0.62226
0.00153127
0.523115
0.578211
0.662
0.285961
0.199892
0.3025
0.662
0.63911
0.662
0.105584
0.226842
0.662
0.26433
0.0877326
0.662
0.312651
0.126054
0.0641075
0.0852807
0.174414
0.475476
0.216076
0.563451
0.662
0.220502
0.662
0.2264
0.537615
0.662
0.662
0.636766
0.133072
0.0146225
0.0628092
0.202333
0.662
0.437028
0.554465
0.0959911
0.662
0.352217
0.248784
0.662
