0.662
0.283412
0.24121
0.069913
0.184528
0.254148
0.411928
0.281505
0.662
0.0979406
0.662
0.437028
0.662
0.662
0.477604
0.575174
0.0959911
0.221819
0.212602
0.662
0.547264
0.581777
0.380029
0.0387194
0.46943
0.396304
0.286181
0.13574
0.662
0.174414
0.480375
0.662
0.24828
0.105942
0.662
0.367126
0.62226
0.4667
0.184214
0.662
0.662
0.662
0.662
0.509827
0.662
0.662
0.234831
0.627694
0.202333
0.0877326
0.662
0.0968934
0.636766
0.199892
0.0363834
0.662
0.184858
0.662
0.662
0.442959
0.00153127
0.662
0.662
0.228262
0.51079
0.144635
0.114868
0.662
0.137431
0.662
0.3025
0.112655
0.662
0.662
0.178453
0.117337
0.662
0.164308
0.448045
0.662
0.589624
0.63911
0.662
0.397414
0.644572
0.18505
0.0424659
0.152035
0.235747
0.662
0.63845
0.158638
0.46832
0.116342
0.247589
0.662
0.120635
0.141182
0.610779
0.190881
0.241946
0.658804
0.0345854
0.196547
0.662
0.523115
0.662
0.0825016
0.0315385
0.0336128
0.234937
0.662
0.662
0.26433
0.0951038
0.2264
0.662
0.00622645
0.551062
0.597664
0.621822
0.152422
0.142691
0.662
0.544487
0.396373
0.303672
0.0402597
0.0640855
0.133072
0.662
0.498428
0.622115
0.451752
0.662
0.454547
0.662
0.472972
0.464201
0.345029
0.660638
0.578211
0.662
0.662
0.226842
0.25276
0.00801318
0.0468581
0.288369
0.259169
0.0146225
0.299822
0.662
