0.00919246
0.10303
0.487494
0.571272
0.547469
0.133072
0.212602
0.111519
0.659257
0.241946
0.662
0.662
0.662
0.662
0.0364611
0.451752
0.621822
0.592409
0.0363834
0.578211
0.644572
0.662
0.174659
0.0215927
0.590226
0.662
0.40184
0.570655
0.662
0.472972
0.159297
0.662
0.662
0.662
0.4667
0.662
0.38787
0.662
0.355709
0.443186
0.417298
0.0569303
0.193437
0.662
0.158829
0.190881
0.502264
0.259719
0.662
0.316504
0.224419
0.528304
0.199052
0.100133
0.662
0.113723
0.125434
0.662
0.662
0.309611
0.63845
0.094428
0.216903
0.471402
0.589624
0.662
0.195495
0.278145
0.37276
0.162779
0.197802
0.303672
0.662
0.662
0.662
0.245894
0.234322
0.662
0.465374
0.137431
0.662
0.0146225
0.0387194
0.662
0.283314
0.61937
0.0725722
0.216076
0.299822
0.265377
0.659035
0.345029
0.543223
0.487891
0.00591125
0.615443
0.198201
0.602187
0.0539662
0.129479
0.544487
0.662
0.662
0.482373
0.0133767
0.662
0.604317
0.116342
0.175181
0.392597
0.662
0.662
0.00598968
0.226842
0.63911
0.662
0.247589
0.072644
0.388161
0.259169
0.0877326
0.179531
0.662
0.627694
0.662
0.0239029
0.281262
0.662
0.199892
0.602895
0.662
0.141262
0.662
0.662
0.158638
0.141182
0.317266
0.2264
0.662
0.200911
0.483634
0.243118
0.3025
0.662
0.662
0.662
0.429677
0.662
0.533808
0.662
0.174466
0.0852807
0.0754062
0.299134
0.662
0.0118924
0.243778
0.0547779
0.26433
0.356872
0.662
0.22156
0.662
0.0291697
0.456884
0.283412
0.00896564
0.259649
0.437028
0.051168
0.0690561
0.138722
0.396304
0.597664
0.662
0.116568
0.662
0.662
0.0622261
0.662
0.491508
0.662
0.0674713
0.0909546
0.662
0.365608
0.336317
0.211749
0.288052
0.228068
0.103385
0.451183
0.662
0.658934
0.229626
0.163511
0.662
0.105584
0.662
0.636766
0.337167
0.034768
0.420069
0.112655
0.110896
0.662
0.272599
0.480375
0.662
0.407584
0.662
0.662
0.25276
0.662
0.00143751
0.126054
0.0817043
0.658804
0.326297
0.375327
0.532987
0.225699
0.662
0.359604
0.662
0.0979406
0.0707188
0.223705
0.575174
0.0641075
0.206902
0.0556463
0.397414
0.203349
0.448045
0.662
0.464201
0.662
0.537615
0.647385
0.138192
0.227731
0.662
0.584378
0.662
0.619736
0.662
0.662
0.662
0.498428
0.0315385
0.662
0.662
0.0825016
0.079483
0.662
0.662
0.0336128
0.217315
0.0959911
0.202183
0.124454
0.483263
0.401689
0.662
0.662
0.662
0.622115
0.662
0.0951038
0.509827
0.235747
0.662
0.662
0.62226
0.464393
0.221019
0.662
0.662
0.245498
0.00931868
0.662
0.367126
0.662
0.40775
0.662
0.202366
0.106887
0.64927
0.662
0.197141
0.368675
0.0587618
0.156516
0.152422
0.0970284
0.662
0.440244
0.13574
0.660638
0.0181166
0.662
0.662
0.662
0.662
