0.24615
0.324541
0.0877389
0.0933796
0.631453
0.0308915
0.630376
0.417185
0.164954
0.271228
0.286918
0.535981
0.588063
0.306715
0.0951567
0.662
0.658914
0.662
0.662
0.00971443
0.119477
0.467693
0.662
0.173731
0.662
0.662
0.45634
0.416223
0.50189
0.459765
0.432216
0.450101
0.612055
0.662
0.662
0.51525
0.18497
0.662
0.323068
0.662
0.186801
0.331999
0.2886
0.662
0.209663
0.30893
0.662
0.459334
0.662
0.541418
0.662
0.662
0.00806404
0.662
0.137957
0.387116
0.662
0.157998
0.658974
0.00560857
0.662
0.195236
0.517145
0.235621
0.662
0.645715
0.0612675
0.419995
0.101416
0.604248
0.344998
0.662
0.423025
0.462915
0.0500617
0.662
0.157182
0.124558
0.0772076
0.662
0.28115
0.228617
0.227958
0.0128524
0.212977
0.371179
0.0327884
0.627352
0.46035
0.146073
0.662
0.237512
0.224509
0.421296
0.036398
0.662
0.662
0.541596
0.662
0.499104
0.352475
0.489031
0.100668
0.076848
0.00621614
0.662
0.113361
0.433784
0.453308
0.474328
0.0620341
0.197934
0.202535
0.164883
0.567315
0.662
0.662
0.662
0.662
0.662
0.662
0.662
0.508381
0.662
3.95291e-05
0.662
0.662
0.64364
0.662
0.630755
0.301086
0.205632
0.352423
0.616517
0.304392
0.662
0.662
0.431387
0.447221
0.256858
0.0216625
0.662
0.662
0.662
0.662
0.101345
0.576008
0.200599
0.662
0.0511693
0.655766
0.304029
0.662
0.110455
0.360809
0.155551
0.662
0.455573
0.305548
0.662
0.662
0.63616
0.186022
0.417098
0.662
0.529056
0.548404
0.207455
0.662
0.50257
0.444936
0.0434945
0.582143
0.0095513
0.195846
0.653329
0.14292
0.337705
0.662
0.662
0.537609
0.662
0.662
0.58975
0.100246
0.662
0.519874
0.134717
0.433613
0.473451
0.662
0.245388
0.660619
0.4765
0.662
0.237471
0.167599
0.207071
0.213542
0.14264
0.662
0.662
0.268217
0.443799
0.234554
0.662
0.662
0.662
0.601325
0.662
0.662
0.511857
0.356951
0.662
0.0127021
0.651141
0.576854
0.662
0.435535
0.593912
0.662
0.102893
0.662
0.090052
0.190216
0.185607
0.662
0.0214035
0.653274
0.662
0.662
0.323528
0.662
0.530121
0.180607
0.383265
0.662
0.354063
0.0882487
0.370828
0.662
0.109078
0.226837
0.135122
0.290223
0.283643
0.254541
0.167569
0.322412
0.482714
0.662
0.0622164
0.432511
0.662
0.662
0.382012
0.432936
0.300839
0.404792
0.45302
0.287126
0.662
0.610081
0.33425
0.113267
0.464687
0.662
0.662
0.620234
0.252838
0.662
0.662
0.0187956
0.287262
0.662
0.30217
0.662
0.415104
0.0292805
0.662
0.60838
0.424768
0.00597785
0.0657575
0.513147
0.662
0.659506
0.662
0.0265388
0.401574
0.304701
0.140527
0.23109
0.662
0.364123
0.58527
0.662
0.608913
0.0802519
0.662
0.187282
0.662
0.41724
0.662
0.262526
0.287833
0.476947
0.611799
0.0656908
0.0883429
0.320654
0.662
0.311449
0.327527
0.0397029
0.0693103
0.662
0.141936
0.662
0.020858
0.347745
0.662
0.114709
0.300632
0.201028
0.662
0.610148
0.0324591
0.644624
0.380862
0.662
0.492858
0.662
0.412675
0.490281
0.118935
0.581638
0.258847
0.237565
0.631775
0.662
0.218483
0.199758
0.483264
0.142057
0.61324
0.662
0.107976
0.00780502
0.493969
0.662
0.275599
0.662
0.662
0.662
0.270855
0.242949
0.106061
0.36943
0.662
0.662
0.662
0.231297
0.181329
0.138359
0.662
0.130876
0.409951
0.662
0.361693
0.362329
0.0685741
0.662
0.066572
0.480053
0.194277
0.662
0.400613
0.320299
0.662
0.643729
0.662
0.662
0.354249
0.607792
0.362173
0.393936
0.662
0.662
0.582825
0.662
0.188103
0.210326
0.227125
0.0557818
0.327193
0.658993
0.471928
0.367861
0.662
0.0533325
0.577999
0.354276
0.298007
0.660235
0.491529
0.241594
0.605508
0.648764
0.243503
0.37017
0.662
0.0101348
0.229377
0.068741
0.662
0.352825
0.282032
0.662
0.233102
0.253311
0.624491
0.405194
0.662
0.0214778
0.45239
0.0517868
0.238366
0.0734828
0.478691
0.662
0.231703
0.397251
0.421604
0.0832798
0.662
0.189621
0.662
0.662
0.443236
0.662
0.336578
0.528166
0.662
0.555091
0.314759
0.662
0.662
0.662
0.259721
0.190523
0.358605
0.253626
0.134673
0.662
0.224055
0.195522
0.0171856
0.275393
0.181313
0.662
0.226723
0.135922
0.231158
0.00203071
0.662
0.660357
0.245203
0.373985
0.662
0.473317
0.662
0.340011
0.170248
0.364474
0.338613
0.662
0.662
0.352857
0.441678
0.662
0.174305
0.662
0.405397
0.352906
0.286598
0.429749
0.662
0.375873
0.375826
0.190872
0.596281
0.214625
0.662
0.286236
0.248053
0.182223
0.087915
0.622126
0.0839958
0.0871151
0.179499
0.390647
0.662
0.214775
0.468633
0.455874
0.381228
0.234952
0.124096
0.637559
0.320837
0.279236
0.502295
0.331214
0.227876
0.0479595
0.52167
0.441067
0.101077
0.278571
0.535921
0.662
0.21801
0.662
0.662
0.662
0.140001
0.403595
0.250067
0.387212
0.456191
0.391013
0.662
